12493.60475,0.08854
12489.74751,0.08773
12485.89027,0.08814
12482.03303,0.08993
12478.17579,0.09076
12474.31855,0.08952
12470.46130,0.08824
12466.60406,0.08836
12462.74682,0.08889
12458.88958,0.08810
12455.03234,0.08526
12451.17510,0.08208
12447.31786,0.08199
12443.46062,0.08596
12439.60337,0.08936
12435.74613,0.08892
12431.88889,0.08702
12428.03165,0.08582
12424.17441,0.08605
12420.31717,0.08703
12416.45993,0.08693
12412.60268,0.08572
12408.74544,0.08346
12404.88820,0.08161
12401.03096,0.08401
12397.17372,0.08970
12393.31648,0.09299
12389.45924,0.09138
12385.60199,0.08796
12381.74475,0.08667
12377.88751,0.08734
12374.03027,0.08811
12370.17303,0.08913
12366.31579,0.09064
12362.45855,0.09129
12358.60131,0.08958
12354.74406,0.08636
12350.88682,0.08540
12347.02958,0.08841
12343.17234,0.09153
12339.31510,0.09158
12335.45786,0.09075
12331.60062,0.09166
12327.74337,0.09367
12323.88613,0.09541
12320.02889,0.09561
12316.17165,0.09266
12312.31441,0.08987
12308.45717,0.09141
12304.59993,0.09265
12300.74268,0.09040
12296.88544,0.08881
12293.02820,0.08857
12289.17096,0.08804
12285.31372,0.08801
12281.45648,0.08872
12277.59924,0.08905
12273.74200,0.08824
12269.88475,0.08659
12266.02751,0.08521
12262.17027,0.08477
12258.31303,0.08575
12254.45579,0.08772
12250.59855,0.08768
12246.74131,0.08452
12242.88406,0.08155
12239.02682,0.08074
12235.16958,0.08049
12231.31234,0.08074
12227.45510,0.08274
12223.59786,0.08443
12219.74062,0.08461
12215.88338,0.08577
12212.02613,0.08816
12208.16889,0.08908
12204.31165,0.08735
12200.45441,0.08559
12196.59717,0.08684
12192.73993,0.08960
12188.88269,0.09094
12185.02544,0.09039
12181.16820,0.08842
12177.31096,0.08600
12173.45372,0.08572
12169.59648,0.08822
12165.73924,0.09034
12161.88200,0.08976
12158.02475,0.08709
12154.16751,0.08507
12150.31027,0.08535
12146.45303,0.08614
12142.59579,0.08705
12138.73855,0.08889
12134.88131,0.09000
12131.02407,0.08915
12127.16682,0.08719
12123.30958,0.08602
12119.45234,0.08658
12115.59510,0.08729
12111.73786,0.08702
12107.88062,0.08676
12104.02338,0.08714
12100.16613,0.08731
12096.30889,0.08666
12092.45165,0.08528
12088.59441,0.08376
12084.73717,0.08359
12080.87993,0.08474
12077.02269,0.08529
12073.16544,0.08479
12069.30820,0.08384
12065.45096,0.08270
12061.59372,0.08165
12057.73648,0.08138
12053.87924,0.08218
12050.02200,0.08321
12046.16476,0.08432
12042.30751,0.08571
12038.45027,0.08665
12034.59303,0.08694
12030.73579,0.08717
12026.87855,0.08848
12023.02131,0.08978
12019.16407,0.08875
12015.30682,0.08692
12011.44958,0.08719
12007.59234,0.08848
12003.73510,0.08781
11999.87786,0.08577
11996.02062,0.08559
11992.16338,0.08763
11988.30614,0.08914
11984.44889,0.08834
11980.59165,0.08696
11976.73441,0.08719
11972.87717,0.08833
11969.01993,0.08820
11965.16269,0.08691
11961.30545,0.08651
11957.44820,0.08707
11953.59096,0.08738
11949.73372,0.08664
11945.87648,0.08626
11942.01924,0.08836
11938.16200,0.09057
11934.30476,0.09043
11930.44751,0.08897
11926.59027,0.08722
11922.73303,0.08719
11918.87579,0.08994
11915.01855,0.09209
11911.16131,0.09099
11907.30407,0.08869
11903.44683,0.08807
11899.58958,0.08906
11895.73234,0.08972
11891.87510,0.08981
11888.01786,0.09036
11884.16062,0.09076
11880.30338,0.09062
11876.44614,0.09072
11872.58889,0.09121
11868.73165,0.09236
11864.87441,0.09444
11861.01717,0.09604
11857.15993,0.09582
11853.30269,0.09466
11849.44545,0.09380
11845.58820,0.09377
11841.73096,0.09486
11837.87372,0.09571
11834.01648,0.09488
11830.15924,0.09373
11826.30200,0.09317
11822.44476,0.09230
11818.58752,0.09182
11814.73027,0.09224
11810.87303,0.09238
11807.01579,0.09260
11803.15855,0.09343
11799.30131,0.09354
11795.44407,0.09278
11791.58683,0.09272
11787.72958,0.09345
11783.87234,0.09314
11780.01510,0.09188
11776.15786,0.09225
11772.30062,0.09413
11768.44338,0.09517
11764.58614,0.09503
11760.72890,0.09419
11756.87165,0.09359
11753.01441,0.09440
11749.15717,0.09586
11745.29993,0.09641
11741.44269,0.09576
11737.58545,0.09478
11733.72821,0.09426
11729.87096,0.09450
11726.01372,0.09519
11722.15648,0.09523
11718.29924,0.09520
11714.44200,0.09669
11710.58476,0.09788
11706.72752,0.09632
11702.87027,0.09459
11699.01303,0.09552
11695.15579,0.09691
11691.29855,0.09651
11687.44131,0.09581
11683.58407,0.09657
11679.72683,0.09779
11675.86959,0.09845
11672.01234,0.09890
11668.15510,0.09892
11664.29786,0.09827
11660.44062,0.09717
11656.58338,0.09655
11652.72614,0.09708
11648.86890,0.09687
11645.01165,0.09477
11641.15441,0.09300
11637.29717,0.09306
11633.43993,0.09341
11629.58269,0.09306
11625.72545,0.09346
11621.86821,0.09527
11618.01096,0.09569
11614.15372,0.09227
11610.29648,0.08852
11606.43924,0.08880
11602.58200,0.09137
11598.72476,0.09276
11594.86752,0.09241
11591.01028,0.09185
11587.15303,0.09299
11583.29579,0.09544
11579.43855,0.09620
11575.58131,0.09476
11571.72407,0.09432
11567.86683,0.09575
11564.00959,0.09649
11560.15234,0.09594
11556.29510,0.09597
11552.43786,0.09658
11548.58062,0.09609
11544.72338,0.09537
11540.86614,0.09639
11537.00890,0.09826
11533.15166,0.09859
11529.29441,0.09733
11525.43717,0.09667
11521.57993,0.09786
11517.72269,0.09973
11513.86545,0.09986
11510.00821,0.09777
11506.15097,0.09606
11502.29372,0.09644
11498.43648,0.09686
11494.57924,0.09539
11490.72200,0.09391
11486.86476,0.09452
11483.00752,0.09546
11479.15028,0.09449
11475.29303,0.09288
11471.43579,0.09301
11467.57855,0.09449
11463.72131,0.09465
11459.86407,0.09285
11456.00683,0.09205
11452.14959,0.09329
11448.29235,0.09371
11444.43510,0.09242
11440.57786,0.09089
11436.72062,0.08949
11432.86338,0.08925
11429.00614,0.09057
11425.14890,0.09110
11421.29166,0.09000
11417.43441,0.08967
11413.57717,0.09089
11409.71993,0.09127
11405.86269,0.09034
11402.00545,0.09071
11398.14821,0.09236
11394.29097,0.09329
11390.43372,0.09327
11386.57648,0.09257
11382.71924,0.09178
11378.86200,0.09122
11375.00476,0.09059
11371.14752,0.09069
11367.29028,0.09182
11363.43304,0.09304
11359.57579,0.09393
11355.71855,0.09349
11351.86131,0.09136
11348.00407,0.09014
11344.14683,0.09131
11340.28959,0.09265
11336.43235,0.09247
11332.57510,0.09171
11328.71786,0.09173
11324.86062,0.09281
11321.00338,0.09351
11317.14614,0.09201
11313.28890,0.08941
11309.43166,0.08853
11305.57442,0.08917
11301.71717,0.08922
11297.85993,0.08926
11294.00269,0.09061
11290.14545,0.09215
11286.28821,0.09279
11282.43097,0.09319
11278.57373,0.09428
11274.71648,0.09582
11270.85924,0.09552
11267.00200,0.09293
11263.14476,0.09175
11259.28752,0.09333
11255.43028,0.09471
11251.57304,0.09441
11247.71579,0.09333
11243.85855,0.09205
11240.00131,0.09084
11236.14407,0.09025
11232.28683,0.09068
11228.42959,0.09132
11224.57235,0.09122
11220.71511,0.09137
11216.85786,0.09272
11213.00062,0.09425
11209.14338,0.09503
11205.28614,0.09518
11201.42890,0.09475
11197.57166,0.09381
11193.71442,0.09321
11189.85717,0.09325
11185.99993,0.09288
11182.14269,0.09240
11178.28545,0.09294
11174.42821,0.09323
11170.57097,0.09253
11166.71373,0.09221
11162.85648,0.09217
11158.99924,0.09201
11155.14200,0.09232
11151.28476,0.09232
11147.42752,0.09165
11143.57028,0.09187
11139.71304,0.09287
11135.85580,0.09338
11131.99855,0.09335
11128.14131,0.09276
11124.28407,0.09162
11120.42683,0.09099
11116.56959,0.09161
11112.71235,0.09263
11108.85511,0.09284
11104.99786,0.09273
11101.14062,0.09341
11097.28338,0.09376
11093.42614,0.09260
11089.56890,0.09157
11085.71166,0.09180
11081.85442,0.09190
11077.99718,0.09150
11074.13993,0.09184
11070.28269,0.09302
11066.42545,0.09375
11062.56821,0.09357
11058.71097,0.09344
11054.85373,0.09387
11050.99649,0.09420
11047.13924,0.09393
11043.28200,0.09319
11039.42476,0.09271
11035.56752,0.09324
11031.71028,0.09401
11027.85304,0.09373
11023.99580,0.09286
11020.13855,0.09247
11016.28131,0.09282
11012.42407,0.09347
11008.56683,0.09394
11004.70959,0.09411
11000.85235,0.09389
10996.99511,0.09320
10993.13787,0.09252
10989.28062,0.09241
10985.42338,0.09233
10981.56614,0.09189
10977.70890,0.09156
10973.85166,0.09163
10969.99442,0.09197
10966.13718,0.09223
10962.27993,0.09248
10958.42269,0.09284
10954.56545,0.09279
10950.70821,0.09221
10946.85097,0.09160
10942.99373,0.09101
10939.13649,0.09083
10935.27924,0.09168
10931.42200,0.09251
10927.56476,0.09219
10923.70752,0.09166
10919.85028,0.09152
10915.99304,0.09145
10912.13580,0.09121
10908.27856,0.09073
10904.42131,0.09055
10900.56407,0.09106
10896.70683,0.09169
10892.84959,0.09184
10888.99235,0.09162
10885.13511,0.09134
10881.27787,0.09077
10877.42062,0.08990
10873.56338,0.08958
10869.70614,0.09013
10865.84890,0.09062
10861.99166,0.09037
10858.13442,0.09020
10854.27718,0.09069
10850.41993,0.09113
10846.56269,0.09115
10842.70545,0.09085
10838.84821,0.08985
10834.99097,0.08882
10831.13373,0.08912
10827.27649,0.09020
10823.41925,0.09067
10819.56200,0.09027
10815.70476,0.08966
10811.84752,0.08943
10807.99028,0.08946
10804.13304,0.08915
10800.27580,0.08853
10796.41856,0.08816
10792.56131,0.08841
10788.70407,0.08901
10784.84683,0.08952
10780.98959,0.08991
10777.13235,0.09054
10773.27511,0.09097
10769.41787,0.09063
10765.56063,0.09041
10761.70338,0.09070
10757.84614,0.09049
10753.98890,0.09011
10750.13166,0.09022
10746.27442,0.09018
10742.41718,0.09012
10738.55994,0.09035
10734.70269,0.09037
10730.84545,0.09030
10726.98821,0.09035
10723.13097,0.09016
10719.27373,0.08971
10715.41649,0.08979
10711.55925,0.09066
10707.70200,0.09117
10703.84476,0.09082
10699.98752,0.09021
10696.13028,0.08991
10692.27304,0.09035
10688.41580,0.09075
10684.55856,0.09027
10680.70132,0.08986
10676.84407,0.08986
10672.98683,0.08957
10669.12959,0.08931
10665.27235,0.08965
10661.41511,0.09022
10657.55787,0.09003
10653.70063,0.08874
10649.84338,0.08748
10645.98614,0.08745
10642.12890,0.08799
10638.27166,0.08779
10634.41442,0.08715
10630.55718,0.08732
10626.69994,0.08819
10622.84269,0.08867
10618.98545,0.08875
10615.12821,0.08892
10611.27097,0.08918
10607.41373,0.08941
10603.55649,0.08927
10599.69925,0.08857
10595.84201,0.08816
10591.98476,0.08884
10588.12752,0.09022
10584.27028,0.09110
10580.41304,0.09078
10576.55580,0.08972
10572.69856,0.08869
10568.84132,0.08805
10564.98407,0.08820
10561.12683,0.08852
10557.26959,0.08794
10553.41235,0.08715
10549.55511,0.08728
10545.69787,0.08797
10541.84063,0.08806
10537.98339,0.08732
10534.12614,0.08685
10530.26890,0.08734
10526.41166,0.08785
10522.55442,0.08724
10518.69718,0.08620
10514.83994,0.08629
10510.98270,0.08697
10507.12545,0.08673
10503.26821,0.08634
10499.41097,0.08701
10495.55373,0.08775
10491.69649,0.08757
10487.83925,0.08698
10483.98201,0.08658
10480.12476,0.08627
10476.26752,0.08578
10472.41028,0.08547
10468.55304,0.08575
10464.69580,0.08606
10460.83856,0.08609
10456.98132,0.08623
10453.12408,0.08663
10449.26683,0.08688
10445.40959,0.08674
10441.55235,0.08652
10437.69511,0.08643
10433.83787,0.08623
10429.98063,0.08552
10426.12339,0.08469
10422.26614,0.08477
10418.40890,0.08581
10414.55166,0.08702
10410.69442,0.08746
10406.83718,0.08680
10402.97994,0.08612
10399.12270,0.08631
10395.26545,0.08683
10391.40821,0.08702
10387.55097,0.08686
10383.69373,0.08635
10379.83649,0.08584
10375.97925,0.08586
10372.12201,0.08633
10368.26477,0.08693
10364.40752,0.08721
10360.55028,0.08678
10356.69304,0.08621
10352.83580,0.08624
10348.97856,0.08674
10345.12132,0.08705
10341.26408,0.08714
10337.40683,0.08733
10333.54959,0.08748
10329.69235,0.08725
10325.83511,0.08683
10321.97787,0.08678
10318.12063,0.08712
10314.26339,0.08753
10310.40615,0.08786
10306.54890,0.08790
10302.69166,0.08767
10298.83442,0.08741
10294.97718,0.08721
10291.11994,0.08714
10287.26270,0.08692
10283.40546,0.08661
10279.54821,0.08680
10275.69097,0.08735
10271.83373,0.08784
10267.97649,0.08813
10264.11925,0.08798
10260.26201,0.08773
10256.40477,0.08785
10252.54752,0.08793
10248.69028,0.08784
10244.83304,0.08809
10240.97580,0.08838
10237.11856,0.08824
10233.26132,0.08803
10229.40408,0.08805
10225.54684,0.08813
10221.68959,0.08812
10217.83235,0.08807
10213.97511,0.08817
10210.11787,0.08849
10206.26063,0.08884
10202.40339,0.08906
10198.54615,0.08904
10194.68890,0.08895
10190.83166,0.08910
10186.97442,0.08936
10183.11718,0.08950
10179.25994,0.08947
10175.40270,0.08934
10171.54546,0.08928
10167.68821,0.08929
10163.83097,0.08927
10159.97373,0.08930
10156.11649,0.08936
10152.25925,0.08948
10148.40201,0.08962
10144.54477,0.08964
10140.68753,0.08966
10136.83028,0.08978
10132.97304,0.08993
10129.11580,0.08995
10125.25856,0.08991
10121.40132,0.09012
10117.54408,0.09016
10113.68684,0.08963
10109.82959,0.08930
10105.97235,0.08968
10102.11511,0.09012
10098.25787,0.09024
10094.40063,0.09055
10090.54339,0.09085
10086.68615,0.09053
10082.82891,0.08980
10078.97166,0.08960
10075.11442,0.09015
10071.25718,0.09049
10067.39994,0.09038
10063.54270,0.09034
10059.68546,0.09032
10055.82822,0.09016
10051.97097,0.08993
10048.11373,0.08975
10044.25649,0.08968
10040.39925,0.08974
10036.54201,0.08981
10032.68477,0.08982
10028.82753,0.09007
10024.97028,0.09062
10021.11304,0.09090
10017.25580,0.09057
10013.39856,0.09003
10009.54132,0.08971
10005.68408,0.08954
10001.82684,0.08951
9997.96960,0.08990
9994.11235,0.09044
9990.25511,0.09063
9986.39787,0.09049
9982.54063,0.09047
9978.68339,0.09103
9974.82615,0.09200
9970.96891,0.09235
9967.11166,0.09169
9963.25442,0.09093
9959.39718,0.09088
9955.53994,0.09118
9951.68270,0.09131
9947.82546,0.09128
9943.96822,0.09126
9940.11097,0.09136
9936.25373,0.09163
9932.39649,0.09202
9928.53925,0.09244
9924.68201,0.09256
9920.82477,0.09242
9916.96753,0.09223
9913.11029,0.09190
9909.25304,0.09162
9905.39580,0.09146
9901.53856,0.09129
9897.68132,0.09135
9893.82408,0.09160
9889.96684,0.09176
9886.10960,0.09178
9882.25235,0.09161
9878.39511,0.09136
9874.53787,0.09127
9870.68063,0.09116
9866.82339,0.09092
9862.96615,0.09104
9859.10891,0.09141
9855.25167,0.09143
9851.39442,0.09115
9847.53718,0.09088
9843.67994,0.09081
9839.82270,0.09111
9835.96546,0.09148
9832.10822,0.09131
9828.25098,0.09068
9824.39373,0.09040
9820.53649,0.09073
9816.67925,0.09116
9812.82201,0.09157
9808.96477,0.09179
9805.10753,0.09145
9801.25029,0.09080
9797.39304,0.09039
9793.53580,0.09059
9789.67856,0.09135
9785.82132,0.09210
9781.96408,0.09227
9778.10684,0.09170
9774.24960,0.09105
9770.39236,0.09093
9766.53511,0.09115
9762.67787,0.09147
9758.82063,0.09164
9754.96339,0.09142
9751.10615,0.09112
9747.24891,0.09092
9743.39167,0.09077
9739.53442,0.09057
9735.67718,0.09030
9731.81994,0.09021
9727.96270,0.09020
9724.10546,0.09014
9720.24822,0.09014
9716.39098,0.09006
9712.53373,0.08990
9708.67649,0.08988
9704.81925,0.08986
9700.96201,0.08984
9697.10477,0.09018
9693.24753,0.09079
9689.39029,0.09119
9685.53305,0.09117
9681.67580,0.09072
9677.81856,0.08997
9673.96132,0.08930
9670.10408,0.08912
9666.24684,0.08931
9662.38960,0.08944
9658.53236,0.08950
9654.67511,0.08965
9650.81787,0.08962
9646.96063,0.08930
9643.10339,0.08902
9639.24615,0.08901
9635.38891,0.08927
9631.53167,0.08945
9627.67443,0.08917
9623.81718,0.08875
9619.95994,0.08867
9616.10270,0.08883
9612.24546,0.08894
9608.38822,0.08893
9604.53098,0.08879
9600.67374,0.08857
9596.81649,0.08847
9592.95925,0.08872
9589.10201,0.08917
9585.24477,0.08941
9581.38753,0.08921
9577.53029,0.08882
9573.67305,0.08866
9569.81580,0.08866
9565.95856,0.08857
9562.10132,0.08839
9558.24408,0.08816
9554.38684,0.08809
9550.52960,0.08843
9546.67236,0.08887
9542.81512,0.08907
9538.95787,0.08898
9535.10063,0.08877
9531.24339,0.08865
9527.38615,0.08859
9523.52891,0.08843
9519.67167,0.08813
9515.81443,0.08792
9511.95718,0.08796
9508.09994,0.08801
9504.24270,0.08800
9500.38546,0.08798
9496.52822,0.08788
9492.67098,0.08773
9488.81374,0.08776
9484.95649,0.08805
9481.09925,0.08837
9477.24201,0.08832
9473.38477,0.08788
9469.52753,0.08754
9465.67029,0.08759
9461.81305,0.08774
9457.95581,0.08754
9454.09856,0.08711
9450.24132,0.08710
9446.38408,0.08758
9442.52684,0.08805
9438.66960,0.08821
9434.81236,0.08819
9430.95512,0.08828
9427.09787,0.08839
9423.24063,0.08813
9419.38339,0.08756
9415.52615,0.08702
9411.66891,0.08677
9407.81167,0.08693
9403.95443,0.08718
9400.09719,0.08719
9396.23994,0.08718
9392.38270,0.08744
9388.52546,0.08764
9384.66822,0.08751
9380.81098,0.08741
9376.95374,0.08750
9373.09650,0.08742
9369.23925,0.08725
9365.38201,0.08727
9361.52477,0.08727
9357.66753,0.08708
9353.81029,0.08693
9349.95305,0.08690
9346.09581,0.08687
9342.23856,0.08686
9338.38132,0.08691
9334.52408,0.08690
9330.66684,0.08680
9326.80960,0.08665
9322.95236,0.08648
9319.09512,0.08655
9315.23788,0.08686
9311.38063,0.08694
9307.52339,0.08684
9303.66615,0.08689
9299.80891,0.08687
9295.95167,0.08666
9292.09443,0.08650
9288.23719,0.08642
9284.37994,0.08637
9280.52270,0.08656
9276.66546,0.08674
9272.80822,0.08646
9268.95098,0.08603
9265.09374,0.08586
9261.23650,0.08600
9257.37925,0.08631
9253.52201,0.08652
9249.66477,0.08645
9245.80753,0.08621
9241.95029,0.08606
9238.09305,0.08609
9234.23581,0.08639
9230.37857,0.08678
9226.52132,0.08677
9222.66408,0.08660
9218.80684,0.08682
9214.94960,0.08713
9211.09236,0.08699
9207.23512,0.08656
9203.37788,0.08621
9199.52063,0.08605
9195.66339,0.08605
9191.80615,0.08626
9187.94891,0.08657
9184.09167,0.08670
9180.23443,0.08653
9176.37719,0.08623
9172.51995,0.08605
9168.66270,0.08615
9164.80546,0.08624
9160.94822,0.08604
9157.09098,0.08589
9153.23374,0.08618
9149.37650,0.08668
9145.51926,0.08686
9141.66201,0.08664
9137.80477,0.08648
9133.94753,0.08672
9130.09029,0.08708
9126.23305,0.08713
9122.37581,0.08708
9118.51857,0.08714
9114.66132,0.08720
9110.80408,0.08730
9106.94684,0.08746
9103.08960,0.08751
9099.23236,0.08741
9095.37512,0.08734
9091.51788,0.08745
9087.66064,0.08761
9083.80339,0.08773
9079.94615,0.08783
9076.08891,0.08791
9072.23167,0.08802
9068.37443,0.08815
9064.51719,0.08812
9060.65995,0.08799
9056.80270,0.08802
9052.94546,0.08819
9049.08822,0.08830
9045.23098,0.08842
9041.37374,0.08866
9037.51650,0.08902
9033.65926,0.08941
9029.80201,0.08961
9025.94477,0.08960
9022.08753,0.08966
9018.23029,0.09003
9014.37305,0.09061
9010.51581,0.09113
9006.65857,0.09139
9002.80133,0.09145
8998.94408,0.09163
8995.08684,0.09199
8991.22960,0.09240
8987.37236,0.09299
8983.51512,0.09374
8979.65788,0.09452
8975.80064,0.09520
8971.94339,0.09568
8968.08615,0.09613
8964.22891,0.09686
8960.37167,0.09781
8956.51443,0.09873
8952.65719,0.09942
8948.79995,0.09998
8944.94271,0.10083
8941.08546,0.10192
8937.22822,0.10285
8933.37098,0.10356
8929.51374,0.10430
8925.65650,0.10531
8921.79926,0.10647
8917.94202,0.10755
8914.08477,0.10862
8910.22753,0.10980
8906.37029,0.11097
8902.51305,0.11216
8898.65581,0.11363
8894.79857,0.11530
8890.94133,0.11683
8887.08408,0.11806
8883.22684,0.11919
8879.36960,0.12047
8875.51236,0.12179
8871.65512,0.12293
8867.79788,0.12383
8863.94064,0.12439
8860.08340,0.12451
8856.22615,0.12444
8852.36891,0.12430
8848.51167,0.12404
8844.65443,0.12375
8840.79719,0.12337
8836.93995,0.12269
8833.08271,0.12179
8829.22546,0.12087
8825.36822,0.12004
8821.51098,0.11925
8817.65374,0.11824
8813.79650,0.11697
8809.93926,0.11564
8806.08202,0.11423
8802.22477,0.11288
8798.36753,0.11186
8794.51029,0.11090
8790.65305,0.10977
8786.79581,0.10860
8782.93857,0.10746
8779.08133,0.10636
8775.22409,0.10534
8771.36684,0.10444
8767.50960,0.10375
8763.65236,0.10327
8759.79512,0.10289
8755.93788,0.10256
8752.08064,0.10238
8748.22340,0.10222
8744.36615,0.10188
8740.50891,0.10162
8736.65167,0.10165
8732.79443,0.10173
8728.93719,0.10169
8725.07995,0.10168
8721.22271,0.10180
8717.36547,0.10195
8713.50822,0.10211
8709.65098,0.10226
8705.79374,0.10245
8701.93650,0.10283
8698.07926,0.10325
8694.22202,0.10346
8690.36478,0.10351
8686.50753,0.10358
8682.65029,0.10373
8678.79305,0.10398
8674.93581,0.10427
8671.07857,0.10460
8667.22133,0.10502
8663.36409,0.10545
8659.50684,0.10583
8655.64960,0.10612
8651.79236,0.10637
8647.93512,0.10670
8644.07788,0.10708
8640.22064,0.10731
8636.36340,0.10750
8632.50616,0.10794
8628.64891,0.10858
8624.79167,0.10914
8620.93443,0.10945
8617.07719,0.10953
8613.21995,0.10972
8609.36271,0.11014
8605.50547,0.11054
8601.64822,0.11090
8597.79098,0.11136
8593.93374,0.11187
8590.07650,0.11238
8586.21926,0.11288
8582.36202,0.11330
8578.50478,0.11356
8574.64753,0.11368
8570.79029,0.11384
8566.93305,0.11406
8563.07581,0.11422
8559.21857,0.11438
8555.36133,0.11469
8551.50409,0.11509
8547.64685,0.11544
8543.78960,0.11581
8539.93236,0.11625
8536.07512,0.11651
8532.21788,0.11664
8528.36064,0.11686
8524.50340,0.11720
8520.64616,0.11757
8516.78891,0.11795
8512.93167,0.11826
8509.07443,0.11844
8505.21719,0.11852
8501.35995,0.11845
8497.50271,0.11827
8493.64547,0.11826
8489.78822,0.11855
8485.93098,0.11887
8482.07374,0.11891
8478.21650,0.11881
8474.35926,0.11877
8470.50202,0.11875
8466.64478,0.11859
8462.78754,0.11834
8458.93029,0.11808
8455.07305,0.11778
8451.21581,0.11749
8447.35857,0.11733
8443.50133,0.11720
8439.64409,0.11704
8435.78685,0.11695
8431.92960,0.11691
8428.07236,0.11689
8424.21512,0.11692
8420.35788,0.11690
8416.50064,0.11677
8412.64340,0.11647
8408.78616,0.11613
8404.92892,0.11593
8401.07167,0.11594
8397.21443,0.11598
8393.35719,0.11577
8389.49995,0.11543
8385.64271,0.11525
8381.78547,0.11517
8377.92823,0.11505
8374.07098,0.11490
8370.21374,0.11472
8366.35650,0.11453
8362.49926,0.11436
8358.64202,0.11417
8354.78478,0.11391
8350.92754,0.11373
8347.07029,0.11372
8343.21305,0.11382
8339.35581,0.11390
8335.49857,0.11379
8331.64133,0.11356
8327.78409,0.11332
8323.92685,0.11314
8320.06961,0.11314
8316.21236,0.11334
8312.35512,0.11340
8308.49788,0.11327
8304.64064,0.11325
8300.78340,0.11336
8296.92616,0.11332
8293.06892,0.11307
8289.21167,0.11296
8285.35443,0.11315
8281.49719,0.11332
8277.63995,0.11331
8273.78271,0.11322
8269.92547,0.11313
8266.06823,0.11309
8262.21098,0.11308
8258.35374,0.11304
8254.49650,0.11310
8250.63926,0.11328
8246.78202,0.11337
8242.92478,0.11332
8239.06754,0.11332
8235.21030,0.11339
8231.35305,0.11336
8227.49581,0.11326
8223.63857,0.11317
8219.78133,0.11307
8215.92409,0.11297
8212.06685,0.11297
8208.20961,0.11302
8204.35236,0.11299
8200.49512,0.11279
8196.63788,0.11258
8192.78064,0.11251
8188.92340,0.11247
8185.06616,0.11235
8181.20892,0.11216
8177.35168,0.11196
8173.49443,0.11183
8169.63719,0.11170
8165.77995,0.11151
8161.92271,0.11129
8158.06547,0.11109
8154.20823,0.11100
8150.35099,0.11108
8146.49374,0.11111
8142.63650,0.11092
8138.77926,0.11064
8134.92202,0.11040
8131.06478,0.11020
8127.20754,0.11004
8123.35030,0.10985
8119.49305,0.10963
8115.63581,0.10945
8111.77857,0.10929
8107.92133,0.10912
8104.06409,0.10889
8100.20685,0.10862
8096.34961,0.10843
8092.49237,0.10839
8088.63512,0.10835
8084.77788,0.10823
8080.92064,0.10801
8077.06340,0.10762
8073.20616,0.10713
8069.34892,0.10684
8065.49168,0.10676
8061.63443,0.10669
8057.77719,0.10659
8053.91995,0.10652
8050.06271,0.10645
8046.20547,0.10632
8042.34823,0.10605
8038.49099,0.10579
8034.63374,0.10557
8030.77650,0.10536
8026.91926,0.10527
8023.06202,0.10529
8019.20478,0.10531
8015.34754,0.10526
8011.49030,0.10516
8007.63306,0.10500
8003.77581,0.10481
7999.91857,0.10474
7996.06133,0.10487
7992.20409,0.10502
7988.34685,0.10501
7984.48961,0.10482
7980.63237,0.10457
7976.77512,0.10449
7972.91788,0.10461
7969.06064,0.10475
7965.20340,0.10475
7961.34616,0.10460
7957.48892,0.10439
7953.63168,0.10426
7949.77444,0.10421
7945.91719,0.10412
7942.05995,0.10400
7938.20271,0.10392
7934.34547,0.10388
7930.48823,0.10394
7926.63099,0.10406
7922.77375,0.10406
7918.91650,0.10392
7915.05926,0.10383
7911.20202,0.10384
7907.34478,0.10392
7903.48754,0.10407
7899.63030,0.10424
7895.77306,0.10431
7891.91581,0.10428
7888.05857,0.10427
7884.20133,0.10422
7880.34409,0.10410
7876.48685,0.10401
7872.62961,0.10402
7868.77237,0.10412
7864.91513,0.10421
7861.05788,0.10419
7857.20064,0.10412
7853.34340,0.10409
7849.48616,0.10401
7845.62892,0.10384
7841.77168,0.10370
7837.91444,0.10356
7834.05719,0.10333
7830.19995,0.10305
7826.34271,0.10284
7822.48547,0.10273
7818.62823,0.10271
7814.77099,0.10285
7810.91375,0.10303
7807.05650,0.10305
7803.19926,0.10299
7799.34202,0.10289
7795.48478,0.10260
7791.62754,0.10231
7787.77030,0.10229
7783.91306,0.10231
7780.05582,0.10214
7776.19857,0.10200
7772.34133,0.10201
7768.48409,0.10194
7764.62685,0.10178
7760.76961,0.10167
7756.91237,0.10150
7753.05513,0.10126
7749.19788,0.10107
7745.34064,0.10091
7741.48340,0.10070
7737.62616,0.10042
7733.76892,0.10027
7729.91168,0.10033
7726.05444,0.10031
7722.19720,0.10008
7718.33995,0.09976
7714.48271,0.09958
7710.62547,0.09967
7706.76823,0.09982
7702.91099,0.09973
7699.05375,0.09946
7695.19651,0.09928
7691.33926,0.09923
7687.48202,0.09930
7683.62478,0.09946
7679.76754,0.09962
7675.91030,0.09973
7672.05306,0.09976
7668.19582,0.09967
7664.33857,0.09948
7660.48133,0.09937
7656.62409,0.09947
7652.76685,0.09965
7648.90961,0.09976
7645.05237,0.09991
7641.19513,0.10007
7637.33789,0.10013
7633.48064,0.10017
7629.62340,0.10013
7625.76616,0.10002
7621.90892,0.10005
7618.05168,0.10028
7614.19444,0.10055
7610.33720,0.10082
7606.47995,0.10112
7602.62271,0.10119
7598.76547,0.10105
7594.90823,0.10104
7591.05099,0.10115
7587.19375,0.10119
7583.33651,0.10124
7579.47926,0.10144
7575.62202,0.10172
7571.76478,0.10189
7567.90754,0.10203
7564.05030,0.10219
7560.19306,0.10233
7556.33582,0.10255
7552.47858,0.10297
7548.62133,0.10349
7544.76409,0.10399
7540.90685,0.10443
7537.04961,0.10478
7533.19237,0.10505
7529.33513,0.10522
7525.47789,0.10532
7521.62064,0.10547
7517.76340,0.10571
7513.90616,0.10599
7510.04892,0.10624
7506.19168,0.10645
7502.33444,0.10666
7498.47720,0.10687
7494.61996,0.10719
7490.76271,0.10764
7486.90547,0.10808
7483.04823,0.10848
7479.19099,0.10893
7475.33375,0.10949
7471.47651,0.11011
7467.61927,0.11073
7463.76202,0.11139
7459.90478,0.11208
7456.04754,0.11276
7452.19030,0.11349
7448.33306,0.11431
7444.47582,0.11522
7440.61858,0.11617
7436.76133,0.11710
7432.90409,0.11804
7429.04685,0.11913
7425.18961,0.12029
7421.33237,0.12140
7417.47513,0.12247
7413.61789,0.12344
7409.76065,0.12429
7405.90340,0.12513
7402.04616,0.12606
7398.18892,0.12705
7394.33168,0.12807
7390.47444,0.12909
7386.61720,0.13022
7382.75996,0.13154
7378.90271,0.13288
7375.04547,0.13407
7371.18823,0.13520
7367.33099,0.13629
7363.47375,0.13735
7359.61651,0.13837
7355.75927,0.13931
7351.90202,0.14020
7348.04478,0.14110
7344.18754,0.14202
7340.33030,0.14279
7336.47306,0.14329
7332.61582,0.14378
7328.75858,0.14446
7324.90134,0.14510
7321.04409,0.14549
7317.18685,0.14571
7313.32961,0.14588
7309.47237,0.14609
7305.61513,0.14634
7301.75789,0.14662
7297.90065,0.14695
7294.04340,0.14732
7290.18616,0.14769
7286.32892,0.14802
7282.47168,0.14830
7278.61444,0.14857
7274.75720,0.14890
7270.89996,0.14931
7267.04272,0.14973
7263.18547,0.15013
7259.32823,0.15053
7255.47099,0.15093
7251.61375,0.15131
7247.75651,0.15173
7243.89927,0.15211
7240.04203,0.15239
7236.18478,0.15272
7232.32754,0.15313
7228.47030,0.15341
7224.61306,0.15361
7220.75582,0.15388
7216.89858,0.15419
7213.04134,0.15446
7209.18409,0.15476
7205.32685,0.15510
7201.46961,0.15531
7197.61237,0.15543
7193.75513,0.15565
7189.89789,0.15600
7186.04065,0.15647
7182.18341,0.15708
7178.32616,0.15775
7174.46892,0.15837
7170.61168,0.15910
7166.75444,0.16010
7162.89720,0.16125
7159.03996,0.16233
7155.18272,0.16331
7151.32547,0.16435
7147.46823,0.16561
7143.61099,0.16704
7139.75375,0.16845
7135.89651,0.16978
7132.03927,0.17114
7128.18203,0.17251
7124.32478,0.17387
7120.46754,0.17528
7116.61030,0.17673
7112.75306,0.17805
7108.89582,0.17932
7105.03858,0.18070
7101.18134,0.18205
7097.32410,0.18337
7093.46685,0.18475
7089.60961,0.18617
7085.75237,0.18766
7081.89513,0.18931
7078.03789,0.19109
7074.18065,0.19285
7070.32341,0.19455
7066.46616,0.19616
7062.60892,0.19769
7058.75168,0.19922
7054.89444,0.20077
7051.03720,0.20230
7047.17996,0.20377
7043.32272,0.20517
7039.46548,0.20651
7035.60823,0.20781
7031.75099,0.20905
7027.89375,0.21018
7024.03651,0.21123
7020.17927,0.21219
7016.32203,0.21308
7012.46479,0.21399
7008.60754,0.21487
7004.75030,0.21568
7000.89306,0.21643
6997.03582,0.21716
6993.17858,0.21792
6989.32134,0.21875
6985.46410,0.21958
6981.60685,0.22033
6977.74961,0.22097
6973.89237,0.22152
6970.03513,0.22203
6966.17789,0.22254
6962.32065,0.22308
6958.46341,0.22360
6954.60617,0.22405
6950.74892,0.22446
6946.89168,0.22481
6943.03444,0.22513
6939.17720,0.22549
6935.31996,0.22590
6931.46272,0.22634
6927.60548,0.22678
6923.74823,0.22713
6919.89099,0.22743
6916.03375,0.22783
6912.17651,0.22831
6908.31927,0.22869
6904.46203,0.22895
6900.60479,0.22928
6896.74754,0.22975
6892.89030,0.23028
6889.03306,0.23079
6885.17582,0.23127
6881.31858,0.23169
6877.46134,0.23208
6873.60410,0.23254
6869.74686,0.23309
6865.88961,0.23370
6862.03237,0.23436
6858.17513,0.23502
6854.31789,0.23569
6850.46065,0.23644
6846.60341,0.23726
6842.74617,0.23803
6838.88892,0.23869
6835.03168,0.23929
6831.17444,0.23993
6827.31720,0.24061
6823.45996,0.24132
6819.60272,0.24205
6815.74548,0.24276
6811.88824,0.24346
6808.03099,0.24421
6804.17375,0.24507
6800.31651,0.24598
6796.45927,0.24683
6792.60203,0.24755
6788.74479,0.24822
6784.88755,0.24890
6781.03030,0.24966
6777.17306,0.25047
6773.31582,0.25118
6769.45858,0.25180
6765.60134,0.25248
6761.74410,0.25314
6757.88686,0.25360
6754.02961,0.25387
6750.17237,0.25416
6746.31513,0.25448
6742.45789,0.25469
6738.60065,0.25481
6734.74341,0.25497
6730.88617,0.25522
6727.02893,0.25548
6723.17168,0.25550
6719.31444,0.25537
6715.45720,0.25535
6711.59996,0.25541
6707.74272,0.25542
6703.88548,0.25541
6700.02824,0.25540
6696.17099,0.25537
6692.31375,0.25531
6688.45651,0.25520
6684.59927,0.25503
6680.74203,0.25482
6676.88479,0.25458
6673.02755,0.25432
6669.17030,0.25405
6665.31306,0.25374
6661.45582,0.25337
6657.59858,0.25295
6653.74134,0.25252
6649.88410,0.25213
6646.02686,0.25177
6642.16962,0.25146
6638.31237,0.25107
6634.45513,0.25060
6630.59789,0.25007
6626.74065,0.24945
6622.88341,0.24886
6619.02617,0.24833
6615.16893,0.24776
6611.31168,0.24715
6607.45444,0.24665
6603.59720,0.24623
6599.73996,0.24579
6595.88272,0.24540
6592.02548,0.24508
6588.16824,0.24474
6584.31100,0.24444
6580.45375,0.24423
6576.59651,0.24408
6572.73927,0.24396
6568.88203,0.24389
6565.02479,0.24384
6561.16755,0.24380
6557.31031,0.24384
6553.45306,0.24395
6549.59582,0.24410
6545.73858,0.24424
6541.88134,0.24433
6538.02410,0.24441
6534.16686,0.24452
6530.30962,0.24469
6526.45237,0.24490
6522.59513,0.24511
6518.73789,0.24529
6514.88065,0.24536
6511.02341,0.24535
6507.16617,0.24538
6503.30893,0.24549
6499.45169,0.24558
6495.59444,0.24557
6491.73720,0.24553
6487.87996,0.24553
6484.02272,0.24550
6480.16548,0.24543
6476.30824,0.24532
6472.45100,0.24512
6468.59375,0.24487
6464.73651,0.24462
6460.87927,0.24436
6457.02203,0.24407
6453.16479,0.24376
6449.30755,0.24344
6445.45031,0.24317
6441.59306,0.24289
6437.73582,0.24258
6433.87858,0.24226
6430.02134,0.24189
6426.16410,0.24147
6422.30686,0.24104
6418.44962,0.24065
6414.59238,0.24030
6410.73513,0.23996
6406.87789,0.23963
6403.02065,0.23934
6399.16341,0.23912
6395.30617,0.23890
6391.44893,0.23870
6387.59169,0.23855
6383.73444,0.23842
6379.87720,0.23826
6376.01996,0.23809
6372.16272,0.23789
6368.30548,0.23765
6364.44824,0.23738
6360.59100,0.23714
6356.73376,0.23693
6352.87651,0.23675
6349.01927,0.23662
6345.16203,0.23658
6341.30479,0.23659
6337.44755,0.23659
6333.59031,0.23658
6329.73307,0.23656
6325.87582,0.23649
6322.01858,0.23642
6318.16134,0.23638
6314.30410,0.23633
6310.44686,0.23622
6306.58962,0.23609
6302.73238,0.23593
6298.87513,0.23567
6295.01789,0.23530
6291.16065,0.23490
6287.30341,0.23440
6283.44617,0.23372
6279.58893,0.23299
6275.73169,0.23233
6271.87445,0.23169
6268.01720,0.23103
6264.15996,0.23037
6260.30272,0.22968
6256.44548,0.22891
6252.58824,0.22805
6248.73100,0.22717
6244.87376,0.22627
6241.01651,0.22529
6237.15927,0.22425
6233.30203,0.22322
6229.44479,0.22230
6225.58755,0.22149
6221.73031,0.22080
6217.87307,0.22033
6214.01582,0.22010
6210.15858,0.22007
6206.30134,0.22030
6202.44410,0.22075
6198.58686,0.22114
6194.72962,0.22104
6190.87238,0.22029
6187.01514,0.21904
6183.15789,0.21757
6179.30065,0.21616
6175.44341,0.21503
6171.58617,0.21427
6167.72893,0.21381
6163.87169,0.21359
6160.01445,0.21366
6156.15720,0.21408
6152.29996,0.21474
6148.44272,0.21539
6144.58548,0.21580
6140.72824,0.21586
6136.87100,0.21563
6133.01376,0.21535
6129.15652,0.21529
6125.29927,0.21566
6121.44203,0.21671
6117.58479,0.21859
6113.72755,0.22126
6109.87031,0.22467
6106.01307,0.22880
6102.15583,0.23349
6098.29858,0.23857
6094.44134,0.24385
6090.58410,0.24910
6086.72686,0.25406
6082.86962,0.25866
6079.01238,0.26313
6075.15514,0.26791
6071.29789,0.27344
6067.44065,0.27991
6063.58341,0.28704
6059.72617,0.29411
6055.86893,0.30048
6052.01169,0.30598
6048.15445,0.31088
6044.29721,0.31561
6040.43996,0.32066
6036.58272,0.32634
6032.72548,0.33248
6028.86824,0.33835
6025.01100,0.34296
6021.15376,0.34550
6017.29652,0.34537
6013.43927,0.34233
6009.58203,0.33669
6005.72479,0.32917
6001.86755,0.32065
5998.01031,0.31221
5994.15307,0.30481
5990.29583,0.29896
5986.43858,0.29474
5982.58134,0.29178
5978.72410,0.28937
5974.86686,0.28668
5971.00962,0.28318
5967.15238,0.27901
5963.29514,0.27496
5959.43790,0.27192
5955.58065,0.27014
5951.72341,0.26930
5947.86617,0.26887
5944.00893,0.26821
5940.15169,0.26668
5936.29445,0.26389
5932.43721,0.25995
5928.57996,0.25534
5924.72272,0.25062
5920.86548,0.24624
5917.00824,0.24246
5913.15100,0.23934
5909.29376,0.23702
5905.43652,0.23573
5901.57927,0.23554
5897.72203,0.23643
5893.86479,0.23834
5890.00755,0.24095
5886.15031,0.24382
5882.29307,0.24662
5878.43583,0.24914
5874.57859,0.25132
5870.72134,0.25319
5866.86410,0.25466
5863.00686,0.25545
5859.14962,0.25547
5855.29238,0.25492
5851.43514,0.25407
5847.57790,0.25319
5843.72065,0.25253
5839.86341,0.25211
5836.00617,0.25184
5832.14893,0.25179
5828.29169,0.25197
5824.43445,0.25222
5820.57721,0.25244
5816.71997,0.25271
5812.86272,0.25300
5809.00548,0.25310
5805.14824,0.25296
5801.29100,0.25268
5797.43376,0.25232
5793.57652,0.25194
5789.71928,0.25160
5785.86203,0.25130
5782.00479,0.25094
5778.14755,0.25042
5774.29031,0.24980
5770.43307,0.24906
5766.57583,0.24812
5762.71859,0.24692
5758.86134,0.24548
5755.00410,0.24383
5751.14686,0.24201
5747.28962,0.24005
5743.43238,0.23803
5739.57514,0.23611
5735.71790,0.23433
5731.86066,0.23273
5728.00341,0.23151
5724.14617,0.23083
5720.28893,0.23066
5716.43169,0.23076
5712.57445,0.23092
5708.71721,0.23107
5704.85997,0.23112
5701.00272,0.23099
5697.14548,0.23067
5693.28824,0.23022
5689.43100,0.22976
5685.57376,0.22933
5681.71652,0.22906
5677.85928,0.22900
5674.00203,0.22917
5670.14479,0.22950
5666.28755,0.22995
5662.43031,0.23048
5658.57307,0.23097
5654.71583,0.23125
5650.85859,0.23113
5647.00135,0.23058
5643.14410,0.22970
5639.28686,0.22865
5635.42962,0.22764
5631.57238,0.22671
5627.71514,0.22584
5623.85790,0.22508
5620.00066,0.22452
5616.14341,0.22419
5612.28617,0.22403
5608.42893,0.22402
5604.57169,0.22422
5600.71445,0.22456
5596.85721,0.22495
5592.99997,0.22540
5589.14273,0.22592
5585.28548,0.22650
5581.42824,0.22714
5577.57100,0.22787
5573.71376,0.22864
5569.85652,0.22929
5565.99928,0.22965
5562.14204,0.22973
5558.28479,0.22968
5554.42755,0.22959
5550.57031,0.22948
5546.71307,0.22945
5542.85583,0.22953
5538.99859,0.22960
5535.14135,0.22958
5531.28410,0.22950
5527.42686,0.22935
5523.56962,0.22906
5519.71238,0.22868
5515.85514,0.22826
5511.99790,0.22787
5508.14066,0.22760
5504.28342,0.22758
5500.42617,0.22782
5496.56893,0.22829
5492.71169,0.22894
5488.85445,0.22965
5484.99721,0.23019
5481.13997,0.23040
5477.28273,0.23032
5473.42548,0.23001
5469.56824,0.22950
5465.71100,0.22880
5461.85376,0.22788
5457.99652,0.22678
5454.13928,0.22560
5450.28204,0.22424
5446.42479,0.22261
5442.56755,0.22085
5438.71031,0.21921
5434.85307,0.21771
5430.99583,0.21632
5427.13859,0.21512
5423.28135,0.21419
5419.42411,0.21348
5415.56686,0.21295
5411.70962,0.21264
5407.85238,0.21253
5403.99514,0.21243
5400.13790,0.21229
5396.28066,0.21217
5392.42342,0.21214
5388.56617,0.21222
5384.70893,0.21242
5380.85169,0.21270
5376.99445,0.21310
5373.13721,0.21365
5369.27997,0.21421
5365.42273,0.21477
5361.56549,0.21541
5357.70824,0.21616
5353.85100,0.21700
5349.99376,0.21777
5346.13652,0.21833
5342.27928,0.21879
5338.42204,0.21933
5334.56480,0.22003
5330.70755,0.22089
5326.85031,0.22203
5322.99307,0.22348
5319.13583,0.22526
5315.27859,0.22743
5311.42135,0.22991
5307.56411,0.23285
5303.70686,0.23629
5299.84962,0.24004
5295.99238,0.24409
5292.13514,0.24872
5288.27790,0.25422
5284.42066,0.26040
5280.56342,0.26715
5276.70618,0.27427
5272.84893,0.28135
5268.99169,0.28838
5265.13445,0.29561
5261.27721,0.30258
5257.41997,0.30855
5253.56273,0.31364
5249.70549,0.31807
5245.84824,0.32198
5241.99100,0.32526
5238.13376,0.32773
5234.27652,0.32965
5230.41928,0.33123
5226.56204,0.33261
5222.70480,0.33381
5218.84755,0.33472
5214.99031,0.33532
5211.13307,0.33570
5207.27583,0.33601
5203.41859,0.33630
5199.56135,0.33651
5195.70411,0.33659
5191.84687,0.33661
5187.98962,0.33655
5184.13238,0.33647
5180.27514,0.33636
5176.41790,0.33620
5172.56066,0.33598
5168.70342,0.33571
5164.84618,0.33537
5160.98893,0.33501
5157.13169,0.33465
5153.27445,0.33426
5149.41721,0.33386
5145.55997,0.33351
5141.70273,0.33312
5137.84549,0.33263
5133.98825,0.33213
5130.13100,0.33167
5126.27376,0.33117
5122.41652,0.33044
5118.55928,0.32918
5114.70204,0.32715
5110.84480,0.32446
5106.98756,0.32139
5103.13031,0.31819
5099.27307,0.31505
5095.41583,0.31209
5091.55859,0.30931
5087.70135,0.30667
5083.84411,0.30420
5079.98687,0.30197
5076.12962,0.29996
5072.27238,0.29804
5068.41514,0.29615
5064.55790,0.29436
5060.70066,0.29269
5056.84342,0.29115
5052.98618,0.28973
5049.12894,0.28837
5045.27169,0.28707
5041.41445,0.28587
5037.55721,0.28473
5033.69997,0.28364
5029.84273,0.28265
5025.98549,0.28173
5022.12825,0.28085
5018.27100,0.28000
5014.41376,0.27917
5010.55652,0.27838
5006.69928,0.27757
5002.84204,0.27667
4998.98480,0.27579
4995.12756,0.27501
4991.27031,0.27436
4987.41307,0.27383
4983.55583,0.27344
4979.69859,0.27322
4975.84135,0.27317
4971.98411,0.27330
4968.12687,0.27369
4964.26963,0.27436
4960.41238,0.27526
4956.55514,0.27635
4952.69790,0.27765
4948.84066,0.27913
4944.98342,0.28075
4941.12618,0.28249
4937.26894,0.28434
4933.41169,0.28625
4929.55445,0.28822
4925.69721,0.29031
4921.83997,0.29258
4917.98273,0.29504
4914.12549,0.29768
4910.26825,0.30044
4906.41101,0.30328
4902.55376,0.30621
4898.69652,0.30930
4894.83928,0.31256
4890.98204,0.31592
4887.12480,0.31932
4883.26756,0.32276
4879.41032,0.32625
4875.55307,0.32974
4871.69583,0.33315
4867.83859,0.33645
4863.98135,0.33961
4860.12411,0.34263
4856.26687,0.34563
4852.40963,0.34876
4848.55238,0.35215
4844.69514,0.35585
4840.83790,0.35982
4836.98066,0.36400
4833.12342,0.36833
4829.26618,0.37273
4825.40894,0.37706
4821.55170,0.38119
4817.69445,0.38498
4813.83721,0.38844
4809.97997,0.39168
4806.12273,0.39469
4802.26549,0.39733
4798.40825,0.39947
4794.55101,0.40110
4790.69376,0.40226
4786.83652,0.40306
4782.97928,0.40356
4779.12204,0.40379
4775.26480,0.40397
4771.40756,0.40444
4767.55032,0.40535
4763.69307,0.40673
4759.83583,0.40863
4755.97859,0.41104
4752.12135,0.41376
4748.26411,0.41654
4744.40687,0.41915
4740.54963,0.42167
4736.69239,0.42442
4732.83514,0.42785
4728.97790,0.43215
4725.12066,0.43676
4721.26342,0.44043
4717.40618,0.44236
4713.54894,0.44298
4709.69170,0.44384
4705.83445,0.44657
4701.97721,0.45165
4698.11997,0.45799
4694.26273,0.46338
4690.40549,0.46545
4686.54825,0.46284
4682.69101,0.45582
4678.83377,0.44606
4674.97652,0.43583
4671.11928,0.42711
4667.26204,0.42083
4663.40480,0.41686
4659.54756,0.41462
4655.69032,0.41391
4651.83308,0.41518
4647.97583,0.41886
4644.11859,0.42448
4640.26135,0.43022
4636.40411,0.43350
4632.54687,0.43200
4628.68963,0.42500
4624.83239,0.41421
4620.97514,0.40266
4617.11790,0.39279
4613.26066,0.38569
4609.40342,0.38143
4605.54618,0.37974
4601.68894,0.38049
4597.83170,0.38324
4593.97446,0.38671
4590.11721,0.38964
4586.25997,0.39194
4582.40273,0.39335
4578.54549,0.39209
4574.68825,0.38658
4570.83101,0.37770
4566.97377,0.36828
4563.11652,0.36076
4559.25928,0.35597
4555.40204,0.35342
4551.54480,0.35219
4547.68756,0.35146
4543.83032,0.35077
4539.97308,0.35016
4536.11583,0.34984
4532.25859,0.34997
4528.40135,0.35064
4524.54411,0.35194
4520.68687,0.35387
4516.82963,0.35654
4512.97239,0.36019
4509.11515,0.36514
4505.25790,0.37172
4501.40066,0.38015
4497.54342,0.39013
4493.68618,0.40050
4489.82894,0.40968
4485.97170,0.41684
4482.11446,0.42278
4478.25721,0.42929
4474.39997,0.43804
4470.54273,0.44997
4466.68549,0.46498
4462.82825,0.48095
4458.97101,0.49411
4455.11377,0.50225
4451.25653,0.50699
4447.39928,0.51151
4443.54204,0.51715
4439.68480,0.52308
4435.82756,0.52757
4431.97032,0.52905
4428.11308,0.52688
4424.25584,0.52202
4420.39859,0.51680
4416.54135,0.51351
4412.68411,0.51304
4408.82687,0.51446
4404.96963,0.51561
4401.11239,0.51467
4397.25515,0.51132
4393.39790,0.50644
4389.54066,0.50112
4385.68342,0.49623
4381.82618,0.49235
4377.96894,0.48962
4374.11170,0.48803
4370.25446,0.48767
4366.39722,0.48855
4362.53997,0.49022
4358.68273,0.49198
4354.82549,0.49355
4350.96825,0.49522
4347.11101,0.49745
4343.25377,0.50033
4339.39653,0.50351
4335.53928,0.50649
4331.68204,0.50899
4327.82480,0.51130
4323.96756,0.51386
4320.11032,0.51678
4316.25308,0.52030
4312.39584,0.52485
4308.53859,0.53048
4304.68135,0.53665
4300.82411,0.54259
4296.96687,0.54763
4293.10963,0.55125
4289.25239,0.55318
4285.39515,0.55368
4281.53791,0.55342
4277.68066,0.55272
4273.82342,0.55140
4269.96618,0.54924
4266.10894,0.54648
4262.25170,0.54394
4258.39446,0.54234
4254.53722,0.54190
4250.67997,0.54225
4246.82273,0.54248
4242.96549,0.54186
4239.10825,0.54038
4235.25101,0.53869
4231.39377,0.53738
4227.53653,0.53630
4223.67929,0.53472
4219.82204,0.53216
4215.96480,0.52895
4212.10756,0.52582
4208.25032,0.52313
4204.39308,0.52087
4200.53584,0.51912
4196.67860,0.51830
4192.82135,0.51907
4188.96411,0.52192
4185.10687,0.52655
4181.24963,0.53140
4177.39239,0.53377
4173.53515,0.53173
4169.67791,0.52598
4165.82066,0.51897
4161.96342,0.51286
4158.10618,0.50875
4154.24894,0.50686
4150.39170,0.50687
4146.53446,0.50858
4142.67722,0.51204
4138.81998,0.51674
4134.96273,0.52151
4131.10549,0.52543
4127.24825,0.52863
4123.39101,0.53188
4119.53377,0.53605
4115.67653,0.54183
4111.81929,0.54964
4107.96204,0.55977
4104.10480,0.57273
4100.24756,0.58942
4096.39032,0.60890
4092.53308,0.62558
4088.67584,0.63241
4084.81860,0.62787
4080.96135,0.61598
4077.10411,0.60182
4073.24687,0.58961
4069.38963,0.58152
4065.53239,0.57722
4061.67515,0.57550
4057.81791,0.57544
4053.96067,0.57651
4050.10342,0.57818
4046.24618,0.57985
4042.38894,0.58096
4038.53170,0.58151
4034.67446,0.58189
4030.81722,0.58225
4026.95998,0.58256
4023.10273,0.58275
4019.24549,0.58265
4015.38825,0.58206
4011.53101,0.58090
4007.67377,0.57924
4003.81653,0.57720
3999.95929,0.57479
3996.10205,0.57194
3992.24480,0.56893
3988.38756,0.56624
3984.53032,0.56414
3980.67308,0.56254
3976.81584,0.56111
3972.95860,0.55954
3969.10136,0.55762
3965.24411,0.55521
3961.38687,0.55232
3957.52963,0.54928
3953.67239,0.54636
3949.81515,0.54349
3945.95791,0.54066
3942.10067,0.53799
3938.24342,0.53561
3934.38618,0.53342
3930.52894,0.53140
3926.67170,0.52965
3922.81446,0.52801
3918.95722,0.52623
3915.09998,0.52419
3911.24274,0.52206
3907.38549,0.51951
3903.52825,0.51557
3899.67101,0.51106
3895.81377,0.50772
3891.95653,0.50488
3888.09929,0.50214
3884.24205,0.49984
3880.38480,0.49819
3876.52756,0.49670
3872.67032,0.49453
3868.81308,0.49151
3864.95584,0.48831
3861.09860,0.48551
3857.24136,0.48298
3853.38411,0.48013
3849.52687,0.47807
3845.66963,0.47698
3841.81239,0.47587
3837.95515,0.47495
3834.09791,0.47478
3830.24067,0.47487
3826.38343,0.47510
3822.52618,0.47623
3818.66894,0.47936
3814.81170,0.48319
3810.95446,0.48582
3807.09722,0.48715
3803.23998,0.48693
3799.38274,0.48516
3795.52549,0.48333
3791.66825,0.48230
3787.81101,0.48204
3783.95377,0.48270
3780.09653,0.48448
3776.23929,0.48690
3772.38205,0.48962
3768.52481,0.49310
3764.66756,0.49704
3760.81032,0.50023
3756.95308,0.50171
3753.09584,0.50062
3749.23860,0.49753
3745.38136,0.49618
3741.52412,0.49790
3737.66687,0.50159
3733.80963,0.50671
3729.95239,0.51051
3726.09515,0.51240
3722.23791,0.51420
3718.38067,0.51698
3714.52343,0.52169
3710.66618,0.53049
3706.80894,0.54194
3702.95170,0.55418
3699.09446,0.56838
3695.23722,0.58411
3691.37998,0.60624
3687.52274,0.63551
3683.66550,0.65572
3679.80825,0.66883
3675.95101,0.68594
3672.09377,0.71064
3668.23653,0.73491
3664.37929,0.75454
3660.52205,0.77196
3656.66481,0.78961
3652.80756,0.80858
3648.95032,0.83249
3645.09308,0.85602
3641.23584,0.86987
3637.37860,0.87897
3633.52136,0.88439
3629.66412,0.88733
3625.80687,0.89419
3621.94963,0.90038
3618.09239,0.90331
3614.23515,0.90728
3610.37791,0.91371
3606.52067,0.91943
3602.66343,0.92605
3598.80619,0.93453
