3996.38314,0.03135
3994.45439,0.03109
3992.52563,0.03093
3990.59688,0.03093
3988.66812,0.03083
3986.73936,0.03069
3984.81061,0.03069
3982.88185,0.03096
3980.95309,0.03142
3979.02434,0.03165
3977.09558,0.03147
3975.16682,0.03115
3973.23807,0.03090
3971.30931,0.03074
3969.38056,0.03078
3967.45180,0.03101
3965.52304,0.03123
3963.59429,0.03120
3961.66553,0.03113
3959.73677,0.03134
3957.80802,0.03151
3955.87926,0.03131
3953.95051,0.03101
3952.02175,0.03096
3950.09299,0.03098
3948.16424,0.03099
3946.23548,0.03113
3944.30672,0.03128
3942.37797,0.03119
3940.44921,0.03108
3938.52045,0.03115
3936.59170,0.03132
3934.66294,0.03142
3932.73419,0.03122
3930.80543,0.03085
3928.87667,0.03077
3926.94792,0.03094
3925.01916,0.03097
3923.09040,0.03082
3921.16165,0.03083
3919.23289,0.03100
3917.30413,0.03112
3915.37538,0.03120
3913.44662,0.03120
3911.51787,0.03093
3909.58911,0.03064
3907.66035,0.03073
3905.73160,0.03090
3903.80284,0.03075
3901.87408,0.03064
3899.94533,0.03056
3898.01657,0.03037
3896.08781,0.03052
3894.15906,0.03087
3892.23030,0.03080
3890.30155,0.03047
3888.37279,0.03064
3886.44403,0.03095
3884.51528,0.03094
3882.58652,0.03091
3880.65776,0.03074
3878.72901,0.03042
3876.80025,0.03051
3874.87150,0.03084
3872.94274,0.03105
3871.01398,0.03088
3869.08523,0.03051
3867.15647,0.03061
3865.22771,0.03085
3863.29896,0.03068
3861.37020,0.03041
3859.44144,0.03041
3857.51269,0.03075
3855.58393,0.03122
3853.65518,0.03085
3851.72642,0.02991
3849.79766,0.02990
3847.86891,0.03030
3845.94015,0.03067
3844.01139,0.03087
3842.08264,0.03080
3840.15388,0.03062
3838.22512,0.03030
3836.29637,0.02997
3834.36761,0.03000
3832.43886,0.03020
3830.51010,0.03034
3828.58134,0.03042
3826.65259,0.03037
3824.72383,0.03040
3822.79507,0.03058
3820.86632,0.03034
3818.93756,0.03011
3817.00880,0.03009
3815.08005,0.02977
3813.15129,0.02981
3811.22254,0.03044
3809.29378,0.03102
3807.36502,0.03091
3805.43627,0.03054
3803.50751,0.03064
3801.57875,0.03069
3799.65000,0.03049
3797.72124,0.03039
3795.79248,0.03017
3793.86373,0.03006
3791.93497,0.03017
3790.00622,0.03016
3788.07746,0.03002
3786.14870,0.02998
3784.21995,0.03019
3782.29119,0.03054
3780.36243,0.03061
3778.43368,0.03030
3776.50492,0.02999
3774.57617,0.02999
3772.64741,0.03032
3770.71865,0.03064
3768.78990,0.03059
3766.86114,0.03032
3764.93238,0.03007
3763.00363,0.03008
3761.07487,0.03012
3759.14611,0.02979
3757.21736,0.02955
3755.28860,0.02981
3753.35985,0.03004
3751.43109,0.02975
3749.50233,0.02945
3747.57358,0.02989
3745.64482,0.03030
3743.71606,0.02994
3741.78731,0.02986
3739.85855,0.03043
3737.92979,0.03085
3736.00104,0.03062
3734.07228,0.02983
3732.14353,0.02929
3730.21477,0.02934
3728.28601,0.02961
3726.35726,0.02971
3724.42850,0.02962
3722.49974,0.02964
3720.57099,0.02980
3718.64223,0.02997
3716.71347,0.03016
3714.78472,0.03047
3712.85596,0.03060
3710.92721,0.03007
3708.99845,0.02948
3707.06969,0.02942
3705.14094,0.02963
3703.21218,0.02978
3701.28342,0.02971
3699.35467,0.02954
3697.42591,0.02950
3695.49716,0.02966
3693.56840,0.02986
3691.63964,0.02989
3689.71089,0.02965
3687.78213,0.02948
3685.85337,0.02964
3683.92462,0.02982
3681.99586,0.02979
3680.06710,0.02988
3678.13835,0.03022
3676.20959,0.03004
3674.28084,0.02934
3672.35208,0.02928
3670.42332,0.02947
3668.49457,0.02956
3666.56581,0.02976
3664.63705,0.03001
3662.70830,0.03014
3660.77954,0.03015
3658.85078,0.03016
3656.92203,0.03016
3654.99327,0.03019
3653.06452,0.03049
3651.13576,0.03083
3649.20700,0.03059
3647.27825,0.03019
3645.34949,0.03028
3643.42073,0.03053
3641.49198,0.03070
3639.56322,0.03074
3637.63446,0.03074
3635.70571,0.03085
3633.77695,0.03107
3631.84820,0.03135
3629.91944,0.03137
3627.99068,0.03093
3626.06193,0.03082
3624.13317,0.03108
3622.20441,0.03134
3620.27566,0.03153
3618.34690,0.03140
3616.41814,0.03112
3614.48939,0.03096
3612.56063,0.03087
3610.63188,0.03087
3608.70312,0.03103
3606.77436,0.03135
3604.84561,0.03171
3602.91685,0.03187
3600.98809,0.03186
3599.05934,0.03190
3597.13058,0.03195
3595.20183,0.03185
3593.27307,0.03175
3591.34431,0.03187
3589.41556,0.03195
3587.48680,0.03163
3585.55804,0.03143
3583.62929,0.03187
3581.70053,0.03245
3579.77177,0.03269
3577.84302,0.03266
3575.91426,0.03265
3573.98551,0.03279
3572.05675,0.03309
3570.12799,0.03348
3568.19924,0.03356
3566.27048,0.03332
3564.34172,0.03345
3562.41297,0.03384
3560.48421,0.03403
3558.55545,0.03410
3556.62670,0.03423
3554.69794,0.03437
3552.76919,0.03452
3550.84043,0.03482
3548.91167,0.03512
3546.98292,0.03512
3545.05416,0.03496
3543.12540,0.03507
3541.19665,0.03541
3539.26789,0.03566
3537.33913,0.03574
3535.41038,0.03593
3533.48162,0.03629
3531.55287,0.03653
3529.62411,0.03651
3527.69535,0.03648
3525.76660,0.03661
3523.83784,0.03684
3521.90908,0.03711
3519.98033,0.03736
3518.05157,0.03749
3516.12282,0.03757
3514.19406,0.03775
3512.26530,0.03804
3510.33655,0.03830
3508.40779,0.03842
3506.47903,0.03854
3504.55028,0.03864
3502.62152,0.03863
3500.69276,0.03879
3498.76401,0.03927
3496.83525,0.03978
3494.90650,0.04007
3492.97774,0.04012
3491.04898,0.04008
3489.12023,0.04026
3487.19147,0.04066
3485.26271,0.04101
3483.33396,0.04123
3481.40520,0.04142
3479.47644,0.04166
3477.54769,0.04200
3475.61893,0.04234
3473.69018,0.04250
3471.76142,0.04263
3469.83266,0.04289
3467.90391,0.04331
3465.97515,0.04381
3464.04639,0.04419
3462.11764,0.04444
3460.18888,0.04482
3458.26012,0.04527
3456.33137,0.04566
3454.40261,0.04608
3452.47386,0.04651
3450.54510,0.04694
3448.61634,0.04730
3446.68759,0.04749
3444.75883,0.04772
3442.83007,0.04818
3440.90132,0.04868
3438.97256,0.04906
3437.04380,0.04943
3435.11505,0.04989
3433.18629,0.05038
3431.25754,0.05079
3429.32878,0.05111
3427.40002,0.05140
3425.47127,0.05175
3423.54251,0.05220
3421.61375,0.05259
3419.68500,0.05278
3417.75624,0.05294
3415.82749,0.05318
3413.89873,0.05345
3411.96997,0.05377
3410.04122,0.05414
3408.11246,0.05456
3406.18370,0.05497
3404.25495,0.05524
3402.32619,0.05538
3400.39743,0.05551
3398.46868,0.05567
3396.53992,0.05590
3394.61117,0.05618
3392.68241,0.05644
3390.75365,0.05666
3388.82490,0.05685
3386.89614,0.05702
3384.96738,0.05725
3383.03863,0.05755
3381.10987,0.05778
3379.18111,0.05792
3377.25236,0.05824
3375.32360,0.05873
3373.39485,0.05907
3371.46609,0.05919
3369.53733,0.05937
3367.60858,0.05975
3365.67982,0.06025
3363.75106,0.06079
3361.82231,0.06129
3359.89355,0.06162
3357.96479,0.06182
3356.03604,0.06217
3354.10728,0.06262
3352.17853,0.06312
3350.24977,0.06378
3348.32101,0.06451
3346.39226,0.06506
3344.46350,0.06542
3342.53474,0.06578
3340.60599,0.06621
3338.67723,0.06659
3336.74848,0.06686
3334.81972,0.06708
3332.89096,0.06727
3330.96221,0.06740
3329.03345,0.06741
3327.10469,0.06724
3325.17594,0.06698
3323.24718,0.06678
3321.31842,0.06670
3319.38967,0.06667
3317.46091,0.06658
3315.53216,0.06641
3313.60340,0.06636
3311.67464,0.06646
3309.74589,0.06657
3307.81713,0.06665
3305.88837,0.06680
3303.95962,0.06695
3302.03086,0.06697
3300.10210,0.06698
3298.17335,0.06712
3296.24459,0.06739
3294.31584,0.06764
3292.38708,0.06770
3290.45832,0.06762
3288.52957,0.06750
3286.60081,0.06748
3284.67205,0.06764
3282.74330,0.06781
3280.81454,0.06781
3278.88578,0.06777
3276.95703,0.06772
3275.02827,0.06760
3273.09952,0.06750
3271.17076,0.06743
3269.24200,0.06731
3267.31325,0.06721
3265.38449,0.06719
3263.45573,0.06712
3261.52698,0.06687
3259.59822,0.06648
3257.66947,0.06610
3255.74071,0.06576
3253.81195,0.06536
3251.88320,0.06485
3249.95444,0.06444
3248.02568,0.06422
3246.09693,0.06406
3244.16817,0.06386
3242.23941,0.06354
3240.31066,0.06319
3238.38190,0.06294
3236.45315,0.06270
3234.52439,0.06237
3232.59563,0.06203
3230.66688,0.06181
3228.73812,0.06160
3226.80936,0.06120
3224.88061,0.06086
3222.95185,0.06077
3221.02309,0.06065
3219.09434,0.06023
3217.16558,0.05970
3215.23683,0.05942
3213.30807,0.05930
3211.37931,0.05916
3209.45056,0.05887
3207.52180,0.05849
3205.59304,0.05819
3203.66429,0.05801
3201.73553,0.05785
3199.80677,0.05759
3197.87802,0.05724
3195.94926,0.05692
3194.02051,0.05671
3192.09175,0.05652
3190.16299,0.05633
3188.23424,0.05617
3186.30548,0.05599
3184.37672,0.05576
3182.44797,0.05553
3180.51921,0.05533
3178.59045,0.05508
3176.66170,0.05476
3174.73294,0.05448
3172.80419,0.05434
3170.87543,0.05428
3168.94667,0.05414
3167.01792,0.05382
3165.08916,0.05353
3163.16040,0.05345
3161.23165,0.05340
3159.30289,0.05314
3157.37414,0.05280
3155.44538,0.05262
3153.51662,0.05247
3151.58787,0.05221
3149.65911,0.05198
3147.73035,0.05183
3145.80160,0.05166
3143.87284,0.05157
3141.94408,0.05160
3140.01533,0.05153
3138.08657,0.05133
3136.15782,0.05112
3134.22906,0.05094
3132.30030,0.05073
3130.37155,0.05053
3128.44279,0.05042
3126.51403,0.05029
3124.58528,0.05011
3122.65652,0.04993
3120.72776,0.04976
3118.79901,0.04961
3116.87025,0.04954
3114.94150,0.04955
3113.01274,0.04946
3111.08398,0.04929
3109.15523,0.04921
3107.22647,0.04927
3105.29771,0.04938
3103.36896,0.04935
3101.44020,0.04911
3099.51144,0.04880
3097.58269,0.04856
3095.65393,0.04840
3093.72518,0.04831
3091.79642,0.04819
3089.86766,0.04797
3087.93891,0.04779
3086.01015,0.04779
3084.08139,0.04790
3082.15264,0.04794
3080.22388,0.04785
3078.29513,0.04775
3076.36637,0.04764
3074.43761,0.04751
3072.50886,0.04741
3070.58010,0.04728
3068.65134,0.04704
3066.72259,0.04680
3064.79383,0.04669
3062.86507,0.04678
3060.93632,0.04695
3059.00756,0.04705
3057.07881,0.04695
3055.15005,0.04667
3053.22129,0.04634
3051.29254,0.04603
3049.36378,0.04578
3047.43502,0.04556
3045.50627,0.04532
3043.57751,0.04501
3041.64875,0.04473
3039.72000,0.04460
3037.79124,0.04452
3035.86249,0.04439
3033.93373,0.04428
3032.00497,0.04421
3030.07622,0.04413
3028.14746,0.04404
3026.21870,0.04405
3024.28995,0.04416
3022.36119,0.04429
3020.43243,0.04443
3018.50368,0.04451
3016.57492,0.04449
3014.64617,0.04447
3012.71741,0.04452
3010.78865,0.04450
3008.85990,0.04441
3006.93114,0.04441
3005.00238,0.04453
3003.07363,0.04461
3001.14487,0.04457
2999.21611,0.04450
2997.28736,0.04452
2995.35860,0.04462
2993.42985,0.04474
2991.50109,0.04488
2989.57233,0.04498
2987.64358,0.04502
2985.71482,0.04519
2983.78606,0.04553
2981.85731,0.04596
2979.92855,0.04648
2977.99980,0.04709
2976.07104,0.04765
2974.14228,0.04814
2972.21353,0.04860
2970.28477,0.04910
2968.35601,0.04952
2966.42726,0.04969
2964.49850,0.04958
2962.56974,0.04930
2960.64099,0.04896
2958.71223,0.04873
2956.78348,0.04866
2954.85472,0.04862
2952.92596,0.04860
2950.99721,0.04862
2949.06845,0.04864
2947.13969,0.04867
2945.21094,0.04866
2943.28218,0.04853
2941.35342,0.04840
2939.42467,0.04829
2937.49591,0.04799
2935.56716,0.04760
2933.63840,0.04739
2931.70964,0.04739
2929.78089,0.04748
2927.85213,0.04755
2925.92337,0.04762
2923.99462,0.04779
2922.06586,0.04816
2920.13710,0.04873
2918.20835,0.04930
2916.27959,0.04986
2914.35084,0.05061
2912.42208,0.05149
2910.49332,0.05227
2908.56457,0.05296
2906.63581,0.05349
2904.70705,0.05375
2902.77830,0.05379
2900.84954,0.05374
2898.92079,0.05369
2896.99203,0.05374
2895.06327,0.05379
2893.13452,0.05378
2891.20576,0.05369
2889.27700,0.05346
2887.34825,0.05320
2885.41949,0.05298
2883.49073,0.05270
2881.56198,0.05240
2879.63322,0.05225
2877.70447,0.05217
2875.77571,0.05209
2873.84695,0.05197
2871.91820,0.05188
2869.98944,0.05186
2868.06068,0.05178
2866.13193,0.05159
2864.20317,0.05145
2862.27441,0.05137
2860.34566,0.05123
2858.41690,0.05093
2856.48815,0.05058
2854.55939,0.05027
2852.63063,0.05001
2850.70188,0.04971
2848.77312,0.04934
2846.84436,0.04897
2844.91561,0.04868
2842.98685,0.04840
2841.05809,0.04808
2839.12934,0.04779
2837.20058,0.04757
2835.27183,0.04735
2833.34307,0.04710
2831.41431,0.04689
2829.48556,0.04670
2827.55680,0.04650
2825.62804,0.04642
2823.69929,0.04645
2821.77053,0.04638
2819.84177,0.04616
2817.91302,0.04594
2815.98426,0.04578
2814.05551,0.04563
2812.12675,0.04543
2810.19799,0.04525
2808.26924,0.04516
2806.34048,0.04511
2804.41172,0.04498
2802.48297,0.04476
2800.55421,0.04458
2798.62546,0.04454
2796.69670,0.04456
2794.76794,0.04452
2792.83919,0.04438
2790.91043,0.04421
2788.98167,0.04405
2787.05292,0.04388
2785.12416,0.04378
2783.19540,0.04376
2781.26665,0.04371
2779.33789,0.04362
2777.40914,0.04362
2775.48038,0.04371
2773.55162,0.04367
2771.62287,0.04349
2769.69411,0.04338
2767.76535,0.04334
2765.83660,0.04324
2763.90784,0.04311
2761.97908,0.04306
2760.05033,0.04307
2758.12157,0.04311
2756.19282,0.04315
2754.26406,0.04312
2752.33530,0.04304
2750.40655,0.04297
2748.47779,0.04294
2746.54903,0.04292
2744.62028,0.04295
2742.69152,0.04304
2740.76276,0.04299
2738.83401,0.04283
2736.90525,0.04277
2734.97650,0.04285
2733.04774,0.04290
2731.11898,0.04286
2729.19023,0.04282
2727.26147,0.04273
2725.33271,0.04256
2723.40396,0.04243
2721.47520,0.04236
2719.54645,0.04232
2717.61769,0.04234
2715.68893,0.04243
2713.76018,0.04247
2711.83142,0.04244
2709.90266,0.04241
2707.97391,0.04237
2706.04515,0.04230
2704.11639,0.04224
2702.18764,0.04213
2700.25888,0.04204
2698.33013,0.04202
2696.40137,0.04202
2694.47261,0.04201
2692.54386,0.04192
2690.61510,0.04174
2688.68634,0.04162
2686.75759,0.04165
2684.82883,0.04169
2682.90007,0.04169
2680.97132,0.04165
2679.04256,0.04154
2677.11381,0.04142
2675.18505,0.04140
2673.25629,0.04138
2671.32754,0.04130
2669.39878,0.04127
2667.47002,0.04135
2665.54127,0.04149
2663.61251,0.04155
2661.68375,0.04156
2659.75500,0.04158
2657.82624,0.04158
2655.89749,0.04164
2653.96873,0.04177
2652.03997,0.04181
2650.11122,0.04168
2648.18246,0.04154
2646.25370,0.04146
2644.32495,0.04148
2642.39619,0.04161
2640.46743,0.04177
2638.53868,0.04182
2636.60992,0.04177
2634.68117,0.04168
2632.75241,0.04169
2630.82365,0.04185
2628.89490,0.04197
2626.96614,0.04196
2625.03738,0.04191
2623.10863,0.04190
2621.17987,0.04193
2619.25112,0.04194
2617.32236,0.04189
2615.39360,0.04180
2613.46485,0.04158
2611.53609,0.04135
2609.60733,0.04132
2607.67858,0.04144
2605.74982,0.04152
2603.82106,0.04156
2601.89231,0.04163
2599.96355,0.04169
2598.03480,0.04171
2596.10604,0.04167
2594.17728,0.04150
2592.24853,0.04134
2590.31977,0.04139
2588.39101,0.04157
2586.46226,0.04167
2584.53350,0.04159
2582.60474,0.04150
2580.67599,0.04156
2578.74723,0.04166
2576.81848,0.04163
2574.88972,0.04146
2572.96096,0.04126
2571.03221,0.04123
2569.10345,0.04136
2567.17469,0.04145
2565.24594,0.04137
2563.31718,0.04130
2561.38842,0.04138
2559.45967,0.04148
2557.53091,0.04142
2555.60216,0.04129
2553.67340,0.04129
2551.74464,0.04138
2549.81589,0.04144
2547.88713,0.04143
2545.95837,0.04147
2544.02962,0.04152
2542.10086,0.04147
2540.17211,0.04136
2538.24335,0.04128
2536.31459,0.04119
2534.38584,0.04102
2532.45708,0.04081
2530.52832,0.04072
2528.59957,0.04084
2526.67081,0.04103
2524.74205,0.04111
2522.81330,0.04122
2520.88454,0.04138
2518.95579,0.04138
2517.02703,0.04125
2515.09827,0.04114
2513.16952,0.04106
2511.24076,0.04091
2509.31200,0.04067
2507.38325,0.04049
2505.45449,0.04060
2503.52573,0.04085
2501.59698,0.04094
2499.66822,0.04088
2497.73947,0.04089
2495.81071,0.04085
2493.88195,0.04065
2491.95320,0.04048
2490.02444,0.04049
2488.09568,0.04061
2486.16693,0.04079
2484.23817,0.04086
2482.30941,0.04064
2480.38066,0.04040
2478.45190,0.04039
2476.52315,0.04036
2474.59439,0.04012
2472.66563,0.03988
2470.73688,0.03983
2468.80812,0.03991
2466.87936,0.03995
2464.95061,0.03997
2463.02185,0.04002
2461.09309,0.04002
2459.16434,0.04001
2457.23558,0.04014
2455.30683,0.04026
2453.37807,0.04012
2451.44931,0.03990
2449.52056,0.03983
2447.59180,0.03983
2445.66304,0.03978
2443.73429,0.03973
2441.80553,0.03970
2439.87678,0.03963
2437.94802,0.03962
2436.01926,0.03965
2434.09051,0.03952
2432.16175,0.03925
2430.23299,0.03910
2428.30424,0.03924
2426.37548,0.03950
2424.44672,0.03959
2422.51797,0.03948
2420.58921,0.03932
2418.66046,0.03918
2416.73170,0.03910
2414.80294,0.03913
2412.87419,0.03919
2410.94543,0.03918
2409.01667,0.03912
2407.08792,0.03900
2405.15916,0.03881
2403.23040,0.03866
2401.30165,0.03861
2399.37289,0.03857
2397.44414,0.03852
2395.51538,0.03862
2393.58662,0.03885
2391.65787,0.03895
2389.72911,0.03886
2387.80035,0.03874
2385.87160,0.03877
2383.94284,0.03891
2382.01408,0.03901
2380.08533,0.03900
2378.15657,0.03888
2376.22782,0.03880
2374.29906,0.03881
2372.37030,0.03880
2370.44155,0.03871
2368.51279,0.03868
2366.58403,0.03871
2364.65528,0.03864
2362.72652,0.03846
2360.79777,0.03834
2358.86901,0.03820
2356.94025,0.03807
2355.01150,0.03805
2353.08274,0.03810
2351.15398,0.03817
2349.22523,0.03828
2347.29647,0.03842
2345.36771,0.03839
2343.43896,0.03799
2341.51020,0.03753
2339.58145,0.03735
2337.65269,0.03733
2335.72393,0.03723
2333.79518,0.03726
2331.86642,0.03760
2329.93766,0.03792
2328.00891,0.03808
2326.08015,0.03854
2324.15139,0.03929
2322.22264,0.03964
2320.29388,0.03941
2318.36513,0.03914
2316.43637,0.03896
2314.50761,0.03871
2312.57886,0.03850
2310.65010,0.03843
2308.72134,0.03845
2306.79259,0.03849
2304.86383,0.03855
2302.93507,0.03861
2301.00632,0.03862
2299.07756,0.03868
2297.14881,0.03888
2295.22005,0.03897
2293.29129,0.03894
2291.36254,0.03917
2289.43378,0.03953
2287.50502,0.03967
2285.57627,0.03960
2283.64751,0.03956
2281.71875,0.03966
2279.79000,0.03973
2277.86124,0.03965
2275.93249,0.03945
2274.00373,0.03926
2272.07497,0.03913
2270.14622,0.03903
2268.21746,0.03898
2266.28870,0.03901
2264.35995,0.03902
2262.43119,0.03905
2260.50244,0.03921
2258.57368,0.03934
2256.64492,0.03918
2254.71617,0.03881
2252.78741,0.03858
2250.85865,0.03865
2248.92990,0.03882
2247.00114,0.03892
2245.07238,0.03895
2243.14363,0.03890
2241.21487,0.03872
2239.28612,0.03849
2237.35736,0.03854
2235.42860,0.03894
2233.49985,0.03927
2231.57109,0.03919
2229.64233,0.03884
2227.71358,0.03859
2225.78482,0.03862
2223.85606,0.03885
2221.92731,0.03897
2219.99855,0.03876
2218.06980,0.03849
2216.14104,0.03828
2214.21228,0.03806
2212.28353,0.03793
2210.35477,0.03788
2208.42601,0.03789
2206.49726,0.03804
2204.56850,0.03808
2202.63974,0.03787
2200.71099,0.03763
2198.78223,0.03747
2196.85348,0.03731
2194.92472,0.03724
2192.99596,0.03758
2191.06721,0.03828
2189.13845,0.03888
2187.20969,0.03911
2185.28094,0.03887
2183.35218,0.03816
2181.42343,0.03757
2179.49467,0.03772
2177.56591,0.03815
2175.63716,0.03794
2173.70840,0.03728
2171.77964,0.03708
2169.85089,0.03752
2167.92213,0.03819
2165.99337,0.03877
2164.06462,0.03909
2162.13586,0.03885
2160.20711,0.03750
2158.27835,0.03517
2156.34959,0.03368
2154.42084,0.03408
2152.49208,0.03521
2150.56332,0.03582
2148.63457,0.03588
2146.70581,0.03591
2144.77705,0.03602
2142.84830,0.03591
2140.91954,0.03565
2138.99079,0.03569
2137.06203,0.03595
2135.13327,0.03587
2133.20452,0.03555
2131.27576,0.03555
2129.34700,0.03594
2127.41825,0.03636
2125.48949,0.03654
2123.56073,0.03659
2121.63198,0.03675
2119.70322,0.03700
2117.77447,0.03723
2115.84571,0.03753
2113.91695,0.03793
2111.98820,0.03820
2110.05944,0.03819
2108.13068,0.03806
2106.20193,0.03794
2104.27317,0.03794
2102.34441,0.03807
2100.41566,0.03802
2098.48690,0.03762
2096.55815,0.03721
2094.62939,0.03692
2092.70063,0.03671
2090.77188,0.03671
2088.84312,0.03686
2086.91436,0.03691
2084.98561,0.03695
2083.05685,0.03711
2081.12810,0.03735
2079.19934,0.03761
2077.27058,0.03776
2075.34183,0.03764
2073.41307,0.03740
2071.48431,0.03727
2069.55556,0.03724
2067.62680,0.03709
2065.69804,0.03685
2063.76929,0.03676
2061.84053,0.03682
2059.91178,0.03682
2057.98302,0.03667
2056.05426,0.03655
2054.12551,0.03659
2052.19675,0.03690
2050.26799,0.03722
2048.33924,0.03696
2046.41048,0.03637
2044.48172,0.03596
2042.55297,0.03563
2040.62421,0.03541
2038.69546,0.03544
2036.76670,0.03535
2034.83794,0.03491
2032.90919,0.03456
2030.98043,0.03452
2029.05167,0.03455
2027.12292,0.03471
2025.19416,0.03512
2023.26540,0.03532
2021.33665,0.03511
2019.40789,0.03488
2017.47914,0.03473
2015.55038,0.03464
2013.62162,0.03474
2011.69287,0.03494
2009.76411,0.03494
2007.83535,0.03452
2005.90660,0.03404
2003.97784,0.03410
2002.04909,0.03447
2000.12033,0.03469
1998.19157,0.03475
1996.26282,0.03476
1994.33406,0.03461
1992.40530,0.03435
1990.47655,0.03428
1988.54779,0.03456
1986.61903,0.03502
1984.69028,0.03539
1982.76152,0.03576
1980.83277,0.03623
1978.90401,0.03623
1976.97525,0.03540
1975.04650,0.03457
1973.11774,0.03433
1971.18898,0.03438
1969.26023,0.03461
1967.33147,0.03487
1965.40271,0.03490
1963.47396,0.03489
1961.54520,0.03483
1959.61645,0.03449
1957.68769,0.03429
1955.75893,0.03466
1953.83018,0.03523
1951.90142,0.03549
1949.97266,0.03527
1948.04391,0.03470
1946.11515,0.03416
1944.18639,0.03388
1942.25764,0.03379
1940.32888,0.03385
1938.40013,0.03396
1936.47137,0.03395
1934.54261,0.03376
1932.61386,0.03350
1930.68510,0.03319
1928.75634,0.03282
1926.82759,0.03252
1924.89883,0.03230
1922.97007,0.03213
1921.04132,0.03217
1919.11256,0.03239
1917.18381,0.03247
1915.25505,0.03231
1913.32629,0.03211
1911.39754,0.03195
1909.46878,0.03176
1907.54002,0.03164
1905.61127,0.03158
1903.68251,0.03136
1901.75376,0.03111
1899.82500,0.03105
1897.89624,0.03115
1895.96749,0.03123
1894.03873,0.03115
1892.10997,0.03099
1890.18122,0.03084
1888.25246,0.03073
1886.32370,0.03068
1884.39495,0.03056
1882.46619,0.03034
1880.53744,0.03014
1878.60868,0.02992
1876.67992,0.02965
1874.75117,0.02949
1872.82241,0.02947
1870.89365,0.02943
1868.96490,0.02935
1867.03614,0.02927
1865.10738,0.02923
1863.17863,0.02921
1861.24987,0.02906
1859.32112,0.02884
1857.39236,0.02879
1855.46360,0.02891
1853.53485,0.02893
1851.60609,0.02884
1849.67733,0.02882
1847.74858,0.02890
1845.81982,0.02895
1843.89106,0.02885
1841.96231,0.02877
1840.03355,0.02883
1838.10480,0.02884
1836.17604,0.02874
1834.24728,0.02873
1832.31853,0.02884
1830.38977,0.02891
1828.46101,0.02896
1826.53226,0.02899
1824.60350,0.02883
1822.67475,0.02861
1820.74599,0.02845
1818.81723,0.02829
1816.88848,0.02811
1814.95972,0.02795
1813.03096,0.02779
1811.10221,0.02769
1809.17345,0.02764
1807.24469,0.02753
1805.31594,0.02738
1803.38718,0.02726
1801.45843,0.02710
1799.52967,0.02684
1797.60091,0.02657
1795.67216,0.02633
1793.74340,0.02618
1791.81464,0.02603
1789.88589,0.02586
1787.95713,0.02574
1786.02837,0.02564
1784.09962,0.02546
1782.17086,0.02523
1780.24211,0.02499
1778.31335,0.02473
1776.38459,0.02450
1774.45584,0.02432
1772.52708,0.02416
1770.59832,0.02395
1768.66957,0.02377
1766.74081,0.02371
1764.81205,0.02373
1762.88330,0.02376
1760.95454,0.02384
1759.02579,0.02408
1757.09703,0.02448
1755.16827,0.02498
1753.23952,0.02574
1751.31076,0.02705
1749.38200,0.02931
1747.45325,0.03256
1745.52449,0.03668
1743.59573,0.04170
1741.66698,0.04764
1739.73822,0.05456
1737.80947,0.06118
1735.88071,0.06748
1733.95195,0.07564
1732.02320,0.08403
1730.09444,0.09083
1728.16568,0.09745
1726.23693,0.10397
1724.30817,0.11055
1722.37942,0.11711
1720.45066,0.12316
1718.52190,0.12938
1716.59315,0.13572
1714.66439,0.13977
1712.73563,0.14122
1710.80688,0.14059
1708.87812,0.13820
1706.94936,0.13381
1705.02061,0.12778
1703.09185,0.12240
1701.16310,0.11646
1699.23434,0.10903
1697.30558,0.10325
1695.37683,0.09804
1693.44807,0.09388
1691.51931,0.09126
1689.59056,0.08885
1687.66180,0.08688
1685.73304,0.08519
1683.80429,0.08254
1681.87553,0.08024
1679.94678,0.07894
1678.01802,0.07770
1676.08926,0.07604
1674.16051,0.07416
1672.23175,0.07278
1670.30299,0.07127
1668.37424,0.06928
1666.44548,0.06786
1664.51672,0.06673
1662.58797,0.06522
1660.65921,0.06378
1658.73046,0.06285
1656.80170,0.06230
1654.87294,0.06160
1652.94419,0.05981
1651.01543,0.05858
1649.08667,0.05842
1647.15792,0.05773
1645.22916,0.05661
1643.30041,0.05610
1641.37165,0.05588
1639.44289,0.05566
1637.51414,0.05519
1635.58538,0.05398
1633.65662,0.05283
1631.72787,0.05250
1629.79911,0.05227
1627.87035,0.05179
1625.94160,0.05128
1624.01284,0.05074
1622.08409,0.05020
1620.15533,0.05007
1618.22657,0.05014
1616.29782,0.04989
1614.36906,0.04955
1612.44030,0.04932
1610.51155,0.04885
1608.58279,0.04803
1606.65403,0.04714
1604.72528,0.04642
1602.79652,0.04577
1600.86777,0.04512
1598.93901,0.04450
1597.01025,0.04388
1595.08150,0.04333
1593.15274,0.04292
1591.22398,0.04268
1589.29523,0.04257
1587.36647,0.04254
1585.43771,0.04280
1583.50896,0.04352
1581.58020,0.04450
1579.65145,0.04536
1577.72269,0.04578
1575.79393,0.04527
1573.86518,0.04428
1571.93642,0.04344
1570.00766,0.04241
1568.07891,0.04136
1566.15015,0.04071
1564.22139,0.04025
1562.29264,0.04003
1560.36388,0.03993
1558.43513,0.03917
1556.50637,0.03845
1554.57761,0.03826
1552.64886,0.03808
1550.72010,0.03777
1548.79134,0.03745
1546.86259,0.03734
1544.93383,0.03730
1543.00508,0.03704
1541.07632,0.03649
1539.14756,0.03585
1537.21881,0.03569
1535.29005,0.03576
1533.36129,0.03572
1531.43254,0.03564
1529.50378,0.03567
1527.57502,0.03565
1525.64627,0.03554
1523.71751,0.03542
1521.78876,0.03504
1519.86000,0.03452
1517.93124,0.03419
1516.00249,0.03404
1514.07373,0.03429
1512.14497,0.03511
1510.21622,0.03666
1508.28746,0.03988
1506.35870,0.04479
1504.42995,0.04649
1502.50119,0.04493
1500.57244,0.04210
1498.64368,0.03896
1496.71492,0.03628
1494.78617,0.03470
1492.85741,0.03411
1490.92865,0.03397
1488.99990,0.03425
1487.07114,0.03517
1485.14238,0.03651
1483.21363,0.03801
1481.28487,0.03957
1479.35612,0.04100
1477.42736,0.04238
1475.49860,0.04401
1473.56985,0.04588
1471.64109,0.04715
1469.71233,0.04723
1467.78358,0.04680
1465.85482,0.04649
1463.92607,0.04675
1461.99731,0.04755
1460.06855,0.04856
1458.13980,0.04962
1456.21104,0.05042
1454.28228,0.05083
1452.35353,0.05099
1450.42477,0.05087
1448.49601,0.05042
1446.56726,0.04986
1444.63850,0.04949
1442.70975,0.04923
1440.78099,0.04905
1438.85223,0.04897
1436.92348,0.04882
1434.99472,0.04853
1433.06596,0.04827
1431.13721,0.04793
1429.20845,0.04734
1427.27969,0.04665
1425.35094,0.04603
1423.42218,0.04557
1421.49343,0.04559
1419.56467,0.04676
1417.63591,0.05005
1415.70716,0.05538
1413.77840,0.06243
1411.84964,0.07035
1409.92089,0.07665
1407.99213,0.07904
1406.06337,0.07700
1404.13462,0.07191
1402.20586,0.06655
1400.27711,0.06192
1398.34835,0.05785
1396.41959,0.05465
1394.49084,0.05221
1392.56208,0.05062
1390.63332,0.04993
1388.70457,0.04975
1386.77581,0.04987
1384.84705,0.05024
1382.91830,0.05079
1380.98954,0.05153
1379.06079,0.05249
1377.13203,0.05366
1375.20327,0.05509
1373.27452,0.05664
1371.34576,0.05778
1369.41700,0.05802
1367.48825,0.05725
1365.55949,0.05588
1363.63074,0.05434
1361.70198,0.05295
1359.77322,0.05198
1357.84447,0.05143
1355.91571,0.05123
1353.98695,0.05138
1352.05820,0.05221
1350.12944,0.05439
1348.20068,0.05853
1346.27193,0.06490
1344.34317,0.07299
1342.41442,0.08133
1340.48566,0.08813
1338.55690,0.09128
1336.62815,0.08963
1334.69939,0.08411
1332.77063,0.07644
1330.84188,0.06857
1328.91312,0.06224
1326.98436,0.05826
1325.05561,0.05645
1323.12685,0.05628
1321.19810,0.05721
1319.26934,0.05885
1317.34058,0.06069
1315.41183,0.06223
1313.48307,0.06328
1311.55431,0.06395
1309.62556,0.06438
1307.69680,0.06458
1305.76804,0.06472
1303.83929,0.06517
1301.91053,0.06617
1299.98178,0.06781
1298.05302,0.07009
1296.12426,0.07298
1294.19551,0.07630
1292.26675,0.07979
1290.33799,0.08320
1288.40924,0.08650
1286.48048,0.08978
1284.55173,0.09321
1282.62297,0.09671
1280.69421,0.10003
1278.76546,0.10305
1276.83670,0.10601
1274.90794,0.10915
1272.97919,0.11247
1271.05043,0.11607
1269.12167,0.12009
1267.19292,0.12437
1265.26416,0.12851
1263.33541,0.13218
1261.40665,0.13517
1259.47789,0.13746
1257.54914,0.13931
1255.62038,0.14119
1253.69162,0.14344
1251.76287,0.14618
1249.83411,0.14930
1247.90535,0.15249
1245.97660,0.15530
1244.04784,0.15736
1242.11909,0.15850
1240.19033,0.15865
1238.26157,0.15768
1236.33282,0.15555
1234.40406,0.15216
1232.47530,0.14763
1230.54655,0.14258
1228.61779,0.13774
1226.68903,0.13337
1224.76028,0.12937
1222.83152,0.12553
1220.90277,0.12168
1218.97401,0.11781
1217.04525,0.11399
1215.11650,0.11049
1213.18774,0.10763
1211.25898,0.10566
1209.33023,0.10448
1207.40147,0.10341
1205.47271,0.10174
1203.54396,0.09933
1201.61520,0.09639
1199.68645,0.09320
1197.75769,0.08994
1195.82893,0.08666
1193.90018,0.08338
1191.97142,0.08012
1190.04266,0.07713
1188.11391,0.07473
1186.18515,0.07305
1184.25640,0.07211
1182.32764,0.07184
1180.39888,0.07210
1178.47013,0.07282
1176.54137,0.07396
1174.61261,0.07533
1172.68386,0.07647
1170.75510,0.07731
1168.82634,0.07820
1166.89759,0.07935
1164.96883,0.08052
1163.04008,0.08127
1161.11132,0.08126
1159.18256,0.08044
1157.25381,0.07916
1155.32505,0.07789
1153.39629,0.07701
1151.46754,0.07660
1149.53878,0.07660
1147.61002,0.07684
1145.68127,0.07724
1143.75251,0.07806
1141.82376,0.07978
1139.89500,0.08274
1137.96624,0.08705
1136.03749,0.09272
1134.10873,0.09948
1132.17997,0.10685
1130.25122,0.11463
1128.32246,0.12280
1126.39370,0.13108
1124.46495,0.13862
1122.53619,0.14479
1120.60744,0.14992
1118.67868,0.15454
1116.74992,0.15902
1114.82117,0.16361
1112.89241,0.16805
1110.96365,0.17197
1109.03490,0.17567
1107.10614,0.17974
1105.17739,0.18414
1103.24863,0.18835
1101.31987,0.19175
1099.39112,0.19377
1097.46236,0.19445
1095.53360,0.19413
1093.60485,0.19314
1091.67609,0.19170
1089.74733,0.18996
1087.81858,0.18811
1085.88982,0.18625
1083.96107,0.18428
1082.03231,0.18227
1080.10355,0.18031
1078.17480,0.17824
1076.24604,0.17576
1074.31728,0.17300
1072.38853,0.17051
1070.45977,0.16880
1068.53101,0.16817
1066.60226,0.16892
1064.67350,0.17102
1062.74475,0.17390
1060.81599,0.17665
1058.88723,0.17848
1056.95848,0.17923
1055.02972,0.17925
1053.10096,0.17890
1051.17221,0.17799
1049.24345,0.17622
1047.31469,0.17389
1045.38594,0.17164
1043.45718,0.16986
1041.52843,0.16885
1039.59967,0.16878
1037.67091,0.16939
1035.74216,0.17011
1033.81340,0.17040
1031.88464,0.16994
1029.95589,0.16908
1028.02713,0.16927
1026.09838,0.17237
1024.16962,0.17883
1022.24086,0.18730
1020.31211,0.19596
1018.38335,0.20282
1016.45459,0.20530
1014.52584,0.20238
1012.59708,0.19601
1010.66832,0.18921
1008.73957,0.18389
1006.81081,0.18033
1004.88206,0.17786
1002.95330,0.17593
1001.02454,0.17422
999.09579,0.17242
997.16703,0.17044
995.23827,0.16840
993.30952,0.16643
991.38076,0.16485
989.45200,0.16416
987.52325,0.16434
985.59449,0.16490
983.66574,0.16522
981.73698,0.16470
979.80822,0.16346
977.87947,0.16212
975.95071,0.16115
974.02195,0.16058
972.09320,0.15995
970.16444,0.15870
968.23568,0.15672
966.30693,0.15417
964.37817,0.15131
962.44942,0.14835
960.52066,0.14545
958.59190,0.14268
956.66315,0.13998
954.73439,0.13740
952.80563,0.13493
950.87688,0.13251
948.94812,0.13027
947.01936,0.12828
945.09061,0.12648
943.16185,0.12477
941.23310,0.12316
939.30434,0.12159
937.37558,0.11994
935.44683,0.11824
933.51807,0.11675
931.58931,0.11559
929.66056,0.11468
927.73180,0.11364
925.80305,0.11224
923.87429,0.11086
921.94553,0.10987
920.01678,0.10913
918.08802,0.10844
916.15926,0.10779
914.23051,0.10729
912.30175,0.10715
910.37299,0.10741
908.44424,0.10794
906.51548,0.10859
904.58673,0.10930
902.65797,0.11006
900.72921,0.11066
898.80046,0.11087
896.87170,0.11072
894.94294,0.11030
893.01419,0.10952
891.08543,0.10845
889.15667,0.10737
887.22792,0.10664
885.29916,0.10666
883.37041,0.10794
881.44165,0.11052
879.51289,0.11412
877.58414,0.11898
875.65538,0.12589
873.72662,0.13396
871.79787,0.13871
869.86911,0.13639
867.94035,0.12927
866.01160,0.12221
864.08284,0.11748
862.15409,0.11491
860.22533,0.11354
858.29657,0.11263
856.36782,0.11222
854.43906,0.11250
852.51030,0.11349
850.58155,0.11506
848.65279,0.11655
846.72404,0.11710
844.79528,0.11644
842.86652,0.11490
840.93777,0.11304
839.00901,0.11120
837.08025,0.10935
835.15150,0.10740
833.22274,0.10557
831.29398,0.10391
829.36523,0.10241
827.43647,0.10122
825.50772,0.10016
823.57896,0.09915
821.65020,0.09837
819.72145,0.09770
817.79269,0.09701
815.86393,0.09648
813.93518,0.09615
812.00642,0.09591
810.07766,0.09564
808.14891,0.09530
806.22015,0.09493
804.29140,0.09447
802.36264,0.09395
800.43388,0.09356
798.50513,0.09375
796.57637,0.09528
794.64761,0.09779
792.71886,0.09937
790.79010,0.09897
788.86134,0.09739
786.93259,0.09561
785.00383,0.09378
783.07508,0.09189
781.14632,0.09018
779.21756,0.08873
777.28881,0.08754
775.36005,0.08668
773.43129,0.08592
771.50254,0.08484
769.57378,0.08337
767.64502,0.08176
765.71627,0.08036
763.78751,0.07916
761.85876,0.07798
759.93000,0.07693
758.00124,0.07602
756.07249,0.07497
754.14373,0.07374
752.21497,0.07269
750.28622,0.07198
748.35746,0.07145
746.42871,0.07113
744.49995,0.07184
742.57119,0.07472
740.64244,0.08030
738.71368,0.08903
736.78492,0.10157
734.85617,0.11749
732.92741,0.13522
730.99865,0.15360
729.06990,0.17193
727.14114,0.18931
725.21239,0.20401
723.28363,0.21330
721.35487,0.21579
719.42612,0.21296
717.49736,0.20739
715.56860,0.20110
713.63985,0.19540
711.71109,0.19059
709.78233,0.18639
707.85358,0.18252
705.92482,0.17897
703.99607,0.17600
702.06731,0.17336
700.13855,0.17019
698.20980,0.16642
696.28104,0.16295
694.35228,0.16002
692.42353,0.15738
690.49477,0.15503
688.56601,0.15298
686.63726,0.15155
684.70850,0.15098
682.77975,0.15086
680.85099,0.15082
678.92223,0.15087
676.99348,0.15110
675.06472,0.15160
673.13596,0.15246
671.20721,0.15371
669.27845,0.15490
667.34970,0.15538
665.42094,0.15580
663.49218,0.15639
661.56343,0.15642
659.63467,0.15542
657.70591,0.15356
655.77716,0.15138
653.84840,0.14975
651.91964,0.14889
649.99089,0.14786
648.06213,0.14672
646.13338,0.14638
644.20462,0.14615
642.27586,0.14534
640.34711,0.14524
638.41835,0.14716
636.48959,0.14982
634.56084,0.15083
632.63208,0.14979
630.70332,0.14843
628.77457,0.14853
626.84581,0.15003
624.91706,0.15188
622.98830,0.15394
621.05954,0.15682
619.13079,0.15969
617.20203,0.15981
615.27327,0.15733
613.34452,0.15606
611.41576,0.15717
609.48700,0.15773
607.55825,0.15587
605.62949,0.15368
603.70074,0.15323
601.77198,0.15554
599.84322,0.15996
