12493.60475,0.11707
12489.74751,0.11825
12485.89027,0.11923
12482.03303,0.12176
12478.17579,0.12279
12474.31855,0.11884
12470.46130,0.11459
12466.60406,0.11423
12462.74682,0.11441
12458.88958,0.11249
12455.03234,0.11226
12451.17510,0.11581
12447.31786,0.11770
12443.46062,0.11558
12439.60337,0.11493
12435.74613,0.11662
12431.88889,0.11644
12428.03165,0.11591
12424.17441,0.11763
12420.31717,0.11831
12416.45993,0.11581
12412.60268,0.11389
12408.74544,0.11576
12404.88820,0.11816
12401.03096,0.11819
12397.17372,0.11791
12393.31648,0.11717
12389.45924,0.11559
12385.60199,0.11587
12381.74475,0.11834
12377.88751,0.12134
12374.03027,0.12247
12370.17303,0.11930
12366.31579,0.11442
12362.45855,0.11353
12358.60131,0.11647
12354.74406,0.11817
12350.88682,0.11795
12347.02958,0.11783
12343.17234,0.11760
12339.31510,0.11755
12335.45786,0.11790
12331.60062,0.11786
12327.74337,0.11756
12323.88613,0.11726
12320.02889,0.11691
12316.17165,0.11732
12312.31441,0.11873
12308.45717,0.11912
12304.59993,0.11703
12300.74268,0.11443
12296.88544,0.11504
12293.02820,0.11832
12289.17096,0.11941
12285.31372,0.11792
12281.45648,0.11760
12277.59924,0.11877
12273.74200,0.11934
12269.88475,0.11847
12266.02751,0.11578
12262.17027,0.11363
12258.31303,0.11599
12254.45579,0.12034
12250.59855,0.12091
12246.74131,0.11783
12242.88406,0.11428
12239.02682,0.11257
12235.16958,0.11467
12231.31234,0.11888
12227.45510,0.12052
12223.59786,0.11929
12219.74062,0.11838
12215.88338,0.11811
12212.02613,0.11738
12208.16889,0.11706
12204.31165,0.11725
12200.45441,0.11702
12196.59717,0.11736
12192.73993,0.11809
12188.88269,0.11673
12185.02544,0.11443
12181.16820,0.11508
12177.31096,0.11735
12173.45372,0.11688
12169.59648,0.11436
12165.73924,0.11392
12161.88200,0.11671
12158.02475,0.11942
12154.16751,0.11916
12150.31027,0.11789
12146.45303,0.11799
12142.59579,0.11765
12138.73855,0.11492
12134.88131,0.11177
12131.02407,0.11084
12127.16682,0.11218
12123.30958,0.11408
12119.45234,0.11528
12115.59510,0.11613
12111.73786,0.11596
12107.88062,0.11358
12104.02338,0.11172
12100.16613,0.11337
12096.30889,0.11561
12092.45165,0.11584
12088.59441,0.11631
12084.73717,0.11702
12080.87993,0.11615
12077.02269,0.11517
12073.16544,0.11538
12069.30820,0.11503
12065.45096,0.11372
12061.59372,0.11418
12057.73648,0.11608
12053.87924,0.11636
12050.02200,0.11573
12046.16476,0.11668
12042.30751,0.11892
12038.45027,0.12077
12034.59303,0.12132
12030.73579,0.12043
12026.87855,0.11992
12023.02131,0.12070
12019.16407,0.12037
12015.30682,0.11891
12011.44958,0.11875
12007.59234,0.12034
12003.73510,0.12200
11999.87786,0.12178
11996.02062,0.12069
11992.16338,0.12013
11988.30614,0.11900
11984.44889,0.11753
11980.59165,0.11667
11976.73441,0.11630
11972.87717,0.11703
11969.01993,0.11891
11965.16269,0.12091
11961.30545,0.12237
11957.44820,0.12261
11953.59096,0.12161
11949.73372,0.11965
11945.87648,0.11778
11942.01924,0.11780
11938.16200,0.11918
11934.30476,0.12025
11930.44751,0.12149
11926.59027,0.12321
11922.73303,0.12427
11918.87579,0.12445
11915.01855,0.12379
11911.16131,0.12210
11907.30407,0.12126
11903.44683,0.12246
11899.58958,0.12303
11895.73234,0.12183
11891.87510,0.12118
11888.01786,0.12073
11884.16062,0.11925
11880.30338,0.11935
11876.44614,0.12209
11872.58889,0.12415
11868.73165,0.12330
11864.87441,0.12134
11861.01717,0.12115
11857.15993,0.12285
11853.30269,0.12440
11849.44545,0.12494
11845.58820,0.12540
11841.73096,0.12571
11837.87372,0.12534
11834.01648,0.12582
11830.15924,0.12752
11826.30200,0.12758
11822.44476,0.12529
11818.58752,0.12326
11814.73027,0.12236
11810.87303,0.12152
11807.01579,0.12047
11803.15855,0.12033
11799.30131,0.12195
11795.44407,0.12409
11791.58683,0.12541
11787.72958,0.12642
11783.87234,0.12670
11780.01510,0.12528
11776.15786,0.12376
11772.30062,0.12347
11768.44338,0.12363
11764.58614,0.12346
11760.72890,0.12225
11756.87165,0.12082
11753.01441,0.12117
11749.15717,0.12301
11745.29993,0.12472
11741.44269,0.12546
11737.58545,0.12492
11733.72821,0.12415
11729.87096,0.12459
11726.01372,0.12546
11722.15648,0.12487
11718.29924,0.12316
11714.44200,0.12251
11710.58476,0.12324
11706.72752,0.12404
11702.87027,0.12465
11699.01303,0.12517
11695.15579,0.12513
11691.29855,0.12415
11687.44131,0.12282
11683.58407,0.12241
11679.72683,0.12260
11675.86959,0.12267
11672.01234,0.12325
11668.15510,0.12459
11664.29786,0.12593
11660.44062,0.12651
11656.58338,0.12659
11652.72614,0.12653
11648.86890,0.12590
11645.01165,0.12432
11641.15441,0.12241
11637.29717,0.12126
11633.43993,0.12050
11629.58269,0.12006
11625.72545,0.12120
11621.86821,0.12318
11618.01096,0.12397
11614.15372,0.12291
11610.29648,0.12143
11606.43924,0.12169
11602.58200,0.12332
11598.72476,0.12414
11594.86752,0.12335
11591.01028,0.12182
11587.15303,0.12101
11583.29579,0.12119
11579.43855,0.12090
11575.58131,0.12070
11571.72407,0.12252
11567.86683,0.12406
11564.00959,0.12206
11560.15234,0.11919
11556.29510,0.12012
11552.43786,0.12414
11548.58062,0.12633
11544.72338,0.12437
11540.86614,0.12116
11537.00890,0.12074
11533.15166,0.12272
11529.29441,0.12295
11525.43717,0.12099
11521.57993,0.12092
11517.72269,0.12345
11513.86545,0.12493
11510.00821,0.12441
11506.15097,0.12467
11502.29372,0.12649
11498.43648,0.12690
11494.57924,0.12475
11490.72200,0.12341
11486.86476,0.12486
11483.00752,0.12670
11479.15028,0.12711
11475.29303,0.12662
11471.43579,0.12569
11467.57855,0.12467
11463.72131,0.12364
11459.86407,0.12237
11456.00683,0.12218
11452.14959,0.12334
11448.29235,0.12301
11444.43510,0.12075
11440.57786,0.11926
11436.72062,0.11949
11432.86338,0.12025
11429.00614,0.12074
11425.14890,0.12126
11421.29166,0.12168
11417.43441,0.12145
11413.57717,0.12063
11409.71993,0.11964
11405.86269,0.11949
11402.00545,0.12050
11398.14821,0.12114
11394.29097,0.12055
11390.43372,0.11949
11386.57648,0.11911
11382.71924,0.12010
11378.86200,0.12123
11375.00476,0.12087
11371.14752,0.11981
11367.29028,0.11902
11363.43304,0.11844
11359.57579,0.11922
11355.71855,0.12125
11351.86131,0.12212
11348.00407,0.12160
11344.14683,0.12106
11340.28959,0.12050
11336.43235,0.11988
11332.57510,0.11989
11328.71786,0.12112
11324.86062,0.12322
11321.00338,0.12433
11317.14614,0.12297
11313.28890,0.12051
11309.43166,0.11906
11305.57442,0.11857
11301.71717,0.11845
11297.85993,0.11887
11294.00269,0.11973
11290.14545,0.12109
11286.28821,0.12283
11282.43097,0.12373
11278.57373,0.12296
11274.71648,0.12156
11270.85924,0.12057
11267.00200,0.12041
11263.14476,0.12151
11259.28752,0.12247
11255.43028,0.12174
11251.57304,0.12056
11247.71579,0.12051
11243.85855,0.12124
11240.00131,0.12170
11236.14407,0.12161
11232.28683,0.12121
11228.42959,0.12072
11224.57235,0.12085
11220.71511,0.12226
11216.85786,0.12345
11213.00062,0.12220
11209.14338,0.11936
11205.28614,0.11773
11201.42890,0.11873
11197.57166,0.12098
11193.71442,0.12189
11189.85717,0.12167
11185.99993,0.12188
11182.14269,0.12214
11178.28545,0.12157
11174.42821,0.12059
11170.57097,0.12016
11166.71373,0.12047
11162.85648,0.12086
11158.99924,0.12084
11155.14200,0.12083
11151.28476,0.12085
11147.42752,0.12013
11143.57028,0.11949
11139.71304,0.12000
11135.85580,0.12049
11131.99855,0.12034
11128.14131,0.12043
11124.28407,0.12051
11120.42683,0.11997
11116.56959,0.11931
11112.71235,0.11938
11108.85511,0.12015
11104.99786,0.12053
11101.14062,0.12050
11097.28338,0.12093
11093.42614,0.12140
11089.56890,0.12144
11085.71166,0.12179
11081.85442,0.12197
11077.99718,0.12094
11074.13993,0.12013
11070.28269,0.12089
11066.42545,0.12204
11062.56821,0.12261
11058.71097,0.12236
11054.85373,0.12149
11050.99649,0.12138
11047.13924,0.12214
11043.28200,0.12235
11039.42476,0.12202
11035.56752,0.12190
11031.71028,0.12178
11027.85304,0.12131
11023.99580,0.12081
11020.13855,0.12109
11016.28131,0.12214
11012.42407,0.12291
11008.56683,0.12284
11004.70959,0.12247
11000.85235,0.12243
10996.99511,0.12241
10993.13787,0.12190
10989.28062,0.12145
10985.42338,0.12173
10981.56614,0.12196
10977.70890,0.12131
10973.85166,0.12063
10969.99442,0.12089
10966.13718,0.12180
10962.27993,0.12232
10958.42269,0.12208
10954.56545,0.12166
10950.70821,0.12155
10946.85097,0.12142
10942.99373,0.12098
10939.13649,0.12071
10935.27924,0.12080
10931.42200,0.12072
10927.56476,0.12059
10923.70752,0.12055
10919.85028,0.12049
10915.99304,0.12073
10912.13580,0.12127
10908.27856,0.12173
10904.42131,0.12196
10900.56407,0.12196
10896.70683,0.12184
10892.84959,0.12152
10888.99235,0.12092
10885.13511,0.12041
10881.27787,0.12023
10877.42062,0.12021
10873.56338,0.12021
10869.70614,0.12003
10865.84890,0.11988
10861.99166,0.12039
10858.13442,0.12125
10854.27718,0.12126
10850.41993,0.12037
10846.56269,0.11968
10842.70545,0.11926
10838.84821,0.11889
10834.99097,0.11947
10831.13373,0.12060
10827.27649,0.12079
10823.41925,0.12004
10819.56200,0.11896
10815.70476,0.11800
10811.84752,0.11772
10807.99028,0.11789
10804.13304,0.11818
10800.27580,0.11853
10796.41856,0.11827
10792.56131,0.11767
10788.70407,0.11739
10784.84683,0.11716
10780.98959,0.11720
10777.13235,0.11780
10773.27511,0.11826
10769.41787,0.11838
10765.56063,0.11878
10761.70338,0.11972
10757.84614,0.12082
10753.98890,0.12128
10750.13166,0.12059
10746.27442,0.11972
10742.41718,0.11968
10738.55994,0.11994
10734.70269,0.11965
10730.84545,0.11899
10726.98821,0.11883
10723.13097,0.11919
10719.27373,0.11897
10715.41649,0.11832
10711.55925,0.11844
10707.70200,0.11942
10703.84476,0.12012
10699.98752,0.11988
10696.13028,0.11925
10692.27304,0.11911
10688.41580,0.11959
10684.55856,0.11993
10680.70132,0.11966
10676.84407,0.11902
10672.98683,0.11835
10669.12959,0.11803
10665.27235,0.11822
10661.41511,0.11873
10657.55787,0.11913
10653.70063,0.11872
10649.84338,0.11754
10645.98614,0.11690
10642.12890,0.11787
10638.27166,0.11948
10634.41442,0.11984
10630.55718,0.11908
10626.69994,0.11874
10622.84269,0.11905
10618.98545,0.11916
10615.12821,0.11897
10611.27097,0.11859
10607.41373,0.11789
10603.55649,0.11740
10599.69925,0.11736
10595.84201,0.11753
10591.98476,0.11829
10588.12752,0.11907
10584.27028,0.11901
10580.41304,0.11883
10576.55580,0.11896
10572.69856,0.11860
10568.84132,0.11767
10564.98407,0.11692
10561.12683,0.11660
10557.26959,0.11663
10553.41235,0.11681
10549.55511,0.11659
10545.69787,0.11618
10541.84063,0.11621
10537.98339,0.11636
10534.12614,0.11619
10530.26890,0.11613
10526.41166,0.11639
10522.55442,0.11613
10518.69718,0.11523
10514.83994,0.11468
10510.98270,0.11491
10507.12545,0.11528
10503.26821,0.11504
10499.41097,0.11415
10495.55373,0.11360
10491.69649,0.11436
10487.83925,0.11565
10483.98201,0.11621
10480.12476,0.11603
10476.26752,0.11557
10472.41028,0.11541
10468.55304,0.11571
10464.69580,0.11550
10460.83856,0.11457
10456.98132,0.11423
10453.12408,0.11512
10449.26683,0.11612
10445.40959,0.11607
10441.55235,0.11524
10437.69511,0.11457
10433.83787,0.11437
10429.98063,0.11445
10426.12339,0.11470
10422.26614,0.11515
10418.40890,0.11571
10414.55166,0.11612
10410.69442,0.11602
10406.83718,0.11545
10402.97994,0.11483
10399.12270,0.11466
10395.26545,0.11487
10391.40821,0.11493
10387.55097,0.11477
10383.69373,0.11478
10379.83649,0.11499
10375.97925,0.11528
10372.12201,0.11558
10368.26477,0.11554
10364.40752,0.11522
10360.55028,0.11529
10356.69304,0.11563
10352.83580,0.11555
10348.97856,0.11546
10345.12132,0.11612
10341.26408,0.11689
10337.40683,0.11700
10333.54959,0.11682
10329.69235,0.11684
10325.83511,0.11698
10321.97787,0.11696
10318.12063,0.11683
10314.26339,0.11699
10310.40615,0.11735
10306.54890,0.11765
10302.69166,0.11758
10298.83442,0.11675
10294.97718,0.11577
10291.11994,0.11567
10287.26270,0.11621
10283.40546,0.11640
10279.54821,0.11627
10275.69097,0.11647
10271.83373,0.11688
10267.97649,0.11687
10264.11925,0.11646
10260.26201,0.11631
10256.40477,0.11666
10252.54752,0.11708
10248.69028,0.11716
10244.83304,0.11717
10240.97580,0.11735
10237.11856,0.11748
10233.26132,0.11766
10229.40408,0.11795
10225.54684,0.11797
10221.68959,0.11790
10217.83235,0.11794
10213.97511,0.11802
10210.11787,0.11825
10206.26063,0.11847
10202.40339,0.11837
10198.54615,0.11790
10194.68890,0.11751
10190.83166,0.11775
10186.97442,0.11841
10183.11718,0.11868
10179.25994,0.11831
10175.40270,0.11789
10171.54546,0.11789
10167.68821,0.11796
10163.83097,0.11778
10159.97373,0.11797
10156.11649,0.11864
10152.25925,0.11881
10148.40201,0.11837
10144.54477,0.11822
10140.68753,0.11849
10136.83028,0.11878
10132.97304,0.11904
10129.11580,0.11946
10125.25856,0.11965
10121.40132,0.11930
10117.54408,0.11896
10113.68684,0.11886
10109.82959,0.11859
10105.97235,0.11830
10102.11511,0.11849
10098.25787,0.11895
10094.40063,0.11925
10090.54339,0.11934
10086.68615,0.11947
10082.82891,0.11963
10078.97166,0.11956
10075.11442,0.11922
10071.25718,0.11878
10067.39994,0.11861
10063.54270,0.11896
10059.68546,0.11942
10055.82822,0.11966
10051.97097,0.11961
10048.11373,0.11936
10044.25649,0.11914
10040.39925,0.11926
10036.54201,0.11958
10032.68477,0.11966
10028.82753,0.11958
10024.97028,0.11949
10021.11304,0.11899
10017.25580,0.11811
10013.39856,0.11773
10009.54132,0.11830
10005.68408,0.11914
10001.82684,0.11933
9997.96960,0.11895
9994.11235,0.11882
9990.25511,0.11907
9986.39787,0.11930
9982.54063,0.11949
9978.68339,0.11988
9974.82615,0.12033
9970.96891,0.12046
9967.11166,0.12045
9963.25442,0.12093
9959.39718,0.12158
9955.53994,0.12142
9951.68270,0.12058
9947.82546,0.12023
9943.96822,0.12054
9940.11097,0.12060
9936.25373,0.12030
9932.39649,0.12028
9928.53925,0.12063
9924.68201,0.12091
9920.82477,0.12058
9916.96753,0.11989
9913.11029,0.11962
9909.25304,0.11989
9905.39580,0.12032
9901.53856,0.12051
9897.68132,0.12030
9893.82408,0.12007
9889.96684,0.12020
9886.10960,0.12050
9882.25235,0.12051
9878.39511,0.12032
9874.53787,0.12049
9870.68063,0.12073
9866.82339,0.12066
9862.96615,0.12062
9859.10891,0.12062
9855.25167,0.12035
9851.39442,0.12006
9847.53718,0.12012
9843.67994,0.12021
9839.82270,0.12003
9835.96546,0.11982
9832.10822,0.11974
9828.25098,0.11968
9824.39373,0.11965
9820.53649,0.11980
9816.67925,0.12008
9812.82201,0.12033
9808.96477,0.12058
9805.10753,0.12071
9801.25029,0.12040
9797.39304,0.11982
9793.53580,0.11945
9789.67856,0.11934
9785.82132,0.11929
9781.96408,0.11939
9778.10684,0.11953
9774.24960,0.11937
9770.39236,0.11913
9766.53511,0.11930
9762.67787,0.11968
9758.82063,0.11976
9754.96339,0.11960
9751.10615,0.11953
9747.24891,0.11962
9743.39167,0.11966
9739.53442,0.11938
9735.67718,0.11889
9731.81994,0.11854
9727.96270,0.11852
9724.10546,0.11874
9720.24822,0.11892
9716.39098,0.11887
9712.53373,0.11879
9708.67649,0.11905
9704.81925,0.11936
9700.96201,0.11935
9697.10477,0.11931
9693.24753,0.11943
9689.39029,0.11960
9685.53305,0.11958
9681.67580,0.11905
9677.81856,0.11839
9673.96132,0.11832
9670.10408,0.11858
9666.24684,0.11849
9662.38960,0.11822
9658.53236,0.11833
9654.67511,0.11878
9650.81787,0.11898
9646.96063,0.11871
9643.10339,0.11851
9639.24615,0.11852
9635.38891,0.11846
9631.53167,0.11830
9627.67443,0.11823
9623.81718,0.11834
9619.95994,0.11842
9616.10270,0.11831
9612.24546,0.11804
9608.38822,0.11764
9604.53098,0.11726
9600.67374,0.11709
9596.81649,0.11734
9592.95925,0.11785
9589.10201,0.11813
9585.24477,0.11784
9581.38753,0.11716
9577.53029,0.11671
9573.67305,0.11686
9569.81580,0.11729
9565.95856,0.11756
9562.10132,0.11750
9558.24408,0.11734
9554.38684,0.11741
9550.52960,0.11740
9546.67236,0.11706
9542.81512,0.11681
9538.95787,0.11692
9535.10063,0.11720
9531.24339,0.11745
9527.38615,0.11746
9523.52891,0.11723
9519.67167,0.11705
9515.81443,0.11703
9511.95718,0.11694
9508.09994,0.11663
9504.24270,0.11643
9500.38546,0.11678
9496.52822,0.11738
9492.67098,0.11755
9488.81374,0.11723
9484.95649,0.11671
9481.09925,0.11633
9477.24201,0.11633
9473.38477,0.11643
9469.52753,0.11635
9465.67029,0.11625
9461.81305,0.11625
9457.95581,0.11626
9454.09856,0.11614
9450.24132,0.11599
9446.38408,0.11611
9442.52684,0.11653
9438.66960,0.11686
9434.81236,0.11682
9430.95512,0.11668
9427.09787,0.11668
9423.24063,0.11657
9419.38339,0.11637
9415.52615,0.11637
9411.66891,0.11655
9407.81167,0.11674
9403.95443,0.11679
9400.09719,0.11651
9396.23994,0.11589
9392.38270,0.11538
9388.52546,0.11549
9384.66822,0.11592
9380.81098,0.11603
9376.95374,0.11588
9373.09650,0.11591
9369.23925,0.11610
9365.38201,0.11629
9361.52477,0.11632
9357.66753,0.11627
9353.81029,0.11637
9349.95305,0.11644
9346.09581,0.11628
9342.23856,0.11582
9338.38132,0.11523
9334.52408,0.11502
9330.66684,0.11530
9326.80960,0.11566
9322.95236,0.11581
9319.09512,0.11581
9315.23788,0.11579
9311.38063,0.11576
9307.52339,0.11568
9303.66615,0.11565
9299.80891,0.11568
9295.95167,0.11565
9292.09443,0.11549
9288.23719,0.11523
9284.37994,0.11507
9280.52270,0.11502
9276.66546,0.11488
9272.80822,0.11481
9268.95098,0.11511
9265.09374,0.11570
9261.23650,0.11606
9257.37925,0.11588
9253.52201,0.11552
9249.66477,0.11529
9245.80753,0.11524
9241.95029,0.11539
9238.09305,0.11563
9234.23581,0.11569
9230.37857,0.11567
9226.52132,0.11590
9222.66408,0.11611
9218.80684,0.11592
9214.94960,0.11553
9211.09236,0.11528
9207.23512,0.11522
9203.37788,0.11508
9199.52063,0.11493
9195.66339,0.11506
9191.80615,0.11529
9187.94891,0.11520
9184.09167,0.11488
9180.23443,0.11479
9176.37719,0.11495
9172.51995,0.11501
9168.66270,0.11489
9164.80546,0.11480
9160.94822,0.11486
9157.09098,0.11496
9153.23374,0.11508
9149.37650,0.11525
9145.51926,0.11527
9141.66201,0.11499
9137.80477,0.11461
9133.94753,0.11447
9130.09029,0.11462
9126.23305,0.11483
9122.37581,0.11503
9118.51857,0.11521
9114.66132,0.11527
9110.80408,0.11528
9106.94684,0.11534
9103.08960,0.11524
9099.23236,0.11502
9095.37512,0.11499
9091.51788,0.11530
9087.66064,0.11568
9083.80339,0.11569
9079.94615,0.11544
9076.08891,0.11540
9072.23167,0.11561
9068.37443,0.11578
9064.51719,0.11581
9060.65995,0.11588
9056.80270,0.11603
9052.94546,0.11612
9049.08822,0.11623
9045.23098,0.11637
9041.37374,0.11636
9037.51650,0.11627
9033.65926,0.11647
9029.80201,0.11688
9025.94477,0.11712
9022.08753,0.11715
9018.23029,0.11733
9014.37305,0.11788
9010.51581,0.11844
9006.65857,0.11854
9002.80133,0.11840
8998.94408,0.11852
8995.08684,0.11891
8991.22960,0.11928
8987.37236,0.11959
8983.51512,0.11996
8979.65788,0.12042
8975.80064,0.12090
8971.94339,0.12144
8968.08615,0.12207
8964.22891,0.12254
8960.37167,0.12291
8956.51443,0.12353
8952.65719,0.12425
8948.79995,0.12480
8944.94271,0.12533
8941.08546,0.12596
8937.22822,0.12666
8933.37098,0.12743
8929.51374,0.12827
8925.65650,0.12924
8921.79926,0.13021
8917.94202,0.13106
8914.08477,0.13195
8910.22753,0.13292
8906.37029,0.13385
8902.51305,0.13481
8898.65581,0.13600
8894.79857,0.13737
8890.94133,0.13851
8887.08408,0.13936
8883.22684,0.14031
8879.36960,0.14142
8875.51236,0.14249
8871.65512,0.14348
8867.79788,0.14419
8863.94064,0.14441
8860.08340,0.14437
8856.22615,0.14422
8852.36891,0.14409
8848.51167,0.14414
8844.65443,0.14406
8840.79719,0.14358
8836.93995,0.14289
8833.08271,0.14224
8829.22546,0.14169
8825.36822,0.14119
8821.51098,0.14067
8817.65374,0.13997
8813.79650,0.13891
8809.93926,0.13762
8806.08202,0.13646
8802.22477,0.13556
8798.36753,0.13471
8794.51029,0.13379
8790.65305,0.13282
8786.79581,0.13186
8782.93857,0.13092
8779.08133,0.13008
8775.22409,0.12939
8771.36684,0.12875
8767.50960,0.12815
8763.65236,0.12757
8759.79512,0.12703
8755.93788,0.12664
8752.08064,0.12649
8748.22340,0.12660
8744.36615,0.12680
8740.50891,0.12680
8736.65167,0.12672
8732.79443,0.12683
8728.93719,0.12694
8725.07995,0.12690
8721.22271,0.12683
8717.36547,0.12681
8713.50822,0.12688
8709.65098,0.12715
8705.79374,0.12747
8701.93650,0.12774
8698.07926,0.12806
8694.22202,0.12834
8690.36478,0.12850
8686.50753,0.12868
8682.65029,0.12896
8678.79305,0.12924
8674.93581,0.12953
8671.07857,0.12994
8667.22133,0.13038
8663.36409,0.13071
8659.50684,0.13096
8655.64960,0.13113
8651.79236,0.13130
8647.93512,0.13157
8644.07788,0.13186
8640.22064,0.13208
8636.36340,0.13235
8632.50616,0.13267
8628.64891,0.13297
8624.79167,0.13331
8620.93443,0.13373
8617.07719,0.13409
8613.21995,0.13437
8609.36271,0.13473
8605.50547,0.13518
8601.64822,0.13551
8597.79098,0.13578
8593.93374,0.13621
8590.07650,0.13668
8586.21926,0.13702
8582.36202,0.13734
8578.50478,0.13766
8574.64753,0.13784
8570.79029,0.13799
8566.93305,0.13834
8563.07581,0.13875
8559.21857,0.13913
8555.36133,0.13949
8551.50409,0.13973
8547.64685,0.13988
8543.78960,0.14007
8539.93236,0.14041
8536.07512,0.14086
8532.21788,0.14123
8528.36064,0.14142
8524.50340,0.14169
8520.64616,0.14217
8516.78891,0.14258
8512.93167,0.14280
8509.07443,0.14298
8505.21719,0.14315
8501.35995,0.14317
8497.50271,0.14314
8493.64547,0.14323
8489.78822,0.14339
8485.93098,0.14345
8482.07374,0.14348
8478.21650,0.14356
8474.35926,0.14370
8470.50202,0.14384
8466.64478,0.14391
8462.78754,0.14393
8458.93029,0.14397
8455.07305,0.14397
8451.21581,0.14391
8447.35857,0.14388
8443.50133,0.14394
8439.64409,0.14400
8435.78685,0.14387
8431.92960,0.14362
8428.07236,0.14354
8424.21512,0.14371
8420.35788,0.14386
8416.50064,0.14373
8412.64340,0.14339
8408.78616,0.14315
8404.92892,0.14316
8401.07167,0.14331
8397.21443,0.14341
8393.35719,0.14333
8389.49995,0.14313
8385.64271,0.14299
8381.78547,0.14295
8377.92823,0.14287
8374.07098,0.14280
8370.21374,0.14289
8366.35650,0.14302
8362.49926,0.14303
8358.64202,0.14300
8354.78478,0.14295
8350.92754,0.14281
8347.07029,0.14269
8343.21305,0.14268
8339.35581,0.14267
8335.49857,0.14260
8331.64133,0.14259
8327.78409,0.14265
8323.92685,0.14271
8320.06961,0.14274
8316.21236,0.14281
8312.35512,0.14297
8308.49788,0.14311
8304.64064,0.14320
8300.78340,0.14322
8296.92616,0.14310
8293.06892,0.14291
8289.21167,0.14283
8285.35443,0.14294
8281.49719,0.14316
8277.63995,0.14329
8273.78271,0.14326
8269.92547,0.14320
8266.06823,0.14319
8262.21098,0.14316
8258.35374,0.14314
8254.49650,0.14328
8250.63926,0.14357
8246.78202,0.14365
8242.92478,0.14350
8239.06754,0.14345
8235.21030,0.14359
8231.35305,0.14366
8227.49581,0.14366
8223.63857,0.14378
8219.78133,0.14397
8215.92409,0.14412
8212.06685,0.14417
8208.20961,0.14405
8204.35236,0.14380
8200.49512,0.14356
8196.63788,0.14333
8192.78064,0.14304
8188.92340,0.14286
8185.06616,0.14288
8181.20892,0.14294
8177.35168,0.14290
8173.49443,0.14275
8169.63719,0.14253
8165.77995,0.14230
8161.92271,0.14215
8158.06547,0.14209
8154.20823,0.14198
8150.35099,0.14181
8146.49374,0.14168
8142.63650,0.14148
8138.77926,0.14114
8134.92202,0.14081
8131.06478,0.14061
8127.20754,0.14052
8123.35030,0.14046
8119.49305,0.14032
8115.63581,0.14011
8111.77857,0.13989
8107.92133,0.13960
8104.06409,0.13928
8100.20685,0.13901
8096.34961,0.13878
8092.49237,0.13858
8088.63512,0.13843
8084.77788,0.13827
8080.92064,0.13802
8077.06340,0.13769
8073.20616,0.13739
8069.34892,0.13723
8065.49168,0.13719
8061.63443,0.13715
8057.77719,0.13704
8053.91995,0.13686
8050.06271,0.13670
8046.20547,0.13656
8042.34823,0.13640
8038.49099,0.13616
8034.63374,0.13590
8030.77650,0.13571
8026.91926,0.13563
8023.06202,0.13561
8019.20478,0.13561
8015.34754,0.13556
8011.49030,0.13542
8007.63306,0.13524
8003.77581,0.13508
7999.91857,0.13502
7996.06133,0.13501
7992.20409,0.13498
7988.34685,0.13494
7984.48961,0.13487
7980.63237,0.13472
7976.77512,0.13452
7972.91788,0.13433
7969.06064,0.13422
7965.20340,0.13425
7961.34616,0.13441
7957.48892,0.13451
7953.63168,0.13441
7949.77444,0.13421
7945.91719,0.13406
7942.05995,0.13393
7938.20271,0.13377
7934.34547,0.13373
7930.48823,0.13379
7926.63099,0.13377
7922.77375,0.13367
7918.91650,0.13353
7915.05926,0.13347
7911.20202,0.13353
7907.34478,0.13363
7903.48754,0.13375
7899.63030,0.13390
7895.77306,0.13400
7891.91581,0.13404
7888.05857,0.13409
7884.20133,0.13418
7880.34409,0.13419
7876.48685,0.13406
7872.62961,0.13391
7868.77237,0.13382
7864.91513,0.13375
7861.05788,0.13359
7857.20064,0.13348
7853.34340,0.13360
7849.48616,0.13376
7845.62892,0.13371
7841.77168,0.13355
7837.91444,0.13344
7834.05719,0.13321
7830.19995,0.13286
7826.34271,0.13263
7822.48547,0.13251
7818.62823,0.13239
7814.77099,0.13240
7810.91375,0.13242
7807.05650,0.13230
7803.19926,0.13217
7799.34202,0.13209
7795.48478,0.13183
7791.62754,0.13150
7787.77030,0.13141
7783.91306,0.13134
7780.05582,0.13108
7776.19857,0.13092
7772.34133,0.13091
7768.48409,0.13077
7764.62685,0.13057
7760.76961,0.13050
7756.91237,0.13037
7753.05513,0.13011
7749.19788,0.13000
7745.34064,0.13001
7741.48340,0.12979
7737.62616,0.12942
7733.76892,0.12918
7729.91168,0.12914
7726.05444,0.12915
7722.19720,0.12895
7718.33995,0.12847
7714.48271,0.12813
7710.62547,0.12823
7706.76823,0.12846
7702.91099,0.12833
7699.05375,0.12801
7695.19651,0.12779
7691.33926,0.12759
7687.48202,0.12744
7683.62478,0.12760
7679.76754,0.12795
7675.91030,0.12809
7672.05306,0.12798
7668.19582,0.12790
7664.33857,0.12788
7660.48133,0.12783
7656.62409,0.12782
7652.76685,0.12787
7648.90961,0.12792
7645.05237,0.12805
7641.19513,0.12820
7637.33789,0.12826
7633.48064,0.12821
7629.62340,0.12810
7625.76616,0.12803
7621.90892,0.12813
7618.05168,0.12833
7614.19444,0.12855
7610.33720,0.12875
7606.47995,0.12901
7602.62271,0.12924
7598.76547,0.12934
7594.90823,0.12936
7591.05099,0.12934
7587.19375,0.12927
7583.33651,0.12926
7579.47926,0.12944
7575.62202,0.12966
7571.76478,0.12977
7567.90754,0.12990
7564.05030,0.13009
7560.19306,0.13036
7556.33582,0.13075
7552.47858,0.13113
7548.62133,0.13143
7544.76409,0.13173
7540.90685,0.13192
7537.04961,0.13216
7533.19237,0.13258
7529.33513,0.13292
7525.47789,0.13307
7521.62064,0.13324
7517.76340,0.13347
7513.90616,0.13365
7510.04892,0.13380
7506.19168,0.13407
7502.33444,0.13443
7498.47720,0.13477
7494.61996,0.13515
7490.76271,0.13554
7486.90547,0.13581
7483.04823,0.13611
7479.19099,0.13657
7475.33375,0.13713
7471.47651,0.13765
7467.61927,0.13812
7463.76202,0.13866
7459.90478,0.13933
7456.04754,0.14010
7452.19030,0.14088
7448.33306,0.14162
7444.47582,0.14228
7440.61858,0.14299
7436.76133,0.14392
7432.90409,0.14496
7429.04685,0.14597
7425.18961,0.14701
7421.33237,0.14810
7417.47513,0.14904
7413.61789,0.14980
7409.76065,0.15066
7405.90340,0.15171
7402.04616,0.15277
7398.18892,0.15369
7394.33168,0.15458
7390.47444,0.15554
7386.61720,0.15662
7382.75996,0.15786
7378.90271,0.15914
7375.04547,0.16027
7371.18823,0.16131
7367.33099,0.16242
7363.47375,0.16348
7359.61651,0.16447
7355.75927,0.16547
7351.90202,0.16646
7348.04478,0.16741
7344.18754,0.16834
7340.33030,0.16911
7336.47306,0.16981
7332.61582,0.17060
7328.75858,0.17135
7324.90134,0.17193
7321.04409,0.17242
7317.18685,0.17285
7313.32961,0.17319
7309.47237,0.17345
7305.61513,0.17365
7301.75789,0.17385
7297.90065,0.17409
7294.04340,0.17435
7290.18616,0.17462
7286.32892,0.17491
7282.47168,0.17519
7278.61444,0.17553
7274.75720,0.17592
7270.89996,0.17627
7267.04272,0.17653
7263.18547,0.17678
7259.32823,0.17717
7255.47099,0.17769
7251.61375,0.17812
7247.75651,0.17839
7243.89927,0.17853
7240.04203,0.17868
7236.18478,0.17897
7232.32754,0.17929
7228.47030,0.17961
7224.61306,0.17991
7220.75582,0.18013
7216.89858,0.18033
7213.04134,0.18068
7209.18409,0.18110
7205.32685,0.18141
7201.46961,0.18164
7197.61237,0.18190
7193.75513,0.18215
7189.89789,0.18242
7186.04065,0.18279
7182.18341,0.18324
7178.32616,0.18370
7174.46892,0.18424
7170.61168,0.18486
7166.75444,0.18555
7162.89720,0.18639
7159.03996,0.18737
7155.18272,0.18843
7151.32547,0.18955
7147.46823,0.19064
7143.61099,0.19176
7139.75375,0.19308
7135.89651,0.19446
7132.03927,0.19576
7128.18203,0.19712
7124.32478,0.19862
7120.46754,0.20009
7116.61030,0.20144
7112.75306,0.20277
7108.89582,0.20415
7105.03858,0.20560
7101.18134,0.20708
7097.32410,0.20854
7093.46685,0.21006
7089.60961,0.21171
7085.75237,0.21341
7081.89513,0.21511
7078.03789,0.21686
7074.18065,0.21870
7070.32341,0.22063
7066.46616,0.22256
7062.60892,0.22441
7058.75168,0.22620
7054.89444,0.22801
7051.03720,0.22984
7047.17996,0.23160
7043.32272,0.23331
7039.46548,0.23497
7035.60823,0.23655
7031.75099,0.23808
7027.89375,0.23958
7024.03651,0.24104
7020.17927,0.24243
7016.32203,0.24365
7012.46479,0.24477
7008.60754,0.24597
7004.75030,0.24725
7000.89306,0.24840
6997.03582,0.24933
6993.17858,0.25019
6989.32134,0.25114
6985.46410,0.25212
6981.60685,0.25306
6977.74961,0.25401
6973.89237,0.25493
6970.03513,0.25578
6966.17789,0.25662
6962.32065,0.25743
6958.46341,0.25811
6954.60617,0.25865
6950.74892,0.25910
6946.89168,0.25956
6943.03444,0.26010
6939.17720,0.26071
6935.31996,0.26131
6931.46272,0.26186
6927.60548,0.26243
6923.74823,0.26299
6919.89099,0.26343
6916.03375,0.26382
6912.17651,0.26432
6908.31927,0.26483
6904.46203,0.26527
6900.60479,0.26576
6896.74754,0.26631
6892.89030,0.26685
6889.03306,0.26739
6885.17582,0.26795
6881.31858,0.26848
6877.46134,0.26902
6873.60410,0.26968
6869.74686,0.27043
6865.88961,0.27118
6862.03237,0.27190
6858.17513,0.27256
6854.31789,0.27317
6850.46065,0.27385
6846.60341,0.27469
6842.74617,0.27562
6838.88892,0.27643
6835.03168,0.27710
6831.17444,0.27778
6827.31720,0.27861
6823.45996,0.27951
6819.60272,0.28039
6815.74548,0.28125
6811.88824,0.28214
6808.03099,0.28298
6804.17375,0.28378
6800.31651,0.28459
6796.45927,0.28537
6792.60203,0.28620
6788.74479,0.28713
6784.88755,0.28806
6781.03030,0.28884
6777.17306,0.28956
6773.31582,0.29035
6769.45858,0.29115
6765.60134,0.29192
6761.74410,0.29262
6757.88686,0.29320
6754.02961,0.29363
6750.17237,0.29398
6746.31513,0.29426
6742.45789,0.29448
6738.60065,0.29467
6734.74341,0.29484
6730.88617,0.29502
6727.02893,0.29525
6723.17168,0.29545
6719.31444,0.29556
6715.45720,0.29559
6711.59996,0.29554
6707.74272,0.29546
6703.88548,0.29542
6700.02824,0.29539
6696.17099,0.29537
6692.31375,0.29531
6688.45651,0.29515
6684.59927,0.29495
6680.74203,0.29476
6676.88479,0.29459
6673.02755,0.29442
6669.17030,0.29414
6665.31306,0.29371
6661.45582,0.29329
6657.59858,0.29293
6653.74134,0.29254
6649.88410,0.29208
6646.02686,0.29171
6642.16962,0.29139
6638.31237,0.29092
6634.45513,0.29029
6630.59789,0.28968
6626.74065,0.28914
6622.88341,0.28858
6619.02617,0.28796
6615.16893,0.28736
6611.31168,0.28691
6607.45444,0.28657
6603.59720,0.28618
6599.73996,0.28574
6595.88272,0.28527
6592.02548,0.28478
6588.16824,0.28438
6584.31100,0.28416
6580.45375,0.28405
6576.59651,0.28393
6572.73927,0.28373
6568.88203,0.28352
6565.02479,0.28345
6561.16755,0.28352
6557.31031,0.28368
6553.45306,0.28380
6549.59582,0.28376
6545.73858,0.28365
6541.88134,0.28376
6538.02410,0.28401
6534.16686,0.28418
6530.30962,0.28430
6526.45237,0.28442
6522.59513,0.28455
6518.73789,0.28468
6514.88065,0.28473
6511.02341,0.28478
6507.16617,0.28491
6503.30893,0.28503
6499.45169,0.28506
6495.59444,0.28508
6491.73720,0.28510
6487.87996,0.28509
6484.02272,0.28502
6480.16548,0.28488
6476.30824,0.28472
6472.45100,0.28460
6468.59375,0.28447
6464.73651,0.28429
6460.87927,0.28411
6457.02203,0.28385
6453.16479,0.28345
6449.30755,0.28307
6445.45031,0.28279
6441.59306,0.28250
6437.73582,0.28214
6433.87858,0.28176
6430.02134,0.28141
6426.16410,0.28110
6422.30686,0.28078
6418.44962,0.28035
6414.59238,0.27989
6410.73513,0.27956
6406.87789,0.27930
6403.02065,0.27898
6399.16341,0.27870
6395.30617,0.27851
6391.44893,0.27833
6387.59169,0.27813
6383.73444,0.27796
6379.87720,0.27781
6376.01996,0.27765
6372.16272,0.27746
6368.30548,0.27725
6364.44824,0.27702
6360.59100,0.27677
6356.73376,0.27658
6352.87651,0.27644
6349.01927,0.27627
6345.16203,0.27609
6341.30479,0.27596
6337.44755,0.27594
6333.59031,0.27601
6329.73307,0.27605
6325.87582,0.27602
6322.01858,0.27593
6318.16134,0.27576
6314.30410,0.27549
6310.44686,0.27520
6306.58962,0.27503
6302.73238,0.27496
6298.87513,0.27478
6295.01789,0.27440
6291.16065,0.27393
6287.30341,0.27347
6283.44617,0.27292
6279.58893,0.27218
6275.73169,0.27127
6271.87445,0.27034
6268.01720,0.26950
6264.15996,0.26873
6260.30272,0.26789
6256.44548,0.26698
6252.58824,0.26607
6248.73100,0.26510
6244.87376,0.26405
6241.01651,0.26295
6237.15927,0.26182
6233.30203,0.26068
6229.44479,0.25960
6225.58755,0.25864
6221.73031,0.25773
6217.87307,0.25692
6214.01582,0.25630
6210.15858,0.25593
6206.30134,0.25579
6202.44410,0.25576
6198.58686,0.25560
6194.72962,0.25511
6190.87238,0.25421
6187.01514,0.25295
6183.15789,0.25151
6179.30065,0.25010
6175.44341,0.24886
6171.58617,0.24794
6167.72893,0.24732
6163.87169,0.24693
6160.01445,0.24673
6156.15720,0.24672
6152.29996,0.24689
6148.44272,0.24706
6144.58548,0.24706
6140.72824,0.24679
6136.87100,0.24633
6133.01376,0.24588
6129.15652,0.24561
6125.29927,0.24567
6121.44203,0.24621
6117.58479,0.24735
6113.72755,0.24906
6109.87031,0.25136
6106.01307,0.25427
6102.15583,0.25765
6098.29858,0.26130
6094.44134,0.26511
6090.58410,0.26892
6086.72686,0.27257
6082.86962,0.27603
6079.01238,0.27943
6075.15514,0.28306
6071.29789,0.28727
6067.44065,0.29222
6063.58341,0.29772
6059.72617,0.30323
6055.86893,0.30815
6052.01169,0.31234
6048.15445,0.31610
6044.29721,0.31982
6040.43996,0.32383
6036.58272,0.32832
6032.72548,0.33312
6028.86824,0.33769
6025.01100,0.34133
6021.15376,0.34335
6017.29652,0.34326
6013.43927,0.34078
6009.58203,0.33613
6005.72479,0.32991
6001.86755,0.32298
5998.01031,0.31620
5994.15307,0.31020
5990.29583,0.30537
5986.43858,0.30182
5982.58134,0.29937
5978.72410,0.29744
5974.86686,0.29522
5971.00962,0.29222
5967.15238,0.28875
5963.29514,0.28554
5959.43790,0.28314
5955.58065,0.28171
5951.72341,0.28107
5947.86617,0.28080
5944.00893,0.28039
5940.15169,0.27931
5936.29445,0.27729
5932.43721,0.27433
5928.57996,0.27076
5924.72272,0.26711
5920.86548,0.26377
5917.00824,0.26086
5913.15100,0.25845
5909.29376,0.25672
5905.43652,0.25585
5901.57927,0.25588
5897.72203,0.25682
5893.86479,0.25852
5890.00755,0.26076
5886.15031,0.26324
5882.29307,0.26570
5878.43583,0.26801
5874.57859,0.27010
5870.72134,0.27187
5866.86410,0.27319
5863.00686,0.27390
5859.14962,0.27391
5855.29238,0.27341
5851.43514,0.27274
5847.57790,0.27206
5843.72065,0.27144
5839.86341,0.27104
5836.00617,0.27090
5832.14893,0.27094
5828.29169,0.27103
5824.43445,0.27114
5820.57721,0.27134
5816.71997,0.27165
5812.86272,0.27196
5809.00548,0.27219
5805.14824,0.27225
5801.29100,0.27213
5797.43376,0.27187
5793.57652,0.27158
5789.71928,0.27135
5785.86203,0.27117
5782.00479,0.27099
5778.14755,0.27077
5774.29031,0.27040
5770.43307,0.26984
5766.57583,0.26908
5762.71859,0.26817
5758.86134,0.26707
5755.00410,0.26582
5751.14686,0.26452
5747.28962,0.26316
5743.43238,0.26167
5739.57514,0.26015
5735.71790,0.25878
5731.86066,0.25764
5728.00341,0.25680
5724.14617,0.25635
5720.28893,0.25626
5716.43169,0.25638
5712.57445,0.25659
5708.71721,0.25678
5704.85997,0.25686
5701.00272,0.25679
5697.14548,0.25661
5693.28824,0.25644
5689.43100,0.25634
5685.57376,0.25625
5681.71652,0.25617
5677.85928,0.25616
5674.00203,0.25630
5670.14479,0.25662
5666.28755,0.25707
5662.43031,0.25755
5658.57307,0.25795
5654.71583,0.25824
5650.85859,0.25830
5647.00135,0.25801
5643.14410,0.25743
5639.28686,0.25669
5635.42962,0.25587
5631.57238,0.25505
5627.71514,0.25435
5623.85790,0.25386
5620.00066,0.25353
5616.14341,0.25327
5612.28617,0.25311
5608.42893,0.25308
5604.57169,0.25317
5600.71445,0.25338
5596.85721,0.25364
5592.99997,0.25392
5589.14273,0.25423
5585.28548,0.25463
5581.42824,0.25514
5577.57100,0.25571
5573.71376,0.25622
5569.85652,0.25656
5565.99928,0.25673
5562.14204,0.25678
5558.28479,0.25674
5554.42755,0.25664
5550.57031,0.25656
5546.71307,0.25650
5542.85583,0.25648
5538.99859,0.25646
5535.14135,0.25644
5531.28410,0.25640
5527.42686,0.25632
5523.56962,0.25615
5519.71238,0.25588
5515.85514,0.25559
5511.99790,0.25533
5508.14066,0.25516
5504.28342,0.25519
5500.42617,0.25541
5496.56893,0.25572
5492.71169,0.25612
5488.85445,0.25658
5484.99721,0.25699
5481.13997,0.25722
5477.28273,0.25719
5473.42548,0.25688
5469.56824,0.25638
5465.71100,0.25573
5461.85376,0.25492
5457.99652,0.25401
5454.13928,0.25299
5450.28204,0.25178
5446.42479,0.25037
5442.56755,0.24886
5438.71031,0.24743
5434.85307,0.24615
5430.99583,0.24495
5427.13859,0.24381
5423.28135,0.24285
5419.42411,0.24214
5415.56686,0.24155
5411.70962,0.24106
5407.85238,0.24072
5403.99514,0.24053
5400.13790,0.24039
5396.28066,0.24026
5392.42342,0.24012
5388.56617,0.24003
5384.70893,0.24004
5380.85169,0.24014
5376.99445,0.24031
5373.13721,0.24057
5369.27997,0.24099
5365.42273,0.24148
5361.56549,0.24200
5357.70824,0.24258
5353.85100,0.24325
5349.99376,0.24391
5346.13652,0.24447
5342.27928,0.24494
5338.42204,0.24540
5334.56480,0.24598
5330.70755,0.24678
5326.85031,0.24786
5322.99307,0.24923
5319.13583,0.25090
5315.27859,0.25289
5311.42135,0.25515
5307.56411,0.25767
5303.70686,0.26052
5299.84962,0.26377
5295.99238,0.26741
5292.13514,0.27143
5288.27790,0.27594
5284.42066,0.28102
5280.56342,0.28667
5276.70618,0.29276
5272.84893,0.29908
5268.99169,0.30543
5265.13445,0.31178
5261.27721,0.31790
5257.41997,0.32346
5253.56273,0.32848
5249.70549,0.33308
5245.84824,0.33738
5241.99100,0.34125
5238.13376,0.34452
5234.27652,0.34737
5230.41928,0.34995
5226.56204,0.35228
5222.70480,0.35440
5218.84755,0.35626
5214.99031,0.35778
5211.13307,0.35899
5207.27583,0.36006
5203.41859,0.36105
5199.56135,0.36192
5195.70411,0.36259
5191.84687,0.36305
5187.98962,0.36339
5184.13238,0.36368
5180.27514,0.36385
5176.41790,0.36381
5172.56066,0.36360
5168.70342,0.36332
5164.84618,0.36299
5160.98893,0.36253
5157.13169,0.36201
5153.27445,0.36150
5149.41721,0.36096
5145.55997,0.36035
5141.70273,0.35964
5137.84549,0.35888
5133.98825,0.35812
5130.13100,0.35741
5126.27376,0.35666
5122.41652,0.35570
5118.55928,0.35436
5114.70204,0.35250
5110.84480,0.35013
5106.98756,0.34742
5103.13031,0.34462
5099.27307,0.34190
5095.41583,0.33930
5091.55859,0.33684
5087.70135,0.33457
5083.84411,0.33246
5079.98687,0.33044
5076.12962,0.32856
5072.27238,0.32682
5068.41514,0.32515
5064.55790,0.32352
5060.70066,0.32195
5056.84342,0.32044
5052.98618,0.31902
5049.12894,0.31769
5045.27169,0.31637
5041.41445,0.31509
5037.55721,0.31395
5033.69997,0.31287
5029.84273,0.31182
5025.98549,0.31083
5022.12825,0.30995
5018.27100,0.30916
5014.41376,0.30837
5010.55652,0.30752
5006.69928,0.30670
5002.84204,0.30597
4998.98480,0.30531
4995.12756,0.30470
4991.27031,0.30420
4987.41307,0.30384
4983.55583,0.30365
4979.69859,0.30363
4975.84135,0.30380
4971.98411,0.30419
4968.12687,0.30480
4964.26963,0.30557
4960.41238,0.30655
4956.55514,0.30786
4952.69790,0.30942
4948.84066,0.31113
4944.98342,0.31292
4941.12618,0.31475
4937.26894,0.31672
4933.41169,0.31893
4929.55445,0.32134
4925.69721,0.32389
4921.83997,0.32654
4917.98273,0.32928
4914.12549,0.33214
4910.26825,0.33511
4906.41101,0.33827
4902.55376,0.34165
4898.69652,0.34513
4894.83928,0.34872
4890.98204,0.35250
4887.12480,0.35637
4883.26756,0.36025
4879.41032,0.36413
4875.55307,0.36798
4871.69583,0.37172
4867.83859,0.37530
4863.98135,0.37872
4860.12411,0.38201
4856.26687,0.38527
4852.40963,0.38864
4848.55238,0.39215
4844.69514,0.39585
4840.83790,0.39977
4836.98066,0.40385
4833.12342,0.40799
4829.26618,0.41216
4825.40894,0.41624
4821.55170,0.42012
4817.69445,0.42374
4813.83721,0.42709
4809.97997,0.43020
4806.12273,0.43308
4802.26549,0.43560
4798.40825,0.43770
4794.55101,0.43939
4790.69376,0.44071
4786.83652,0.44172
4782.97928,0.44254
4779.12204,0.44325
4775.26480,0.44391
4771.40756,0.44461
4767.55032,0.44554
4763.69307,0.44681
4759.83583,0.44843
4755.97859,0.45034
4752.12135,0.45241
4748.26411,0.45440
4744.40687,0.45604
4740.54963,0.45736
4736.69239,0.45873
4732.83514,0.46063
4728.97790,0.46318
4725.12066,0.46584
4721.26342,0.46775
4717.40618,0.46844
4713.54894,0.46837
4709.69170,0.46858
4705.83445,0.47002
4701.97721,0.47302
4698.11997,0.47686
4694.26273,0.47996
4690.40549,0.48068
4686.54825,0.47809
4682.69101,0.47238
4678.83377,0.46477
4674.97652,0.45695
4671.11928,0.45027
4667.26204,0.44535
4663.40480,0.44210
4659.54756,0.44008
4655.69032,0.43911
4651.83308,0.43948
4647.97583,0.44148
4644.11859,0.44483
4640.26135,0.44838
4636.40411,0.45019
4632.54687,0.44850
4628.68963,0.44291
4624.83239,0.43470
4620.97514,0.42594
4617.11790,0.41836
4613.26066,0.41283
4609.40342,0.40931
4605.54618,0.40752
4601.68894,0.40743
4597.83170,0.40878
4593.97446,0.41069
4590.11721,0.41227
4586.25997,0.41339
4582.40273,0.41388
4578.54549,0.41255
4574.68825,0.40817
4570.83101,0.40124
4566.97377,0.39385
4563.11652,0.38790
4559.25928,0.38396
4555.40204,0.38153
4551.54480,0.38002
4547.68756,0.37901
4543.83032,0.37814
4539.97308,0.37734
4536.11583,0.37674
4532.25859,0.37650
4528.40135,0.37670
4524.54411,0.37735
4520.68687,0.37847
4516.82963,0.38019
4512.97239,0.38267
4509.11515,0.38612
4505.25790,0.39081
4501.40066,0.39694
4497.54342,0.40424
4493.68618,0.41186
4489.82894,0.41867
4485.97170,0.42408
4482.11446,0.42860
4478.25721,0.43358
4474.39997,0.44033
4470.54273,0.44956
4466.68549,0.46121
4462.82825,0.47367
4458.97101,0.48412
4455.11377,0.49093
4451.25653,0.49533
4447.39928,0.49964
4443.54204,0.50474
4439.68480,0.51002
4435.82756,0.51441
4431.97032,0.51690
4428.11308,0.51692
4424.25584,0.51505
4420.39859,0.51301
4416.54135,0.51245
4412.68411,0.51384
4408.82687,0.51645
4404.96963,0.51871
4401.11239,0.51906
4397.25515,0.51703
4393.39790,0.51329
4389.54066,0.50895
4385.68342,0.50482
4381.82618,0.50133
4377.96894,0.49859
4374.11170,0.49667
4370.25446,0.49574
4366.39722,0.49603
4362.53997,0.49729
4358.68273,0.49892
4354.82549,0.50058
4350.96825,0.50239
4347.11101,0.50459
4343.25377,0.50721
4339.39653,0.50998
4335.53928,0.51260
4331.68204,0.51504
4327.82480,0.51755
4323.96756,0.52036
4320.11032,0.52341
4316.25308,0.52664
4312.39584,0.53040
4308.53859,0.53489
4304.68135,0.53980
4300.82411,0.54473
4296.96687,0.54915
4293.10963,0.55259
4289.25239,0.55479
4285.39515,0.55584
4281.53791,0.55606
4277.68066,0.55576
4273.82342,0.55497
4269.96618,0.55362
4266.10894,0.55176
4262.25170,0.54985
4258.39446,0.54849
4254.53722,0.54794
4250.67997,0.54800
4246.82273,0.54800
4242.96549,0.54729
4239.10825,0.54586
4235.25101,0.54432
4231.39377,0.54311
4227.53653,0.54211
4223.67929,0.54083
4219.82204,0.53888
4215.96480,0.53640
4212.10756,0.53382
4208.25032,0.53149
4204.39308,0.52942
4200.53584,0.52765
4196.67860,0.52664
4192.82135,0.52697
4188.96411,0.52893
4185.10687,0.53226
4181.24963,0.53579
4177.39239,0.53743
4173.53515,0.53577
4169.67791,0.53138
4165.82066,0.52609
4161.96342,0.52151
4158.10618,0.51855
4154.24894,0.51741
4150.39170,0.51788
4146.53446,0.51971
4142.67722,0.52269
4138.81998,0.52636
4134.96273,0.53000
4131.10549,0.53313
4127.24825,0.53592
4123.39101,0.53897
4119.53377,0.54282
4115.67653,0.54782
4111.81929,0.55428
4107.96204,0.56265
4104.10480,0.57345
4100.24756,0.58714
4096.39032,0.60271
4092.53308,0.61604
4088.67584,0.62224
4084.81860,0.62046
4080.96135,0.61364
4077.10411,0.60535
4073.24687,0.59859
4069.38963,0.59479
4065.53239,0.59369
4061.67515,0.59459
4057.81791,0.59692
4053.96067,0.60020
4050.10342,0.60393
4046.24618,0.60761
4042.38894,0.61071
4038.53170,0.61301
4034.67446,0.61482
4030.81722,0.61629
4026.95998,0.61719
4023.10273,0.61738
4019.24549,0.61704
4015.38825,0.61630
4011.53101,0.61502
4007.67377,0.61317
4003.81653,0.61089
3999.95929,0.60823
3996.10205,0.60523
3992.24480,0.60208
3988.38756,0.59917
3984.53032,0.59688
3980.67308,0.59515
3976.81584,0.59357
3972.95860,0.59183
3969.10136,0.58971
3965.24411,0.58715
3961.38687,0.58434
3957.52963,0.58158
3953.67239,0.57883
3949.81515,0.57591
3945.95791,0.57297
3942.10067,0.57013
3938.24342,0.56738
3934.38618,0.56470
3930.52894,0.56220
3926.67170,0.55996
3922.81446,0.55792
3918.95722,0.55597
3915.09998,0.55399
3911.24274,0.55187
3907.38549,0.54939
3903.52825,0.54615
3899.67101,0.54267
3895.81377,0.53977
3891.95653,0.53722
3888.09929,0.53487
3884.24205,0.53289
3880.38480,0.53132
3876.52756,0.52971
3872.67032,0.52742
3868.81308,0.52432
3864.95584,0.52092
3861.09860,0.51785
3857.24136,0.51507
3853.38411,0.51205
3849.52687,0.50964
3845.66963,0.50807
3841.81239,0.50657
3837.95515,0.50539
3834.09791,0.50492
3830.24067,0.50476
3826.38343,0.50477
3822.52618,0.50543
3818.66894,0.50746
3814.81170,0.51024
3810.95446,0.51232
3807.09722,0.51328
3803.23998,0.51295
3799.38274,0.51164
3795.52549,0.51032
3791.66825,0.50948
3787.81101,0.50919
3783.95377,0.50966
3780.09653,0.51103
3776.23929,0.51294
3772.38205,0.51503
3768.52481,0.51763
3764.66756,0.52071
3760.81032,0.52333
3756.95308,0.52470
3753.09584,0.52434
3749.23860,0.52290
3745.38136,0.52275
3741.52412,0.52472
3737.66687,0.52814
3733.80963,0.53278
3729.95239,0.53679
3726.09515,0.53934
3722.23791,0.54188
3718.38067,0.54545
3714.52343,0.55057
3710.66618,0.55836
3706.80894,0.56818
3702.95170,0.57925
3699.09446,0.59235
3695.23722,0.60730
3691.37998,0.62658
3687.52274,0.64966
3683.66550,0.66743
3679.80825,0.68052
3675.95101,0.69609
3672.09377,0.71751
3668.23653,0.74073
3664.37929,0.76179
3660.52205,0.78166
3656.66481,0.80224
3652.80756,0.82409
3648.95032,0.84900
3645.09308,0.87461
3641.23584,0.89498
3637.37860,0.91190
3633.52136,0.92783
3629.66412,0.94617
3625.80687,0.96502
3621.94963,0.97717
3618.09239,0.98683
3614.23515,0.99799
3610.37791,1.01181
3606.52067,1.02568
3602.66343,1.03715
3598.80619,1.04800
