12493.60475,0.08824
12489.74751,0.08803
12485.89027,0.08924
12482.03303,0.08971
12478.17579,0.08939
12474.31855,0.08897
12470.46130,0.08758
12466.60406,0.08474
12462.74682,0.08204
12458.88958,0.08225
12455.03234,0.08493
12451.17510,0.08670
12447.31786,0.08688
12443.46062,0.08670
12439.60337,0.08611
12435.74613,0.08396
12431.88889,0.08128
12428.03165,0.08148
12424.17441,0.08451
12420.31717,0.08792
12416.45993,0.09048
12412.60268,0.09068
12408.74544,0.08850
12404.88820,0.08668
12401.03096,0.08754
12397.17372,0.08986
12393.31648,0.09110
12389.45924,0.09113
12385.60199,0.09049
12381.74475,0.09024
12377.88751,0.09119
12374.03027,0.09257
12370.17303,0.09377
12366.31579,0.09401
12362.45855,0.09261
12358.60131,0.09068
12354.74406,0.08976
12350.88682,0.08983
12347.02958,0.08923
12343.17234,0.08734
12339.31510,0.08535
12335.45786,0.08437
12331.60062,0.08543
12327.74337,0.08834
12323.88613,0.09038
12320.02889,0.09109
12316.17165,0.09206
12312.31441,0.09234
12308.45717,0.09131
12304.59993,0.09053
12300.74268,0.09121
12296.88544,0.09312
12293.02820,0.09517
12289.17096,0.09514
12285.31372,0.09244
12281.45648,0.09100
12277.59924,0.09233
12273.74200,0.09322
12269.88475,0.09232
12266.02751,0.09088
12262.17027,0.09026
12258.31303,0.09003
12254.45579,0.08976
12250.59855,0.09036
12246.74131,0.09058
12242.88406,0.08960
12239.02682,0.08895
12235.16958,0.08905
12231.31234,0.08940
12227.45510,0.09000
12223.59786,0.08976
12219.74062,0.08773
12215.88338,0.08652
12212.02613,0.08752
12208.16889,0.08823
12204.31165,0.08855
12200.45441,0.09021
12196.59717,0.09221
12192.73993,0.09218
12188.88269,0.08927
12185.02544,0.08638
12181.16820,0.08656
12177.31096,0.08803
12173.45372,0.08880
12169.59648,0.08995
12165.73924,0.09134
12161.88200,0.09164
12158.02475,0.09057
12154.16751,0.08900
12150.31027,0.08822
12146.45303,0.08841
12142.59579,0.08916
12138.73855,0.09016
12134.88131,0.08990
12131.02407,0.08735
12127.16682,0.08482
12123.30958,0.08451
12119.45234,0.08561
12115.59510,0.08724
12111.73786,0.08878
12107.88062,0.08949
12104.02338,0.08985
12100.16613,0.09015
12096.30889,0.08951
12092.45165,0.08821
12088.59441,0.08815
12084.73717,0.08922
12080.87993,0.08902
12077.02269,0.08791
12073.16544,0.08788
12069.30820,0.08803
12065.45096,0.08754
12061.59372,0.08756
12057.73648,0.08822
12053.87924,0.08915
12050.02200,0.09001
12046.16476,0.09004
12042.30751,0.08926
12038.45027,0.08853
12034.59303,0.08888
12030.73579,0.09026
12026.87855,0.09137
12023.02131,0.09159
12019.16407,0.09175
12015.30682,0.09284
12011.44958,0.09392
12007.59234,0.09364
12003.73510,0.09294
11999.87786,0.09286
11996.02062,0.09333
11992.16338,0.09482
11988.30614,0.09672
11984.44889,0.09659
11980.59165,0.09440
11976.73441,0.09242
11972.87717,0.09136
11969.01993,0.09111
11965.16269,0.09143
11961.30545,0.09207
11957.44820,0.09302
11953.59096,0.09279
11949.73372,0.09055
11945.87648,0.08908
11942.01924,0.09029
11938.16200,0.09255
11934.30476,0.09395
11930.44751,0.09349
11926.59027,0.09243
11922.73303,0.09323
11918.87579,0.09493
11915.01855,0.09524
11911.16131,0.09476
11907.30407,0.09441
11903.44683,0.09429
11899.58958,0.09504
11895.73234,0.09633
11891.87510,0.09673
11888.01786,0.09620
11884.16062,0.09565
11880.30338,0.09521
11876.44614,0.09488
11872.58889,0.09499
11868.73165,0.09550
11864.87441,0.09610
11861.01717,0.09601
11857.15993,0.09459
11853.30269,0.09274
11849.44545,0.09199
11845.58820,0.09269
11841.73096,0.09383
11837.87372,0.09430
11834.01648,0.09473
11830.15924,0.09569
11826.30200,0.09559
11822.44476,0.09391
11818.58752,0.09269
11814.73027,0.09292
11810.87303,0.09342
11807.01579,0.09354
11803.15855,0.09389
11799.30131,0.09437
11795.44407,0.09443
11791.58683,0.09455
11787.72958,0.09472
11783.87234,0.09452
11780.01510,0.09448
11776.15786,0.09493
11772.30062,0.09529
11768.44338,0.09432
11764.58614,0.09228
11760.72890,0.09170
11756.87165,0.09292
11753.01441,0.09447
11749.15717,0.09582
11745.29993,0.09617
11741.44269,0.09493
11737.58545,0.09299
11733.72821,0.09260
11729.87096,0.09461
11726.01372,0.09685
11722.15648,0.09783
11718.29924,0.09812
11714.44200,0.09867
11710.58476,0.09927
11706.72752,0.09845
11702.87027,0.09689
11699.01303,0.09645
11695.15579,0.09651
11691.29855,0.09601
11687.44131,0.09558
11683.58407,0.09547
11679.72683,0.09468
11675.86959,0.09322
11672.01234,0.09285
11668.15510,0.09424
11664.29786,0.09540
11660.44062,0.09471
11656.58338,0.09383
11652.72614,0.09435
11648.86890,0.09447
11645.01165,0.09287
11641.15441,0.09185
11637.29717,0.09309
11633.43993,0.09472
11629.58269,0.09514
11625.72545,0.09512
11621.86821,0.09502
11618.01096,0.09386
11614.15372,0.09222
11610.29648,0.09202
11606.43924,0.09375
11602.58200,0.09601
11598.72476,0.09643
11594.86752,0.09464
11591.01028,0.09338
11587.15303,0.09345
11583.29579,0.09301
11579.43855,0.09208
11575.58131,0.09204
11571.72407,0.09300
11567.86683,0.09400
11564.00959,0.09389
11560.15234,0.09290
11556.29510,0.09310
11552.43786,0.09498
11548.58062,0.09560
11544.72338,0.09356
11540.86614,0.09221
11537.00890,0.09426
11533.15166,0.09695
11529.29441,0.09645
11525.43717,0.09422
11521.57993,0.09409
11517.72269,0.09550
11513.86545,0.09594
11510.00821,0.09570
11506.15097,0.09623
11502.29372,0.09752
11498.43648,0.09716
11494.57924,0.09382
11490.72200,0.09162
11486.86476,0.09404
11483.00752,0.09744
11479.15028,0.09760
11475.29303,0.09557
11471.43579,0.09394
11467.57855,0.09360
11463.72131,0.09416
11459.86407,0.09440
11456.00683,0.09405
11452.14959,0.09472
11448.29235,0.09562
11444.43510,0.09418
11440.57786,0.09140
11436.72062,0.09000
11432.86338,0.09036
11429.00614,0.09082
11425.14890,0.09053
11421.29166,0.09063
11417.43441,0.09163
11413.57717,0.09266
11409.71993,0.09307
11405.86269,0.09308
11402.00545,0.09320
11398.14821,0.09339
11394.29097,0.09283
11390.43372,0.09086
11386.57648,0.08899
11382.71924,0.08912
11378.86200,0.08993
11375.00476,0.08932
11371.14752,0.08816
11367.29028,0.08834
11363.43304,0.08988
11359.57579,0.09182
11355.71855,0.09306
11351.86131,0.09242
11348.00407,0.09127
11344.14683,0.09174
11340.28959,0.09257
11336.43235,0.09230
11332.57510,0.09199
11328.71786,0.09228
11324.86062,0.09263
11321.00338,0.09271
11317.14614,0.09266
11313.28890,0.09202
11309.43166,0.09073
11305.57442,0.09045
11301.71717,0.09186
11297.85993,0.09302
11294.00269,0.09307
11290.14545,0.09318
11286.28821,0.09395
11282.43097,0.09490
11278.57373,0.09496
11274.71648,0.09383
11270.85924,0.09226
11267.00200,0.09046
11263.14476,0.08967
11259.28752,0.09119
11255.43028,0.09269
11251.57304,0.09226
11247.71579,0.09140
11243.85855,0.09112
11240.00131,0.09121
11236.14407,0.09208
11232.28683,0.09308
11228.42959,0.09277
11224.57235,0.09143
11220.71511,0.09048
11216.85786,0.09054
11213.00062,0.09094
11209.14338,0.09089
11205.28614,0.09056
11201.42890,0.09050
11197.57166,0.09107
11193.71442,0.09181
11189.85717,0.09174
11185.99993,0.09096
11182.14269,0.09023
11178.28545,0.08982
11174.42821,0.08968
11170.57097,0.08973
11166.71373,0.08997
11162.85648,0.09049
11158.99924,0.09110
11155.14200,0.09179
11151.28476,0.09234
11147.42752,0.09224
11143.57028,0.09180
11139.71304,0.09127
11135.85580,0.09038
11131.99855,0.08980
11128.14131,0.08983
11124.28407,0.08987
11120.42683,0.09041
11116.56959,0.09170
11112.71235,0.09319
11108.85511,0.09439
11104.99786,0.09412
11101.14062,0.09275
11097.28338,0.09240
11093.42614,0.09267
11089.56890,0.09211
11085.71166,0.09172
11081.85442,0.09219
11077.99718,0.09215
11074.13993,0.09163
11070.28269,0.09214
11066.42545,0.09352
11062.56821,0.09447
11058.71097,0.09414
11054.85373,0.09296
11050.99649,0.09275
11047.13924,0.09370
11043.28200,0.09395
11039.42476,0.09339
11035.56752,0.09327
11031.71028,0.09360
11027.85304,0.09416
11023.99580,0.09472
11020.13855,0.09442
11016.28131,0.09354
11012.42407,0.09327
11008.56683,0.09333
11004.70959,0.09278
11000.85235,0.09193
10996.99511,0.09172
10993.13787,0.09251
10989.28062,0.09357
10985.42338,0.09391
10981.56614,0.09355
10977.70890,0.09289
10973.85166,0.09204
10969.99442,0.09176
10966.13718,0.09299
10962.27993,0.09457
10958.42269,0.09442
10954.56545,0.09300
10950.70821,0.09197
10946.85097,0.09178
10942.99373,0.09214
10939.13649,0.09229
10935.27924,0.09208
10931.42200,0.09213
10927.56476,0.09237
10923.70752,0.09240
10919.85028,0.09199
10915.99304,0.09130
10912.13580,0.09121
10908.27856,0.09182
10904.42131,0.09209
10900.56407,0.09210
10896.70683,0.09255
10892.84959,0.09323
10888.99235,0.09363
10885.13511,0.09343
10881.27787,0.09264
10877.42062,0.09172
10873.56338,0.09103
10869.70614,0.09072
10865.84890,0.09061
10861.99166,0.09045
10858.13442,0.09042
10854.27718,0.09045
10850.41993,0.09031
10846.56269,0.09012
10842.70545,0.08988
10838.84821,0.08945
10834.99097,0.08924
10831.13373,0.08969
10827.27649,0.08980
10823.41925,0.08897
10819.56200,0.08880
10815.70476,0.08975
10811.84752,0.09039
10807.99028,0.09025
10804.13304,0.08981
10800.27580,0.08967
10796.41856,0.09022
10792.56131,0.09071
10788.70407,0.09052
10784.84683,0.09018
10780.98959,0.09005
10777.13235,0.08998
10773.27511,0.08988
10769.41787,0.08978
10765.56063,0.08993
10761.70338,0.09027
10757.84614,0.09069
10753.98890,0.09098
10750.13166,0.09042
10746.27442,0.08939
10742.41718,0.08924
10738.55994,0.08996
10734.70269,0.09068
10730.84545,0.09117
10726.98821,0.09135
10723.13097,0.09077
10719.27373,0.08959
10715.41649,0.08907
10711.55925,0.08987
10707.70200,0.09086
10703.84476,0.09133
10699.98752,0.09177
10696.13028,0.09204
10692.27304,0.09188
10688.41580,0.09161
10684.55856,0.09131
10680.70132,0.09118
10676.84407,0.09111
10672.98683,0.09057
10669.12959,0.09020
10665.27235,0.09069
10661.41511,0.09127
10657.55787,0.09122
10653.70063,0.09048
10649.84338,0.08935
10645.98614,0.08888
10642.12890,0.08946
10638.27166,0.09026
10634.41442,0.09058
10630.55718,0.09050
10626.69994,0.09018
10622.84269,0.08956
10618.98545,0.08914
10615.12821,0.08908
10611.27097,0.08899
10607.41373,0.08919
10603.55649,0.08970
10599.69925,0.08943
10595.84201,0.08841
10591.98476,0.08800
10588.12752,0.08844
10584.27028,0.08883
10580.41304,0.08886
10576.55580,0.08865
10572.69856,0.08831
10568.84132,0.08809
10564.98407,0.08795
10561.12683,0.08758
10557.26959,0.08697
10553.41235,0.08639
10549.55511,0.08606
10545.69787,0.08619
10541.84063,0.08682
10537.98339,0.08739
10534.12614,0.08763
10530.26890,0.08793
10526.41166,0.08799
10522.55442,0.08721
10518.69718,0.08625
10514.83994,0.08613
10510.98270,0.08659
10507.12545,0.08677
10503.26821,0.08668
10499.41097,0.08678
10495.55373,0.08712
10491.69649,0.08731
10487.83925,0.08703
10483.98201,0.08660
10480.12476,0.08648
10476.26752,0.08647
10472.41028,0.08650
10468.55304,0.08665
10464.69580,0.08671
10460.83856,0.08645
10456.98132,0.08602
10453.12408,0.08576
10449.26683,0.08585
10445.40959,0.08593
10441.55235,0.08543
10437.69511,0.08483
10433.83787,0.08501
10429.98063,0.08580
10426.12339,0.08660
10422.26614,0.08703
10418.40890,0.08701
10414.55166,0.08670
10410.69442,0.08626
10406.83718,0.08622
10402.97994,0.08666
10399.12270,0.08675
10395.26545,0.08640
10391.40821,0.08627
10387.55097,0.08643
10383.69373,0.08669
10379.83649,0.08691
10375.97925,0.08693
10372.12201,0.08691
10368.26477,0.08694
10364.40752,0.08674
10360.55028,0.08654
10356.69304,0.08666
10352.83580,0.08681
10348.97856,0.08700
10345.12132,0.08724
10341.26408,0.08729
10337.40683,0.08726
10333.54959,0.08746
10329.69235,0.08790
10325.83511,0.08823
10321.97787,0.08811
10318.12063,0.08776
10314.26339,0.08772
10310.40615,0.08789
10306.54890,0.08796
10302.69166,0.08819
10298.83442,0.08855
10294.97718,0.08869
10291.11994,0.08863
10287.26270,0.08858
10283.40546,0.08865
10279.54821,0.08863
10275.69097,0.08835
10271.83373,0.08814
10267.97649,0.08827
10264.11925,0.08846
10260.26201,0.08829
10256.40477,0.08800
10252.54752,0.08815
10248.69028,0.08836
10244.83304,0.08810
10240.97580,0.08769
10237.11856,0.08753
10233.26132,0.08770
10229.40408,0.08835
10225.54684,0.08922
10221.68959,0.08974
10217.83235,0.08950
10213.97511,0.08881
10210.11787,0.08847
10206.26063,0.08861
10202.40339,0.08876
10198.54615,0.08868
10194.68890,0.08853
10190.83166,0.08859
10186.97442,0.08900
10183.11718,0.08948
10179.25994,0.08966
10175.40270,0.08946
10171.54546,0.08920
10167.68821,0.08942
10163.83097,0.08993
10159.97373,0.09020
10156.11649,0.09019
10152.25925,0.09017
10148.40201,0.09022
10144.54477,0.09038
10140.68753,0.09069
10136.83028,0.09084
10132.97304,0.09060
10129.11580,0.09046
10125.25856,0.09077
10121.40132,0.09108
10117.54408,0.09088
10113.68684,0.09052
10109.82959,0.09057
10105.97235,0.09079
10102.11511,0.09100
10098.25787,0.09126
10094.40063,0.09129
10090.54339,0.09111
10086.68615,0.09118
10082.82891,0.09128
10078.97166,0.09102
10075.11442,0.09079
10071.25718,0.09085
10067.39994,0.09092
10063.54270,0.09070
10059.68546,0.09038
10055.82822,0.09040
10051.97097,0.09078
10048.11373,0.09084
10044.25649,0.09061
10040.39925,0.09087
10036.54201,0.09142
10032.68477,0.09136
10028.82753,0.09093
10024.97028,0.09082
10021.11304,0.09088
10017.25580,0.09072
10013.39856,0.09057
10009.54132,0.09050
10005.68408,0.09025
10001.82684,0.09000
9997.96960,0.09014
9994.11235,0.09053
9990.25511,0.09074
9986.39787,0.09096
9982.54063,0.09139
9978.68339,0.09163
9974.82615,0.09157
9970.96891,0.09138
9967.11166,0.09124
9963.25442,0.09144
9959.39718,0.09167
9955.53994,0.09142
9951.68270,0.09115
9947.82546,0.09146
9943.96822,0.09197
9940.11097,0.09201
9936.25373,0.09174
9932.39649,0.09166
9928.53925,0.09179
9924.68201,0.09190
9920.82477,0.09174
9916.96753,0.09149
9913.11029,0.09160
9909.25304,0.09178
9905.39580,0.09174
9901.53856,0.09173
9897.68132,0.09191
9893.82408,0.09197
9889.96684,0.09170
9886.10960,0.09141
9882.25235,0.09136
9878.39511,0.09135
9874.53787,0.09123
9870.68063,0.09126
9866.82339,0.09149
9862.96615,0.09168
9859.10891,0.09172
9855.25167,0.09161
9851.39442,0.09145
9847.53718,0.09141
9843.67994,0.09162
9839.82270,0.09198
9835.96546,0.09207
9832.10822,0.09168
9828.25098,0.09113
9824.39373,0.09080
9820.53649,0.09082
9816.67925,0.09112
9812.82201,0.09151
9808.96477,0.09165
9805.10753,0.09144
9801.25029,0.09114
9797.39304,0.09107
9793.53580,0.09117
9789.67856,0.09116
9785.82132,0.09094
9781.96408,0.09092
9778.10684,0.09125
9774.24960,0.09147
9770.39236,0.09141
9766.53511,0.09124
9762.67787,0.09119
9758.82063,0.09142
9754.96339,0.09162
9751.10615,0.09163
9747.24891,0.09167
9743.39167,0.09161
9739.53442,0.09122
9735.67718,0.09081
9731.81994,0.09073
9727.96270,0.09079
9724.10546,0.09072
9720.24822,0.09065
9716.39098,0.09070
9712.53373,0.09080
9708.67649,0.09084
9704.81925,0.09062
9700.96201,0.09041
9697.10477,0.09077
9693.24753,0.09144
9689.39029,0.09162
9685.53305,0.09129
9681.67580,0.09085
9677.81856,0.09027
9673.96132,0.08961
9670.10408,0.08943
9666.24684,0.08967
9662.38960,0.08955
9658.53236,0.08922
9654.67511,0.08944
9650.81787,0.08995
9646.96063,0.09008
9643.10339,0.08985
9639.24615,0.08962
9635.38891,0.08962
9631.53167,0.08972
9627.67443,0.08971
9623.81718,0.08960
9619.95994,0.08949
9616.10270,0.08941
9612.24546,0.08924
9608.38822,0.08892
9604.53098,0.08861
9600.67374,0.08852
9596.81649,0.08872
9592.95925,0.08900
9589.10201,0.08912
9585.24477,0.08886
9581.38753,0.08829
9577.53029,0.08795
9573.67305,0.08806
9569.81580,0.08832
9565.95856,0.08855
9562.10132,0.08874
9558.24408,0.08883
9554.38684,0.08882
9550.52960,0.08867
9546.67236,0.08845
9542.81512,0.08840
9538.95787,0.08861
9535.10063,0.08884
9531.24339,0.08893
9527.38615,0.08893
9523.52891,0.08887
9519.67167,0.08881
9515.81443,0.08884
9511.95718,0.08882
9508.09994,0.08850
9504.24270,0.08800
9500.38546,0.08778
9496.52822,0.08789
9492.67098,0.08797
9488.81374,0.08781
9484.95649,0.08758
9481.09925,0.08747
9477.24201,0.08756
9473.38477,0.08781
9469.52753,0.08804
9465.67029,0.08819
9461.81305,0.08836
9457.95581,0.08830
9454.09856,0.08793
9450.24132,0.08767
9446.38408,0.08778
9442.52684,0.08806
9438.66960,0.08828
9434.81236,0.08837
9430.95512,0.08826
9427.09787,0.08792
9423.24063,0.08758
9419.38339,0.08740
9415.52615,0.08731
9411.66891,0.08725
9407.81167,0.08730
9403.95443,0.08760
9400.09719,0.08792
9396.23994,0.08777
9392.38270,0.08726
9388.52546,0.08693
9384.66822,0.08695
9380.81098,0.08705
9376.95374,0.08712
9373.09650,0.08723
9369.23925,0.08726
9365.38201,0.08720
9361.52477,0.08715
9357.66753,0.08711
9353.81029,0.08719
9349.95305,0.08729
9346.09581,0.08719
9342.23856,0.08701
9338.38132,0.08698
9334.52408,0.08696
9330.66684,0.08679
9326.80960,0.08657
9322.95236,0.08629
9319.09512,0.08608
9315.23788,0.08621
9311.38063,0.08656
9307.52339,0.08686
9303.66615,0.08697
9299.80891,0.08692
9295.95167,0.08674
9292.09443,0.08640
9288.23719,0.08611
9284.37994,0.08613
9280.52270,0.08618
9276.66546,0.08594
9272.80822,0.08580
9268.95098,0.08609
9265.09374,0.08649
9261.23650,0.08663
9257.37925,0.08665
9253.52201,0.08667
9249.66477,0.08659
9245.80753,0.08644
9241.95029,0.08623
9238.09305,0.08598
9234.23581,0.08599
9230.37857,0.08633
9226.52132,0.08655
9222.66408,0.08642
9218.80684,0.08626
9214.94960,0.08624
9211.09236,0.08624
9207.23512,0.08617
9203.37788,0.08607
9199.52063,0.08597
9195.66339,0.08588
9191.80615,0.08590
9187.94891,0.08602
9184.09167,0.08603
9180.23443,0.08583
9176.37719,0.08573
9172.51995,0.08583
9168.66270,0.08579
9164.80546,0.08571
9160.94822,0.08585
9157.09098,0.08597
9153.23374,0.08589
9149.37650,0.08569
9145.51926,0.08552
9141.66201,0.08559
9137.80477,0.08581
9133.94753,0.08596
9130.09029,0.08613
9126.23305,0.08622
9122.37581,0.08615
9118.51857,0.08617
9114.66132,0.08630
9110.80408,0.08649
9106.94684,0.08669
9103.08960,0.08663
9099.23236,0.08641
9095.37512,0.08650
9091.51788,0.08670
9087.66064,0.08661
9083.80339,0.08653
9079.94615,0.08672
9076.08891,0.08689
9072.23167,0.08692
9068.37443,0.08700
9064.51719,0.08701
9060.65995,0.08686
9056.80270,0.08676
9052.94546,0.08697
9049.08822,0.08735
9045.23098,0.08755
9041.37374,0.08754
9037.51650,0.08756
9033.65926,0.08766
9029.80201,0.08779
9025.94477,0.08802
9022.08753,0.08832
9018.23029,0.08862
9014.37305,0.08878
9010.51581,0.08900
9006.65857,0.08944
9002.80133,0.08981
8998.94408,0.08995
8995.08684,0.09014
8991.22960,0.09056
8987.37236,0.09106
8983.51512,0.09143
8979.65788,0.09173
8975.80064,0.09213
8971.94339,0.09262
8968.08615,0.09324
8964.22891,0.09396
8960.37167,0.09453
8956.51443,0.09494
8952.65719,0.09553
8948.79995,0.09639
8944.94271,0.09723
8941.08546,0.09790
8937.22822,0.09857
8933.37098,0.09937
8929.51374,0.10017
8925.65650,0.10093
8921.79926,0.10185
8917.94202,0.10294
8914.08477,0.10398
8910.22753,0.10500
8906.37029,0.10604
8902.51305,0.10714
8898.65581,0.10834
8894.79857,0.10957
8890.94133,0.11073
8887.08408,0.11185
8883.22684,0.11294
8879.36960,0.11405
8875.51236,0.11507
8871.65512,0.11593
8867.79788,0.11650
8863.94064,0.11673
8860.08340,0.11687
8856.22615,0.11705
8852.36891,0.11712
8848.51167,0.11691
8844.65443,0.11642
8840.79719,0.11582
8836.93995,0.11534
8833.08271,0.11500
8829.22546,0.11463
8825.36822,0.11397
8821.51098,0.11288
8817.65374,0.11162
8813.79650,0.11057
8809.93926,0.10976
8806.08202,0.10892
8802.22477,0.10784
8798.36753,0.10671
8794.51029,0.10567
8790.65305,0.10453
8786.79581,0.10337
8782.93857,0.10242
8779.08133,0.10158
8775.22409,0.10079
8771.36684,0.10023
8767.50960,0.09990
8763.65236,0.09964
8759.79512,0.09936
8755.93788,0.09912
8752.08064,0.09900
8748.22340,0.09887
8744.36615,0.09865
8740.50891,0.09842
8736.65167,0.09827
8732.79443,0.09826
8728.93719,0.09839
8725.07995,0.09855
8721.22271,0.09864
8717.36547,0.09872
8713.50822,0.09899
8709.65098,0.09944
8705.79374,0.09980
8701.93650,0.10002
8698.07926,0.10022
8694.22202,0.10040
8690.36478,0.10056
8686.50753,0.10076
8682.65029,0.10101
8678.79305,0.10128
8674.93581,0.10148
8671.07857,0.10167
8667.22133,0.10194
8663.36409,0.10222
8659.50684,0.10257
8655.64960,0.10308
8651.79236,0.10355
8647.93512,0.10385
8644.07788,0.10411
8640.22064,0.10439
8636.36340,0.10468
8632.50616,0.10499
8628.64891,0.10536
8624.79167,0.10577
8620.93443,0.10616
8617.07719,0.10652
8613.21995,0.10685
8609.36271,0.10718
8605.50547,0.10756
8601.64822,0.10801
8597.79098,0.10851
8593.93374,0.10893
8590.07650,0.10915
8586.21926,0.10932
8582.36202,0.10955
8578.50478,0.10985
8574.64753,0.11023
8570.79029,0.11066
8566.93305,0.11100
8563.07581,0.11121
8559.21857,0.11150
8555.36133,0.11192
8551.50409,0.11230
8547.64685,0.11249
8543.78960,0.11261
8539.93236,0.11281
8536.07512,0.11309
8532.21788,0.11337
8528.36064,0.11365
8524.50340,0.11397
8520.64616,0.11430
8516.78891,0.11464
8512.93167,0.11492
8509.07443,0.11507
8505.21719,0.11524
8501.35995,0.11549
8497.50271,0.11566
8493.64547,0.11568
8489.78822,0.11577
8485.93098,0.11610
8482.07374,0.11649
8478.21650,0.11663
8474.35926,0.11660
8470.50202,0.11661
8466.64478,0.11657
8462.78754,0.11638
8458.93029,0.11621
8455.07305,0.11615
8451.21581,0.11614
8447.35857,0.11606
8443.50133,0.11592
8439.64409,0.11590
8435.78685,0.11603
8431.92960,0.11620
8428.07236,0.11626
8424.21512,0.11622
8420.35788,0.11623
8416.50064,0.11635
8412.64340,0.11639
8408.78616,0.11626
8404.92892,0.11625
8401.07167,0.11634
8397.21443,0.11626
8393.35719,0.11618
8389.49995,0.11629
8385.64271,0.11627
8381.78547,0.11596
8377.92823,0.11565
8374.07098,0.11559
8370.21374,0.11567
8366.35650,0.11567
8362.49926,0.11566
8358.64202,0.11571
8354.78478,0.11569
8350.92754,0.11564
8347.07029,0.11571
8343.21305,0.11578
8339.35581,0.11560
8335.49857,0.11533
8331.64133,0.11526
8327.78409,0.11537
8323.92685,0.11547
8320.06961,0.11549
8316.21236,0.11552
8312.35512,0.11560
8308.49788,0.11564
8304.64064,0.11558
8300.78340,0.11554
8296.92616,0.11561
8293.06892,0.11576
8289.21167,0.11587
8285.35443,0.11586
8281.49719,0.11577
8277.63995,0.11575
8273.78271,0.11594
8269.92547,0.11615
8266.06823,0.11620
8262.21098,0.11618
8258.35374,0.11620
8254.49650,0.11625
8250.63926,0.11623
8246.78202,0.11626
8242.92478,0.11640
8239.06754,0.11650
8235.21030,0.11658
8231.35305,0.11674
8227.49581,0.11682
8223.63857,0.11675
8219.78133,0.11668
8215.92409,0.11665
8212.06685,0.11655
8208.20961,0.11639
8204.35236,0.11623
8200.49512,0.11606
8196.63788,0.11596
8192.78064,0.11593
8188.92340,0.11582
8185.06616,0.11566
8181.20892,0.11563
8177.35168,0.11561
8173.49443,0.11541
8169.63719,0.11511
8165.77995,0.11482
8161.92271,0.11461
8158.06547,0.11453
8154.20823,0.11452
8150.35099,0.11443
8146.49374,0.11420
8142.63650,0.11384
8138.77926,0.11352
8134.92202,0.11337
8131.06478,0.11327
8127.20754,0.11305
8123.35030,0.11277
8119.49305,0.11253
8115.63581,0.11229
8111.77857,0.11206
8107.92133,0.11190
8104.06409,0.11179
8100.20685,0.11164
8096.34961,0.11136
8092.49237,0.11100
8088.63512,0.11073
8084.77788,0.11047
8080.92064,0.11011
8077.06340,0.10978
8073.20616,0.10953
8069.34892,0.10936
8065.49168,0.10937
8061.63443,0.10941
8057.77719,0.10922
8053.91995,0.10890
8050.06271,0.10862
8046.20547,0.10836
8042.34823,0.10822
8038.49099,0.10824
8034.63374,0.10824
8030.77650,0.10815
8026.91926,0.10799
8023.06202,0.10780
8019.20478,0.10769
8015.34754,0.10763
8011.49030,0.10740
8007.63306,0.10706
8003.77581,0.10688
7999.91857,0.10686
7996.06133,0.10691
7992.20409,0.10699
7988.34685,0.10702
7984.48961,0.10687
7980.63237,0.10661
7976.77512,0.10646
7972.91788,0.10647
7969.06064,0.10645
7965.20340,0.10635
7961.34616,0.10630
7957.48892,0.10620
7953.63168,0.10600
7949.77444,0.10590
7945.91719,0.10596
7942.05995,0.10595
7938.20271,0.10576
7934.34547,0.10557
7930.48823,0.10557
7926.63099,0.10569
7922.77375,0.10577
7918.91650,0.10575
7915.05926,0.10570
7911.20202,0.10573
7907.34478,0.10584
7903.48754,0.10593
7899.63030,0.10595
7895.77306,0.10593
7891.91581,0.10594
7888.05857,0.10601
7884.20133,0.10610
7880.34409,0.10616
7876.48685,0.10615
7872.62961,0.10611
7868.77237,0.10606
7864.91513,0.10594
7861.05788,0.10575
7857.20064,0.10566
7853.34340,0.10574
7849.48616,0.10576
7845.62892,0.10557
7841.77168,0.10534
7837.91444,0.10523
7834.05719,0.10517
7830.19995,0.10502
7826.34271,0.10480
7822.48547,0.10457
7818.62823,0.10443
7814.77099,0.10445
7810.91375,0.10452
7807.05650,0.10449
7803.19926,0.10431
7799.34202,0.10406
7795.48478,0.10371
7791.62754,0.10338
7787.77030,0.10326
7783.91306,0.10318
7780.05582,0.10296
7776.19857,0.10286
7772.34133,0.10282
7768.48409,0.10252
7764.62685,0.10214
7760.76961,0.10197
7756.91237,0.10189
7753.05513,0.10176
7749.19788,0.10163
7745.34064,0.10153
7741.48340,0.10138
7737.62616,0.10113
7733.76892,0.10090
7729.91168,0.10077
7726.05444,0.10063
7722.19720,0.10030
7718.33995,0.09987
7714.48271,0.09976
7710.62547,0.10002
7706.76823,0.10015
7702.91099,0.09982
7699.05375,0.09940
7695.19651,0.09921
7691.33926,0.09919
7687.48202,0.09923
7683.62478,0.09935
7679.76754,0.09954
7675.91030,0.09965
7672.05306,0.09959
7668.19582,0.09942
7664.33857,0.09929
7660.48133,0.09938
7656.62409,0.09966
7652.76685,0.09986
7648.90961,0.09986
7645.05237,0.09985
7641.19513,0.09982
7637.33789,0.09975
7633.48064,0.09972
7629.62340,0.09970
7625.76616,0.09968
7621.90892,0.09979
7618.05168,0.09998
7614.19444,0.10016
7610.33720,0.10042
7606.47995,0.10079
7602.62271,0.10099
7598.76547,0.10092
7594.90823,0.10086
7591.05099,0.10091
7587.19375,0.10093
7583.33651,0.10091
7579.47926,0.10103
7575.62202,0.10121
7571.76478,0.10128
7567.90754,0.10138
7564.05030,0.10161
7560.19306,0.10193
7556.33582,0.10242
7552.47858,0.10297
7548.62133,0.10334
7544.76409,0.10363
7540.90685,0.10386
7537.04961,0.10406
7533.19237,0.10439
7529.33513,0.10473
7525.47789,0.10491
7521.62064,0.10505
7517.76340,0.10523
7513.90616,0.10547
7510.04892,0.10578
7506.19168,0.10616
7502.33444,0.10654
7498.47720,0.10688
7494.61996,0.10725
7490.76271,0.10760
7486.90547,0.10789
7483.04823,0.10823
7479.19099,0.10865
7475.33375,0.10913
7471.47651,0.10966
7467.61927,0.11016
7463.76202,0.11063
7459.90478,0.11127
7456.04754,0.11204
7452.19030,0.11281
7448.33306,0.11361
7444.47582,0.11455
7440.61858,0.11562
7436.76133,0.11666
7432.90409,0.11757
7429.04685,0.11852
7425.18961,0.11964
7421.33237,0.12082
7417.47513,0.12187
7413.61789,0.12273
7409.76065,0.12351
7405.90340,0.12439
7402.04616,0.12537
7398.18892,0.12635
7394.33168,0.12732
7390.47444,0.12835
7386.61720,0.12947
7382.75996,0.13068
7378.90271,0.13192
7375.04547,0.13311
7371.18823,0.13429
7367.33099,0.13545
7363.47375,0.13651
7359.61651,0.13750
7355.75927,0.13853
7351.90202,0.13953
7348.04478,0.14048
7344.18754,0.14145
7340.33030,0.14242
7336.47306,0.14322
7332.61582,0.14387
7328.75858,0.14456
7324.90134,0.14524
7321.04409,0.14578
7317.18685,0.14615
7313.32961,0.14642
7309.47237,0.14671
7305.61513,0.14713
7301.75789,0.14758
7297.90065,0.14791
7294.04340,0.14814
7290.18616,0.14836
7286.32892,0.14862
7282.47168,0.14893
7278.61444,0.14923
7274.75720,0.14958
7270.89996,0.15005
7267.04272,0.15050
7263.18547,0.15086
7259.32823,0.15123
7255.47099,0.15165
7251.61375,0.15202
7247.75651,0.15228
7243.89927,0.15256
7240.04203,0.15285
7236.18478,0.15313
7232.32754,0.15340
7228.47030,0.15361
7224.61306,0.15376
7220.75582,0.15396
7216.89858,0.15426
7213.04134,0.15460
7209.18409,0.15495
7205.32685,0.15531
7201.46961,0.15560
7197.61237,0.15585
7193.75513,0.15619
7189.89789,0.15662
7186.04065,0.15703
7182.18341,0.15744
7178.32616,0.15792
7174.46892,0.15850
7170.61168,0.15924
7166.75444,0.16011
7162.89720,0.16106
7159.03996,0.16204
7155.18272,0.16300
7151.32547,0.16404
7147.46823,0.16527
7143.61099,0.16668
7139.75375,0.16815
7135.89651,0.16962
7132.03927,0.17104
7128.18203,0.17239
7124.32478,0.17376
7120.46754,0.17520
7116.61030,0.17665
7112.75306,0.17806
7108.89582,0.17952
7105.03858,0.18107
7101.18134,0.18258
7097.32410,0.18405
7093.46685,0.18564
7089.60961,0.18734
7085.75237,0.18906
7081.89513,0.19078
7078.03789,0.19255
7074.18065,0.19449
7070.32341,0.19653
7066.46616,0.19847
7062.60892,0.20029
7058.75168,0.20207
7054.89444,0.20392
7051.03720,0.20578
7047.17996,0.20751
7043.32272,0.20916
7039.46548,0.21082
7035.60823,0.21244
7031.75099,0.21400
7027.89375,0.21555
7024.03651,0.21705
7020.17927,0.21844
7016.32203,0.21969
7012.46479,0.22083
7008.60754,0.22197
7004.75030,0.22320
7000.89306,0.22442
6997.03582,0.22549
6993.17858,0.22644
6989.32134,0.22748
6985.46410,0.22858
6981.60685,0.22950
6977.74961,0.23028
6973.89237,0.23112
6970.03513,0.23193
6966.17789,0.23263
6962.32065,0.23334
6958.46341,0.23407
6954.60617,0.23469
6950.74892,0.23518
6946.89168,0.23566
6943.03444,0.23622
6939.17720,0.23688
6935.31996,0.23753
6931.46272,0.23807
6927.60548,0.23859
6923.74823,0.23917
6919.89099,0.23967
6916.03375,0.24005
6912.17651,0.24048
6908.31927,0.24102
6904.46203,0.24158
6900.60479,0.24204
6896.74754,0.24247
6892.89030,0.24293
6889.03306,0.24343
6885.17582,0.24400
6881.31858,0.24462
6877.46134,0.24526
6873.60410,0.24593
6869.74686,0.24664
6865.88961,0.24737
6862.03237,0.24808
6858.17513,0.24884
6854.31789,0.24962
6850.46065,0.25034
6846.60341,0.25104
6842.74617,0.25174
6838.88892,0.25247
6835.03168,0.25329
6831.17444,0.25414
6827.31720,0.25500
6823.45996,0.25585
6819.60272,0.25664
6815.74548,0.25732
6811.88824,0.25804
6808.03099,0.25889
6804.17375,0.25984
6800.31651,0.26084
6796.45927,0.26180
6792.60203,0.26265
6788.74479,0.26346
6784.88755,0.26439
6781.03030,0.26543
6777.17306,0.26632
6773.31582,0.26701
6769.45858,0.26761
6765.60134,0.26819
6761.74410,0.26877
6757.88686,0.26932
6754.02961,0.26981
6750.17237,0.27023
6746.31513,0.27059
6742.45789,0.27087
6738.60065,0.27107
6734.74341,0.27126
6730.88617,0.27143
6727.02893,0.27157
6723.17168,0.27165
6719.31444,0.27168
6715.45720,0.27172
6711.59996,0.27181
6707.74272,0.27188
6703.88548,0.27187
6700.02824,0.27182
6696.17099,0.27180
6692.31375,0.27181
6688.45651,0.27179
6684.59927,0.27161
6680.74203,0.27125
6676.88479,0.27086
6673.02755,0.27057
6669.17030,0.27032
6665.31306,0.27001
6661.45582,0.26962
6657.59858,0.26921
6653.74134,0.26878
6649.88410,0.26829
6646.02686,0.26781
6642.16962,0.26742
6638.31237,0.26704
6634.45513,0.26658
6630.59789,0.26599
6626.74065,0.26534
6622.88341,0.26477
6619.02617,0.26426
6615.16893,0.26369
6611.31168,0.26310
6607.45444,0.26259
6603.59720,0.26214
6599.73996,0.26167
6595.88272,0.26116
6592.02548,0.26068
6588.16824,0.26030
6584.31100,0.26004
6580.45375,0.25989
6576.59651,0.25979
6572.73927,0.25967
6568.88203,0.25955
6565.02479,0.25951
6561.16755,0.25960
6557.31031,0.25969
6553.45306,0.25975
6549.59582,0.25980
6545.73858,0.25980
6541.88134,0.25981
6538.02410,0.25990
6534.16686,0.26003
6530.30962,0.26015
6526.45237,0.26029
6522.59513,0.26051
6518.73789,0.26072
6514.88065,0.26086
6511.02341,0.26094
6507.16617,0.26099
6503.30893,0.26103
6499.45169,0.26108
6495.59444,0.26118
6491.73720,0.26122
6487.87996,0.26113
6484.02272,0.26101
6480.16548,0.26092
6476.30824,0.26080
6472.45100,0.26066
6468.59375,0.26048
6464.73651,0.26025
6460.87927,0.25997
6457.02203,0.25971
6453.16479,0.25947
6449.30755,0.25920
6445.45031,0.25893
6441.59306,0.25864
6437.73582,0.25830
6433.87858,0.25792
6430.02134,0.25749
6426.16410,0.25707
6422.30686,0.25670
6418.44962,0.25631
6414.59238,0.25589
6410.73513,0.25551
6406.87789,0.25519
6403.02065,0.25491
6399.16341,0.25472
6395.30617,0.25456
6391.44893,0.25435
6387.59169,0.25407
6383.73444,0.25381
6379.87720,0.25356
6376.01996,0.25332
6372.16272,0.25312
6368.30548,0.25294
6364.44824,0.25272
6360.59100,0.25246
6356.73376,0.25222
6352.87651,0.25201
6349.01927,0.25184
6345.16203,0.25172
6341.30479,0.25162
6337.44755,0.25152
6333.59031,0.25146
6329.73307,0.25145
6325.87582,0.25144
6322.01858,0.25141
6318.16134,0.25137
6314.30410,0.25134
6310.44686,0.25126
6306.58962,0.25104
6302.73238,0.25073
6298.87513,0.25042
6295.01789,0.25008
6291.16065,0.24964
6287.30341,0.24912
6283.44617,0.24848
6279.58893,0.24771
6275.73169,0.24684
6271.87445,0.24595
6268.01720,0.24511
6264.15996,0.24432
6260.30272,0.24343
6256.44548,0.24241
6252.58824,0.24139
6248.73100,0.24042
6244.87376,0.23942
6241.01651,0.23837
6237.15927,0.23727
6233.30203,0.23611
6229.44479,0.23496
6225.58755,0.23392
6221.73031,0.23299
6217.87307,0.23216
6214.01582,0.23154
6210.15858,0.23121
6206.30134,0.23112
6202.44410,0.23108
6198.58686,0.23088
6194.72962,0.23035
6190.87238,0.22943
6187.01514,0.22816
6183.15789,0.22671
6179.30065,0.22526
6175.44341,0.22401
6171.58617,0.22308
6167.72893,0.22241
6163.87169,0.22190
6160.01445,0.22158
6156.15720,0.22154
6152.29996,0.22172
6148.44272,0.22189
6144.58548,0.22185
6140.72824,0.22159
6136.87100,0.22117
6133.01376,0.22070
6129.15652,0.22032
6125.29927,0.22026
6121.44203,0.22075
6117.58479,0.22189
6113.72755,0.22364
6109.87031,0.22597
6106.01307,0.22882
6102.15583,0.23209
6098.29858,0.23574
6094.44134,0.23960
6090.58410,0.24338
6086.72686,0.24694
6082.86962,0.25031
6079.01238,0.25360
6075.15514,0.25716
6071.29789,0.26141
6067.44065,0.26649
6063.58341,0.27204
6059.72617,0.27746
6055.86893,0.28236
6052.01169,0.28664
6048.15445,0.29045
6044.29721,0.29418
6040.43996,0.29818
6036.58272,0.30267
6032.72548,0.30751
6028.86824,0.31211
6025.01100,0.31573
6021.15376,0.31768
6017.29652,0.31741
6013.43927,0.31475
6009.58203,0.31002
6005.72479,0.30384
6001.86755,0.29697
5998.01031,0.29020
5994.15307,0.28421
5990.29583,0.27944
5986.43858,0.27602
5982.58134,0.27369
5978.72410,0.27183
5974.86686,0.26963
5971.00962,0.26663
5967.15238,0.26315
5963.29514,0.25992
5959.43790,0.25751
5955.58065,0.25603
5951.72341,0.25530
5947.86617,0.25498
5944.00893,0.25454
5940.15169,0.25342
5936.29445,0.25130
5932.43721,0.24831
5928.57996,0.24485
5924.72272,0.24131
5920.86548,0.23801
5917.00824,0.23514
5913.15100,0.23274
5909.29376,0.23095
5905.43652,0.23005
5901.57927,0.23018
5897.72203,0.23121
5893.86479,0.23294
5890.00755,0.23521
5886.15031,0.23777
5882.29307,0.24033
5878.43583,0.24271
5874.57859,0.24483
5870.72134,0.24662
5866.86410,0.24793
5863.00686,0.24860
5859.14962,0.24858
5855.29238,0.24806
5851.43514,0.24731
5847.57790,0.24658
5843.72065,0.24596
5839.86341,0.24551
5836.00617,0.24527
5832.14893,0.24522
5828.29169,0.24533
5824.43445,0.24553
5820.57721,0.24575
5816.71997,0.24597
5812.86272,0.24624
5809.00548,0.24650
5805.14824,0.24659
5801.29100,0.24647
5797.43376,0.24627
5793.57652,0.24610
5789.71928,0.24597
5785.86203,0.24583
5782.00479,0.24562
5778.14755,0.24534
5774.29031,0.24494
5770.43307,0.24442
5766.57583,0.24374
5762.71859,0.24287
5758.86134,0.24181
5755.00410,0.24055
5751.14686,0.23913
5747.28962,0.23764
5743.43238,0.23616
5739.57514,0.23472
5735.71790,0.23339
5731.86066,0.23225
5728.00341,0.23136
5724.14617,0.23082
5720.28893,0.23067
5716.43169,0.23081
5712.57445,0.23109
5708.71721,0.23137
5704.85997,0.23150
5701.00272,0.23147
5697.14548,0.23136
5693.28824,0.23122
5689.43100,0.23105
5685.57376,0.23084
5681.71652,0.23069
5677.85928,0.23070
5674.00203,0.23089
5670.14479,0.23126
5666.28755,0.23176
5662.43031,0.23228
5658.57307,0.23267
5654.71583,0.23288
5650.85859,0.23285
5647.00135,0.23255
5643.14410,0.23199
5639.28686,0.23123
5635.42962,0.23041
5631.57238,0.22968
5627.71514,0.22909
5623.85790,0.22861
5620.00066,0.22821
5616.14341,0.22786
5612.28617,0.22763
5608.42893,0.22763
5604.57169,0.22780
5600.71445,0.22806
5596.85721,0.22834
5592.99997,0.22868
5589.14273,0.22905
5585.28548,0.22942
5581.42824,0.22981
5577.57100,0.23029
5573.71376,0.23085
5569.85652,0.23133
5565.99928,0.23157
5562.14204,0.23160
5558.28479,0.23149
5554.42755,0.23136
5550.57031,0.23131
5546.71307,0.23131
5542.85583,0.23127
5538.99859,0.23120
5535.14135,0.23115
5531.28410,0.23110
5527.42686,0.23096
5523.56962,0.23074
5519.71238,0.23052
5515.85514,0.23028
5511.99790,0.23002
5508.14066,0.22987
5504.28342,0.22991
5500.42617,0.23010
5496.56893,0.23040
5492.71169,0.23084
5488.85445,0.23131
5484.99721,0.23168
5481.13997,0.23190
5477.28273,0.23191
5473.42548,0.23162
5469.56824,0.23107
5465.71100,0.23035
5461.85376,0.22948
5457.99652,0.22845
5454.13928,0.22733
5450.28204,0.22612
5446.42479,0.22476
5442.56755,0.22330
5438.71031,0.22188
5434.85307,0.22055
5430.99583,0.21931
5427.13859,0.21819
5423.28135,0.21728
5419.42411,0.21657
5415.56686,0.21601
5411.70962,0.21558
5407.85238,0.21528
5403.99514,0.21504
5400.13790,0.21481
5396.28066,0.21461
5392.42342,0.21446
5388.56617,0.21439
5384.70893,0.21443
5380.85169,0.21463
5376.99445,0.21494
5373.13721,0.21528
5369.27997,0.21566
5365.42273,0.21617
5361.56549,0.21678
5357.70824,0.21743
5353.85100,0.21810
5349.99376,0.21872
5346.13652,0.21930
5342.27928,0.21990
5338.42204,0.22059
5334.56480,0.22139
5330.70755,0.22229
5326.85031,0.22335
5322.99307,0.22468
5319.13583,0.22640
5315.27859,0.22849
5311.42135,0.23090
5307.56411,0.23365
5303.70686,0.23675
5299.84962,0.24021
5295.99238,0.24402
5292.13514,0.24829
5288.27790,0.25321
5284.42066,0.25865
5280.56342,0.26448
5276.70618,0.27068
5272.84893,0.27715
5268.99169,0.28372
5265.13445,0.29032
5261.27721,0.29668
5257.41997,0.30253
5253.56273,0.30788
5249.70549,0.31276
5245.84824,0.31721
5241.99100,0.32116
5238.13376,0.32453
5234.27652,0.32751
5230.41928,0.33022
5226.56204,0.33267
5222.70480,0.33485
5218.84755,0.33674
5214.99031,0.33834
5211.13307,0.33965
5207.27583,0.34074
5203.41859,0.34169
5199.56135,0.34256
5195.70411,0.34331
5191.84687,0.34390
5187.98962,0.34431
5184.13238,0.34463
5180.27514,0.34480
5176.41790,0.34477
5172.56066,0.34459
5168.70342,0.34433
5164.84618,0.34397
5160.98893,0.34351
5157.13169,0.34299
5153.27445,0.34243
5149.41721,0.34181
5145.55997,0.34110
5141.70273,0.34031
5137.84549,0.33951
5133.98825,0.33871
5130.13100,0.33790
5126.27376,0.33710
5122.41652,0.33615
5118.55928,0.33477
5114.70204,0.33277
5110.84480,0.33030
5106.98756,0.32756
5103.13031,0.32473
5099.27307,0.32195
5095.41583,0.31929
5091.55859,0.31681
5087.70135,0.31447
5083.84411,0.31229
5079.98687,0.31030
5076.12962,0.30846
5072.27238,0.30668
5068.41514,0.30489
5064.55790,0.30310
5060.70066,0.30139
5056.84342,0.29976
5052.98618,0.29822
5049.12894,0.29679
5045.27169,0.29547
5041.41445,0.29418
5037.55721,0.29291
5033.69997,0.29173
5029.84273,0.29066
5025.98549,0.28960
5022.12825,0.28858
5018.27100,0.28767
5014.41376,0.28683
5010.55652,0.28596
5006.69928,0.28506
5002.84204,0.28425
4998.98480,0.28353
4995.12756,0.28285
4991.27031,0.28224
4987.41307,0.28176
4983.55583,0.28147
4979.69859,0.28137
4975.84135,0.28143
4971.98411,0.28170
4968.12687,0.28221
4964.26963,0.28295
4960.41238,0.28388
4956.55514,0.28502
4952.69790,0.28642
4948.84066,0.28805
4944.98342,0.28979
4941.12618,0.29158
4937.26894,0.29347
4933.41169,0.29555
4929.55445,0.29781
4925.69721,0.30021
4921.83997,0.30271
4917.98273,0.30540
4914.12549,0.30831
4910.26825,0.31136
4906.41101,0.31447
4902.55376,0.31768
4898.69652,0.32105
4894.83928,0.32462
4890.98204,0.32832
4887.12480,0.33208
4883.26756,0.33590
4879.41032,0.33980
4875.55307,0.34364
4871.69583,0.34735
4867.83859,0.35091
4863.98135,0.35429
4860.12411,0.35756
4856.26687,0.36084
4852.40963,0.36412
4848.55238,0.36750
4844.69514,0.37112
4840.83790,0.37499
4836.98066,0.37904
4833.12342,0.38321
4829.26618,0.38741
4825.40894,0.39155
4821.55170,0.39549
4817.69445,0.39915
4813.83721,0.40249
4809.97997,0.40558
4806.12273,0.40845
4802.26549,0.41102
4798.40825,0.41322
4794.55101,0.41500
4790.69376,0.41639
4786.83652,0.41745
4782.97928,0.41820
4779.12204,0.41874
4775.26480,0.41932
4771.40756,0.42010
4767.55032,0.42111
4763.69307,0.42241
4759.83583,0.42404
4755.97859,0.42590
4752.12135,0.42784
4748.26411,0.42966
4744.40687,0.43117
4740.54963,0.43249
4736.69239,0.43395
4732.83514,0.43585
4728.97790,0.43831
4725.12066,0.44097
4721.26342,0.44297
4717.40618,0.44376
4713.54894,0.44367
4709.69170,0.44382
4705.83445,0.44526
4701.97721,0.44826
4698.11997,0.45211
4694.26273,0.45524
4690.40549,0.45591
4686.54825,0.45323
4682.69101,0.44753
4678.83377,0.43998
4674.97652,0.43218
4671.11928,0.42553
4667.26204,0.42062
4663.40480,0.41727
4659.54756,0.41510
4655.69032,0.41401
4651.83308,0.41435
4647.97583,0.41647
4644.11859,0.42002
4640.26135,0.42358
4636.40411,0.42523
4632.54687,0.42343
4628.68963,0.41789
4624.83239,0.40977
4620.97514,0.40105
4617.11790,0.39350
4613.26066,0.38791
4609.40342,0.38427
4605.54618,0.38244
4601.68894,0.38243
4597.83170,0.38390
4593.97446,0.38584
4590.11721,0.38738
4586.25997,0.38849
4582.40273,0.38898
4578.54549,0.38753
4574.68825,0.38293
4570.83101,0.37590
4566.97377,0.36853
4563.11652,0.36261
4559.25928,0.35868
4555.40204,0.35631
4551.54480,0.35486
4547.68756,0.35385
4543.83032,0.35296
4539.97308,0.35215
4536.11583,0.35151
4532.25859,0.35119
4528.40135,0.35133
4524.54411,0.35200
4520.68687,0.35317
4516.82963,0.35487
4512.97239,0.35722
4509.11515,0.36054
4505.25790,0.36523
4501.40066,0.37145
4497.54342,0.37887
4493.68618,0.38661
4489.82894,0.39345
4485.97170,0.39879
4482.11446,0.40329
4478.25721,0.40828
4474.39997,0.41500
4470.54273,0.42434
4466.68549,0.43625
4462.82825,0.44899
4458.97101,0.45949
4455.11377,0.46603
4451.25653,0.47002
4447.39928,0.47398
4443.54204,0.47897
4439.68480,0.48441
4435.82756,0.48904
4431.97032,0.49165
4428.11308,0.49165
4424.25584,0.48972
4420.39859,0.48763
4416.54135,0.48706
4412.68411,0.48850
4408.82687,0.49117
4404.96963,0.49345
4401.11239,0.49392
4397.25515,0.49209
4393.39790,0.48847
4389.54066,0.48409
4385.68342,0.47989
4381.82618,0.47635
4377.96894,0.47368
4374.11170,0.47197
4370.25446,0.47125
4366.39722,0.47151
4362.53997,0.47263
4358.68273,0.47416
4354.82549,0.47571
4350.96825,0.47738
4347.11101,0.47956
4343.25377,0.48234
4339.39653,0.48534
4335.53928,0.48809
4331.68204,0.49054
4327.82480,0.49297
4323.96756,0.49558
4320.11032,0.49842
4316.25308,0.50168
4312.39584,0.50565
4308.53859,0.51037
4304.68135,0.51547
4300.82411,0.52040
4296.96687,0.52469
4293.10963,0.52796
4289.25239,0.53004
4285.39515,0.53098
4281.53791,0.53112
4277.68066,0.53075
4273.82342,0.52985
4269.96618,0.52835
4266.10894,0.52643
4262.25170,0.52452
4258.39446,0.52319
4254.53722,0.52274
4250.67997,0.52294
4246.82273,0.52312
4242.96549,0.52256
4239.10825,0.52119
4235.25101,0.51959
4231.39377,0.51840
4227.53653,0.51750
4223.67929,0.51627
4219.82204,0.51432
4215.96480,0.51178
4212.10756,0.50919
4208.25032,0.50690
4204.39308,0.50479
4200.53584,0.50292
4196.67860,0.50188
4192.82135,0.50224
4188.96411,0.50423
4185.10687,0.50758
4181.24963,0.51113
4177.39239,0.51288
4173.53515,0.51132
4169.67791,0.50683
4165.82066,0.50131
4161.96342,0.49669
4158.10618,0.49387
4154.24894,0.49285
4150.39170,0.49336
4146.53446,0.49521
4142.67722,0.49818
4138.81998,0.50180
4134.96273,0.50540
4131.10549,0.50858
4127.24825,0.51141
4123.39101,0.51443
4119.53377,0.51823
4115.67653,0.52337
4111.81929,0.53015
4107.96204,0.53863
4104.10480,0.54923
4100.24756,0.56278
4096.39032,0.57854
4092.53308,0.59213
4088.67584,0.59832
4084.81860,0.59615
4080.96135,0.58891
4077.10411,0.58047
4073.24687,0.57374
4069.38963,0.57011
4065.53239,0.56932
4061.67515,0.57044
4057.81791,0.57284
4053.96067,0.57621
4050.10342,0.58002
4046.24618,0.58364
4042.38894,0.58661
4038.53170,0.58888
4034.67446,0.59063
4030.81722,0.59193
4026.95998,0.59272
4023.10273,0.59299
4019.24549,0.59279
4015.38825,0.59205
4011.53101,0.59071
4007.67377,0.58879
4003.81653,0.58634
3999.95929,0.58352
3996.10205,0.58048
3992.24480,0.57744
3988.38756,0.57467
3984.53032,0.57239
3980.67308,0.57070
3976.81584,0.56935
3972.95860,0.56783
3969.10136,0.56574
3965.24411,0.56310
3961.38687,0.56013
3957.52963,0.55721
3953.67239,0.55451
3949.81515,0.55176
3945.95791,0.54889
3942.10067,0.54609
3938.24342,0.54347
3934.38618,0.54088
3930.52894,0.53835
3926.67170,0.53604
3922.81446,0.53394
3918.95722,0.53194
3915.09998,0.53000
3911.24274,0.52794
3907.38549,0.52541
3903.52825,0.52220
3899.67101,0.51880
3895.81377,0.51582
3891.95653,0.51311
3888.09929,0.51067
3884.24205,0.50868
3880.38480,0.50710
3876.52756,0.50565
3872.67032,0.50359
3868.81308,0.50048
3864.95584,0.49685
3861.09860,0.49366
3857.24136,0.49086
3853.38411,0.48795
3849.52687,0.48569
3845.66963,0.48424
3841.81239,0.48292
3837.95515,0.48187
3834.09791,0.48138
3830.24067,0.48124
3826.38343,0.48132
3822.52618,0.48196
3818.66894,0.48391
3814.81170,0.48670
3810.95446,0.48885
3807.09722,0.48988
3803.23998,0.48968
3799.38274,0.48838
3795.52549,0.48695
3791.66825,0.48616
3787.81101,0.48606
3783.95377,0.48665
3780.09653,0.48806
3776.23929,0.49008
3772.38205,0.49243
3768.52481,0.49522
3764.66756,0.49826
3760.81032,0.50093
3756.95308,0.50246
3753.09584,0.50227
3749.23860,0.50106
3745.38136,0.50103
3741.52412,0.50292
3737.66687,0.50637
3733.80963,0.51110
3729.95239,0.51499
3726.09515,0.51739
3722.23791,0.52003
3718.38067,0.52385
3714.52343,0.52928
3710.66618,0.53745
3706.80894,0.54756
3702.95170,0.55877
3699.09446,0.57195
3695.23722,0.58687
3691.37998,0.60596
3687.52274,0.62927
3683.66550,0.64774
3679.80825,0.66139
3675.95101,0.67800
3672.09377,0.70145
3668.23653,0.72639
3664.37929,0.74849
3660.52205,0.76927
3656.66481,0.79033
3652.80756,0.81219
3648.95032,0.83727
3645.09308,0.86221
3641.23584,0.88101
3637.37860,0.89682
3633.52136,0.91104
3629.66412,0.92568
3625.80687,0.94292
3621.94963,0.95760
3618.09239,0.97087
3614.23515,0.98412
3610.37791,0.99850
3606.52067,1.01355
3602.66343,1.02536
3598.80619,1.03513
