12493.60475,0.13554
12489.74751,0.13795
12485.89027,0.13927
12482.03303,0.13785
12478.17579,0.13548
12474.31855,0.13497
12470.46130,0.13684
12466.60406,0.13825
12462.74682,0.13870
12458.88958,0.13936
12455.03234,0.13962
12451.17510,0.13990
12447.31786,0.13964
12443.46062,0.13801
12439.60337,0.13765
12435.74613,0.13839
12431.88889,0.13715
12428.03165,0.13681
12424.17441,0.13941
12420.31717,0.14046
12416.45993,0.13926
12412.60268,0.13947
12408.74544,0.14129
12404.88820,0.14166
12401.03096,0.14005
12397.17372,0.13924
12393.31648,0.13923
12389.45924,0.13897
12385.60199,0.13917
12381.74475,0.13924
12377.88751,0.13945
12374.03027,0.14048
12370.17303,0.14015
12366.31579,0.13867
12362.45855,0.14008
12358.60131,0.14253
12354.74406,0.14088
12350.88682,0.13789
12347.02958,0.13779
12343.17234,0.13863
12339.31510,0.13836
12335.45786,0.13778
12331.60062,0.13664
12327.74337,0.13566
12323.88613,0.13709
12320.02889,0.13910
12316.17165,0.13941
12312.31441,0.13860
12308.45717,0.13598
12304.59993,0.13183
12300.74268,0.12933
12296.88544,0.13048
12293.02820,0.13389
12289.17096,0.13645
12285.31372,0.13715
12281.45648,0.13849
12277.59924,0.14091
12273.74200,0.14028
12269.88475,0.13632
12266.02751,0.13358
12262.17027,0.13438
12258.31303,0.13801
12254.45579,0.14075
12250.59855,0.13896
12246.74131,0.13494
12242.88406,0.13314
12239.02682,0.13432
12235.16958,0.13666
12231.31234,0.13819
12227.45510,0.13799
12223.59786,0.13667
12219.74062,0.13593
12215.88338,0.13623
12212.02613,0.13694
12208.16889,0.13853
12204.31165,0.14017
12200.45441,0.14012
12196.59717,0.13897
12192.73993,0.13751
12188.88269,0.13608
12185.02544,0.13591
12181.16820,0.13700
12177.31096,0.13690
12173.45372,0.13467
12169.59648,0.13367
12165.73924,0.13567
12161.88200,0.13814
12158.02475,0.13898
12154.16751,0.13768
12150.31027,0.13608
12146.45303,0.13611
12142.59579,0.13568
12138.73855,0.13410
12134.88131,0.13340
12131.02407,0.13315
12127.16682,0.13335
12123.30958,0.13458
12119.45234,0.13582
12115.59510,0.13680
12111.73786,0.13679
12107.88062,0.13518
12104.02338,0.13450
12100.16613,0.13683
12096.30889,0.13910
12092.45165,0.13783
12088.59441,0.13506
12084.73717,0.13322
12080.87993,0.13250
12077.02269,0.13336
12073.16544,0.13444
12069.30820,0.13368
12065.45096,0.13268
12061.59372,0.13413
12057.73648,0.13637
12053.87924,0.13617
12050.02200,0.13512
12046.16476,0.13571
12042.30751,0.13642
12038.45027,0.13630
12034.59303,0.13660
12030.73579,0.13755
12026.87855,0.13983
12023.02131,0.14277
12019.16407,0.14270
12015.30682,0.14009
12011.44958,0.13849
12007.59234,0.13788
12003.73510,0.13692
11999.87786,0.13631
11996.02062,0.13749
11992.16338,0.13917
11988.30614,0.13892
11984.44889,0.13713
11980.59165,0.13577
11976.73441,0.13584
11972.87717,0.13603
11969.01993,0.13562
11965.16269,0.13735
11961.30545,0.14191
11957.44820,0.14506
11953.59096,0.14359
11949.73372,0.13899
11945.87648,0.13545
11942.01924,0.13527
11938.16200,0.13692
11934.30476,0.13883
11930.44751,0.14136
11926.59027,0.14381
11922.73303,0.14415
11918.87579,0.14281
11915.01855,0.14188
11911.16131,0.14126
11907.30407,0.14085
11903.44683,0.14180
11899.58958,0.14260
11895.73234,0.14165
11891.87510,0.14113
11888.01786,0.14187
11884.16062,0.14163
11880.30338,0.14105
11876.44614,0.14248
11872.58889,0.14416
11868.73165,0.14357
11864.87441,0.14218
11861.01717,0.14147
11857.15993,0.13996
11853.30269,0.13743
11849.44545,0.13728
11845.58820,0.14033
11841.73096,0.14179
11837.87372,0.14011
11834.01648,0.13977
11830.15924,0.14227
11826.30200,0.14461
11822.44476,0.14453
11818.58752,0.14196
11814.73027,0.13942
11810.87303,0.13949
11807.01579,0.14090
11803.15855,0.14137
11799.30131,0.14101
11795.44407,0.14096
11791.58683,0.14195
11787.72958,0.14436
11783.87234,0.14638
11780.01510,0.14499
11776.15786,0.14175
11772.30062,0.14057
11768.44338,0.14157
11764.58614,0.14275
11760.72890,0.14283
11756.87165,0.14248
11753.01441,0.14327
11749.15717,0.14474
11745.29993,0.14525
11741.44269,0.14464
11737.58545,0.14406
11733.72821,0.14405
11729.87096,0.14399
11726.01372,0.14349
11722.15648,0.14297
11718.29924,0.14275
11714.44200,0.14267
11710.58476,0.14240
11706.72752,0.14297
11702.87027,0.14555
11699.01303,0.14770
11695.15579,0.14672
11691.29855,0.14436
11687.44131,0.14300
11683.58407,0.14285
11679.72683,0.14322
11675.86959,0.14343
11672.01234,0.14342
11668.15510,0.14360
11664.29786,0.14395
11660.44062,0.14417
11656.58338,0.14445
11652.72614,0.14474
11648.86890,0.14449
11645.01165,0.14415
11641.15441,0.14413
11637.29717,0.14363
11633.43993,0.14223
11629.58269,0.14108
11625.72545,0.14151
11621.86821,0.14232
11618.01096,0.14171
11614.15372,0.14086
11610.29648,0.14021
11606.43924,0.13904
11602.58200,0.13871
11598.72476,0.13916
11594.86752,0.13883
11591.01028,0.13862
11587.15303,0.13989
11583.29579,0.14156
11579.43855,0.14211
11575.58131,0.14263
11571.72407,0.14369
11567.86683,0.14276
11564.00959,0.13951
11560.15234,0.13739
11556.29510,0.13869
11552.43786,0.14159
11548.58062,0.14245
11544.72338,0.14054
11540.86614,0.13821
11537.00890,0.13834
11533.15166,0.14111
11529.29441,0.14279
11525.43717,0.14194
11521.57993,0.14191
11517.72269,0.14360
11513.86545,0.14464
11510.00821,0.14465
11506.15097,0.14486
11502.29372,0.14490
11498.43648,0.14327
11494.57924,0.14092
11490.72200,0.14079
11486.86476,0.14304
11483.00752,0.14502
11479.15028,0.14447
11475.29303,0.14141
11471.43579,0.13886
11467.57855,0.13884
11463.72131,0.13963
11459.86407,0.13933
11456.00683,0.13894
11452.14959,0.13991
11448.29235,0.14051
11444.43510,0.13908
11440.57786,0.13728
11436.72062,0.13658
11432.86338,0.13670
11429.00614,0.13769
11425.14890,0.13906
11421.29166,0.13962
11417.43441,0.13919
11413.57717,0.13796
11409.71993,0.13667
11405.86269,0.13647
11402.00545,0.13682
11398.14821,0.13657
11394.29097,0.13611
11390.43372,0.13642
11386.57648,0.13750
11382.71924,0.13884
11378.86200,0.13981
11375.00476,0.13958
11371.14752,0.13814
11367.29028,0.13605
11363.43304,0.13492
11359.57579,0.13694
11355.71855,0.14056
11351.86131,0.14204
11348.00407,0.14121
11344.14683,0.14004
11340.28959,0.13946
11336.43235,0.13953
11332.57510,0.14012
11328.71786,0.14139
11324.86062,0.14304
11321.00338,0.14351
11317.14614,0.14248
11313.28890,0.14083
11309.43166,0.13874
11305.57442,0.13700
11301.71717,0.13682
11297.85993,0.13744
11294.00269,0.13763
11290.14545,0.13819
11286.28821,0.13927
11282.43097,0.13923
11278.57373,0.13857
11274.71648,0.13888
11270.85924,0.13883
11267.00200,0.13787
11263.14476,0.13828
11259.28752,0.14003
11255.43028,0.14040
11251.57304,0.13894
11247.71579,0.13829
11243.85855,0.13958
11240.00131,0.14041
11236.14407,0.13937
11232.28683,0.13805
11228.42959,0.13795
11224.57235,0.13911
11220.71511,0.14038
11216.85786,0.14055
11213.00062,0.13939
11209.14338,0.13747
11205.28614,0.13612
11201.42890,0.13684
11197.57166,0.13903
11193.71442,0.14029
11189.85717,0.14005
11185.99993,0.13943
11182.14269,0.13882
11178.28545,0.13851
11174.42821,0.13890
11170.57097,0.13951
11166.71373,0.13974
11162.85648,0.13947
11158.99924,0.13859
11155.14200,0.13788
11151.28476,0.13825
11147.42752,0.13862
11143.57028,0.13874
11139.71304,0.13967
11135.85580,0.14027
11131.99855,0.13983
11128.14131,0.13963
11124.28407,0.13963
11120.42683,0.13915
11116.56959,0.13870
11112.71235,0.13888
11108.85511,0.13934
11104.99786,0.13919
11101.14062,0.13862
11097.28338,0.13879
11093.42614,0.13978
11089.56890,0.14039
11085.71166,0.14032
11081.85442,0.14006
11077.99718,0.13958
11074.13993,0.13937
11070.28269,0.13981
11066.42545,0.14043
11062.56821,0.14148
11058.71097,0.14242
11054.85373,0.14163
11050.99649,0.14023
11047.13924,0.14011
11043.28200,0.14038
11039.42476,0.14016
11035.56752,0.13996
11031.71028,0.14042
11027.85304,0.14176
11023.99580,0.14301
11020.13855,0.14271
11016.28131,0.14105
11012.42407,0.13985
11008.56683,0.13978
11004.70959,0.13955
11000.85235,0.13889
10996.99511,0.13870
10993.13787,0.13883
10989.28062,0.13915
10985.42338,0.14042
10981.56614,0.14208
10977.70890,0.14228
10973.85166,0.14127
10969.99442,0.14080
10966.13718,0.14099
10962.27993,0.14076
10958.42269,0.13983
10954.56545,0.13919
10950.70821,0.13961
10946.85097,0.13995
10942.99373,0.13944
10939.13649,0.13919
10935.27924,0.13932
10931.42200,0.13901
10927.56476,0.13866
10923.70752,0.13844
10919.85028,0.13802
10915.99304,0.13795
10912.13580,0.13855
10908.27856,0.13894
10904.42131,0.13878
10900.56407,0.13856
10896.70683,0.13858
10892.84959,0.13903
10888.99235,0.13980
10885.13511,0.13992
10881.27787,0.13911
10877.42062,0.13835
10873.56338,0.13833
10869.70614,0.13861
10865.84890,0.13864
10861.99166,0.13878
10858.13442,0.13933
10854.27718,0.13969
10850.41993,0.13940
10846.56269,0.13867
10842.70545,0.13773
10838.84821,0.13687
10834.99097,0.13643
10831.13373,0.13663
10827.27649,0.13746
10823.41925,0.13816
10819.56200,0.13776
10815.70476,0.13663
10811.84752,0.13593
10807.99028,0.13637
10804.13304,0.13749
10800.27580,0.13792
10796.41856,0.13729
10792.56131,0.13664
10788.70407,0.13637
10784.84683,0.13598
10780.98959,0.13561
10777.13235,0.13587
10773.27511,0.13643
10769.41787,0.13661
10765.56063,0.13667
10761.70338,0.13697
10757.84614,0.13741
10753.98890,0.13768
10750.13166,0.13731
10746.27442,0.13643
10742.41718,0.13603
10738.55994,0.13619
10734.70269,0.13633
10730.84545,0.13679
10726.98821,0.13765
10723.13097,0.13790
10719.27373,0.13709
10715.41649,0.13627
10711.55925,0.13678
10707.70200,0.13793
10703.84476,0.13792
10699.98752,0.13756
10696.13028,0.13831
10692.27304,0.13939
10688.41580,0.13961
10684.55856,0.13874
10680.70132,0.13748
10676.84407,0.13679
10672.98683,0.13691
10669.12959,0.13725
10665.27235,0.13741
10661.41511,0.13776
10657.55787,0.13821
10653.70063,0.13775
10649.84338,0.13637
10645.98614,0.13532
10642.12890,0.13550
10638.27166,0.13628
10634.41442,0.13656
10630.55718,0.13647
10626.69994,0.13631
10622.84269,0.13617
10618.98545,0.13635
10615.12821,0.13645
10611.27097,0.13625
10607.41373,0.13629
10603.55649,0.13640
10599.69925,0.13615
10595.84201,0.13585
10591.98476,0.13562
10588.12752,0.13548
10584.27028,0.13566
10580.41304,0.13627
10576.55580,0.13690
10572.69856,0.13705
10568.84132,0.13657
10564.98407,0.13565
10561.12683,0.13477
10557.26959,0.13446
10553.41235,0.13460
10549.55511,0.13433
10545.69787,0.13369
10541.84063,0.13402
10537.98339,0.13530
10534.12614,0.13605
10530.26890,0.13586
10526.41166,0.13507
10522.55442,0.13371
10518.69718,0.13253
10514.83994,0.13248
10510.98270,0.13333
10507.12545,0.13404
10503.26821,0.13393
10499.41097,0.13335
10495.55373,0.13320
10491.69649,0.13377
10487.83925,0.13415
10483.98201,0.13358
10480.12476,0.13275
10476.26752,0.13247
10472.41028,0.13280
10468.55304,0.13330
10464.69580,0.13347
10460.83856,0.13339
10456.98132,0.13323
10453.12408,0.13310
10449.26683,0.13331
10445.40959,0.13337
10441.55235,0.13281
10437.69511,0.13232
10433.83787,0.13241
10429.98063,0.13281
10426.12339,0.13304
10422.26614,0.13287
10418.40890,0.13277
10414.55166,0.13336
10410.69442,0.13425
10406.83718,0.13461
10402.97994,0.13440
10399.12270,0.13386
10395.26545,0.13336
10391.40821,0.13306
10387.55097,0.13268
10383.69373,0.13274
10379.83649,0.13337
10375.97925,0.13322
10372.12201,0.13239
10368.26477,0.13215
10364.40752,0.13243
10360.55028,0.13297
10356.69304,0.13383
10352.83580,0.13452
10348.97856,0.13479
10345.12132,0.13488
10341.26408,0.13492
10337.40683,0.13474
10333.54959,0.13448
10329.69235,0.13441
10325.83511,0.13422
10321.97787,0.13405
10318.12063,0.13422
10314.26339,0.13426
10310.40615,0.13424
10306.54890,0.13470
10302.69166,0.13526
10298.83442,0.13530
10294.97718,0.13502
10291.11994,0.13481
10287.26270,0.13464
10283.40546,0.13450
10279.54821,0.13443
10275.69097,0.13441
10271.83373,0.13465
10267.97649,0.13516
10264.11925,0.13540
10260.26201,0.13499
10256.40477,0.13453
10252.54752,0.13472
10248.69028,0.13541
10244.83304,0.13615
10240.97580,0.13651
10237.11856,0.13627
10233.26132,0.13582
10229.40408,0.13555
10225.54684,0.13561
10221.68959,0.13586
10217.83235,0.13599
10213.97511,0.13607
10210.11787,0.13608
10206.26063,0.13581
10202.40339,0.13547
10198.54615,0.13547
10194.68890,0.13601
10190.83166,0.13672
10186.97442,0.13714
10183.11718,0.13723
10179.25994,0.13696
10175.40270,0.13641
10171.54546,0.13622
10167.68821,0.13665
10163.83097,0.13701
10159.97373,0.13695
10156.11649,0.13688
10152.25925,0.13684
10148.40201,0.13687
10144.54477,0.13730
10140.68753,0.13775
10136.83028,0.13769
10132.97304,0.13738
10129.11580,0.13743
10125.25856,0.13759
10121.40132,0.13736
10117.54408,0.13714
10113.68684,0.13715
10109.82959,0.13716
10105.97235,0.13730
10102.11511,0.13739
10098.25787,0.13716
10094.40063,0.13687
10090.54339,0.13700
10086.68615,0.13752
10082.82891,0.13799
10078.97166,0.13829
10075.11442,0.13851
10071.25718,0.13834
10067.39994,0.13770
10063.54270,0.13736
10059.68546,0.13786
10055.82822,0.13848
10051.97097,0.13845
10048.11373,0.13807
10044.25649,0.13775
10040.39925,0.13740
10036.54201,0.13695
10032.68477,0.13670
10028.82753,0.13689
10024.97028,0.13743
10021.11304,0.13802
10017.25580,0.13824
10013.39856,0.13810
10009.54132,0.13818
10005.68408,0.13858
10001.82684,0.13859
9997.96960,0.13816
9994.11235,0.13816
9990.25511,0.13867
9986.39787,0.13890
9982.54063,0.13853
9978.68339,0.13798
9974.82615,0.13771
9970.96891,0.13767
9967.11166,0.13780
9963.25442,0.13834
9959.39718,0.13888
9955.53994,0.13885
9951.68270,0.13859
9947.82546,0.13865
9943.96822,0.13890
9940.11097,0.13904
9936.25373,0.13902
9932.39649,0.13885
9928.53925,0.13862
9924.68201,0.13858
9920.82477,0.13887
9916.96753,0.13926
9913.11029,0.13935
9909.25304,0.13912
9905.39580,0.13901
9901.53856,0.13905
9897.68132,0.13888
9893.82408,0.13862
9889.96684,0.13865
9886.10960,0.13888
9882.25235,0.13896
9878.39511,0.13886
9874.53787,0.13875
9870.68063,0.13864
9866.82339,0.13869
9862.96615,0.13887
9859.10891,0.13901
9855.25167,0.13910
9851.39442,0.13915
9847.53718,0.13919
9843.67994,0.13900
9839.82270,0.13841
9835.96546,0.13805
9832.10822,0.13823
9828.25098,0.13846
9824.39373,0.13844
9820.53649,0.13826
9816.67925,0.13798
9812.82201,0.13781
9808.96477,0.13796
9805.10753,0.13836
9801.25029,0.13859
9797.39304,0.13825
9793.53580,0.13777
9789.67856,0.13781
9785.82132,0.13824
9781.96408,0.13854
9778.10684,0.13849
9774.24960,0.13828
9770.39236,0.13814
9766.53511,0.13810
9762.67787,0.13821
9758.82063,0.13834
9754.96339,0.13824
9751.10615,0.13796
9747.24891,0.13792
9743.39167,0.13812
9739.53442,0.13808
9735.67718,0.13764
9731.81994,0.13733
9727.96270,0.13744
9724.10546,0.13767
9720.24822,0.13778
9716.39098,0.13793
9712.53373,0.13807
9708.67649,0.13805
9704.81925,0.13781
9700.96201,0.13753
9697.10477,0.13752
9693.24753,0.13776
9689.39029,0.13788
9685.53305,0.13759
9681.67580,0.13692
9677.81856,0.13612
9673.96132,0.13559
9670.10408,0.13567
9666.24684,0.13635
9662.38960,0.13697
9658.53236,0.13700
9654.67511,0.13680
9650.81787,0.13681
9646.96063,0.13696
9643.10339,0.13698
9639.24615,0.13673
9635.38891,0.13644
9631.53167,0.13626
9627.67443,0.13624
9623.81718,0.13643
9619.95994,0.13656
9616.10270,0.13642
9612.24546,0.13618
9608.38822,0.13596
9604.53098,0.13584
9600.67374,0.13596
9596.81649,0.13628
9592.95925,0.13655
9589.10201,0.13656
9585.24477,0.13606
9581.38753,0.13522
9577.53029,0.13476
9573.67305,0.13501
9569.81580,0.13537
9565.95856,0.13553
9562.10132,0.13566
9558.24408,0.13578
9554.38684,0.13586
9550.52960,0.13579
9546.67236,0.13547
9542.81512,0.13520
9538.95787,0.13521
9535.10063,0.13543
9531.24339,0.13584
9527.38615,0.13606
9523.52891,0.13576
9519.67167,0.13537
9515.81443,0.13526
9511.95718,0.13515
9508.09994,0.13491
9504.24270,0.13485
9500.38546,0.13519
9496.52822,0.13546
9492.67098,0.13528
9488.81374,0.13505
9484.95649,0.13503
9481.09925,0.13509
9477.24201,0.13514
9473.38477,0.13502
9469.52753,0.13487
9465.67029,0.13499
9461.81305,0.13517
9457.95581,0.13487
9454.09856,0.13425
9450.24132,0.13398
9446.38408,0.13414
9442.52684,0.13441
9438.66960,0.13458
9434.81236,0.13464
9430.95512,0.13461
9427.09787,0.13450
9423.24063,0.13443
9419.38339,0.13458
9415.52615,0.13489
9411.66891,0.13491
9407.81167,0.13465
9403.95443,0.13458
9400.09719,0.13450
9396.23994,0.13408
9392.38270,0.13373
9388.52546,0.13381
9384.66822,0.13405
9380.81098,0.13415
9376.95374,0.13418
9373.09650,0.13415
9369.23925,0.13396
9365.38201,0.13385
9361.52477,0.13392
9357.66753,0.13388
9353.81029,0.13380
9349.95305,0.13385
9346.09581,0.13388
9342.23856,0.13382
9338.38132,0.13372
9334.52408,0.13358
9330.66684,0.13338
9326.80960,0.13339
9322.95236,0.13372
9319.09512,0.13386
9315.23788,0.13376
9311.38063,0.13398
9307.52339,0.13441
9303.66615,0.13453
9299.80891,0.13422
9295.95167,0.13384
9292.09443,0.13364
9288.23719,0.13363
9284.37994,0.13375
9280.52270,0.13382
9276.66546,0.13386
9272.80822,0.13425
9268.95098,0.13465
9265.09374,0.13456
9261.23650,0.13422
9257.37925,0.13398
9253.52201,0.13386
9249.66477,0.13371
9245.80753,0.13337
9241.95029,0.13307
9238.09305,0.13304
9234.23581,0.13313
9230.37857,0.13334
9226.52132,0.13367
9222.66408,0.13390
9218.80684,0.13399
9214.94960,0.13401
9211.09236,0.13398
9207.23512,0.13389
9203.37788,0.13366
9199.52063,0.13331
9195.66339,0.13314
9191.80615,0.13321
9187.94891,0.13311
9184.09167,0.13268
9180.23443,0.13238
9176.37719,0.13243
9172.51995,0.13263
9168.66270,0.13291
9164.80546,0.13325
9160.94822,0.13351
9157.09098,0.13356
9153.23374,0.13347
9149.37650,0.13340
9145.51926,0.13342
9141.66201,0.13347
9137.80477,0.13350
9133.94753,0.13345
9130.09029,0.13325
9126.23305,0.13294
9122.37581,0.13277
9118.51857,0.13290
9114.66132,0.13317
9110.80408,0.13341
9106.94684,0.13356
9103.08960,0.13349
9099.23236,0.13329
9095.37512,0.13328
9091.51788,0.13344
9087.66064,0.13353
9083.80339,0.13340
9079.94615,0.13328
9076.08891,0.13341
9072.23167,0.13360
9068.37443,0.13377
9064.51719,0.13402
9060.65995,0.13432
9056.80270,0.13457
9052.94546,0.13471
9049.08822,0.13469
9045.23098,0.13452
9041.37374,0.13442
9037.51650,0.13446
9033.65926,0.13450
9029.80201,0.13462
9025.94477,0.13488
9022.08753,0.13525
9018.23029,0.13582
9014.37305,0.13641
9010.51581,0.13674
9006.65857,0.13676
9002.80133,0.13668
8998.94408,0.13682
8995.08684,0.13718
8991.22960,0.13753
8987.37236,0.13788
8983.51512,0.13836
8979.65788,0.13901
8975.80064,0.13973
8971.94339,0.14017
8968.08615,0.14035
8964.22891,0.14076
8960.37167,0.14147
8956.51443,0.14219
8952.65719,0.14290
8948.79995,0.14371
8944.94271,0.14453
8941.08546,0.14532
8937.22822,0.14604
8933.37098,0.14672
8929.51374,0.14763
8925.65650,0.14881
8921.79926,0.14991
8917.94202,0.15087
8914.08477,0.15183
8910.22753,0.15267
8906.37029,0.15353
8902.51305,0.15477
8898.65581,0.15621
8894.79857,0.15756
8890.94133,0.15873
8887.08408,0.15972
8883.22684,0.16075
8879.36960,0.16192
8875.51236,0.16298
8871.65512,0.16380
8867.79788,0.16439
8863.94064,0.16481
8860.08340,0.16516
8856.22615,0.16528
8852.36891,0.16510
8848.51167,0.16482
8844.65443,0.16436
8840.79719,0.16369
8836.93995,0.16306
8833.08271,0.16257
8829.22546,0.16219
8825.36822,0.16170
8821.51098,0.16094
8817.65374,0.15988
8813.79650,0.15871
8809.93926,0.15771
8806.08202,0.15675
8802.22477,0.15556
8798.36753,0.15435
8794.51029,0.15322
8790.65305,0.15204
8786.79581,0.15097
8782.93857,0.15010
8779.08133,0.14931
8775.22409,0.14852
8771.36684,0.14778
8767.50960,0.14718
8763.65236,0.14675
8759.79512,0.14652
8755.93788,0.14644
8752.08064,0.14623
8748.22340,0.14589
8744.36615,0.14572
8740.50891,0.14575
8736.65167,0.14580
8732.79443,0.14583
8728.93719,0.14588
8725.07995,0.14595
8721.22271,0.14604
8717.36547,0.14610
8713.50822,0.14612
8709.65098,0.14622
8705.79374,0.14656
8701.93650,0.14704
8698.07926,0.14736
8694.22202,0.14755
8690.36478,0.14784
8686.50753,0.14822
8682.65029,0.14855
8678.79305,0.14878
8674.93581,0.14896
8671.07857,0.14915
8667.22133,0.14935
8663.36409,0.14956
8659.50684,0.14982
8655.64960,0.15015
8651.79236,0.15057
8647.93512,0.15105
8644.07788,0.15144
8640.22064,0.15173
8636.36340,0.15209
8632.50616,0.15249
8628.64891,0.15283
8624.79167,0.15311
8620.93443,0.15331
8617.07719,0.15351
8613.21995,0.15389
8609.36271,0.15440
8605.50547,0.15492
8601.64822,0.15533
8597.79098,0.15562
8593.93374,0.15600
8590.07650,0.15652
8586.21926,0.15697
8582.36202,0.15717
8578.50478,0.15721
8574.64753,0.15735
8570.79029,0.15774
8566.93305,0.15823
8563.07581,0.15859
8559.21857,0.15892
8555.36133,0.15931
8551.50409,0.15962
8547.64685,0.15980
8543.78960,0.15994
8539.93236,0.16025
8536.07512,0.16074
8532.21788,0.16117
8528.36064,0.16153
8524.50340,0.16187
8520.64616,0.16212
8516.78891,0.16241
8512.93167,0.16284
8509.07443,0.16324
8505.21719,0.16335
8501.35995,0.16327
8497.50271,0.16322
8493.64547,0.16328
8489.78822,0.16337
8485.93098,0.16340
8482.07374,0.16346
8478.21650,0.16366
8474.35926,0.16380
8470.50202,0.16372
8466.64478,0.16362
8462.78754,0.16374
8458.93029,0.16398
8455.07305,0.16411
8451.21581,0.16410
8447.35857,0.16403
8443.50133,0.16393
8439.64409,0.16384
8435.78685,0.16376
8431.92960,0.16381
8428.07236,0.16406
8424.21512,0.16416
8420.35788,0.16405
8416.50064,0.16396
8412.64340,0.16388
8408.78616,0.16378
8404.92892,0.16370
8401.07167,0.16360
8397.21443,0.16351
8393.35719,0.16346
8389.49995,0.16327
8385.64271,0.16301
8381.78547,0.16299
8377.92823,0.16314
8374.07098,0.16321
8370.21374,0.16314
8366.35650,0.16306
8362.49926,0.16304
8358.64202,0.16302
8354.78478,0.16297
8350.92754,0.16301
8347.07029,0.16313
8343.21305,0.16322
8339.35581,0.16321
8335.49857,0.16311
8331.64133,0.16302
8327.78409,0.16297
8323.92685,0.16294
8320.06961,0.16298
8316.21236,0.16309
8312.35512,0.16321
8308.49788,0.16337
8304.64064,0.16353
8300.78340,0.16365
8296.92616,0.16374
8293.06892,0.16378
8289.21167,0.16371
8285.35443,0.16360
8281.49719,0.16354
8277.63995,0.16350
8273.78271,0.16342
8269.92547,0.16340
8266.06823,0.16351
8262.21098,0.16361
8258.35374,0.16364
8254.49650,0.16371
8250.63926,0.16386
8246.78202,0.16393
8242.92478,0.16379
8239.06754,0.16367
8235.21030,0.16376
8231.35305,0.16389
8227.49581,0.16394
8223.63857,0.16403
8219.78133,0.16414
8215.92409,0.16416
8212.06685,0.16412
8208.20961,0.16402
8204.35236,0.16386
8200.49512,0.16372
8196.63788,0.16354
8192.78064,0.16327
8188.92340,0.16303
8185.06616,0.16301
8181.20892,0.16311
8177.35168,0.16311
8173.49443,0.16294
8169.63719,0.16263
8165.77995,0.16231
8161.92271,0.16218
8158.06547,0.16216
8154.20823,0.16207
8150.35099,0.16187
8146.49374,0.16170
8142.63650,0.16162
8138.77926,0.16144
8134.92202,0.16120
8131.06478,0.16104
8127.20754,0.16087
8123.35030,0.16065
8119.49305,0.16040
8115.63581,0.16013
8111.77857,0.15985
8107.92133,0.15957
8104.06409,0.15925
8100.20685,0.15895
8096.34961,0.15871
8092.49237,0.15857
8088.63512,0.15844
8084.77788,0.15818
8080.92064,0.15776
8077.06340,0.15736
8073.20616,0.15716
8069.34892,0.15718
8065.49168,0.15726
8061.63443,0.15719
8057.77719,0.15692
8053.91995,0.15660
8050.06271,0.15639
8046.20547,0.15629
8042.34823,0.15618
8038.49099,0.15598
8034.63374,0.15578
8030.77650,0.15564
8026.91926,0.15554
8023.06202,0.15545
8019.20478,0.15538
8015.34754,0.15530
8011.49030,0.15522
8007.63306,0.15518
8003.77581,0.15514
7999.91857,0.15501
7996.06133,0.15483
7992.20409,0.15468
7988.34685,0.15463
7984.48961,0.15461
7980.63237,0.15449
7976.77512,0.15429
7972.91788,0.15408
7969.06064,0.15395
7965.20340,0.15395
7961.34616,0.15403
7957.48892,0.15405
7953.63168,0.15393
7949.77444,0.15379
7945.91719,0.15378
7942.05995,0.15381
7938.20271,0.15364
7934.34547,0.15341
7930.48823,0.15332
7926.63099,0.15333
7922.77375,0.15330
7918.91650,0.15315
7915.05926,0.15303
7911.20202,0.15306
7907.34478,0.15316
7903.48754,0.15326
7899.63030,0.15339
7895.77306,0.15346
7891.91581,0.15345
7888.05857,0.15345
7884.20133,0.15353
7880.34409,0.15358
7876.48685,0.15347
7872.62961,0.15338
7868.77237,0.15341
7864.91513,0.15343
7861.05788,0.15334
7857.20064,0.15327
7853.34340,0.15328
7849.48616,0.15319
7845.62892,0.15301
7841.77168,0.15293
7837.91444,0.15290
7834.05719,0.15274
7830.19995,0.15252
7826.34271,0.15240
7822.48547,0.15227
7818.62823,0.15211
7814.77099,0.15203
7810.91375,0.15193
7807.05650,0.15177
7803.19926,0.15168
7799.34202,0.15166
7795.48478,0.15142
7791.62754,0.15096
7787.77030,0.15072
7783.91306,0.15060
7780.05582,0.15031
7776.19857,0.15017
7772.34133,0.15025
7768.48409,0.15011
7764.62685,0.14973
7760.76961,0.14954
7756.91237,0.14949
7753.05513,0.14941
7749.19788,0.14938
7745.34064,0.14932
7741.48340,0.14908
7737.62616,0.14872
7733.76892,0.14841
7729.91168,0.14829
7726.05444,0.14825
7722.19720,0.14796
7718.33995,0.14741
7714.48271,0.14709
7710.62547,0.14732
7706.76823,0.14768
7702.91099,0.14757
7699.05375,0.14714
7695.19651,0.14683
7691.33926,0.14665
7687.48202,0.14656
7683.62478,0.14665
7679.76754,0.14691
7675.91030,0.14718
7672.05306,0.14720
7668.19582,0.14700
7664.33857,0.14683
7660.48133,0.14685
7656.62409,0.14698
7652.76685,0.14711
7648.90961,0.14717
7645.05237,0.14730
7641.19513,0.14746
7637.33789,0.14756
7633.48064,0.14758
7629.62340,0.14740
7625.76616,0.14720
7621.90892,0.14724
7618.05168,0.14746
7614.19444,0.14765
7610.33720,0.14783
7606.47995,0.14811
7602.62271,0.14834
7598.76547,0.14841
7594.90823,0.14839
7591.05099,0.14838
7587.19375,0.14835
7583.33651,0.14835
7579.47926,0.14852
7575.62202,0.14880
7571.76478,0.14899
7567.90754,0.14909
7564.05030,0.14921
7560.19306,0.14947
7556.33582,0.14995
7552.47858,0.15047
7548.62133,0.15089
7544.76409,0.15117
7540.90685,0.15124
7537.04961,0.15140
7533.19237,0.15191
7529.33513,0.15243
7525.47789,0.15264
7521.62064,0.15273
7517.76340,0.15290
7513.90616,0.15311
7510.04892,0.15333
7506.19168,0.15366
7502.33444,0.15404
7498.47720,0.15436
7494.61996,0.15470
7490.76271,0.15509
7486.90547,0.15548
7483.04823,0.15589
7479.19099,0.15635
7475.33375,0.15682
7471.47651,0.15725
7467.61927,0.15768
7463.76202,0.15828
7459.90478,0.15906
7456.04754,0.15984
7452.19030,0.16059
7448.33306,0.16139
7444.47582,0.16222
7440.61858,0.16306
7436.76133,0.16398
7432.90409,0.16500
7429.04685,0.16609
7425.18961,0.16727
7421.33237,0.16843
7417.47513,0.16941
7413.61789,0.17027
7409.76065,0.17118
7405.90340,0.17220
7402.04616,0.17325
7398.18892,0.17429
7394.33168,0.17533
7390.47444,0.17643
7386.61720,0.17767
7382.75996,0.17899
7378.90271,0.18023
7375.04547,0.18141
7371.18823,0.18264
7367.33099,0.18384
7363.47375,0.18490
7359.61651,0.18590
7355.75927,0.18695
7351.90202,0.18801
7348.04478,0.18903
7344.18754,0.18996
7340.33030,0.19080
7336.47306,0.19153
7332.61582,0.19226
7328.75858,0.19308
7324.90134,0.19380
7321.04409,0.19425
7317.18685,0.19450
7313.32961,0.19474
7309.47237,0.19505
7305.61513,0.19537
7301.75789,0.19563
7297.90065,0.19586
7294.04340,0.19614
7290.18616,0.19646
7286.32892,0.19677
7282.47168,0.19706
7278.61444,0.19741
7274.75720,0.19782
7270.89996,0.19821
7267.04272,0.19858
7263.18547,0.19895
7259.32823,0.19934
7255.47099,0.19973
7251.61375,0.20010
7247.75651,0.20037
7243.89927,0.20051
7240.04203,0.20066
7236.18478,0.20099
7232.32754,0.20146
7228.47030,0.20188
7224.61306,0.20213
7220.75582,0.20226
7216.89858,0.20238
7213.04134,0.20261
7209.18409,0.20301
7205.32685,0.20341
7201.46961,0.20365
7197.61237,0.20381
7193.75513,0.20401
7189.89789,0.20434
7186.04065,0.20488
7182.18341,0.20549
7178.32616,0.20602
7174.46892,0.20657
7170.61168,0.20728
7166.75444,0.20808
7162.89720,0.20895
7159.03996,0.20994
7155.18272,0.21109
7151.32547,0.21230
7147.46823,0.21343
7143.61099,0.21458
7139.75375,0.21591
7135.89651,0.21733
7132.03927,0.21867
7128.18203,0.22003
7124.32478,0.22147
7120.46754,0.22291
7116.61030,0.22433
7112.75306,0.22577
7108.89582,0.22718
7105.03858,0.22861
7101.18134,0.23009
7097.32410,0.23160
7093.46685,0.23326
7089.60961,0.23502
7085.75237,0.23675
7081.89513,0.23850
7078.03789,0.24032
7074.18065,0.24221
7070.32341,0.24423
7066.46616,0.24626
7062.60892,0.24817
7058.75168,0.24998
7054.89444,0.25183
7051.03720,0.25371
7047.17996,0.25553
7043.32272,0.25728
7039.46548,0.25897
7035.60823,0.26068
7031.75099,0.26240
7027.89375,0.26404
7024.03651,0.26558
7020.17927,0.26699
7016.32203,0.26826
7012.46479,0.26944
7008.60754,0.27063
7004.75030,0.27189
7000.89306,0.27306
6997.03582,0.27407
6993.17858,0.27503
6989.32134,0.27603
6985.46410,0.27701
6981.60685,0.27797
6977.74961,0.27893
6973.89237,0.27982
6970.03513,0.28059
6966.17789,0.28131
6962.32065,0.28209
6958.46341,0.28291
6954.60617,0.28360
6950.74892,0.28415
6946.89168,0.28474
6943.03444,0.28533
6939.17720,0.28588
6935.31996,0.28651
6931.46272,0.28720
6927.60548,0.28777
6923.74823,0.28819
6919.89099,0.28860
6916.03375,0.28913
6912.17651,0.28972
6908.31927,0.29025
6904.46203,0.29069
6900.60479,0.29113
6896.74754,0.29165
6892.89030,0.29223
6889.03306,0.29283
6885.17582,0.29343
6881.31858,0.29400
6877.46134,0.29460
6873.60410,0.29533
6869.74686,0.29614
6865.88961,0.29689
6862.03237,0.29753
6858.17513,0.29814
6854.31789,0.29880
6850.46065,0.29950
6846.60341,0.30022
6842.74617,0.30103
6838.88892,0.30189
6835.03168,0.30266
6831.17444,0.30343
6827.31720,0.30432
6823.45996,0.30523
6819.60272,0.30611
6815.74548,0.30701
6811.88824,0.30785
6808.03099,0.30867
6804.17375,0.30957
6800.31651,0.31054
6796.45927,0.31150
6792.60203,0.31239
6788.74479,0.31320
6784.88755,0.31396
6781.03030,0.31478
6777.17306,0.31568
6773.31582,0.31662
6769.45858,0.31748
6765.60134,0.31819
6761.74410,0.31877
6757.88686,0.31932
6754.02961,0.31982
6750.17237,0.32018
6746.31513,0.32044
6742.45789,0.32068
6738.60065,0.32095
6734.74341,0.32123
6730.88617,0.32148
6727.02893,0.32163
6723.17168,0.32167
6719.31444,0.32177
6715.45720,0.32190
6711.59996,0.32196
6707.74272,0.32200
6703.88548,0.32201
6700.02824,0.32193
6696.17099,0.32181
6692.31375,0.32168
6688.45651,0.32152
6684.59927,0.32134
6680.74203,0.32116
6676.88479,0.32095
6673.02755,0.32071
6669.17030,0.32044
6665.31306,0.32013
6661.45582,0.31973
6657.59858,0.31927
6653.74134,0.31881
6649.88410,0.31838
6646.02686,0.31795
6642.16962,0.31749
6638.31237,0.31701
6634.45513,0.31650
6630.59789,0.31597
6626.74065,0.31541
6622.88341,0.31483
6619.02617,0.31422
6615.16893,0.31362
6611.31168,0.31300
6607.45444,0.31237
6603.59720,0.31185
6599.73996,0.31147
6595.88272,0.31109
6592.02548,0.31069
6588.16824,0.31035
6584.31100,0.31008
6580.45375,0.30990
6576.59651,0.30980
6572.73927,0.30969
6568.88203,0.30955
6565.02479,0.30939
6561.16755,0.30930
6557.31031,0.30936
6553.45306,0.30949
6549.59582,0.30961
6545.73858,0.30963
6541.88134,0.30958
6538.02410,0.30958
6534.16686,0.30975
6530.30962,0.31001
6526.45237,0.31022
6522.59513,0.31042
6518.73789,0.31061
6514.88065,0.31076
6511.02341,0.31084
6507.16617,0.31084
6503.30893,0.31081
6499.45169,0.31087
6495.59444,0.31100
6491.73720,0.31107
6487.87996,0.31099
6484.02272,0.31082
6480.16548,0.31064
6476.30824,0.31047
6472.45100,0.31039
6468.59375,0.31041
6464.73651,0.31036
6460.87927,0.31014
6457.02203,0.30980
6453.16479,0.30945
6449.30755,0.30914
6445.45031,0.30887
6441.59306,0.30859
6437.73582,0.30822
6433.87858,0.30772
6430.02134,0.30719
6426.16410,0.30675
6422.30686,0.30638
6418.44962,0.30601
6414.59238,0.30561
6410.73513,0.30523
6406.87789,0.30490
6403.02065,0.30466
6399.16341,0.30448
6395.30617,0.30431
6391.44893,0.30407
6387.59169,0.30385
6383.73444,0.30375
6379.87720,0.30370
6376.01996,0.30355
6372.16272,0.30328
6368.30548,0.30296
6364.44824,0.30270
6360.59100,0.30243
6356.73376,0.30207
6352.87651,0.30173
6349.01927,0.30152
6345.16203,0.30143
6341.30479,0.30141
6337.44755,0.30146
6333.59031,0.30149
6329.73307,0.30146
6325.87582,0.30141
6322.01858,0.30139
6318.16134,0.30139
6314.30410,0.30134
6310.44686,0.30118
6306.58962,0.30092
6302.73238,0.30059
6298.87513,0.30024
6295.01789,0.29985
6291.16065,0.29944
6287.30341,0.29895
6283.44617,0.29833
6279.58893,0.29757
6275.73169,0.29673
6271.87445,0.29587
6268.01720,0.29499
6264.15996,0.29412
6260.30272,0.29324
6256.44548,0.29230
6252.58824,0.29134
6248.73100,0.29038
6244.87376,0.28931
6241.01651,0.28817
6237.15927,0.28705
6233.30203,0.28593
6229.44479,0.28480
6225.58755,0.28373
6221.73031,0.28274
6217.87307,0.28190
6214.01582,0.28129
6210.15858,0.28090
6206.30134,0.28069
6202.44410,0.28062
6198.58686,0.28055
6194.72962,0.28020
6190.87238,0.27931
6187.01514,0.27788
6183.15789,0.27629
6179.30065,0.27482
6175.44341,0.27356
6171.58617,0.27257
6167.72893,0.27186
6163.87169,0.27142
6160.01445,0.27120
6156.15720,0.27125
6152.29996,0.27152
6148.44272,0.27172
6144.58548,0.27165
6140.72824,0.27133
6136.87100,0.27086
6133.01376,0.27037
6129.15652,0.27006
6125.29927,0.27011
6121.44203,0.27073
6117.58479,0.27200
6113.72755,0.27383
6109.87031,0.27617
6106.01307,0.27908
6102.15583,0.28244
6098.29858,0.28618
6094.44134,0.29020
6090.58410,0.29424
6086.72686,0.29806
6082.86962,0.30163
6079.01238,0.30503
6075.15514,0.30864
6071.29789,0.31295
6067.44065,0.31811
6063.58341,0.32384
6059.72617,0.32953
6055.86893,0.33461
6052.01169,0.33897
6048.15445,0.34287
6044.29721,0.34671
6040.43996,0.35085
6036.58272,0.35551
6032.72548,0.36050
6028.86824,0.36519
6025.01100,0.36887
6021.15376,0.37094
6017.29652,0.37084
6013.43927,0.36822
6009.58203,0.36338
6005.72479,0.35701
6001.86755,0.34990
5998.01031,0.34290
5994.15307,0.33670
5990.29583,0.33174
5986.43858,0.32816
5982.58134,0.32566
5978.72410,0.32358
5974.86686,0.32122
5971.00962,0.31822
5967.15238,0.31478
5963.29514,0.31152
5959.43790,0.30898
5955.58065,0.30740
5951.72341,0.30670
5947.86617,0.30653
5944.00893,0.30625
5940.15169,0.30516
5936.29445,0.30294
5932.43721,0.29979
5928.57996,0.29609
5924.72272,0.29230
5920.86548,0.28885
5917.00824,0.28588
5913.15100,0.28340
5909.29376,0.28156
5905.43652,0.28062
5901.57927,0.28069
5897.72203,0.28173
5893.86479,0.28359
5890.00755,0.28598
5886.15031,0.28855
5882.29307,0.29106
5878.43583,0.29334
5874.57859,0.29542
5870.72134,0.29727
5866.86410,0.29865
5863.00686,0.29938
5859.14962,0.29944
5855.29238,0.29899
5851.43514,0.29829
5847.57790,0.29759
5843.72065,0.29704
5839.86341,0.29669
5836.00617,0.29649
5832.14893,0.29638
5828.29169,0.29641
5824.43445,0.29658
5820.57721,0.29683
5816.71997,0.29713
5812.86272,0.29747
5809.00548,0.29772
5805.14824,0.29779
5801.29100,0.29766
5797.43376,0.29736
5793.57652,0.29704
5789.71928,0.29679
5785.86203,0.29660
5782.00479,0.29642
5778.14755,0.29620
5774.29031,0.29585
5770.43307,0.29530
5766.57583,0.29453
5762.71859,0.29353
5758.86134,0.29235
5755.00410,0.29109
5751.14686,0.28974
5747.28962,0.28824
5743.43238,0.28670
5739.57514,0.28527
5735.71790,0.28397
5731.86066,0.28281
5728.00341,0.28190
5724.14617,0.28138
5720.28893,0.28122
5716.43169,0.28127
5712.57445,0.28143
5708.71721,0.28168
5704.85997,0.28192
5701.00272,0.28198
5697.14548,0.28183
5693.28824,0.28157
5689.43100,0.28132
5685.57376,0.28114
5681.71652,0.28105
5677.85928,0.28105
5674.00203,0.28118
5670.14479,0.28150
5666.28755,0.28197
5662.43031,0.28246
5658.57307,0.28284
5654.71583,0.28306
5650.85859,0.28312
5647.00135,0.28291
5643.14410,0.28236
5639.28686,0.28157
5635.42962,0.28068
5631.57238,0.27983
5627.71514,0.27917
5623.85790,0.27872
5620.00066,0.27838
5616.14341,0.27807
5612.28617,0.27784
5608.42893,0.27780
5604.57169,0.27793
5600.71445,0.27819
5596.85721,0.27847
5592.99997,0.27874
5589.14273,0.27907
5585.28548,0.27950
5581.42824,0.28000
5577.57100,0.28052
5573.71376,0.28097
5569.85652,0.28129
5565.99928,0.28148
5562.14204,0.28155
5558.28479,0.28150
5554.42755,0.28138
5550.57031,0.28128
5546.71307,0.28124
5542.85583,0.28118
5538.99859,0.28112
5535.14135,0.28113
5531.28410,0.28114
5527.42686,0.28105
5523.56962,0.28089
5519.71238,0.28067
5515.85514,0.28039
5511.99790,0.28008
5508.14066,0.27990
5504.28342,0.27993
5500.42617,0.28015
5496.56893,0.28050
5492.71169,0.28094
5488.85445,0.28142
5484.99721,0.28183
5481.13997,0.28210
5477.28273,0.28212
5473.42548,0.28182
5469.56824,0.28123
5465.71100,0.28048
5461.85376,0.27959
5457.99652,0.27861
5454.13928,0.27754
5450.28204,0.27631
5446.42479,0.27492
5442.56755,0.27344
5438.71031,0.27200
5434.85307,0.27063
5430.99583,0.26927
5427.13859,0.26801
5423.28135,0.26703
5419.42411,0.26633
5415.56686,0.26581
5411.70962,0.26541
5407.85238,0.26507
5403.99514,0.26475
5400.13790,0.26448
5396.28066,0.26428
5392.42342,0.26422
5388.56617,0.26423
5384.70893,0.26426
5380.85169,0.26432
5376.99445,0.26449
5373.13721,0.26478
5369.27997,0.26512
5365.42273,0.26554
5361.56549,0.26607
5357.70824,0.26673
5353.85100,0.26746
5349.99376,0.26818
5346.13652,0.26882
5342.27928,0.26940
5338.42204,0.26993
5334.56480,0.27051
5330.70755,0.27128
5326.85031,0.27232
5322.99307,0.27363
5319.13583,0.27527
5315.27859,0.27727
5311.42135,0.27957
5307.56411,0.28221
5303.70686,0.28518
5299.84962,0.28846
5295.99238,0.29218
5292.13514,0.29646
5288.27790,0.30132
5284.42066,0.30668
5280.56342,0.31255
5276.70618,0.31882
5272.84893,0.32522
5268.99169,0.33168
5265.13445,0.33821
5261.27721,0.34454
5257.41997,0.35040
5253.56273,0.35577
5249.70549,0.36061
5245.84824,0.36500
5241.99100,0.36894
5238.13376,0.37232
5234.27652,0.37522
5230.41928,0.37781
5226.56204,0.38023
5222.70480,0.38243
5218.84755,0.38428
5214.99031,0.38581
5211.13307,0.38714
5207.27583,0.38832
5203.41859,0.38931
5199.56135,0.39017
5195.70411,0.39091
5191.84687,0.39143
5187.98962,0.39171
5184.13238,0.39193
5180.27514,0.39212
5176.41790,0.39215
5172.56066,0.39197
5168.70342,0.39172
5164.84618,0.39141
5160.98893,0.39099
5157.13169,0.39049
5153.27445,0.38998
5149.41721,0.38944
5145.55997,0.38881
5141.70273,0.38808
5137.84549,0.38730
5133.98825,0.38651
5130.13100,0.38576
5126.27376,0.38498
5122.41652,0.38398
5118.55928,0.38257
5114.70204,0.38065
5110.84480,0.37819
5106.98756,0.37533
5103.13031,0.37235
5099.27307,0.36949
5095.41583,0.36685
5091.55859,0.36438
5087.70135,0.36203
5083.84411,0.35983
5079.98687,0.35779
5076.12962,0.35587
5072.27238,0.35402
5068.41514,0.35226
5064.55790,0.35053
5060.70066,0.34879
5056.84342,0.34712
5052.98618,0.34567
5049.12894,0.34443
5045.27169,0.34321
5041.41445,0.34187
5037.55721,0.34052
5033.69997,0.33931
5029.84273,0.33825
5025.98549,0.33726
5022.12825,0.33632
5018.27100,0.33543
5014.41376,0.33463
5010.55652,0.33387
5006.69928,0.33310
5002.84204,0.33234
4998.98480,0.33165
4995.12756,0.33102
4991.27031,0.33049
4987.41307,0.33011
4983.55583,0.32987
4979.69859,0.32976
4975.84135,0.32987
4971.98411,0.33026
4968.12687,0.33091
4964.26963,0.33175
4960.41238,0.33282
4956.55514,0.33412
4952.69790,0.33562
4948.84066,0.33735
4944.98342,0.33925
4941.12618,0.34122
4937.26894,0.34326
4933.41169,0.34550
4929.55445,0.34795
4925.69721,0.35051
4921.83997,0.35320
4917.98273,0.35611
4914.12549,0.35915
4910.26825,0.36228
4906.41101,0.36556
4902.55376,0.36899
4898.69652,0.37260
4894.83928,0.37636
4890.98204,0.38017
4887.12480,0.38405
4883.26756,0.38808
4879.41032,0.39219
4875.55307,0.39615
4871.69583,0.39995
4867.83859,0.40365
4863.98135,0.40721
4860.12411,0.41060
4856.26687,0.41389
4852.40963,0.41727
4848.55238,0.42087
4844.69514,0.42468
4840.83790,0.42868
4836.98066,0.43287
4833.12342,0.43721
4829.26618,0.44158
4825.40894,0.44583
4821.55170,0.44986
4817.69445,0.45362
4813.83721,0.45709
4809.97997,0.46024
4806.12273,0.46308
4802.26549,0.46565
4798.40825,0.46793
4794.55101,0.46973
4790.69376,0.47102
4786.83652,0.47204
4782.97928,0.47294
4779.12204,0.47371
4775.26480,0.47434
4771.40756,0.47503
4767.55032,0.47599
4763.69307,0.47732
4759.83583,0.47902
4755.97859,0.48097
4752.12135,0.48301
4748.26411,0.48496
4744.40687,0.48663
4740.54963,0.48803
4736.69239,0.48947
4732.83514,0.49140
4728.97790,0.49398
4725.12066,0.49669
4721.26342,0.49874
4717.40618,0.49965
4713.54894,0.49963
4709.69170,0.49970
4705.83445,0.50104
4701.97721,0.50406
4698.11997,0.50806
4694.26273,0.51134
4690.40549,0.51213
4686.54825,0.50950
4682.69101,0.50364
4678.83377,0.49577
4674.97652,0.48767
4671.11928,0.48081
4667.26204,0.47572
4663.40480,0.47226
4659.54756,0.47009
4655.69032,0.46907
4651.83308,0.46944
4647.97583,0.47158
4644.11859,0.47516
4640.26135,0.47881
4636.40411,0.48063
4632.54687,0.47896
4628.68963,0.47330
4624.83239,0.46480
4620.97514,0.45568
4617.11790,0.44791
4613.26066,0.44224
4609.40342,0.43853
4605.54618,0.43661
4601.68894,0.43648
4597.83170,0.43789
4593.97446,0.43988
4590.11721,0.44150
4586.25997,0.44264
4582.40273,0.44316
4578.54549,0.44181
4574.68825,0.43727
4570.83101,0.43009
4566.97377,0.42249
4563.11652,0.41634
4559.25928,0.41224
4555.40204,0.40982
4551.54480,0.40837
4547.68756,0.40729
4543.83032,0.40632
4539.97308,0.40545
4536.11583,0.40478
4532.25859,0.40447
4528.40135,0.40463
4524.54411,0.40530
4520.68687,0.40651
4516.82963,0.40835
4512.97239,0.41094
4509.11515,0.41445
4505.25790,0.41920
4501.40066,0.42542
4497.54342,0.43297
4493.68618,0.44092
4489.82894,0.44797
4485.97170,0.45349
4482.11446,0.45819
4478.25721,0.46340
4474.39997,0.47028
4470.54273,0.47970
4466.68549,0.49171
4462.82825,0.50458
4458.97101,0.51526
4455.11377,0.52211
4451.25653,0.52654
4447.39928,0.53092
4443.54204,0.53621
4439.68480,0.54175
4435.82756,0.54633
4431.97032,0.54883
4428.11308,0.54877
4424.25584,0.54692
4420.39859,0.54497
4416.54135,0.54447
4412.68411,0.54591
4408.82687,0.54855
4404.96963,0.55082
4401.11239,0.55127
4397.25515,0.54935
4393.39790,0.54558
4389.54066,0.54103
4385.68342,0.53664
4381.82618,0.53302
4377.96894,0.53030
4374.11170,0.52838
4370.25446,0.52741
4366.39722,0.52762
4362.53997,0.52880
4358.68273,0.53041
4354.82549,0.53207
4350.96825,0.53392
4347.11101,0.53622
4343.25377,0.53900
4339.39653,0.54193
4335.53928,0.54464
4331.68204,0.54711
4327.82480,0.54968
4323.96756,0.55251
4320.11032,0.55554
4316.25308,0.55893
4312.39584,0.56297
4308.53859,0.56776
4304.68135,0.57299
4300.82411,0.57803
4296.96687,0.58232
4293.10963,0.58558
4289.25239,0.58771
4285.39515,0.58875
4281.53791,0.58898
4277.68066,0.58872
4273.82342,0.58792
4269.96618,0.58641
4266.10894,0.58446
4262.25170,0.58262
4258.39446,0.58132
4254.53722,0.58078
4250.67997,0.58077
4246.82273,0.58075
4242.96549,0.58015
4239.10825,0.57877
4235.25101,0.57708
4231.39377,0.57569
4227.53653,0.57465
4223.67929,0.57342
4219.82204,0.57151
4215.96480,0.56899
4212.10756,0.56634
4208.25032,0.56391
4204.39308,0.56165
4200.53584,0.55967
4196.67860,0.55859
4192.82135,0.55904
4188.96411,0.56118
4185.10687,0.56457
4181.24963,0.56810
4177.39239,0.56984
4173.53515,0.56819
4169.67791,0.56354
4165.82066,0.55792
4161.96342,0.55334
4158.10618,0.55064
4154.24894,0.54959
4150.39170,0.54988
4146.53446,0.55154
4142.67722,0.55453
4138.81998,0.55830
4134.96273,0.56202
4131.10549,0.56517
4127.24825,0.56802
4123.39101,0.57125
4119.53377,0.57545
4115.67653,0.58087
4111.81929,0.58767
4107.96204,0.59619
4104.10480,0.60698
4100.24756,0.62072
4096.39032,0.63664
4092.53308,0.65040
4088.67584,0.65682
4084.81860,0.65494
4080.96135,0.64777
4077.10411,0.63919
4073.24687,0.63235
4069.38963,0.62858
4065.53239,0.62758
4061.67515,0.62861
4057.81791,0.63108
4053.96067,0.63451
4050.10342,0.63844
4046.24618,0.64225
4042.38894,0.64534
4038.53170,0.64761
4034.67446,0.64945
4030.81722,0.65102
4026.95998,0.65208
4023.10273,0.65241
4019.24549,0.65208
4015.38825,0.65113
4011.53101,0.64954
4007.67377,0.64754
4003.81653,0.64528
3999.95929,0.64261
3996.10205,0.63948
3992.24480,0.63621
3988.38756,0.63327
3984.53032,0.63095
3980.67308,0.62917
3976.81584,0.62759
3972.95860,0.62587
3969.10136,0.62375
3965.24411,0.62118
3961.38687,0.61834
3957.52963,0.61543
3953.67239,0.61248
3949.81515,0.60939
3945.95791,0.60626
3942.10067,0.60324
3938.24342,0.60042
3934.38618,0.59783
3930.52894,0.59546
3926.67170,0.59325
3922.81446,0.59109
3918.95722,0.58896
3915.09998,0.58689
3911.24274,0.58481
3907.38549,0.58230
3903.52825,0.57891
3899.67101,0.57532
3895.81377,0.57235
3891.95653,0.56960
3888.09929,0.56702
3884.24205,0.56493
3880.38480,0.56331
3876.52756,0.56174
3872.67032,0.55940
3868.81308,0.55603
3864.95584,0.55249
3861.09860,0.54951
3857.24136,0.54677
3853.38411,0.54367
3849.52687,0.54115
3845.66963,0.53955
3841.81239,0.53807
3837.95515,0.53683
3834.09791,0.53625
3830.24067,0.53609
3826.38343,0.53612
3822.52618,0.53678
3818.66894,0.53867
3814.81170,0.54122
3810.95446,0.54331
3807.09722,0.54448
3803.23998,0.54444
3799.38274,0.54316
3795.52549,0.54155
3791.66825,0.54044
3787.81101,0.54018
3783.95377,0.54088
3780.09653,0.54237
3776.23929,0.54424
3772.38205,0.54641
3768.52481,0.54928
3764.66756,0.55264
3760.81032,0.55545
3756.95308,0.55677
3753.09584,0.55628
3749.23860,0.55487
3745.38136,0.55470
3741.52412,0.55653
3737.66687,0.56013
3733.80963,0.56503
3729.95239,0.56889
3726.09515,0.57125
3722.23791,0.57390
3718.38067,0.57755
3714.52343,0.58254
3710.66618,0.59009
3706.80894,0.59988
3702.95170,0.61151
3699.09446,0.62547
3695.23722,0.64088
3691.37998,0.65994
3687.52274,0.68280
3683.66550,0.70094
3679.80825,0.71452
3675.95101,0.73064
3672.09377,0.75323
3668.23653,0.77760
3664.37929,0.79928
3660.52205,0.81955
3656.66481,0.84042
3652.80756,0.86299
3648.95032,0.88888
3645.09308,0.91437
3641.23584,0.93465
3637.37860,0.95260
3633.52136,0.96869
3629.66412,0.98468
3625.80687,1.00320
3621.94963,1.01896
3618.09239,1.03210
3614.23515,1.04266
3610.37791,1.05227
3606.52067,1.06433
3602.66343,1.07769
3598.80619,1.09315
