12493.60475,0.17307
12489.74751,0.17274
12485.89027,0.17276
12482.03303,0.17241
12478.17579,0.17147
12474.31855,0.17001
12470.46130,0.16918
12466.60406,0.17075
12462.74682,0.17321
12458.88958,0.17286
12455.03234,0.17109
12451.17510,0.17178
12447.31786,0.17312
12443.46062,0.17299
12439.60337,0.17334
12435.74613,0.17420
12431.88889,0.17273
12428.03165,0.17094
12424.17441,0.17199
12420.31717,0.17141
12416.45993,0.16715
12412.60268,0.16429
12408.74544,0.16505
12404.88820,0.16862
12401.03096,0.17379
12397.17372,0.17713
12393.31648,0.17628
12389.45924,0.17287
12385.60199,0.16971
12381.74475,0.16902
12377.88751,0.17174
12374.03027,0.17559
12370.17303,0.17563
12366.31579,0.17092
12362.45855,0.16701
12358.60131,0.16687
12354.74406,0.16816
12350.88682,0.17024
12347.02958,0.17275
12343.17234,0.17412
12339.31510,0.17535
12335.45786,0.17582
12331.60062,0.17246
12327.74337,0.16795
12323.88613,0.16729
12320.02889,0.16899
12316.17165,0.17027
12312.31441,0.17280
12308.45717,0.17523
12304.59993,0.17234
12300.74268,0.16639
12296.88544,0.16427
12293.02820,0.16595
12289.17096,0.16805
12285.31372,0.17063
12281.45648,0.17451
12277.59924,0.17735
12273.74200,0.17559
12269.88475,0.17063
12266.02751,0.16833
12262.17027,0.17087
12258.31303,0.17465
12254.45579,0.17578
12250.59855,0.17296
12246.74131,0.16838
12242.88406,0.16515
12239.02682,0.16428
12235.16958,0.16651
12231.31234,0.16979
12227.45510,0.17038
12223.59786,0.16981
12219.74062,0.17009
12215.88338,0.16962
12212.02613,0.16866
12208.16889,0.16884
12204.31165,0.16982
12200.45441,0.17052
12196.59717,0.17042
12192.73993,0.16929
12188.88269,0.16832
12185.02544,0.16871
12181.16820,0.16908
12177.31096,0.16846
12173.45372,0.16835
12169.59648,0.16910
12165.73924,0.16944
12161.88200,0.16959
12158.02475,0.17072
12154.16751,0.17204
12150.31027,0.17193
12146.45303,0.17065
12142.59579,0.16918
12138.73855,0.16734
12134.88131,0.16479
12131.02407,0.16304
12127.16682,0.16459
12123.30958,0.16811
12119.45234,0.16923
12115.59510,0.16760
12111.73786,0.16611
12107.88062,0.16612
12104.02338,0.16783
12100.16613,0.16981
12096.30889,0.16965
12092.45165,0.16838
12088.59441,0.16813
12084.73717,0.16741
12080.87993,0.16528
12077.02269,0.16435
12073.16544,0.16554
12069.30820,0.16597
12065.45096,0.16491
12061.59372,0.16528
12057.73648,0.16742
12053.87924,0.16871
12050.02200,0.16835
12046.16476,0.16740
12042.30751,0.16694
12038.45027,0.16845
12034.59303,0.17154
12030.73579,0.17332
12026.87855,0.17394
12023.02131,0.17402
12019.16407,0.17183
12015.30682,0.16960
12011.44958,0.17046
12007.59234,0.17221
12003.73510,0.17226
11999.87786,0.17156
11996.02062,0.17139
11992.16338,0.17102
11988.30614,0.17017
11984.44889,0.17002
11980.59165,0.17000
11976.73441,0.16884
11972.87717,0.16756
11969.01993,0.16784
11965.16269,0.16985
11961.30545,0.17202
11957.44820,0.17384
11953.59096,0.17551
11949.73372,0.17531
11945.87648,0.17326
11942.01924,0.17207
11938.16200,0.17365
11934.30476,0.17659
11930.44751,0.17709
11926.59027,0.17597
11922.73303,0.17664
11918.87579,0.17711
11915.01855,0.17509
11911.16131,0.17284
11907.30407,0.17174
11903.44683,0.17126
11899.58958,0.17141
11895.73234,0.17152
11891.87510,0.17158
11888.01786,0.17180
11884.16062,0.17100
11880.30338,0.17023
11876.44614,0.17124
11872.58889,0.17226
11868.73165,0.17170
11864.87441,0.17154
11861.01717,0.17267
11857.15993,0.17296
11853.30269,0.17166
11849.44545,0.17069
11845.58820,0.17234
11841.73096,0.17492
11837.87372,0.17500
11834.01648,0.17464
11830.15924,0.17642
11826.30200,0.17712
11822.44476,0.17476
11818.58752,0.17258
11814.73027,0.17185
11810.87303,0.17150
11807.01579,0.17176
11803.15855,0.17199
11799.30131,0.17210
11795.44407,0.17279
11791.58683,0.17299
11787.72958,0.17323
11783.87234,0.17429
11780.01510,0.17453
11776.15786,0.17366
11772.30062,0.17344
11768.44338,0.17410
11764.58614,0.17423
11760.72890,0.17361
11756.87165,0.17309
11753.01441,0.17304
11749.15717,0.17369
11745.29993,0.17441
11741.44269,0.17405
11737.58545,0.17322
11733.72821,0.17369
11729.87096,0.17533
11726.01372,0.17628
11722.15648,0.17572
11718.29924,0.17444
11714.44200,0.17378
11710.58476,0.17472
11706.72752,0.17695
11702.87027,0.17883
11699.01303,0.17882
11695.15579,0.17704
11691.29855,0.17488
11687.44131,0.17373
11683.58407,0.17324
11679.72683,0.17240
11675.86959,0.17208
11672.01234,0.17317
11668.15510,0.17515
11664.29786,0.17655
11660.44062,0.17566
11656.58338,0.17386
11652.72614,0.17348
11648.86890,0.17291
11645.01165,0.17150
11641.15441,0.17202
11637.29717,0.17409
11633.43993,0.17489
11629.58269,0.17430
11625.72545,0.17354
11621.86821,0.17332
11618.01096,0.17356
11614.15372,0.17362
11610.29648,0.17355
11606.43924,0.17312
11602.58200,0.17174
11598.72476,0.17054
11594.86752,0.17088
11591.01028,0.17207
11587.15303,0.17274
11583.29579,0.17266
11579.43855,0.17234
11575.58131,0.17304
11571.72407,0.17487
11567.86683,0.17433
11564.00959,0.17006
11560.15234,0.16716
11556.29510,0.16917
11552.43786,0.17245
11548.58062,0.17306
11544.72338,0.17165
11540.86614,0.17068
11537.00890,0.17207
11533.15166,0.17447
11529.29441,0.17395
11525.43717,0.17088
11521.57993,0.16958
11517.72269,0.17109
11513.86545,0.17299
11510.00821,0.17378
11506.15097,0.17399
11502.29372,0.17419
11498.43648,0.17369
11494.57924,0.17249
11490.72200,0.17241
11486.86476,0.17393
11483.00752,0.17494
11479.15028,0.17455
11475.29303,0.17365
11471.43579,0.17219
11467.57855,0.17031
11463.72131,0.16919
11459.86407,0.16886
11456.00683,0.16966
11452.14959,0.17162
11448.29235,0.17216
11444.43510,0.17051
11440.57786,0.16953
11436.72062,0.17045
11432.86338,0.17133
11429.00614,0.17137
11425.14890,0.17153
11421.29166,0.17150
11417.43441,0.17116
11413.57717,0.17086
11409.71993,0.16959
11405.86269,0.16731
11402.00545,0.16600
11398.14821,0.16658
11394.29097,0.16771
11390.43372,0.16832
11386.57648,0.16937
11382.71924,0.17130
11378.86200,0.17227
11375.00476,0.17086
11371.14752,0.16830
11367.29028,0.16674
11363.43304,0.16747
11359.57579,0.17009
11355.71855,0.17227
11351.86131,0.17217
11348.00407,0.17103
11344.14683,0.17102
11340.28959,0.17126
11336.43235,0.17009
11332.57510,0.16910
11328.71786,0.17013
11324.86062,0.17225
11321.00338,0.17347
11317.14614,0.17252
11313.28890,0.16973
11309.43166,0.16736
11305.57442,0.16696
11301.71717,0.16807
11297.85993,0.16974
11294.00269,0.17114
11290.14545,0.17182
11286.28821,0.17179
11282.43097,0.17119
11278.57373,0.17047
11274.71648,0.17008
11270.85924,0.16971
11267.00200,0.16919
11263.14476,0.16938
11259.28752,0.16968
11255.43028,0.16838
11251.57304,0.16680
11247.71579,0.16707
11243.85855,0.16820
11240.00131,0.16884
11236.14407,0.16971
11232.28683,0.17098
11228.42959,0.17160
11224.57235,0.17142
11220.71511,0.17087
11216.85786,0.17003
11213.00062,0.16897
11209.14338,0.16807
11205.28614,0.16810
11201.42890,0.16925
11197.57166,0.17031
11193.71442,0.17043
11189.85717,0.17076
11185.99993,0.17145
11182.14269,0.17112
11178.28545,0.16992
11174.42821,0.16910
11170.57097,0.16937
11166.71373,0.17012
11162.85648,0.17009
11158.99924,0.16961
11155.14200,0.16968
11151.28476,0.16927
11147.42752,0.16773
11143.57028,0.16712
11139.71304,0.16872
11135.85580,0.17059
11131.99855,0.17097
11128.14131,0.17037
11124.28407,0.16972
11120.42683,0.16902
11116.56959,0.16842
11112.71235,0.16823
11108.85511,0.16817
11104.99786,0.16834
11101.14062,0.16885
11097.28338,0.16912
11093.42614,0.16885
11089.56890,0.16808
11085.71166,0.16740
11081.85442,0.16749
11077.99718,0.16838
11074.13993,0.17003
11070.28269,0.17147
11066.42545,0.17176
11062.56821,0.17171
11058.71097,0.17136
11054.85373,0.17047
11050.99649,0.17084
11047.13924,0.17206
11043.28200,0.17150
11039.42476,0.16998
11035.56752,0.16979
11031.71028,0.17057
11027.85304,0.17092
11023.99580,0.17059
11020.13855,0.17007
11016.28131,0.16984
11012.42407,0.17019
11008.56683,0.17050
11004.70959,0.17022
11000.85235,0.17018
10996.99511,0.17079
10993.13787,0.17139
10989.28062,0.17185
10985.42338,0.17245
10981.56614,0.17216
10977.70890,0.17018
10973.85166,0.16852
10969.99442,0.16917
10966.13718,0.17047
10962.27993,0.17005
10958.42269,0.16887
10954.56545,0.16866
10950.70821,0.16899
10946.85097,0.16904
10942.99373,0.16858
10939.13649,0.16807
10935.27924,0.16831
10931.42200,0.16896
10927.56476,0.16905
10923.70752,0.16862
10919.85028,0.16818
10915.99304,0.16782
10912.13580,0.16762
10908.27856,0.16799
10904.42131,0.16896
10900.56407,0.16933
10896.70683,0.16862
10892.84959,0.16798
10888.99235,0.16797
10885.13511,0.16788
10881.27787,0.16761
10877.42062,0.16809
10873.56338,0.16886
10869.70614,0.16834
10865.84890,0.16727
10861.99166,0.16759
10858.13442,0.16886
10854.27718,0.16933
10850.41993,0.16873
10846.56269,0.16781
10842.70545,0.16693
10838.84821,0.16662
10834.99097,0.16716
10831.13373,0.16768
10827.27649,0.16752
10823.41925,0.16715
10819.56200,0.16693
10815.70476,0.16680
10811.84752,0.16681
10807.99028,0.16693
10804.13304,0.16680
10800.27580,0.16644
10796.41856,0.16635
10792.56131,0.16655
10788.70407,0.16661
10784.84683,0.16630
10780.98959,0.16596
10777.13235,0.16620
10773.27511,0.16672
10769.41787,0.16722
10765.56063,0.16804
10761.70338,0.16857
10757.84614,0.16813
10753.98890,0.16730
10750.13166,0.16647
10746.27442,0.16619
10742.41718,0.16695
10738.55994,0.16743
10734.70269,0.16688
10730.84545,0.16654
10726.98821,0.16687
10723.13097,0.16691
10719.27373,0.16634
10715.41649,0.16586
10711.55925,0.16603
10707.70200,0.16651
10703.84476,0.16653
10699.98752,0.16633
10696.13028,0.16678
10692.27304,0.16763
10688.41580,0.16803
10684.55856,0.16785
10680.70132,0.16721
10676.84407,0.16633
10672.98683,0.16571
10669.12959,0.16557
10665.27235,0.16573
10661.41511,0.16618
10657.55787,0.16661
10653.70063,0.16670
10649.84338,0.16662
10645.98614,0.16646
10642.12890,0.16652
10638.27166,0.16700
10634.41442,0.16724
10630.55718,0.16694
10626.69994,0.16643
10622.84269,0.16575
10618.98545,0.16474
10615.12821,0.16387
10611.27097,0.16399
10607.41373,0.16482
10603.55649,0.16523
10599.69925,0.16500
10595.84201,0.16504
10591.98476,0.16582
10588.12752,0.16652
10584.27028,0.16655
10580.41304,0.16641
10576.55580,0.16631
10572.69856,0.16584
10568.84132,0.16486
10564.98407,0.16386
10561.12683,0.16327
10557.26959,0.16345
10553.41235,0.16420
10549.55511,0.16440
10545.69787,0.16382
10541.84063,0.16357
10537.98339,0.16398
10534.12614,0.16438
10530.26890,0.16453
10526.41166,0.16436
10522.55442,0.16375
10518.69718,0.16335
10514.83994,0.16368
10510.98270,0.16393
10507.12545,0.16329
10503.26821,0.16229
10499.41097,0.16175
10495.55373,0.16205
10491.69649,0.16302
10487.83925,0.16360
10483.98201,0.16316
10480.12476,0.16232
10476.26752,0.16180
10472.41028,0.16219
10468.55304,0.16301
10464.69580,0.16311
10460.83856,0.16256
10456.98132,0.16236
10453.12408,0.16277
10449.26683,0.16283
10445.40959,0.16222
10441.55235,0.16211
10437.69511,0.16260
10433.83787,0.16259
10429.98063,0.16216
10426.12339,0.16222
10422.26614,0.16280
10418.40890,0.16331
10414.55166,0.16346
10410.69442,0.16327
10406.83718,0.16312
10402.97994,0.16319
10399.12270,0.16328
10395.26545,0.16309
10391.40821,0.16254
10387.55097,0.16230
10383.69373,0.16279
10379.83649,0.16325
10375.97925,0.16332
10372.12201,0.16343
10368.26477,0.16333
10364.40752,0.16282
10360.55028,0.16250
10356.69304,0.16271
10352.83580,0.16303
10348.97856,0.16323
10345.12132,0.16362
10341.26408,0.16405
10337.40683,0.16393
10333.54959,0.16358
10329.69235,0.16354
10325.83511,0.16370
10321.97787,0.16408
10318.12063,0.16448
10314.26339,0.16442
10310.40615,0.16396
10306.54890,0.16352
10302.69166,0.16347
10298.83442,0.16365
10294.97718,0.16365
10291.11994,0.16371
10287.26270,0.16423
10283.40546,0.16480
10279.54821,0.16473
10275.69097,0.16432
10271.83373,0.16448
10267.97649,0.16497
10264.11925,0.16490
10260.26201,0.16443
10256.40477,0.16410
10252.54752,0.16394
10248.69028,0.16389
10244.83304,0.16396
10240.97580,0.16397
10237.11856,0.16412
10233.26132,0.16466
10229.40408,0.16503
10225.54684,0.16499
10221.68959,0.16484
10217.83235,0.16456
10213.97511,0.16434
10210.11787,0.16444
10206.26063,0.16460
10202.40339,0.16476
10198.54615,0.16508
10194.68890,0.16557
10190.83166,0.16599
10186.97442,0.16617
10183.11718,0.16621
10179.25994,0.16600
10175.40270,0.16545
10171.54546,0.16499
10167.68821,0.16476
10163.83097,0.16464
10159.97373,0.16493
10156.11649,0.16549
10152.25925,0.16571
10148.40201,0.16577
10144.54477,0.16595
10140.68753,0.16599
10136.83028,0.16598
10132.97304,0.16618
10129.11580,0.16657
10125.25856,0.16693
10121.40132,0.16702
10117.54408,0.16661
10113.68684,0.16592
10109.82959,0.16555
10105.97235,0.16562
10102.11511,0.16565
10098.25787,0.16537
10094.40063,0.16509
10090.54339,0.16532
10086.68615,0.16599
10082.82891,0.16661
10078.97166,0.16678
10075.11442,0.16651
10071.25718,0.16611
10067.39994,0.16584
10063.54270,0.16576
10059.68546,0.16584
10055.82822,0.16602
10051.97097,0.16624
10048.11373,0.16647
10044.25649,0.16655
10040.39925,0.16629
10036.54201,0.16594
10032.68477,0.16581
10028.82753,0.16590
10024.97028,0.16619
10021.11304,0.16632
10017.25580,0.16604
10013.39856,0.16600
10009.54132,0.16650
10005.68408,0.16689
10001.82684,0.16671
9997.96960,0.16632
9994.11235,0.16645
9990.25511,0.16722
9986.39787,0.16781
9982.54063,0.16762
9978.68339,0.16692
9974.82615,0.16637
9970.96891,0.16622
9967.11166,0.16642
9963.25442,0.16704
9959.39718,0.16768
9955.53994,0.16784
9951.68270,0.16787
9947.82546,0.16808
9943.96822,0.16815
9940.11097,0.16788
9936.25373,0.16765
9932.39649,0.16769
9928.53925,0.16769
9924.68201,0.16750
9920.82477,0.16736
9916.96753,0.16736
9913.11029,0.16727
9909.25304,0.16706
9905.39580,0.16698
9901.53856,0.16709
9897.68132,0.16726
9893.82408,0.16739
9889.96684,0.16748
9886.10960,0.16752
9882.25235,0.16748
9878.39511,0.16744
9874.53787,0.16761
9870.68063,0.16785
9866.82339,0.16771
9862.96615,0.16729
9859.10891,0.16715
9855.25167,0.16721
9851.39442,0.16710
9847.53718,0.16694
9843.67994,0.16675
9839.82270,0.16648
9835.96546,0.16637
9832.10822,0.16655
9828.25098,0.16682
9824.39373,0.16687
9820.53649,0.16683
9816.67925,0.16702
9812.82201,0.16721
9808.96477,0.16734
9805.10753,0.16760
9801.25029,0.16776
9797.39304,0.16764
9793.53580,0.16736
9789.67856,0.16705
9785.82132,0.16684
9781.96408,0.16671
9778.10684,0.16649
9774.24960,0.16619
9770.39236,0.16597
9766.53511,0.16616
9762.67787,0.16698
9758.82063,0.16769
9754.96339,0.16743
9751.10615,0.16669
9747.24891,0.16645
9743.39167,0.16668
9739.53442,0.16670
9735.67718,0.16632
9731.81994,0.16595
9727.96270,0.16602
9724.10546,0.16652
9720.24822,0.16704
9716.39098,0.16710
9712.53373,0.16672
9708.67649,0.16649
9704.81925,0.16661
9700.96201,0.16672
9697.10477,0.16673
9693.24753,0.16667
9689.39029,0.16643
9685.53305,0.16622
9681.67580,0.16601
9677.81856,0.16564
9673.96132,0.16544
9670.10408,0.16577
9666.24684,0.16617
9662.38960,0.16613
9658.53236,0.16584
9654.67511,0.16576
9650.81787,0.16583
9646.96063,0.16569
9643.10339,0.16542
9639.24615,0.16525
9635.38891,0.16502
9631.53167,0.16478
9627.67443,0.16493
9623.81718,0.16522
9619.95994,0.16510
9616.10270,0.16474
9612.24546,0.16455
9608.38822,0.16454
9604.53098,0.16453
9600.67374,0.16441
9596.81649,0.16442
9592.95925,0.16471
9589.10201,0.16471
9585.24477,0.16420
9581.38753,0.16369
9577.53029,0.16357
9573.67305,0.16368
9569.81580,0.16379
9565.95856,0.16392
9562.10132,0.16407
9558.24408,0.16411
9554.38684,0.16425
9550.52960,0.16463
9546.67236,0.16479
9542.81512,0.16422
9538.95787,0.16344
9535.10063,0.16334
9531.24339,0.16375
9527.38615,0.16390
9523.52891,0.16363
9519.67167,0.16355
9515.81443,0.16376
9511.95718,0.16368
9508.09994,0.16310
9504.24270,0.16279
9500.38546,0.16323
9496.52822,0.16376
9492.67098,0.16364
9488.81374,0.16327
9484.95649,0.16323
9481.09925,0.16346
9477.24201,0.16358
9473.38477,0.16335
9469.52753,0.16303
9465.67029,0.16311
9461.81305,0.16345
9457.95581,0.16342
9454.09856,0.16297
9450.24132,0.16263
9446.38408,0.16265
9442.52684,0.16289
9438.66960,0.16314
9434.81236,0.16330
9430.95512,0.16336
9427.09787,0.16330
9423.24063,0.16307
9419.38339,0.16272
9415.52615,0.16255
9411.66891,0.16277
9407.81167,0.16318
9403.95443,0.16354
9400.09719,0.16367
9396.23994,0.16334
9392.38270,0.16275
9388.52546,0.16261
9384.66822,0.16282
9380.81098,0.16284
9376.95374,0.16281
9373.09650,0.16290
9369.23925,0.16278
9365.38201,0.16247
9361.52477,0.16233
9357.66753,0.16241
9353.81029,0.16259
9349.95305,0.16280
9346.09581,0.16295
9342.23856,0.16279
9338.38132,0.16241
9334.52408,0.16221
9330.66684,0.16226
9326.80960,0.16237
9322.95236,0.16238
9319.09512,0.16216
9315.23788,0.16212
9311.38063,0.16255
9307.52339,0.16293
9303.66615,0.16279
9299.80891,0.16244
9295.95167,0.16223
9292.09443,0.16220
9288.23719,0.16230
9284.37994,0.16234
9280.52270,0.16204
9276.66546,0.16169
9272.80822,0.16166
9268.95098,0.16195
9265.09374,0.16231
9261.23650,0.16243
9257.37925,0.16230
9253.52201,0.16225
9249.66477,0.16221
9245.80753,0.16208
9241.95029,0.16201
9238.09305,0.16197
9234.23581,0.16186
9230.37857,0.16196
9226.52132,0.16241
9222.66408,0.16282
9218.80684,0.16270
9214.94960,0.16223
9211.09236,0.16194
9207.23512,0.16191
9203.37788,0.16186
9199.52063,0.16182
9195.66339,0.16193
9191.80615,0.16207
9187.94891,0.16193
9184.09167,0.16154
9180.23443,0.16132
9176.37719,0.16146
9172.51995,0.16170
9168.66270,0.16177
9164.80546,0.16174
9160.94822,0.16161
9157.09098,0.16131
9153.23374,0.16129
9149.37650,0.16173
9145.51926,0.16218
9141.66201,0.16242
9137.80477,0.16245
9133.94753,0.16225
9130.09029,0.16199
9126.23305,0.16180
9122.37581,0.16180
9118.51857,0.16199
9114.66132,0.16194
9110.80408,0.16168
9106.94684,0.16177
9103.08960,0.16207
9099.23236,0.16210
9095.37512,0.16198
9091.51788,0.16211
9087.66064,0.16248
9083.80339,0.16266
9079.94615,0.16250
9076.08891,0.16228
9072.23167,0.16224
9068.37443,0.16250
9064.51719,0.16284
9060.65995,0.16297
9056.80270,0.16291
9052.94546,0.16289
9049.08822,0.16292
9045.23098,0.16294
9041.37374,0.16317
9037.51650,0.16350
9033.65926,0.16366
9029.80201,0.16374
9025.94477,0.16383
9022.08753,0.16393
9018.23029,0.16410
9014.37305,0.16451
9010.51581,0.16507
9006.65857,0.16540
9002.80133,0.16543
8998.94408,0.16548
8995.08684,0.16570
8991.22960,0.16611
8987.37236,0.16661
8983.51512,0.16717
8979.65788,0.16768
8975.80064,0.16810
8971.94339,0.16858
8968.08615,0.16904
8964.22891,0.16947
8960.37167,0.17012
8956.51443,0.17086
8952.65719,0.17142
8948.79995,0.17195
8944.94271,0.17261
8941.08546,0.17333
8937.22822,0.17389
8933.37098,0.17435
8929.51374,0.17501
8925.65650,0.17591
8921.79926,0.17691
8917.94202,0.17801
8914.08477,0.17908
8910.22753,0.17994
8906.37029,0.18073
8902.51305,0.18181
8898.65581,0.18308
8894.79857,0.18433
8890.94133,0.18549
8887.08408,0.18648
8883.22684,0.18745
8879.36960,0.18842
8875.51236,0.18928
8871.65512,0.19013
8867.79788,0.19078
8863.94064,0.19096
8860.08340,0.19101
8856.22615,0.19114
8852.36891,0.19100
8848.51167,0.19060
8844.65443,0.19023
8840.79719,0.18985
8836.93995,0.18948
8833.08271,0.18926
8829.22546,0.18907
8825.36822,0.18858
8821.51098,0.18762
8817.65374,0.18638
8813.79650,0.18527
8809.93926,0.18442
8806.08202,0.18353
8802.22477,0.18238
8798.36753,0.18114
8794.51029,0.17998
8790.65305,0.17894
8786.79581,0.17813
8782.93857,0.17744
8779.08133,0.17675
8775.22409,0.17610
8771.36684,0.17547
8767.50960,0.17494
8763.65236,0.17447
8759.79512,0.17398
8755.93788,0.17366
8752.08064,0.17353
8748.22340,0.17326
8744.36615,0.17294
8740.50891,0.17292
8736.65167,0.17307
8732.79443,0.17304
8728.93719,0.17291
8725.07995,0.17309
8721.22271,0.17344
8717.36547,0.17358
8713.50822,0.17366
8709.65098,0.17394
8705.79374,0.17432
8701.93650,0.17467
8698.07926,0.17488
8694.22202,0.17502
8690.36478,0.17530
8686.50753,0.17568
8682.65029,0.17579
8678.79305,0.17565
8674.93581,0.17571
8671.07857,0.17616
8667.22133,0.17659
8663.36409,0.17682
8659.50684,0.17705
8655.64960,0.17733
8651.79236,0.17766
8647.93512,0.17806
8644.07788,0.17846
8640.22064,0.17878
8636.36340,0.17905
8632.50616,0.17927
8628.64891,0.17945
8624.79167,0.17969
8620.93443,0.18012
8617.07719,0.18056
8613.21995,0.18087
8609.36271,0.18113
8605.50547,0.18140
8601.64822,0.18168
8597.79098,0.18192
8593.93374,0.18215
8590.07650,0.18249
8586.21926,0.18291
8582.36202,0.18321
8578.50478,0.18354
8574.64753,0.18400
8570.79029,0.18428
8566.93305,0.18436
8563.07581,0.18452
8559.21857,0.18477
8555.36133,0.18509
8551.50409,0.18553
8547.64685,0.18597
8543.78960,0.18619
8539.93236,0.18640
8536.07512,0.18682
8532.21788,0.18728
8528.36064,0.18753
8524.50340,0.18768
8520.64616,0.18797
8516.78891,0.18828
8512.93167,0.18856
8509.07443,0.18883
8505.21719,0.18896
8501.35995,0.18890
8497.50271,0.18885
8493.64547,0.18890
8489.78822,0.18892
8485.93098,0.18885
8482.07374,0.18888
8478.21650,0.18914
8474.35926,0.18943
8470.50202,0.18958
8466.64478,0.18963
8462.78754,0.18968
8458.93029,0.18969
8455.07305,0.18966
8451.21581,0.18959
8447.35857,0.18946
8443.50133,0.18926
8439.64409,0.18906
8435.78685,0.18889
8431.92960,0.18881
8428.07236,0.18892
8424.21512,0.18906
8420.35788,0.18908
8416.50064,0.18897
8412.64340,0.18874
8408.78616,0.18857
8404.92892,0.18853
8401.07167,0.18850
8397.21443,0.18858
8393.35719,0.18874
8389.49995,0.18859
8385.64271,0.18822
8381.78547,0.18797
8377.92823,0.18783
8374.07098,0.18776
8370.21374,0.18785
8366.35650,0.18797
8362.49926,0.18796
8358.64202,0.18793
8354.78478,0.18793
8350.92754,0.18792
8347.07029,0.18787
8343.21305,0.18781
8339.35581,0.18774
8335.49857,0.18770
8331.64133,0.18769
8327.78409,0.18765
8323.92685,0.18758
8320.06961,0.18753
8316.21236,0.18753
8312.35512,0.18759
8308.49788,0.18775
8304.64064,0.18799
8300.78340,0.18814
8296.92616,0.18804
8293.06892,0.18786
8289.21167,0.18771
8285.35443,0.18759
8281.49719,0.18761
8277.63995,0.18776
8273.78271,0.18787
8269.92547,0.18792
8266.06823,0.18798
8262.21098,0.18802
8258.35374,0.18809
8254.49650,0.18820
8250.63926,0.18831
8246.78202,0.18835
8242.92478,0.18832
8239.06754,0.18832
8235.21030,0.18832
8231.35305,0.18825
8227.49581,0.18814
8223.63857,0.18813
8219.78133,0.18821
8215.92409,0.18829
8212.06685,0.18831
8208.20961,0.18829
8204.35236,0.18822
8200.49512,0.18809
8196.63788,0.18800
8192.78064,0.18791
8188.92340,0.18775
8185.06616,0.18757
8181.20892,0.18745
8177.35168,0.18735
8173.49443,0.18729
8169.63719,0.18722
8165.77995,0.18706
8161.92271,0.18684
8158.06547,0.18667
8154.20823,0.18654
8150.35099,0.18646
8146.49374,0.18639
8142.63650,0.18618
8138.77926,0.18583
8134.92202,0.18558
8131.06478,0.18556
8127.20754,0.18554
8123.35030,0.18540
8119.49305,0.18520
8115.63581,0.18494
8111.77857,0.18456
8107.92133,0.18413
8104.06409,0.18389
8100.20685,0.18387
8096.34961,0.18386
8092.49237,0.18371
8088.63512,0.18347
8084.77788,0.18315
8080.92064,0.18276
8077.06340,0.18241
8073.20616,0.18221
8069.34892,0.18219
8065.49168,0.18222
8061.63443,0.18213
8057.77719,0.18196
8053.91995,0.18175
8050.06271,0.18151
8046.20547,0.18140
8042.34823,0.18141
8038.49099,0.18131
8034.63374,0.18110
8030.77650,0.18090
8026.91926,0.18066
8023.06202,0.18049
8019.20478,0.18049
8015.34754,0.18051
8011.49030,0.18038
8007.63306,0.18027
8003.77581,0.18028
7999.91857,0.18021
7996.06133,0.17999
7992.20409,0.17983
7988.34685,0.17983
7984.48961,0.17978
7980.63237,0.17956
7976.77512,0.17938
7972.91788,0.17931
7969.06064,0.17921
7965.20340,0.17918
7961.34616,0.17934
7957.48892,0.17947
7953.63168,0.17933
7949.77444,0.17908
7945.91719,0.17903
7942.05995,0.17905
7938.20271,0.17888
7934.34547,0.17869
7930.48823,0.17865
7926.63099,0.17867
7922.77375,0.17871
7918.91650,0.17873
7915.05926,0.17861
7911.20202,0.17843
7907.34478,0.17840
7903.48754,0.17863
7899.63030,0.17893
7895.77306,0.17906
7891.91581,0.17905
7888.05857,0.17911
7884.20133,0.17928
7880.34409,0.17930
7876.48685,0.17906
7872.62961,0.17883
7868.77237,0.17880
7864.91513,0.17881
7861.05788,0.17873
7857.20064,0.17868
7853.34340,0.17876
7849.48616,0.17882
7845.62892,0.17873
7841.77168,0.17866
7837.91444,0.17865
7834.05719,0.17848
7830.19995,0.17817
7826.34271,0.17791
7822.48547,0.17765
7818.62823,0.17744
7814.77099,0.17749
7810.91375,0.17759
7807.05650,0.17748
7803.19926,0.17727
7799.34202,0.17713
7795.48478,0.17691
7791.62754,0.17670
7787.77030,0.17673
7783.91306,0.17672
7780.05582,0.17644
7776.19857,0.17626
7772.34133,0.17628
7768.48409,0.17616
7764.62685,0.17589
7760.76961,0.17574
7756.91237,0.17558
7753.05513,0.17530
7749.19788,0.17519
7745.34064,0.17523
7741.48340,0.17506
7737.62616,0.17470
7733.76892,0.17446
7729.91168,0.17449
7726.05444,0.17460
7722.19720,0.17437
7718.33995,0.17380
7714.48271,0.17351
7710.62547,0.17383
7706.76823,0.17417
7702.91099,0.17393
7699.05375,0.17349
7695.19651,0.17332
7691.33926,0.17319
7687.48202,0.17298
7683.62478,0.17302
7679.76754,0.17333
7675.91030,0.17348
7672.05306,0.17323
7668.19582,0.17293
7664.33857,0.17296
7660.48133,0.17318
7656.62409,0.17330
7652.76685,0.17331
7648.90961,0.17339
7645.05237,0.17357
7641.19513,0.17365
7637.33789,0.17361
7633.48064,0.17362
7629.62340,0.17357
7625.76616,0.17348
7621.90892,0.17355
7618.05168,0.17374
7614.19444,0.17391
7610.33720,0.17416
7606.47995,0.17453
7602.62271,0.17475
7598.76547,0.17468
7594.90823,0.17460
7591.05099,0.17465
7587.19375,0.17469
7583.33651,0.17469
7579.47926,0.17485
7575.62202,0.17514
7571.76478,0.17535
7567.90754,0.17539
7564.05030,0.17541
7560.19306,0.17567
7556.33582,0.17619
7552.47858,0.17661
7548.62133,0.17681
7544.76409,0.17695
7540.90685,0.17710
7537.04961,0.17732
7533.19237,0.17777
7529.33513,0.17819
7525.47789,0.17835
7521.62064,0.17851
7517.76340,0.17879
7513.90616,0.17904
7510.04892,0.17925
7506.19168,0.17954
7502.33444,0.17990
7498.47720,0.18023
7494.61996,0.18053
7490.76271,0.18079
7486.90547,0.18096
7483.04823,0.18125
7479.19099,0.18174
7475.33375,0.18228
7471.47651,0.18277
7467.61927,0.18323
7463.76202,0.18379
7459.90478,0.18448
7456.04754,0.18518
7452.19030,0.18586
7448.33306,0.18659
7444.47582,0.18732
7440.61858,0.18806
7436.76133,0.18894
7432.90409,0.18994
7429.04685,0.19089
7425.18961,0.19180
7421.33237,0.19277
7417.47513,0.19374
7413.61789,0.19453
7409.76065,0.19525
7405.90340,0.19617
7402.04616,0.19723
7398.18892,0.19819
7394.33168,0.19908
7390.47444,0.20010
7386.61720,0.20123
7382.75996,0.20231
7378.90271,0.20326
7375.04547,0.20424
7371.18823,0.20540
7367.33099,0.20657
7363.47375,0.20757
7359.61651,0.20857
7355.75927,0.20961
7351.90202,0.21050
7348.04478,0.21124
7344.18754,0.21201
7340.33030,0.21273
7336.47306,0.21337
7332.61582,0.21406
7328.75858,0.21478
7324.90134,0.21539
7321.04409,0.21586
7317.18685,0.21618
7313.32961,0.21639
7309.47237,0.21662
7305.61513,0.21691
7301.75789,0.21723
7297.90065,0.21754
7294.04340,0.21780
7290.18616,0.21802
7286.32892,0.21820
7282.47168,0.21843
7278.61444,0.21879
7274.75720,0.21923
7270.89996,0.21964
7267.04272,0.21994
7263.18547,0.22012
7259.32823,0.22036
7255.47099,0.22076
7251.61375,0.22123
7247.75651,0.22163
7243.89927,0.22187
7240.04203,0.22212
7236.18478,0.22244
7232.32754,0.22263
7228.47030,0.22270
7224.61306,0.22289
7220.75582,0.22316
7216.89858,0.22338
7213.04134,0.22363
7209.18409,0.22399
7205.32685,0.22430
7201.46961,0.22451
7197.61237,0.22477
7193.75513,0.22511
7189.89789,0.22544
7186.04065,0.22580
7182.18341,0.22616
7178.32616,0.22656
7174.46892,0.22713
7170.61168,0.22783
7166.75444,0.22849
7162.89720,0.22919
7159.03996,0.23006
7155.18272,0.23110
7151.32547,0.23218
7147.46823,0.23322
7143.61099,0.23430
7139.75375,0.23554
7135.89651,0.23694
7132.03927,0.23832
7128.18203,0.23956
7124.32478,0.24079
7120.46754,0.24207
7116.61030,0.24329
7112.75306,0.24452
7108.89582,0.24578
7105.03858,0.24707
7101.18134,0.24845
7097.32410,0.24986
7093.46685,0.25136
7089.60961,0.25300
7085.75237,0.25467
7081.89513,0.25629
7078.03789,0.25799
7074.18065,0.25974
7070.32341,0.26145
7066.46616,0.26312
7062.60892,0.26488
7058.75168,0.26668
7054.89444,0.26833
7051.03720,0.26982
7047.17996,0.27139
7043.32272,0.27307
7039.46548,0.27473
7035.60823,0.27630
7031.75099,0.27779
7027.89375,0.27923
7024.03651,0.28065
7020.17927,0.28193
7016.32203,0.28302
7012.46479,0.28409
7008.60754,0.28526
7004.75030,0.28642
7000.89306,0.28747
6997.03582,0.28844
6993.17858,0.28938
6989.32134,0.29025
6985.46410,0.29108
6981.60685,0.29199
6977.74961,0.29298
6973.89237,0.29391
6970.03513,0.29468
6966.17789,0.29533
6962.32065,0.29591
6958.46341,0.29646
6954.60617,0.29700
6950.74892,0.29756
6946.89168,0.29815
6943.03444,0.29870
6939.17720,0.29917
6935.31996,0.29964
6931.46272,0.30013
6927.60548,0.30059
6923.74823,0.30106
6919.89099,0.30156
6916.03375,0.30210
6912.17651,0.30273
6908.31927,0.30333
6904.46203,0.30379
6900.60479,0.30413
6896.74754,0.30446
6892.89030,0.30487
6889.03306,0.30534
6885.17582,0.30587
6881.31858,0.30650
6877.46134,0.30725
6873.60410,0.30801
6869.74686,0.30864
6865.88961,0.30923
6862.03237,0.30981
6858.17513,0.31036
6854.31789,0.31101
6850.46065,0.31174
6846.60341,0.31246
6842.74617,0.31317
6838.88892,0.31386
6835.03168,0.31450
6831.17444,0.31524
6827.31720,0.31613
6823.45996,0.31698
6819.60272,0.31771
6815.74548,0.31850
6811.88824,0.31936
6808.03099,0.32018
6804.17375,0.32097
6800.31651,0.32182
6796.45927,0.32271
6792.60203,0.32357
6788.74479,0.32443
6784.88755,0.32529
6781.03030,0.32613
6777.17306,0.32690
6773.31582,0.32764
6769.45858,0.32839
6765.60134,0.32908
6761.74410,0.32962
6757.88686,0.33003
6754.02961,0.33040
6750.17237,0.33076
6746.31513,0.33111
6742.45789,0.33139
6738.60065,0.33157
6734.74341,0.33172
6730.88617,0.33191
6727.02893,0.33210
6723.17168,0.33223
6719.31444,0.33233
6715.45720,0.33241
6711.59996,0.33247
6707.74272,0.33248
6703.88548,0.33241
6700.02824,0.33235
6696.17099,0.33237
6692.31375,0.33239
6688.45651,0.33224
6684.59927,0.33195
6680.74203,0.33173
6676.88479,0.33162
6673.02755,0.33147
6669.17030,0.33118
6665.31306,0.33073
6661.45582,0.33022
6657.59858,0.32980
6653.74134,0.32946
6649.88410,0.32909
6646.02686,0.32875
6642.16962,0.32842
6638.31237,0.32797
6634.45513,0.32742
6630.59789,0.32684
6626.74065,0.32634
6622.88341,0.32588
6619.02617,0.32528
6615.16893,0.32456
6611.31168,0.32394
6607.45444,0.32351
6603.59720,0.32312
6599.73996,0.32268
6595.88272,0.32221
6592.02548,0.32179
6588.16824,0.32149
6584.31100,0.32125
6580.45375,0.32104
6576.59651,0.32092
6572.73927,0.32081
6568.88203,0.32061
6565.02479,0.32047
6561.16755,0.32045
6557.31031,0.32049
6553.45306,0.32063
6549.59582,0.32079
6545.73858,0.32084
6541.88134,0.32084
6538.02410,0.32095
6534.16686,0.32115
6530.30962,0.32133
6526.45237,0.32147
6522.59513,0.32160
6518.73789,0.32167
6514.88065,0.32171
6511.02341,0.32184
6507.16617,0.32198
6503.30893,0.32207
6499.45169,0.32216
6495.59444,0.32230
6491.73720,0.32237
6487.87996,0.32226
6484.02272,0.32205
6480.16548,0.32187
6476.30824,0.32174
6472.45100,0.32165
6468.59375,0.32155
6464.73651,0.32139
6460.87927,0.32124
6457.02203,0.32102
6453.16479,0.32067
6449.30755,0.32028
6445.45031,0.31999
6441.59306,0.31975
6437.73582,0.31942
6433.87858,0.31900
6430.02134,0.31858
6426.16410,0.31817
6422.30686,0.31779
6418.44962,0.31748
6414.59238,0.31717
6410.73513,0.31682
6406.87789,0.31649
6403.02065,0.31624
6399.16341,0.31605
6395.30617,0.31590
6391.44893,0.31571
6387.59169,0.31558
6383.73444,0.31552
6379.87720,0.31540
6376.01996,0.31517
6372.16272,0.31489
6368.30548,0.31462
6364.44824,0.31434
6360.59100,0.31401
6356.73376,0.31370
6352.87651,0.31351
6349.01927,0.31342
6345.16203,0.31331
6341.30479,0.31320
6337.44755,0.31321
6333.59031,0.31331
6329.73307,0.31329
6325.87582,0.31316
6322.01858,0.31308
6318.16134,0.31309
6314.30410,0.31307
6310.44686,0.31290
6306.58962,0.31265
6302.73238,0.31241
6298.87513,0.31218
6295.01789,0.31185
6291.16065,0.31137
6287.30341,0.31081
6283.44617,0.31025
6279.58893,0.30956
6275.73169,0.30873
6271.87445,0.30791
6268.01720,0.30714
6264.15996,0.30638
6260.30272,0.30562
6256.44548,0.30479
6252.58824,0.30390
6248.73100,0.30294
6244.87376,0.30188
6241.01651,0.30078
6237.15927,0.29970
6233.30203,0.29865
6229.44479,0.29762
6225.58755,0.29670
6221.73031,0.29589
6217.87307,0.29517
6214.01582,0.29462
6210.15858,0.29434
6206.30134,0.29428
6202.44410,0.29430
6198.58686,0.29420
6194.72962,0.29377
6190.87238,0.29286
6187.01514,0.29162
6183.15789,0.29029
6179.30065,0.28899
6175.44341,0.28778
6171.58617,0.28686
6167.72893,0.28629
6163.87169,0.28589
6160.01445,0.28565
6156.15720,0.28570
6152.29996,0.28602
6148.44272,0.28629
6144.58548,0.28627
6140.72824,0.28594
6136.87100,0.28544
6133.01376,0.28501
6129.15652,0.28477
6125.29927,0.28488
6121.44203,0.28553
6117.58479,0.28674
6113.72755,0.28843
6109.87031,0.29069
6106.01307,0.29358
6102.15583,0.29693
6098.29858,0.30060
6094.44134,0.30442
6090.58410,0.30819
6086.72686,0.31179
6082.86962,0.31514
6079.01238,0.31835
6075.15514,0.32184
6071.29789,0.32604
6067.44065,0.33106
6063.58341,0.33656
6059.72617,0.34195
6055.86893,0.34672
6052.01169,0.35083
6048.15445,0.35456
6044.29721,0.35821
6040.43996,0.36210
6036.58272,0.36647
6032.72548,0.37120
6028.86824,0.37568
6025.01100,0.37918
6021.15376,0.38106
6017.29652,0.38087
6013.43927,0.37844
6009.58203,0.37400
6005.72479,0.36806
6001.86755,0.36130
5998.01031,0.35462
5994.15307,0.34876
5990.29583,0.34412
5986.43858,0.34075
5982.58134,0.33832
5978.72410,0.33628
5974.86686,0.33402
5971.00962,0.33118
5967.15238,0.32795
5963.29514,0.32489
5959.43790,0.32251
5955.58065,0.32104
5951.72341,0.32042
5947.86617,0.32024
5944.00893,0.31986
5940.15169,0.31875
5936.29445,0.31673
5932.43721,0.31383
5928.57996,0.31033
5924.72272,0.30683
5920.86548,0.30369
5917.00824,0.30087
5913.15100,0.29843
5909.29376,0.29662
5905.43652,0.29568
5901.57927,0.29571
5897.72203,0.29670
5893.86479,0.29841
5890.00755,0.30059
5886.15031,0.30300
5882.29307,0.30543
5878.43583,0.30767
5874.57859,0.30964
5870.72134,0.31135
5866.86410,0.31262
5863.00686,0.31324
5859.14962,0.31322
5855.29238,0.31275
5851.43514,0.31208
5847.57790,0.31141
5843.72065,0.31086
5839.86341,0.31050
5836.00617,0.31036
5832.14893,0.31039
5828.29169,0.31049
5824.43445,0.31065
5820.57721,0.31085
5816.71997,0.31108
5812.86272,0.31134
5809.00548,0.31152
5805.14824,0.31156
5801.29100,0.31141
5797.43376,0.31113
5793.57652,0.31084
5789.71928,0.31064
5785.86203,0.31050
5782.00479,0.31037
5778.14755,0.31016
5774.29031,0.30972
5770.43307,0.30909
5766.57583,0.30835
5762.71859,0.30745
5758.86134,0.30637
5755.00410,0.30517
5751.14686,0.30384
5747.28962,0.30239
5743.43238,0.30095
5739.57514,0.29957
5735.71790,0.29826
5731.86066,0.29714
5728.00341,0.29633
5724.14617,0.29589
5720.28893,0.29575
5716.43169,0.29581
5712.57445,0.29600
5708.71721,0.29619
5704.85997,0.29624
5701.00272,0.29616
5697.14548,0.29604
5693.28824,0.29588
5689.43100,0.29564
5685.57376,0.29538
5681.71652,0.29526
5677.85928,0.29532
5674.00203,0.29550
5670.14479,0.29578
5666.28755,0.29623
5662.43031,0.29669
5658.57307,0.29705
5654.71583,0.29728
5650.85859,0.29731
5647.00135,0.29701
5643.14410,0.29640
5639.28686,0.29564
5635.42962,0.29483
5631.57238,0.29411
5627.71514,0.29350
5623.85790,0.29298
5620.00066,0.29255
5616.14341,0.29226
5612.28617,0.29212
5608.42893,0.29217
5604.57169,0.29232
5600.71445,0.29251
5596.85721,0.29279
5592.99997,0.29311
5589.14273,0.29342
5585.28548,0.29379
5581.42824,0.29425
5577.57100,0.29478
5573.71376,0.29526
5569.85652,0.29557
5565.99928,0.29574
5562.14204,0.29579
5558.28479,0.29575
5554.42755,0.29566
5550.57031,0.29562
5546.71307,0.29563
5542.85583,0.29562
5538.99859,0.29560
5535.14135,0.29558
5531.28410,0.29554
5527.42686,0.29543
5523.56962,0.29517
5519.71238,0.29482
5515.85514,0.29449
5511.99790,0.29427
5508.14066,0.29418
5504.28342,0.29422
5500.42617,0.29440
5496.56893,0.29474
5492.71169,0.29518
5488.85445,0.29561
5484.99721,0.29599
5481.13997,0.29627
5477.28273,0.29635
5473.42548,0.29612
5469.56824,0.29560
5465.71100,0.29485
5461.85376,0.29392
5457.99652,0.29298
5454.13928,0.29201
5450.28204,0.29089
5446.42479,0.28955
5442.56755,0.28811
5438.71031,0.28673
5434.85307,0.28546
5430.99583,0.28421
5427.13859,0.28302
5423.28135,0.28209
5419.42411,0.28150
5415.56686,0.28106
5411.70962,0.28056
5407.85238,0.28009
5403.99514,0.27985
5400.13790,0.27975
5396.28066,0.27964
5392.42342,0.27954
5388.56617,0.27952
5384.70893,0.27957
5380.85169,0.27970
5376.99445,0.27992
5373.13721,0.28018
5369.27997,0.28054
5365.42273,0.28103
5361.56549,0.28162
5357.70824,0.28226
5353.85100,0.28283
5349.99376,0.28335
5346.13652,0.28387
5342.27928,0.28439
5338.42204,0.28484
5334.56480,0.28538
5330.70755,0.28613
5326.85031,0.28707
5322.99307,0.28827
5319.13583,0.28982
5315.27859,0.29171
5311.42135,0.29385
5307.56411,0.29632
5303.70686,0.29913
5299.84962,0.30222
5295.99238,0.30567
5292.13514,0.30963
5288.27790,0.31416
5284.42066,0.31919
5280.56342,0.32466
5276.70618,0.33053
5272.84893,0.33661
5268.99169,0.34279
5265.13445,0.34903
5261.27721,0.35503
5257.41997,0.36043
5253.56273,0.36533
5249.70549,0.36982
5245.84824,0.37392
5241.99100,0.37760
5238.13376,0.38082
5234.27652,0.38369
5230.41928,0.38625
5226.56204,0.38848
5222.70480,0.39037
5218.84755,0.39203
5214.99031,0.39351
5211.13307,0.39480
5207.27583,0.39590
5203.41859,0.39678
5199.56135,0.39750
5195.70411,0.39804
5191.84687,0.39850
5187.98962,0.39894
5184.13238,0.39924
5180.27514,0.39934
5176.41790,0.39930
5172.56066,0.39913
5168.70342,0.39884
5164.84618,0.39846
5160.98893,0.39804
5157.13169,0.39758
5153.27445,0.39711
5149.41721,0.39662
5145.55997,0.39608
5141.70273,0.39535
5137.84549,0.39451
5133.98825,0.39375
5130.13100,0.39309
5126.27376,0.39236
5122.41652,0.39138
5118.55928,0.39005
5114.70204,0.38828
5110.84480,0.38598
5106.98756,0.38327
5103.13031,0.38048
5099.27307,0.37780
5095.41583,0.37523
5091.55859,0.37282
5087.70135,0.37060
5083.84411,0.36850
5079.98687,0.36653
5076.12962,0.36470
5072.27238,0.36298
5068.41514,0.36135
5064.55790,0.35978
5060.70066,0.35816
5056.84342,0.35654
5052.98618,0.35508
5049.12894,0.35377
5045.27169,0.35248
5041.41445,0.35127
5037.55721,0.35021
5033.69997,0.34924
5029.84273,0.34828
5025.98549,0.34738
5022.12825,0.34653
5018.27100,0.34573
5014.41376,0.34496
5010.55652,0.34413
5006.69928,0.34328
5002.84204,0.34255
4998.98480,0.34196
4995.12756,0.34141
4991.27031,0.34092
4987.41307,0.34052
4983.55583,0.34023
4979.69859,0.34019
4975.84135,0.34045
4971.98411,0.34087
4968.12687,0.34136
4964.26963,0.34201
4960.41238,0.34295
4956.55514,0.34420
4952.69790,0.34576
4948.84066,0.34751
4944.98342,0.34927
4941.12618,0.35105
4937.26894,0.35295
4933.41169,0.35501
4929.55445,0.35726
4925.69721,0.35970
4921.83997,0.36229
4917.98273,0.36495
4914.12549,0.36773
4910.26825,0.37069
4906.41101,0.37388
4902.55376,0.37720
4898.69652,0.38058
4894.83928,0.38408
4890.98204,0.38772
4887.12480,0.39139
4883.26756,0.39507
4879.41032,0.39885
4875.55307,0.40273
4871.69583,0.40651
4867.83859,0.41007
4863.98135,0.41339
4860.12411,0.41652
4856.26687,0.41961
4852.40963,0.42281
4848.55238,0.42617
4844.69514,0.42972
4840.83790,0.43356
4836.98066,0.43764
4833.12342,0.44183
4829.26618,0.44604
4825.40894,0.45015
4821.55170,0.45402
4817.69445,0.45754
4813.83721,0.46081
4809.97997,0.46388
4806.12273,0.46662
4802.26549,0.46905
4798.40825,0.47122
4794.55101,0.47304
4790.69376,0.47441
4786.83652,0.47537
4782.97928,0.47610
4779.12204,0.47673
4775.26480,0.47731
4771.40756,0.47797
4767.55032,0.47890
4763.69307,0.48021
4759.83583,0.48184
4755.97859,0.48371
4752.12135,0.48565
4748.26411,0.48748
4744.40687,0.48909
4740.54963,0.49055
4736.69239,0.49209
4732.83514,0.49401
4728.97790,0.49645
4725.12066,0.49910
4721.26342,0.50120
4717.40618,0.50209
4713.54894,0.50208
4709.69170,0.50217
4705.83445,0.50346
4701.97721,0.50643
4698.11997,0.51032
4694.26273,0.51343
4690.40549,0.51410
4686.54825,0.51153
4682.69101,0.50590
4678.83377,0.49834
4674.97652,0.49053
4671.11928,0.48391
4667.26204,0.47907
4663.40480,0.47585
4659.54756,0.47383
4655.69032,0.47287
4651.83308,0.47323
4647.97583,0.47523
4644.11859,0.47860
4640.26135,0.48212
4636.40411,0.48390
4632.54687,0.48227
4628.68963,0.47678
4624.83239,0.46861
4620.97514,0.45991
4617.11790,0.45245
4613.26066,0.44698
4609.40342,0.44343
4605.54618,0.44160
4601.68894,0.44151
4597.83170,0.44295
4593.97446,0.44496
4590.11721,0.44655
4586.25997,0.44766
4582.40273,0.44815
4578.54549,0.44677
4574.68825,0.44234
4570.83101,0.43553
4566.97377,0.42827
4563.11652,0.42233
4559.25928,0.41837
4555.40204,0.41609
4551.54480,0.41475
4547.68756,0.41373
4543.83032,0.41281
4539.97308,0.41202
4536.11583,0.41148
4532.25859,0.41125
4528.40135,0.41143
4524.54411,0.41203
4520.68687,0.41311
4516.82963,0.41483
4512.97239,0.41730
4509.11515,0.42072
4505.25790,0.42539
4501.40066,0.43149
4497.54342,0.43873
4493.68618,0.44630
4489.82894,0.45308
4485.97170,0.45849
4482.11446,0.46303
4478.25721,0.46797
4474.39997,0.47456
4470.54273,0.48364
4466.68549,0.49518
4462.82825,0.50758
4458.97101,0.51795
4455.11377,0.52458
4451.25653,0.52879
4447.39928,0.53293
4443.54204,0.53799
4439.68480,0.54344
4435.82756,0.54793
4431.97032,0.55023
4428.11308,0.55004
4424.25584,0.54813
4420.39859,0.54604
4416.54135,0.54538
4412.68411,0.54674
4408.82687,0.54940
4404.96963,0.55168
4401.11239,0.55203
4397.25515,0.55007
4393.39790,0.54641
4389.54066,0.54203
4385.68342,0.53786
4381.82618,0.53441
4377.96894,0.53172
4374.11170,0.52985
4370.25446,0.52896
4366.39722,0.52924
4362.53997,0.53050
4358.68273,0.53213
4354.82549,0.53375
4350.96825,0.53549
4347.11101,0.53766
4343.25377,0.54030
4339.39653,0.54308
4335.53928,0.54573
4331.68204,0.54824
4327.82480,0.55074
4323.96756,0.55329
4320.11032,0.55606
4316.25308,0.55932
4312.39584,0.56325
4308.53859,0.56786
4304.68135,0.57291
4300.82411,0.57784
4296.96687,0.58211
4293.10963,0.58527
4289.25239,0.58718
4285.39515,0.58809
4281.53791,0.58837
4277.68066,0.58815
4273.82342,0.58731
4269.96618,0.58585
4266.10894,0.58404
4262.25170,0.58222
4258.39446,0.58083
4254.53722,0.58021
4250.67997,0.58023
4246.82273,0.58034
4242.96549,0.57983
4239.10825,0.57847
4235.25101,0.57684
4231.39377,0.57550
4227.53653,0.57440
4223.67929,0.57314
4219.82204,0.57135
4215.96480,0.56892
4212.10756,0.56626
4208.25032,0.56389
4204.39308,0.56191
4200.53584,0.56028
4196.67860,0.55926
4192.82135,0.55948
4188.96411,0.56135
4185.10687,0.56465
4181.24963,0.56826
4177.39239,0.57003
4173.53515,0.56839
4169.67791,0.56394
4165.82066,0.55864
4161.96342,0.55412
4158.10618,0.55119
4154.24894,0.55001
4150.39170,0.55038
4146.53446,0.55214
4142.67722,0.55509
4138.81998,0.55876
4134.96273,0.56246
4131.10549,0.56559
4127.24825,0.56824
4123.39101,0.57113
4119.53377,0.57485
4115.67653,0.57981
4111.81929,0.58636
4107.96204,0.59478
4104.10480,0.60547
4100.24756,0.61903
4096.39032,0.63462
4092.53308,0.64803
4088.67584,0.65430
4084.81860,0.65250
4080.96135,0.64555
4077.10411,0.63714
4073.24687,0.63036
4069.38963,0.62668
4065.53239,0.62572
4061.67515,0.62653
4057.81791,0.62870
4053.96067,0.63196
4050.10342,0.63579
4046.24618,0.63948
4042.38894,0.64241
4038.53170,0.64453
4034.67446,0.64625
4030.81722,0.64765
4026.95998,0.64855
4023.10273,0.64893
4019.24549,0.64876
4015.38825,0.64797
4011.53101,0.64660
4007.67377,0.64474
4003.81653,0.64246
3999.95929,0.63979
3996.10205,0.63679
3992.24480,0.63364
3988.38756,0.63073
3984.53032,0.62839
3980.67308,0.62655
3976.81584,0.62486
3972.95860,0.62304
3969.10136,0.62092
3965.24411,0.61854
3961.38687,0.61602
3957.52963,0.61347
3953.67239,0.61083
3949.81515,0.60791
3945.95791,0.60480
3942.10067,0.60179
3938.24342,0.59906
3934.38618,0.59650
3930.52894,0.59406
3926.67170,0.59194
3922.81446,0.58998
3918.95722,0.58785
3915.09998,0.58557
3911.24274,0.58330
3907.38549,0.58081
3903.52825,0.57767
3899.67101,0.57436
3895.81377,0.57153
3891.95653,0.56880
3888.09929,0.56613
3884.24205,0.56409
3880.38480,0.56280
3876.52756,0.56161
3872.67032,0.55952
3868.81308,0.55620
3864.95584,0.55249
3861.09860,0.54952
3857.24136,0.54705
3853.38411,0.54400
3849.52687,0.54143
3845.66963,0.54004
3841.81239,0.53874
3837.95515,0.53736
3834.09791,0.53652
3830.24067,0.53627
3826.38343,0.53639
3822.52618,0.53705
3818.66894,0.53885
3814.81170,0.54155
3810.95446,0.54379
3807.09722,0.54489
3803.23998,0.54463
3799.38274,0.54334
3795.52549,0.54202
3791.66825,0.54122
3787.81101,0.54098
3783.95377,0.54147
3780.09653,0.54289
3776.23929,0.54490
3772.38205,0.54716
3768.52481,0.54980
3764.66756,0.55273
3760.81032,0.55530
3756.95308,0.55658
3753.09584,0.55591
3749.23860,0.55438
3745.38136,0.55448
3741.52412,0.55653
3737.66687,0.55990
3733.80963,0.56433
3729.95239,0.56791
3726.09515,0.57031
3722.23791,0.57324
3718.38067,0.57726
3714.52343,0.58250
3710.66618,0.59025
3706.80894,0.60001
3702.95170,0.61111
3699.09446,0.62449
3695.23722,0.63964
3691.37998,0.65860
3687.52274,0.68148
3683.66550,0.69970
3679.80825,0.71355
3675.95101,0.72986
3672.09377,0.75121
3668.23653,0.77384
3664.37929,0.79519
3660.52205,0.81595
3656.66481,0.83666
3652.80756,0.85744
3648.95032,0.88115
3645.09308,0.90583
3641.23584,0.92497
3637.37860,0.94126
3633.52136,0.95830
3629.66412,0.97780
3625.80687,0.99449
3621.94963,1.00292
3618.09239,1.01184
3614.23515,1.02536
3610.37791,1.04136
3606.52067,1.05603
3602.66343,1.06499
3598.80619,1.07301
