3996.35288,0.03253
3994.42414,0.03252
3992.49539,0.03235
3990.56665,0.03226
3988.63791,0.03231
3986.70917,0.03246
3984.78043,0.03258
3982.85169,0.03261
3980.92294,0.03268
3978.99420,0.03274
3977.06546,0.03260
3975.13672,0.03240
3973.20798,0.03246
3971.27924,0.03256
3969.35049,0.03249
3967.42175,0.03244
3965.49301,0.03259
3963.56427,0.03272
3961.63553,0.03262
3959.70679,0.03249
3957.77804,0.03246
3955.84930,0.03245
3953.92056,0.03250
3951.99182,0.03254
3950.06308,0.03242
3948.13433,0.03231
3946.20559,0.03244
3944.27685,0.03256
3942.34811,0.03235
3940.41937,0.03218
3938.49063,0.03225
3936.56188,0.03233
3934.63314,0.03252
3932.70440,0.03277
3930.77566,0.03280
3928.84692,0.03265
3926.91818,0.03251
3924.98943,0.03231
3923.06069,0.03219
3921.13195,0.03231
3919.20321,0.03249
3917.27447,0.03251
3915.34573,0.03239
3913.41698,0.03236
3911.48824,0.03247
3909.55950,0.03258
3907.63076,0.03269
3905.70202,0.03264
3903.77327,0.03237
3901.84453,0.03217
3899.91579,0.03204
3897.98705,0.03190
3896.05831,0.03203
3894.12957,0.03225
3892.20082,0.03214
3890.27208,0.03204
3888.34334,0.03233
3886.41460,0.03242
3884.48586,0.03219
3882.55712,0.03232
3880.62837,0.03247
3878.69963,0.03237
3876.77089,0.03245
3874.84215,0.03259
3872.91341,0.03271
3870.98467,0.03255
3869.05592,0.03199
3867.12718,0.03185
3865.19844,0.03211
3863.26970,0.03219
3861.34096,0.03230
3859.41221,0.03267
3857.48347,0.03313
3855.55473,0.03329
3853.62599,0.03257
3851.69725,0.03182
3849.76851,0.03204
3847.83976,0.03248
3845.91102,0.03266
3843.98228,0.03259
3842.05354,0.03254
3840.12480,0.03259
3838.19606,0.03255
3836.26731,0.03249
3834.33857,0.03253
3832.40983,0.03262
3830.48109,0.03273
3828.55235,0.03273
3826.62361,0.03257
3824.69486,0.03261
3822.76612,0.03276
3820.83738,0.03238
3818.90864,0.03213
3816.97990,0.03219
3815.05115,0.03195
3813.12241,0.03197
3811.19367,0.03240
3809.26493,0.03267
3807.33619,0.03253
3805.40745,0.03247
3803.47870,0.03271
3801.54996,0.03253
3799.62122,0.03224
3797.69248,0.03241
3795.76374,0.03252
3793.83500,0.03255
3791.90625,0.03269
3789.97751,0.03279
3788.04877,0.03277
3786.12003,0.03266
3784.19129,0.03251
3782.26255,0.03252
3780.33380,0.03261
3778.40506,0.03254
3776.47632,0.03249
3774.54758,0.03270
3772.61884,0.03304
3770.69009,0.03314
3768.76135,0.03295
3766.83261,0.03279
3764.90387,0.03275
3762.97513,0.03286
3761.04639,0.03292
3759.11764,0.03264
3757.18890,0.03247
3755.26016,0.03290
3753.33142,0.03345
3751.40268,0.03338
3749.47394,0.03281
3747.54519,0.03264
3745.61645,0.03236
3743.68771,0.03178
3741.75897,0.03190
3739.83023,0.03248
3737.90149,0.03285
3735.97274,0.03283
3734.04400,0.03244
3732.11526,0.03201
3730.18652,0.03212
3728.25778,0.03270
3726.32904,0.03317
3724.40029,0.03319
3722.47155,0.03290
3720.54281,0.03258
3718.61407,0.03253
3716.68533,0.03283
3714.75658,0.03325
3712.82784,0.03335
3710.89910,0.03286
3708.97036,0.03240
3707.04162,0.03245
3705.11288,0.03277
3703.18413,0.03295
3701.25539,0.03295
3699.32665,0.03301
3697.39791,0.03295
3695.46917,0.03272
3693.54043,0.03274
3691.61168,0.03292
3689.68294,0.03260
3687.75420,0.03210
3685.82546,0.03233
3683.89672,0.03294
3681.96798,0.03345
3680.03923,0.03374
3678.11049,0.03390
3676.18175,0.03360
3674.25301,0.03314
3672.32427,0.03325
3670.39552,0.03326
3668.46678,0.03305
3666.53804,0.03313
3664.60930,0.03337
3662.68056,0.03364
3660.75182,0.03397
3658.82307,0.03419
3656.89433,0.03402
3654.96559,0.03386
3653.03685,0.03411
3651.10811,0.03412
3649.17937,0.03346
3647.25062,0.03318
3645.32188,0.03354
3643.39314,0.03383
3641.46440,0.03393
3639.53566,0.03401
3637.60692,0.03417
3635.67817,0.03440
3633.74943,0.03473
3631.82069,0.03518
3629.89195,0.03515
3627.96321,0.03429
3626.03446,0.03398
3624.10572,0.03434
3622.17698,0.03462
3620.24824,0.03432
3618.31950,0.03387
3616.39076,0.03410
3614.46201,0.03453
3612.53327,0.03460
3610.60453,0.03456
3608.67579,0.03444
3606.74705,0.03419
3604.81831,0.03427
3602.88956,0.03459
3600.96082,0.03469
3599.03208,0.03470
3597.10334,0.03476
3595.17460,0.03451
3593.24586,0.03400
3591.31711,0.03383
3589.38837,0.03400
3587.45963,0.03397
3585.53089,0.03374
3583.60215,0.03383
3581.67340,0.03410
3579.74466,0.03437
3577.81592,0.03452
3575.88718,0.03446
3573.95844,0.03430
3572.02970,0.03428
3570.10095,0.03443
3568.17221,0.03468
3566.24347,0.03482
3564.31473,0.03490
3562.38599,0.03503
3560.45725,0.03516
3558.52850,0.03533
3556.59976,0.03551
3554.67102,0.03548
3552.74228,0.03514
3550.81354,0.03493
3548.88480,0.03511
3546.95605,0.03533
3545.02731,0.03538
3543.09857,0.03544
3541.16983,0.03562
3539.24109,0.03574
3537.31234,0.03564
3535.38360,0.03557
3533.45486,0.03581
3531.52612,0.03609
3529.59738,0.03611
3527.66864,0.03609
3525.73989,0.03623
3523.81115,0.03638
3521.88241,0.03640
3519.95367,0.03634
3518.02493,0.03631
3516.09619,0.03624
3514.16744,0.03614
3512.23870,0.03622
3510.30996,0.03642
3508.38122,0.03637
3506.45248,0.03632
3504.52374,0.03650
3502.59499,0.03663
3500.66625,0.03664
3498.73751,0.03674
3496.80877,0.03680
3494.88003,0.03669
3492.95128,0.03668
3491.02254,0.03691
3489.09380,0.03705
3487.16506,0.03683
3485.23632,0.03664
3483.30758,0.03678
3481.37883,0.03701
3479.45009,0.03717
3477.52135,0.03738
3475.59261,0.03762
3473.66387,0.03775
3471.73513,0.03782
3469.80638,0.03795
3467.87764,0.03806
3465.94890,0.03815
3464.02016,0.03840
3462.09142,0.03875
3460.16268,0.03896
3458.23393,0.03898
3456.30519,0.03900
3454.37645,0.03915
3452.44771,0.03954
3450.51897,0.03999
3448.59022,0.04023
3446.66148,0.04029
3444.73274,0.04044
3442.80400,0.04070
3440.87526,0.04082
3438.94652,0.04079
3437.01777,0.04095
3435.08903,0.04140
3433.16029,0.04191
3431.23155,0.04233
3429.30281,0.04269
3427.37407,0.04289
3425.44532,0.04282
3423.51658,0.04252
3421.58784,0.04223
3419.65910,0.04217
3417.73036,0.04231
3415.80162,0.04250
3413.87287,0.04261
3411.94413,0.04273
3410.01539,0.04280
3408.08665,0.04278
3406.15791,0.04275
3404.22917,0.04269
3402.30042,0.04259
3400.37168,0.04260
3398.44294,0.04263
3396.51420,0.04260
3394.58546,0.04264
3392.65671,0.04279
3390.72797,0.04289
3388.79923,0.04294
3386.87049,0.04301
3384.94175,0.04306
3383.01301,0.04308
3381.08426,0.04315
3379.15552,0.04337
3377.22678,0.04369
3375.29804,0.04391
3373.36930,0.04389
3371.44056,0.04377
3369.51181,0.04376
3367.58307,0.04399
3365.65433,0.04440
3363.72559,0.04475
3361.79685,0.04489
3359.86811,0.04497
3357.93936,0.04507
3356.01062,0.04513
3354.08188,0.04522
3352.15314,0.04547
3350.22440,0.04589
3348.29565,0.04634
3346.36691,0.04663
3344.43817,0.04675
3342.50943,0.04685
3340.58069,0.04698
3338.65195,0.04708
3336.72320,0.04720
3334.79446,0.04739
3332.86572,0.04757
3330.93698,0.04764
3329.00824,0.04752
3327.07950,0.04725
3325.15075,0.04700
3323.22201,0.04683
3321.29327,0.04669
3319.36453,0.04661
3317.43579,0.04665
3315.50705,0.04676
3313.57830,0.04688
3311.64956,0.04697
3309.72082,0.04706
3307.79208,0.04712
3305.86334,0.04710
3303.93459,0.04714
3302.00585,0.04725
3300.07711,0.04725
3298.14837,0.04715
3296.21963,0.04701
3294.29089,0.04693
3292.36214,0.04700
3290.43340,0.04716
3288.50466,0.04731
3286.57592,0.04728
3284.64718,0.04707
3282.71844,0.04698
3280.78969,0.04718
3278.86095,0.04744
3276.93221,0.04745
3275.00347,0.04727
3273.07473,0.04718
3271.14599,0.04716
3269.21724,0.04707
3267.28850,0.04700
3265.35976,0.04705
3263.43102,0.04709
3261.50228,0.04701
3259.57353,0.04692
3257.64479,0.04682
3255.71605,0.04669
3253.78731,0.04660
3251.85857,0.04658
3249.92983,0.04655
3248.00108,0.04650
3246.07234,0.04643
3244.14360,0.04629
3242.21486,0.04607
3240.28612,0.04583
3238.35738,0.04565
3236.42863,0.04560
3234.49989,0.04562
3232.57115,0.04557
3230.64241,0.04540
3228.71367,0.04529
3226.78493,0.04538
3224.85618,0.04547
3222.92744,0.04534
3220.99870,0.04507
3219.06996,0.04489
3217.14122,0.04475
3215.21247,0.04458
3213.28373,0.04445
3211.35499,0.04442
3209.42625,0.04448
3207.49751,0.04452
3205.56877,0.04445
3203.64002,0.04426
3201.71128,0.04408
3199.78254,0.04402
3197.85380,0.04404
3195.92506,0.04413
3193.99632,0.04425
3192.06757,0.04428
3190.13883,0.04409
3188.21009,0.04376
3186.28135,0.04351
3184.35261,0.04349
3182.42387,0.04358
3180.49512,0.04366
3178.56638,0.04354
3176.63764,0.04324
3174.70890,0.04298
3172.78016,0.04289
3170.85141,0.04297
3168.92267,0.04304
3166.99393,0.04301
3165.06519,0.04291
3163.13645,0.04279
3161.20771,0.04270
3159.27896,0.04267
3157.35022,0.04270
3155.42148,0.04265
3153.49274,0.04249
3151.56400,0.04241
3149.63526,0.04245
3147.70651,0.04238
3145.77777,0.04222
3143.84903,0.04211
3141.92029,0.04200
3139.99155,0.04190
3138.06281,0.04196
3136.13406,0.04207
3134.20532,0.04204
3132.27658,0.04195
3130.34784,0.04189
3128.41910,0.04188
3126.49035,0.04193
3124.56161,0.04195
3122.63287,0.04183
3120.70413,0.04174
3118.77539,0.04181
3116.84665,0.04191
3114.91790,0.04196
3112.98916,0.04198
3111.06042,0.04203
3109.13168,0.04210
3107.20294,0.04216
3105.27420,0.04218
3103.34545,0.04213
3101.41671,0.04207
3099.48797,0.04209
3097.55923,0.04213
3095.63049,0.04205
3093.70175,0.04194
3091.77300,0.04186
3089.84426,0.04169
3087.91552,0.04149
3085.98678,0.04148
3084.05804,0.04157
3082.12930,0.04164
3080.20055,0.04163
3078.27181,0.04160
3076.34307,0.04160
3074.41433,0.04168
3072.48559,0.04183
3070.55684,0.04191
3068.62810,0.04186
3066.69936,0.04178
3064.77062,0.04176
3062.84188,0.04174
3060.91314,0.04171
3058.98439,0.04174
3057.05565,0.04183
3055.12691,0.04191
3053.19817,0.04194
3051.26943,0.04183
3049.34069,0.04160
3047.41194,0.04133
3045.48320,0.04104
3043.55446,0.04077
3041.62572,0.04055
3039.69698,0.04039
3037.76824,0.04037
3035.83949,0.04041
3033.91075,0.04040
3031.98201,0.04037
3030.05327,0.04035
3028.12453,0.04035
3026.19578,0.04039
3024.26704,0.04050
3022.33830,0.04067
3020.40956,0.04091
3018.48082,0.04119
3016.55208,0.04143
3014.62333,0.04163
3012.69459,0.04187
3010.76585,0.04213
3008.83711,0.04233
3006.90837,0.04244
3004.97963,0.04247
3003.05088,0.04252
3001.12214,0.04265
2999.19340,0.04282
2997.26466,0.04299
2995.33592,0.04318
2993.40718,0.04339
2991.47843,0.04362
2989.54969,0.04385
2987.62095,0.04411
2985.69221,0.04440
2983.76347,0.04474
2981.83472,0.04514
2979.90598,0.04557
2977.97724,0.04602
2976.04850,0.04656
2974.11976,0.04718
2972.19102,0.04778
2970.26227,0.04829
2968.33353,0.04861
2966.40479,0.04864
2964.47605,0.04838
2962.54731,0.04805
2960.61857,0.04784
2958.68982,0.04769
2956.76108,0.04743
2954.83234,0.04700
2952.90360,0.04664
2950.97486,0.04644
2949.04612,0.04623
2947.11737,0.04588
2945.18863,0.04547
2943.25989,0.04511
2941.33115,0.04478
2939.40241,0.04444
2937.47366,0.04405
2935.54492,0.04371
2933.61618,0.04361
2931.68744,0.04369
2929.75870,0.04372
2927.82996,0.04368
2925.90121,0.04363
2923.97247,0.04366
2922.04373,0.04384
2920.11499,0.04413
2918.18625,0.04444
2916.25751,0.04476
2914.32876,0.04517
2912.40002,0.04575
2910.47128,0.04633
2908.54254,0.04665
2906.61380,0.04680
2904.68506,0.04698
2902.75631,0.04704
2900.82757,0.04683
2898.89883,0.04649
2896.97009,0.04625
2895.04135,0.04611
2893.11260,0.04601
2891.18386,0.04593
2889.25512,0.04589
2887.32638,0.04588
2885.39764,0.04579
2883.46890,0.04560
2881.54015,0.04541
2879.61141,0.04525
2877.68267,0.04513
2875.75393,0.04507
2873.82519,0.04504
2871.89645,0.04494
2869.96770,0.04476
2868.03896,0.04461
2866.11022,0.04452
2864.18148,0.04439
2862.25274,0.04420
2860.32400,0.04404
2858.39525,0.04397
2856.46651,0.04394
2854.53777,0.04387
2852.60903,0.04371
2850.68029,0.04348
2848.75154,0.04324
2846.82280,0.04302
2844.89406,0.04287
2842.96532,0.04274
2841.03658,0.04252
2839.10784,0.04233
2837.17909,0.04219
2835.25035,0.04198
2833.32161,0.04178
2831.39287,0.04173
2829.46413,0.04173
2827.53539,0.04164
2825.60664,0.04150
2823.67790,0.04142
2821.74916,0.04137
2819.82042,0.04131
2817.89168,0.04128
2815.96294,0.04125
2814.03419,0.04118
2812.10545,0.04112
2810.17671,0.04108
2808.24797,0.04102
2806.31923,0.04096
2804.39048,0.04097
2802.46174,0.04099
2800.53300,0.04091
2798.60426,0.04080
2796.67552,0.04075
2794.74678,0.04074
2792.81803,0.04073
2790.88929,0.04064
2788.96055,0.04051
2787.03181,0.04046
2785.10307,0.04046
2783.17433,0.04050
2781.24558,0.04054
2779.31684,0.04048
2777.38810,0.04039
2775.45936,0.04033
2773.53062,0.04020
2771.60188,0.04009
2769.67313,0.04008
2767.74439,0.04012
2765.81565,0.04011
2763.88691,0.04001
2761.95817,0.03988
2760.02943,0.03982
2758.10068,0.03991
2756.17194,0.03999
2754.24320,0.03990
2752.31446,0.03974
2750.38572,0.03973
2748.45697,0.03984
2746.52823,0.03991
2744.59949,0.03989
2742.67075,0.03988
2740.74201,0.03993
2738.81327,0.03997
2736.88452,0.03994
2734.95578,0.03984
2733.02704,0.03971
2731.09830,0.03964
2729.16956,0.03961
2727.24082,0.03954
2725.31207,0.03945
2723.38333,0.03944
2721.45459,0.03946
2719.52585,0.03944
2717.59711,0.03944
2715.66837,0.03947
2713.73962,0.03951
2711.81088,0.03953
2709.88214,0.03948
2707.95340,0.03937
2706.02466,0.03929
2704.09591,0.03929
2702.16717,0.03936
2700.23843,0.03937
2698.30969,0.03930
2696.38095,0.03924
2694.45221,0.03924
2692.52346,0.03926
2690.59472,0.03928
2688.66598,0.03925
2686.73724,0.03921
2684.80850,0.03919
2682.87976,0.03921
2680.95101,0.03919
2679.02227,0.03908
2677.09353,0.03896
2675.16479,0.03897
2673.23605,0.03902
2671.30731,0.03904
2669.37856,0.03903
2667.44982,0.03904
2665.52108,0.03911
2663.59234,0.03916
2661.66360,0.03912
2659.73485,0.03912
2657.80611,0.03927
2655.87737,0.03942
2653.94863,0.03946
2652.01989,0.03942
2650.09115,0.03940
2648.16240,0.03948
2646.23366,0.03952
2644.30492,0.03951
2642.37618,0.03957
2640.44744,0.03962
2638.51870,0.03959
2636.58995,0.03957
2634.66121,0.03965
2632.73247,0.03977
2630.80373,0.03987
2628.87499,0.03994
2626.94625,0.03995
2625.01750,0.03988
2623.08876,0.03983
2621.16002,0.03987
2619.23128,0.03994
2617.30254,0.03996
2615.37379,0.03993
2613.44505,0.03987
2611.51631,0.03983
2609.58757,0.03983
2607.65883,0.03990
2605.73009,0.03996
2603.80134,0.03994
2601.87260,0.03986
2599.94386,0.03983
2598.01512,0.03992
2596.08638,0.04006
2594.15764,0.04016
2592.22889,0.04014
2590.30015,0.04004
2588.37141,0.04004
2586.44267,0.04009
2584.51393,0.04003
2582.58519,0.03995
2580.65644,0.03997
2578.72770,0.04004
2576.79896,0.04007
2574.87022,0.04006
2572.94148,0.03998
2571.01273,0.03985
2569.08399,0.03979
2567.15525,0.03989
2565.22651,0.04008
2563.29777,0.04024
2561.36903,0.04030
2559.44028,0.04034
2557.51154,0.04033
2555.58280,0.04021
2553.65406,0.04008
2551.72532,0.04002
2549.79658,0.04003
2547.86783,0.04008
2545.93909,0.04012
2544.01035,0.04011
2542.08161,0.04003
2540.15287,0.03989
2538.22413,0.03981
2536.29538,0.03990
2534.36664,0.04009
2532.43790,0.04019
2530.50916,0.04012
2528.58042,0.04001
2526.65167,0.03992
2524.72293,0.03986
2522.79419,0.03982
2520.86545,0.03990
2518.93671,0.04007
2517.00797,0.04016
2515.07922,0.04007
2513.15048,0.03986
2511.22174,0.03966
2509.29300,0.03966
2507.36426,0.03980
2505.43552,0.03993
2503.50677,0.04006
2501.57803,0.04008
2499.64929,0.03990
2497.72055,0.03963
2495.79181,0.03939
2493.86307,0.03930
2491.93432,0.03941
2490.00558,0.03960
2488.07684,0.03973
2486.14810,0.03967
2484.21936,0.03945
2482.29061,0.03924
2480.36187,0.03914
2478.43313,0.03911
2476.50439,0.03911
2474.57565,0.03910
2472.64691,0.03903
2470.71816,0.03898
2468.78942,0.03911
2466.86068,0.03929
2464.93194,0.03936
2463.00320,0.03931
2461.07446,0.03926
2459.14571,0.03926
2457.21697,0.03930
2455.28823,0.03938
2453.35949,0.03944
2451.43075,0.03937
2449.50201,0.03914
2447.57326,0.03885
2445.64452,0.03872
2443.71578,0.03885
2441.78704,0.03907
2439.85830,0.03921
2437.92956,0.03923
2436.00081,0.03915
2434.07207,0.03895
2432.14333,0.03868
2430.21459,0.03854
2428.28585,0.03863
2426.35710,0.03878
2424.42836,0.03886
2422.49962,0.03889
2420.57088,0.03879
2418.64214,0.03866
2416.71340,0.03863
2414.78465,0.03867
2412.85591,0.03874
2410.92717,0.03886
2408.99843,0.03890
2407.06969,0.03879
2405.14095,0.03867
2403.21220,0.03867
2401.28346,0.03874
2399.35472,0.03881
2397.42598,0.03885
2395.49724,0.03877
2393.56850,0.03862
2391.63975,0.03856
2389.71101,0.03858
2387.78227,0.03859
2385.85353,0.03854
2383.92479,0.03848
2381.99604,0.03844
2380.06730,0.03839
2378.13856,0.03823
2376.20982,0.03806
2374.28108,0.03800
2372.35234,0.03798
2370.42359,0.03787
2368.49485,0.03775
2366.56611,0.03775
2364.63737,0.03764
2362.70863,0.03725
2360.77989,0.03671
2358.85114,0.03638
2356.92240,0.03652
2354.99366,0.03682
2353.06492,0.03686
2351.13618,0.03693
2349.20744,0.03729
2347.27869,0.03762
2345.34995,0.03764
2343.42121,0.03739
2341.49247,0.03719
2339.56373,0.03705
2337.63498,0.03692
2335.70624,0.03706
2333.77750,0.03733
2331.84876,0.03728
2329.92002,0.03705
2327.99128,0.03705
2326.06253,0.03753
2324.13379,0.03828
2322.20505,0.03871
2320.27631,0.03865
2318.34757,0.03840
2316.41883,0.03814
2314.49008,0.03797
2312.56134,0.03800
2310.63260,0.03814
2308.70386,0.03823
2306.77512,0.03828
2304.84638,0.03832
2302.91763,0.03831
2300.98889,0.03830
2299.06015,0.03848
2297.13141,0.03888
2295.20267,0.03920
2293.27392,0.03921
2291.34518,0.03911
2289.41644,0.03918
2287.48770,0.03943
2285.55896,0.03967
2283.63022,0.03976
2281.70147,0.03971
2279.77273,0.03957
2277.84399,0.03944
2275.91525,0.03942
2273.98651,0.03948
2272.05777,0.03948
2270.12902,0.03926
2268.20028,0.03900
2266.27154,0.03891
2264.34280,0.03888
2262.41406,0.03881
2260.48532,0.03873
2258.55657,0.03873
2256.62783,0.03886
2254.69909,0.03902
2252.77035,0.03907
2250.84161,0.03898
2248.91286,0.03877
2246.98412,0.03856
2245.05538,0.03850
2243.12664,0.03864
2241.19790,0.03893
2239.26916,0.03917
2237.34041,0.03925
2235.41167,0.03917
2233.48293,0.03901
2231.55419,0.03885
2229.62545,0.03866
2227.69671,0.03849
2225.76796,0.03830
2223.83922,0.03795
2221.91048,0.03786
2219.98174,0.03824
2218.05300,0.03864
2216.12426,0.03874
2214.19551,0.03864
2212.26677,0.03860
2210.33803,0.03875
2208.40929,0.03857
2206.48055,0.03779
2204.55180,0.03719
2202.62306,0.03737
2200.69432,0.03792
2198.76558,0.03830
2196.83684,0.03845
2194.90810,0.03853
2192.97935,0.03869
2191.05061,0.03895
2189.12187,0.03918
2187.19313,0.03921
2185.26439,0.03877
2183.33565,0.03794
2181.40690,0.03711
2179.47816,0.03672
2177.54942,0.03686
2175.62068,0.03706
2173.69194,0.03714
2171.76320,0.03755
2169.83445,0.03838
2167.90571,0.03898
2165.97697,0.03884
2164.04823,0.03844
2162.11949,0.03832
2160.19074,0.03758
2158.26200,0.03560
2156.33326,0.03417
2154.40452,0.03423
2152.47578,0.03468
2150.54704,0.03513
2148.61829,0.03575
2146.68955,0.03595
2144.76081,0.03569
2142.83207,0.03578
2140.90333,0.03631
2138.97459,0.03668
2137.04584,0.03657
2135.11710,0.03613
2133.18836,0.03573
2131.25962,0.03580
2129.33088,0.03631
2127.40214,0.03663
2125.47339,0.03656
2123.54465,0.03661
2121.61591,0.03701
2119.68717,0.03749
2117.75843,0.03782
2115.82969,0.03813
2113.90094,0.03846
2111.97220,0.03851
2110.04346,0.03824
2108.11472,0.03797
2106.18598,0.03792
2104.25723,0.03792
2102.32849,0.03776
2100.39975,0.03750
2098.47101,0.03734
2096.54227,0.03728
2094.61353,0.03725
2092.68478,0.03739
2090.75604,0.03758
2088.82730,0.03756
2086.89856,0.03746
2084.96982,0.03747
2083.04108,0.03746
2081.11233,0.03748
2079.18359,0.03763
2077.25485,0.03767
2075.32611,0.03750
2073.39737,0.03728
2071.46863,0.03709
2069.53988,0.03690
2067.61114,0.03667
2065.68240,0.03645
2063.75366,0.03644
2061.82492,0.03657
2059.89617,0.03648
2057.96743,0.03627
2056.03869,0.03633
2054.10995,0.03679
2052.18121,0.03752
2050.25247,0.03796
2048.32372,0.03749
2046.39498,0.03643
2044.46624,0.03574
2042.53750,0.03567
2040.60876,0.03577
2038.68002,0.03555
2036.75127,0.03510
2034.82253,0.03504
2032.89379,0.03552
2030.96505,0.03606
2029.03631,0.03618
2027.10757,0.03565
2025.17882,0.03485
2023.25008,0.03448
2021.32134,0.03454
2019.39260,0.03456
2017.46386,0.03468
2015.53511,0.03485
2013.60637,0.03465
2011.67763,0.03445
2009.74889,0.03461
2007.82015,0.03468
2005.89141,0.03444
2003.96266,0.03436
2002.03392,0.03473
2000.10518,0.03525
1998.17644,0.03538
1996.24770,0.03504
1994.31896,0.03483
1992.39021,0.03491
1990.46147,0.03495
1988.53273,0.03501
1986.60399,0.03524
1984.67525,0.03562
1982.74651,0.03609
1980.81776,0.03639
1978.88902,0.03620
1976.96028,0.03558
1975.03154,0.03481
1973.10280,0.03401
1971.17405,0.03368
1969.24531,0.03431
1967.31657,0.03527
1965.38783,0.03585
1963.45909,0.03619
1961.53035,0.03637
1959.60160,0.03629
1957.67286,0.03607
1955.74412,0.03574
1953.81538,0.03527
1951.88664,0.03488
1949.95790,0.03484
1948.02915,0.03494
1946.10041,0.03486
1944.17167,0.03461
1942.24293,0.03436
1940.31419,0.03412
1938.38545,0.03378
1936.45670,0.03348
1934.52796,0.03341
1932.59922,0.03347
1930.67048,0.03349
1928.74174,0.03344
1926.81299,0.03329
1924.88425,0.03306
1922.95551,0.03279
1921.02677,0.03264
1919.09803,0.03257
1917.16929,0.03240
1915.24054,0.03218
1913.31180,0.03206
1911.38306,0.03195
1909.45432,0.03174
1907.52558,0.03162
1905.59684,0.03167
1903.66809,0.03159
1901.73935,0.03124
1899.81061,0.03084
1897.88187,0.03064
1895.95313,0.03062
1894.02439,0.03065
1892.09564,0.03056
1890.16690,0.03034
1888.23816,0.03015
1886.30942,0.03001
1884.38068,0.02982
1882.45193,0.02966
1880.52319,0.02949
1878.59445,0.02933
1876.66571,0.02930
1874.73697,0.02934
1872.80823,0.02926
1870.87948,0.02904
1868.95074,0.02877
1867.02200,0.02864
1865.09326,0.02863
1863.16452,0.02846
1861.23578,0.02816
1859.30703,0.02787
1857.37829,0.02774
1855.44955,0.02779
1853.52081,0.02797
1851.59207,0.02817
1849.66333,0.02829
1847.73458,0.02829
1845.80584,0.02820
1843.87710,0.02808
1841.94836,0.02796
1840.01962,0.02791
1838.09087,0.02787
1836.16213,0.02778
1834.23339,0.02775
1832.30465,0.02772
1830.37591,0.02755
1828.44717,0.02742
1826.51842,0.02750
1824.58968,0.02757
1822.66094,0.02757
1820.73220,0.02751
1818.80346,0.02730
1816.87472,0.02704
1814.94597,0.02682
1813.01723,0.02660
1811.08849,0.02641
1809.15975,0.02627
1807.23101,0.02609
1805.30227,0.02580
1803.37352,0.02550
1801.44478,0.02510
1799.51604,0.02464
1797.58730,0.02440
1795.65856,0.02437
1793.72982,0.02427
1791.80107,0.02388
1789.87233,0.02346
1787.94359,0.02320
1786.01485,0.02299
1784.08611,0.02273
1782.15736,0.02244
1780.22862,0.02217
1778.29988,0.02193
1776.37114,0.02165
1774.44240,0.02119
1772.51366,0.02070
1770.58491,0.02048
1768.65617,0.02048
1766.72743,0.02046
1764.79869,0.02039
1762.86995,0.02030
1760.94121,0.02024
1759.01246,0.02035
1757.08372,0.02072
1755.15498,0.02139
1753.22624,0.02231
1751.29750,0.02376
1749.36876,0.02650
1747.44001,0.03053
1745.51127,0.03564
1743.58253,0.04202
1741.65379,0.04977
1739.72505,0.05907
1737.79630,0.06805
1735.86756,0.07638
1733.93882,0.08759
1732.01008,0.09949
1730.08134,0.10906
1728.15260,0.11848
1726.22385,0.12775
1724.29511,0.13714
1722.36637,0.14654
1720.43763,0.15507
1718.50889,0.16414
1716.58015,0.17416
1714.65140,0.18070
1712.72266,0.18319
1710.79392,0.18258
1708.86518,0.17926
1706.93644,0.17310
1705.00770,0.16470
1703.07895,0.15725
1701.15021,0.14888
1699.22147,0.13815
1697.29273,0.12980
1695.36399,0.12270
1693.43524,0.11728
1691.50650,0.11353
1689.57776,0.10976
1687.64902,0.10661
1685.72028,0.10395
1683.79154,0.10023
1681.86279,0.09734
1679.93405,0.09567
1678.00531,0.09381
1676.07657,0.09119
1674.14783,0.08825
1672.21909,0.08621
1670.29034,0.08429
1668.36160,0.08182
1666.43286,0.08001
1664.50412,0.07836
1662.57538,0.07607
1660.64664,0.07386
1658.71789,0.07249
1656.78915,0.07168
1654.86041,0.07061
1652.93167,0.06813
1651.00293,0.06660
1649.07418,0.06630
1647.14544,0.06521
1645.21670,0.06374
1643.28796,0.06311
1641.35922,0.06274
1639.43048,0.06234
1637.50173,0.06167
1635.57299,0.06030
1633.64425,0.05918
1631.71551,0.05879
1629.78677,0.05836
1627.85803,0.05767
1625.92928,0.05704
1624.00054,0.05645
1622.07180,0.05585
1620.14306,0.05559
1618.21432,0.05554
1616.28558,0.05541
1614.35683,0.05533
1612.42809,0.05525
1610.49935,0.05478
1608.57061,0.05391
1606.64187,0.05295
1604.71312,0.05210
1602.78438,0.05123
1600.85564,0.05033
1598.92690,0.04957
1596.99816,0.04895
1595.06942,0.04837
1593.14067,0.04785
1591.21193,0.04750
1589.28319,0.04734
1587.35445,0.04738
1585.42571,0.04772
1583.49697,0.04857
1581.56822,0.04991
1579.63948,0.05124
1577.71074,0.05179
1575.78200,0.05096
1573.85326,0.04970
1571.92452,0.04871
1569.99577,0.04732
1568.06703,0.04593
1566.13829,0.04522
1564.20955,0.04482
1562.28081,0.04458
1560.35206,0.04403
1558.42332,0.04249
1556.49458,0.04175
1554.56584,0.04174
1552.63710,0.04164
1550.70836,0.04143
1548.77961,0.04120
1546.85087,0.04106
1544.92213,0.04077
1542.99339,0.04011
1541.06465,0.03924
1539.13591,0.03864
1537.20716,0.03876
1535.27842,0.03898
1533.34968,0.03901
1531.42094,0.03906
1529.49220,0.03917
1527.56346,0.03909
1525.63471,0.03886
1523.70597,0.03867
1521.77723,0.03823
1519.84849,0.03761
1517.91975,0.03712
1515.99100,0.03682
1514.06226,0.03702
1512.13352,0.03793
1510.20478,0.03978
1508.27604,0.04390
1506.34730,0.05098
1504.41855,0.05363
1502.48981,0.05165
1500.56107,0.04785
1498.63233,0.04347
1496.70359,0.03969
1494.77485,0.03760
1492.84610,0.03681
1490.91736,0.03636
1488.98862,0.03630
1487.05988,0.03709
1485.13114,0.03830
1483.20240,0.03963
1481.27365,0.04113
1479.34491,0.04270
1477.41617,0.04432
1475.48743,0.04620
1473.55869,0.04837
1471.62995,0.04988
1469.70120,0.04985
1467.77246,0.04898
1465.84372,0.04790
1463.91498,0.04729
1461.98624,0.04758
1460.05749,0.04828
1458.12875,0.04899
1456.20001,0.04963
1454.27127,0.05008
1452.34253,0.05021
1450.41379,0.04995
1448.48504,0.04935
1446.55630,0.04864
1444.62756,0.04809
1442.69882,0.04757
1440.77008,0.04698
1438.84134,0.04627
1436.91259,0.04513
1434.98385,0.04380
1433.05511,0.04275
1431.12637,0.04163
1429.19763,0.04032
1427.26889,0.03927
1425.34014,0.03860
1423.41140,0.03837
1421.48266,0.03886
1419.55392,0.04098
1417.62518,0.04611
1415.69643,0.05380
1413.76769,0.06367
1411.83895,0.07488
1409.91021,0.08409
1407.98147,0.08792
1406.05273,0.08560
1404.12398,0.07896
1402.19524,0.07187
1400.26650,0.06570
1398.33776,0.06021
1396.40902,0.05605
1394.48028,0.05309
1392.55153,0.05122
1390.62279,0.05032
1388.69405,0.04980
1386.76531,0.04945
1384.83657,0.04941
1382.90783,0.04951
1380.97908,0.04960
1379.05034,0.04977
1377.12160,0.05012
1375.19286,0.05062
1373.26412,0.05130
1371.33537,0.05177
1369.40663,0.05148
1367.47789,0.05027
1365.54915,0.04846
1363.62041,0.04632
1361.69167,0.04427
1359.76292,0.04291
1357.83418,0.04219
1355.90544,0.04197
1353.97670,0.04247
1352.04796,0.04404
1350.11922,0.04713
1348.19047,0.05236
1346.26173,0.06021
1344.33299,0.07024
1342.40425,0.08078
1340.47551,0.08950
1338.54677,0.09321
1336.61802,0.09020
1334.68928,0.08223
1332.76054,0.07200
1330.83180,0.06198
1328.90306,0.05407
1326.97431,0.04897
1325.04557,0.04628
1323.11683,0.04529
1321.18809,0.04536
1319.25935,0.04607
1317.33061,0.04718
1315.40186,0.04845
1313.47312,0.04975
1311.54438,0.05109
1309.61564,0.05248
1307.68690,0.05397
1305.75816,0.05562
1303.82941,0.05753
1301.90067,0.05997
1299.97193,0.06314
1298.04319,0.06707
1296.11445,0.07160
1294.18571,0.07640
1292.25696,0.08110
1290.32822,0.08555
1288.39948,0.08981
1286.47074,0.09401
1284.54200,0.09819
1282.61325,0.10230
1280.68451,0.10631
1278.75577,0.11036
1276.82703,0.11462
1274.89829,0.11924
1272.96955,0.12446
1271.04080,0.13043
1269.11206,0.13691
1267.18332,0.14354
1265.25458,0.14988
1263.32584,0.15555
1261.39710,0.16038
1259.46835,0.16436
1257.53961,0.16760
1255.61087,0.17053
1253.68213,0.17384
1251.75339,0.17788
1249.82465,0.18244
1247.89590,0.18701
1245.96716,0.19119
1244.03842,0.19466
1242.10968,0.19707
1240.18094,0.19801
1238.25219,0.19720
1236.32345,0.19459
1234.39471,0.19034
1232.46597,0.18486
1230.53723,0.17879
1228.60849,0.17280
1226.67974,0.16731
1224.75100,0.16239
1222.82226,0.15780
1220.89352,0.15314
1218.96478,0.14820
1217.03604,0.14316
1215.10729,0.13833
1213.17855,0.13397
1211.24981,0.13014
1209.32107,0.12673
1207.39233,0.12343
1205.46359,0.12005
1203.53484,0.11660
1201.60610,0.11301
1199.67736,0.10913
1197.74862,0.10508
1195.81988,0.10109
1193.89113,0.09729
1191.96239,0.09372
1190.03365,0.09054
1188.10491,0.08785
1186.17617,0.08565
1184.24743,0.08401
1182.31868,0.08305
1180.38994,0.08282
1178.46120,0.08299
1176.53246,0.08306
1174.60372,0.08273
1172.67498,0.08192
1170.74623,0.08055
1168.81749,0.07862
1166.88875,0.07657
1164.96001,0.07490
1163.03127,0.07367
1161.10253,0.07261
1159.17378,0.07151
1157.24504,0.07035
1155.31630,0.06942
1153.38756,0.06906
1151.45882,0.06936
1149.53007,0.07022
1147.60133,0.07162
1145.67259,0.07371
1143.74385,0.07659
1141.81511,0.08018
1139.88637,0.08462
1137.95762,0.09024
1136.02888,0.09728
1134.10014,0.10554
1132.17140,0.11454
1130.24266,0.12399
1128.31392,0.13360
1126.38517,0.14282
1124.45643,0.15120
1122.52769,0.15830
1120.59895,0.16380
1118.67021,0.16768
1116.74147,0.17016
1114.81272,0.17183
1112.88398,0.17366
1110.95524,0.17649
1109.02650,0.18049
1107.09776,0.18548
1105.16902,0.19121
1103.24027,0.19696
1101.31153,0.20192
1099.38279,0.20578
1097.45405,0.20846
1095.52531,0.20984
1093.59656,0.21004
1091.66782,0.20930
1089.73908,0.20786
1087.81034,0.20596
1085.88160,0.20373
1083.95286,0.20115
1082.02411,0.19807
1080.09537,0.19427
1078.16663,0.18967
1076.23789,0.18455
1074.30915,0.17943
1072.38041,0.17482
1070.45166,0.17087
1068.52292,0.16753
1066.59418,0.16480
1064.66544,0.16265
1062.73670,0.16098
1060.80796,0.15972
1058.87921,0.15867
1056.95047,0.15759
1055.02173,0.15638
1053.09299,0.15515
1051.16425,0.15396
1049.23550,0.15278
1047.30676,0.15156
1045.37802,0.15023
1043.44928,0.14876
1041.52054,0.14722
1039.59180,0.14581
1037.66305,0.14452
1035.73431,0.14303
1033.80557,0.14100
1031.87683,0.13843
1029.94809,0.13619
1028.01935,0.13630
1026.09060,0.14098
1024.16186,0.15062
1022.23312,0.16299
1020.30438,0.17525
1018.37564,0.18485
1016.44690,0.18872
1014.51815,0.18534
1012.58941,0.17716
1010.66067,0.16839
1008.73193,0.16129
1006.80319,0.15581
1004.87444,0.15140
1002.94570,0.14800
1001.01696,0.14556
999.08822,0.14352
997.15948,0.14143
995.23074,0.13938
993.30199,0.13768
991.37325,0.13644
989.44451,0.13561
987.51577,0.13513
985.58703,0.13479
983.65829,0.13453
981.72954,0.13444
979.80080,0.13461
977.87206,0.13527
975.94332,0.13659
974.01458,0.13829
972.08584,0.13979
970.15709,0.14047
968.22835,0.13997
966.29961,0.13845
964.37087,0.13631
962.44213,0.13387
960.51338,0.13131
958.58464,0.12874
956.65590,0.12628
954.72716,0.12405
952.79842,0.12204
950.86968,0.12014
948.94093,0.11836
947.01219,0.11662
945.08345,0.11494
943.15471,0.11339
941.22597,0.11200
939.29723,0.11069
937.36848,0.10938
935.43974,0.10821
933.51100,0.10723
931.58226,0.10631
929.65352,0.10526
927.72478,0.10414
925.79603,0.10309
923.86729,0.10217
921.93855,0.10129
920.00981,0.10046
918.08107,0.09973
916.15232,0.09925
914.22358,0.09904
912.29484,0.09893
910.36610,0.09900
908.43736,0.09948
906.50862,0.10017
904.57987,0.10087
902.65113,0.10171
900.72239,0.10262
898.79365,0.10312
896.86491,0.10312
894.93617,0.10284
893.00742,0.10212
891.07868,0.10097
889.14994,0.10002
887.22120,0.09980
885.29246,0.10049
883.36372,0.10241
881.43497,0.10592
879.50623,0.11098
877.57749,0.11786
875.64875,0.12768
873.72001,0.13949
871.79126,0.14712
869.86252,0.14520
867.93378,0.13689
866.00504,0.12857
864.07630,0.12264
862.14756,0.11882
860.21881,0.11677
858.29007,0.11620
856.36133,0.11665
854.43259,0.11769
852.50385,0.11922
850.57511,0.12137
848.64636,0.12371
846.71762,0.12505
844.78888,0.12463
842.86014,0.12274
840.93140,0.12023
839.00266,0.11764
837.07391,0.11520
835.14517,0.11284
833.21643,0.11047
831.28769,0.10834
829.35895,0.10668
827.43020,0.10525
825.50146,0.10375
823.57272,0.10241
821.64398,0.10141
819.71524,0.10038
817.78650,0.09923
815.85775,0.09829
813.92901,0.09761
812.00027,0.09726
810.07153,0.09727
808.14279,0.09715
806.21405,0.09651
804.28530,0.09564
802.35656,0.09483
800.42782,0.09426
798.49908,0.09469
796.57034,0.09683
794.64160,0.09993
792.71285,0.10208
790.78411,0.10215
788.85537,0.10051
786.92663,0.09797
784.99789,0.09517
783.06915,0.09271
781.14040,0.09069
779.21166,0.08886
777.28292,0.08710
775.35418,0.08537
773.42544,0.08379
771.49669,0.08246
769.56795,0.08087
767.63921,0.07866
765.71047,0.07636
763.78173,0.07453
761.85299,0.07301
759.92424,0.07134
757.99550,0.06951
756.06676,0.06768
754.13802,0.06585
752.20928,0.06417
750.28054,0.06266
748.35179,0.06116
746.42305,0.06004
744.49431,0.06020
742.56557,0.06273
740.63683,0.06902
738.70809,0.08042
736.77934,0.09722
734.85060,0.11814
732.92186,0.14146
730.99312,0.16612
729.06438,0.19134
727.13563,0.21563
725.20689,0.23589
723.27815,0.24792
721.34941,0.24984
719.42067,0.24405
717.49193,0.23465
715.56318,0.22484
713.63444,0.21612
711.70570,0.20844
709.77696,0.20150
707.84822,0.19549
705.91948,0.19027
703.99073,0.18562
702.06199,0.18130
700.13325,0.17681
698.20451,0.17212
696.27577,0.16757
694.34703,0.16330
692.41828,0.15955
690.48954,0.15640
688.56080,0.15361
686.63206,0.15142
684.70332,0.15032
682.77457,0.14992
680.84583,0.14921
678.91709,0.14828
676.98835,0.14775
675.05961,0.14733
673.13087,0.14655
671.20212,0.14571
669.27338,0.14495
667.34464,0.14410
665.41590,0.14374
663.48716,0.14366
661.55842,0.14332
659.62967,0.14272
657.70093,0.14207
655.77219,0.14103
653.84345,0.13928
651.91471,0.13753
649.98597,0.13610
648.05722,0.13466
646.12848,0.13382
644.19974,0.13374
642.27100,0.13366
640.34226,0.13345
638.41351,0.13325
636.48477,0.13288
634.55603,0.13295
632.62729,0.13417
630.69855,0.13566
628.76981,0.13602
626.84106,0.13513
624.91232,0.13347
622.98358,0.13123
621.05484,0.12955
619.12610,0.13074
617.19736,0.13531
615.26861,0.13940
613.33987,0.13825
611.41113,0.13326
609.48239,0.12918
607.55365,0.12837
605.62491,0.13153
603.69616,0.13501
601.76742,0.13426
599.83868,0.13166
