12493.60475,0.15472
12489.74751,0.15468
12485.89027,0.15517
12482.03303,0.15605
12478.17579,0.15668
12474.31855,0.15667
12470.46130,0.15655
12466.60406,0.15701
12462.74682,0.15764
12458.88958,0.15775
12455.03234,0.15787
12451.17510,0.15758
12447.31786,0.15530
12443.46062,0.15311
12439.60337,0.15401
12435.74613,0.15533
12431.88889,0.15521
12428.03165,0.15581
12424.17441,0.15580
12420.31717,0.15381
12416.45993,0.15346
12412.60268,0.15592
12408.74544,0.15853
12404.88820,0.15989
12401.03096,0.15794
12397.17372,0.15273
12393.31648,0.15089
12389.45924,0.15506
12385.60199,0.15865
12381.74475,0.15774
12377.88751,0.15537
12374.03027,0.15452
12370.17303,0.15368
12366.31579,0.15001
12362.45855,0.14576
12358.60131,0.14576
12354.74406,0.15046
12350.88682,0.15546
12347.02958,0.15629
12343.17234,0.15443
12339.31510,0.15444
12335.45786,0.15603
12331.60062,0.15636
12327.74337,0.15632
12323.88613,0.15751
12320.02889,0.15815
12316.17165,0.15787
12312.31441,0.15947
12308.45717,0.16365
12304.59993,0.16619
12300.74268,0.16334
12296.88544,0.15828
12293.02820,0.15621
12289.17096,0.15735
12285.31372,0.15841
12281.45648,0.15775
12277.59924,0.15661
12273.74200,0.15618
12269.88475,0.15651
12266.02751,0.15678
12262.17027,0.15720
12258.31303,0.15860
12254.45579,0.15852
12250.59855,0.15558
12246.74131,0.15328
12242.88406,0.15373
12239.02682,0.15521
12235.16958,0.15552
12231.31234,0.15482
12227.45510,0.15548
12223.59786,0.15706
12219.74062,0.15642
12215.88338,0.15404
12212.02613,0.15379
12208.16889,0.15584
12204.31165,0.15556
12200.45441,0.15259
12196.59717,0.15136
12192.73993,0.15191
12188.88269,0.15207
12185.02544,0.15261
12181.16820,0.15363
12177.31096,0.15439
12173.45372,0.15626
12169.59648,0.15872
12165.73924,0.15824
12161.88200,0.15467
12158.02475,0.15154
12154.16751,0.15078
12150.31027,0.15178
12146.45303,0.15290
12142.59579,0.15264
12138.73855,0.15103
12134.88131,0.14992
12131.02407,0.15007
12127.16682,0.15046
12123.30958,0.15017
12119.45234,0.14853
12115.59510,0.14652
12111.73786,0.14647
12107.88062,0.14759
12104.02338,0.14743
12100.16613,0.14706
12096.30889,0.14746
12092.45165,0.14806
12088.59441,0.15012
12084.73717,0.15243
12080.87993,0.15209
12077.02269,0.15058
12073.16544,0.15024
12069.30820,0.15064
12065.45096,0.15067
12061.59372,0.15023
12057.73648,0.15060
12053.87924,0.15271
12050.02200,0.15504
12046.16476,0.15534
12042.30751,0.15358
12038.45027,0.15094
12034.59303,0.14836
12030.73579,0.14749
12026.87855,0.14871
12023.02131,0.14987
12019.16407,0.15049
12015.30682,0.15138
12011.44958,0.15194
12007.59234,0.15300
12003.73510,0.15497
11999.87786,0.15629
11996.02062,0.15705
11992.16338,0.15689
11988.30614,0.15455
11984.44889,0.15213
11980.59165,0.15198
11976.73441,0.15247
11972.87717,0.15290
11969.01993,0.15471
11965.16269,0.15598
11961.30545,0.15493
11957.44820,0.15441
11953.59096,0.15587
11949.73372,0.15738
11945.87648,0.15799
11942.01924,0.15801
11938.16200,0.15732
11934.30476,0.15652
11930.44751,0.15677
11926.59027,0.15773
11922.73303,0.15824
11918.87579,0.15837
11915.01855,0.15885
11911.16131,0.15959
11907.30407,0.15984
11903.44683,0.15896
11899.58958,0.15739
11895.73234,0.15684
11891.87510,0.15816
11888.01786,0.15982
11884.16062,0.15986
11880.30338,0.15886
11876.44614,0.15806
11872.58889,0.15679
11868.73165,0.15571
11864.87441,0.15640
11861.01717,0.15786
11857.15993,0.15862
11853.30269,0.15865
11849.44545,0.15829
11845.58820,0.15809
11841.73096,0.15869
11837.87372,0.15959
11834.01648,0.15995
11830.15924,0.15994
11826.30200,0.15978
11822.44476,0.15953
11818.58752,0.15969
11814.73027,0.15988
11810.87303,0.15901
11807.01579,0.15775
11803.15855,0.15763
11799.30131,0.15841
11795.44407,0.15907
11791.58683,0.15975
11787.72958,0.16025
11783.87234,0.15951
11780.01510,0.15832
11776.15786,0.15797
11772.30062,0.15804
11768.44338,0.15856
11764.58614,0.15937
11760.72890,0.15963
11756.87165,0.15933
11753.01441,0.15894
11749.15717,0.15877
11745.29993,0.15785
11741.44269,0.15582
11737.58545,0.15525
11733.72821,0.15698
11729.87096,0.15827
11726.01372,0.15829
11722.15648,0.15794
11718.29924,0.15654
11714.44200,0.15512
11710.58476,0.15580
11706.72752,0.15700
11702.87027,0.15661
11699.01303,0.15587
11695.15579,0.15626
11691.29855,0.15724
11687.44131,0.15778
11683.58407,0.15746
11679.72683,0.15687
11675.86959,0.15704
11672.01234,0.15746
11668.15510,0.15709
11664.29786,0.15649
11660.44062,0.15691
11656.58338,0.15803
11652.72614,0.15860
11648.86890,0.15810
11645.01165,0.15685
11641.15441,0.15561
11637.29717,0.15489
11633.43993,0.15521
11629.58269,0.15714
11625.72545,0.15899
11621.86821,0.15812
11618.01096,0.15583
11614.15372,0.15496
11610.29648,0.15498
11606.43924,0.15464
11602.58200,0.15392
11598.72476,0.15268
11594.86752,0.15175
11591.01028,0.15205
11587.15303,0.15333
11583.29579,0.15501
11579.43855,0.15632
11575.58131,0.15603
11571.72407,0.15402
11567.86683,0.15240
11564.00959,0.15279
11560.15234,0.15450
11556.29510,0.15608
11552.43786,0.15721
11548.58062,0.15788
11544.72338,0.15717
11540.86614,0.15621
11537.00890,0.15664
11533.15166,0.15685
11529.29441,0.15622
11525.43717,0.15590
11521.57993,0.15501
11517.72269,0.15347
11513.86545,0.15325
11510.00821,0.15459
11506.15097,0.15598
11502.29372,0.15621
11498.43648,0.15577
11494.57924,0.15647
11490.72200,0.15739
11486.86476,0.15612
11483.00752,0.15446
11479.15028,0.15562
11475.29303,0.15817
11471.43579,0.15819
11467.57855,0.15532
11463.72131,0.15389
11459.86407,0.15587
11456.00683,0.15747
11452.14959,0.15642
11448.29235,0.15469
11444.43510,0.15316
11440.57786,0.15181
11436.72062,0.15223
11432.86338,0.15430
11429.00614,0.15493
11425.14890,0.15399
11421.29166,0.15445
11417.43441,0.15566
11413.57717,0.15579
11409.71993,0.15658
11405.86269,0.15843
11402.00545,0.15922
11398.14821,0.15838
11394.29097,0.15700
11390.43372,0.15673
11386.57648,0.15748
11382.71924,0.15625
11378.86200,0.15272
11375.00476,0.15119
11371.14752,0.15236
11367.29028,0.15235
11363.43304,0.15124
11359.57579,0.15193
11355.71855,0.15367
11351.86131,0.15450
11348.00407,0.15449
11344.14683,0.15430
11340.28959,0.15405
11336.43235,0.15369
11332.57510,0.15332
11328.71786,0.15290
11324.86062,0.15231
11321.00338,0.15160
11317.14614,0.15151
11313.28890,0.15245
11309.43166,0.15360
11305.57442,0.15490
11301.71717,0.15591
11297.85993,0.15540
11294.00269,0.15449
11290.14545,0.15435
11286.28821,0.15355
11282.43097,0.15154
11278.57373,0.14954
11274.71648,0.14826
11270.85924,0.14810
11267.00200,0.14915
11263.14476,0.15070
11259.28752,0.15263
11255.43028,0.15445
11251.57304,0.15518
11247.71579,0.15599
11243.85855,0.15789
11240.00131,0.15916
11236.14407,0.15860
11232.28683,0.15723
11228.42959,0.15600
11224.57235,0.15468
11220.71511,0.15266
11216.85786,0.15030
11213.00062,0.14897
11209.14338,0.14900
11205.28614,0.14908
11201.42890,0.14834
11197.57166,0.14766
11193.71442,0.14763
11189.85717,0.14783
11185.99993,0.14879
11182.14269,0.15080
11178.28545,0.15225
11174.42821,0.15193
11170.57097,0.15055
11166.71373,0.14980
11162.85648,0.15009
11158.99924,0.14988
11155.14200,0.14884
11151.28476,0.14842
11147.42752,0.14866
11143.57028,0.14884
11139.71304,0.14954
11135.85580,0.15100
11131.99855,0.15242
11128.14131,0.15275
11124.28407,0.15148
11120.42683,0.15042
11116.56959,0.15122
11112.71235,0.15199
11108.85511,0.15165
11104.99786,0.15178
11101.14062,0.15210
11097.28338,0.15161
11093.42614,0.15125
11089.56890,0.15162
11085.71166,0.15173
11081.85442,0.15120
11077.99718,0.15093
11074.13993,0.15160
11070.28269,0.15273
11066.42545,0.15360
11062.56821,0.15386
11058.71097,0.15355
11054.85373,0.15314
11050.99649,0.15307
11047.13924,0.15338
11043.28200,0.15353
11039.42476,0.15308
11035.56752,0.15266
11031.71028,0.15259
11027.85304,0.15269
11023.99580,0.15326
11020.13855,0.15361
11016.28131,0.15322
11012.42407,0.15324
11008.56683,0.15351
11004.70959,0.15270
11000.85235,0.15163
10996.99511,0.15162
10993.13787,0.15227
10989.28062,0.15272
10985.42338,0.15251
10981.56614,0.15181
10977.70890,0.15122
10973.85166,0.15109
10969.99442,0.15122
10966.13718,0.15117
10962.27993,0.15095
10958.42269,0.15064
10954.56545,0.14999
10950.70821,0.14941
10946.85097,0.14971
10942.99373,0.15039
10939.13649,0.15043
10935.27924,0.15006
10931.42200,0.14986
10927.56476,0.14968
10923.70752,0.14977
10919.85028,0.15041
10915.99304,0.15066
10912.13580,0.15008
10908.27856,0.14925
10904.42131,0.14821
10900.56407,0.14705
10896.70683,0.14666
10892.84959,0.14774
10888.99235,0.14945
10885.13511,0.15025
10881.27787,0.14984
10877.42062,0.14916
10873.56338,0.14879
10869.70614,0.14821
10865.84890,0.14732
10861.99166,0.14687
10858.13442,0.14703
10854.27718,0.14772
10850.41993,0.14842
10846.56269,0.14809
10842.70545,0.14691
10838.84821,0.14608
10834.99097,0.14615
10831.13373,0.14681
10827.27649,0.14734
10823.41925,0.14729
10819.56200,0.14729
10815.70476,0.14778
10811.84752,0.14813
10807.99028,0.14803
10804.13304,0.14772
10800.27580,0.14721
10796.41856,0.14640
10792.56131,0.14582
10788.70407,0.14624
10784.84683,0.14717
10780.98959,0.14732
10777.13235,0.14663
10773.27511,0.14610
10769.41787,0.14609
10765.56063,0.14627
10761.70338,0.14660
10757.84614,0.14726
10753.98890,0.14809
10750.13166,0.14863
10746.27442,0.14862
10742.41718,0.14813
10738.55994,0.14731
10734.70269,0.14657
10730.84545,0.14626
10726.98821,0.14590
10723.13097,0.14570
10719.27373,0.14658
10715.41649,0.14784
10711.55925,0.14823
10707.70200,0.14801
10703.84476,0.14768
10699.98752,0.14743
10696.13028,0.14758
10692.27304,0.14803
10688.41580,0.14828
10684.55856,0.14833
10680.70132,0.14841
10676.84407,0.14821
10672.98683,0.14743
10669.12959,0.14669
10665.27235,0.14659
10661.41511,0.14697
10657.55787,0.14756
10653.70063,0.14789
10649.84338,0.14754
10645.98614,0.14707
10642.12890,0.14710
10638.27166,0.14766
10634.41442,0.14831
10630.55718,0.14832
10626.69994,0.14797
10622.84269,0.14755
10618.98545,0.14681
10615.12821,0.14652
10611.27097,0.14690
10607.41373,0.14704
10603.55649,0.14703
10599.69925,0.14729
10595.84201,0.14763
10591.98476,0.14802
10588.12752,0.14822
10584.27028,0.14805
10580.41304,0.14788
10576.55580,0.14757
10572.69856,0.14681
10568.84132,0.14620
10564.98407,0.14591
10561.12683,0.14538
10557.26959,0.14451
10553.41235,0.14412
10549.55511,0.14454
10545.69787,0.14490
10541.84063,0.14458
10537.98339,0.14373
10534.12614,0.14301
10530.26890,0.14275
10526.41166,0.14271
10522.55442,0.14305
10518.69718,0.14373
10514.83994,0.14387
10510.98270,0.14335
10507.12545,0.14319
10503.26821,0.14367
10499.41097,0.14414
10495.55373,0.14413
10491.69649,0.14367
10487.83925,0.14340
10483.98201,0.14373
10480.12476,0.14392
10476.26752,0.14367
10472.41028,0.14359
10468.55304,0.14386
10464.69580,0.14415
10460.83856,0.14411
10456.98132,0.14393
10453.12408,0.14370
10449.26683,0.14315
10445.40959,0.14266
10441.55235,0.14278
10437.69511,0.14323
10433.83787,0.14321
10429.98063,0.14263
10426.12339,0.14220
10422.26614,0.14215
10418.40890,0.14240
10414.55166,0.14293
10410.69442,0.14324
10406.83718,0.14293
10402.97994,0.14247
10399.12270,0.14237
10395.26545,0.14240
10391.40821,0.14218
10387.55097,0.14201
10383.69373,0.14215
10379.83649,0.14236
10375.97925,0.14262
10372.12201,0.14297
10368.26477,0.14307
10364.40752,0.14288
10360.55028,0.14281
10356.69304,0.14305
10352.83580,0.14346
10348.97856,0.14374
10345.12132,0.14366
10341.26408,0.14339
10337.40683,0.14341
10333.54959,0.14380
10329.69235,0.14410
10325.83511,0.14389
10321.97787,0.14338
10318.12063,0.14312
10314.26339,0.14323
10310.40615,0.14333
10306.54890,0.14343
10302.69166,0.14369
10298.83442,0.14363
10294.97718,0.14295
10291.11994,0.14249
10287.26270,0.14266
10283.40546,0.14297
10279.54821,0.14324
10275.69097,0.14362
10271.83373,0.14396
10267.97649,0.14415
10264.11925,0.14442
10260.26201,0.14467
10256.40477,0.14434
10252.54752,0.14361
10248.69028,0.14325
10244.83304,0.14339
10240.97580,0.14372
10237.11856,0.14423
10233.26132,0.14476
10229.40408,0.14480
10225.54684,0.14426
10221.68959,0.14352
10217.83235,0.14293
10213.97511,0.14289
10210.11787,0.14341
10206.26063,0.14388
10202.40339,0.14398
10198.54615,0.14395
10194.68890,0.14400
10190.83166,0.14410
10186.97442,0.14422
10183.11718,0.14420
10179.25994,0.14395
10175.40270,0.14359
10171.54546,0.14318
10167.68821,0.14288
10163.83097,0.14281
10159.97373,0.14303
10156.11649,0.14359
10152.25925,0.14423
10148.40201,0.14460
10144.54477,0.14483
10140.68753,0.14500
10136.83028,0.14517
10132.97304,0.14550
10129.11580,0.14571
10125.25856,0.14543
10121.40132,0.14511
10117.54408,0.14525
10113.68684,0.14553
10109.82959,0.14552
10105.97235,0.14511
10102.11511,0.14456
10098.25787,0.14397
10094.40063,0.14323
10090.54339,0.14255
10086.68615,0.14221
10082.82891,0.14213
10078.97166,0.14228
10075.11442,0.14264
10071.25718,0.14297
10067.39994,0.14324
10063.54270,0.14352
10059.68546,0.14380
10055.82822,0.14400
10051.97097,0.14429
10048.11373,0.14491
10044.25649,0.14542
10040.39925,0.14547
10036.54201,0.14555
10032.68477,0.14591
10028.82753,0.14622
10024.97028,0.14608
10021.11304,0.14545
10017.25580,0.14472
10013.39856,0.14410
10009.54132,0.14363
10005.68408,0.14346
10001.82684,0.14346
9997.96960,0.14324
9994.11235,0.14308
9990.25511,0.14357
9986.39787,0.14461
9982.54063,0.14528
9978.68339,0.14502
9974.82615,0.14447
9970.96891,0.14444
9967.11166,0.14491
9963.25442,0.14526
9959.39718,0.14514
9955.53994,0.14496
9951.68270,0.14501
9947.82546,0.14502
9943.96822,0.14486
9940.11097,0.14485
9936.25373,0.14497
9932.39649,0.14478
9928.53925,0.14442
9924.68201,0.14420
9920.82477,0.14400
9916.96753,0.14381
9913.11029,0.14373
9909.25304,0.14371
9905.39580,0.14363
9901.53856,0.14365
9897.68132,0.14390
9893.82408,0.14417
9889.96684,0.14433
9886.10960,0.14430
9882.25235,0.14405
9878.39511,0.14363
9874.53787,0.14315
9870.68063,0.14288
9866.82339,0.14286
9862.96615,0.14285
9859.10891,0.14282
9855.25167,0.14285
9851.39442,0.14277
9847.53718,0.14287
9843.67994,0.14350
9839.82270,0.14430
9835.96546,0.14471
9832.10822,0.14462
9828.25098,0.14424
9824.39373,0.14382
9820.53649,0.14338
9816.67925,0.14299
9812.82201,0.14277
9808.96477,0.14266
9805.10753,0.14282
9801.25029,0.14337
9797.39304,0.14391
9793.53580,0.14409
9789.67856,0.14393
9785.82132,0.14361
9781.96408,0.14338
9778.10684,0.14352
9774.24960,0.14377
9770.39236,0.14372
9766.53511,0.14334
9762.67787,0.14289
9758.82063,0.14273
9754.96339,0.14279
9751.10615,0.14279
9747.24891,0.14271
9743.39167,0.14258
9739.53442,0.14255
9735.67718,0.14256
9731.81994,0.14233
9727.96270,0.14191
9724.10546,0.14170
9720.24822,0.14197
9716.39098,0.14233
9712.53373,0.14240
9708.67649,0.14256
9704.81925,0.14280
9700.96201,0.14267
9697.10477,0.14232
9693.24753,0.14210
9689.39029,0.14195
9685.53305,0.14177
9681.67580,0.14167
9677.81856,0.14171
9673.96132,0.14170
9670.10408,0.14154
9666.24684,0.14135
9662.38960,0.14125
9658.53236,0.14114
9654.67511,0.14099
9650.81787,0.14105
9646.96063,0.14130
9643.10339,0.14142
9639.24615,0.14136
9635.38891,0.14125
9631.53167,0.14110
9627.67443,0.14101
9623.81718,0.14117
9619.95994,0.14139
9616.10270,0.14132
9612.24546,0.14104
9608.38822,0.14097
9604.53098,0.14120
9600.67374,0.14125
9596.81649,0.14066
9592.95925,0.13995
9589.10201,0.13998
9585.24477,0.14047
9581.38753,0.14062
9577.53029,0.14054
9573.67305,0.14068
9569.81580,0.14094
9565.95856,0.14101
9562.10132,0.14088
9558.24408,0.14078
9554.38684,0.14063
9550.52960,0.14038
9546.67236,0.14028
9542.81512,0.14027
9538.95787,0.14017
9535.10063,0.14011
9531.24339,0.14034
9527.38615,0.14062
9523.52891,0.14054
9519.67167,0.14023
9515.81443,0.14010
9511.95718,0.14024
9508.09994,0.14025
9504.24270,0.13987
9500.38546,0.13949
9496.52822,0.13952
9492.67098,0.13978
9488.81374,0.13983
9484.95649,0.13970
9481.09925,0.13970
9477.24201,0.13972
9473.38477,0.13959
9469.52753,0.13952
9465.67029,0.13967
9461.81305,0.13984
9457.95581,0.13987
9454.09856,0.13971
9450.24132,0.13949
9446.38408,0.13961
9442.52684,0.14005
9438.66960,0.14030
9434.81236,0.14022
9430.95512,0.13991
9427.09787,0.13948
9423.24063,0.13914
9419.38339,0.13912
9415.52615,0.13939
9411.66891,0.13962
9407.81167,0.13962
9403.95443,0.13943
9400.09719,0.13921
9396.23994,0.13917
9392.38270,0.13929
9388.52546,0.13938
9384.66822,0.13939
9380.81098,0.13923
9376.95374,0.13892
9373.09650,0.13865
9369.23925,0.13855
9365.38201,0.13866
9361.52477,0.13884
9357.66753,0.13892
9353.81029,0.13906
9349.95305,0.13932
9346.09581,0.13938
9342.23856,0.13920
9338.38132,0.13907
9334.52408,0.13896
9330.66684,0.13884
9326.80960,0.13905
9322.95236,0.13945
9319.09512,0.13949
9315.23788,0.13934
9311.38063,0.13933
9307.52339,0.13938
9303.66615,0.13924
9299.80891,0.13876
9295.95167,0.13824
9292.09443,0.13815
9288.23719,0.13847
9284.37994,0.13885
9280.52270,0.13901
9276.66546,0.13890
9272.80822,0.13875
9268.95098,0.13865
9265.09374,0.13852
9261.23650,0.13845
9257.37925,0.13863
9253.52201,0.13898
9249.66477,0.13912
9245.80753,0.13877
9241.95029,0.13845
9238.09305,0.13851
9234.23581,0.13863
9230.37857,0.13874
9226.52132,0.13888
9222.66408,0.13894
9218.80684,0.13898
9214.94960,0.13895
9211.09236,0.13875
9207.23512,0.13850
9203.37788,0.13828
9199.52063,0.13815
9195.66339,0.13827
9191.80615,0.13861
9187.94891,0.13883
9184.09167,0.13882
9180.23443,0.13879
9176.37719,0.13880
9172.51995,0.13874
9168.66270,0.13863
9164.80546,0.13858
9160.94822,0.13854
9157.09098,0.13863
9153.23374,0.13894
9149.37650,0.13911
9145.51926,0.13896
9141.66201,0.13871
9137.80477,0.13866
9133.94753,0.13896
9130.09029,0.13935
9126.23305,0.13954
9122.37581,0.13942
9118.51857,0.13906
9114.66132,0.13874
9110.80408,0.13866
9106.94684,0.13874
9103.08960,0.13886
9099.23236,0.13890
9095.37512,0.13881
9091.51788,0.13868
9087.66064,0.13866
9083.80339,0.13880
9079.94615,0.13898
9076.08891,0.13913
9072.23167,0.13935
9068.37443,0.13946
9064.51719,0.13943
9060.65995,0.13956
9056.80270,0.13985
9052.94546,0.13991
9049.08822,0.13968
9045.23098,0.13942
9041.37374,0.13928
9037.51650,0.13933
9033.65926,0.13953
9029.80201,0.13981
9025.94477,0.14008
9022.08753,0.14013
9018.23029,0.14004
9014.37305,0.14002
9010.51581,0.14010
9006.65857,0.14013
9002.80133,0.14001
8998.94408,0.13999
8995.08684,0.14031
8991.22960,0.14078
8987.37236,0.14115
8983.51512,0.14136
8979.65788,0.14150
8975.80064,0.14166
8971.94339,0.14187
8968.08615,0.14213
8964.22891,0.14242
8960.37167,0.14276
8956.51443,0.14312
8952.65719,0.14346
8948.79995,0.14379
8944.94271,0.14417
8941.08546,0.14459
8937.22822,0.14500
8933.37098,0.14545
8929.51374,0.14604
8925.65650,0.14665
8921.79926,0.14702
8917.94202,0.14730
8914.08477,0.14785
8910.22753,0.14857
8906.37029,0.14922
8902.51305,0.14987
8898.65581,0.15068
8894.79857,0.15164
8890.94133,0.15255
8887.08408,0.15325
8883.22684,0.15388
8879.36960,0.15455
8875.51236,0.15519
8871.65512,0.15571
8867.79788,0.15615
8863.94064,0.15651
8860.08340,0.15668
8856.22615,0.15663
8852.36891,0.15650
8848.51167,0.15645
8844.65443,0.15638
8840.79719,0.15611
8836.93995,0.15553
8833.08271,0.15486
8829.22546,0.15446
8825.36822,0.15406
8821.51098,0.15335
8817.65374,0.15255
8813.79650,0.15190
8809.93926,0.15127
8806.08202,0.15052
8802.22477,0.14971
8798.36753,0.14890
8794.51029,0.14819
8790.65305,0.14770
8786.79581,0.14738
8782.93857,0.14696
8779.08133,0.14633
8775.22409,0.14565
8771.36684,0.14515
8767.50960,0.14503
8763.65236,0.14512
8759.79512,0.14501
8755.93788,0.14469
8752.08064,0.14448
8748.22340,0.14446
8744.36615,0.14433
8740.50891,0.14403
8736.65167,0.14376
8732.79443,0.14361
8728.93719,0.14352
8725.07995,0.14348
8721.22271,0.14350
8717.36547,0.14354
8713.50822,0.14360
8709.65098,0.14375
8705.79374,0.14389
8701.93650,0.14402
8698.07926,0.14411
8694.22202,0.14409
8690.36478,0.14416
8686.50753,0.14432
8682.65029,0.14429
8678.79305,0.14416
8674.93581,0.14410
8671.07857,0.14410
8667.22133,0.14423
8663.36409,0.14447
8659.50684,0.14464
8655.64960,0.14482
8651.79236,0.14507
8647.93512,0.14522
8644.07788,0.14530
8640.22064,0.14550
8636.36340,0.14592
8632.50616,0.14637
8628.64891,0.14652
8624.79167,0.14645
8620.93443,0.14657
8617.07719,0.14687
8613.21995,0.14706
8609.36271,0.14721
8605.50547,0.14747
8601.64822,0.14774
8597.79098,0.14790
8593.93374,0.14793
8590.07650,0.14788
8586.21926,0.14797
8582.36202,0.14824
8578.50478,0.14853
8574.64753,0.14875
8570.79029,0.14884
8566.93305,0.14888
8563.07581,0.14897
8559.21857,0.14913
8555.36133,0.14932
8551.50409,0.14944
8547.64685,0.14937
8543.78960,0.14924
8539.93236,0.14933
8536.07512,0.14967
8532.21788,0.15001
8528.36064,0.15023
8524.50340,0.15041
8520.64616,0.15063
8516.78891,0.15086
8512.93167,0.15098
8509.07443,0.15106
8505.21719,0.15127
8501.35995,0.15155
8497.50271,0.15160
8493.64547,0.15142
8489.78822,0.15126
8485.93098,0.15118
8482.07374,0.15116
8478.21650,0.15120
8474.35926,0.15124
8470.50202,0.15127
8466.64478,0.15126
8462.78754,0.15108
8458.93029,0.15082
8455.07305,0.15064
8451.21581,0.15049
8447.35857,0.15031
8443.50133,0.15010
8439.64409,0.14988
8435.78685,0.14977
8431.92960,0.14984
8428.07236,0.14994
8424.21512,0.14999
8420.35788,0.15009
8416.50064,0.15021
8412.64340,0.15014
8408.78616,0.14985
8404.92892,0.14948
8401.07167,0.14918
8397.21443,0.14899
8393.35719,0.14881
8389.49995,0.14857
8385.64271,0.14829
8381.78547,0.14808
8377.92823,0.14804
8374.07098,0.14809
8370.21374,0.14811
8366.35650,0.14813
8362.49926,0.14821
8358.64202,0.14828
8354.78478,0.14826
8350.92754,0.14822
8347.07029,0.14816
8343.21305,0.14809
8339.35581,0.14801
8335.49857,0.14783
8331.64133,0.14756
8327.78409,0.14736
8323.92685,0.14732
8320.06961,0.14738
8316.21236,0.14740
8312.35512,0.14735
8308.49788,0.14729
8304.64064,0.14730
8300.78340,0.14739
8296.92616,0.14748
8293.06892,0.14757
8289.21167,0.14755
8285.35443,0.14741
8281.49719,0.14724
8277.63995,0.14711
8273.78271,0.14696
8269.92547,0.14685
8266.06823,0.14682
8262.21098,0.14681
8258.35374,0.14681
8254.49650,0.14688
8250.63926,0.14698
8246.78202,0.14705
8242.92478,0.14710
8239.06754,0.14718
8235.21030,0.14720
8231.35305,0.14712
8227.49581,0.14707
8223.63857,0.14719
8219.78133,0.14732
8215.92409,0.14727
8212.06685,0.14707
8208.20961,0.14679
8204.35236,0.14669
8200.49512,0.14688
8196.63788,0.14699
8192.78064,0.14683
8188.92340,0.14667
8185.06616,0.14659
8181.20892,0.14647
8177.35168,0.14638
8173.49443,0.14641
8169.63719,0.14641
8165.77995,0.14634
8161.92271,0.14614
8158.06547,0.14585
8154.20823,0.14567
8150.35099,0.14565
8146.49374,0.14564
8142.63650,0.14556
8138.77926,0.14544
8134.92202,0.14533
8131.06478,0.14521
8127.20754,0.14511
8123.35030,0.14508
8119.49305,0.14503
8115.63581,0.14488
8111.77857,0.14469
8107.92133,0.14452
8104.06409,0.14437
8100.20685,0.14421
8096.34961,0.14405
8092.49237,0.14390
8088.63512,0.14377
8084.77788,0.14366
8080.92064,0.14355
8077.06340,0.14349
8073.20616,0.14351
8069.34892,0.14349
8065.49168,0.14340
8061.63443,0.14329
8057.77719,0.14316
8053.91995,0.14300
8050.06271,0.14292
8046.20547,0.14294
8042.34823,0.14296
8038.49099,0.14292
8034.63374,0.14283
8030.77650,0.14267
8026.91926,0.14254
8023.06202,0.14261
8019.20478,0.14277
8015.34754,0.14285
8011.49030,0.14282
8007.63306,0.14272
8003.77581,0.14255
7999.91857,0.14231
7996.06133,0.14212
7992.20409,0.14205
7988.34685,0.14205
7984.48961,0.14205
7980.63237,0.14208
7976.77512,0.14207
7972.91788,0.14199
7969.06064,0.14190
7965.20340,0.14185
7961.34616,0.14178
7957.48892,0.14170
7953.63168,0.14163
7949.77444,0.14155
7945.91719,0.14154
7942.05995,0.14162
7938.20271,0.14162
7934.34547,0.14152
7930.48823,0.14150
7926.63099,0.14147
7922.77375,0.14137
7918.91650,0.14137
7915.05926,0.14146
7911.20202,0.14147
7907.34478,0.14146
7903.48754,0.14146
7899.63030,0.14146
7895.77306,0.14145
7891.91581,0.14146
7888.05857,0.14144
7884.20133,0.14140
7880.34409,0.14140
7876.48685,0.14143
7872.62961,0.14141
7868.77237,0.14136
7864.91513,0.14134
7861.05788,0.14131
7857.20064,0.14127
7853.34340,0.14123
7849.48616,0.14112
7845.62892,0.14094
7841.77168,0.14080
7837.91444,0.14083
7834.05719,0.14097
7830.19995,0.14101
7826.34271,0.14089
7822.48547,0.14078
7818.62823,0.14075
7814.77099,0.14076
7810.91375,0.14079
7807.05650,0.14084
7803.19926,0.14087
7799.34202,0.14078
7795.48478,0.14047
7791.62754,0.14024
7787.77030,0.14032
7783.91306,0.14036
7780.05582,0.14012
7776.19857,0.13990
7772.34133,0.13994
7768.48409,0.13997
7764.62685,0.13987
7760.76961,0.13986
7756.91237,0.13996
7753.05513,0.13990
7749.19788,0.13969
7745.34064,0.13956
7741.48340,0.13950
7737.62616,0.13933
7733.76892,0.13912
7729.91168,0.13904
7726.05444,0.13914
7722.19720,0.13915
7718.33995,0.13890
7714.48271,0.13873
7710.62547,0.13893
7706.76823,0.13916
7702.91099,0.13905
7699.05375,0.13883
7695.19651,0.13876
7691.33926,0.13870
7687.48202,0.13856
7683.62478,0.13846
7679.76754,0.13852
7675.91030,0.13866
7672.05306,0.13874
7668.19582,0.13870
7664.33857,0.13864
7660.48133,0.13867
7656.62409,0.13875
7652.76685,0.13876
7648.90961,0.13870
7645.05237,0.13873
7641.19513,0.13889
7637.33789,0.13901
7633.48064,0.13895
7629.62340,0.13880
7625.76616,0.13871
7621.90892,0.13874
7618.05168,0.13884
7614.19444,0.13894
7610.33720,0.13903
7606.47995,0.13918
7602.62271,0.13926
7598.76547,0.13917
7594.90823,0.13906
7591.05099,0.13910
7587.19375,0.13913
7583.33651,0.13904
7579.47926,0.13900
7575.62202,0.13914
7571.76478,0.13935
7567.90754,0.13952
7564.05030,0.13962
7560.19306,0.13967
7556.33582,0.13977
7552.47858,0.13998
7548.62133,0.14023
7544.76409,0.14048
7540.90685,0.14066
7537.04961,0.14078
7533.19237,0.14096
7529.33513,0.14108
7525.47789,0.14094
7521.62064,0.14071
7517.76340,0.14068
7513.90616,0.14088
7510.04892,0.14108
7506.19168,0.14118
7502.33444,0.14130
7498.47720,0.14149
7494.61996,0.14162
7490.76271,0.14167
7486.90547,0.14170
7483.04823,0.14180
7479.19099,0.14201
7475.33375,0.14233
7471.47651,0.14269
7467.61927,0.14291
7463.76202,0.14307
7459.90478,0.14340
7456.04754,0.14394
7452.19030,0.14448
7448.33306,0.14491
7444.47582,0.14529
7440.61858,0.14573
7436.76133,0.14623
7432.90409,0.14676
7429.04685,0.14737
7425.18961,0.14805
7421.33237,0.14870
7417.47513,0.14927
7413.61789,0.14973
7409.76065,0.15010
7405.90340,0.15055
7402.04616,0.15119
7398.18892,0.15187
7394.33168,0.15251
7390.47444,0.15317
7386.61720,0.15385
7382.75996,0.15453
7378.90271,0.15521
7375.04547,0.15585
7371.18823,0.15651
7367.33099,0.15725
7363.47375,0.15799
7359.61651,0.15867
7355.75927,0.15928
7351.90202,0.15978
7348.04478,0.16024
7344.18754,0.16081
7340.33030,0.16139
7336.47306,0.16185
7332.61582,0.16226
7328.75858,0.16262
7324.90134,0.16286
7321.04409,0.16298
7317.18685,0.16308
7313.32961,0.16317
7309.47237,0.16323
7305.61513,0.16328
7301.75789,0.16339
7297.90065,0.16356
7294.04340,0.16372
7290.18616,0.16383
7286.32892,0.16395
7282.47168,0.16417
7278.61444,0.16444
7274.75720,0.16465
7270.89996,0.16479
7267.04272,0.16500
7263.18547,0.16532
7259.32823,0.16562
7255.47099,0.16579
7251.61375,0.16590
7247.75651,0.16607
7243.89927,0.16620
7240.04203,0.16621
7236.18478,0.16623
7232.32754,0.16637
7228.47030,0.16654
7224.61306,0.16668
7220.75582,0.16681
7216.89858,0.16694
7213.04134,0.16702
7209.18409,0.16704
7205.32685,0.16711
7201.46961,0.16725
7197.61237,0.16738
7193.75513,0.16751
7189.89789,0.16765
7186.04065,0.16781
7182.18341,0.16798
7178.32616,0.16816
7174.46892,0.16838
7170.61168,0.16871
7166.75444,0.16915
7162.89720,0.16957
7159.03996,0.16994
7155.18272,0.17036
7151.32547,0.17087
7147.46823,0.17148
7143.61099,0.17223
7139.75375,0.17304
7135.89651,0.17380
7132.03927,0.17449
7128.18203,0.17516
7124.32478,0.17582
7120.46754,0.17649
7116.61030,0.17718
7112.75306,0.17791
7108.89582,0.17869
7105.03858,0.17951
7101.18134,0.18030
7097.32410,0.18112
7093.46685,0.18208
7089.60961,0.18318
7085.75237,0.18433
7081.89513,0.18550
7078.03789,0.18668
7074.18065,0.18788
7070.32341,0.18913
7066.46616,0.19036
7062.60892,0.19156
7058.75168,0.19275
7054.89444,0.19393
7051.03720,0.19515
7047.17996,0.19637
7043.32272,0.19755
7039.46548,0.19868
7035.60823,0.19982
7031.75099,0.20096
7027.89375,0.20200
7024.03651,0.20288
7020.17927,0.20374
7016.32203,0.20463
7012.46479,0.20545
7008.60754,0.20612
7004.75030,0.20674
7000.89306,0.20741
6997.03582,0.20820
6993.17858,0.20896
6989.32134,0.20957
6985.46410,0.21012
6981.60685,0.21076
6977.74961,0.21148
6973.89237,0.21210
6970.03513,0.21255
6966.17789,0.21294
6962.32065,0.21330
6958.46341,0.21365
6954.60617,0.21400
6950.74892,0.21439
6946.89168,0.21478
6943.03444,0.21512
6939.17720,0.21544
6935.31996,0.21573
6931.46272,0.21598
6927.60548,0.21627
6923.74823,0.21667
6919.89099,0.21706
6916.03375,0.21732
6912.17651,0.21755
6908.31927,0.21785
6904.46203,0.21819
6900.60479,0.21850
6896.74754,0.21876
6892.89030,0.21904
6889.03306,0.21935
6885.17582,0.21969
6881.31858,0.22007
6877.46134,0.22048
6873.60410,0.22097
6869.74686,0.22156
6865.88961,0.22214
6862.03237,0.22268
6858.17513,0.22325
6854.31789,0.22388
6850.46065,0.22449
6846.60341,0.22500
6842.74617,0.22544
6838.88892,0.22593
6835.03168,0.22654
6831.17444,0.22720
6827.31720,0.22785
6823.45996,0.22849
6819.60272,0.22916
6815.74548,0.22990
6811.88824,0.23064
6808.03099,0.23131
6804.17375,0.23197
6800.31651,0.23267
6796.45927,0.23338
6792.60203,0.23410
6788.74479,0.23488
6784.88755,0.23571
6781.03030,0.23656
6777.17306,0.23735
6773.31582,0.23805
6769.45858,0.23866
6765.60134,0.23920
6761.74410,0.23973
6757.88686,0.24022
6754.02961,0.24061
6750.17237,0.24089
6746.31513,0.24116
6742.45789,0.24146
6738.60065,0.24170
6734.74341,0.24187
6730.88617,0.24202
6727.02893,0.24216
6723.17168,0.24230
6719.31444,0.24242
6715.45720,0.24250
6711.59996,0.24249
6707.74272,0.24242
6703.88548,0.24242
6700.02824,0.24250
6696.17099,0.24251
6692.31375,0.24242
6688.45651,0.24227
6684.59927,0.24209
6680.74203,0.24191
6676.88479,0.24175
6673.02755,0.24155
6669.17030,0.24128
6665.31306,0.24097
6661.45582,0.24067
6657.59858,0.24042
6653.74134,0.24020
6649.88410,0.23996
6646.02686,0.23963
6642.16962,0.23925
6638.31237,0.23879
6634.45513,0.23829
6630.59789,0.23779
6626.74065,0.23730
6622.88341,0.23677
6619.02617,0.23626
6615.16893,0.23578
6611.31168,0.23526
6607.45444,0.23475
6603.59720,0.23433
6599.73996,0.23399
6595.88272,0.23372
6592.02548,0.23348
6588.16824,0.23324
6584.31100,0.23296
6580.45375,0.23262
6576.59651,0.23238
6572.73927,0.23236
6568.88203,0.23241
6565.02479,0.23242
6561.16755,0.23243
6557.31031,0.23239
6553.45306,0.23237
6549.59582,0.23248
6545.73858,0.23266
6541.88134,0.23280
6538.02410,0.23292
6534.16686,0.23303
6530.30962,0.23314
6526.45237,0.23327
6522.59513,0.23343
6518.73789,0.23365
6514.88065,0.23384
6511.02341,0.23394
6507.16617,0.23400
6503.30893,0.23407
6499.45169,0.23416
6495.59444,0.23425
6491.73720,0.23425
6487.87996,0.23415
6484.02272,0.23398
6480.16548,0.23382
6476.30824,0.23375
6472.45100,0.23375
6468.59375,0.23369
6464.73651,0.23357
6460.87927,0.23346
6457.02203,0.23332
6453.16479,0.23305
6449.30755,0.23273
6445.45031,0.23251
6441.59306,0.23238
6437.73582,0.23218
6433.87858,0.23187
6430.02134,0.23152
6426.16410,0.23117
6422.30686,0.23082
6418.44962,0.23046
6414.59238,0.23015
6410.73513,0.22988
6406.87789,0.22960
6403.02065,0.22931
6399.16341,0.22906
6395.30617,0.22886
6391.44893,0.22872
6387.59169,0.22865
6383.73444,0.22861
6379.87720,0.22852
6376.01996,0.22833
6372.16272,0.22810
6368.30548,0.22788
6364.44824,0.22770
6360.59100,0.22754
6356.73376,0.22737
6352.87651,0.22722
6349.01927,0.22710
6345.16203,0.22698
6341.30479,0.22693
6337.44755,0.22696
6333.59031,0.22703
6329.73307,0.22706
6325.87582,0.22703
6322.01858,0.22698
6318.16134,0.22695
6314.30410,0.22691
6310.44686,0.22685
6306.58962,0.22677
6302.73238,0.22665
6298.87513,0.22638
6295.01789,0.22603
6291.16065,0.22566
6287.30341,0.22530
6283.44617,0.22484
6279.58893,0.22425
6275.73169,0.22363
6271.87445,0.22304
6268.01720,0.22245
6264.15996,0.22182
6260.30272,0.22119
6256.44548,0.22053
6252.58824,0.21983
6248.73100,0.21911
6244.87376,0.21835
6241.01651,0.21756
6237.15927,0.21674
6233.30203,0.21591
6229.44479,0.21514
6225.58755,0.21446
6221.73031,0.21386
6217.87307,0.21342
6214.01582,0.21328
6210.15858,0.21350
6206.30134,0.21399
6202.44410,0.21460
6198.58686,0.21504
6194.72962,0.21497
6190.87238,0.21432
6187.01514,0.21325
6183.15789,0.21201
6179.30065,0.21082
6175.44341,0.20984
6171.58617,0.20919
6167.72893,0.20883
6163.87169,0.20870
6160.01445,0.20884
6156.15720,0.20931
6152.29996,0.21001
6148.44272,0.21070
6144.58548,0.21116
6140.72824,0.21131
6136.87100,0.21119
6133.01376,0.21093
6129.15652,0.21080
6125.29927,0.21110
6121.44203,0.21205
6117.58479,0.21375
6113.72755,0.21624
6109.87031,0.21946
6106.01307,0.22329
6102.15583,0.22769
6098.29858,0.23256
6094.44134,0.23767
6090.58410,0.24273
6086.72686,0.24754
6082.86962,0.25200
6079.01238,0.25630
6075.15514,0.26091
6071.29789,0.26643
6067.44065,0.27302
6063.58341,0.28022
6059.72617,0.28728
6055.86893,0.29367
6052.01169,0.29932
6048.15445,0.30446
6044.29721,0.30945
6040.43996,0.31477
6036.58272,0.32070
6032.72548,0.32703
6028.86824,0.33298
6025.01100,0.33757
6021.15376,0.34001
6017.29652,0.33969
6013.43927,0.33638
6009.58203,0.33047
6005.72479,0.32273
6001.86755,0.31413
5998.01031,0.30575
5994.15307,0.29848
5990.29583,0.29279
5986.43858,0.28881
5982.58134,0.28624
5978.72410,0.28418
5974.86686,0.28156
5971.00962,0.27791
5967.15238,0.27363
5963.29514,0.26959
5959.43790,0.26651
5955.58065,0.26464
5951.72341,0.26375
5947.86617,0.26334
5944.00893,0.26276
5940.15169,0.26134
5936.29445,0.25867
5932.43721,0.25484
5928.57996,0.25033
5924.72272,0.24574
5920.86548,0.24151
5917.00824,0.23777
5913.15100,0.23465
5909.29376,0.23239
5905.43652,0.23119
5901.57927,0.23110
5897.72203,0.23201
5893.86479,0.23378
5890.00755,0.23619
5886.15031,0.23887
5882.29307,0.24149
5878.43583,0.24392
5874.57859,0.24619
5870.72134,0.24821
5866.86410,0.24974
5863.00686,0.25051
5859.14962,0.25044
5855.29238,0.24971
5851.43514,0.24869
5847.57790,0.24766
5843.72065,0.24685
5839.86341,0.24633
5836.00617,0.24608
5832.14893,0.24601
5828.29169,0.24610
5824.43445,0.24634
5820.57721,0.24667
5816.71997,0.24704
5812.86272,0.24737
5809.00548,0.24750
5805.14824,0.24739
5801.29100,0.24709
5797.43376,0.24669
5793.57652,0.24625
5789.71928,0.24582
5785.86203,0.24544
5782.00479,0.24505
5778.14755,0.24456
5774.29031,0.24397
5770.43307,0.24326
5766.57583,0.24235
5762.71859,0.24117
5758.86134,0.23973
5755.00410,0.23805
5751.14686,0.23615
5747.28962,0.23414
5743.43238,0.23217
5739.57514,0.23027
5735.71790,0.22850
5731.86066,0.22700
5728.00341,0.22589
5724.14617,0.22520
5720.28893,0.22487
5716.43169,0.22486
5712.57445,0.22508
5708.71721,0.22527
5704.85997,0.22524
5701.00272,0.22501
5697.14548,0.22464
5693.28824,0.22421
5689.43100,0.22377
5685.57376,0.22334
5681.71652,0.22297
5677.85928,0.22275
5674.00203,0.22276
5670.14479,0.22298
5666.28755,0.22334
5662.43031,0.22376
5658.57307,0.22412
5654.71583,0.22428
5650.85859,0.22414
5647.00135,0.22366
5643.14410,0.22283
5639.28686,0.22172
5635.42962,0.22053
5631.57238,0.21947
5627.71514,0.21864
5623.85790,0.21796
5620.00066,0.21741
5616.14341,0.21706
5612.28617,0.21690
5608.42893,0.21689
5604.57169,0.21706
5600.71445,0.21737
5596.85721,0.21777
5592.99997,0.21824
5589.14273,0.21875
5585.28548,0.21933
5581.42824,0.22003
5577.57100,0.22075
5573.71376,0.22138
5569.85652,0.22186
5565.99928,0.22217
5562.14204,0.22230
5558.28479,0.22227
5554.42755,0.22215
5550.57031,0.22207
5546.71307,0.22205
5542.85583,0.22202
5538.99859,0.22194
5535.14135,0.22192
5531.28410,0.22192
5527.42686,0.22180
5523.56962,0.22152
5519.71238,0.22117
5515.85514,0.22079
5511.99790,0.22045
5508.14066,0.22025
5504.28342,0.22029
5500.42617,0.22059
5496.56893,0.22111
5492.71169,0.22174
5488.85445,0.22237
5484.99721,0.22285
5481.13997,0.22311
5477.28273,0.22309
5473.42548,0.22277
5469.56824,0.22221
5465.71100,0.22150
5461.85376,0.22067
5457.99652,0.21969
5454.13928,0.21856
5450.28204,0.21726
5446.42479,0.21581
5442.56755,0.21423
5438.71031,0.21267
5434.85307,0.21123
5430.99583,0.20992
5427.13859,0.20879
5423.28135,0.20791
5419.42411,0.20724
5415.56686,0.20680
5411.70962,0.20651
5407.85238,0.20627
5403.99514,0.20607
5400.13790,0.20591
5396.28066,0.20575
5392.42342,0.20556
5388.56617,0.20540
5384.70893,0.20536
5380.85169,0.20548
5376.99445,0.20567
5373.13721,0.20586
5369.27997,0.20607
5365.42273,0.20640
5361.56549,0.20682
5357.70824,0.20724
5353.85100,0.20761
5349.99376,0.20791
5346.13652,0.20812
5342.27928,0.20824
5338.42204,0.20828
5334.56480,0.20831
5330.70755,0.20841
5326.85031,0.20869
5322.99307,0.20923
5319.13583,0.21005
5315.27859,0.21117
5311.42135,0.21257
5307.56411,0.21420
5303.70686,0.21604
5299.84962,0.21809
5295.99238,0.22043
5292.13514,0.22319
5288.27790,0.22641
5284.42066,0.23012
5280.56342,0.23430
5276.70618,0.23888
5272.84893,0.24374
5268.99169,0.24872
5265.13445,0.25364
5261.27721,0.25828
5257.41997,0.26250
5253.56273,0.26631
5249.70549,0.26976
5245.84824,0.27286
5241.99100,0.27558
5238.13376,0.27794
5234.27652,0.27995
5230.41928,0.28171
5226.56204,0.28327
5222.70480,0.28457
5218.84755,0.28564
5214.99031,0.28650
5211.13307,0.28719
5207.27583,0.28778
5203.41859,0.28828
5199.56135,0.28871
5195.70411,0.28910
5191.84687,0.28945
5187.98962,0.28972
5184.13238,0.28992
5180.27514,0.29005
5176.41790,0.29009
5172.56066,0.29002
5168.70342,0.28987
5164.84618,0.28976
5160.98893,0.28977
5157.13169,0.28986
5153.27445,0.28996
5149.41721,0.29005
5145.55997,0.29012
5141.70273,0.29014
5137.84549,0.29020
5133.98825,0.29038
5130.13100,0.29068
5126.27376,0.29091
5122.41652,0.29081
5118.55928,0.28997
5114.70204,0.28815
5110.84480,0.28548
5106.98756,0.28230
5103.13031,0.27897
5099.27307,0.27578
5095.41583,0.27285
5091.55859,0.27015
5087.70135,0.26770
5083.84411,0.26554
5079.98687,0.26362
5076.12962,0.26187
5072.27238,0.26026
5068.41514,0.25880
5064.55790,0.25746
5060.70066,0.25620
5056.84342,0.25504
5052.98618,0.25398
5049.12894,0.25302
5045.27169,0.25215
5041.41445,0.25143
5037.55721,0.25083
5033.69997,0.25025
5029.84273,0.24965
5025.98549,0.24908
5022.12825,0.24859
5018.27100,0.24814
5014.41376,0.24775
5010.55652,0.24741
5006.69928,0.24706
5002.84204,0.24665
4998.98480,0.24619
4995.12756,0.24573
4991.27031,0.24537
4987.41307,0.24516
4983.55583,0.24513
4979.69859,0.24527
4975.84135,0.24560
4971.98411,0.24617
4968.12687,0.24700
4964.26963,0.24809
4960.41238,0.24945
4956.55514,0.25105
4952.69790,0.25283
4948.84066,0.25478
4944.98342,0.25681
4941.12618,0.25895
4937.26894,0.26118
4933.41169,0.26348
4929.55445,0.26585
4925.69721,0.26838
4921.83997,0.27107
4917.98273,0.27390
4914.12549,0.27688
4910.26825,0.27998
4906.41101,0.28317
4902.55376,0.28645
4898.69652,0.28985
4894.83928,0.29334
4890.98204,0.29694
4887.12480,0.30062
4883.26756,0.30438
4879.41032,0.30818
4875.55307,0.31188
4871.69583,0.31543
4867.83859,0.31888
4863.98135,0.32223
4860.12411,0.32547
4856.26687,0.32867
4852.40963,0.33198
4848.55238,0.33558
4844.69514,0.33956
4840.83790,0.34384
4836.98066,0.34834
4833.12342,0.35302
4829.26618,0.35777
4825.40894,0.36239
4821.55170,0.36671
4817.69445,0.37068
4813.83721,0.37440
4809.97997,0.37787
4806.12273,0.38102
4802.26549,0.38381
4798.40825,0.38616
4794.55101,0.38794
4790.69376,0.38907
4786.83652,0.38969
4782.97928,0.39007
4779.12204,0.39037
4775.26480,0.39064
4771.40756,0.39109
4767.55032,0.39197
4763.69307,0.39343
4759.83583,0.39549
4755.97859,0.39810
4752.12135,0.40105
4748.26411,0.40406
4744.40687,0.40695
4740.54963,0.40978
4736.69239,0.41286
4732.83514,0.41666
4728.97790,0.42138
4725.12066,0.42645
4721.26342,0.43051
4717.40618,0.43263
4713.54894,0.43337
4709.69170,0.43451
4705.83445,0.43770
4701.97721,0.44345
4698.11997,0.45060
4694.26273,0.45665
4690.40549,0.45891
4686.54825,0.45598
4682.69101,0.44823
4678.83377,0.43750
4674.97652,0.42633
4671.11928,0.41695
4667.26204,0.41037
4663.40480,0.40633
4659.54756,0.40411
4655.69032,0.40349
4651.83308,0.40500
4647.97583,0.40917
4644.11859,0.41540
4640.26135,0.42162
4636.40411,0.42500
4632.54687,0.42315
4628.68963,0.41544
4624.83239,0.40373
4620.97514,0.39130
4617.11790,0.38077
4613.26066,0.37321
4609.40342,0.36867
4605.54618,0.36697
4601.68894,0.36805
4597.83170,0.37133
4593.97446,0.37525
4590.11721,0.37853
4586.25997,0.38121
4582.40273,0.38292
4578.54549,0.38152
4574.68825,0.37536
4570.83101,0.36567
4566.97377,0.35557
4563.11652,0.34759
4559.25928,0.34253
4555.40204,0.33987
4551.54480,0.33859
4547.68756,0.33780
4543.83032,0.33709
4539.97308,0.33650
4536.11583,0.33618
4532.25859,0.33628
4528.40135,0.33696
4524.54411,0.33842
4520.68687,0.34065
4516.82963,0.34358
4512.97239,0.34739
4509.11515,0.35258
4505.25790,0.35968
4501.40066,0.36887
4497.54342,0.37972
4493.68618,0.39089
4489.82894,0.40067
4485.97170,0.40823
4482.11446,0.41452
4478.25721,0.42142
4474.39997,0.43073
4470.54273,0.44365
4466.68549,0.46011
4462.82825,0.47756
4458.97101,0.49147
4455.11377,0.49922
4451.25653,0.50304
4447.39928,0.50696
4443.54204,0.51251
4439.68480,0.51865
4435.82756,0.52363
4431.97032,0.52571
4428.11308,0.52382
4424.25584,0.51865
4420.39859,0.51284
4416.54135,0.50907
4412.68411,0.50835
4408.82687,0.50973
4404.96963,0.51100
4401.11239,0.51010
4397.25515,0.50661
4393.39790,0.50154
4389.54066,0.49610
4385.68342,0.49115
4381.82618,0.48720
4377.96894,0.48438
4374.11170,0.48268
4370.25446,0.48225
4366.39722,0.48309
4362.53997,0.48482
4358.68273,0.48667
4354.82549,0.48827
4350.96825,0.49009
4347.11101,0.49274
4343.25377,0.49617
4339.39653,0.49963
4335.53928,0.50243
4331.68204,0.50459
4327.82480,0.50654
4323.96756,0.50865
4320.11032,0.51133
4316.25308,0.51503
4312.39584,0.52000
4308.53859,0.52610
4304.68135,0.53276
4300.82411,0.53917
4296.96687,0.54453
4293.10963,0.54828
4289.25239,0.55015
4285.39515,0.55031
4281.53791,0.54938
4277.68066,0.54799
4273.82342,0.54626
4269.96618,0.54393
4266.10894,0.54111
4262.25170,0.53849
4258.39446,0.53687
4254.53722,0.53651
4250.67997,0.53710
4246.82273,0.53768
4242.96549,0.53724
4239.10825,0.53565
4235.25101,0.53385
4231.39377,0.53268
4227.53653,0.53178
4223.67929,0.53006
4219.82204,0.52706
4215.96480,0.52332
4212.10756,0.51978
4208.25032,0.51688
4204.39308,0.51444
4200.53584,0.51234
4196.67860,0.51112
4192.82135,0.51174
4188.96411,0.51473
4185.10687,0.51974
4181.24963,0.52506
4177.39239,0.52766
4173.53515,0.52539
4169.67791,0.51904
4165.82066,0.51141
4161.96342,0.50488
4158.10618,0.50045
4154.24894,0.49818
4150.39170,0.49800
4146.53446,0.49995
4142.67722,0.50392
4138.81998,0.50919
4134.96273,0.51443
4131.10549,0.51857
4127.24825,0.52166
4123.39101,0.52467
4119.53377,0.52873
4115.67653,0.53457
4111.81929,0.54261
4107.96204,0.55317
4104.10480,0.56691
4100.24756,0.58505
4096.39032,0.60650
4092.53308,0.62431
4088.67584,0.63045
4084.81860,0.62420
4080.96135,0.61073
4077.10411,0.59550
4073.24687,0.58271
4069.38963,0.57436
4065.53239,0.56990
4061.67515,0.56796
4057.81791,0.56777
4053.96067,0.56877
4050.10342,0.57032
4046.24618,0.57177
4042.38894,0.57268
4038.53170,0.57300
4034.67446,0.57313
4030.81722,0.57330
4026.95998,0.57341
4023.10273,0.57337
4019.24549,0.57325
4015.38825,0.57281
4011.53101,0.57167
4007.67377,0.56978
4003.81653,0.56736
3999.95929,0.56453
3996.10205,0.56131
3992.24480,0.55797
3988.38756,0.55494
3984.53032,0.55256
3980.67308,0.55087
3976.81584,0.54951
3972.95860,0.54801
3969.10136,0.54601
3965.24411,0.54330
3961.38687,0.54004
3957.52963,0.53671
3953.67239,0.53353
3949.81515,0.53044
3945.95791,0.52741
3942.10067,0.52444
3938.24342,0.52165
3934.38618,0.51920
3930.52894,0.51711
3926.67170,0.51523
3922.81446,0.51337
3918.95722,0.51134
3915.09998,0.50901
3911.24274,0.50639
3907.38549,0.50334
3903.52825,0.49961
3899.67101,0.49542
3895.81377,0.49139
3891.95653,0.48785
3888.09929,0.48496
3884.24205,0.48270
3880.38480,0.48075
3876.52756,0.47864
3872.67032,0.47599
3868.81308,0.47281
3864.95584,0.46946
3861.09860,0.46629
3857.24136,0.46335
3853.38411,0.46051
3849.52687,0.45813
3845.66963,0.45635
3841.81239,0.45488
3837.95515,0.45371
3834.09791,0.45303
3830.24067,0.45276
3826.38343,0.45286
3822.52618,0.45394
3818.66894,0.45668
3814.81170,0.46041
3810.95446,0.46349
3807.09722,0.46502
3803.23998,0.46457
3799.38274,0.46224
3795.52549,0.45923
3791.66825,0.45697
3787.81101,0.45600
3783.95377,0.45623
3780.09653,0.45750
3776.23929,0.45966
3772.38205,0.46241
3768.52481,0.46571
3764.66756,0.46949
3760.81032,0.47270
3756.95308,0.47349
3753.09584,0.47092
3749.23860,0.46659
3745.38136,0.46391
3741.52412,0.46456
3737.66687,0.46791
3733.80963,0.47223
3729.95239,0.47485
3726.09515,0.47501
3722.23791,0.47477
3718.38067,0.47607
3714.52343,0.47949
3710.66618,0.48567
3706.80894,0.49475
3702.95170,0.50616
3699.09446,0.51989
3695.23722,0.53640
3691.37998,0.55677
3687.52274,0.57793
3683.66550,0.59234
3679.80825,0.60032
3675.95101,0.60816
3672.09377,0.62038
3668.23653,0.63683
3664.37929,0.65482
3660.52205,0.67276
3656.66481,0.69073
3652.80756,0.70886
3648.95032,0.72697
3645.09308,0.74369
3641.23584,0.75773
3637.37860,0.77040
3633.52136,0.78205
3629.66412,0.79282
3625.80687,0.80339
3621.94963,0.81257
3618.09239,0.82066
3614.23515,0.82858
3610.37791,0.83739
3606.52067,0.84744
3602.66343,0.85854
3598.80619,0.86913
