12493.60475,0.15348
12489.74751,0.15227
12485.89027,0.15321
12482.03303,0.15470
12478.17579,0.15260
12474.31855,0.14961
12470.46130,0.14878
12466.60406,0.14949
12462.74682,0.15085
12458.88958,0.15241
12455.03234,0.15286
12451.17510,0.15156
12447.31786,0.14991
12443.46062,0.14874
12439.60337,0.14808
12435.74613,0.14840
12431.88889,0.14890
12428.03165,0.14784
12424.17441,0.14660
12420.31717,0.14828
12416.45993,0.15185
12412.60268,0.15438
12408.74544,0.15536
12404.88820,0.15544
12401.03096,0.15391
12397.17372,0.15025
12393.31648,0.14754
12389.45924,0.14892
12385.60199,0.15166
12381.74475,0.15179
12377.88751,0.15001
12374.03027,0.14817
12370.17303,0.14579
12366.31579,0.14230
12362.45855,0.14015
12358.60131,0.14323
12354.74406,0.15028
12350.88682,0.15491
12347.02958,0.15369
12343.17234,0.15005
12339.31510,0.14882
12335.45786,0.14980
12331.60062,0.15051
12327.74337,0.15190
12323.88613,0.15508
12320.02889,0.15652
12316.17165,0.15453
12312.31441,0.15347
12308.45717,0.15589
12304.59993,0.15849
12300.74268,0.15769
12296.88544,0.15513
12293.02820,0.15468
12289.17096,0.15580
12285.31372,0.15543
12281.45648,0.15201
12277.59924,0.14727
12273.74200,0.14576
12269.88475,0.14853
12266.02751,0.15127
12262.17027,0.15170
12258.31303,0.15109
12254.45579,0.14955
12250.59855,0.14717
12246.74131,0.14620
12242.88406,0.14815
12239.02682,0.15058
12235.16958,0.14985
12231.31234,0.14758
12227.45510,0.14844
12223.59786,0.15161
12219.74062,0.15251
12215.88338,0.15067
12212.02613,0.14972
12208.16889,0.15074
12204.31165,0.15065
12200.45441,0.14983
12196.59717,0.15120
12192.73993,0.15169
12188.88269,0.14855
12185.02544,0.14573
12181.16820,0.14611
12177.31096,0.14848
12173.45372,0.15109
12169.59648,0.15153
12165.73924,0.14889
12161.88200,0.14647
12158.02475,0.14628
12154.16751,0.14667
12150.31027,0.14687
12146.45303,0.14693
12142.59579,0.14667
12138.73855,0.14599
12134.88131,0.14498
12131.02407,0.14522
12127.16682,0.14737
12123.30958,0.14884
12119.45234,0.14830
12115.59510,0.14763
12111.73786,0.14764
12107.88062,0.14721
12104.02338,0.14581
12100.16613,0.14473
12096.30889,0.14489
12092.45165,0.14490
12088.59441,0.14413
12084.73717,0.14390
12080.87993,0.14508
12077.02269,0.14643
12073.16544,0.14623
12069.30820,0.14518
12065.45096,0.14389
12061.59372,0.14265
12057.73648,0.14310
12053.87924,0.14540
12050.02200,0.14792
12046.16476,0.14904
12042.30751,0.14823
12038.45027,0.14624
12034.59303,0.14409
12030.73579,0.14302
12026.87855,0.14313
12023.02131,0.14307
12019.16407,0.14354
12015.30682,0.14588
12011.44958,0.14861
12007.59234,0.15006
12003.73510,0.15078
11999.87786,0.15244
11996.02062,0.15468
11992.16338,0.15446
11988.30614,0.15103
11984.44889,0.14758
11980.59165,0.14651
11976.73441,0.14670
11972.87717,0.14693
11969.01993,0.14815
11965.16269,0.15008
11961.30545,0.15123
11957.44820,0.15183
11953.59096,0.15249
11949.73372,0.15301
11945.87648,0.15343
11942.01924,0.15391
11938.16200,0.15399
11934.30476,0.15332
11930.44751,0.15299
11926.59027,0.15419
11922.73303,0.15508
11918.87579,0.15401
11915.01855,0.15303
11911.16131,0.15341
11907.30407,0.15395
11903.44683,0.15349
11899.58958,0.15263
11895.73234,0.15260
11891.87510,0.15347
11888.01786,0.15467
11884.16062,0.15474
11880.30338,0.15331
11876.44614,0.15260
11872.58889,0.15321
11868.73165,0.15315
11864.87441,0.15192
11861.01717,0.15079
11857.15993,0.15057
11853.30269,0.15137
11849.44545,0.15267
11845.58820,0.15349
11841.73096,0.15316
11837.87372,0.15252
11834.01648,0.15349
11830.15924,0.15525
11826.30200,0.15550
11822.44476,0.15428
11818.58752,0.15312
11814.73027,0.15280
11810.87303,0.15230
11807.01579,0.15132
11803.15855,0.15098
11799.30131,0.15131
11795.44407,0.15177
11791.58683,0.15182
11787.72958,0.15100
11783.87234,0.15000
11780.01510,0.15066
11776.15786,0.15341
11772.30062,0.15531
11768.44338,0.15430
11764.58614,0.15221
11760.72890,0.15134
11756.87165,0.15230
11753.01441,0.15419
11749.15717,0.15511
11745.29993,0.15419
11741.44269,0.15324
11737.58545,0.15401
11733.72821,0.15454
11729.87096,0.15287
11726.01372,0.15111
11722.15648,0.15117
11718.29924,0.15182
11714.44200,0.15211
11710.58476,0.15258
11706.72752,0.15322
11702.87027,0.15351
11699.01303,0.15294
11695.15579,0.15167
11691.29855,0.15086
11687.44131,0.15072
11683.58407,0.15031
11679.72683,0.14989
11675.86959,0.15058
11672.01234,0.15241
11668.15510,0.15414
11664.29786,0.15424
11660.44062,0.15343
11656.58338,0.15367
11652.72614,0.15489
11648.86890,0.15524
11645.01165,0.15358
11641.15441,0.15140
11637.29717,0.15013
11633.43993,0.14924
11629.58269,0.14990
11625.72545,0.15230
11621.86821,0.15249
11618.01096,0.15000
11614.15372,0.14905
11610.29648,0.15005
11606.43924,0.15027
11602.58200,0.14950
11598.72476,0.14834
11594.86752,0.14694
11591.01028,0.14612
11587.15303,0.14622
11583.29579,0.14740
11579.43855,0.14977
11575.58131,0.15077
11571.72407,0.14893
11567.86683,0.14725
11564.00959,0.14745
11560.15234,0.14859
11556.29510,0.15002
11552.43786,0.15125
11548.58062,0.15207
11544.72338,0.15194
11540.86614,0.15114
11537.00890,0.15097
11533.15166,0.15053
11529.29441,0.14928
11525.43717,0.14850
11521.57993,0.14818
11517.72269,0.14816
11513.86545,0.14928
11510.00821,0.15082
11506.15097,0.15124
11502.29372,0.15071
11498.43648,0.15040
11494.57924,0.15051
11490.72200,0.15037
11486.86476,0.14988
11483.00752,0.14986
11479.15028,0.15091
11475.29303,0.15204
11471.43579,0.15128
11467.57855,0.14885
11463.72131,0.14776
11459.86407,0.14900
11456.00683,0.14982
11452.14959,0.14913
11448.29235,0.14866
11444.43510,0.14853
11440.57786,0.14768
11436.72062,0.14761
11432.86338,0.14918
11429.00614,0.14970
11425.14890,0.14862
11421.29166,0.14829
11417.43441,0.14886
11413.57717,0.14982
11409.71993,0.15173
11405.86269,0.15395
11402.00545,0.15488
11398.14821,0.15326
11394.29097,0.14971
11390.43372,0.14762
11386.57648,0.14838
11382.71924,0.14874
11378.86200,0.14679
11375.00476,0.14526
11371.14752,0.14650
11367.29028,0.14856
11363.43304,0.14928
11359.57579,0.14970
11355.71855,0.15080
11351.86131,0.15185
11348.00407,0.15195
11344.14683,0.15096
11340.28959,0.15008
11336.43235,0.14991
11332.57510,0.14979
11328.71786,0.14963
11324.86062,0.14932
11321.00338,0.14847
11317.14614,0.14804
11313.28890,0.14860
11309.43166,0.14936
11305.57442,0.15042
11301.71717,0.15133
11297.85993,0.15104
11294.00269,0.15045
11290.14545,0.15009
11286.28821,0.14923
11282.43097,0.14843
11278.57373,0.14789
11274.71648,0.14676
11270.85924,0.14599
11267.00200,0.14646
11263.14476,0.14708
11259.28752,0.14774
11255.43028,0.14904
11251.57304,0.15029
11247.71579,0.15093
11243.85855,0.15167
11240.00131,0.15269
11236.14407,0.15309
11232.28683,0.15244
11228.42959,0.15086
11224.57235,0.14946
11220.71511,0.14906
11216.85786,0.14832
11213.00062,0.14641
11209.14338,0.14449
11205.28614,0.14354
11201.42890,0.14339
11197.57166,0.14371
11193.71442,0.14417
11189.85717,0.14485
11185.99993,0.14656
11182.14269,0.14834
11178.28545,0.14831
11174.42821,0.14732
11170.57097,0.14660
11166.71373,0.14587
11162.85648,0.14517
11158.99924,0.14439
11155.14200,0.14351
11151.28476,0.14338
11147.42752,0.14395
11143.57028,0.14446
11139.71304,0.14505
11135.85580,0.14572
11131.99855,0.14598
11128.14131,0.14608
11124.28407,0.14674
11120.42683,0.14811
11116.56959,0.14968
11112.71235,0.15047
11108.85511,0.15012
11104.99786,0.14954
11101.14062,0.14892
11097.28338,0.14786
11093.42614,0.14704
11089.56890,0.14655
11085.71166,0.14574
11081.85442,0.14524
11077.99718,0.14600
11074.13993,0.14744
11070.28269,0.14817
11066.42545,0.14790
11062.56821,0.14778
11058.71097,0.14849
11054.85373,0.14931
11050.99649,0.14961
11047.13924,0.14933
11043.28200,0.14846
11039.42476,0.14769
11035.56752,0.14791
11031.71028,0.14852
11027.85304,0.14849
11023.99580,0.14799
11020.13855,0.14750
11016.28131,0.14705
11012.42407,0.14683
11008.56683,0.14656
11004.70959,0.14606
11000.85235,0.14616
10996.99511,0.14685
10993.13787,0.14719
10989.28062,0.14707
10985.42338,0.14706
10981.56614,0.14736
10977.70890,0.14770
10973.85166,0.14788
10969.99442,0.14770
10966.13718,0.14682
10962.27993,0.14579
10958.42269,0.14532
10954.56545,0.14505
10950.70821,0.14507
10946.85097,0.14561
10942.99373,0.14568
10939.13649,0.14521
10935.27924,0.14508
10931.42200,0.14511
10927.56476,0.14490
10923.70752,0.14479
10919.85028,0.14488
10915.99304,0.14480
10912.13580,0.14496
10908.27856,0.14542
10904.42131,0.14530
10900.56407,0.14506
10896.70683,0.14506
10892.84959,0.14439
10888.99235,0.14360
10885.13511,0.14415
10881.27787,0.14513
10877.42062,0.14469
10873.56338,0.14351
10869.70614,0.14294
10865.84890,0.14284
10861.99166,0.14286
10858.13442,0.14287
10854.27718,0.14296
10850.41993,0.14321
10846.56269,0.14343
10842.70545,0.14373
10838.84821,0.14414
10834.99097,0.14402
10831.13373,0.14323
10827.27649,0.14242
10823.41925,0.14207
10819.56200,0.14219
10815.70476,0.14264
10811.84752,0.14332
10807.99028,0.14396
10804.13304,0.14427
10800.27580,0.14441
10796.41856,0.14415
10792.56131,0.14291
10788.70407,0.14162
10784.84683,0.14144
10780.98959,0.14212
10777.13235,0.14303
10773.27511,0.14344
10769.41787,0.14317
10765.56063,0.14263
10761.70338,0.14210
10757.84614,0.14197
10753.98890,0.14239
10750.13166,0.14297
10746.27442,0.14307
10742.41718,0.14271
10738.55994,0.14270
10734.70269,0.14300
10730.84545,0.14306
10726.98821,0.14274
10723.13097,0.14245
10719.27373,0.14280
10715.41649,0.14320
10711.55925,0.14280
10707.70200,0.14230
10703.84476,0.14232
10699.98752,0.14255
10696.13028,0.14270
10692.27304,0.14277
10688.41580,0.14298
10684.55856,0.14349
10680.70132,0.14381
10676.84407,0.14353
10672.98683,0.14306
10669.12959,0.14300
10665.27235,0.14328
10661.41511,0.14364
10657.55787,0.14389
10653.70063,0.14355
10649.84338,0.14259
10645.98614,0.14186
10642.12890,0.14177
10638.27166,0.14218
10634.41442,0.14276
10630.55718,0.14305
10626.69994,0.14329
10622.84269,0.14369
10618.98545,0.14338
10615.12821,0.14243
10611.27097,0.14214
10607.41373,0.14233
10603.55649,0.14198
10599.69925,0.14145
10595.84201,0.14155
10591.98476,0.14208
10588.12752,0.14234
10584.27028,0.14207
10580.41304,0.14181
10576.55580,0.14171
10572.69856,0.14148
10568.84132,0.14115
10564.98407,0.14106
10561.12683,0.14104
10557.26959,0.14056
10553.41235,0.13986
10549.55511,0.13945
10545.69787,0.13922
10541.84063,0.13927
10537.98339,0.13923
10534.12614,0.13873
10530.26890,0.13849
10526.41166,0.13883
10522.55442,0.13925
10518.69718,0.13960
10514.83994,0.13981
10510.98270,0.13968
10507.12545,0.13925
10503.26821,0.13878
10499.41097,0.13862
10495.55373,0.13876
10491.69649,0.13889
10487.83925,0.13899
10483.98201,0.13908
10480.12476,0.13928
10476.26752,0.13969
10472.41028,0.14004
10468.55304,0.14025
10464.69580,0.14033
10460.83856,0.14005
10456.98132,0.13955
10453.12408,0.13942
10449.26683,0.13976
10445.40959,0.14009
10441.55235,0.14021
10437.69511,0.14006
10433.83787,0.13914
10429.98063,0.13791
10426.12339,0.13762
10422.26614,0.13811
10418.40890,0.13851
10414.55166,0.13890
10410.69442,0.13915
10406.83718,0.13882
10402.97994,0.13831
10399.12270,0.13794
10395.26545,0.13744
10391.40821,0.13696
10387.55097,0.13706
10383.69373,0.13780
10379.83649,0.13847
10375.97925,0.13860
10372.12201,0.13862
10368.26477,0.13888
10364.40752,0.13914
10360.55028,0.13936
10356.69304,0.13967
10352.83580,0.13962
10348.97856,0.13920
10345.12132,0.13904
10341.26408,0.13914
10337.40683,0.13925
10333.54959,0.13944
10329.69235,0.13942
10325.83511,0.13882
10321.97787,0.13798
10318.12063,0.13769
10314.26339,0.13795
10310.40615,0.13814
10306.54890,0.13835
10302.69166,0.13879
10298.83442,0.13902
10294.97718,0.13899
10291.11994,0.13913
10287.26270,0.13944
10283.40546,0.13953
10279.54821,0.13943
10275.69097,0.13941
10271.83373,0.13954
10267.97649,0.13982
10264.11925,0.14024
10260.26201,0.14045
10256.40477,0.14005
10252.54752,0.13938
10248.69028,0.13889
10244.83304,0.13859
10240.97580,0.13859
10237.11856,0.13894
10233.26132,0.13936
10229.40408,0.13954
10225.54684,0.13936
10221.68959,0.13894
10217.83235,0.13867
10213.97511,0.13879
10210.11787,0.13905
10206.26063,0.13927
10202.40339,0.13948
10198.54615,0.13963
10194.68890,0.13965
10190.83166,0.13956
10186.97442,0.13943
10183.11718,0.13932
10179.25994,0.13946
10175.40270,0.13986
10171.54546,0.13996
10167.68821,0.13949
10163.83097,0.13914
10159.97373,0.13954
10156.11649,0.14026
10152.25925,0.14051
10148.40201,0.14027
10144.54477,0.14001
10140.68753,0.14010
10136.83028,0.14041
10132.97304,0.14058
10129.11580,0.14073
10125.25856,0.14119
10121.40132,0.14170
10117.54408,0.14203
10113.68684,0.14230
10109.82959,0.14234
10105.97235,0.14183
10102.11511,0.14084
10098.25787,0.13976
10094.40063,0.13888
10090.54339,0.13857
10086.68615,0.13885
10082.82891,0.13912
10078.97166,0.13906
10075.11442,0.13885
10071.25718,0.13862
10067.39994,0.13866
10063.54270,0.13915
10059.68546,0.13954
10055.82822,0.13952
10051.97097,0.13953
10048.11373,0.13982
10044.25649,0.14015
10040.39925,0.14044
10036.54201,0.14082
10032.68477,0.14124
10028.82753,0.14146
10024.97028,0.14143
10021.11304,0.14127
10017.25580,0.14093
10013.39856,0.14031
10009.54132,0.13969
10005.68408,0.13929
10001.82684,0.13894
9997.96960,0.13857
9994.11235,0.13854
9990.25511,0.13907
9986.39787,0.13971
9982.54063,0.13997
9978.68339,0.13982
9974.82615,0.13956
9970.96891,0.13970
9967.11166,0.14025
9963.25442,0.14078
9959.39718,0.14100
9955.53994,0.14073
9951.68270,0.14032
9947.82546,0.14018
9943.96822,0.14017
9940.11097,0.14026
9936.25373,0.14040
9932.39649,0.14033
9928.53925,0.13995
9924.68201,0.13961
9920.82477,0.13960
9916.96753,0.13964
9913.11029,0.13934
9909.25304,0.13861
9905.39580,0.13811
9901.53856,0.13848
9897.68132,0.13917
9893.82408,0.13937
9889.96684,0.13938
9886.10960,0.13953
9882.25235,0.13942
9878.39511,0.13898
9874.53787,0.13898
9870.68063,0.13943
9866.82339,0.13949
9862.96615,0.13919
9859.10891,0.13919
9855.25167,0.13934
9851.39442,0.13918
9847.53718,0.13911
9843.67994,0.13960
9839.82270,0.14001
9835.96546,0.13976
9832.10822,0.13923
9828.25098,0.13903
9824.39373,0.13917
9820.53649,0.13923
9816.67925,0.13910
9812.82201,0.13898
9808.96477,0.13907
9805.10753,0.13934
9801.25029,0.13957
9797.39304,0.13969
9793.53580,0.13970
9789.67856,0.13946
9785.82132,0.13910
9781.96408,0.13893
9778.10684,0.13891
9774.24960,0.13886
9770.39236,0.13883
9766.53511,0.13878
9762.67787,0.13856
9758.82063,0.13837
9754.96339,0.13841
9751.10615,0.13854
9747.24891,0.13858
9743.39167,0.13846
9739.53442,0.13845
9735.67718,0.13860
9731.81994,0.13850
9727.96270,0.13813
9724.10546,0.13793
9720.24822,0.13793
9716.39098,0.13794
9712.53373,0.13802
9708.67649,0.13824
9704.81925,0.13855
9700.96201,0.13880
9697.10477,0.13869
9693.24753,0.13816
9689.39029,0.13766
9685.53305,0.13761
9681.67580,0.13781
9677.81856,0.13783
9673.96132,0.13778
9670.10408,0.13766
9666.24684,0.13729
9662.38960,0.13693
9658.53236,0.13684
9654.67511,0.13671
9650.81787,0.13637
9646.96063,0.13634
9643.10339,0.13667
9639.24615,0.13678
9635.38891,0.13670
9631.53167,0.13671
9627.67443,0.13684
9623.81718,0.13699
9619.95994,0.13694
9616.10270,0.13676
9612.24546,0.13682
9608.38822,0.13704
9604.53098,0.13706
9600.67374,0.13679
9596.81649,0.13636
9592.95925,0.13598
9589.10201,0.13605
9585.24477,0.13655
9581.38753,0.13669
9577.53029,0.13625
9573.67305,0.13600
9569.81580,0.13621
9565.95856,0.13637
9562.10132,0.13628
9558.24408,0.13615
9554.38684,0.13618
9550.52960,0.13644
9546.67236,0.13666
9542.81512,0.13642
9538.95787,0.13596
9535.10063,0.13587
9531.24339,0.13621
9527.38615,0.13657
9523.52891,0.13668
9519.67167,0.13655
9515.81443,0.13636
9511.95718,0.13627
9508.09994,0.13625
9504.24270,0.13624
9500.38546,0.13615
9496.52822,0.13594
9492.67098,0.13571
9488.81374,0.13548
9484.95649,0.13535
9481.09925,0.13549
9477.24201,0.13567
9473.38477,0.13563
9469.52753,0.13543
9465.67029,0.13529
9461.81305,0.13531
9457.95581,0.13539
9454.09856,0.13558
9450.24132,0.13588
9446.38408,0.13613
9442.52684,0.13624
9438.66960,0.13624
9434.81236,0.13618
9430.95512,0.13605
9427.09787,0.13576
9423.24063,0.13542
9419.38339,0.13528
9415.52615,0.13537
9411.66891,0.13538
9407.81167,0.13519
9403.95443,0.13505
9400.09719,0.13520
9396.23994,0.13541
9392.38270,0.13543
9388.52546,0.13541
9384.66822,0.13540
9380.81098,0.13530
9376.95374,0.13511
9373.09650,0.13483
9369.23925,0.13459
9365.38201,0.13459
9361.52477,0.13466
9357.66753,0.13456
9353.81029,0.13439
9349.95305,0.13443
9346.09581,0.13481
9342.23856,0.13529
9338.38132,0.13549
9334.52408,0.13539
9330.66684,0.13512
9326.80960,0.13488
9322.95236,0.13484
9319.09512,0.13489
9315.23788,0.13504
9311.38063,0.13524
9307.52339,0.13520
9303.66615,0.13485
9299.80891,0.13434
9295.95167,0.13406
9292.09443,0.13430
9288.23719,0.13480
9284.37994,0.13510
9280.52270,0.13510
9276.66546,0.13503
9272.80822,0.13502
9268.95098,0.13489
9265.09374,0.13463
9261.23650,0.13446
9257.37925,0.13445
9253.52201,0.13466
9249.66477,0.13487
9245.80753,0.13465
9241.95029,0.13428
9238.09305,0.13423
9234.23581,0.13444
9230.37857,0.13472
9226.52132,0.13492
9222.66408,0.13491
9218.80684,0.13483
9214.94960,0.13484
9211.09236,0.13481
9207.23512,0.13466
9203.37788,0.13449
9199.52063,0.13437
9195.66339,0.13429
9191.80615,0.13434
9187.94891,0.13456
9184.09167,0.13476
9180.23443,0.13483
9176.37719,0.13484
9172.51995,0.13472
9168.66270,0.13459
9164.80546,0.13455
9160.94822,0.13439
9157.09098,0.13425
9153.23374,0.13447
9149.37650,0.13471
9145.51926,0.13470
9141.66201,0.13462
9137.80477,0.13477
9133.94753,0.13513
9130.09029,0.13538
9126.23305,0.13548
9122.37581,0.13549
9118.51857,0.13537
9114.66132,0.13525
9110.80408,0.13520
9106.94684,0.13512
9103.08960,0.13500
9099.23236,0.13497
9095.37512,0.13510
9091.51788,0.13520
9087.66064,0.13508
9083.80339,0.13492
9079.94615,0.13496
9076.08891,0.13507
9072.23167,0.13514
9068.37443,0.13511
9064.51719,0.13503
9060.65995,0.13506
9056.80270,0.13517
9052.94546,0.13527
9049.08822,0.13536
9045.23098,0.13538
9041.37374,0.13542
9037.51650,0.13557
9033.65926,0.13573
9029.80201,0.13583
9025.94477,0.13596
9022.08753,0.13617
9018.23029,0.13633
9014.37305,0.13635
9010.51581,0.13633
9006.65857,0.13639
9002.80133,0.13641
8998.94408,0.13646
8995.08684,0.13677
8991.22960,0.13714
8987.37236,0.13721
8983.51512,0.13715
8979.65788,0.13729
8975.80064,0.13762
8971.94339,0.13805
8968.08615,0.13852
8964.22891,0.13900
8960.37167,0.13940
8956.51443,0.13963
8952.65719,0.13985
8948.79995,0.14033
8944.94271,0.14100
8941.08546,0.14139
8937.22822,0.14139
8933.37098,0.14152
8929.51374,0.14212
8925.65650,0.14285
8921.79926,0.14317
8917.94202,0.14331
8914.08477,0.14389
8910.22753,0.14479
8906.37029,0.14562
8902.51305,0.14645
8898.65581,0.14738
8894.79857,0.14828
8890.94133,0.14907
8887.08408,0.14972
8883.22684,0.15024
8879.36960,0.15078
8875.51236,0.15143
8871.65512,0.15213
8867.79788,0.15264
8863.94064,0.15291
8860.08340,0.15310
8856.22615,0.15327
8852.36891,0.15340
8848.51167,0.15349
8844.65443,0.15335
8840.79719,0.15299
8836.93995,0.15254
8833.08271,0.15203
8829.22546,0.15143
8825.36822,0.15074
8821.51098,0.15002
8817.65374,0.14919
8813.79650,0.14831
8809.93926,0.14762
8806.08202,0.14700
8802.22477,0.14622
8798.36753,0.14535
8794.51029,0.14448
8790.65305,0.14368
8786.79581,0.14310
8782.93857,0.14273
8779.08133,0.14234
8775.22409,0.14198
8771.36684,0.14163
8767.50960,0.14129
8763.65236,0.14111
8759.79512,0.14089
8755.93788,0.14048
8752.08064,0.14016
8748.22340,0.14013
8744.36615,0.14014
8740.50891,0.13999
8736.65167,0.13993
8732.79443,0.14004
8728.93719,0.14005
8725.07995,0.13995
8721.22271,0.13991
8717.36547,0.14001
8713.50822,0.14020
8709.65098,0.14026
8705.79374,0.14020
8701.93650,0.14021
8698.07926,0.14032
8694.22202,0.14051
8690.36478,0.14074
8686.50753,0.14081
8682.65029,0.14069
8678.79305,0.14062
8674.93581,0.14055
8671.07857,0.14043
8667.22133,0.14047
8663.36409,0.14067
8659.50684,0.14089
8655.64960,0.14119
8651.79236,0.14146
8647.93512,0.14158
8644.07788,0.14171
8640.22064,0.14206
8636.36340,0.14250
8632.50616,0.14268
8628.64891,0.14262
8624.79167,0.14272
8620.93443,0.14319
8617.07719,0.14366
8613.21995,0.14374
8609.36271,0.14358
8605.50547,0.14360
8601.64822,0.14385
8597.79098,0.14405
8593.93374,0.14421
8590.07650,0.14442
8586.21926,0.14465
8582.36202,0.14485
8578.50478,0.14493
8574.64753,0.14496
8570.79029,0.14514
8566.93305,0.14550
8563.07581,0.14576
8559.21857,0.14582
8555.36133,0.14584
8551.50409,0.14591
8547.64685,0.14590
8543.78960,0.14587
8539.93236,0.14601
8536.07512,0.14625
8532.21788,0.14636
8528.36064,0.14640
8524.50340,0.14654
8520.64616,0.14671
8516.78891,0.14693
8512.93167,0.14728
8509.07443,0.14757
8505.21719,0.14771
8501.35995,0.14775
8497.50271,0.14770
8493.64547,0.14755
8489.78822,0.14752
8485.93098,0.14766
8482.07374,0.14782
8478.21650,0.14785
8474.35926,0.14771
8470.50202,0.14753
8466.64478,0.14749
8462.78754,0.14746
8458.93029,0.14730
8455.07305,0.14712
8451.21581,0.14701
8447.35857,0.14688
8443.50133,0.14664
8439.64409,0.14625
8435.78685,0.14599
8431.92960,0.14608
8428.07236,0.14628
8424.21512,0.14638
8420.35788,0.14641
8416.50064,0.14643
8412.64340,0.14644
8408.78616,0.14643
8404.92892,0.14635
8401.07167,0.14619
8397.21443,0.14592
8393.35719,0.14555
8389.49995,0.14514
8385.64271,0.14474
8381.78547,0.14444
8377.92823,0.14427
8374.07098,0.14421
8370.21374,0.14428
8366.35650,0.14438
8362.49926,0.14440
8358.64202,0.14436
8354.78478,0.14439
8350.92754,0.14454
8347.07029,0.14461
8343.21305,0.14440
8339.35581,0.14398
8335.49857,0.14377
8331.64133,0.14384
8327.78409,0.14382
8323.92685,0.14364
8320.06961,0.14365
8316.21236,0.14385
8312.35512,0.14396
8308.49788,0.14398
8304.64064,0.14397
8300.78340,0.14390
8296.92616,0.14384
8293.06892,0.14383
8289.21167,0.14375
8285.35443,0.14361
8281.49719,0.14353
8277.63995,0.14354
8273.78271,0.14349
8269.92547,0.14341
8266.06823,0.14339
8262.21098,0.14342
8258.35374,0.14343
8254.49650,0.14344
8250.63926,0.14348
8246.78202,0.14351
8242.92478,0.14358
8239.06754,0.14369
8235.21030,0.14368
8231.35305,0.14355
8227.49581,0.14351
8223.63857,0.14356
8219.78133,0.14358
8215.92409,0.14356
8212.06685,0.14349
8208.20961,0.14334
8204.35236,0.14328
8200.49512,0.14337
8196.63788,0.14344
8192.78064,0.14336
8188.92340,0.14312
8185.06616,0.14285
8181.20892,0.14266
8177.35168,0.14264
8173.49443,0.14269
8169.63719,0.14274
8165.77995,0.14277
8161.92271,0.14277
8158.06547,0.14269
8154.20823,0.14259
8150.35099,0.14250
8146.49374,0.14235
8142.63650,0.14211
8138.77926,0.14190
8134.92202,0.14178
8131.06478,0.14162
8127.20754,0.14145
8123.35030,0.14143
8119.49305,0.14144
8115.63581,0.14135
8111.77857,0.14119
8107.92133,0.14101
8104.06409,0.14075
8100.20685,0.14047
8096.34961,0.14032
8092.49237,0.14022
8088.63512,0.14009
8084.77788,0.14009
8080.92064,0.14022
8077.06340,0.14026
8073.20616,0.14014
8069.34892,0.14005
8065.49168,0.14001
8061.63443,0.13990
8057.77719,0.13964
8053.91995,0.13944
8050.06271,0.13944
8046.20547,0.13950
8042.34823,0.13955
8038.49099,0.13954
8034.63374,0.13945
8030.77650,0.13929
8026.91926,0.13919
8023.06202,0.13918
8019.20478,0.13916
8015.34754,0.13910
8011.49030,0.13906
8007.63306,0.13900
8003.77581,0.13888
7999.91857,0.13871
7996.06133,0.13859
7992.20409,0.13861
7988.34685,0.13866
7984.48961,0.13861
7980.63237,0.13850
7976.77512,0.13843
7972.91788,0.13844
7969.06064,0.13850
7965.20340,0.13851
7961.34616,0.13843
7957.48892,0.13829
7953.63168,0.13814
7949.77444,0.13803
7945.91719,0.13799
7942.05995,0.13804
7938.20271,0.13811
7934.34547,0.13813
7930.48823,0.13812
7926.63099,0.13797
7922.77375,0.13778
7918.91650,0.13777
7915.05926,0.13795
7911.20202,0.13804
7907.34478,0.13799
7903.48754,0.13794
7899.63030,0.13799
7895.77306,0.13805
7891.91581,0.13805
7888.05857,0.13804
7884.20133,0.13812
7880.34409,0.13823
7876.48685,0.13819
7872.62961,0.13798
7868.77237,0.13789
7864.91513,0.13798
7861.05788,0.13800
7857.20064,0.13794
7853.34340,0.13796
7849.48616,0.13793
7845.62892,0.13769
7841.77168,0.13739
7837.91444,0.13731
7834.05719,0.13743
7830.19995,0.13752
7826.34271,0.13750
7822.48547,0.13745
7818.62823,0.13736
7814.77099,0.13730
7810.91375,0.13730
7807.05650,0.13733
7803.19926,0.13731
7799.34202,0.13721
7795.48478,0.13701
7791.62754,0.13681
7787.77030,0.13671
7783.91306,0.13662
7780.05582,0.13646
7776.19857,0.13640
7772.34133,0.13647
7768.48409,0.13646
7764.62685,0.13636
7760.76961,0.13637
7756.91237,0.13645
7753.05513,0.13643
7749.19788,0.13627
7745.34064,0.13615
7741.48340,0.13611
7737.62616,0.13596
7733.76892,0.13575
7729.91168,0.13566
7726.05444,0.13565
7722.19720,0.13553
7718.33995,0.13532
7714.48271,0.13525
7710.62547,0.13540
7706.76823,0.13550
7702.91099,0.13541
7699.05375,0.13532
7695.19651,0.13534
7691.33926,0.13535
7687.48202,0.13531
7683.62478,0.13528
7679.76754,0.13532
7675.91030,0.13540
7672.05306,0.13542
7668.19582,0.13532
7664.33857,0.13516
7660.48133,0.13515
7656.62409,0.13531
7652.76685,0.13537
7648.90961,0.13531
7645.05237,0.13537
7641.19513,0.13554
7637.33789,0.13559
7633.48064,0.13547
7629.62340,0.13533
7625.76616,0.13532
7621.90892,0.13540
7618.05168,0.13544
7614.19444,0.13544
7610.33720,0.13544
7606.47995,0.13559
7602.62271,0.13577
7598.76547,0.13577
7594.90823,0.13575
7591.05099,0.13585
7587.19375,0.13588
7583.33651,0.13572
7579.47926,0.13558
7575.62202,0.13559
7571.76478,0.13571
7567.90754,0.13586
7564.05030,0.13597
7560.19306,0.13606
7556.33582,0.13623
7552.47858,0.13647
7548.62133,0.13670
7544.76409,0.13697
7540.90685,0.13718
7537.04961,0.13721
7533.19237,0.13725
7529.33513,0.13741
7525.47789,0.13746
7521.62064,0.13735
7517.76340,0.13732
7513.90616,0.13741
7510.04892,0.13749
7506.19168,0.13756
7502.33444,0.13771
7498.47720,0.13796
7494.61996,0.13822
7490.76271,0.13840
7486.90547,0.13849
7483.04823,0.13856
7479.19099,0.13867
7475.33375,0.13888
7471.47651,0.13920
7467.61927,0.13947
7463.76202,0.13966
7459.90478,0.13994
7456.04754,0.14038
7452.19030,0.14087
7448.33306,0.14135
7444.47582,0.14182
7440.61858,0.14229
7436.76133,0.14284
7432.90409,0.14349
7429.04685,0.14415
7425.18961,0.14474
7421.33237,0.14528
7417.47513,0.14587
7413.61789,0.14648
7409.76065,0.14702
7405.90340,0.14749
7402.04616,0.14803
7398.18892,0.14866
7394.33168,0.14927
7390.47444,0.14986
7386.61720,0.15054
7382.75996,0.15127
7378.90271,0.15199
7375.04547,0.15272
7371.18823,0.15347
7367.33099,0.15423
7363.47375,0.15495
7359.61651,0.15556
7355.75927,0.15607
7351.90202,0.15661
7348.04478,0.15716
7344.18754,0.15769
7340.33030,0.15815
7336.47306,0.15862
7332.61582,0.15913
7328.75858,0.15958
7324.90134,0.15986
7321.04409,0.16000
7317.18685,0.16002
7313.32961,0.15998
7309.47237,0.15996
7305.61513,0.16002
7301.75789,0.16023
7297.90065,0.16053
7294.04340,0.16070
7290.18616,0.16076
7286.32892,0.16090
7282.47168,0.16117
7278.61444,0.16143
7274.75720,0.16162
7270.89996,0.16178
7267.04272,0.16197
7263.18547,0.16221
7259.32823,0.16243
7255.47099,0.16261
7251.61375,0.16280
7247.75651,0.16298
7243.89927,0.16306
7240.04203,0.16303
7236.18478,0.16307
7232.32754,0.16324
7228.47030,0.16345
7224.61306,0.16365
7220.75582,0.16385
7216.89858,0.16399
7213.04134,0.16404
7209.18409,0.16407
7205.32685,0.16415
7201.46961,0.16421
7197.61237,0.16412
7193.75513,0.16401
7189.89789,0.16409
7186.04065,0.16434
7182.18341,0.16459
7178.32616,0.16486
7174.46892,0.16519
7170.61168,0.16552
7166.75444,0.16585
7162.89720,0.16619
7159.03996,0.16657
7155.18272,0.16704
7151.32547,0.16763
7147.46823,0.16829
7143.61099,0.16897
7139.75375,0.16969
7135.89651,0.17045
7132.03927,0.17119
7128.18203,0.17182
7124.32478,0.17245
7120.46754,0.17314
7116.61030,0.17382
7112.75306,0.17447
7108.89582,0.17521
7105.03858,0.17606
7101.18134,0.17694
7097.32410,0.17786
7093.46685,0.17891
7089.60961,0.18001
7085.75237,0.18112
7081.89513,0.18226
7078.03789,0.18344
7074.18065,0.18461
7070.32341,0.18576
7066.46616,0.18692
7062.60892,0.18813
7058.75168,0.18938
7054.89444,0.19062
7051.03720,0.19183
7047.17996,0.19302
7043.32272,0.19424
7039.46548,0.19544
7035.60823,0.19658
7031.75099,0.19769
7027.89375,0.19874
7024.03651,0.19974
7020.17927,0.20072
7016.32203,0.20162
7012.46479,0.20239
7008.60754,0.20311
7004.75030,0.20378
7000.89306,0.20444
6997.03582,0.20519
6993.17858,0.20596
6989.32134,0.20663
6985.46410,0.20723
6981.60685,0.20787
6977.74961,0.20851
6973.89237,0.20905
6970.03513,0.20952
6966.17789,0.20998
6962.32065,0.21038
6958.46341,0.21073
6954.60617,0.21115
6950.74892,0.21164
6946.89168,0.21206
6943.03444,0.21237
6939.17720,0.21263
6935.31996,0.21289
6931.46272,0.21312
6927.60548,0.21334
6923.74823,0.21364
6919.89099,0.21405
6916.03375,0.21445
6912.17651,0.21478
6908.31927,0.21507
6904.46203,0.21537
6900.60479,0.21574
6896.74754,0.21608
6892.89030,0.21634
6889.03306,0.21657
6885.17582,0.21688
6881.31858,0.21731
6877.46134,0.21779
6873.60410,0.21826
6869.74686,0.21870
6865.88961,0.21916
6862.03237,0.21971
6858.17513,0.22030
6854.31789,0.22084
6850.46065,0.22137
6846.60341,0.22196
6842.74617,0.22255
6838.88892,0.22314
6835.03168,0.22373
6831.17444,0.22430
6827.31720,0.22490
6823.45996,0.22553
6819.60272,0.22618
6815.74548,0.22689
6811.88824,0.22764
6808.03099,0.22838
6804.17375,0.22912
6800.31651,0.22987
6796.45927,0.23061
6792.60203,0.23138
6788.74479,0.23219
6784.88755,0.23301
6781.03030,0.23376
6777.17306,0.23442
6773.31582,0.23513
6769.45858,0.23595
6765.60134,0.23671
6761.74410,0.23722
6757.88686,0.23756
6754.02961,0.23790
6750.17237,0.23826
6746.31513,0.23860
6742.45789,0.23888
6738.60065,0.23908
6734.74341,0.23925
6730.88617,0.23949
6727.02893,0.23970
6723.17168,0.23981
6719.31444,0.23991
6715.45720,0.23997
6711.59996,0.23993
6707.74272,0.23989
6703.88548,0.23995
6700.02824,0.23997
6696.17099,0.23982
6692.31375,0.23962
6688.45651,0.23954
6684.59927,0.23954
6680.74203,0.23943
6676.88479,0.23923
6673.02755,0.23903
6669.17030,0.23876
6665.31306,0.23840
6661.45582,0.23808
6657.59858,0.23787
6653.74134,0.23764
6649.88410,0.23729
6646.02686,0.23687
6642.16962,0.23649
6638.31237,0.23615
6634.45513,0.23579
6630.59789,0.23535
6626.74065,0.23482
6622.88341,0.23426
6619.02617,0.23375
6615.16893,0.23327
6611.31168,0.23277
6607.45444,0.23230
6603.59720,0.23191
6599.73996,0.23155
6595.88272,0.23121
6592.02548,0.23090
6588.16824,0.23059
6584.31100,0.23028
6580.45375,0.22999
6576.59651,0.22981
6572.73927,0.22976
6568.88203,0.22974
6565.02479,0.22971
6561.16755,0.22972
6557.31031,0.22978
6553.45306,0.22983
6549.59582,0.22989
6545.73858,0.23003
6541.88134,0.23023
6538.02410,0.23039
6534.16686,0.23054
6530.30962,0.23068
6526.45237,0.23075
6522.59513,0.23081
6518.73789,0.23099
6514.88065,0.23119
6511.02341,0.23132
6507.16617,0.23143
6503.30893,0.23154
6499.45169,0.23161
6495.59444,0.23166
6491.73720,0.23170
6487.87996,0.23168
6484.02272,0.23157
6480.16548,0.23143
6476.30824,0.23131
6472.45100,0.23117
6468.59375,0.23106
6464.73651,0.23099
6460.87927,0.23093
6457.02203,0.23076
6453.16479,0.23050
6449.30755,0.23025
6445.45031,0.23006
6441.59306,0.22989
6437.73582,0.22965
6433.87858,0.22934
6430.02134,0.22902
6426.16410,0.22871
6422.30686,0.22836
6418.44962,0.22794
6414.59238,0.22757
6410.73513,0.22728
6406.87789,0.22705
6403.02065,0.22689
6399.16341,0.22672
6395.30617,0.22655
6391.44893,0.22643
6387.59169,0.22632
6383.73444,0.22615
6379.87720,0.22599
6376.01996,0.22581
6372.16272,0.22559
6368.30548,0.22541
6364.44824,0.22525
6360.59100,0.22509
6356.73376,0.22495
6352.87651,0.22482
6349.01927,0.22472
6345.16203,0.22470
6341.30479,0.22467
6337.44755,0.22461
6333.59031,0.22460
6329.73307,0.22464
6325.87582,0.22464
6322.01858,0.22457
6318.16134,0.22451
6314.30410,0.22449
6310.44686,0.22444
6306.58962,0.22430
6302.73238,0.22408
6298.87513,0.22382
6295.01789,0.22353
6291.16065,0.22320
6287.30341,0.22279
6283.44617,0.22234
6279.58893,0.22185
6275.73169,0.22128
6271.87445,0.22069
6268.01720,0.22007
6264.15996,0.21942
6260.30272,0.21876
6256.44548,0.21807
6252.58824,0.21736
6248.73100,0.21667
6244.87376,0.21596
6241.01651,0.21516
6237.15927,0.21432
6233.30203,0.21351
6229.44479,0.21273
6225.58755,0.21196
6221.73031,0.21130
6217.87307,0.21088
6214.01582,0.21078
6210.15858,0.21105
6206.30134,0.21162
6202.44410,0.21227
6198.58686,0.21269
6194.72962,0.21260
6190.87238,0.21192
6187.01514,0.21080
6183.15789,0.20951
6179.30065,0.20829
6175.44341,0.20732
6171.58617,0.20669
6167.72893,0.20637
6163.87169,0.20631
6160.01445,0.20651
6156.15720,0.20702
6152.29996,0.20778
6148.44272,0.20854
6144.58548,0.20903
6140.72824,0.20913
6136.87100,0.20893
6133.01376,0.20859
6129.15652,0.20840
6125.29927,0.20867
6121.44203,0.20963
6117.58479,0.21137
6113.72755,0.21388
6109.87031,0.21712
6106.01307,0.22099
6102.15583,0.22542
6098.29858,0.23034
6094.44134,0.23549
6090.58410,0.24054
6086.72686,0.24529
6082.86962,0.24974
6079.01238,0.25412
6075.15514,0.25885
6071.29789,0.26439
6067.44065,0.27094
6063.58341,0.27813
6059.72617,0.28520
6055.86893,0.29164
6052.01169,0.29729
6048.15445,0.30239
6044.29721,0.30740
6040.43996,0.31282
6036.58272,0.31889
6032.72548,0.32531
6028.86824,0.33124
6025.01100,0.33573
6021.15376,0.33804
6017.29652,0.33767
6013.43927,0.33439
6009.58203,0.32845
6005.72479,0.32064
6001.86755,0.31204
5998.01031,0.30371
5994.15307,0.29647
5990.29583,0.29086
5986.43858,0.28701
5982.58134,0.28454
5978.72410,0.28251
5974.86686,0.27990
5971.00962,0.27623
5967.15238,0.27191
5963.29514,0.26782
5959.43790,0.26469
5955.58065,0.26277
5951.72341,0.26185
5947.86617,0.26138
5944.00893,0.26066
5940.15169,0.25913
5936.29445,0.25644
5932.43721,0.25262
5928.57996,0.24812
5924.72272,0.24352
5920.86548,0.23929
5917.00824,0.23562
5913.15100,0.23258
5909.29376,0.23029
5905.43652,0.22898
5901.57927,0.22885
5897.72203,0.22980
5893.86479,0.23157
5890.00755,0.23399
5886.15031,0.23673
5882.29307,0.23936
5878.43583,0.24178
5874.57859,0.24404
5870.72134,0.24604
5866.86410,0.24757
5863.00686,0.24838
5859.14962,0.24837
5855.29238,0.24768
5851.43514,0.24665
5847.57790,0.24554
5843.72065,0.24461
5839.86341,0.24400
5836.00617,0.24370
5832.14893,0.24366
5828.29169,0.24384
5824.43445,0.24418
5820.57721,0.24455
5816.71997,0.24487
5812.86272,0.24509
5809.00548,0.24515
5805.14824,0.24500
5801.29100,0.24471
5797.43376,0.24433
5793.57652,0.24395
5789.71928,0.24363
5785.86203,0.24334
5782.00479,0.24297
5778.14755,0.24244
5774.29031,0.24179
5770.43307,0.24107
5766.57583,0.24019
5762.71859,0.23902
5758.86134,0.23755
5755.00410,0.23584
5751.14686,0.23397
5747.28962,0.23198
5743.43238,0.22997
5739.57514,0.22802
5735.71790,0.22620
5731.86066,0.22468
5728.00341,0.22359
5724.14617,0.22293
5720.28893,0.22269
5716.43169,0.22276
5712.57445,0.22294
5708.71721,0.22305
5704.85997,0.22300
5701.00272,0.22278
5697.14548,0.22245
5693.28824,0.22200
5689.43100,0.22150
5685.57376,0.22102
5681.71652,0.22062
5677.85928,0.22037
5674.00203,0.22035
5670.14479,0.22055
5666.28755,0.22091
5662.43031,0.22138
5658.57307,0.22181
5654.71583,0.22202
5650.85859,0.22187
5647.00135,0.22132
5643.14410,0.22047
5639.28686,0.21941
5635.42962,0.21831
5631.57238,0.21729
5627.71514,0.21641
5623.85790,0.21568
5620.00066,0.21513
5616.14341,0.21481
5612.28617,0.21465
5608.42893,0.21461
5604.57169,0.21476
5600.71445,0.21507
5596.85721,0.21545
5592.99997,0.21590
5589.14273,0.21646
5585.28548,0.21709
5581.42824,0.21778
5577.57100,0.21849
5573.71376,0.21913
5569.85652,0.21963
5565.99928,0.21998
5562.14204,0.22015
5558.28479,0.22016
5554.42755,0.22012
5550.57031,0.22009
5546.71307,0.22004
5542.85583,0.21995
5538.99859,0.21985
5535.14135,0.21977
5531.28410,0.21974
5527.42686,0.21965
5523.56962,0.21940
5519.71238,0.21905
5515.85514,0.21866
5511.99790,0.21833
5508.14066,0.21811
5504.28342,0.21808
5500.42617,0.21833
5496.56893,0.21881
5492.71169,0.21939
5488.85445,0.21999
5484.99721,0.22052
5481.13997,0.22086
5477.28273,0.22088
5473.42548,0.22057
5469.56824,0.21999
5465.71100,0.21927
5461.85376,0.21845
5457.99652,0.21750
5454.13928,0.21639
5450.28204,0.21511
5446.42479,0.21367
5442.56755,0.21207
5438.71031,0.21045
5434.85307,0.20898
5430.99583,0.20769
5427.13859,0.20659
5423.28135,0.20571
5419.42411,0.20504
5415.56686,0.20457
5411.70962,0.20427
5407.85238,0.20408
5403.99514,0.20390
5400.13790,0.20373
5396.28066,0.20355
5392.42342,0.20335
5388.56617,0.20316
5384.70893,0.20307
5380.85169,0.20311
5376.99445,0.20325
5373.13721,0.20346
5369.27997,0.20374
5365.42273,0.20405
5361.56549,0.20438
5357.70824,0.20477
5353.85100,0.20518
5349.99376,0.20549
5346.13652,0.20562
5342.27928,0.20561
5338.42204,0.20556
5334.56480,0.20559
5330.70755,0.20571
5326.85031,0.20600
5322.99307,0.20653
5319.13583,0.20731
5315.27859,0.20835
5311.42135,0.20966
5307.56411,0.21117
5303.70686,0.21290
5299.84962,0.21490
5295.99238,0.21716
5292.13514,0.21972
5288.27790,0.22270
5284.42066,0.22617
5280.56342,0.23013
5276.70618,0.23448
5272.84893,0.23909
5268.99169,0.24382
5265.13445,0.24852
5261.27721,0.25294
5257.41997,0.25692
5253.56273,0.26051
5249.70549,0.26380
5245.84824,0.26683
5241.99100,0.26955
5238.13376,0.27189
5234.27652,0.27389
5230.41928,0.27565
5226.56204,0.27723
5222.70480,0.27861
5218.84755,0.27973
5214.99031,0.28063
5211.13307,0.28138
5207.27583,0.28204
5203.41859,0.28260
5199.56135,0.28306
5195.70411,0.28342
5191.84687,0.28377
5187.98962,0.28408
5184.13238,0.28429
5180.27514,0.28445
5176.41790,0.28457
5172.56066,0.28461
5168.70342,0.28456
5164.84618,0.28452
5160.98893,0.28454
5157.13169,0.28464
5153.27445,0.28473
5149.41721,0.28480
5145.55997,0.28486
5141.70273,0.28499
5137.84549,0.28521
5133.98825,0.28549
5130.13100,0.28583
5126.27376,0.28615
5122.41652,0.28616
5118.55928,0.28541
5114.70204,0.28364
5110.84480,0.28096
5106.98756,0.27775
5103.13031,0.27438
5099.27307,0.27113
5095.41583,0.26818
5091.55859,0.26551
5087.70135,0.26310
5083.84411,0.26094
5079.98687,0.25903
5076.12962,0.25732
5072.27238,0.25576
5068.41514,0.25429
5064.55790,0.25291
5060.70066,0.25167
5056.84342,0.25057
5052.98618,0.24963
5049.12894,0.24881
5045.27169,0.24808
5041.41445,0.24742
5037.55721,0.24683
5033.69997,0.24627
5029.84273,0.24573
5025.98549,0.24520
5022.12825,0.24473
5018.27100,0.24433
5014.41376,0.24399
5010.55652,0.24370
5006.69928,0.24340
5002.84204,0.24300
4998.98480,0.24252
4995.12756,0.24211
4991.27031,0.24187
4987.41307,0.24178
4983.55583,0.24183
4979.69859,0.24202
4975.84135,0.24237
4971.98411,0.24294
4968.12687,0.24381
4964.26963,0.24496
4960.41238,0.24637
4956.55514,0.24802
4952.69790,0.24989
4948.84066,0.25195
4944.98342,0.25412
4941.12618,0.25631
4937.26894,0.25857
4933.41169,0.26094
4929.55445,0.26338
4925.69721,0.26589
4921.83997,0.26857
4917.98273,0.27149
4914.12549,0.27460
4910.26825,0.27778
4906.41101,0.28096
4902.55376,0.28422
4898.69652,0.28768
4894.83928,0.29132
4890.98204,0.29500
4887.12480,0.29866
4883.26756,0.30236
4879.41032,0.30608
4875.55307,0.30981
4871.69583,0.31344
4867.83859,0.31687
4863.98135,0.32016
4860.12411,0.32339
4856.26687,0.32662
4852.40963,0.33002
4848.55238,0.33367
4844.69514,0.33758
4840.83790,0.34179
4836.98066,0.34628
4833.12342,0.35091
4829.26618,0.35556
4825.40894,0.36014
4821.55170,0.36451
4817.69445,0.36854
4813.83721,0.37221
4809.97997,0.37562
4806.12273,0.37880
4802.26549,0.38161
4798.40825,0.38392
4794.55101,0.38565
4790.69376,0.38683
4786.83652,0.38753
4782.97928,0.38792
4779.12204,0.38814
4775.26480,0.38834
4771.40756,0.38875
4767.55032,0.38962
4763.69307,0.39105
4759.83583,0.39303
4755.97859,0.39558
4752.12135,0.39864
4748.26411,0.40176
4744.40687,0.40461
4740.54963,0.40733
4736.69239,0.41034
4732.83514,0.41410
4728.97790,0.41884
4725.12066,0.42396
4721.26342,0.42804
4717.40618,0.43009
4713.54894,0.43071
4709.69170,0.43173
4705.83445,0.43486
4701.97721,0.44066
4698.11997,0.44794
4694.26273,0.45409
4690.40549,0.45632
4686.54825,0.45327
4682.69101,0.44548
4678.83377,0.43482
4674.97652,0.42377
4671.11928,0.41453
4667.26204,0.40808
4663.40480,0.40409
4659.54756,0.40185
4655.69032,0.40119
4651.83308,0.40268
4647.97583,0.40683
4644.11859,0.41304
4640.26135,0.41922
4636.40411,0.42251
4632.54687,0.42056
4628.68963,0.41282
4624.83239,0.40116
4620.97514,0.38881
4617.11790,0.37843
4613.26066,0.37103
4609.40342,0.36656
4605.54618,0.36489
4601.68894,0.36600
4597.83170,0.36932
4593.97446,0.37327
4590.11721,0.37650
4586.25997,0.37907
4582.40273,0.38070
4578.54549,0.37925
4574.68825,0.37309
4570.83101,0.36350
4566.97377,0.35351
4563.11652,0.34555
4559.25928,0.34050
4555.40204,0.33788
4551.54480,0.33661
4547.68756,0.33582
4543.83032,0.33512
4539.97308,0.33455
4536.11583,0.33431
4532.25859,0.33451
4528.40135,0.33524
4524.54411,0.33660
4520.68687,0.33869
4516.82963,0.34154
4512.97239,0.34539
4509.11515,0.35067
4505.25790,0.35782
4501.40066,0.36707
4497.54342,0.37796
4493.68618,0.38912
4489.82894,0.39886
4485.97170,0.40642
4482.11446,0.41272
4478.25721,0.41960
4474.39997,0.42888
4470.54273,0.44181
4466.68549,0.45830
4462.82825,0.47576
4458.97101,0.48959
4455.11377,0.49713
4451.25653,0.50053
4447.39928,0.50388
4443.54204,0.50905
4439.68480,0.51516
4435.82756,0.52018
4431.97032,0.52212
4428.11308,0.52006
4424.25584,0.51489
4420.39859,0.50905
4416.54135,0.50523
4412.68411,0.50454
4408.82687,0.50596
4404.96963,0.50715
4401.11239,0.50621
4397.25515,0.50283
4393.39790,0.49789
4389.54066,0.49259
4385.68342,0.48775
4381.82618,0.48381
4377.96894,0.48096
4374.11170,0.47930
4370.25446,0.47895
4366.39722,0.47990
4362.53997,0.48160
4358.68273,0.48328
4354.82549,0.48475
4350.96825,0.48655
4347.11101,0.48926
4343.25377,0.49275
4339.39653,0.49628
4335.53928,0.49913
4331.68204,0.50126
4327.82480,0.50314
4323.96756,0.50522
4320.11032,0.50783
4316.25308,0.51143
4312.39584,0.51638
4308.53859,0.52250
4304.68135,0.52917
4300.82411,0.53565
4296.96687,0.54120
4293.10963,0.54501
4289.25239,0.54670
4285.39515,0.54672
4281.53791,0.54585
4277.68066,0.54444
4273.82342,0.54244
4269.96618,0.53980
4266.10894,0.53684
4262.25170,0.53422
4258.39446,0.53263
4254.53722,0.53238
4250.67997,0.53311
4246.82273,0.53381
4242.96549,0.53349
4239.10825,0.53204
4235.25101,0.53040
4231.39377,0.52926
4227.53653,0.52825
4223.67929,0.52648
4219.82204,0.52355
4215.96480,0.51986
4212.10756,0.51625
4208.25032,0.51324
4204.39308,0.51075
4200.53584,0.50869
4196.67860,0.50753
4192.82135,0.50820
4188.96411,0.51131
4185.10687,0.51650
4181.24963,0.52188
4177.39239,0.52436
4173.53515,0.52189
4169.67791,0.51541
4165.82066,0.50772
4161.96342,0.50121
4158.10618,0.49683
4154.24894,0.49462
4150.39170,0.49455
4146.53446,0.49668
4142.67722,0.50080
4138.81998,0.50608
4134.96273,0.51115
4131.10549,0.51503
4127.24825,0.51789
4123.39101,0.52075
4119.53377,0.52471
4115.67653,0.53056
4111.81929,0.53867
4107.96204,0.54921
4104.10480,0.56287
4100.24756,0.58102
4096.39032,0.60251
4092.53308,0.62019
4088.67584,0.62594
4084.81860,0.61932
4080.96135,0.60583
4077.10411,0.59075
4073.24687,0.57797
4069.38963,0.56957
4065.53239,0.56526
4061.67515,0.56359
4057.81791,0.56352
4053.96067,0.56457
4050.10342,0.56616
4046.24618,0.56757
4042.38894,0.56837
4038.53170,0.56867
4034.67446,0.56878
4030.81722,0.56890
4026.95998,0.56904
4023.10273,0.56916
4019.24549,0.56909
4015.38825,0.56850
4011.53101,0.56712
4007.67377,0.56513
4003.81653,0.56281
3999.95929,0.56012
3996.10205,0.55688
3992.24480,0.55340
3988.38756,0.55030
3984.53032,0.54796
3980.67308,0.54639
3976.81584,0.54518
3972.95860,0.54383
3969.10136,0.54201
3965.24411,0.53949
3961.38687,0.53632
3957.52963,0.53289
3953.67239,0.52957
3949.81515,0.52634
3945.95791,0.52325
3942.10067,0.52047
3938.24342,0.51797
3934.38618,0.51563
3930.52894,0.51345
3926.67170,0.51145
3922.81446,0.50950
3918.95722,0.50745
3915.09998,0.50525
3911.24274,0.50282
3907.38549,0.49981
3903.52825,0.49599
3899.67101,0.49183
3895.81377,0.48787
3891.95653,0.48425
3888.09929,0.48116
3884.24205,0.47876
3880.38480,0.47692
3876.52756,0.47507
3872.67032,0.47251
3868.81308,0.46913
3864.95584,0.46556
3861.09860,0.46235
3857.24136,0.45942
3853.38411,0.45654
3849.52687,0.45415
3845.66963,0.45245
3841.81239,0.45104
3837.95515,0.44997
3834.09791,0.44939
3830.24067,0.44913
3826.38343,0.44925
3822.52618,0.45033
3818.66894,0.45300
3814.81170,0.45668
3810.95446,0.45976
3807.09722,0.46124
3803.23998,0.46068
3799.38274,0.45825
3795.52549,0.45519
3791.66825,0.45287
3787.81101,0.45183
3783.95377,0.45209
3780.09653,0.45352
3776.23929,0.45582
3772.38205,0.45854
3768.52481,0.46169
3764.66756,0.46527
3760.81032,0.46829
3756.95308,0.46895
3753.09584,0.46634
3749.23860,0.46202
3745.38136,0.45932
3741.52412,0.45993
3737.66687,0.46319
3733.80963,0.46744
3729.95239,0.47007
3726.09515,0.47022
3722.23791,0.46974
3718.38067,0.47066
3714.52343,0.47388
3710.66618,0.47994
3706.80894,0.48868
3702.95170,0.49963
3699.09446,0.51306
3695.23722,0.52918
3691.37998,0.54868
3687.52274,0.56862
3683.66550,0.58186
3679.80825,0.58886
3675.95101,0.59607
3672.09377,0.60782
3668.23653,0.62306
3664.37929,0.63934
3660.52205,0.65625
3656.66481,0.67377
3652.80756,0.69129
3648.95032,0.70875
3645.09308,0.72520
3641.23584,0.73879
3637.37860,0.75024
3633.52136,0.76095
3629.66412,0.77225
3625.80687,0.78361
3621.94963,0.79339
3618.09239,0.80222
3614.23515,0.81032
3610.37791,0.82008
3606.52067,0.83156
3602.66343,0.84067
3598.80619,0.84850
