12493.60475,0.14538
12489.74751,0.14976
12485.89027,0.15144
12482.03303,0.14874
12478.17579,0.14487
12474.31855,0.14445
12470.46130,0.14783
12466.60406,0.15017
12462.74682,0.15000
12458.88958,0.14951
12455.03234,0.14857
12451.17510,0.14738
12447.31786,0.14569
12443.46062,0.14301
12439.60337,0.14156
12435.74613,0.14067
12431.88889,0.13880
12428.03165,0.13874
12424.17441,0.14194
12420.31717,0.14596
12416.45993,0.14678
12412.60268,0.14249
12408.74544,0.13754
12404.88820,0.13814
12401.03096,0.14366
12397.17372,0.14898
12393.31648,0.15137
12389.45924,0.15119
12385.60199,0.14918
12381.74475,0.14558
12377.88751,0.14282
12374.03027,0.14366
12370.17303,0.14609
12366.31579,0.14649
12362.45855,0.14480
12358.60131,0.14439
12354.74406,0.14739
12350.88682,0.14993
12347.02958,0.14707
12343.17234,0.14255
12339.31510,0.14362
12335.45786,0.14799
12331.60062,0.14915
12327.74337,0.14773
12323.88613,0.14748
12320.02889,0.14832
12316.17165,0.14775
12312.31441,0.14577
12308.45717,0.14515
12304.59993,0.14732
12300.74268,0.14934
12296.88544,0.14684
12293.02820,0.14236
12289.17096,0.14221
12285.31372,0.14503
12281.45648,0.14573
12277.59924,0.14550
12273.74200,0.14712
12269.88475,0.14861
12266.02751,0.14832
12262.17027,0.14630
12258.31303,0.14205
12254.45579,0.13852
12250.59855,0.13970
12246.74131,0.14403
12242.88406,0.14680
12239.02682,0.14638
12235.16958,0.14529
12231.31234,0.14524
12227.45510,0.14491
12223.59786,0.14429
12219.74062,0.14402
12215.88338,0.14334
12212.02613,0.14319
12208.16889,0.14435
12204.31165,0.14525
12200.45441,0.14488
12196.59717,0.14397
12192.73993,0.14382
12188.88269,0.14356
12185.02544,0.14219
12181.16820,0.14129
12177.31096,0.14131
12173.45372,0.14112
12169.59648,0.14087
12165.73924,0.14080
12161.88200,0.14042
12158.02475,0.14040
12154.16751,0.14173
12150.31027,0.14317
12146.45303,0.14350
12142.59579,0.14313
12138.73855,0.14242
12134.88131,0.14166
12131.02407,0.14071
12127.16682,0.13941
12123.30958,0.13847
12119.45234,0.13844
12115.59510,0.13894
12111.73786,0.13973
12107.88062,0.14084
12104.02338,0.14183
12100.16613,0.14253
12096.30889,0.14292
12092.45165,0.14293
12088.59441,0.14284
12084.73717,0.14253
12080.87993,0.14172
12077.02269,0.14084
12073.16544,0.14088
12069.30820,0.14183
12065.45096,0.14282
12061.59372,0.14338
12057.73648,0.14184
12053.87924,0.13837
12050.02200,0.13657
12046.16476,0.13655
12042.30751,0.13657
12038.45027,0.13718
12034.59303,0.13808
12030.73579,0.13965
12026.87855,0.14315
12023.02131,0.14634
12019.16407,0.14666
12015.30682,0.14522
12011.44958,0.14386
12007.59234,0.14321
12003.73510,0.14339
11999.87786,0.14412
11996.02062,0.14528
11992.16338,0.14609
11988.30614,0.14585
11984.44889,0.14614
11980.59165,0.14759
11976.73441,0.14768
11972.87717,0.14567
11969.01993,0.14453
11965.16269,0.14611
11961.30545,0.14803
11957.44820,0.14765
11953.59096,0.14615
11949.73372,0.14525
11945.87648,0.14564
11942.01924,0.14712
11938.16200,0.14750
11934.30476,0.14625
11930.44751,0.14484
11926.59027,0.14494
11922.73303,0.14693
11918.87579,0.14752
11915.01855,0.14549
11911.16131,0.14415
11907.30407,0.14518
11903.44683,0.14732
11899.58958,0.14818
11895.73234,0.14675
11891.87510,0.14438
11888.01786,0.14269
11884.16062,0.14253
11880.30338,0.14388
11876.44614,0.14551
11872.58889,0.14556
11868.73165,0.14465
11864.87441,0.14497
11861.01717,0.14534
11857.15993,0.14384
11853.30269,0.14187
11849.44545,0.14107
11845.58820,0.14264
11841.73096,0.14652
11837.87372,0.14899
11834.01648,0.14847
11830.15924,0.14763
11826.30200,0.14749
11822.44476,0.14710
11818.58752,0.14592
11814.73027,0.14464
11810.87303,0.14396
11807.01579,0.14322
11803.15855,0.14280
11799.30131,0.14373
11795.44407,0.14447
11791.58683,0.14364
11787.72958,0.14324
11783.87234,0.14493
11780.01510,0.14774
11776.15786,0.14984
11772.30062,0.15001
11768.44338,0.14925
11764.58614,0.14965
11760.72890,0.15079
11756.87165,0.15127
11753.01441,0.15175
11749.15717,0.15191
11745.29993,0.15054
11741.44269,0.14938
11737.58545,0.14971
11733.72821,0.14961
11729.87096,0.14793
11726.01372,0.14618
11722.15648,0.14624
11718.29924,0.14776
11714.44200,0.14823
11710.58476,0.14664
11706.72752,0.14595
11702.87027,0.14775
11699.01303,0.14900
11695.15579,0.14798
11691.29855,0.14649
11687.44131,0.14625
11683.58407,0.14648
11679.72683,0.14622
11675.86959,0.14652
11672.01234,0.14688
11668.15510,0.14544
11664.29786,0.14386
11660.44062,0.14402
11656.58338,0.14426
11652.72614,0.14408
11648.86890,0.14488
11645.01165,0.14616
11641.15441,0.14656
11637.29717,0.14534
11633.43993,0.14315
11629.58269,0.14263
11625.72545,0.14440
11621.86821,0.14577
11618.01096,0.14583
11614.15372,0.14595
11610.29648,0.14653
11606.43924,0.14694
11602.58200,0.14653
11598.72476,0.14541
11594.86752,0.14407
11591.01028,0.14311
11587.15303,0.14291
11583.29579,0.14294
11579.43855,0.14313
11575.58131,0.14333
11571.72407,0.14308
11567.86683,0.14272
11564.00959,0.14289
11560.15234,0.14400
11556.29510,0.14514
11552.43786,0.14549
11548.58062,0.14567
11544.72338,0.14554
11540.86614,0.14515
11537.00890,0.14540
11533.15166,0.14575
11529.29441,0.14507
11525.43717,0.14397
11521.57993,0.14367
11517.72269,0.14346
11513.86545,0.14251
11510.00821,0.14251
11506.15097,0.14423
11502.29372,0.14558
11498.43648,0.14528
11494.57924,0.14407
11490.72200,0.14269
11486.86476,0.14139
11483.00752,0.14079
11479.15028,0.14176
11475.29303,0.14331
11471.43579,0.14356
11467.57855,0.14289
11463.72131,0.14243
11459.86407,0.14266
11456.00683,0.14416
11452.14959,0.14598
11448.29235,0.14650
11444.43510,0.14537
11440.57786,0.14331
11436.72062,0.14254
11432.86338,0.14394
11429.00614,0.14480
11425.14890,0.14358
11421.29166,0.14219
11417.43441,0.14249
11413.57717,0.14404
11409.71993,0.14520
11405.86269,0.14512
11402.00545,0.14448
11398.14821,0.14429
11394.29097,0.14430
11390.43372,0.14467
11386.57648,0.14592
11382.71924,0.14626
11378.86200,0.14440
11375.00476,0.14276
11371.14752,0.14326
11367.29028,0.14409
11363.43304,0.14308
11359.57579,0.14188
11355.71855,0.14316
11351.86131,0.14557
11348.00407,0.14611
11344.14683,0.14469
11340.28959,0.14256
11336.43235,0.14105
11332.57510,0.14124
11328.71786,0.14239
11324.86062,0.14300
11321.00338,0.14270
11317.14614,0.14221
11313.28890,0.14242
11309.43166,0.14288
11305.57442,0.14272
11301.71717,0.14250
11297.85993,0.14283
11294.00269,0.14304
11290.14545,0.14257
11286.28821,0.14175
11282.43097,0.14088
11278.57373,0.13953
11274.71648,0.13750
11270.85924,0.13630
11267.00200,0.13691
11263.14476,0.13816
11259.28752,0.13939
11255.43028,0.14099
11251.57304,0.14292
11247.71579,0.14474
11243.85855,0.14616
11240.00131,0.14692
11236.14407,0.14640
11232.28683,0.14492
11228.42959,0.14372
11224.57235,0.14320
11220.71511,0.14257
11216.85786,0.14073
11213.00062,0.13795
11209.14338,0.13624
11205.28614,0.13640
11201.42890,0.13668
11197.57166,0.13635
11193.71442,0.13656
11189.85717,0.13790
11185.99993,0.14056
11182.14269,0.14317
11178.28545,0.14315
11174.42821,0.14082
11170.57097,0.13919
11166.71373,0.13960
11162.85648,0.14018
11158.99924,0.13896
11155.14200,0.13726
11151.28476,0.13752
11147.42752,0.13880
11143.57028,0.13877
11139.71304,0.13824
11135.85580,0.13922
11131.99855,0.14105
11128.14131,0.14181
11124.28407,0.14161
11120.42683,0.14190
11116.56959,0.14226
11112.71235,0.14191
11108.85511,0.14171
11104.99786,0.14201
11101.14062,0.14189
11097.28338,0.14114
11093.42614,0.14121
11089.56890,0.14258
11085.71166,0.14329
11081.85442,0.14234
11077.99718,0.14139
11074.13993,0.14157
11070.28269,0.14199
11066.42545,0.14230
11062.56821,0.14285
11058.71097,0.14327
11054.85373,0.14322
11050.99649,0.14288
11047.13924,0.14253
11043.28200,0.14233
11039.42476,0.14204
11035.56752,0.14185
11031.71028,0.14204
11027.85304,0.14164
11023.99580,0.14055
11020.13855,0.14044
11016.28131,0.14175
11012.42407,0.14262
11008.56683,0.14162
11004.70959,0.14022
11000.85235,0.13998
10996.99511,0.14006
10993.13787,0.14021
10989.28062,0.14076
10985.42338,0.14070
10981.56614,0.13974
10977.70890,0.13881
10973.85166,0.13849
10969.99442,0.13855
10966.13718,0.13875
10962.27993,0.13941
10958.42269,0.14024
10954.56545,0.14036
10950.70821,0.13972
10946.85097,0.13910
10942.99373,0.13899
10939.13649,0.13914
10935.27924,0.13907
10931.42200,0.13873
10927.56476,0.13836
10923.70752,0.13792
10919.85028,0.13766
10915.99304,0.13804
10912.13580,0.13853
10908.27856,0.13837
10904.42131,0.13826
10900.56407,0.13920
10896.70683,0.14016
10892.84959,0.13979
10888.99235,0.13933
10885.13511,0.13979
10881.27787,0.13993
10877.42062,0.13945
10873.56338,0.13934
10869.70614,0.13957
10865.84890,0.13936
10861.99166,0.13858
10858.13442,0.13746
10854.27718,0.13618
10850.41993,0.13530
10846.56269,0.13507
10842.70545,0.13543
10838.84821,0.13631
10834.99097,0.13661
10831.13373,0.13591
10827.27649,0.13546
10823.41925,0.13587
10819.56200,0.13643
10815.70476,0.13637
10811.84752,0.13615
10807.99028,0.13635
10804.13304,0.13641
10800.27580,0.13628
10796.41856,0.13676
10792.56131,0.13772
10788.70407,0.13813
10784.84683,0.13747
10780.98959,0.13640
10777.13235,0.13590
10773.27511,0.13630
10769.41787,0.13735
10765.56063,0.13819
10761.70338,0.13796
10757.84614,0.13751
10753.98890,0.13787
10750.13166,0.13817
10746.27442,0.13756
10742.41718,0.13700
10738.55994,0.13732
10734.70269,0.13799
10730.84545,0.13833
10726.98821,0.13836
10723.13097,0.13821
10719.27373,0.13740
10715.41649,0.13590
10711.55925,0.13483
10707.70200,0.13481
10703.84476,0.13520
10699.98752,0.13561
10696.13028,0.13622
10692.27304,0.13667
10688.41580,0.13654
10684.55856,0.13661
10680.70132,0.13735
10676.84407,0.13799
10672.98683,0.13810
10669.12959,0.13778
10665.27235,0.13700
10661.41511,0.13619
10657.55787,0.13623
10653.70063,0.13697
10649.84338,0.13757
10645.98614,0.13768
10642.12890,0.13719
10638.27166,0.13659
10634.41442,0.13667
10630.55718,0.13698
10626.69994,0.13691
10622.84269,0.13688
10618.98545,0.13687
10615.12821,0.13627
10611.27097,0.13550
10607.41373,0.13566
10603.55649,0.13646
10599.69925,0.13652
10595.84201,0.13579
10591.98476,0.13523
10588.12752,0.13494
10584.27028,0.13485
10580.41304,0.13537
10576.55580,0.13612
10572.69856,0.13612
10568.84132,0.13537
10564.98407,0.13472
10561.12683,0.13451
10557.26959,0.13449
10553.41235,0.13443
10549.55511,0.13430
10545.69787,0.13431
10541.84063,0.13437
10537.98339,0.13448
10534.12614,0.13465
10530.26890,0.13428
10526.41166,0.13330
10522.55442,0.13263
10518.69718,0.13262
10514.83994,0.13243
10510.98270,0.13195
10507.12545,0.13234
10503.26821,0.13364
10499.41097,0.13422
10495.55373,0.13335
10491.69649,0.13227
10487.83925,0.13208
10483.98201,0.13256
10480.12476,0.13338
10476.26752,0.13413
10472.41028,0.13416
10468.55304,0.13391
10464.69580,0.13410
10460.83856,0.13441
10456.98132,0.13447
10453.12408,0.13445
10449.26683,0.13444
10445.40959,0.13430
10441.55235,0.13368
10437.69511,0.13277
10433.83787,0.13223
10429.98063,0.13210
10426.12339,0.13229
10422.26614,0.13249
10418.40890,0.13199
10414.55166,0.13098
10410.69442,0.13034
10406.83718,0.13069
10402.97994,0.13169
10399.12270,0.13202
10395.26545,0.13147
10391.40821,0.13111
10387.55097,0.13134
10383.69373,0.13187
10379.83649,0.13224
10375.97925,0.13215
10372.12201,0.13182
10368.26477,0.13175
10364.40752,0.13190
10360.55028,0.13195
10356.69304,0.13219
10352.83580,0.13254
10348.97856,0.13252
10345.12132,0.13222
10341.26408,0.13202
10337.40683,0.13217
10333.54959,0.13262
10329.69235,0.13311
10325.83511,0.13340
10321.97787,0.13338
10318.12063,0.13332
10314.26339,0.13318
10310.40615,0.13256
10306.54890,0.13197
10302.69166,0.13203
10298.83442,0.13242
10294.97718,0.13296
10291.11994,0.13361
10287.26270,0.13386
10283.40546,0.13372
10279.54821,0.13381
10275.69097,0.13430
10271.83373,0.13468
10267.97649,0.13439
10264.11925,0.13341
10260.26201,0.13248
10256.40477,0.13242
10252.54752,0.13300
10248.69028,0.13332
10244.83304,0.13306
10240.97580,0.13252
10237.11856,0.13232
10233.26132,0.13246
10229.40408,0.13238
10225.54684,0.13222
10221.68959,0.13244
10217.83235,0.13272
10213.97511,0.13257
10210.11787,0.13227
10206.26063,0.13220
10202.40339,0.13231
10198.54615,0.13266
10194.68890,0.13320
10190.83166,0.13354
10186.97442,0.13354
10183.11718,0.13346
10179.25994,0.13362
10175.40270,0.13375
10171.54546,0.13359
10167.68821,0.13348
10163.83097,0.13355
10159.97373,0.13355
10156.11649,0.13354
10152.25925,0.13391
10148.40201,0.13461
10144.54477,0.13500
10140.68753,0.13480
10136.83028,0.13446
10132.97304,0.13441
10129.11580,0.13470
10125.25856,0.13510
10121.40132,0.13529
10117.54408,0.13505
10113.68684,0.13455
10109.82959,0.13413
10105.97235,0.13361
10102.11511,0.13312
10098.25787,0.13316
10094.40063,0.13352
10090.54339,0.13366
10086.68615,0.13350
10082.82891,0.13318
10078.97166,0.13280
10075.11442,0.13246
10071.25718,0.13234
10067.39994,0.13253
10063.54270,0.13315
10059.68546,0.13389
10055.82822,0.13424
10051.97097,0.13447
10048.11373,0.13483
10044.25649,0.13485
10040.39925,0.13449
10036.54201,0.13439
10032.68477,0.13466
10028.82753,0.13484
10024.97028,0.13479
10021.11304,0.13462
10017.25580,0.13428
10013.39856,0.13388
10009.54132,0.13359
10005.68408,0.13311
10001.82684,0.13250
9997.96960,0.13247
9994.11235,0.13288
9990.25511,0.13296
9986.39787,0.13286
9982.54063,0.13306
9978.68339,0.13343
9974.82615,0.13374
9970.96891,0.13399
9967.11166,0.13417
9963.25442,0.13446
9959.39718,0.13494
9955.53994,0.13519
9951.68270,0.13493
9947.82546,0.13454
9943.96822,0.13451
9940.11097,0.13457
9936.25373,0.13418
9932.39649,0.13358
9928.53925,0.13340
9924.68201,0.13343
9920.82477,0.13347
9916.96753,0.13373
9913.11029,0.13385
9909.25304,0.13354
9905.39580,0.13316
9901.53856,0.13287
9897.68132,0.13266
9893.82408,0.13264
9889.96684,0.13294
9886.10960,0.13343
9882.25235,0.13373
9878.39511,0.13385
9874.53787,0.13378
9870.68063,0.13337
9866.82339,0.13308
9862.96615,0.13308
9859.10891,0.13300
9855.25167,0.13308
9851.39442,0.13336
9847.53718,0.13348
9843.67994,0.13356
9839.82270,0.13374
9835.96546,0.13367
9832.10822,0.13324
9828.25098,0.13313
9824.39373,0.13346
9820.53649,0.13355
9816.67925,0.13313
9812.82201,0.13262
9808.96477,0.13240
9805.10753,0.13226
9801.25029,0.13215
9797.39304,0.13248
9793.53580,0.13331
9789.67856,0.13400
9785.82132,0.13396
9781.96408,0.13347
9778.10684,0.13323
9774.24960,0.13322
9770.39236,0.13312
9766.53511,0.13288
9762.67787,0.13265
9758.82063,0.13263
9754.96339,0.13262
9751.10615,0.13234
9747.24891,0.13235
9743.39167,0.13272
9739.53442,0.13263
9735.67718,0.13216
9731.81994,0.13189
9727.96270,0.13182
9724.10546,0.13190
9720.24822,0.13206
9716.39098,0.13201
9712.53373,0.13171
9708.67649,0.13164
9704.81925,0.13207
9700.96201,0.13240
9697.10477,0.13221
9693.24753,0.13191
9689.39029,0.13195
9685.53305,0.13220
9681.67580,0.13236
9677.81856,0.13222
9673.96132,0.13189
9670.10408,0.13175
9666.24684,0.13183
9662.38960,0.13201
9658.53236,0.13208
9654.67511,0.13189
9650.81787,0.13170
9646.96063,0.13170
9643.10339,0.13139
9639.24615,0.13070
9635.38891,0.13038
9631.53167,0.13070
9627.67443,0.13107
9623.81718,0.13113
9619.95994,0.13103
9616.10270,0.13092
9612.24546,0.13081
9608.38822,0.13083
9604.53098,0.13094
9600.67374,0.13103
9596.81649,0.13101
9592.95925,0.13088
9589.10201,0.13085
9585.24477,0.13089
9581.38753,0.13067
9577.53029,0.13034
9573.67305,0.13035
9569.81580,0.13056
9565.95856,0.13056
9562.10132,0.13054
9558.24408,0.13066
9554.38684,0.13065
9550.52960,0.13052
9546.67236,0.13054
9542.81512,0.13055
9538.95787,0.13037
9535.10063,0.13028
9531.24339,0.13045
9527.38615,0.13085
9523.52891,0.13139
9519.67167,0.13169
9515.81443,0.13144
9511.95718,0.13100
9508.09994,0.13069
9504.24270,0.13035
9500.38546,0.13001
9496.52822,0.12997
9492.67098,0.13014
9488.81374,0.13012
9484.95649,0.12982
9481.09925,0.12961
9477.24201,0.12976
9473.38477,0.12996
9469.52753,0.12991
9465.67029,0.12984
9461.81305,0.13005
9457.95581,0.13024
9454.09856,0.12997
9450.24132,0.12945
9446.38408,0.12917
9442.52684,0.12915
9438.66960,0.12937
9434.81236,0.12974
9430.95512,0.12994
9427.09787,0.12999
9423.24063,0.12996
9419.38339,0.12978
9415.52615,0.12953
9411.66891,0.12922
9407.81167,0.12908
9403.95443,0.12933
9400.09719,0.12971
9396.23994,0.12979
9392.38270,0.12968
9388.52546,0.12965
9384.66822,0.12956
9380.81098,0.12954
9376.95374,0.12966
9373.09650,0.12965
9369.23925,0.12958
9365.38201,0.12952
9361.52477,0.12947
9357.66753,0.12959
9353.81029,0.12979
9349.95305,0.12985
9346.09581,0.12978
9342.23856,0.12952
9338.38132,0.12919
9334.52408,0.12919
9330.66684,0.12953
9326.80960,0.12979
9322.95236,0.12974
9319.09512,0.12961
9315.23788,0.12963
9311.38063,0.12965
9307.52339,0.12948
9303.66615,0.12924
9299.80891,0.12917
9295.95167,0.12927
9292.09443,0.12930
9288.23719,0.12922
9284.37994,0.12926
9280.52270,0.12934
9276.66546,0.12910
9272.80822,0.12872
9268.95098,0.12873
9265.09374,0.12903
9261.23650,0.12921
9257.37925,0.12931
9253.52201,0.12932
9249.66477,0.12909
9245.80753,0.12872
9241.95029,0.12843
9238.09305,0.12838
9234.23581,0.12867
9230.37857,0.12909
9226.52132,0.12931
9222.66408,0.12928
9218.80684,0.12916
9214.94960,0.12917
9211.09236,0.12922
9207.23512,0.12910
9203.37788,0.12884
9199.52063,0.12863
9195.66339,0.12855
9191.80615,0.12856
9187.94891,0.12859
9184.09167,0.12869
9180.23443,0.12890
9176.37719,0.12911
9172.51995,0.12918
9168.66270,0.12919
9164.80546,0.12923
9160.94822,0.12902
9157.09098,0.12859
9153.23374,0.12847
9149.37650,0.12869
9145.51926,0.12889
9141.66201,0.12895
9137.80477,0.12890
9133.94753,0.12893
9130.09029,0.12914
9126.23305,0.12934
9122.37581,0.12928
9118.51857,0.12910
9114.66132,0.12910
9110.80408,0.12931
9106.94684,0.12943
9103.08960,0.12946
9099.23236,0.12948
9095.37512,0.12931
9091.51788,0.12900
9087.66064,0.12892
9083.80339,0.12909
9079.94615,0.12923
9076.08891,0.12931
9072.23167,0.12940
9068.37443,0.12941
9064.51719,0.12938
9060.65995,0.12943
9056.80270,0.12950
9052.94546,0.12959
9049.08822,0.12969
9045.23098,0.12962
9041.37374,0.12936
9037.51650,0.12918
9033.65926,0.12929
9029.80201,0.12959
9025.94477,0.12989
9022.08753,0.13015
9018.23029,0.13032
9014.37305,0.13035
9010.51581,0.13029
9006.65857,0.13025
9002.80133,0.13036
8998.94408,0.13063
8995.08684,0.13090
8991.22960,0.13094
8987.37236,0.13087
8983.51512,0.13096
8979.65788,0.13123
8975.80064,0.13151
8971.94339,0.13174
8968.08615,0.13209
8964.22891,0.13242
8960.37167,0.13255
8956.51443,0.13273
8952.65719,0.13314
8948.79995,0.13358
8944.94271,0.13388
8941.08546,0.13408
8937.22822,0.13436
8933.37098,0.13479
8929.51374,0.13530
8925.65650,0.13584
8921.79926,0.13646
8917.94202,0.13709
8914.08477,0.13766
8910.22753,0.13831
8906.37029,0.13909
8902.51305,0.13987
8898.65581,0.14057
8894.79857,0.14121
8890.94133,0.14179
8887.08408,0.14249
8883.22684,0.14337
8879.36960,0.14419
8875.51236,0.14471
8871.65512,0.14502
8867.79788,0.14542
8863.94064,0.14578
8860.08340,0.14583
8856.22615,0.14582
8852.36891,0.14595
8848.51167,0.14603
8844.65443,0.14595
8840.79719,0.14564
8836.93995,0.14507
8833.08271,0.14444
8829.22546,0.14388
8825.36822,0.14331
8821.51098,0.14274
8817.65374,0.14227
8813.79650,0.14177
8809.93926,0.14104
8806.08202,0.14020
8802.22477,0.13957
8798.36753,0.13904
8794.51029,0.13829
8790.65305,0.13744
8786.79581,0.13677
8782.93857,0.13627
8779.08133,0.13583
8775.22409,0.13551
8771.36684,0.13524
8767.50960,0.13499
8763.65236,0.13483
8759.79512,0.13479
8755.93788,0.13468
8752.08064,0.13444
8748.22340,0.13424
8744.36615,0.13417
8740.50891,0.13406
8736.65167,0.13392
8732.79443,0.13383
8728.93719,0.13367
8725.07995,0.13356
8721.22271,0.13374
8717.36547,0.13387
8713.50822,0.13373
8709.65098,0.13367
8705.79374,0.13375
8701.93650,0.13380
8698.07926,0.13395
8694.22202,0.13426
8690.36478,0.13452
8686.50753,0.13465
8682.65029,0.13469
8678.79305,0.13460
8674.93581,0.13442
8671.07857,0.13432
8667.22133,0.13442
8663.36409,0.13476
8659.50684,0.13520
8655.64960,0.13552
8651.79236,0.13574
8647.93512,0.13601
8644.07788,0.13629
8640.22064,0.13637
8636.36340,0.13633
8632.50616,0.13641
8628.64891,0.13641
8624.79167,0.13623
8620.93443,0.13620
8617.07719,0.13655
8613.21995,0.13709
8609.36271,0.13754
8605.50547,0.13776
8601.64822,0.13785
8597.79098,0.13804
8593.93374,0.13841
8590.07650,0.13871
8586.21926,0.13876
8582.36202,0.13878
8578.50478,0.13897
8574.64753,0.13912
8570.79029,0.13915
8566.93305,0.13924
8563.07581,0.13950
8559.21857,0.13979
8555.36133,0.13998
8551.50409,0.14010
8547.64685,0.14011
8543.78960,0.14004
8539.93236,0.14014
8536.07512,0.14044
8532.21788,0.14073
8528.36064,0.14096
8524.50340,0.14117
8520.64616,0.14132
8516.78891,0.14144
8512.93167,0.14155
8509.07443,0.14163
8505.21719,0.14170
8501.35995,0.14184
8497.50271,0.14198
8493.64547,0.14205
8489.78822,0.14216
8485.93098,0.14233
8482.07374,0.14234
8478.21650,0.14220
8474.35926,0.14209
8470.50202,0.14201
8466.64478,0.14199
8462.78754,0.14205
8458.93029,0.14203
8455.07305,0.14190
8451.21581,0.14175
8447.35857,0.14162
8443.50133,0.14157
8439.64409,0.14158
8435.78685,0.14152
8431.92960,0.14145
8428.07236,0.14151
8424.21512,0.14162
8420.35788,0.14165
8416.50064,0.14162
8412.64340,0.14152
8408.78616,0.14135
8404.92892,0.14119
8401.07167,0.14110
8397.21443,0.14097
8393.35719,0.14071
8389.49995,0.14043
8385.64271,0.14025
8381.78547,0.14013
8377.92823,0.14011
8374.07098,0.14023
8370.21374,0.14043
8366.35650,0.14058
8362.49926,0.14064
8358.64202,0.14057
8354.78478,0.14045
8350.92754,0.14040
8347.07029,0.14036
8343.21305,0.14028
8339.35581,0.14022
8335.49857,0.14011
8331.64133,0.13993
8327.78409,0.13980
8323.92685,0.13976
8320.06961,0.13974
8316.21236,0.13977
8312.35512,0.13985
8308.49788,0.13993
8304.64064,0.13996
8300.78340,0.13996
8296.92616,0.13983
8293.06892,0.13963
8289.21167,0.13958
8285.35443,0.13962
8281.49719,0.13961
8277.63995,0.13956
8273.78271,0.13950
8269.92547,0.13949
8266.06823,0.13961
8262.21098,0.13978
8258.35374,0.13984
8254.49650,0.13976
8250.63926,0.13971
8246.78202,0.13983
8242.92478,0.14008
8239.06754,0.14022
8235.21030,0.14015
8231.35305,0.14007
8227.49581,0.14020
8223.63857,0.14036
8219.78133,0.14032
8215.92409,0.14023
8212.06685,0.14021
8208.20961,0.14011
8204.35236,0.13983
8200.49512,0.13958
8196.63788,0.13955
8192.78064,0.13951
8188.92340,0.13935
8185.06616,0.13932
8181.20892,0.13947
8177.35168,0.13951
8173.49443,0.13936
8169.63719,0.13924
8165.77995,0.13922
8161.92271,0.13912
8158.06547,0.13895
8154.20823,0.13894
8150.35099,0.13902
8146.49374,0.13896
8142.63650,0.13873
8138.77926,0.13855
8134.92202,0.13848
8131.06478,0.13837
8127.20754,0.13817
8123.35030,0.13795
8119.49305,0.13769
8115.63581,0.13744
8111.77857,0.13730
8107.92133,0.13726
8104.06409,0.13716
8100.20685,0.13702
8096.34961,0.13695
8092.49237,0.13685
8088.63512,0.13668
8084.77788,0.13656
8080.92064,0.13652
8077.06340,0.13648
8073.20616,0.13638
8069.34892,0.13622
8065.49168,0.13602
8061.63443,0.13586
8057.77719,0.13568
8053.91995,0.13553
8050.06271,0.13549
8046.20547,0.13550
8042.34823,0.13543
8038.49099,0.13536
8034.63374,0.13540
8030.77650,0.13545
8026.91926,0.13534
8023.06202,0.13523
8019.20478,0.13522
8015.34754,0.13517
8011.49030,0.13514
8007.63306,0.13520
8003.77581,0.13518
7999.91857,0.13504
7996.06133,0.13490
7992.20409,0.13480
7988.34685,0.13470
7984.48961,0.13458
7980.63237,0.13448
7976.77512,0.13443
7972.91788,0.13440
7969.06064,0.13437
7965.20340,0.13437
7961.34616,0.13438
7957.48892,0.13438
7953.63168,0.13434
7949.77444,0.13423
7945.91719,0.13407
7942.05995,0.13395
7938.20271,0.13384
7934.34547,0.13377
7930.48823,0.13383
7926.63099,0.13387
7922.77375,0.13382
7918.91650,0.13383
7915.05926,0.13394
7911.20202,0.13404
7907.34478,0.13408
7903.48754,0.13405
7899.63030,0.13401
7895.77306,0.13403
7891.91581,0.13406
7888.05857,0.13404
7884.20133,0.13401
7880.34409,0.13399
7876.48685,0.13393
7872.62961,0.13386
7868.77237,0.13390
7864.91513,0.13401
7861.05788,0.13397
7857.20064,0.13383
7853.34340,0.13378
7849.48616,0.13374
7845.62892,0.13360
7841.77168,0.13342
7837.91444,0.13332
7834.05719,0.13330
7830.19995,0.13322
7826.34271,0.13316
7822.48547,0.13329
7818.62823,0.13342
7814.77099,0.13337
7810.91375,0.13324
7807.05650,0.13321
7803.19926,0.13323
7799.34202,0.13315
7795.48478,0.13291
7791.62754,0.13267
7787.77030,0.13257
7783.91306,0.13251
7780.05582,0.13229
7776.19857,0.13207
7772.34133,0.13203
7768.48409,0.13201
7764.62685,0.13190
7760.76961,0.13187
7756.91237,0.13190
7753.05513,0.13170
7749.19788,0.13138
7745.34064,0.13133
7741.48340,0.13141
7737.62616,0.13128
7733.76892,0.13103
7729.91168,0.13095
7726.05444,0.13103
7722.19720,0.13096
7718.33995,0.13071
7714.48271,0.13062
7710.62547,0.13088
7706.76823,0.13106
7702.91099,0.13088
7699.05375,0.13069
7695.19651,0.13073
7691.33926,0.13080
7687.48202,0.13071
7683.62478,0.13051
7679.76754,0.13045
7675.91030,0.13063
7672.05306,0.13074
7668.19582,0.13060
7664.33857,0.13046
7660.48133,0.13051
7656.62409,0.13060
7652.76685,0.13056
7648.90961,0.13050
7645.05237,0.13059
7641.19513,0.13073
7637.33789,0.13071
7633.48064,0.13059
7629.62340,0.13056
7625.76616,0.13070
7621.90892,0.13086
7618.05168,0.13085
7614.19444,0.13076
7610.33720,0.13083
7606.47995,0.13107
7602.62271,0.13118
7598.76547,0.13105
7594.90823,0.13097
7591.05099,0.13106
7587.19375,0.13110
7583.33651,0.13108
7579.47926,0.13119
7575.62202,0.13136
7571.76478,0.13142
7567.90754,0.13148
7564.05030,0.13157
7560.19306,0.13163
7556.33582,0.13170
7552.47858,0.13185
7548.62133,0.13206
7544.76409,0.13227
7540.90685,0.13240
7537.04961,0.13246
7533.19237,0.13254
7529.33513,0.13264
7525.47789,0.13266
7521.62064,0.13260
7517.76340,0.13264
7513.90616,0.13284
7510.04892,0.13308
7506.19168,0.13330
7502.33444,0.13352
7498.47720,0.13366
7494.61996,0.13376
7490.76271,0.13388
7486.90547,0.13397
7483.04823,0.13405
7479.19099,0.13419
7475.33375,0.13450
7471.47651,0.13489
7467.61927,0.13519
7463.76202,0.13535
7459.90478,0.13561
7456.04754,0.13608
7452.19030,0.13662
7448.33306,0.13709
7444.47582,0.13756
7440.61858,0.13810
7436.76133,0.13864
7432.90409,0.13916
7429.04685,0.13978
7425.18961,0.14048
7421.33237,0.14115
7417.47513,0.14178
7413.61789,0.14238
7409.76065,0.14289
7405.90340,0.14337
7402.04616,0.14388
7398.18892,0.14446
7394.33168,0.14517
7390.47444,0.14598
7386.61720,0.14679
7382.75996,0.14760
7378.90271,0.14841
7375.04547,0.14917
7371.18823,0.14990
7367.33099,0.15069
7363.47375,0.15148
7359.61651,0.15214
7355.75927,0.15267
7351.90202,0.15315
7348.04478,0.15371
7344.18754,0.15433
7340.33030,0.15488
7336.47306,0.15534
7332.61582,0.15581
7328.75858,0.15628
7324.90134,0.15671
7321.04409,0.15703
7317.18685,0.15725
7313.32961,0.15743
7309.47237,0.15765
7305.61513,0.15785
7301.75789,0.15797
7297.90065,0.15802
7294.04340,0.15813
7290.18616,0.15828
7286.32892,0.15833
7282.47168,0.15834
7278.61444,0.15852
7274.75720,0.15884
7270.89996,0.15922
7267.04272,0.15956
7263.18547,0.15978
7259.32823,0.15993
7255.47099,0.16013
7251.61375,0.16037
7247.75651,0.16054
7243.89927,0.16064
7240.04203,0.16072
7236.18478,0.16083
7232.32754,0.16094
7228.47030,0.16101
7224.61306,0.16110
7220.75582,0.16125
7216.89858,0.16144
7213.04134,0.16165
7209.18409,0.16180
7205.32685,0.16180
7201.46961,0.16171
7197.61237,0.16170
7193.75513,0.16185
7189.89789,0.16205
7186.04065,0.16221
7182.18341,0.16244
7178.32616,0.16275
7174.46892,0.16306
7170.61168,0.16334
7166.75444,0.16365
7162.89720,0.16409
7159.03996,0.16461
7155.18272,0.16514
7151.32547,0.16572
7147.46823,0.16640
7143.61099,0.16715
7139.75375,0.16793
7135.89651,0.16875
7132.03927,0.16957
7128.18203,0.17034
7124.32478,0.17112
7120.46754,0.17197
7116.61030,0.17283
7112.75306,0.17369
7108.89582,0.17461
7105.03858,0.17557
7101.18134,0.17659
7097.32410,0.17771
7093.46685,0.17889
7089.60961,0.18008
7085.75237,0.18130
7081.89513,0.18259
7078.03789,0.18396
7074.18065,0.18541
7070.32341,0.18688
7066.46616,0.18829
7062.60892,0.18970
7058.75168,0.19116
7054.89444,0.19265
7051.03720,0.19411
7047.17996,0.19552
7043.32272,0.19684
7039.46548,0.19817
7035.60823,0.19958
7031.75099,0.20099
7027.89375,0.20227
7024.03651,0.20345
7020.17927,0.20453
7016.32203,0.20554
7012.46479,0.20650
7008.60754,0.20736
7004.75030,0.20827
7000.89306,0.20927
6997.03582,0.21019
6993.17858,0.21098
6989.32134,0.21180
6985.46410,0.21268
6981.60685,0.21355
6977.74961,0.21440
6973.89237,0.21514
6970.03513,0.21573
6966.17789,0.21629
6962.32065,0.21683
6958.46341,0.21735
6954.60617,0.21790
6950.74892,0.21839
6946.89168,0.21879
6943.03444,0.21918
6939.17720,0.21961
6935.31996,0.22006
6931.46272,0.22055
6927.60548,0.22108
6923.74823,0.22156
6919.89099,0.22194
6916.03375,0.22231
6912.17651,0.22274
6908.31927,0.22315
6904.46203,0.22354
6900.60479,0.22398
6896.74754,0.22439
6892.89030,0.22477
6889.03306,0.22518
6885.17582,0.22566
6881.31858,0.22617
6877.46134,0.22667
6873.60410,0.22719
6869.74686,0.22782
6865.88961,0.22854
6862.03237,0.22924
6858.17513,0.22994
6854.31789,0.23066
6850.46065,0.23132
6846.60341,0.23192
6842.74617,0.23258
6838.88892,0.23336
6835.03168,0.23418
6831.17444,0.23493
6827.31720,0.23562
6823.45996,0.23632
6819.60272,0.23704
6815.74548,0.23781
6811.88824,0.23867
6808.03099,0.23960
6804.17375,0.24055
6800.31651,0.24147
6796.45927,0.24234
6792.60203,0.24326
6788.74479,0.24421
6784.88755,0.24508
6781.03030,0.24588
6777.17306,0.24670
6773.31582,0.24759
6769.45858,0.24847
6765.60134,0.24923
6761.74410,0.24987
6757.88686,0.25040
6754.02961,0.25081
6750.17237,0.25117
6746.31513,0.25150
6742.45789,0.25177
6738.60065,0.25202
6734.74341,0.25228
6730.88617,0.25255
6727.02893,0.25280
6723.17168,0.25297
6719.31444,0.25310
6715.45720,0.25323
6711.59996,0.25326
6707.74272,0.25328
6703.88548,0.25337
6700.02824,0.25348
6696.17099,0.25347
6692.31375,0.25333
6688.45651,0.25320
6684.59927,0.25311
6680.74203,0.25299
6676.88479,0.25273
6673.02755,0.25239
6669.17030,0.25211
6665.31306,0.25191
6661.45582,0.25166
6657.59858,0.25132
6653.74134,0.25090
6649.88410,0.25044
6646.02686,0.25002
6642.16962,0.24968
6638.31237,0.24934
6634.45513,0.24889
6630.59789,0.24830
6626.74065,0.24769
6622.88341,0.24714
6619.02617,0.24669
6615.16893,0.24628
6611.31168,0.24577
6607.45444,0.24517
6603.59720,0.24462
6599.73996,0.24413
6595.88272,0.24369
6592.02548,0.24338
6588.16824,0.24315
6584.31100,0.24289
6580.45375,0.24264
6576.59651,0.24246
6572.73927,0.24235
6568.88203,0.24231
6565.02479,0.24232
6561.16755,0.24234
6557.31031,0.24238
6553.45306,0.24245
6549.59582,0.24254
6545.73858,0.24264
6541.88134,0.24273
6538.02410,0.24284
6534.16686,0.24303
6530.30962,0.24324
6526.45237,0.24336
6522.59513,0.24346
6518.73789,0.24357
6514.88065,0.24372
6511.02341,0.24387
6507.16617,0.24400
6503.30893,0.24414
6499.45169,0.24425
6495.59444,0.24431
6491.73720,0.24434
6487.87996,0.24429
6484.02272,0.24419
6480.16548,0.24412
6476.30824,0.24407
6472.45100,0.24397
6468.59375,0.24381
6464.73651,0.24365
6460.87927,0.24350
6457.02203,0.24335
6453.16479,0.24316
6449.30755,0.24296
6445.45031,0.24269
6441.59306,0.24232
6437.73582,0.24192
6433.87858,0.24158
6430.02134,0.24124
6426.16410,0.24086
6422.30686,0.24051
6418.44962,0.24016
6414.59238,0.23980
6410.73513,0.23951
6406.87789,0.23927
6403.02065,0.23906
6399.16341,0.23888
6395.30617,0.23872
6391.44893,0.23858
6387.59169,0.23847
6383.73444,0.23834
6379.87720,0.23816
6376.01996,0.23796
6372.16272,0.23777
6368.30548,0.23754
6364.44824,0.23731
6360.59100,0.23707
6356.73376,0.23683
6352.87651,0.23665
6349.01927,0.23654
6345.16203,0.23646
6341.30479,0.23640
6337.44755,0.23637
6333.59031,0.23636
6329.73307,0.23632
6325.87582,0.23626
6322.01858,0.23626
6318.16134,0.23622
6314.30410,0.23610
6310.44686,0.23600
6306.58962,0.23587
6302.73238,0.23563
6298.87513,0.23536
6295.01789,0.23508
6291.16065,0.23474
6287.30341,0.23432
6283.44617,0.23379
6279.58893,0.23310
6275.73169,0.23233
6271.87445,0.23159
6268.01720,0.23087
6264.15996,0.23009
6260.30272,0.22926
6256.44548,0.22844
6252.58824,0.22766
6248.73100,0.22686
6244.87376,0.22595
6241.01651,0.22489
6237.15927,0.22376
6233.30203,0.22273
6229.44479,0.22182
6225.58755,0.22097
6221.73031,0.22018
6217.87307,0.21955
6214.01582,0.21916
6210.15858,0.21899
6206.30134,0.21909
6202.44410,0.21937
6198.58686,0.21953
6194.72962,0.21927
6190.87238,0.21848
6187.01514,0.21723
6183.15789,0.21579
6179.30065,0.21448
6175.44341,0.21347
6171.58617,0.21273
6167.72893,0.21218
6163.87169,0.21183
6160.01445,0.21177
6156.15720,0.21203
6152.29996,0.21248
6148.44272,0.21287
6144.58548,0.21302
6140.72824,0.21283
6136.87100,0.21240
6133.01376,0.21198
6129.15652,0.21177
6125.29927,0.21194
6121.44203,0.21270
6117.58479,0.21410
6113.72755,0.21615
6109.87031,0.21885
6106.01307,0.22215
6102.15583,0.22593
6098.29858,0.23006
6094.44134,0.23436
6090.58410,0.23867
6086.72686,0.24289
6082.86962,0.24693
6079.01238,0.25082
6075.15514,0.25494
6071.29789,0.25983
6067.44065,0.26568
6063.58341,0.27211
6059.72617,0.27846
6055.86893,0.28423
6052.01169,0.28925
6048.15445,0.29373
6044.29721,0.29811
6040.43996,0.30286
6036.58272,0.30814
6032.72548,0.31372
6028.86824,0.31899
6025.01100,0.32313
6021.15376,0.32529
6017.29652,0.32490
6013.43927,0.32191
6009.58203,0.31659
6005.72479,0.30953
6001.86755,0.30167
5998.01031,0.29400
5994.15307,0.28730
5990.29583,0.28210
5986.43858,0.27851
5982.58134,0.27607
5978.72410,0.27403
5974.86686,0.27154
5971.00962,0.26818
5967.15238,0.26426
5963.29514,0.26058
5959.43790,0.25777
5955.58065,0.25604
5951.72341,0.25525
5947.86617,0.25492
5944.00893,0.25436
5940.15169,0.25302
5936.29445,0.25060
5932.43721,0.24717
5928.57996,0.24317
5924.72272,0.23911
5920.86548,0.23529
5917.00824,0.23191
5913.15100,0.22918
5909.29376,0.22722
5905.43652,0.22619
5901.57927,0.22621
5897.72203,0.22722
5893.86479,0.22899
5890.00755,0.23128
5886.15031,0.23389
5882.29307,0.23658
5878.43583,0.23909
5874.57859,0.24128
5870.72134,0.24310
5866.86410,0.24447
5863.00686,0.24524
5859.14962,0.24529
5855.29238,0.24466
5851.43514,0.24365
5847.57790,0.24262
5843.72065,0.24182
5839.86341,0.24132
5836.00617,0.24110
5832.14893,0.24109
5828.29169,0.24123
5824.43445,0.24144
5820.57721,0.24170
5816.71997,0.24204
5812.86272,0.24236
5809.00548,0.24246
5805.14824,0.24234
5801.29100,0.24214
5797.43376,0.24188
5793.57652,0.24157
5789.71928,0.24125
5785.86203,0.24093
5782.00479,0.24059
5778.14755,0.24023
5774.29031,0.23979
5770.43307,0.23916
5766.57583,0.23830
5762.71859,0.23722
5758.86134,0.23591
5755.00410,0.23439
5751.14686,0.23278
5747.28962,0.23113
5743.43238,0.22944
5739.57514,0.22774
5735.71790,0.22614
5731.86066,0.22482
5728.00341,0.22386
5724.14617,0.22331
5720.28893,0.22315
5716.43169,0.22326
5712.57445,0.22348
5708.71721,0.22365
5704.85997,0.22368
5701.00272,0.22355
5697.14548,0.22326
5693.28824,0.22291
5689.43100,0.22256
5685.57376,0.22225
5681.71652,0.22198
5677.85928,0.22186
5674.00203,0.22197
5670.14479,0.22228
5666.28755,0.22269
5662.43031,0.22313
5658.57307,0.22349
5654.71583,0.22366
5650.85859,0.22354
5647.00135,0.22312
5643.14410,0.22243
5639.28686,0.22151
5635.42962,0.22053
5631.57238,0.21967
5627.71514,0.21894
5623.85790,0.21829
5620.00066,0.21780
5616.14341,0.21750
5612.28617,0.21738
5608.42893,0.21738
5604.57169,0.21746
5600.71445,0.21762
5596.85721,0.21790
5592.99997,0.21831
5589.14273,0.21880
5585.28548,0.21936
5581.42824,0.21996
5577.57100,0.22058
5573.71376,0.22114
5569.85652,0.22159
5565.99928,0.22188
5562.14204,0.22193
5558.28479,0.22186
5554.42755,0.22180
5550.57031,0.22178
5546.71307,0.22176
5542.85583,0.22173
5538.99859,0.22170
5535.14135,0.22165
5531.28410,0.22159
5527.42686,0.22145
5523.56962,0.22119
5519.71238,0.22090
5515.85514,0.22062
5511.99790,0.22036
5508.14066,0.22022
5504.28342,0.22025
5500.42617,0.22047
5496.56893,0.22089
5492.71169,0.22140
5488.85445,0.22194
5484.99721,0.22243
5481.13997,0.22270
5477.28273,0.22266
5473.42548,0.22235
5469.56824,0.22180
5465.71100,0.22108
5461.85376,0.22026
5457.99652,0.21930
5454.13928,0.21817
5450.28204,0.21689
5446.42479,0.21554
5442.56755,0.21411
5438.71031,0.21261
5434.85307,0.21118
5430.99583,0.20992
5427.13859,0.20885
5423.28135,0.20797
5419.42411,0.20727
5415.56686,0.20673
5411.70962,0.20629
5407.85238,0.20593
5403.99514,0.20564
5400.13790,0.20544
5396.28066,0.20527
5392.42342,0.20508
5388.56617,0.20489
5384.70893,0.20480
5380.85169,0.20481
5376.99445,0.20491
5373.13721,0.20511
5369.27997,0.20537
5365.42273,0.20567
5361.56549,0.20604
5357.70824,0.20647
5353.85100,0.20688
5349.99376,0.20719
5346.13652,0.20740
5342.27928,0.20755
5338.42204,0.20768
5334.56480,0.20781
5330.70755,0.20801
5326.85031,0.20841
5322.99307,0.20909
5319.13583,0.21008
5315.27859,0.21134
5311.42135,0.21280
5307.56411,0.21448
5303.70686,0.21646
5299.84962,0.21869
5295.99238,0.22120
5292.13514,0.22407
5288.27790,0.22735
5284.42066,0.23109
5280.56342,0.23531
5276.70618,0.23998
5272.84893,0.24493
5268.99169,0.24999
5265.13445,0.25503
5261.27721,0.25984
5257.41997,0.26427
5253.56273,0.26833
5249.70549,0.27215
5245.84824,0.27571
5241.99100,0.27890
5238.13376,0.28176
5234.27652,0.28436
5230.41928,0.28670
5226.56204,0.28876
5222.70480,0.29055
5218.84755,0.29209
5214.99031,0.29343
5211.13307,0.29460
5207.27583,0.29563
5203.41859,0.29649
5199.56135,0.29716
5195.70411,0.29768
5191.84687,0.29815
5187.98962,0.29860
5184.13238,0.29899
5180.27514,0.29923
5176.41790,0.29927
5172.56066,0.29916
5168.70342,0.29901
5164.84618,0.29886
5160.98893,0.29872
5157.13169,0.29859
5153.27445,0.29845
5149.41721,0.29824
5145.55997,0.29799
5141.70273,0.29773
5137.84549,0.29748
5133.98825,0.29732
5130.13100,0.29729
5126.27376,0.29723
5122.41652,0.29690
5118.55928,0.29595
5114.70204,0.29412
5110.84480,0.29147
5106.98756,0.28841
5103.13031,0.28532
5099.27307,0.28236
5095.41583,0.27957
5091.55859,0.27699
5087.70135,0.27466
5083.84411,0.27254
5079.98687,0.27063
5076.12962,0.26887
5072.27238,0.26720
5068.41514,0.26563
5064.55790,0.26416
5060.70066,0.26285
5056.84342,0.26168
5052.98618,0.26057
5049.12894,0.25951
5045.27169,0.25854
5041.41445,0.25768
5037.55721,0.25689
5033.69997,0.25621
5029.84273,0.25558
5025.98549,0.25496
5022.12825,0.25436
5018.27100,0.25384
5014.41376,0.25339
5010.55652,0.25295
5006.69928,0.25250
5002.84204,0.25202
4998.98480,0.25157
4995.12756,0.25116
4991.27031,0.25086
4987.41307,0.25077
4983.55583,0.25086
4979.69859,0.25104
4975.84135,0.25138
4971.98411,0.25205
4968.12687,0.25303
4964.26963,0.25424
4960.41238,0.25569
4956.55514,0.25737
4952.69790,0.25923
4948.84066,0.26127
4944.98342,0.26347
4941.12618,0.26578
4937.26894,0.26817
4933.41169,0.27066
4929.55445,0.27330
4925.69721,0.27608
4921.83997,0.27903
4917.98273,0.28216
4914.12549,0.28547
4910.26825,0.28892
4906.41101,0.29248
4902.55376,0.29616
4898.69652,0.29993
4894.83928,0.30379
4890.98204,0.30774
4887.12480,0.31183
4883.26756,0.31602
4879.41032,0.32020
4875.55307,0.32426
4871.69583,0.32816
4867.83859,0.33198
4863.98135,0.33567
4860.12411,0.33915
4856.26687,0.34254
4852.40963,0.34606
4848.55238,0.34985
4844.69514,0.35393
4840.83790,0.35830
4836.98066,0.36288
4833.12342,0.36759
4829.26618,0.37229
4825.40894,0.37682
4821.55170,0.38105
4817.69445,0.38494
4813.83721,0.38856
4809.97997,0.39195
4806.12273,0.39509
4802.26549,0.39793
4798.40825,0.40033
4794.55101,0.40222
4790.69376,0.40358
4786.83652,0.40445
4782.97928,0.40499
4779.12204,0.40543
4775.26480,0.40594
4771.40756,0.40662
4767.55032,0.40763
4763.69307,0.40908
4759.83583,0.41097
4755.97859,0.41323
4752.12135,0.41570
4748.26411,0.41815
4744.40687,0.42038
4740.54963,0.42240
4736.69239,0.42453
4732.83514,0.42721
4728.97790,0.43066
4725.12066,0.43442
4721.26342,0.43741
4717.40618,0.43885
4713.54894,0.43913
4709.69170,0.43966
4705.83445,0.44181
4701.97721,0.44604
4698.11997,0.45147
4694.26273,0.45596
4690.40549,0.45729
4686.54825,0.45437
4682.69101,0.44757
4678.83377,0.43837
4674.97652,0.42880
4671.11928,0.42068
4667.26204,0.41489
4663.40480,0.41125
4659.54756,0.40919
4655.69032,0.40842
4651.83308,0.40928
4647.97583,0.41228
4644.11859,0.41711
4640.26135,0.42205
4636.40411,0.42457
4632.54687,0.42261
4628.68963,0.41578
4624.83239,0.40565
4620.97514,0.39492
4617.11790,0.38582
4613.26066,0.37926
4609.40342,0.37518
4605.54618,0.37338
4601.68894,0.37384
4597.83170,0.37611
4593.97446,0.37892
4590.11721,0.38119
4586.25997,0.38306
4582.40273,0.38423
4578.54549,0.38278
4574.68825,0.37721
4570.83101,0.36865
4566.97377,0.35982
4563.11652,0.35280
4559.25928,0.34824
4555.40204,0.34568
4551.54480,0.34426
4547.68756,0.34326
4543.83032,0.34236
4539.97308,0.34163
4536.11583,0.34116
4532.25859,0.34104
4528.40135,0.34140
4524.54411,0.34234
4520.68687,0.34392
4516.82963,0.34621
4512.97239,0.34938
4509.11515,0.35374
4505.25790,0.35968
4501.40066,0.36740
4497.54342,0.37666
4493.68618,0.38633
4489.82894,0.39477
4485.97170,0.40125
4482.11446,0.40664
4478.25721,0.41261
4474.39997,0.42069
4470.54273,0.43196
4466.68549,0.44642
4462.82825,0.46174
4458.97101,0.47395
4455.11377,0.48096
4451.25653,0.48470
4447.39928,0.48847
4443.54204,0.49359
4439.68480,0.49935
4435.82756,0.50425
4431.97032,0.50676
4428.11308,0.50600
4424.25584,0.50265
4420.39859,0.49889
4416.54135,0.49688
4412.68411,0.49741
4408.82687,0.49959
4404.96963,0.50143
4401.11239,0.50118
4397.25515,0.49846
4393.39790,0.49412
4389.54066,0.48918
4385.68342,0.48445
4381.82618,0.48053
4377.96894,0.47770
4374.11170,0.47589
4370.25446,0.47516
4366.39722,0.47574
4362.53997,0.47726
4358.68273,0.47890
4354.82549,0.48040
4350.96825,0.48216
4347.11101,0.48461
4343.25377,0.48774
4339.39653,0.49101
4335.53928,0.49377
4331.68204,0.49600
4327.82480,0.49820
4323.96756,0.50079
4320.11032,0.50386
4316.25308,0.50755
4312.39584,0.51216
4308.53859,0.51764
4304.68135,0.52347
4300.82411,0.52911
4296.96687,0.53400
4293.10963,0.53759
4289.25239,0.53958
4285.39515,0.54011
4281.53791,0.53968
4277.68066,0.53882
4273.82342,0.53758
4269.96618,0.53571
4266.10894,0.53330
4262.25170,0.53097
4258.39446,0.52940
4254.53722,0.52884
4250.67997,0.52914
4246.82273,0.52956
4242.96549,0.52916
4239.10825,0.52779
4235.25101,0.52615
4231.39377,0.52486
4227.53653,0.52379
4223.67929,0.52231
4219.82204,0.51989
4215.96480,0.51672
4212.10756,0.51354
4208.25032,0.51078
4204.39308,0.50834
4200.53584,0.50620
4196.67860,0.50492
4192.82135,0.50532
4188.96411,0.50779
4185.10687,0.51203
4181.24963,0.51646
4177.39239,0.51846
4173.53515,0.51634
4169.67791,0.51087
4165.82066,0.50432
4161.96342,0.49873
4158.10618,0.49503
4154.24894,0.49331
4150.39170,0.49347
4146.53446,0.49545
4142.67722,0.49902
4138.81998,0.50353
4134.96273,0.50799
4131.10549,0.51161
4127.24825,0.51447
4123.39101,0.51740
4119.53377,0.52135
4115.67653,0.52691
4111.81929,0.53432
4107.96204,0.54381
4104.10480,0.55605
4100.24756,0.57199
4096.39032,0.59054
4092.53308,0.60606
4088.67584,0.61205
4084.81860,0.60784
4080.96135,0.59768
4077.10411,0.58618
4073.24687,0.57676
4069.38963,0.57097
4065.53239,0.56845
4061.67515,0.56826
4057.81791,0.56972
4053.96067,0.57229
4050.10342,0.57519
4046.24618,0.57780
4042.38894,0.57978
4038.53170,0.58109
4034.67446,0.58203
4030.81722,0.58294
4026.95998,0.58369
4023.10273,0.58393
4019.24549,0.58360
4015.38825,0.58269
4011.53101,0.58119
4007.67377,0.57915
4003.81653,0.57668
3999.95929,0.57386
3996.10205,0.57074
3992.24480,0.56747
3988.38756,0.56444
3984.53032,0.56200
3980.67308,0.56014
3976.81584,0.55859
3972.95860,0.55696
3969.10136,0.55492
3965.24411,0.55233
3961.38687,0.54928
3957.52963,0.54613
3953.67239,0.54313
3949.81515,0.54020
3945.95791,0.53723
3942.10067,0.53424
3938.24342,0.53134
3934.38618,0.52863
3930.52894,0.52618
3926.67170,0.52394
3922.81446,0.52183
3918.95722,0.51976
3915.09998,0.51767
3911.24274,0.51536
3907.38549,0.51247
3903.52825,0.50884
3899.67101,0.50502
3895.81377,0.50150
3891.95653,0.49831
3888.09929,0.49560
3884.24205,0.49348
3880.38480,0.49164
3876.52756,0.48966
3872.67032,0.48721
3868.81308,0.48412
3864.95584,0.48056
3861.09860,0.47702
3857.24136,0.47369
3853.38411,0.47059
3849.52687,0.46814
3845.66963,0.46628
3841.81239,0.46465
3837.95515,0.46338
3834.09791,0.46253
3830.24067,0.46194
3826.38343,0.46177
3822.52618,0.46268
3818.66894,0.46514
3814.81170,0.46836
3810.95446,0.47090
3807.09722,0.47206
3803.23998,0.47152
3799.38274,0.46943
3795.52549,0.46690
3791.66825,0.46502
3787.81101,0.46424
3783.95377,0.46449
3780.09653,0.46561
3776.23929,0.46739
3772.38205,0.46962
3768.52481,0.47233
3764.66756,0.47555
3760.81032,0.47840
3756.95308,0.47928
3753.09584,0.47746
3749.23860,0.47432
3745.38136,0.47245
3741.52412,0.47336
3737.66687,0.47671
3733.80963,0.48105
3729.95239,0.48393
3726.09515,0.48468
3722.23791,0.48518
3718.38067,0.48715
3714.52343,0.49109
3710.66618,0.49741
3706.80894,0.50593
3702.95170,0.51613
3699.09446,0.52840
3695.23722,0.54312
3691.37998,0.56114
3687.52274,0.58035
3683.66550,0.59446
3679.80825,0.60335
3675.95101,0.61263
3672.09377,0.62625
3668.23653,0.64315
3664.37929,0.66087
3660.52205,0.67865
3656.66481,0.69657
3652.80756,0.71474
3648.95032,0.73408
3645.09308,0.75382
3641.23584,0.77070
3637.37860,0.78437
3633.52136,0.79710
3629.66412,0.81132
3625.80687,0.82558
3621.94963,0.83645
3618.09239,0.84548
3614.23515,0.85480
3610.37791,0.86616
3606.52067,0.87888
3602.66343,0.89065
3598.80619,0.90339
