12493.60475,0.15401
12489.74751,0.15410
12485.89027,0.15458
12482.03303,0.15651
12478.17579,0.15720
12474.31855,0.15451
12470.46130,0.15005
12466.60406,0.14723
12462.74682,0.14630
12458.88958,0.14598
12455.03234,0.14690
12451.17510,0.14856
12447.31786,0.14870
12443.46062,0.14775
12439.60337,0.14892
12435.74613,0.15163
12431.88889,0.15203
12428.03165,0.15144
12424.17441,0.15300
12420.31717,0.15436
12416.45993,0.15338
12412.60268,0.15229
12408.74544,0.15345
12404.88820,0.15669
12401.03096,0.15778
12397.17372,0.15465
12393.31648,0.15296
12389.45924,0.15499
12385.60199,0.15485
12381.74475,0.15124
12377.88751,0.15047
12374.03027,0.15338
12370.17303,0.15406
12366.31579,0.15003
12362.45855,0.14470
12358.60131,0.14502
12354.74406,0.15167
12350.88682,0.15558
12347.02958,0.15302
12343.17234,0.14909
12339.31510,0.14760
12335.45786,0.14867
12331.60062,0.15033
12327.74337,0.15108
12323.88613,0.15191
12320.02889,0.15381
12316.17165,0.15544
12312.31441,0.15486
12308.45717,0.15375
12304.59993,0.15526
12300.74268,0.15731
12296.88544,0.15681
12293.02820,0.15597
12289.17096,0.15687
12285.31372,0.15828
12281.45648,0.15857
12277.59924,0.15757
12273.74200,0.15651
12269.88475,0.15531
12266.02751,0.15327
12262.17027,0.15253
12258.31303,0.15434
12254.45579,0.15501
12250.59855,0.15202
12246.74131,0.14859
12242.88406,0.14828
12239.02682,0.14980
12235.16958,0.14956
12231.31234,0.14822
12227.45510,0.14968
12223.59786,0.15310
12219.74062,0.15385
12215.88338,0.15132
12212.02613,0.14966
12208.16889,0.15095
12204.31165,0.15274
12200.45441,0.15309
12196.59717,0.15292
12192.73993,0.15245
12188.88269,0.15032
12185.02544,0.14846
12181.16820,0.14997
12177.31096,0.15285
12173.45372,0.15413
12169.59648,0.15323
12165.73924,0.15066
12161.88200,0.14836
12158.02475,0.14673
12154.16751,0.14567
12150.31027,0.14651
12146.45303,0.14805
12142.59579,0.14870
12138.73855,0.14893
12134.88131,0.14868
12131.02407,0.14841
12127.16682,0.14916
12123.30958,0.14995
12119.45234,0.14905
12115.59510,0.14711
12111.73786,0.14582
12107.88062,0.14516
12104.02338,0.14542
12100.16613,0.14657
12096.30889,0.14647
12092.45165,0.14509
12088.59441,0.14433
12084.73717,0.14433
12080.87993,0.14495
12077.02269,0.14617
12073.16544,0.14755
12069.30820,0.14870
12065.45096,0.14894
12061.59372,0.14821
12057.73648,0.14747
12053.87924,0.14750
12050.02200,0.14815
12046.16476,0.14863
12042.30751,0.14875
12038.45027,0.14818
12034.59303,0.14662
12030.73579,0.14517
12026.87855,0.14516
12023.02131,0.14663
12019.16407,0.14836
12015.30682,0.14912
12011.44958,0.14933
12007.59234,0.15092
12003.73510,0.15407
11999.87786,0.15671
11996.02062,0.15753
11992.16338,0.15623
11988.30614,0.15312
11984.44889,0.15010
11980.59165,0.14950
11976.73441,0.15080
11972.87717,0.15113
11969.01993,0.14995
11965.16269,0.14934
11961.30545,0.14960
11957.44820,0.14936
11953.59096,0.14927
11949.73372,0.15056
11945.87648,0.15152
11942.01924,0.15158
11938.16200,0.15249
11934.30476,0.15308
11930.44751,0.15220
11926.59027,0.15235
11922.73303,0.15353
11918.87579,0.15289
11915.01855,0.15147
11911.16131,0.15205
11907.30407,0.15347
11903.44683,0.15357
11899.58958,0.15311
11895.73234,0.15357
11891.87510,0.15485
11888.01786,0.15565
11884.16062,0.15559
11880.30338,0.15574
11876.44614,0.15583
11872.58889,0.15496
11868.73165,0.15393
11864.87441,0.15367
11861.01717,0.15411
11857.15993,0.15449
11853.30269,0.15408
11849.44545,0.15357
11845.58820,0.15401
11841.73096,0.15485
11837.87372,0.15543
11834.01648,0.15594
11830.15924,0.15513
11826.30200,0.15282
11822.44476,0.15179
11818.58752,0.15247
11814.73027,0.15242
11810.87303,0.15132
11807.01579,0.15060
11803.15855,0.15070
11799.30131,0.15175
11795.44407,0.15402
11791.58683,0.15611
11787.72958,0.15606
11783.87234,0.15449
11780.01510,0.15394
11776.15786,0.15481
11772.30062,0.15493
11768.44338,0.15412
11764.58614,0.15435
11760.72890,0.15562
11756.87165,0.15588
11753.01441,0.15480
11749.15717,0.15410
11745.29993,0.15455
11741.44269,0.15573
11737.58545,0.15655
11733.72821,0.15590
11729.87096,0.15448
11726.01372,0.15374
11722.15648,0.15400
11718.29924,0.15468
11714.44200,0.15515
11710.58476,0.15471
11706.72752,0.15370
11702.87027,0.15322
11699.01303,0.15294
11695.15579,0.15252
11691.29855,0.15225
11687.44131,0.15157
11683.58407,0.15066
11679.72683,0.15093
11675.86959,0.15292
11672.01234,0.15509
11668.15510,0.15579
11664.29786,0.15561
11660.44062,0.15568
11656.58338,0.15589
11652.72614,0.15553
11648.86890,0.15423
11645.01165,0.15308
11641.15441,0.15341
11637.29717,0.15365
11633.43993,0.15203
11629.58269,0.15086
11625.72545,0.15166
11621.86821,0.15166
11618.01096,0.14984
11614.15372,0.14892
11610.29648,0.14938
11606.43924,0.14877
11602.58200,0.14767
11598.72476,0.14807
11594.86752,0.14897
11591.01028,0.14908
11587.15303,0.14870
11583.29579,0.14892
11579.43855,0.15050
11575.58131,0.15181
11571.72407,0.15118
11567.86683,0.14999
11564.00959,0.14982
11560.15234,0.15011
11556.29510,0.15101
11552.43786,0.15331
11548.58062,0.15515
11544.72338,0.15420
11540.86614,0.15231
11537.00890,0.15239
11533.15166,0.15357
11529.29441,0.15369
11525.43717,0.15234
11521.57993,0.15061
11517.72269,0.14980
11513.86545,0.15004
11510.00821,0.15070
11506.15097,0.15144
11502.29372,0.15215
11498.43648,0.15295
11494.57924,0.15362
11490.72200,0.15263
11486.86476,0.15018
11483.00752,0.14915
11479.15028,0.15023
11475.29303,0.15148
11471.43579,0.15132
11467.57855,0.15070
11463.72131,0.15186
11459.86407,0.15392
11456.00683,0.15482
11452.14959,0.15466
11448.29235,0.15371
11444.43510,0.15190
11440.57786,0.15040
11436.72062,0.15077
11432.86338,0.15226
11429.00614,0.15218
11425.14890,0.15052
11421.29166,0.14986
11417.43441,0.15020
11413.57717,0.15040
11409.71993,0.15129
11405.86269,0.15230
11402.00545,0.15204
11398.14821,0.15143
11394.29097,0.15148
11390.43372,0.15240
11386.57648,0.15372
11382.71924,0.15313
11378.86200,0.14993
11375.00476,0.14752
11371.14752,0.14802
11367.29028,0.14928
11363.43304,0.14963
11359.57579,0.14987
11355.71855,0.15026
11351.86131,0.15078
11348.00407,0.15188
11344.14683,0.15251
11340.28959,0.15163
11336.43235,0.15020
11332.57510,0.14919
11328.71786,0.14861
11324.86062,0.14813
11321.00338,0.14731
11317.14614,0.14658
11313.28890,0.14653
11309.43166,0.14701
11305.57442,0.14863
11301.71717,0.15096
11297.85993,0.15207
11294.00269,0.15172
11290.14545,0.15074
11286.28821,0.14970
11282.43097,0.14868
11278.57373,0.14650
11274.71648,0.14325
11270.85924,0.14169
11267.00200,0.14306
11263.14476,0.14516
11259.28752,0.14668
11255.43028,0.14796
11251.57304,0.14917
11247.71579,0.15087
11243.85855,0.15287
11240.00131,0.15381
11236.14407,0.15368
11232.28683,0.15333
11228.42959,0.15258
11224.57235,0.15140
11220.71511,0.15040
11216.85786,0.14944
11213.00062,0.14815
11209.14338,0.14714
11205.28614,0.14675
11201.42890,0.14623
11197.57166,0.14536
11193.71442,0.14469
11189.85717,0.14471
11185.99993,0.14592
11182.14269,0.14763
11178.28545,0.14807
11174.42821,0.14716
11170.57097,0.14594
11166.71373,0.14480
11162.85648,0.14412
11158.99924,0.14417
11155.14200,0.14462
11151.28476,0.14494
11147.42752,0.14462
11143.57028,0.14431
11139.71304,0.14506
11135.85580,0.14624
11131.99855,0.14671
11128.14131,0.14631
11124.28407,0.14598
11120.42683,0.14678
11116.56959,0.14808
11112.71235,0.14856
11108.85511,0.14840
11104.99786,0.14861
11101.14062,0.14903
11097.28338,0.14876
11093.42614,0.14804
11089.56890,0.14763
11085.71166,0.14742
11081.85442,0.14772
11077.99718,0.14915
11074.13993,0.15032
11070.28269,0.14969
11066.42545,0.14833
11062.56821,0.14795
11058.71097,0.14867
11054.85373,0.14919
11050.99649,0.14883
11047.13924,0.14831
11043.28200,0.14781
11039.42476,0.14711
11035.56752,0.14680
11031.71028,0.14719
11027.85304,0.14768
11023.99580,0.14792
11020.13855,0.14796
11016.28131,0.14827
11012.42407,0.14890
11008.56683,0.14876
11004.70959,0.14790
11000.85235,0.14784
10996.99511,0.14849
10993.13787,0.14878
10989.28062,0.14879
10985.42338,0.14896
10981.56614,0.14889
10977.70890,0.14827
10973.85166,0.14781
10969.99442,0.14782
10966.13718,0.14764
10962.27993,0.14703
10958.42269,0.14656
10954.56545,0.14653
10950.70821,0.14683
10946.85097,0.14732
10942.99373,0.14770
10939.13649,0.14761
10935.27924,0.14707
10931.42200,0.14663
10927.56476,0.14665
10923.70752,0.14691
10919.85028,0.14685
10915.99304,0.14603
10912.13580,0.14511
10908.27856,0.14492
10904.42131,0.14513
10900.56407,0.14516
10896.70683,0.14522
10892.84959,0.14563
10888.99235,0.14584
10885.13511,0.14566
10881.27787,0.14555
10877.42062,0.14519
10873.56338,0.14449
10869.70614,0.14415
10865.84890,0.14438
10861.99166,0.14480
10858.13442,0.14478
10854.27718,0.14434
10850.41993,0.14394
10846.56269,0.14372
10842.70545,0.14365
10838.84821,0.14348
10834.99097,0.14286
10831.13373,0.14241
10827.27649,0.14267
10823.41925,0.14324
10819.56200,0.14368
10815.70476,0.14371
10811.84752,0.14333
10807.99028,0.14310
10804.13304,0.14336
10800.27580,0.14383
10796.41856,0.14401
10792.56131,0.14372
10788.70407,0.14355
10784.84683,0.14361
10780.98959,0.14300
10777.13235,0.14198
10773.27511,0.14185
10769.41787,0.14269
10765.56063,0.14351
10761.70338,0.14370
10757.84614,0.14326
10753.98890,0.14282
10750.13166,0.14311
10746.27442,0.14360
10742.41718,0.14369
10738.55994,0.14378
10734.70269,0.14369
10730.84545,0.14318
10726.98821,0.14289
10723.13097,0.14283
10719.27373,0.14263
10715.41649,0.14238
10711.55925,0.14218
10707.70200,0.14236
10703.84476,0.14317
10699.98752,0.14397
10696.13028,0.14380
10692.27304,0.14285
10688.41580,0.14247
10684.55856,0.14308
10680.70132,0.14388
10676.84407,0.14424
10672.98683,0.14373
10669.12959,0.14263
10665.27235,0.14200
10661.41511,0.14218
10657.55787,0.14284
10653.70063,0.14325
10649.84338,0.14301
10645.98614,0.14262
10642.12890,0.14266
10638.27166,0.14310
10634.41442,0.14313
10630.55718,0.14246
10626.69994,0.14233
10622.84269,0.14321
10618.98545,0.14383
10615.12821,0.14346
10611.27097,0.14277
10607.41373,0.14226
10603.55649,0.14218
10599.69925,0.14277
10595.84201,0.14333
10591.98476,0.14331
10588.12752,0.14320
10584.27028,0.14322
10580.41304,0.14291
10576.55580,0.14212
10572.69856,0.14111
10568.84132,0.14026
10564.98407,0.14004
10561.12683,0.14049
10557.26959,0.14079
10553.41235,0.14061
10549.55511,0.14009
10545.69787,0.13925
10541.84063,0.13881
10537.98339,0.13916
10534.12614,0.13922
10530.26890,0.13861
10526.41166,0.13834
10522.55442,0.13892
10518.69718,0.13978
10514.83994,0.13998
10510.98270,0.13941
10507.12545,0.13918
10503.26821,0.13960
10499.41097,0.13991
10495.55373,0.13982
10491.69649,0.13953
10487.83925,0.13938
10483.98201,0.13958
10480.12476,0.13985
10476.26752,0.14001
10472.41028,0.14007
10468.55304,0.14015
10464.69580,0.14009
10460.83856,0.13966
10456.98132,0.13937
10453.12408,0.13942
10449.26683,0.13926
10445.40959,0.13896
10441.55235,0.13908
10437.69511,0.13949
10433.83787,0.13942
10429.98063,0.13903
10426.12339,0.13908
10422.26614,0.13923
10418.40890,0.13924
10414.55166,0.13942
10410.69442,0.13940
10406.83718,0.13895
10402.97994,0.13852
10399.12270,0.13823
10395.26545,0.13791
10391.40821,0.13757
10387.55097,0.13734
10383.69373,0.13755
10379.83649,0.13845
10375.97925,0.13955
10372.12201,0.14001
10368.26477,0.13969
10364.40752,0.13906
10360.55028,0.13865
10356.69304,0.13903
10352.83580,0.13989
10348.97856,0.14018
10345.12132,0.14000
10341.26408,0.13990
10337.40683,0.13983
10333.54959,0.13991
10329.69235,0.14014
10325.83511,0.14012
10321.97787,0.13988
10318.12063,0.13971
10314.26339,0.13936
10310.40615,0.13882
10306.54890,0.13875
10302.69166,0.13909
10298.83442,0.13912
10294.97718,0.13896
10291.11994,0.13947
10287.26270,0.14032
10283.40546,0.14037
10279.54821,0.13979
10275.69097,0.13953
10271.83373,0.13980
10267.97649,0.14006
10264.11925,0.14008
10260.26201,0.14018
10256.40477,0.14015
10252.54752,0.13978
10248.69028,0.13961
10244.83304,0.13975
10240.97580,0.13981
10237.11856,0.13984
10233.26132,0.13968
10229.40408,0.13907
10225.54684,0.13879
10221.68959,0.13909
10217.83235,0.13905
10213.97511,0.13874
10210.11787,0.13888
10206.26063,0.13915
10202.40339,0.13908
10198.54615,0.13907
10194.68890,0.13935
10190.83166,0.13961
10186.97442,0.13970
10183.11718,0.13941
10179.25994,0.13912
10175.40270,0.13947
10171.54546,0.13986
10167.68821,0.13959
10163.83097,0.13910
10159.97373,0.13902
10156.11649,0.13933
10152.25925,0.13949
10148.40201,0.13940
10144.54477,0.13960
10140.68753,0.14030
10136.83028,0.14118
10132.97304,0.14170
10129.11580,0.14158
10125.25856,0.14114
10121.40132,0.14088
10117.54408,0.14114
10113.68684,0.14163
10109.82959,0.14142
10105.97235,0.14032
10102.11511,0.13931
10098.25787,0.13904
10094.40063,0.13906
10090.54339,0.13908
10086.68615,0.13926
10082.82891,0.13944
10078.97166,0.13945
10075.11442,0.13926
10071.25718,0.13900
10067.39994,0.13915
10063.54270,0.13954
10059.68546,0.13964
10055.82822,0.13970
10051.97097,0.14021
10048.11373,0.14096
10044.25649,0.14123
10040.39925,0.14103
10036.54201,0.14114
10032.68477,0.14140
10028.82753,0.14102
10024.97028,0.14024
10021.11304,0.13984
10017.25580,0.14003
10013.39856,0.14013
10009.54132,0.13962
10005.68408,0.13916
10001.82684,0.13915
9997.96960,0.13925
9994.11235,0.13943
9990.25511,0.13970
9986.39787,0.14004
9982.54063,0.14033
9978.68339,0.14009
9974.82615,0.13957
9970.96891,0.13968
9967.11166,0.14031
9963.25442,0.14068
9959.39718,0.14066
9955.53994,0.14064
9951.68270,0.14067
9947.82546,0.14053
9943.96822,0.14031
9940.11097,0.14022
9936.25373,0.14023
9932.39649,0.14031
9928.53925,0.14048
9924.68201,0.14030
9920.82477,0.13968
9916.96753,0.13938
9913.11029,0.13950
9909.25304,0.13954
9905.39580,0.13944
9901.53856,0.13938
9897.68132,0.13931
9893.82408,0.13920
9889.96684,0.13916
9886.10960,0.13924
9882.25235,0.13937
9878.39511,0.13953
9874.53787,0.13966
9870.68063,0.13940
9866.82339,0.13874
9862.96615,0.13836
9859.10891,0.13857
9855.25167,0.13893
9851.39442,0.13914
9847.53718,0.13951
9843.67994,0.14025
9839.82270,0.14070
9835.96546,0.14056
9832.10822,0.14027
9828.25098,0.13990
9824.39373,0.13950
9820.53649,0.13916
9816.67925,0.13891
9812.82201,0.13886
9808.96477,0.13887
9805.10753,0.13886
9801.25029,0.13914
9797.39304,0.13968
9793.53580,0.14014
9789.67856,0.14016
9785.82132,0.13954
9781.96408,0.13878
9778.10684,0.13851
9774.24960,0.13860
9770.39236,0.13866
9766.53511,0.13854
9762.67787,0.13843
9758.82063,0.13856
9754.96339,0.13889
9751.10615,0.13904
9747.24891,0.13873
9743.39167,0.13847
9739.53442,0.13859
9735.67718,0.13860
9731.81994,0.13824
9727.96270,0.13785
9724.10546,0.13772
9720.24822,0.13784
9716.39098,0.13809
9712.53373,0.13841
9708.67649,0.13873
9704.81925,0.13908
9700.96201,0.13933
9697.10477,0.13932
9693.24753,0.13905
9689.39029,0.13869
9685.53305,0.13845
9681.67580,0.13832
9677.81856,0.13805
9673.96132,0.13749
9670.10408,0.13689
9666.24684,0.13672
9662.38960,0.13699
9658.53236,0.13729
9654.67511,0.13731
9650.81787,0.13729
9646.96063,0.13741
9643.10339,0.13734
9639.24615,0.13705
9635.38891,0.13700
9631.53167,0.13730
9627.67443,0.13736
9623.81718,0.13699
9619.95994,0.13683
9616.10270,0.13698
9612.24546,0.13693
9608.38822,0.13670
9604.53098,0.13668
9600.67374,0.13680
9596.81649,0.13681
9592.95925,0.13671
9589.10201,0.13677
9585.24477,0.13700
9581.38753,0.13701
9577.53029,0.13677
9573.67305,0.13663
9569.81580,0.13659
9565.95856,0.13647
9562.10132,0.13628
9558.24408,0.13621
9554.38684,0.13644
9550.52960,0.13678
9546.67236,0.13678
9542.81512,0.13642
9538.95787,0.13610
9535.10063,0.13606
9531.24339,0.13620
9527.38615,0.13632
9523.52891,0.13625
9519.67167,0.13601
9515.81443,0.13583
9511.95718,0.13572
9508.09994,0.13546
9504.24270,0.13525
9500.38546,0.13543
9496.52822,0.13595
9492.67098,0.13624
9488.81374,0.13595
9484.95649,0.13559
9481.09925,0.13563
9477.24201,0.13572
9473.38477,0.13547
9469.52753,0.13521
9465.67029,0.13537
9461.81305,0.13571
9457.95581,0.13581
9454.09856,0.13568
9450.24132,0.13576
9446.38408,0.13612
9442.52684,0.13623
9438.66960,0.13597
9434.81236,0.13582
9430.95512,0.13575
9427.09787,0.13562
9423.24063,0.13552
9419.38339,0.13544
9415.52615,0.13533
9411.66891,0.13537
9407.81167,0.13563
9403.95443,0.13577
9400.09719,0.13562
9396.23994,0.13542
9392.38270,0.13533
9388.52546,0.13536
9384.66822,0.13539
9380.81098,0.13530
9376.95374,0.13513
9373.09650,0.13493
9369.23925,0.13480
9365.38201,0.13485
9361.52477,0.13494
9357.66753,0.13498
9353.81029,0.13513
9349.95305,0.13538
9346.09581,0.13542
9342.23856,0.13525
9338.38132,0.13520
9334.52408,0.13531
9330.66684,0.13537
9326.80960,0.13541
9322.95236,0.13546
9319.09512,0.13535
9315.23788,0.13518
9311.38063,0.13511
9307.52339,0.13506
9303.66615,0.13486
9299.80891,0.13449
9295.95167,0.13422
9292.09443,0.13425
9288.23719,0.13450
9284.37994,0.13473
9280.52270,0.13482
9276.66546,0.13475
9272.80822,0.13459
9268.95098,0.13452
9265.09374,0.13456
9261.23650,0.13455
9257.37925,0.13452
9253.52201,0.13463
9249.66477,0.13473
9245.80753,0.13461
9241.95029,0.13456
9238.09305,0.13472
9234.23581,0.13477
9230.37857,0.13474
9226.52132,0.13478
9222.66408,0.13480
9218.80684,0.13491
9214.94960,0.13514
9211.09236,0.13507
9207.23512,0.13458
9203.37788,0.13419
9199.52063,0.13419
9195.66339,0.13435
9191.80615,0.13459
9187.94891,0.13484
9184.09167,0.13487
9180.23443,0.13471
9176.37719,0.13456
9172.51995,0.13448
9168.66270,0.13439
9164.80546,0.13429
9160.94822,0.13417
9157.09098,0.13409
9153.23374,0.13415
9149.37650,0.13427
9145.51926,0.13432
9141.66201,0.13431
9137.80477,0.13440
9133.94753,0.13471
9130.09029,0.13501
9126.23305,0.13510
9122.37581,0.13509
9118.51857,0.13503
9114.66132,0.13479
9110.80408,0.13446
9106.94684,0.13436
9103.08960,0.13453
9099.23236,0.13467
9095.37512,0.13466
9091.51788,0.13470
9087.66064,0.13489
9083.80339,0.13505
9079.94615,0.13503
9076.08891,0.13482
9072.23167,0.13469
9068.37443,0.13490
9064.51719,0.13526
9060.65995,0.13543
9056.80270,0.13543
9052.94546,0.13545
9049.08822,0.13542
9045.23098,0.13536
9041.37374,0.13530
9037.51650,0.13527
9033.65926,0.13540
9029.80201,0.13569
9025.94477,0.13594
9022.08753,0.13609
9018.23029,0.13625
9014.37305,0.13638
9010.51581,0.13639
9006.65857,0.13641
9002.80133,0.13644
8998.94408,0.13647
8995.08684,0.13680
8991.22960,0.13732
8987.37236,0.13752
8983.51512,0.13746
8979.65788,0.13746
8975.80064,0.13763
8971.94339,0.13786
8968.08615,0.13810
8964.22891,0.13848
8960.37167,0.13901
8956.51443,0.13945
8952.65719,0.13972
8948.79995,0.14007
8944.94271,0.14055
8941.08546,0.14089
8937.22822,0.14104
8933.37098,0.14128
8929.51374,0.14177
8925.65650,0.14232
8921.79926,0.14279
8917.94202,0.14328
8914.08477,0.14380
8910.22753,0.14439
8906.37029,0.14509
8902.51305,0.14589
8898.65581,0.14680
8894.79857,0.14782
8890.94133,0.14866
8887.08408,0.14923
8883.22684,0.14987
8879.36960,0.15064
8875.51236,0.15132
8871.65512,0.15186
8867.79788,0.15237
8863.94064,0.15278
8860.08340,0.15291
8856.22615,0.15288
8852.36891,0.15291
8848.51167,0.15299
8844.65443,0.15289
8840.79719,0.15256
8836.93995,0.15203
8833.08271,0.15141
8829.22546,0.15082
8825.36822,0.15014
8821.51098,0.14939
8817.65374,0.14882
8813.79650,0.14829
8809.93926,0.14756
8806.08202,0.14673
8802.22477,0.14596
8798.36753,0.14527
8794.51029,0.14455
8790.65305,0.14386
8786.79581,0.14341
8782.93857,0.14305
8779.08133,0.14249
8775.22409,0.14181
8771.36684,0.14125
8767.50960,0.14101
8763.65236,0.14103
8759.79512,0.14101
8755.93788,0.14077
8752.08064,0.14048
8748.22340,0.14033
8744.36615,0.14021
8740.50891,0.13994
8736.65167,0.13972
8732.79443,0.13975
8728.93719,0.13991
8725.07995,0.14002
8721.22271,0.14000
8717.36547,0.13991
8713.50822,0.13990
8709.65098,0.13995
8705.79374,0.13996
8701.93650,0.14000
8698.07926,0.14016
8694.22202,0.14044
8690.36478,0.14077
8686.50753,0.14091
8682.65029,0.14079
8678.79305,0.14063
8674.93581,0.14053
8671.07857,0.14053
8667.22133,0.14071
8663.36409,0.14095
8659.50684,0.14112
8655.64960,0.14127
8651.79236,0.14144
8647.93512,0.14155
8644.07788,0.14157
8640.22064,0.14171
8636.36340,0.14207
8632.50616,0.14235
8628.64891,0.14238
8624.79167,0.14234
8620.93443,0.14254
8617.07719,0.14291
8613.21995,0.14317
8609.36271,0.14336
8605.50547,0.14369
8601.64822,0.14412
8597.79098,0.14435
8593.93374,0.14434
8590.07650,0.14424
8586.21926,0.14423
8582.36202,0.14442
8578.50478,0.14468
8574.64753,0.14485
8570.79029,0.14499
8566.93305,0.14515
8563.07581,0.14529
8559.21857,0.14549
8555.36133,0.14574
8551.50409,0.14582
8547.64685,0.14560
8543.78960,0.14531
8539.93236,0.14536
8536.07512,0.14577
8532.21788,0.14615
8528.36064,0.14633
8524.50340,0.14649
8520.64616,0.14673
8516.78891,0.14691
8512.93167,0.14701
8509.07443,0.14711
8505.21719,0.14730
8501.35995,0.14749
8497.50271,0.14748
8493.64547,0.14725
8489.78822,0.14714
8485.93098,0.14728
8482.07374,0.14741
8478.21650,0.14736
8474.35926,0.14724
8470.50202,0.14727
8466.64478,0.14741
8462.78754,0.14735
8458.93029,0.14699
8455.07305,0.14662
8451.21581,0.14640
8447.35857,0.14629
8443.50133,0.14621
8439.64409,0.14605
8435.78685,0.14592
8431.92960,0.14600
8428.07236,0.14614
8424.21512,0.14614
8420.35788,0.14610
8416.50064,0.14610
8412.64340,0.14610
8408.78616,0.14595
8404.92892,0.14564
8401.07167,0.14530
8397.21443,0.14505
8393.35719,0.14490
8389.49995,0.14481
8385.64271,0.14469
8381.78547,0.14447
8377.92823,0.14424
8374.07098,0.14419
8370.21374,0.14428
8366.35650,0.14426
8362.49926,0.14412
8358.64202,0.14401
8354.78478,0.14402
8350.92754,0.14415
8347.07029,0.14424
8343.21305,0.14421
8339.35581,0.14404
8335.49857,0.14378
8331.64133,0.14365
8327.78409,0.14365
8323.92685,0.14369
8320.06961,0.14374
8316.21236,0.14369
8312.35512,0.14357
8308.49788,0.14351
8304.64064,0.14358
8300.78340,0.14366
8296.92616,0.14366
8293.06892,0.14356
8289.21167,0.14349
8285.35443,0.14352
8281.49719,0.14352
8277.63995,0.14332
8273.78271,0.14306
8269.92547,0.14304
8266.06823,0.14319
8262.21098,0.14324
8258.35374,0.14319
8254.49650,0.14319
8250.63926,0.14323
8246.78202,0.14327
8242.92478,0.14339
8239.06754,0.14354
8235.21030,0.14350
8231.35305,0.14327
8227.49581,0.14319
8223.63857,0.14332
8219.78133,0.14339
8215.92409,0.14337
8212.06685,0.14331
8208.20961,0.14310
8204.35236,0.14288
8200.49512,0.14288
8196.63788,0.14297
8192.78064,0.14294
8188.92340,0.14272
8185.06616,0.14249
8181.20892,0.14238
8177.35168,0.14238
8173.49443,0.14243
8169.63719,0.14242
8165.77995,0.14242
8161.92271,0.14240
8158.06547,0.14230
8154.20823,0.14212
8150.35099,0.14196
8146.49374,0.14190
8142.63650,0.14187
8138.77926,0.14178
8134.92202,0.14164
8131.06478,0.14145
8127.20754,0.14130
8123.35030,0.14127
8119.49305,0.14120
8115.63581,0.14098
8111.77857,0.14080
8107.92133,0.14065
8104.06409,0.14046
8100.20685,0.14028
8096.34961,0.14020
8092.49237,0.14016
8088.63512,0.14010
8084.77788,0.14002
8080.92064,0.13996
8077.06340,0.13992
8073.20616,0.13990
8069.34892,0.13985
8065.49168,0.13961
8061.63443,0.13927
8057.77719,0.13906
8053.91995,0.13899
8050.06271,0.13905
8046.20547,0.13916
8042.34823,0.13916
8038.49099,0.13907
8034.63374,0.13901
8030.77650,0.13897
8026.91926,0.13897
8023.06202,0.13909
8019.20478,0.13915
8015.34754,0.13902
8011.49030,0.13884
8007.63306,0.13880
8003.77581,0.13876
7999.91857,0.13860
7996.06133,0.13841
7992.20409,0.13826
7988.34685,0.13819
7984.48961,0.13824
7980.63237,0.13832
7976.77512,0.13830
7972.91788,0.13820
7969.06064,0.13814
7965.20340,0.13806
7961.34616,0.13795
7957.48892,0.13785
7953.63168,0.13772
7949.77444,0.13754
7945.91719,0.13742
7942.05995,0.13751
7938.20271,0.13770
7934.34547,0.13776
7930.48823,0.13775
7926.63099,0.13775
7922.77375,0.13768
7918.91650,0.13760
7915.05926,0.13760
7911.20202,0.13768
7907.34478,0.13778
7903.48754,0.13779
7899.63030,0.13769
7895.77306,0.13762
7891.91581,0.13770
7888.05857,0.13785
7884.20133,0.13793
7880.34409,0.13790
7876.48685,0.13785
7872.62961,0.13776
7868.77237,0.13764
7864.91513,0.13756
7861.05788,0.13754
7857.20064,0.13755
7853.34340,0.13755
7849.48616,0.13747
7845.62892,0.13732
7841.77168,0.13720
7837.91444,0.13720
7834.05719,0.13728
7830.19995,0.13729
7826.34271,0.13722
7822.48547,0.13721
7818.62823,0.13723
7814.77099,0.13724
7810.91375,0.13732
7807.05650,0.13737
7803.19926,0.13732
7799.34202,0.13719
7795.48478,0.13695
7791.62754,0.13671
7787.77030,0.13662
7783.91306,0.13658
7780.05582,0.13639
7776.19857,0.13621
7772.34133,0.13616
7768.48409,0.13608
7764.62685,0.13597
7760.76961,0.13600
7756.91237,0.13614
7753.05513,0.13609
7749.19788,0.13586
7745.34064,0.13575
7741.48340,0.13583
7737.62616,0.13582
7733.76892,0.13564
7729.91168,0.13550
7726.05444,0.13546
7722.19720,0.13537
7718.33995,0.13522
7714.48271,0.13517
7710.62547,0.13528
7706.76823,0.13531
7702.91099,0.13516
7699.05375,0.13504
7695.19651,0.13502
7691.33926,0.13494
7687.48202,0.13482
7683.62478,0.13475
7679.76754,0.13480
7675.91030,0.13495
7672.05306,0.13505
7668.19582,0.13499
7664.33857,0.13492
7660.48133,0.13497
7656.62409,0.13507
7652.76685,0.13512
7648.90961,0.13511
7645.05237,0.13516
7641.19513,0.13528
7637.33789,0.13533
7633.48064,0.13528
7629.62340,0.13520
7625.76616,0.13514
7621.90892,0.13518
7618.05168,0.13533
7614.19444,0.13542
7610.33720,0.13539
7606.47995,0.13548
7602.62271,0.13565
7598.76547,0.13564
7594.90823,0.13554
7591.05099,0.13550
7587.19375,0.13545
7583.33651,0.13539
7579.47926,0.13541
7575.62202,0.13550
7571.76478,0.13562
7567.90754,0.13578
7564.05030,0.13588
7560.19306,0.13594
7556.33582,0.13610
7552.47858,0.13634
7548.62133,0.13661
7544.76409,0.13686
7540.90685,0.13693
7537.04961,0.13685
7533.19237,0.13697
7529.33513,0.13728
7525.47789,0.13738
7521.62064,0.13723
7517.76340,0.13716
7513.90616,0.13734
7510.04892,0.13755
7506.19168,0.13761
7502.33444,0.13765
7498.47720,0.13783
7494.61996,0.13808
7490.76271,0.13825
7486.90547,0.13828
7483.04823,0.13834
7479.19099,0.13858
7475.33375,0.13892
7471.47651,0.13922
7467.61927,0.13939
7463.76202,0.13954
7459.90478,0.13980
7456.04754,0.14017
7452.19030,0.14060
7448.33306,0.14110
7444.47582,0.14165
7440.61858,0.14220
7436.76133,0.14269
7432.90409,0.14313
7429.04685,0.14370
7425.18961,0.14439
7421.33237,0.14499
7417.47513,0.14549
7413.61789,0.14605
7409.76065,0.14662
7405.90340,0.14717
7402.04616,0.14777
7398.18892,0.14837
7394.33168,0.14891
7390.47444,0.14952
7386.61720,0.15025
7382.75996,0.15101
7378.90271,0.15172
7375.04547,0.15235
7371.18823,0.15300
7367.33099,0.15380
7363.47375,0.15461
7359.61651,0.15525
7355.75927,0.15576
7351.90202,0.15629
7348.04478,0.15682
7344.18754,0.15729
7340.33030,0.15774
7336.47306,0.15823
7332.61582,0.15871
7328.75858,0.15904
7324.90134,0.15926
7321.04409,0.15942
7317.18685,0.15951
7313.32961,0.15957
7309.47237,0.15963
7305.61513,0.15972
7301.75789,0.15991
7297.90065,0.16012
7294.04340,0.16027
7290.18616,0.16036
7286.32892,0.16047
7282.47168,0.16064
7278.61444,0.16087
7274.75720,0.16112
7270.89996,0.16135
7267.04272,0.16160
7263.18547,0.16188
7259.32823,0.16210
7255.47099,0.16223
7251.61375,0.16238
7247.75651,0.16259
7243.89927,0.16273
7240.04203,0.16272
7236.18478,0.16272
7232.32754,0.16284
7228.47030,0.16298
7224.61306,0.16311
7220.75582,0.16330
7216.89858,0.16352
7213.04134,0.16365
7209.18409,0.16370
7205.32685,0.16371
7201.46961,0.16372
7197.61237,0.16380
7193.75513,0.16396
7189.89789,0.16416
7186.04065,0.16438
7182.18341,0.16463
7178.32616,0.16490
7174.46892,0.16511
7170.61168,0.16532
7166.75444,0.16565
7162.89720,0.16614
7159.03996,0.16662
7155.18272,0.16707
7151.32547,0.16760
7147.46823,0.16829
7143.61099,0.16909
7139.75375,0.16989
7135.89651,0.17063
7132.03927,0.17134
7128.18203,0.17203
7124.32478,0.17271
7120.46754,0.17344
7116.61030,0.17420
7112.75306,0.17494
7108.89582,0.17574
7105.03858,0.17658
7101.18134,0.17737
7097.32410,0.17819
7093.46685,0.17915
7089.60961,0.18015
7085.75237,0.18120
7081.89513,0.18243
7078.03789,0.18375
7074.18065,0.18503
7070.32341,0.18623
7066.46616,0.18741
7062.60892,0.18862
7058.75168,0.18983
7054.89444,0.19101
7051.03720,0.19212
7047.17996,0.19324
7043.32272,0.19442
7039.46548,0.19557
7035.60823,0.19662
7031.75099,0.19768
7027.89375,0.19880
7024.03651,0.19982
7020.17927,0.20074
7016.32203,0.20159
7012.46479,0.20240
7008.60754,0.20310
7004.75030,0.20369
7000.89306,0.20431
6997.03582,0.20503
6993.17858,0.20576
6989.32134,0.20640
6985.46410,0.20696
6981.60685,0.20758
6977.74961,0.20822
6973.89237,0.20874
6970.03513,0.20914
6966.17789,0.20960
6962.32065,0.21007
6958.46341,0.21038
6954.60617,0.21064
6950.74892,0.21103
6946.89168,0.21148
6943.03444,0.21185
6939.17720,0.21220
6935.31996,0.21250
6931.46272,0.21277
6927.60548,0.21304
6923.74823,0.21331
6919.89099,0.21360
6916.03375,0.21396
6912.17651,0.21434
6908.31927,0.21463
6904.46203,0.21486
6900.60479,0.21513
6896.74754,0.21541
6892.89030,0.21574
6889.03306,0.21616
6885.17582,0.21657
6881.31858,0.21695
6877.46134,0.21739
6873.60410,0.21789
6869.74686,0.21836
6865.88961,0.21882
6862.03237,0.21940
6858.17513,0.22008
6854.31789,0.22064
6850.46065,0.22110
6846.60341,0.22161
6842.74617,0.22220
6838.88892,0.22284
6835.03168,0.22348
6831.17444,0.22405
6827.31720,0.22459
6823.45996,0.22515
6819.60272,0.22577
6815.74548,0.22648
6811.88824,0.22722
6808.03099,0.22794
6804.17375,0.22863
6800.31651,0.22934
6796.45927,0.23009
6792.60203,0.23089
6788.74479,0.23169
6784.88755,0.23247
6781.03030,0.23329
6777.17306,0.23413
6773.31582,0.23482
6769.45858,0.23533
6765.60134,0.23581
6761.74410,0.23627
6757.88686,0.23667
6754.02961,0.23706
6750.17237,0.23748
6746.31513,0.23787
6742.45789,0.23813
6738.60065,0.23829
6734.74341,0.23847
6730.88617,0.23868
6727.02893,0.23883
6723.17168,0.23894
6719.31444,0.23903
6715.45720,0.23911
6711.59996,0.23912
6707.74272,0.23908
6703.88548,0.23909
6700.02824,0.23914
6696.17099,0.23907
6692.31375,0.23887
6688.45651,0.23870
6684.59927,0.23863
6680.74203,0.23858
6676.88479,0.23846
6673.02755,0.23826
6669.17030,0.23802
6665.31306,0.23772
6661.45582,0.23739
6657.59858,0.23710
6653.74134,0.23682
6649.88410,0.23651
6646.02686,0.23615
6642.16962,0.23574
6638.31237,0.23530
6634.45513,0.23486
6630.59789,0.23444
6626.74065,0.23395
6622.88341,0.23345
6619.02617,0.23300
6615.16893,0.23255
6611.31168,0.23207
6607.45444,0.23159
6603.59720,0.23111
6599.73996,0.23070
6595.88272,0.23039
6592.02548,0.23013
6588.16824,0.22989
6584.31100,0.22966
6580.45375,0.22940
6576.59651,0.22923
6572.73927,0.22920
6568.88203,0.22915
6565.02479,0.22911
6561.16755,0.22920
6557.31031,0.22932
6553.45306,0.22933
6549.59582,0.22932
6545.73858,0.22935
6541.88134,0.22947
6538.02410,0.22963
6534.16686,0.22978
6530.30962,0.22994
6526.45237,0.23010
6522.59513,0.23019
6518.73789,0.23028
6514.88065,0.23043
6511.02341,0.23057
6507.16617,0.23069
6503.30893,0.23087
6499.45169,0.23105
6495.59444,0.23111
6491.73720,0.23108
6487.87996,0.23102
6484.02272,0.23093
6480.16548,0.23081
6476.30824,0.23065
6472.45100,0.23049
6468.59375,0.23038
6464.73651,0.23032
6460.87927,0.23025
6457.02203,0.23009
6453.16479,0.22984
6449.30755,0.22959
6445.45031,0.22940
6441.59306,0.22920
6437.73582,0.22894
6433.87858,0.22860
6430.02134,0.22825
6426.16410,0.22791
6422.30686,0.22757
6418.44962,0.22726
6414.59238,0.22696
6410.73513,0.22667
6406.87789,0.22642
6403.02065,0.22620
6399.16341,0.22601
6395.30617,0.22586
6391.44893,0.22571
6387.59169,0.22555
6383.73444,0.22536
6379.87720,0.22516
6376.01996,0.22497
6372.16272,0.22481
6368.30548,0.22466
6364.44824,0.22449
6360.59100,0.22430
6356.73376,0.22416
6352.87651,0.22412
6349.01927,0.22407
6345.16203,0.22397
6341.30479,0.22392
6337.44755,0.22395
6333.59031,0.22401
6329.73307,0.22402
6325.87582,0.22398
6322.01858,0.22395
6318.16134,0.22394
6314.30410,0.22387
6310.44686,0.22372
6306.58962,0.22359
6302.73238,0.22346
6298.87513,0.22322
6295.01789,0.22287
6291.16065,0.22249
6287.30341,0.22210
6283.44617,0.22167
6279.58893,0.22119
6275.73169,0.22067
6271.87445,0.22010
6268.01720,0.21945
6264.15996,0.21876
6260.30272,0.21809
6256.44548,0.21742
6252.58824,0.21676
6248.73100,0.21610
6244.87376,0.21541
6241.01651,0.21461
6237.15927,0.21374
6233.30203,0.21288
6229.44479,0.21208
6225.58755,0.21135
6221.73031,0.21074
6217.87307,0.21032
6214.01582,0.21022
6210.15858,0.21048
6206.30134,0.21101
6202.44410,0.21164
6198.58686,0.21205
6194.72962,0.21195
6190.87238,0.21126
6187.01514,0.21016
6183.15789,0.20892
6179.30065,0.20774
6175.44341,0.20673
6171.58617,0.20601
6167.72893,0.20563
6163.87169,0.20558
6160.01445,0.20582
6156.15720,0.20637
6152.29996,0.20715
6148.44272,0.20787
6144.58548,0.20827
6140.72824,0.20830
6136.87100,0.20806
6133.01376,0.20774
6129.15652,0.20762
6125.29927,0.20792
6121.44203,0.20882
6117.58479,0.21048
6113.72755,0.21296
6109.87031,0.21618
6106.01307,0.22001
6102.15583,0.22437
6098.29858,0.22915
6094.44134,0.23414
6090.58410,0.23909
6086.72686,0.24380
6082.86962,0.24818
6079.01238,0.25239
6075.15514,0.25693
6071.29789,0.26237
6067.44065,0.26884
6063.58341,0.27592
6059.72617,0.28294
6055.86893,0.28934
6052.01169,0.29490
6048.15445,0.29986
6044.29721,0.30474
6040.43996,0.31004
6036.58272,0.31596
6032.72548,0.32220
6028.86824,0.32805
6025.01100,0.33256
6021.15376,0.33489
6017.29652,0.33447
6013.43927,0.33118
6009.58203,0.32534
6005.72479,0.31765
6001.86755,0.30914
5998.01031,0.30092
5994.15307,0.29381
5990.29583,0.28832
5986.43858,0.28459
5982.58134,0.28220
5978.72410,0.28021
5974.86686,0.27761
5971.00962,0.27393
5967.15238,0.26961
5963.29514,0.26557
5959.43790,0.26255
5955.58065,0.26071
5951.72341,0.25978
5947.86617,0.25930
5944.00893,0.25866
5940.15169,0.25721
5936.29445,0.25457
5932.43721,0.25084
5928.57996,0.24648
5924.72272,0.24202
5920.86548,0.23793
5917.00824,0.23430
5913.15100,0.23116
5909.29376,0.22879
5905.43652,0.22751
5901.57927,0.22737
5897.72203,0.22827
5893.86479,0.23007
5890.00755,0.23251
5886.15031,0.23523
5882.29307,0.23787
5878.43583,0.24027
5874.57859,0.24250
5870.72134,0.24450
5866.86410,0.24602
5863.00686,0.24680
5859.14962,0.24673
5855.29238,0.24598
5851.43514,0.24494
5847.57790,0.24387
5843.72065,0.24301
5839.86341,0.24249
5836.00617,0.24227
5832.14893,0.24223
5828.29169,0.24230
5824.43445,0.24250
5820.57721,0.24284
5816.71997,0.24319
5812.86272,0.24344
5809.00548,0.24351
5805.14824,0.24342
5801.29100,0.24316
5797.43376,0.24279
5793.57652,0.24238
5789.71928,0.24199
5785.86203,0.24162
5782.00479,0.24126
5778.14755,0.24082
5774.29031,0.24023
5770.43307,0.23952
5766.57583,0.23861
5762.71859,0.23742
5758.86134,0.23599
5755.00410,0.23436
5751.14686,0.23252
5747.28962,0.23058
5743.43238,0.22863
5739.57514,0.22671
5735.71790,0.22493
5731.86066,0.22344
5728.00341,0.22235
5724.14617,0.22171
5720.28893,0.22147
5716.43169,0.22151
5712.57445,0.22166
5708.71721,0.22181
5704.85997,0.22183
5701.00272,0.22166
5697.14548,0.22129
5693.28824,0.22082
5689.43100,0.22036
5685.57376,0.21995
5681.71652,0.21959
5677.85928,0.21933
5674.00203,0.21927
5670.14479,0.21949
5666.28755,0.21991
5662.43031,0.22038
5658.57307,0.22073
5654.71583,0.22087
5650.85859,0.22071
5647.00135,0.22023
5643.14410,0.21943
5639.28686,0.21842
5635.42962,0.21737
5631.57238,0.21642
5627.71514,0.21559
5623.85790,0.21490
5620.00066,0.21436
5616.14341,0.21398
5612.28617,0.21378
5608.42893,0.21374
5604.57169,0.21388
5600.71445,0.21418
5596.85721,0.21462
5592.99997,0.21513
5589.14273,0.21567
5585.28548,0.21627
5581.42824,0.21696
5577.57100,0.21768
5573.71376,0.21832
5569.85652,0.21883
5565.99928,0.21914
5562.14204,0.21925
5558.28479,0.21922
5554.42755,0.21917
5550.57031,0.21915
5546.71307,0.21917
5542.85583,0.21914
5538.99859,0.21903
5535.14135,0.21895
5531.28410,0.21891
5527.42686,0.21877
5523.56962,0.21850
5519.71238,0.21817
5515.85514,0.21780
5511.99790,0.21747
5508.14066,0.21724
5504.28342,0.21718
5500.42617,0.21741
5496.56893,0.21794
5492.71169,0.21862
5488.85445,0.21925
5484.99721,0.21972
5481.13997,0.21998
5477.28273,0.21997
5473.42548,0.21962
5469.56824,0.21904
5465.71100,0.21834
5461.85376,0.21752
5457.99652,0.21655
5454.13928,0.21547
5450.28204,0.21426
5446.42479,0.21285
5442.56755,0.21128
5438.71031,0.20968
5434.85307,0.20818
5430.99583,0.20687
5427.13859,0.20579
5423.28135,0.20498
5419.42411,0.20438
5415.56686,0.20395
5411.70962,0.20362
5407.85238,0.20338
5403.99514,0.20322
5400.13790,0.20309
5396.28066,0.20293
5392.42342,0.20277
5388.56617,0.20263
5384.70893,0.20254
5380.85169,0.20256
5376.99445,0.20270
5373.13721,0.20295
5369.27997,0.20330
5365.42273,0.20373
5361.56549,0.20418
5357.70824,0.20460
5353.85100,0.20495
5349.99376,0.20522
5346.13652,0.20543
5342.27928,0.20556
5338.42204,0.20559
5334.56480,0.20565
5330.70755,0.20582
5326.85031,0.20616
5322.99307,0.20675
5319.13583,0.20764
5315.27859,0.20882
5311.42135,0.21027
5307.56411,0.21194
5303.70686,0.21380
5299.84962,0.21592
5295.99238,0.21839
5292.13514,0.22124
5288.27790,0.22454
5284.42066,0.22835
5280.56342,0.23268
5276.70618,0.23742
5272.84893,0.24239
5268.99169,0.24746
5265.13445,0.25249
5261.27721,0.25726
5257.41997,0.26159
5253.56273,0.26549
5249.70549,0.26901
5245.84824,0.27208
5241.99100,0.27470
5238.13376,0.27698
5234.27652,0.27897
5230.41928,0.28066
5226.56204,0.28212
5222.70480,0.28340
5218.84755,0.28447
5214.99031,0.28536
5211.13307,0.28606
5207.27583,0.28658
5203.41859,0.28701
5199.56135,0.28740
5195.70411,0.28773
5191.84687,0.28802
5187.98962,0.28832
5184.13238,0.28859
5180.27514,0.28878
5176.41790,0.28882
5172.56066,0.28873
5168.70342,0.28861
5164.84618,0.28852
5160.98893,0.28849
5157.13169,0.28855
5153.27445,0.28859
5149.41721,0.28857
5145.55997,0.28851
5141.70273,0.28850
5137.84549,0.28855
5133.98825,0.28870
5130.13100,0.28896
5126.27376,0.28921
5122.41652,0.28915
5118.55928,0.28836
5114.70204,0.28658
5110.84480,0.28389
5106.98756,0.28066
5103.13031,0.27736
5099.27307,0.27421
5095.41583,0.27127
5091.55859,0.26859
5087.70135,0.26619
5083.84411,0.26407
5079.98687,0.26219
5076.12962,0.26046
5072.27238,0.25881
5068.41514,0.25728
5064.55790,0.25589
5060.70066,0.25458
5056.84342,0.25333
5052.98618,0.25222
5049.12894,0.25124
5045.27169,0.25038
5041.41445,0.24963
5037.55721,0.24897
5033.69997,0.24835
5029.84273,0.24778
5025.98549,0.24725
5022.12825,0.24675
5018.27100,0.24626
5014.41376,0.24585
5010.55652,0.24549
5006.69928,0.24512
5002.84204,0.24465
4998.98480,0.24411
4995.12756,0.24361
4991.27031,0.24324
4987.41307,0.24306
4983.55583,0.24305
4979.69859,0.24312
4975.84135,0.24334
4971.98411,0.24386
4968.12687,0.24473
4964.26963,0.24586
4960.41238,0.24715
4956.55514,0.24864
4952.69790,0.25042
4948.84066,0.25241
4944.98342,0.25442
4941.12618,0.25644
4937.26894,0.25855
4933.41169,0.26075
4929.55445,0.26304
4925.69721,0.26550
4921.83997,0.26814
4917.98273,0.27090
4914.12549,0.27380
4910.26825,0.27684
4906.41101,0.27993
4902.55376,0.28314
4898.69652,0.28651
4894.83928,0.28996
4890.98204,0.29343
4887.12480,0.29696
4883.26756,0.30058
4879.41032,0.30427
4875.55307,0.30793
4871.69583,0.31148
4867.83859,0.31486
4863.98135,0.31812
4860.12411,0.32136
4856.26687,0.32457
4852.40963,0.32781
4848.55238,0.33122
4844.69514,0.33498
4840.83790,0.33911
4836.98066,0.34357
4833.12342,0.34817
4829.26618,0.35276
4825.40894,0.35724
4821.55170,0.36150
4817.69445,0.36543
4813.83721,0.36905
4809.97997,0.37242
4806.12273,0.37553
4802.26549,0.37828
4798.40825,0.38054
4794.55101,0.38227
4790.69376,0.38349
4786.83652,0.38425
4782.97928,0.38464
4779.12204,0.38484
4775.26480,0.38505
4771.40756,0.38549
4767.55032,0.38633
4763.69307,0.38774
4759.83583,0.38980
4755.97859,0.39240
4752.12135,0.39532
4748.26411,0.39831
4744.40687,0.40112
4740.54963,0.40374
4736.69239,0.40662
4732.83514,0.41037
4728.97790,0.41511
4725.12066,0.42014
4721.26342,0.42407
4717.40618,0.42601
4713.54894,0.42662
4709.69170,0.42767
4705.83445,0.43077
4701.97721,0.43642
4698.11997,0.44347
4694.26273,0.44936
4690.40549,0.45144
4686.54825,0.44843
4682.69101,0.44084
4678.83377,0.43050
4674.97652,0.41977
4671.11928,0.41072
4667.26204,0.40432
4663.40480,0.40039
4659.54756,0.39824
4655.69032,0.39764
4651.83308,0.39911
4647.97583,0.40318
4644.11859,0.40926
4640.26135,0.41531
4636.40411,0.41853
4632.54687,0.41658
4628.68963,0.40897
4624.83239,0.39755
4620.97514,0.38545
4617.11790,0.37525
4613.26066,0.36798
4609.40342,0.36360
4605.54618,0.36191
4601.68894,0.36299
4597.83170,0.36628
4593.97446,0.37021
4590.11721,0.37339
4586.25997,0.37587
4582.40273,0.37741
4578.54549,0.37601
4574.68825,0.37001
4570.83101,0.36057
4566.97377,0.35073
4563.11652,0.34296
4559.25928,0.33802
4555.40204,0.33539
4551.54480,0.33412
4547.68756,0.33343
4543.83032,0.33283
4539.97308,0.33219
4536.11583,0.33178
4532.25859,0.33187
4528.40135,0.33261
4524.54411,0.33407
4520.68687,0.33622
4516.82963,0.33902
4512.97239,0.34273
4509.11515,0.34787
4505.25790,0.35488
4501.40066,0.36390
4497.54342,0.37452
4493.68618,0.38546
4489.82894,0.39504
4485.97170,0.40243
4482.11446,0.40848
4478.25721,0.41514
4474.39997,0.42427
4470.54273,0.43696
4466.68549,0.45309
4462.82825,0.47019
4458.97101,0.48376
4455.11377,0.49117
4451.25653,0.49459
4447.39928,0.49798
4443.54204,0.50306
4439.68480,0.50900
4435.82756,0.51386
4431.97032,0.51574
4428.11308,0.51366
4424.25584,0.50855
4420.39859,0.50300
4416.54135,0.49946
4412.68411,0.49885
4408.82687,0.50024
4404.96963,0.50146
4401.11239,0.50059
4397.25515,0.49723
4393.39790,0.49229
4389.54066,0.48699
4385.68342,0.48224
4381.82618,0.47846
4377.96894,0.47570
4374.11170,0.47396
4370.25446,0.47348
4366.39722,0.47440
4362.53997,0.47615
4358.68273,0.47790
4354.82549,0.47944
4350.96825,0.48123
4347.11101,0.48375
4343.25377,0.48708
4339.39653,0.49053
4335.53928,0.49329
4331.68204,0.49534
4327.82480,0.49719
4323.96756,0.49935
4320.11032,0.50214
4316.25308,0.50582
4312.39584,0.51063
4308.53859,0.51651
4304.68135,0.52291
4300.82411,0.52914
4296.96687,0.53452
4293.10963,0.53825
4289.25239,0.53995
4285.39515,0.53994
4281.53791,0.53899
4277.68066,0.53770
4273.82342,0.53607
4269.96618,0.53376
4266.10894,0.53088
4262.25170,0.52821
4258.39446,0.52664
4254.53722,0.52639
4250.67997,0.52700
4246.82273,0.52757
4242.96549,0.52726
4239.10825,0.52598
4235.25101,0.52445
4231.39377,0.52332
4227.53653,0.52230
4223.67929,0.52056
4219.82204,0.51767
4215.96480,0.51400
4212.10756,0.51042
4208.25032,0.50750
4204.39308,0.50513
4200.53584,0.50317
4196.67860,0.50208
4192.82135,0.50272
4188.96411,0.50564
4185.10687,0.51058
4181.24963,0.51586
4177.39239,0.51838
4173.53515,0.51602
4169.67791,0.50978
4165.82066,0.50239
4161.96342,0.49603
4158.10618,0.49169
4154.24894,0.48958
4150.39170,0.48950
4146.53446,0.49136
4142.67722,0.49519
4138.81998,0.50035
4134.96273,0.50551
4131.10549,0.50949
4127.24825,0.51236
4123.39101,0.51524
4119.53377,0.51922
4115.67653,0.52494
4111.81929,0.53276
4107.96204,0.54297
4104.10480,0.55626
4100.24756,0.57388
4096.39032,0.59467
4092.53308,0.61184
4088.67584,0.61769
4084.81860,0.61153
4080.96135,0.59850
4077.10411,0.58385
4073.24687,0.57146
4069.38963,0.56332
4065.53239,0.55909
4061.67515,0.55750
4057.81791,0.55760
4053.96067,0.55877
4050.10342,0.56033
4046.24618,0.56167
4042.38894,0.56241
4038.53170,0.56267
4034.67446,0.56280
4030.81722,0.56295
4026.95998,0.56309
4023.10273,0.56316
4019.24549,0.56306
4015.38825,0.56256
4011.53101,0.56141
4007.67377,0.55963
4003.81653,0.55736
3999.95929,0.55466
3996.10205,0.55154
3992.24480,0.54831
3988.38756,0.54540
3984.53032,0.54315
3980.67308,0.54154
3976.81584,0.54018
3972.95860,0.53871
3969.10136,0.53678
3965.24411,0.53419
3961.38687,0.53116
3957.52963,0.52802
3953.67239,0.52493
3949.81515,0.52189
3945.95791,0.51891
3942.10067,0.51605
3938.24342,0.51344
3934.38618,0.51108
3930.52894,0.50890
3926.67170,0.50694
3922.81446,0.50511
3918.95722,0.50320
3915.09998,0.50107
3911.24274,0.49870
3907.38549,0.49586
3903.52825,0.49224
3899.67101,0.48821
3895.81377,0.48439
3891.95653,0.48091
3888.09929,0.47790
3884.24205,0.47555
3880.38480,0.47368
3876.52756,0.47183
3872.67032,0.46941
3868.81308,0.46624
3864.95584,0.46277
3861.09860,0.45958
3857.24136,0.45669
3853.38411,0.45391
3849.52687,0.45173
3845.66963,0.45019
3841.81239,0.44888
3837.95515,0.44795
3834.09791,0.44740
3830.24067,0.44700
3826.38343,0.44698
3822.52618,0.44798
3818.66894,0.45059
3814.81170,0.45425
3810.95446,0.45735
3807.09722,0.45891
3803.23998,0.45855
3799.38274,0.45642
3795.52549,0.45364
3791.66825,0.45143
3787.81101,0.45037
3783.95377,0.45054
3780.09653,0.45184
3776.23929,0.45399
3772.38205,0.45668
3768.52481,0.45997
3764.66756,0.46377
3760.81032,0.46693
3756.95308,0.46768
3753.09584,0.46524
3749.23860,0.46122
3745.38136,0.45877
3741.52412,0.45957
3737.66687,0.46301
3733.80963,0.46736
3729.95239,0.46999
3726.09515,0.47027
3722.23791,0.47018
3718.38067,0.47162
3714.52343,0.47526
3710.66618,0.48155
3706.80894,0.49038
3702.95170,0.50148
3699.09446,0.51506
3695.23722,0.53128
3691.37998,0.55111
3687.52274,0.57195
3683.66550,0.58669
3679.80825,0.59540
3675.95101,0.60411
3672.09377,0.61695
3668.23653,0.63297
3664.37929,0.64986
3660.52205,0.66718
3656.66481,0.68481
3652.80756,0.70278
3648.95032,0.72183
3645.09308,0.74001
3641.23584,0.75432
3637.37860,0.76615
3633.52136,0.77703
3629.66412,0.78702
3625.80687,0.79577
3621.94963,0.80418
3618.09239,0.81439
3614.23515,0.82393
3610.37791,0.83125
3606.52067,0.83859
3602.66343,0.84676
3598.80619,0.85515
