12493.60475,0.21320
12489.74751,0.21407
12485.89027,0.21406
12482.03303,0.21337
12478.17579,0.21165
12474.31855,0.21016
12470.46130,0.20927
12466.60406,0.20874
12462.74682,0.20864
12458.88958,0.20720
12455.03234,0.20322
12451.17510,0.19996
12447.31786,0.20034
12443.46062,0.20402
12439.60337,0.20932
12435.74613,0.21242
12431.88889,0.21147
12428.03165,0.20884
12424.17441,0.20735
12420.31717,0.20757
12416.45993,0.20799
12412.60268,0.20848
12408.74544,0.20987
12404.88820,0.21101
12401.03096,0.21115
12397.17372,0.21091
12393.31648,0.21046
12389.45924,0.20964
12385.60199,0.20899
12381.74475,0.20975
12377.88751,0.21186
12374.03027,0.21263
12370.17303,0.21063
12366.31579,0.20861
12362.45855,0.20929
12358.60131,0.21071
12354.74406,0.21038
12350.88682,0.21019
12347.02958,0.21131
12343.17234,0.21107
12339.31510,0.20910
12335.45786,0.20725
12331.60062,0.20550
12327.74337,0.20459
12323.88613,0.20599
12320.02889,0.20866
12316.17165,0.20994
12312.31441,0.20869
12308.45717,0.20705
12304.59993,0.20708
12300.74268,0.20765
12296.88544,0.20752
12293.02820,0.20741
12289.17096,0.20772
12285.31372,0.20826
12281.45648,0.20960
12277.59924,0.21111
12273.74200,0.21080
12269.88475,0.21003
12266.02751,0.21085
12262.17027,0.21061
12258.31303,0.20816
12254.45579,0.20720
12250.59855,0.20937
12246.74131,0.21200
12242.88406,0.21152
12239.02682,0.20841
12235.16958,0.20653
12231.31234,0.20690
12227.45510,0.20712
12223.59786,0.20573
12219.74062,0.20495
12215.88338,0.20751
12212.02613,0.21155
12208.16889,0.21357
12204.31165,0.21291
12200.45441,0.21105
12196.59717,0.20916
12192.73993,0.20792
12188.88269,0.20731
12185.02544,0.20665
12181.16820,0.20656
12177.31096,0.20759
12173.45372,0.20910
12169.59648,0.21023
12165.73924,0.21026
12161.88200,0.20868
12158.02475,0.20677
12154.16751,0.20654
12150.31027,0.20798
12146.45303,0.21092
12142.59579,0.21331
12138.73855,0.21163
12134.88131,0.20815
12131.02407,0.20594
12127.16682,0.20384
12123.30958,0.20176
12119.45234,0.20128
12115.59510,0.20252
12111.73786,0.20364
12107.88062,0.20332
12104.02338,0.20261
12100.16613,0.20286
12096.30889,0.20335
12092.45165,0.20339
12088.59441,0.20417
12084.73717,0.20631
12080.87993,0.20837
12077.02269,0.20799
12073.16544,0.20491
12069.30820,0.20198
12065.45096,0.20121
12061.59372,0.20242
12057.73648,0.20456
12053.87924,0.20622
12050.02200,0.20721
12046.16476,0.20783
12042.30751,0.20715
12038.45027,0.20572
12034.59303,0.20584
12030.73579,0.20721
12026.87855,0.20775
12023.02131,0.20778
12019.16407,0.20880
12015.30682,0.20956
12011.44958,0.20762
12007.59234,0.20478
12003.73510,0.20460
11999.87786,0.20727
11996.02062,0.21046
11992.16338,0.21255
11988.30614,0.21365
11984.44889,0.21322
11980.59165,0.21113
11976.73441,0.21020
11972.87717,0.21194
11969.01993,0.21467
11965.16269,0.21632
11961.30545,0.21523
11957.44820,0.21241
11953.59096,0.21056
11949.73372,0.20955
11945.87648,0.20937
11942.01924,0.21079
11938.16200,0.21134
11934.30476,0.21023
11930.44751,0.21031
11926.59027,0.21092
11922.73303,0.21053
11918.87579,0.21101
11915.01855,0.21252
11911.16131,0.21283
11907.30407,0.21167
11903.44683,0.21029
11899.58958,0.20921
11895.73234,0.20949
11891.87510,0.21169
11888.01786,0.21343
11884.16062,0.21285
11880.30338,0.21142
11876.44614,0.21186
11872.58889,0.21421
11868.73165,0.21531
11864.87441,0.21389
11861.01717,0.21236
11857.15993,0.21303
11853.30269,0.21489
11849.44545,0.21490
11845.58820,0.21293
11841.73096,0.21166
11837.87372,0.21121
11834.01648,0.21014
11830.15924,0.20944
11826.30200,0.21014
11822.44476,0.21114
11818.58752,0.21129
11814.73027,0.21108
11810.87303,0.21174
11807.01579,0.21264
11803.15855,0.21338
11799.30131,0.21499
11795.44407,0.21621
11791.58683,0.21616
11787.72958,0.21594
11783.87234,0.21526
11780.01510,0.21465
11776.15786,0.21550
11772.30062,0.21634
11768.44338,0.21547
11764.58614,0.21423
11760.72890,0.21418
11756.87165,0.21453
11753.01441,0.21456
11749.15717,0.21484
11745.29993,0.21486
11741.44269,0.21360
11737.58545,0.21203
11733.72821,0.21190
11729.87096,0.21304
11726.01372,0.21421
11722.15648,0.21540
11718.29924,0.21594
11714.44200,0.21446
11710.58476,0.21273
11706.72752,0.21391
11702.87027,0.21687
11699.01303,0.21804
11695.15579,0.21727
11691.29855,0.21569
11687.44131,0.21336
11683.58407,0.21261
11679.72683,0.21411
11675.86959,0.21460
11672.01234,0.21311
11668.15510,0.21173
11664.29786,0.21159
11660.44062,0.21188
11656.58338,0.21188
11652.72614,0.21157
11648.86890,0.21096
11645.01165,0.21059
11641.15441,0.21061
11637.29717,0.21046
11633.43993,0.21018
11629.58269,0.21023
11625.72545,0.21108
11621.86821,0.21252
11618.01096,0.21288
11614.15372,0.21095
11610.29648,0.20865
11606.43924,0.20866
11602.58200,0.21023
11598.72476,0.21143
11594.86752,0.21170
11591.01028,0.21105
11587.15303,0.21009
11583.29579,0.20942
11579.43855,0.20946
11575.58131,0.21082
11571.72407,0.21241
11567.86683,0.21287
11564.00959,0.21286
11560.15234,0.21343
11556.29510,0.21491
11552.43786,0.21619
11548.58062,0.21503
11544.72338,0.21177
11540.86614,0.20930
11537.00890,0.20994
11533.15166,0.21196
11529.29441,0.21132
11525.43717,0.20976
11521.57993,0.21201
11517.72269,0.21641
11513.86545,0.21825
11510.00821,0.21658
11506.15097,0.21447
11502.29372,0.21448
11498.43648,0.21490
11494.57924,0.21365
11490.72200,0.21274
11486.86476,0.21417
11483.00752,0.21517
11479.15028,0.21348
11475.29303,0.21163
11471.43579,0.21156
11467.57855,0.21206
11463.72131,0.21135
11459.86407,0.20905
11456.00683,0.20717
11452.14959,0.20744
11448.29235,0.20852
11444.43510,0.20812
11440.57786,0.20685
11436.72062,0.20725
11432.86338,0.20877
11429.00614,0.20888
11425.14890,0.20716
11421.29166,0.20567
11417.43441,0.20631
11413.57717,0.20801
11409.71993,0.20845
11405.86269,0.20782
11402.00545,0.20715
11398.14821,0.20599
11394.29097,0.20559
11390.43372,0.20744
11386.57648,0.20907
11382.71924,0.20903
11378.86200,0.20842
11375.00476,0.20741
11371.14752,0.20683
11367.29028,0.20729
11363.43304,0.20781
11359.57579,0.20824
11355.71855,0.20864
11351.86131,0.20832
11348.00407,0.20792
11344.14683,0.20876
11340.28959,0.21018
11336.43235,0.21054
11332.57510,0.20974
11328.71786,0.20879
11324.86062,0.20828
11321.00338,0.20808
11317.14614,0.20789
11313.28890,0.20780
11309.43166,0.20788
11305.57442,0.20775
11301.71717,0.20714
11297.85993,0.20647
11294.00269,0.20624
11290.14545,0.20704
11286.28821,0.20925
11282.43097,0.21089
11278.57373,0.20999
11274.71648,0.20860
11270.85924,0.20816
11267.00200,0.20795
11263.14476,0.20916
11259.28752,0.21179
11255.43028,0.21283
11251.57304,0.21127
11247.71579,0.20890
11243.85855,0.20684
11240.00131,0.20557
11236.14407,0.20584
11232.28683,0.20695
11228.42959,0.20764
11224.57235,0.20770
11220.71511,0.20787
11216.85786,0.20870
11213.00062,0.20950
11209.14338,0.20975
11205.28614,0.20937
11201.42890,0.20875
11197.57166,0.20893
11193.71442,0.20924
11189.85717,0.20830
11185.99993,0.20688
11182.14269,0.20640
11178.28545,0.20719
11174.42821,0.20865
11170.57097,0.20961
11166.71373,0.20979
11162.85648,0.20979
11158.99924,0.20934
11155.14200,0.20827
11151.28476,0.20752
11147.42752,0.20748
11143.57028,0.20780
11139.71304,0.20815
11135.85580,0.20837
11131.99855,0.20865
11128.14131,0.20892
11124.28407,0.20878
11120.42683,0.20839
11116.56959,0.20811
11112.71235,0.20799
11108.85511,0.20815
11104.99786,0.20868
11101.14062,0.20932
11097.28338,0.20952
11093.42614,0.20909
11089.56890,0.20856
11085.71166,0.20836
11081.85442,0.20808
11077.99718,0.20731
11074.13993,0.20708
11070.28269,0.20832
11066.42545,0.20961
11062.56821,0.20944
11058.71097,0.20845
11054.85373,0.20774
11050.99649,0.20756
11047.13924,0.20771
11043.28200,0.20756
11039.42476,0.20693
11035.56752,0.20670
11031.71028,0.20733
11027.85304,0.20804
11023.99580,0.20831
11020.13855,0.20885
11016.28131,0.21005
11012.42407,0.21110
11008.56683,0.21094
11004.70959,0.20988
11000.85235,0.20915
10996.99511,0.20865
10993.13787,0.20774
10989.28062,0.20671
10985.42338,0.20634
10981.56614,0.20678
10977.70890,0.20676
10973.85166,0.20592
10969.99442,0.20544
10966.13718,0.20550
10962.27993,0.20550
10958.42269,0.20605
10954.56545,0.20747
10950.70821,0.20827
10946.85097,0.20786
10942.99373,0.20748
10939.13649,0.20796
10935.27924,0.20874
10931.42200,0.20878
10927.56476,0.20852
10923.70752,0.20875
10919.85028,0.20848
10915.99304,0.20731
10912.13580,0.20638
10908.27856,0.20622
10904.42131,0.20623
10900.56407,0.20610
10896.70683,0.20644
10892.84959,0.20740
10888.99235,0.20819
10885.13511,0.20819
10881.27787,0.20743
10877.42062,0.20681
10873.56338,0.20680
10869.70614,0.20719
10865.84890,0.20772
10861.99166,0.20724
10858.13442,0.20580
10854.27718,0.20541
10850.41993,0.20629
10846.56269,0.20683
10842.70545,0.20665
10838.84821,0.20625
10834.99097,0.20559
10831.13373,0.20480
10827.27649,0.20465
10823.41925,0.20524
10819.56200,0.20522
10815.70476,0.20390
10811.84752,0.20274
10807.99028,0.20278
10804.13304,0.20318
10800.27580,0.20356
10796.41856,0.20452
10792.56131,0.20545
10788.70407,0.20531
10784.84683,0.20461
10780.98959,0.20426
10777.13235,0.20449
10773.27511,0.20489
10769.41787,0.20505
10765.56063,0.20495
10761.70338,0.20418
10757.84614,0.20365
10753.98890,0.20458
10750.13166,0.20526
10746.27442,0.20447
10742.41718,0.20423
10738.55994,0.20566
10734.70269,0.20686
10730.84545,0.20651
10726.98821,0.20562
10723.13097,0.20515
10719.27373,0.20504
10715.41649,0.20541
10711.55925,0.20616
10707.70200,0.20655
10703.84476,0.20623
10699.98752,0.20523
10696.13028,0.20424
10692.27304,0.20430
10688.41580,0.20480
10684.55856,0.20457
10680.70132,0.20416
10676.84407,0.20442
10672.98683,0.20485
10669.12959,0.20493
10665.27235,0.20490
10661.41511,0.20476
10657.55787,0.20431
10653.70063,0.20379
10649.84338,0.20323
10645.98614,0.20240
10642.12890,0.20170
10638.27166,0.20179
10634.41442,0.20281
10630.55718,0.20397
10626.69994,0.20444
10622.84269,0.20420
10618.98545,0.20360
10615.12821,0.20333
10611.27097,0.20369
10607.41373,0.20382
10603.55649,0.20344
10599.69925,0.20348
10595.84201,0.20418
10591.98476,0.20460
10588.12752,0.20416
10584.27028,0.20325
10580.41304,0.20251
10576.55580,0.20234
10572.69856,0.20283
10568.84132,0.20354
10564.98407,0.20383
10561.12683,0.20360
10557.26959,0.20318
10553.41235,0.20305
10549.55511,0.20305
10545.69787,0.20280
10541.84063,0.20250
10537.98339,0.20221
10534.12614,0.20208
10530.26890,0.20228
10526.41166,0.20227
10522.55442,0.20194
10518.69718,0.20136
10514.83994,0.20040
10510.98270,0.19972
10507.12545,0.19990
10503.26821,0.20045
10499.41097,0.20066
10495.55373,0.20029
10491.69649,0.19985
10487.83925,0.19987
10483.98201,0.20033
10480.12476,0.20083
10476.26752,0.20105
10472.41028,0.20139
10468.55304,0.20212
10464.69580,0.20243
10460.83856,0.20183
10456.98132,0.20085
10453.12408,0.20029
10449.26683,0.20034
10445.40959,0.20074
10441.55235,0.20130
10437.69511,0.20150
10433.83787,0.20150
10429.98063,0.20173
10426.12339,0.20158
10422.26614,0.20099
10418.40890,0.20073
10414.55166,0.20094
10410.69442,0.20142
10406.83718,0.20178
10402.97994,0.20180
10399.12270,0.20145
10395.26545,0.20089
10391.40821,0.20062
10387.55097,0.20055
10383.69373,0.20025
10379.83649,0.20022
10375.97925,0.20076
10372.12201,0.20131
10368.26477,0.20129
10364.40752,0.20076
10360.55028,0.20036
10356.69304,0.20045
10352.83580,0.20061
10348.97856,0.20057
10345.12132,0.20090
10341.26408,0.20160
10337.40683,0.20183
10333.54959,0.20174
10329.69235,0.20199
10325.83511,0.20239
10321.97787,0.20219
10318.12063,0.20128
10314.26339,0.20074
10310.40615,0.20120
10306.54890,0.20185
10302.69166,0.20208
10298.83442,0.20226
10294.97718,0.20239
10291.11994,0.20194
10287.26270,0.20125
10283.40546,0.20101
10279.54821,0.20110
10275.69097,0.20131
10271.83373,0.20182
10267.97649,0.20247
10264.11925,0.20270
10260.26201,0.20234
10256.40477,0.20206
10252.54752,0.20221
10248.69028,0.20238
10244.83304,0.20249
10240.97580,0.20279
10237.11856,0.20281
10233.26132,0.20234
10229.40408,0.20216
10225.54684,0.20210
10221.68959,0.20133
10217.83235,0.20056
10213.97511,0.20054
10210.11787,0.20107
10206.26063,0.20193
10202.40339,0.20249
10198.54615,0.20238
10194.68890,0.20242
10190.83166,0.20279
10186.97442,0.20278
10183.11718,0.20251
10179.25994,0.20247
10175.40270,0.20266
10171.54546,0.20301
10167.68821,0.20351
10163.83097,0.20417
10159.97373,0.20482
10156.11649,0.20495
10152.25925,0.20433
10148.40201,0.20357
10144.54477,0.20329
10140.68753,0.20323
10136.83028,0.20315
10132.97304,0.20333
10129.11580,0.20355
10125.25856,0.20339
10121.40132,0.20318
10117.54408,0.20338
10113.68684,0.20400
10109.82959,0.20459
10105.97235,0.20451
10102.11511,0.20416
10098.25787,0.20448
10094.40063,0.20506
10090.54339,0.20489
10086.68615,0.20402
10082.82891,0.20346
10078.97166,0.20360
10075.11442,0.20382
10071.25718,0.20354
10067.39994,0.20334
10063.54270,0.20372
10059.68546,0.20400
10055.82822,0.20397
10051.97097,0.20421
10048.11373,0.20452
10044.25649,0.20451
10040.39925,0.20424
10036.54201,0.20375
10032.68477,0.20323
10028.82753,0.20330
10024.97028,0.20408
10021.11304,0.20472
10017.25580,0.20475
10013.39856,0.20475
10009.54132,0.20484
10005.68408,0.20480
10001.82684,0.20492
9997.96960,0.20520
9994.11235,0.20509
9990.25511,0.20463
9986.39787,0.20421
9982.54063,0.20406
9978.68339,0.20396
9974.82615,0.20382
9970.96891,0.20397
9967.11166,0.20438
9963.25442,0.20471
9959.39718,0.20481
9955.53994,0.20444
9951.68270,0.20376
9947.82546,0.20368
9943.96822,0.20450
9940.11097,0.20530
9936.25373,0.20536
9932.39649,0.20502
9928.53925,0.20480
9924.68201,0.20450
9920.82477,0.20398
9916.96753,0.20380
9913.11029,0.20406
9909.25304,0.20426
9905.39580,0.20425
9901.53856,0.20433
9897.68132,0.20439
9893.82408,0.20400
9889.96684,0.20356
9886.10960,0.20371
9882.25235,0.20425
9878.39511,0.20484
9874.53787,0.20531
9870.68063,0.20525
9866.82339,0.20457
9862.96615,0.20410
9859.10891,0.20418
9855.25167,0.20438
9851.39442,0.20447
9847.53718,0.20423
9843.67994,0.20390
9839.82270,0.20418
9835.96546,0.20459
9832.10822,0.20423
9828.25098,0.20340
9824.39373,0.20290
9820.53649,0.20283
9816.67925,0.20316
9812.82201,0.20371
9808.96477,0.20435
9805.10753,0.20499
9801.25029,0.20516
9797.39304,0.20479
9793.53580,0.20443
9789.67856,0.20416
9785.82132,0.20405
9781.96408,0.20421
9778.10684,0.20422
9774.24960,0.20385
9770.39236,0.20353
9766.53511,0.20356
9762.67787,0.20375
9758.82063,0.20390
9754.96339,0.20387
9751.10615,0.20367
9747.24891,0.20341
9743.39167,0.20330
9739.53442,0.20349
9735.67718,0.20375
9731.81994,0.20378
9727.96270,0.20346
9724.10546,0.20303
9720.24822,0.20274
9716.39098,0.20257
9712.53373,0.20263
9708.67649,0.20293
9704.81925,0.20314
9700.96201,0.20326
9697.10477,0.20324
9693.24753,0.20300
9689.39029,0.20308
9685.53305,0.20358
9681.67580,0.20372
9677.81856,0.20309
9673.96132,0.20225
9670.10408,0.20188
9666.24684,0.20201
9662.38960,0.20242
9658.53236,0.20285
9654.67511,0.20310
9650.81787,0.20310
9646.96063,0.20283
9643.10339,0.20255
9639.24615,0.20247
9635.38891,0.20224
9631.53167,0.20178
9627.67443,0.20156
9623.81718,0.20176
9619.95994,0.20190
9616.10270,0.20191
9612.24546,0.20218
9608.38822,0.20245
9604.53098,0.20231
9600.67374,0.20201
9596.81649,0.20208
9592.95925,0.20237
9589.10201,0.20237
9585.24477,0.20197
9581.38753,0.20141
9577.53029,0.20106
9573.67305,0.20122
9569.81580,0.20176
9565.95856,0.20215
9562.10132,0.20209
9558.24408,0.20177
9554.38684,0.20139
9550.52960,0.20109
9546.67236,0.20104
9542.81512,0.20113
9538.95787,0.20119
9535.10063,0.20124
9531.24339,0.20120
9527.38615,0.20095
9523.52891,0.20075
9519.67167,0.20085
9515.81443,0.20104
9511.95718,0.20098
9508.09994,0.20076
9504.24270,0.20080
9500.38546,0.20105
9496.52822,0.20134
9492.67098,0.20150
9488.81374,0.20131
9484.95649,0.20111
9481.09925,0.20122
9477.24201,0.20119
9473.38477,0.20068
9469.52753,0.20031
9465.67029,0.20049
9461.81305,0.20073
9457.95581,0.20073
9454.09856,0.20071
9450.24132,0.20073
9446.38408,0.20067
9442.52684,0.20055
9438.66960,0.20052
9434.81236,0.20064
9430.95512,0.20071
9427.09787,0.20063
9423.24063,0.20041
9419.38339,0.20030
9415.52615,0.20050
9411.66891,0.20061
9407.81167,0.20037
9403.95443,0.20022
9400.09719,0.20017
9396.23994,0.19993
9392.38270,0.19982
9388.52546,0.19996
9384.66822,0.19998
9380.81098,0.19991
9376.95374,0.20000
9373.09650,0.20016
9369.23925,0.20032
9365.38201,0.20066
9361.52477,0.20086
9357.66753,0.20051
9353.81029,0.20003
9349.95305,0.19987
9346.09581,0.19978
9342.23856,0.19964
9338.38132,0.19966
9334.52408,0.19982
9330.66684,0.19996
9326.80960,0.20012
9322.95236,0.19993
9319.09512,0.19936
9315.23788,0.19903
9311.38063,0.19911
9307.52339,0.19951
9303.66615,0.20002
9299.80891,0.20010
9295.95167,0.19980
9292.09443,0.19976
9288.23719,0.19993
9284.37994,0.20000
9280.52270,0.20005
9276.66546,0.20002
9272.80822,0.19978
9268.95098,0.19956
9265.09374,0.19962
9261.23650,0.19988
9257.37925,0.19997
9253.52201,0.19967
9249.66477,0.19926
9245.80753,0.19909
9241.95029,0.19924
9238.09305,0.19962
9234.23581,0.19987
9230.37857,0.19989
9226.52132,0.19997
9222.66408,0.20015
9218.80684,0.20033
9214.94960,0.20053
9211.09236,0.20055
9207.23512,0.20013
9203.37788,0.19951
9199.52063,0.19933
9195.66339,0.19954
9191.80615,0.19960
9187.94891,0.19950
9184.09167,0.19955
9180.23443,0.19974
9176.37719,0.19988
9172.51995,0.19990
9168.66270,0.19973
9164.80546,0.19956
9160.94822,0.19966
9157.09098,0.19989
9153.23374,0.19987
9149.37650,0.19967
9145.51926,0.19958
9141.66201,0.19967
9137.80477,0.19968
9133.94753,0.19946
9130.09029,0.19934
9126.23305,0.19959
9122.37581,0.19990
9118.51857,0.19994
9114.66132,0.19991
9110.80408,0.19995
9106.94684,0.19989
9103.08960,0.19981
9099.23236,0.19991
9095.37512,0.20000
9091.51788,0.19981
9087.66064,0.19956
9083.80339,0.19958
9079.94615,0.19976
9076.08891,0.19971
9072.23167,0.19955
9068.37443,0.19971
9064.51719,0.20016
9060.65995,0.20048
9056.80270,0.20043
9052.94546,0.20032
9049.08822,0.20050
9045.23098,0.20088
9041.37374,0.20111
9037.51650,0.20115
9033.65926,0.20113
9029.80201,0.20102
9025.94477,0.20099
9022.08753,0.20134
9018.23029,0.20177
9014.37305,0.20189
9010.51581,0.20185
9006.65857,0.20198
9002.80133,0.20212
8998.94408,0.20204
8995.08684,0.20201
8991.22960,0.20231
8987.37236,0.20290
8983.51512,0.20356
8979.65788,0.20402
8975.80064,0.20424
8971.94339,0.20453
8968.08615,0.20492
8964.22891,0.20530
8960.37167,0.20583
8956.51443,0.20645
8952.65719,0.20691
8948.79995,0.20722
8944.94271,0.20760
8941.08546,0.20818
8937.22822,0.20883
8933.37098,0.20949
8929.51374,0.21038
8925.65650,0.21136
8921.79926,0.21212
8917.94202,0.21268
8914.08477,0.21330
8910.22753,0.21413
8906.37029,0.21490
8902.51305,0.21557
8898.65581,0.21653
8894.79857,0.21763
8890.94133,0.21843
8887.08408,0.21910
8883.22684,0.21998
8879.36960,0.22087
8875.51236,0.22145
8871.65512,0.22188
8867.79788,0.22258
8863.94064,0.22332
8860.08340,0.22356
8856.22615,0.22338
8852.36891,0.22314
8848.51167,0.22287
8844.65443,0.22258
8840.79719,0.22235
8836.93995,0.22208
8833.08271,0.22157
8829.22546,0.22091
8825.36822,0.22025
8821.51098,0.21959
8817.65374,0.21893
8813.79650,0.21829
8809.93926,0.21749
8806.08202,0.21651
8802.22477,0.21563
8798.36753,0.21490
8794.51029,0.21401
8790.65305,0.21296
8786.79581,0.21209
8782.93857,0.21144
8779.08133,0.21085
8775.22409,0.21034
8771.36684,0.21005
8767.50960,0.20990
8763.65236,0.20961
8759.79512,0.20924
8755.93788,0.20905
8752.08064,0.20888
8748.22340,0.20866
8744.36615,0.20853
8740.50891,0.20847
8736.65167,0.20842
8732.79443,0.20846
8728.93719,0.20855
8725.07995,0.20861
8721.22271,0.20869
8717.36547,0.20888
8713.50822,0.20912
8709.65098,0.20923
8705.79374,0.20921
8701.93650,0.20936
8698.07926,0.20972
8694.22202,0.20999
8690.36478,0.21013
8686.50753,0.21026
8682.65029,0.21039
8678.79305,0.21053
8674.93581,0.21071
8671.07857,0.21098
8667.22133,0.21141
8663.36409,0.21170
8659.50684,0.21163
8655.64960,0.21150
8651.79236,0.21159
8647.93512,0.21196
8644.07788,0.21244
8640.22064,0.21277
8636.36340,0.21306
8632.50616,0.21348
8628.64891,0.21379
8624.79167,0.21394
8620.93443,0.21416
8617.07719,0.21435
8613.21995,0.21445
8609.36271,0.21468
8605.50547,0.21512
8601.64822,0.21568
8597.79098,0.21618
8593.93374,0.21649
8590.07650,0.21673
8586.21926,0.21709
8582.36202,0.21754
8578.50478,0.21782
8574.64753,0.21785
8570.79029,0.21790
8566.93305,0.21809
8563.07581,0.21830
8559.21857,0.21854
8555.36133,0.21891
8551.50409,0.21932
8547.64685,0.21953
8543.78960,0.21954
8539.93236,0.21957
8536.07512,0.21961
8532.21788,0.21962
8528.36064,0.21984
8524.50340,0.22034
8520.64616,0.22076
8516.78891,0.22089
8512.93167,0.22092
8509.07443,0.22107
8505.21719,0.22126
8501.35995,0.22152
8497.50271,0.22197
8493.64547,0.22234
8489.78822,0.22231
8485.93098,0.22213
8482.07374,0.22213
8478.21650,0.22225
8474.35926,0.22240
8470.50202,0.22257
8466.64478,0.22271
8462.78754,0.22275
8458.93029,0.22268
8455.07305,0.22255
8451.21581,0.22240
8447.35857,0.22221
8443.50133,0.22205
8439.64409,0.22209
8435.78685,0.22229
8431.92960,0.22243
8428.07236,0.22248
8424.21512,0.22256
8420.35788,0.22262
8416.50064,0.22248
8412.64340,0.22225
8408.78616,0.22221
8404.92892,0.22236
8401.07167,0.22235
8397.21443,0.22207
8393.35719,0.22189
8389.49995,0.22200
8385.64271,0.22211
8381.78547,0.22201
8377.92823,0.22185
8374.07098,0.22174
8370.21374,0.22164
8366.35650,0.22164
8362.49926,0.22180
8358.64202,0.22194
8354.78478,0.22191
8350.92754,0.22169
8347.07029,0.22149
8343.21305,0.22147
8339.35581,0.22155
8335.49857,0.22158
8331.64133,0.22156
8327.78409,0.22152
8323.92685,0.22159
8320.06961,0.22177
8316.21236,0.22197
8312.35512,0.22202
8308.49788,0.22198
8304.64064,0.22196
8300.78340,0.22193
8296.92616,0.22188
8293.06892,0.22180
8289.21167,0.22173
8285.35443,0.22170
8281.49719,0.22175
8277.63995,0.22184
8273.78271,0.22192
8269.92547,0.22199
8266.06823,0.22200
8262.21098,0.22196
8258.35374,0.22184
8254.49650,0.22163
8250.63926,0.22153
8246.78202,0.22170
8242.92478,0.22199
8239.06754,0.22218
8235.21030,0.22219
8231.35305,0.22217
8227.49581,0.22225
8223.63857,0.22231
8219.78133,0.22222
8215.92409,0.22210
8212.06685,0.22212
8208.20961,0.22224
8204.35236,0.22224
8200.49512,0.22202
8196.63788,0.22172
8192.78064,0.22159
8188.92340,0.22171
8185.06616,0.22179
8181.20892,0.22156
8177.35168,0.22125
8173.49443,0.22104
8169.63719,0.22092
8165.77995,0.22082
8161.92271,0.22067
8158.06547,0.22047
8154.20823,0.22038
8150.35099,0.22038
8146.49374,0.22030
8142.63650,0.22014
8138.77926,0.22002
8134.92202,0.21998
8131.06478,0.21995
8127.20754,0.21986
8123.35030,0.21977
8119.49305,0.21962
8115.63581,0.21934
8111.77857,0.21904
8107.92133,0.21880
8104.06409,0.21858
8100.20685,0.21844
8096.34961,0.21834
8092.49237,0.21814
8088.63512,0.21788
8084.77788,0.21778
8080.92064,0.21772
8077.06340,0.21761
8073.20616,0.21745
8069.34892,0.21723
8065.49168,0.21694
8061.63443,0.21672
8057.77719,0.21661
8053.91995,0.21658
8050.06271,0.21664
8046.20547,0.21663
8042.34823,0.21646
8038.49099,0.21619
8034.63374,0.21585
8030.77650,0.21558
8026.91926,0.21539
8023.06202,0.21527
8019.20478,0.21525
8015.34754,0.21528
8011.49030,0.21526
8007.63306,0.21524
8003.77581,0.21535
7999.91857,0.21544
7996.06133,0.21536
7992.20409,0.21517
7988.34685,0.21501
7984.48961,0.21486
7980.63237,0.21468
7976.77512,0.21450
7972.91788,0.21445
7969.06064,0.21460
7965.20340,0.21484
7961.34616,0.21496
7957.48892,0.21490
7953.63168,0.21479
7949.77444,0.21476
7945.91719,0.21467
7942.05995,0.21455
7938.20271,0.21443
7934.34547,0.21428
7930.48823,0.21410
7926.63099,0.21402
7922.77375,0.21405
7918.91650,0.21399
7915.05926,0.21389
7911.20202,0.21393
7907.34478,0.21402
7903.48754,0.21415
7899.63030,0.21432
7895.77306,0.21431
7891.91581,0.21416
7888.05857,0.21413
7884.20133,0.21420
7880.34409,0.21426
7876.48685,0.21425
7872.62961,0.21420
7868.77237,0.21416
7864.91513,0.21414
7861.05788,0.21414
7857.20064,0.21414
7853.34340,0.21415
7849.48616,0.21411
7845.62892,0.21398
7841.77168,0.21385
7837.91444,0.21382
7834.05719,0.21376
7830.19995,0.21363
7826.34271,0.21351
7822.48547,0.21339
7818.62823,0.21327
7814.77099,0.21322
7810.91375,0.21321
7807.05650,0.21318
7803.19926,0.21319
7799.34202,0.21317
7795.48478,0.21288
7791.62754,0.21246
7787.77030,0.21229
7783.91306,0.21221
7780.05582,0.21201
7776.19857,0.21187
7772.34133,0.21186
7768.48409,0.21171
7764.62685,0.21149
7760.76961,0.21149
7756.91237,0.21152
7753.05513,0.21141
7749.19788,0.21127
7745.34064,0.21112
7741.48340,0.21092
7737.62616,0.21068
7733.76892,0.21047
7729.91168,0.21041
7726.05444,0.21038
7722.19720,0.21010
7718.33995,0.20971
7714.48271,0.20959
7710.62547,0.20987
7706.76823,0.21012
7702.91099,0.20993
7699.05375,0.20960
7695.19651,0.20946
7691.33926,0.20945
7687.48202,0.20949
7683.62478,0.20960
7679.76754,0.20968
7675.91030,0.20970
7672.05306,0.20962
7668.19582,0.20931
7664.33857,0.20903
7660.48133,0.20916
7656.62409,0.20955
7652.76685,0.20978
7648.90961,0.20977
7645.05237,0.20986
7641.19513,0.21009
7637.33789,0.21019
7633.48064,0.21006
7629.62340,0.20979
7625.76616,0.20965
7621.90892,0.20976
7618.05168,0.20992
7614.19444,0.21004
7610.33720,0.21020
7606.47995,0.21047
7602.62271,0.21064
7598.76547,0.21060
7594.90823,0.21050
7591.05099,0.21047
7587.19375,0.21050
7583.33651,0.21061
7579.47926,0.21084
7575.62202,0.21100
7571.76478,0.21105
7567.90754,0.21105
7564.05030,0.21110
7560.19306,0.21128
7556.33582,0.21166
7552.47858,0.21207
7548.62133,0.21240
7544.76409,0.21266
7540.90685,0.21284
7537.04961,0.21307
7533.19237,0.21341
7529.33513,0.21362
7525.47789,0.21369
7521.62064,0.21386
7517.76340,0.21408
7513.90616,0.21421
7510.04892,0.21435
7506.19168,0.21454
7502.33444,0.21476
7498.47720,0.21503
7494.61996,0.21539
7490.76271,0.21571
7486.90547,0.21589
7483.04823,0.21609
7479.19099,0.21644
7475.33375,0.21696
7471.47651,0.21746
7467.61927,0.21785
7463.76202,0.21837
7459.90478,0.21904
7456.04754,0.21967
7452.19030,0.22026
7448.33306,0.22093
7444.47582,0.22157
7440.61858,0.22214
7436.76133,0.22276
7432.90409,0.22352
7429.04685,0.22440
7425.18961,0.22537
7421.33237,0.22632
7417.47513,0.22714
7413.61789,0.22778
7409.76065,0.22838
7405.90340,0.22910
7402.04616,0.22997
7398.18892,0.23091
7394.33168,0.23184
7390.47444,0.23277
7386.61720,0.23369
7382.75996,0.23459
7378.90271,0.23546
7375.04547,0.23632
7371.18823,0.23722
7367.33099,0.23823
7363.47375,0.23936
7359.61651,0.24041
7355.75927,0.24127
7351.90202,0.24202
7348.04478,0.24279
7344.18754,0.24356
7340.33030,0.24426
7336.47306,0.24488
7332.61582,0.24551
7328.75858,0.24614
7324.90134,0.24660
7321.04409,0.24692
7317.18685,0.24729
7313.32961,0.24774
7309.47237,0.24811
7305.61513,0.24837
7301.75789,0.24853
7297.90065,0.24864
7294.04340,0.24879
7290.18616,0.24900
7286.32892,0.24921
7282.47168,0.24950
7278.61444,0.24994
7274.75720,0.25038
7270.89996,0.25068
7267.04272,0.25092
7263.18547,0.25120
7259.32823,0.25154
7255.47099,0.25188
7251.61375,0.25216
7247.75651,0.25238
7243.89927,0.25259
7240.04203,0.25284
7236.18478,0.25315
7232.32754,0.25334
7228.47030,0.25337
7224.61306,0.25355
7220.75582,0.25390
7216.89858,0.25420
7213.04134,0.25446
7209.18409,0.25482
7205.32685,0.25520
7201.46961,0.25544
7197.61237,0.25561
7193.75513,0.25580
7189.89789,0.25609
7186.04065,0.25643
7182.18341,0.25676
7178.32616,0.25711
7174.46892,0.25759
7170.61168,0.25827
7166.75444,0.25908
7162.89720,0.25990
7159.03996,0.26074
7155.18272,0.26167
7151.32547,0.26270
7147.46823,0.26379
7143.61099,0.26487
7139.75375,0.26595
7135.89651,0.26704
7132.03927,0.26824
7128.18203,0.26953
7124.32478,0.27087
7120.46754,0.27222
7116.61030,0.27353
7112.75306,0.27478
7108.89582,0.27606
7105.03858,0.27745
7101.18134,0.27880
7097.32410,0.28004
7093.46685,0.28136
7089.60961,0.28288
7085.75237,0.28448
7081.89513,0.28613
7078.03789,0.28781
7074.18065,0.28954
7070.32341,0.29129
7066.46616,0.29299
7062.60892,0.29460
7058.75168,0.29619
7054.89444,0.29779
7051.03720,0.29943
7047.17996,0.30112
7043.32272,0.30279
7039.46548,0.30433
7035.60823,0.30581
7031.75099,0.30731
7027.89375,0.30876
7024.03651,0.31010
7020.17927,0.31127
7016.32203,0.31231
7012.46479,0.31333
7008.60754,0.31435
7004.75030,0.31535
7000.89306,0.31634
6997.03582,0.31738
6993.17858,0.31845
6989.32134,0.31947
6985.46410,0.32038
6981.60685,0.32125
6977.74961,0.32209
6973.89237,0.32286
6970.03513,0.32358
6966.17789,0.32425
6962.32065,0.32487
6958.46341,0.32547
6954.60617,0.32607
6950.74892,0.32661
6946.89168,0.32710
6943.03444,0.32764
6939.17720,0.32823
6935.31996,0.32876
6931.46272,0.32916
6927.60548,0.32956
6923.74823,0.33009
6919.89099,0.33063
6916.03375,0.33107
6912.17651,0.33154
6908.31927,0.33203
6904.46203,0.33249
6900.60479,0.33300
6896.74754,0.33356
6892.89030,0.33406
6889.03306,0.33452
6885.17582,0.33496
6881.31858,0.33540
6877.46134,0.33594
6873.60410,0.33662
6869.74686,0.33730
6865.88961,0.33795
6862.03237,0.33872
6858.17513,0.33958
6854.31789,0.34040
6850.46065,0.34114
6846.60341,0.34187
6842.74617,0.34258
6838.88892,0.34329
6835.03168,0.34401
6831.17444,0.34474
6827.31720,0.34544
6823.45996,0.34619
6819.60272,0.34698
6815.74548,0.34779
6811.88824,0.34866
6808.03099,0.34954
6804.17375,0.35037
6800.31651,0.35122
6796.45927,0.35211
6792.60203,0.35297
6788.74479,0.35382
6784.88755,0.35469
6781.03030,0.35546
6777.17306,0.35612
6773.31582,0.35687
6769.45858,0.35776
6765.60134,0.35856
6761.74410,0.35912
6757.88686,0.35955
6754.02961,0.36000
6750.17237,0.36041
6746.31513,0.36068
6742.45789,0.36089
6738.60065,0.36110
6734.74341,0.36128
6730.88617,0.36146
6727.02893,0.36164
6723.17168,0.36180
6719.31444,0.36180
6715.45720,0.36169
6711.59996,0.36170
6707.74272,0.36182
6703.88548,0.36187
6700.02824,0.36185
6696.17099,0.36186
6692.31375,0.36189
6688.45651,0.36185
6684.59927,0.36166
6680.74203,0.36137
6676.88479,0.36106
6673.02755,0.36074
6669.17030,0.36038
6665.31306,0.35997
6661.45582,0.35957
6657.59858,0.35926
6653.74134,0.35897
6649.88410,0.35868
6646.02686,0.35841
6642.16962,0.35808
6638.31237,0.35757
6634.45513,0.35697
6630.59789,0.35640
6626.74065,0.35579
6622.88341,0.35513
6619.02617,0.35453
6615.16893,0.35407
6611.31168,0.35362
6607.45444,0.35309
6603.59720,0.35255
6599.73996,0.35211
6595.88272,0.35176
6592.02548,0.35143
6588.16824,0.35109
6584.31100,0.35082
6580.45375,0.35063
6576.59651,0.35049
6572.73927,0.35044
6568.88203,0.35045
6565.02479,0.35043
6561.16755,0.35036
6557.31031,0.35031
6553.45306,0.35030
6549.59582,0.35033
6545.73858,0.35041
6541.88134,0.35051
6538.02410,0.35063
6534.16686,0.35080
6530.30962,0.35103
6526.45237,0.35128
6522.59513,0.35147
6518.73789,0.35157
6514.88065,0.35165
6511.02341,0.35171
6507.16617,0.35173
6503.30893,0.35179
6499.45169,0.35184
6495.59444,0.35178
6491.73720,0.35168
6487.87996,0.35168
6484.02272,0.35172
6480.16548,0.35163
6476.30824,0.35144
6472.45100,0.35132
6468.59375,0.35119
6464.73651,0.35099
6460.87927,0.35074
6457.02203,0.35045
6453.16479,0.35015
6449.30755,0.34985
6445.45031,0.34960
6441.59306,0.34938
6437.73582,0.34911
6433.87858,0.34869
6430.02134,0.34815
6426.16410,0.34762
6422.30686,0.34719
6418.44962,0.34683
6414.59238,0.34650
6410.73513,0.34622
6406.87789,0.34601
6403.02065,0.34581
6399.16341,0.34557
6395.30617,0.34535
6391.44893,0.34524
6387.59169,0.34516
6383.73444,0.34495
6379.87720,0.34464
6376.01996,0.34437
6372.16272,0.34414
6368.30548,0.34391
6364.44824,0.34364
6360.59100,0.34343
6356.73376,0.34331
6352.87651,0.34318
6349.01927,0.34301
6345.16203,0.34286
6341.30479,0.34277
6337.44755,0.34267
6333.59031,0.34258
6329.73307,0.34256
6325.87582,0.34256
6322.01858,0.34253
6318.16134,0.34249
6314.30410,0.34242
6310.44686,0.34231
6306.58962,0.34212
6302.73238,0.34187
6298.87513,0.34161
6295.01789,0.34129
6291.16065,0.34084
6287.30341,0.34029
6283.44617,0.33965
6279.58893,0.33896
6275.73169,0.33819
6271.87445,0.33729
6268.01720,0.33640
6264.15996,0.33563
6260.30272,0.33488
6256.44548,0.33403
6252.58824,0.33308
6248.73100,0.33212
6244.87376,0.33115
6241.01651,0.33017
6237.15927,0.32916
6233.30203,0.32810
6229.44479,0.32703
6225.58755,0.32598
6221.73031,0.32497
6217.87307,0.32411
6214.01582,0.32357
6210.15858,0.32332
6206.30134,0.32318
6202.44410,0.32314
6198.58686,0.32308
6194.72962,0.32268
6190.87238,0.32180
6187.01514,0.32060
6183.15789,0.31924
6179.30065,0.31788
6175.44341,0.31675
6171.58617,0.31589
6167.72893,0.31522
6163.87169,0.31473
6160.01445,0.31445
6156.15720,0.31437
6152.29996,0.31448
6148.44272,0.31467
6144.58548,0.31473
6140.72824,0.31448
6136.87100,0.31401
6133.01376,0.31358
6129.15652,0.31335
6125.29927,0.31345
6121.44203,0.31399
6117.58479,0.31505
6113.72755,0.31667
6109.87031,0.31889
6106.01307,0.32165
6102.15583,0.32482
6098.29858,0.32829
6094.44134,0.33198
6090.58410,0.33564
6086.72686,0.33906
6082.86962,0.34229
6079.01238,0.34553
6075.15514,0.34903
6071.29789,0.35314
6067.44065,0.35798
6063.58341,0.36330
6059.72617,0.36860
6055.86893,0.37342
6052.01169,0.37760
6048.15445,0.38135
6044.29721,0.38500
6040.43996,0.38887
6036.58272,0.39325
6032.72548,0.39797
6028.86824,0.40245
6025.01100,0.40601
6021.15376,0.40799
6017.29652,0.40777
6013.43927,0.40517
6009.58203,0.40058
6005.72479,0.39462
6001.86755,0.38791
5998.01031,0.38114
5994.15307,0.37512
5990.29583,0.37041
5986.43858,0.36713
5982.58134,0.36488
5978.72410,0.36299
5974.86686,0.36080
5971.00962,0.35794
5967.15238,0.35460
5963.29514,0.35138
5959.43790,0.34893
5955.58065,0.34751
5951.72341,0.34695
5947.86617,0.34676
5944.00893,0.34641
5940.15169,0.34540
5936.29445,0.34339
5932.43721,0.34045
5928.57996,0.33705
5924.72272,0.33368
5920.86548,0.33055
5917.00824,0.32778
5913.15100,0.32549
5909.29376,0.32384
5905.43652,0.32295
5901.57927,0.32293
5897.72203,0.32383
5893.86479,0.32555
5890.00755,0.32775
5886.15031,0.33018
5882.29307,0.33267
5878.43583,0.33502
5874.57859,0.33697
5870.72134,0.33854
5866.86410,0.33973
5863.00686,0.34031
5859.14962,0.34020
5855.29238,0.33971
5851.43514,0.33907
5847.57790,0.33840
5843.72065,0.33786
5839.86341,0.33749
5836.00617,0.33731
5832.14893,0.33735
5828.29169,0.33752
5824.43445,0.33775
5820.57721,0.33800
5816.71997,0.33821
5812.86272,0.33836
5809.00548,0.33845
5805.14824,0.33844
5801.29100,0.33832
5797.43376,0.33813
5793.57652,0.33791
5789.71928,0.33777
5785.86203,0.33768
5782.00479,0.33751
5778.14755,0.33723
5774.29031,0.33686
5770.43307,0.33635
5766.57583,0.33572
5762.71859,0.33492
5758.86134,0.33388
5755.00410,0.33261
5751.14686,0.33122
5747.28962,0.32978
5743.43238,0.32839
5739.57514,0.32712
5735.71790,0.32588
5731.86066,0.32474
5728.00341,0.32391
5724.14617,0.32346
5720.28893,0.32335
5716.43169,0.32354
5712.57445,0.32384
5708.71721,0.32404
5704.85997,0.32409
5701.00272,0.32401
5697.14548,0.32389
5693.28824,0.32379
5689.43100,0.32366
5685.57376,0.32350
5681.71652,0.32341
5677.85928,0.32347
5674.00203,0.32368
5670.14479,0.32397
5666.28755,0.32435
5662.43031,0.32478
5658.57307,0.32516
5654.71583,0.32540
5650.85859,0.32539
5647.00135,0.32511
5643.14410,0.32459
5639.28686,0.32393
5635.42962,0.32323
5631.57238,0.32252
5627.71514,0.32190
5623.85790,0.32142
5620.00066,0.32105
5616.14341,0.32078
5612.28617,0.32060
5608.42893,0.32053
5604.57169,0.32061
5600.71445,0.32080
5596.85721,0.32107
5592.99997,0.32140
5589.14273,0.32176
5585.28548,0.32216
5581.42824,0.32260
5577.57100,0.32309
5573.71376,0.32360
5569.85652,0.32395
5565.99928,0.32406
5562.14204,0.32406
5558.28479,0.32403
5554.42755,0.32401
5550.57031,0.32398
5546.71307,0.32395
5542.85583,0.32392
5538.99859,0.32397
5535.14135,0.32405
5531.28410,0.32405
5527.42686,0.32393
5523.56962,0.32366
5519.71238,0.32330
5515.85514,0.32297
5511.99790,0.32271
5508.14066,0.32254
5504.28342,0.32254
5500.42617,0.32277
5496.56893,0.32319
5492.71169,0.32367
5488.85445,0.32412
5484.99721,0.32443
5481.13997,0.32455
5477.28273,0.32448
5473.42548,0.32426
5469.56824,0.32391
5465.71100,0.32332
5461.85376,0.32246
5457.99652,0.32148
5454.13928,0.32051
5450.28204,0.31949
5446.42479,0.31826
5442.56755,0.31688
5438.71031,0.31554
5434.85307,0.31433
5430.99583,0.31318
5427.13859,0.31207
5423.28135,0.31113
5419.42411,0.31047
5415.56686,0.30994
5411.70962,0.30941
5407.85238,0.30900
5403.99514,0.30886
5400.13790,0.30885
5396.28066,0.30876
5392.42342,0.30856
5388.56617,0.30845
5384.70893,0.30851
5380.85169,0.30870
5376.99445,0.30895
5373.13721,0.30923
5369.27997,0.30957
5365.42273,0.31001
5361.56549,0.31059
5357.70824,0.31129
5353.85100,0.31200
5349.99376,0.31262
5346.13652,0.31319
5342.27928,0.31378
5338.42204,0.31437
5334.56480,0.31496
5330.70755,0.31570
5326.85031,0.31665
5322.99307,0.31789
5319.13583,0.31949
5315.27859,0.32145
5311.42135,0.32371
5307.56411,0.32632
5303.70686,0.32925
5299.84962,0.33248
5295.99238,0.33607
5292.13514,0.34016
5288.27790,0.34478
5284.42066,0.34990
5280.56342,0.35561
5276.70618,0.36180
5272.84893,0.36814
5268.99169,0.37447
5265.13445,0.38086
5261.27721,0.38711
5257.41997,0.39280
5253.56273,0.39796
5249.70549,0.40273
5245.84824,0.40711
5241.99100,0.41081
5238.13376,0.41385
5234.27652,0.41666
5230.41928,0.41933
5226.56204,0.42179
5222.70480,0.42393
5218.84755,0.42571
5214.99031,0.42715
5211.13307,0.42836
5207.27583,0.42945
5203.41859,0.43035
5199.56135,0.43108
5195.70411,0.43171
5191.84687,0.43224
5187.98962,0.43265
5184.13238,0.43290
5180.27514,0.43286
5176.41790,0.43264
5172.56066,0.43244
5168.70342,0.43227
5164.84618,0.43200
5160.98893,0.43152
5157.13169,0.43092
5153.27445,0.43038
5149.41721,0.42991
5145.55997,0.42934
5141.70273,0.42855
5137.84549,0.42762
5133.98825,0.42675
5130.13100,0.42599
5126.27376,0.42522
5122.41652,0.42423
5118.55928,0.42283
5114.70204,0.42083
5110.84480,0.41834
5106.98756,0.41557
5103.13031,0.41276
5099.27307,0.41009
5095.41583,0.40757
5091.55859,0.40518
5087.70135,0.40288
5083.84411,0.40073
5079.98687,0.39877
5076.12962,0.39689
5072.27238,0.39510
5068.41514,0.39340
5064.55790,0.39171
5060.70066,0.39004
5056.84342,0.38848
5052.98618,0.38703
5049.12894,0.38570
5045.27169,0.38446
5041.41445,0.38324
5037.55721,0.38196
5033.69997,0.38069
5029.84273,0.37958
5025.98549,0.37866
5022.12825,0.37783
5018.27100,0.37704
5014.41376,0.37620
5010.55652,0.37531
5006.69928,0.37449
5002.84204,0.37379
4998.98480,0.37312
4995.12756,0.37243
4991.27031,0.37181
4987.41307,0.37137
4983.55583,0.37111
4979.69859,0.37102
4975.84135,0.37106
4971.98411,0.37126
4968.12687,0.37172
4964.26963,0.37251
4960.41238,0.37360
4956.55514,0.37494
4952.69790,0.37644
4948.84066,0.37803
4944.98342,0.37970
4941.12618,0.38147
4937.26894,0.38340
4933.41169,0.38551
4929.55445,0.38775
4925.69721,0.39012
4921.83997,0.39265
4917.98273,0.39535
4914.12549,0.39822
4910.26825,0.40123
4906.41101,0.40437
4902.55376,0.40762
4898.69652,0.41096
4894.83928,0.41444
4890.98204,0.41811
4887.12480,0.42193
4883.26756,0.42580
4879.41032,0.42963
4875.55307,0.43343
4871.69583,0.43719
4867.83859,0.44087
4863.98135,0.44438
4860.12411,0.44769
4856.26687,0.45091
4852.40963,0.45427
4848.55238,0.45789
4844.69514,0.46170
4840.83790,0.46567
4836.98066,0.46976
4833.12342,0.47397
4829.26618,0.47825
4825.40894,0.48245
4821.55170,0.48637
4817.69445,0.48999
4813.83721,0.49337
4809.97997,0.49657
4806.12273,0.49947
4802.26549,0.50189
4798.40825,0.50392
4794.55101,0.50573
4790.69376,0.50723
4786.83652,0.50831
4782.97928,0.50909
4779.12204,0.50969
4775.26480,0.51027
4771.40756,0.51109
4767.55032,0.51227
4763.69307,0.51370
4759.83583,0.51529
4755.97859,0.51706
4752.12135,0.51897
4748.26411,0.52090
4744.40687,0.52265
4740.54963,0.52406
4736.69239,0.52541
4732.83514,0.52729
4728.97790,0.52988
4725.12066,0.53263
4721.26342,0.53468
4717.40618,0.53547
4713.54894,0.53536
4709.69170,0.53545
4705.83445,0.53681
4701.97721,0.53980
4698.11997,0.54369
4694.26273,0.54684
4690.40549,0.54757
4686.54825,0.54498
4682.69101,0.53927
4678.83377,0.53166
4674.97652,0.52370
4671.11928,0.51679
4667.26204,0.51172
4663.40480,0.50846
4659.54756,0.50643
4655.69032,0.50535
4651.83308,0.50557
4647.97583,0.50759
4644.11859,0.51105
4640.26135,0.51460
4636.40411,0.51640
4632.54687,0.51476
4628.68963,0.50917
4624.83239,0.50093
4620.97514,0.49219
4617.11790,0.48460
4613.26066,0.47889
4609.40342,0.47513
4605.54618,0.47325
4601.68894,0.47323
4597.83170,0.47467
4593.97446,0.47658
4590.11721,0.47815
4586.25997,0.47932
4582.40273,0.47987
4578.54549,0.47850
4574.68825,0.47402
4570.83101,0.46704
4566.97377,0.45959
4563.11652,0.45351
4559.25928,0.44946
4555.40204,0.44708
4551.54480,0.44567
4547.68756,0.44467
4543.83032,0.44378
4539.97308,0.44291
4536.11583,0.44220
4532.25859,0.44191
4528.40135,0.44215
4524.54411,0.44283
4520.68687,0.44392
4516.82963,0.44555
4512.97239,0.44791
4509.11515,0.45134
4505.25790,0.45618
4501.40066,0.46247
4497.54342,0.46986
4493.68618,0.47753
4489.82894,0.48433
4485.97170,0.48972
4482.11446,0.49431
4478.25721,0.49944
4474.39997,0.50635
4470.54273,0.51576
4466.68549,0.52762
4462.82825,0.54035
4458.97101,0.55103
4455.11377,0.55794
4451.25653,0.56230
4447.39928,0.56659
4443.54204,0.57187
4439.68480,0.57749
4435.82756,0.58208
4431.97032,0.58455
4428.11308,0.58454
4424.25584,0.58272
4420.39859,0.58066
4416.54135,0.58004
4412.68411,0.58149
4408.82687,0.58427
4404.96963,0.58671
4401.11239,0.58716
4397.25515,0.58516
4393.39790,0.58141
4389.54066,0.57691
4385.68342,0.57254
4381.82618,0.56884
4377.96894,0.56606
4374.11170,0.56420
4370.25446,0.56335
4366.39722,0.56365
4362.53997,0.56491
4358.68273,0.56655
4354.82549,0.56820
4350.96825,0.56996
4347.11101,0.57218
4343.25377,0.57498
4339.39653,0.57799
4335.53928,0.58068
4331.68204,0.58313
4327.82480,0.58573
4323.96756,0.58862
4320.11032,0.59166
4316.25308,0.59500
4312.39584,0.59898
4308.53859,0.60369
4304.68135,0.60884
4300.82411,0.61392
4296.96687,0.61839
4293.10963,0.62178
4289.25239,0.62385
4285.39515,0.62484
4281.53791,0.62516
4277.68066,0.62499
4273.82342,0.62422
4269.96618,0.62273
4266.10894,0.62069
4262.25170,0.61866
4258.39446,0.61727
4254.53722,0.61676
4250.67997,0.61685
4246.82273,0.61686
4242.96549,0.61619
4239.10825,0.61482
4235.25101,0.61324
4231.39377,0.61192
4227.53653,0.61084
4223.67929,0.60960
4219.82204,0.60774
4215.96480,0.60527
4212.10756,0.60261
4208.25032,0.60021
4204.39308,0.59805
4200.53584,0.59618
4196.67860,0.59515
4192.82135,0.59549
4188.96411,0.59742
4185.10687,0.60086
4181.24963,0.60461
4177.39239,0.60636
4173.53515,0.60462
4169.67791,0.60009
4165.82066,0.59464
4161.96342,0.58993
4158.10618,0.58689
4154.24894,0.58573
4150.39170,0.58621
4146.53446,0.58804
4142.67722,0.59099
4138.81998,0.59477
4134.96273,0.59868
4131.10549,0.60191
4127.24825,0.60453
4123.39101,0.60746
4119.53377,0.61139
4115.67653,0.61661
4111.81929,0.62336
4107.96204,0.63196
4104.10480,0.64298
4100.24756,0.65708
4096.39032,0.67317
4092.53308,0.68685
4088.67584,0.69319
4084.81860,0.69135
4080.96135,0.68427
4077.10411,0.67564
4073.24687,0.66861
4069.38963,0.66480
4065.53239,0.66392
4061.67515,0.66489
4057.81791,0.66727
4053.96067,0.67090
4050.10342,0.67504
4046.24618,0.67886
4042.38894,0.68185
4038.53170,0.68394
4034.67446,0.68554
4030.81722,0.68697
4026.95998,0.68820
4023.10273,0.68890
4019.24549,0.68885
4015.38825,0.68803
4011.53101,0.68653
4007.67377,0.68441
4003.81653,0.68185
3999.95929,0.67901
3996.10205,0.67594
3992.24480,0.67275
3988.38756,0.66978
3984.53032,0.66738
3980.67308,0.66557
3976.81584,0.66399
3972.95860,0.66224
3969.10136,0.66010
3965.24411,0.65760
3961.38687,0.65486
3957.52963,0.65212
3953.67239,0.64946
3949.81515,0.64667
3945.95791,0.64377
3942.10067,0.64077
3938.24342,0.63786
3934.38618,0.63516
3930.52894,0.63256
3926.67170,0.63014
3922.81446,0.62798
3918.95722,0.62597
3915.09998,0.62394
3911.24274,0.62181
3907.38549,0.61935
3903.52825,0.61607
3899.67101,0.61240
3895.81377,0.60938
3891.95653,0.60676
3888.09929,0.60442
3884.24205,0.60249
3880.38480,0.60086
3876.52756,0.59923
3872.67032,0.59702
3868.81308,0.59386
3864.95584,0.59034
3861.09860,0.58734
3857.24136,0.58478
3853.38411,0.58174
3849.52687,0.57915
3845.66963,0.57774
3841.81239,0.57647
3837.95515,0.57514
3834.09791,0.57430
3830.24067,0.57391
3826.38343,0.57386
3822.52618,0.57462
3818.66894,0.57681
3814.81170,0.57959
3810.95446,0.58171
3807.09722,0.58298
3803.23998,0.58301
3799.38274,0.58172
3795.52549,0.58021
3791.66825,0.57924
3787.81101,0.57896
3783.95377,0.57949
3780.09653,0.58087
3776.23929,0.58287
3772.38205,0.58521
3768.52481,0.58797
3764.66756,0.59102
3760.81032,0.59381
3756.95308,0.59551
3753.09584,0.59535
3749.23860,0.59398
3745.38136,0.59395
3741.52412,0.59599
3737.66687,0.59974
3733.80963,0.60492
3729.95239,0.60900
3726.09515,0.61168
3722.23791,0.61478
3718.38067,0.61873
3714.52343,0.62402
3710.66618,0.63234
3706.80894,0.64266
3702.95170,0.65405
3699.09446,0.66756
3695.23722,0.68248
3691.37998,0.70186
3687.52274,0.72635
3683.66550,0.74504
3679.80825,0.75844
3675.95101,0.77545
3672.09377,0.80061
3668.23653,0.82705
3664.37929,0.84914
3660.52205,0.86911
3656.66481,0.88990
3652.80756,0.91301
3648.95032,0.94068
3645.09308,0.96703
3641.23584,0.98549
3637.37860,1.00113
3633.52136,1.01574
3629.66412,1.03025
3625.80687,1.04506
3621.94963,1.05917
3618.09239,1.07852
3614.23515,1.09764
3610.37791,1.10754
3606.52067,1.11140
3602.66343,1.11529
3598.80619,1.12497
