12493.60475,0.13785
12489.74751,0.13859
12485.89027,0.14025
12482.03303,0.14090
12478.17579,0.14217
12474.31855,0.14558
12470.46130,0.14710
12466.60406,0.14523
12462.74682,0.14263
12458.88958,0.13952
12455.03234,0.13576
12451.17510,0.13339
12447.31786,0.13420
12443.46062,0.13778
12439.60337,0.14111
12435.74613,0.14157
12431.88889,0.14077
12428.03165,0.14118
12424.17441,0.14198
12420.31717,0.14160
12416.45993,0.14070
12412.60268,0.14054
12408.74544,0.14152
12404.88820,0.14282
12401.03096,0.14335
12397.17372,0.14366
12393.31648,0.14312
12389.45924,0.14024
12385.60199,0.13687
12381.74475,0.13561
12377.88751,0.13738
12374.03027,0.14042
12370.17303,0.14153
12366.31579,0.14155
12362.45855,0.14244
12358.60131,0.14237
12354.74406,0.14152
12350.88682,0.14296
12347.02958,0.14514
12343.17234,0.14383
12339.31510,0.14025
12335.45786,0.13874
12331.60062,0.14008
12327.74337,0.14226
12323.88613,0.14424
12320.02889,0.14535
12316.17165,0.14407
12312.31441,0.14103
12308.45717,0.13868
12304.59993,0.13811
12300.74268,0.13828
12296.88544,0.13763
12293.02820,0.13746
12289.17096,0.13911
12285.31372,0.14095
12281.45648,0.14147
12277.59924,0.14054
12273.74200,0.14004
12269.88475,0.14150
12266.02751,0.14246
12262.17027,0.14093
12258.31303,0.13919
12254.45579,0.13977
12250.59855,0.14155
12246.74131,0.14128
12242.88406,0.13828
12239.02682,0.13554
12235.16958,0.13597
12231.31234,0.13968
12227.45510,0.14314
12223.59786,0.14227
12219.74062,0.13891
12215.88338,0.13790
12212.02613,0.13965
12208.16889,0.14152
12204.31165,0.14223
12200.45441,0.14268
12196.59717,0.14354
12192.73993,0.14361
12188.88269,0.14192
12185.02544,0.13915
12181.16820,0.13706
12177.31096,0.13761
12173.45372,0.13990
12169.59648,0.14130
12165.73924,0.14177
12161.88200,0.14170
12158.02475,0.14092
12154.16751,0.14081
12150.31027,0.14162
12146.45303,0.14226
12142.59579,0.14259
12138.73855,0.14208
12134.88131,0.13966
12131.02407,0.13601
12127.16682,0.13366
12123.30958,0.13364
12119.45234,0.13398
12115.59510,0.13402
12111.73786,0.13462
12107.88062,0.13501
12104.02338,0.13536
12100.16613,0.13632
12096.30889,0.13632
12092.45165,0.13471
12088.59441,0.13363
12084.73717,0.13485
12080.87993,0.13710
12077.02269,0.13793
12073.16544,0.13708
12069.30820,0.13623
12065.45096,0.13652
12061.59372,0.13736
12057.73648,0.13732
12053.87924,0.13623
12050.02200,0.13640
12046.16476,0.13859
12042.30751,0.13964
12038.45027,0.13833
12034.59303,0.13710
12030.73579,0.13765
12026.87855,0.13961
12023.02131,0.14131
12019.16407,0.14118
12015.30682,0.13987
12011.44958,0.14012
12007.59234,0.14235
12003.73510,0.14363
11999.87786,0.14276
11996.02062,0.14219
11992.16338,0.14325
11988.30614,0.14328
11984.44889,0.14124
11980.59165,0.14006
11976.73441,0.14133
11972.87717,0.14364
11969.01993,0.14550
11965.16269,0.14652
11961.30545,0.14655
11957.44820,0.14545
11953.59096,0.14362
11949.73372,0.14193
11945.87648,0.14161
11942.01924,0.14306
11938.16200,0.14451
11934.30476,0.14450
11930.44751,0.14424
11926.59027,0.14447
11922.73303,0.14420
11918.87579,0.14308
11915.01855,0.14228
11911.16131,0.14276
11907.30407,0.14293
11903.44683,0.14232
11899.58958,0.14245
11895.73234,0.14214
11891.87510,0.14027
11888.01786,0.13870
11884.16062,0.13904
11880.30338,0.14072
11876.44614,0.14253
11872.58889,0.14389
11868.73165,0.14457
11864.87441,0.14493
11861.01717,0.14551
11857.15993,0.14663
11853.30269,0.14786
11849.44545,0.14800
11845.58820,0.14693
11841.73096,0.14559
11837.87372,0.14518
11834.01648,0.14589
11830.15924,0.14693
11826.30200,0.14753
11822.44476,0.14675
11818.58752,0.14607
11814.73027,0.14791
11810.87303,0.15006
11807.01579,0.14829
11803.15855,0.14368
11799.30131,0.14163
11795.44407,0.14349
11791.58683,0.14649
11787.72958,0.14895
11783.87234,0.14938
11780.01510,0.14749
11776.15786,0.14603
11772.30062,0.14654
11768.44338,0.14761
11764.58614,0.14792
11760.72890,0.14742
11756.87165,0.14709
11753.01441,0.14735
11749.15717,0.14680
11745.29993,0.14533
11741.44269,0.14461
11737.58545,0.14479
11733.72821,0.14510
11729.87096,0.14594
11726.01372,0.14763
11722.15648,0.14866
11718.29924,0.14778
11714.44200,0.14637
11710.58476,0.14603
11706.72752,0.14648
11702.87027,0.14722
11699.01303,0.14816
11695.15579,0.14829
11691.29855,0.14693
11687.44131,0.14585
11683.58407,0.14638
11679.72683,0.14712
11675.86959,0.14683
11672.01234,0.14540
11668.15510,0.14398
11664.29786,0.14469
11660.44062,0.14662
11656.58338,0.14749
11652.72614,0.14755
11648.86890,0.14698
11645.01165,0.14596
11641.15441,0.14598
11637.29717,0.14697
11633.43993,0.14687
11629.58269,0.14583
11625.72545,0.14633
11621.86821,0.14791
11618.01096,0.14819
11614.15372,0.14703
11610.29648,0.14532
11606.43924,0.14397
11602.58200,0.14363
11598.72476,0.14381
11594.86752,0.14367
11591.01028,0.14397
11587.15303,0.14617
11583.29579,0.14766
11579.43855,0.14536
11575.58131,0.14304
11571.72407,0.14412
11567.86683,0.14564
11564.00959,0.14538
11560.15234,0.14552
11556.29510,0.14807
11552.43786,0.15060
11548.58062,0.14923
11544.72338,0.14526
11540.86614,0.14343
11537.00890,0.14568
11533.15166,0.14863
11529.29441,0.14769
11525.43717,0.14446
11521.57993,0.14424
11517.72269,0.14687
11513.86545,0.14766
11510.00821,0.14565
11506.15097,0.14471
11502.29372,0.14633
11498.43648,0.14713
11494.57924,0.14528
11490.72200,0.14340
11486.86476,0.14391
11483.00752,0.14516
11479.15028,0.14489
11475.29303,0.14400
11471.43579,0.14381
11467.57855,0.14404
11463.72131,0.14382
11459.86407,0.14211
11456.00683,0.14001
11452.14959,0.13944
11448.29235,0.13986
11444.43510,0.14001
11440.57786,0.14000
11436.72062,0.14037
11432.86338,0.14104
11429.00614,0.14197
11425.14890,0.14241
11421.29166,0.14133
11417.43441,0.13982
11413.57717,0.13918
11409.71993,0.13923
11405.86269,0.14027
11402.00545,0.14212
11398.14821,0.14296
11394.29097,0.14246
11390.43372,0.14187
11386.57648,0.14144
11382.71924,0.14144
11378.86200,0.14160
11375.00476,0.14091
11371.14752,0.14020
11367.29028,0.14032
11363.43304,0.14080
11359.57579,0.14151
11355.71855,0.14153
11351.86131,0.13991
11348.00407,0.13861
11344.14683,0.13955
11340.28959,0.14145
11336.43235,0.14233
11332.57510,0.14188
11328.71786,0.14081
11324.86062,0.14033
11321.00338,0.14127
11317.14614,0.14191
11313.28890,0.14048
11309.43166,0.13871
11305.57442,0.13815
11301.71717,0.13811
11297.85993,0.13860
11294.00269,0.14006
11290.14545,0.14195
11286.28821,0.14352
11282.43097,0.14431
11278.57373,0.14436
11274.71648,0.14448
11270.85924,0.14458
11267.00200,0.14409
11263.14476,0.14394
11259.28752,0.14431
11255.43028,0.14386
11251.57304,0.14281
11247.71579,0.14231
11243.85855,0.14187
11240.00131,0.14116
11236.14407,0.14088
11232.28683,0.14032
11228.42959,0.13930
11224.57235,0.13960
11220.71511,0.14137
11216.85786,0.14238
11213.00062,0.14165
11209.14338,0.14071
11205.28614,0.14027
11201.42890,0.13963
11197.57166,0.13901
11193.71442,0.13888
11189.85717,0.13916
11185.99993,0.13963
11182.14269,0.14010
11178.28545,0.14081
11174.42821,0.14140
11170.57097,0.14099
11166.71373,0.14015
11162.85648,0.14006
11158.99924,0.14080
11155.14200,0.14162
11151.28476,0.14158
11147.42752,0.14100
11143.57028,0.14093
11139.71304,0.14096
11135.85580,0.14044
11131.99855,0.14014
11128.14131,0.14070
11124.28407,0.14140
11120.42683,0.14156
11116.56959,0.14140
11112.71235,0.14140
11108.85511,0.14156
11104.99786,0.14146
11101.14062,0.14118
11097.28338,0.14074
11093.42614,0.14010
11089.56890,0.13969
11085.71166,0.13944
11081.85442,0.13928
11077.99718,0.14008
11074.13993,0.14185
11070.28269,0.14288
11066.42545,0.14243
11062.56821,0.14158
11058.71097,0.14119
11054.85373,0.14119
11050.99649,0.14140
11047.13924,0.14190
11043.28200,0.14215
11039.42476,0.14162
11035.56752,0.14103
11031.71028,0.14123
11027.85304,0.14235
11023.99580,0.14321
11020.13855,0.14301
11016.28131,0.14274
11012.42407,0.14255
11008.56683,0.14181
11004.70959,0.14147
11000.85235,0.14242
10996.99511,0.14360
10993.13787,0.14361
10989.28062,0.14249
10985.42338,0.14154
10981.56614,0.14119
10977.70890,0.14082
10973.85166,0.14062
10969.99442,0.14067
10966.13718,0.14054
10962.27993,0.14036
10958.42269,0.14016
10954.56545,0.14015
10950.70821,0.14049
10946.85097,0.14060
10942.99373,0.14042
10939.13649,0.14058
10935.27924,0.14093
10931.42200,0.14060
10927.56476,0.13993
10923.70752,0.14004
10919.85028,0.14085
10915.99304,0.14170
10912.13580,0.14226
10908.27856,0.14223
10904.42131,0.14164
10900.56407,0.14077
10896.70683,0.14032
10892.84959,0.14111
10888.99235,0.14231
10885.13511,0.14240
10881.27787,0.14163
10877.42062,0.14103
10873.56338,0.14067
10869.70614,0.13988
10865.84890,0.13879
10861.99166,0.13831
10858.13442,0.13857
10854.27718,0.13882
10850.41993,0.13857
10846.56269,0.13794
10842.70545,0.13766
10838.84821,0.13806
10834.99097,0.13793
10831.13373,0.13702
10827.27649,0.13710
10823.41925,0.13846
10819.56200,0.13938
10815.70476,0.13889
10811.84752,0.13773
10807.99028,0.13694
10804.13304,0.13700
10800.27580,0.13784
10796.41856,0.13866
10792.56131,0.13872
10788.70407,0.13855
10784.84683,0.13903
10780.98959,0.13961
10777.13235,0.13935
10773.27511,0.13855
10769.41787,0.13790
10765.56063,0.13757
10761.70338,0.13736
10757.84614,0.13769
10753.98890,0.13909
10750.13166,0.14001
10746.27442,0.13926
10742.41718,0.13842
10738.55994,0.13848
10734.70269,0.13830
10730.84545,0.13736
10726.98821,0.13661
10723.13097,0.13656
10719.27373,0.13682
10715.41649,0.13764
10711.55925,0.13917
10707.70200,0.14031
10703.84476,0.14030
10699.98752,0.13944
10696.13028,0.13870
10692.27304,0.13883
10688.41580,0.13903
10684.55856,0.13833
10680.70132,0.13760
10676.84407,0.13759
10672.98683,0.13765
10669.12959,0.13766
10665.27235,0.13791
10661.41511,0.13819
10657.55787,0.13825
10653.70063,0.13802
10649.84338,0.13768
10645.98614,0.13739
10642.12890,0.13743
10638.27166,0.13775
10634.41442,0.13773
10630.55718,0.13741
10626.69994,0.13721
10622.84269,0.13733
10618.98545,0.13792
10615.12821,0.13854
10611.27097,0.13837
10607.41373,0.13743
10603.55649,0.13672
10599.69925,0.13662
10595.84201,0.13659
10591.98476,0.13627
10588.12752,0.13574
10584.27028,0.13513
10580.41304,0.13471
10576.55580,0.13480
10572.69856,0.13526
10568.84132,0.13575
10564.98407,0.13616
10561.12683,0.13601
10557.26959,0.13553
10553.41235,0.13569
10549.55511,0.13606
10545.69787,0.13575
10541.84063,0.13506
10537.98339,0.13471
10534.12614,0.13474
10530.26890,0.13477
10526.41166,0.13464
10522.55442,0.13424
10518.69718,0.13341
10514.83994,0.13269
10510.98270,0.13272
10507.12545,0.13313
10503.26821,0.13365
10499.41097,0.13441
10495.55373,0.13479
10491.69649,0.13450
10487.83925,0.13422
10483.98201,0.13406
10480.12476,0.13391
10476.26752,0.13400
10472.41028,0.13423
10468.55304,0.13421
10464.69580,0.13398
10460.83856,0.13385
10456.98132,0.13398
10453.12408,0.13428
10449.26683,0.13441
10445.40959,0.13426
10441.55235,0.13395
10437.69511,0.13351
10433.83787,0.13335
10429.98063,0.13349
10426.12339,0.13331
10422.26614,0.13340
10418.40890,0.13427
10414.55166,0.13490
10410.69442,0.13473
10406.83718,0.13413
10402.97994,0.13366
10399.12270,0.13350
10395.26545,0.13337
10391.40821,0.13343
10387.55097,0.13383
10383.69373,0.13421
10379.83649,0.13446
10375.97925,0.13464
10372.12201,0.13457
10368.26477,0.13427
10364.40752,0.13413
10360.55028,0.13423
10356.69304,0.13429
10352.83580,0.13449
10348.97856,0.13495
10345.12132,0.13518
10341.26408,0.13496
10337.40683,0.13483
10333.54959,0.13503
10329.69235,0.13530
10325.83511,0.13567
10321.97787,0.13600
10318.12063,0.13591
10314.26339,0.13565
10310.40615,0.13561
10306.54890,0.13570
10302.69166,0.13554
10298.83442,0.13510
10294.97718,0.13507
10291.11994,0.13562
10287.26270,0.13597
10283.40546,0.13585
10279.54821,0.13576
10275.69097,0.13590
10271.83373,0.13599
10267.97649,0.13583
10264.11925,0.13528
10260.26201,0.13464
10256.40477,0.13457
10252.54752,0.13499
10248.69028,0.13507
10244.83304,0.13489
10240.97580,0.13518
10237.11856,0.13572
10233.26132,0.13580
10229.40408,0.13565
10225.54684,0.13571
10221.68959,0.13571
10217.83235,0.13547
10213.97511,0.13544
10210.11787,0.13601
10206.26063,0.13689
10202.40339,0.13726
10198.54615,0.13704
10194.68890,0.13676
10190.83166,0.13649
10186.97442,0.13637
10183.11718,0.13658
10179.25994,0.13687
10175.40270,0.13696
10171.54546,0.13675
10167.68821,0.13654
10163.83097,0.13684
10159.97373,0.13752
10156.11649,0.13774
10152.25925,0.13727
10148.40201,0.13704
10144.54477,0.13742
10140.68753,0.13756
10136.83028,0.13700
10132.97304,0.13632
10129.11580,0.13618
10125.25856,0.13663
10121.40132,0.13746
10117.54408,0.13830
10113.68684,0.13860
10109.82959,0.13823
10105.97235,0.13752
10102.11511,0.13703
10098.25787,0.13711
10094.40063,0.13724
10090.54339,0.13700
10086.68615,0.13721
10082.82891,0.13808
10078.97166,0.13861
10075.11442,0.13850
10071.25718,0.13803
10067.39994,0.13766
10063.54270,0.13776
10059.68546,0.13774
10055.82822,0.13740
10051.97097,0.13755
10048.11373,0.13821
10044.25649,0.13851
10040.39925,0.13830
10036.54201,0.13791
10032.68477,0.13764
10028.82753,0.13790
10024.97028,0.13852
10021.11304,0.13854
10017.25580,0.13780
10013.39856,0.13743
10009.54132,0.13790
10005.68408,0.13823
10001.82684,0.13808
9997.96960,0.13804
9994.11235,0.13815
9990.25511,0.13819
9986.39787,0.13820
9982.54063,0.13804
9978.68339,0.13776
9974.82615,0.13779
9970.96891,0.13820
9967.11166,0.13847
9963.25442,0.13845
9959.39718,0.13835
9955.53994,0.13796
9951.68270,0.13756
9947.82546,0.13795
9943.96822,0.13892
9940.11097,0.13962
9936.25373,0.13964
9932.39649,0.13919
9928.53925,0.13884
9924.68201,0.13869
9920.82477,0.13851
9916.96753,0.13833
9913.11029,0.13817
9909.25304,0.13812
9905.39580,0.13838
9901.53856,0.13871
9897.68132,0.13872
9893.82408,0.13848
9889.96684,0.13834
9886.10960,0.13822
9882.25235,0.13798
9878.39511,0.13789
9874.53787,0.13802
9870.68063,0.13811
9866.82339,0.13819
9862.96615,0.13833
9859.10891,0.13831
9855.25167,0.13800
9851.39442,0.13777
9847.53718,0.13792
9843.67994,0.13819
9839.82270,0.13823
9835.96546,0.13817
9832.10822,0.13812
9828.25098,0.13801
9824.39373,0.13767
9820.53649,0.13723
9816.67925,0.13722
9812.82201,0.13755
9808.96477,0.13761
9805.10753,0.13764
9801.25029,0.13790
9797.39304,0.13785
9793.53580,0.13752
9789.67856,0.13738
9785.82132,0.13753
9781.96408,0.13809
9778.10684,0.13873
9774.24960,0.13866
9770.39236,0.13803
9766.53511,0.13763
9762.67787,0.13766
9758.82063,0.13768
9754.96339,0.13773
9751.10615,0.13801
9747.24891,0.13818
9743.39167,0.13799
9739.53442,0.13760
9735.67718,0.13731
9731.81994,0.13721
9727.96270,0.13721
9724.10546,0.13727
9720.24822,0.13726
9716.39098,0.13726
9712.53373,0.13738
9708.67649,0.13749
9704.81925,0.13764
9700.96201,0.13783
9697.10477,0.13758
9693.24753,0.13706
9689.39029,0.13696
9685.53305,0.13701
9681.67580,0.13681
9677.81856,0.13665
9673.96132,0.13650
9670.10408,0.13639
9666.24684,0.13658
9662.38960,0.13673
9658.53236,0.13657
9654.67511,0.13635
9650.81787,0.13624
9646.96063,0.13616
9643.10339,0.13602
9639.24615,0.13602
9635.38891,0.13626
9631.53167,0.13617
9627.67443,0.13558
9623.81718,0.13516
9619.95994,0.13513
9616.10270,0.13530
9612.24546,0.13555
9608.38822,0.13548
9604.53098,0.13496
9600.67374,0.13454
9596.81649,0.13462
9592.95925,0.13475
9589.10201,0.13468
9585.24477,0.13469
9581.38753,0.13459
9577.53029,0.13439
9573.67305,0.13464
9569.81580,0.13533
9565.95856,0.13567
9562.10132,0.13550
9558.24408,0.13531
9554.38684,0.13523
9550.52960,0.13505
9546.67236,0.13479
9542.81512,0.13469
9538.95787,0.13484
9535.10063,0.13501
9531.24339,0.13500
9527.38615,0.13490
9523.52891,0.13498
9519.67167,0.13524
9515.81443,0.13533
9511.95718,0.13505
9508.09994,0.13470
9504.24270,0.13449
9500.38546,0.13429
9496.52822,0.13421
9492.67098,0.13430
9488.81374,0.13415
9484.95649,0.13380
9481.09925,0.13378
9477.24201,0.13407
9473.38477,0.13424
9469.52753,0.13434
9465.67029,0.13449
9461.81305,0.13444
9457.95581,0.13413
9454.09856,0.13375
9450.24132,0.13375
9446.38408,0.13417
9442.52684,0.13444
9438.66960,0.13446
9434.81236,0.13448
9430.95512,0.13442
9427.09787,0.13431
9423.24063,0.13415
9419.38339,0.13392
9415.52615,0.13381
9411.66891,0.13384
9407.81167,0.13388
9403.95443,0.13401
9400.09719,0.13401
9396.23994,0.13354
9392.38270,0.13311
9388.52546,0.13315
9384.66822,0.13327
9380.81098,0.13345
9376.95374,0.13376
9373.09650,0.13389
9369.23925,0.13384
9365.38201,0.13384
9361.52477,0.13371
9357.66753,0.13344
9353.81029,0.13330
9349.95305,0.13319
9346.09581,0.13325
9342.23856,0.13356
9338.38132,0.13371
9334.52408,0.13356
9330.66684,0.13345
9326.80960,0.13344
9322.95236,0.13329
9319.09512,0.13303
9315.23788,0.13285
9311.38063,0.13286
9307.52339,0.13316
9303.66615,0.13357
9299.80891,0.13356
9295.95167,0.13337
9292.09443,0.13350
9288.23719,0.13364
9284.37994,0.13355
9280.52270,0.13345
9276.66546,0.13312
9272.80822,0.13251
9268.95098,0.13228
9265.09374,0.13271
9261.23650,0.13331
9257.37925,0.13363
9253.52201,0.13370
9249.66477,0.13355
9245.80753,0.13306
9241.95029,0.13255
9238.09305,0.13252
9234.23581,0.13279
9230.37857,0.13300
9226.52132,0.13319
9222.66408,0.13330
9218.80684,0.13331
9214.94960,0.13339
9211.09236,0.13347
9207.23512,0.13328
9203.37788,0.13269
9199.52063,0.13204
9195.66339,0.13181
9191.80615,0.13202
9187.94891,0.13228
9184.09167,0.13237
9180.23443,0.13243
9176.37719,0.13260
9172.51995,0.13275
9168.66270,0.13276
9164.80546,0.13272
9160.94822,0.13260
9157.09098,0.13248
9153.23374,0.13256
9149.37650,0.13276
9145.51926,0.13289
9141.66201,0.13289
9137.80477,0.13289
9133.94753,0.13293
9130.09029,0.13301
9126.23305,0.13319
9122.37581,0.13333
9118.51857,0.13334
9114.66132,0.13322
9110.80408,0.13304
9106.94684,0.13297
9103.08960,0.13307
9099.23236,0.13327
9095.37512,0.13336
9091.51788,0.13334
9087.66064,0.13338
9083.80339,0.13340
9079.94615,0.13325
9076.08891,0.13315
9072.23167,0.13332
9068.37443,0.13363
9064.51719,0.13382
9060.65995,0.13393
9056.80270,0.13404
9052.94546,0.13410
9049.08822,0.13413
9045.23098,0.13414
9041.37374,0.13409
9037.51650,0.13405
9033.65926,0.13406
9029.80201,0.13416
9025.94477,0.13445
9022.08753,0.13481
9018.23029,0.13508
9014.37305,0.13545
9010.51581,0.13603
9006.65857,0.13648
9002.80133,0.13647
8998.94408,0.13619
8995.08684,0.13613
8991.22960,0.13637
8987.37236,0.13671
8983.51512,0.13704
8979.65788,0.13742
8975.80064,0.13796
8971.94339,0.13858
8968.08615,0.13912
8964.22891,0.13964
8960.37167,0.14031
8956.51443,0.14115
8952.65719,0.14190
8948.79995,0.14244
8944.94271,0.14295
8941.08546,0.14350
8937.22822,0.14410
8933.37098,0.14478
8929.51374,0.14547
8925.65650,0.14613
8921.79926,0.14695
8917.94202,0.14795
8914.08477,0.14900
8910.22753,0.15013
8906.37029,0.15122
8902.51305,0.15207
8898.65581,0.15298
8894.79857,0.15411
8890.94133,0.15520
8887.08408,0.15616
8883.22684,0.15718
8879.36960,0.15825
8875.51236,0.15923
8871.65512,0.16002
8867.79788,0.16052
8863.94064,0.16080
8860.08340,0.16103
8856.22615,0.16120
8852.36891,0.16110
8848.51167,0.16081
8844.65443,0.16057
8840.79719,0.16030
8836.93995,0.15979
8833.08271,0.15919
8829.22546,0.15869
8825.36822,0.15807
8821.51098,0.15726
8817.65374,0.15638
8813.79650,0.15539
8809.93926,0.15441
8806.08202,0.15354
8802.22477,0.15268
8798.36753,0.15174
8794.51029,0.15060
8790.65305,0.14942
8786.79581,0.14848
8782.93857,0.14762
8779.08133,0.14670
8775.22409,0.14600
8771.36684,0.14560
8767.50960,0.14525
8763.65236,0.14476
8759.79512,0.14432
8755.93788,0.14416
8752.08064,0.14407
8748.22340,0.14391
8744.36615,0.14376
8740.50891,0.14353
8736.65167,0.14336
8732.79443,0.14346
8728.93719,0.14367
8725.07995,0.14385
8721.22271,0.14396
8717.36547,0.14401
8713.50822,0.14411
8709.65098,0.14429
8705.79374,0.14446
8701.93650,0.14465
8698.07926,0.14488
8694.22202,0.14514
8690.36478,0.14546
8686.50753,0.14575
8682.65029,0.14587
8678.79305,0.14589
8674.93581,0.14593
8671.07857,0.14612
8667.22133,0.14660
8663.36409,0.14716
8659.50684,0.14751
8655.64960,0.14773
8651.79236,0.14801
8647.93512,0.14830
8644.07788,0.14862
8640.22064,0.14895
8636.36340,0.14922
8632.50616,0.14946
8628.64891,0.14969
8624.79167,0.14998
8620.93443,0.15037
8617.07719,0.15074
8613.21995,0.15104
8609.36271,0.15134
8605.50547,0.15167
8601.64822,0.15200
8597.79098,0.15233
8593.93374,0.15274
8590.07650,0.15321
8586.21926,0.15364
8582.36202,0.15391
8578.50478,0.15413
8574.64753,0.15437
8570.79029,0.15461
8566.93305,0.15492
8563.07581,0.15527
8559.21857,0.15553
8555.36133,0.15579
8551.50409,0.15612
8547.64685,0.15641
8543.78960,0.15665
8539.93236,0.15687
8536.07512,0.15709
8532.21788,0.15730
8528.36064,0.15759
8524.50340,0.15808
8520.64616,0.15858
8516.78891,0.15884
8512.93167,0.15891
8509.07443,0.15894
8505.21719,0.15903
8501.35995,0.15923
8497.50271,0.15944
8493.64547,0.15958
8489.78822,0.15967
8485.93098,0.15965
8482.07374,0.15952
8478.21650,0.15958
8474.35926,0.15990
8470.50202,0.16019
8466.64478,0.16027
8462.78754,0.16021
8458.93029,0.16016
8455.07305,0.16015
8451.21581,0.16006
8447.35857,0.15985
8443.50133,0.15968
8439.64409,0.15973
8435.78685,0.15981
8431.92960,0.15966
8428.07236,0.15952
8424.21512,0.15969
8420.35788,0.15999
8416.50064,0.16008
8412.64340,0.15998
8408.78616,0.15999
8404.92892,0.16011
8401.07167,0.16005
8397.21443,0.15973
8393.35719,0.15941
8389.49995,0.15928
8385.64271,0.15927
8381.78547,0.15927
8377.92823,0.15927
8374.07098,0.15919
8370.21374,0.15900
8366.35650,0.15896
8362.49926,0.15917
8358.64202,0.15936
8354.78478,0.15927
8350.92754,0.15907
8347.07029,0.15897
8343.21305,0.15895
8339.35581,0.15892
8335.49857,0.15896
8331.64133,0.15909
8327.78409,0.15909
8323.92685,0.15893
8320.06961,0.15888
8316.21236,0.15904
8312.35512,0.15915
8308.49788,0.15909
8304.64064,0.15903
8300.78340,0.15895
8296.92616,0.15884
8293.06892,0.15887
8289.21167,0.15899
8285.35443,0.15906
8281.49719,0.15906
8277.63995,0.15917
8273.78271,0.15941
8269.92547,0.15962
8266.06823,0.15961
8262.21098,0.15941
8258.35374,0.15934
8254.49650,0.15945
8250.63926,0.15952
8246.78202,0.15953
8242.92478,0.15956
8239.06754,0.15962
8235.21030,0.15962
8231.35305,0.15959
8227.49581,0.15962
8223.63857,0.15964
8219.78133,0.15956
8215.92409,0.15954
8212.06685,0.15963
8208.20961,0.15971
8204.35236,0.15970
8200.49512,0.15961
8196.63788,0.15945
8192.78064,0.15930
8188.92340,0.15921
8185.06616,0.15900
8181.20892,0.15870
8177.35168,0.15855
8173.49443,0.15853
8169.63719,0.15834
8165.77995,0.15798
8161.92271,0.15766
8158.06547,0.15745
8154.20823,0.15738
8150.35099,0.15744
8146.49374,0.15746
8142.63650,0.15736
8138.77926,0.15722
8134.92202,0.15710
8131.06478,0.15702
8127.20754,0.15694
8123.35030,0.15680
8119.49305,0.15655
8115.63581,0.15621
8111.77857,0.15590
8107.92133,0.15568
8104.06409,0.15553
8100.20685,0.15541
8096.34961,0.15534
8092.49237,0.15530
8088.63512,0.15510
8084.77788,0.15473
8080.92064,0.15437
8077.06340,0.15411
8073.20616,0.15391
8069.34892,0.15372
8065.49168,0.15354
8061.63443,0.15336
8057.77719,0.15318
8053.91995,0.15307
8050.06271,0.15302
8046.20547,0.15291
8042.34823,0.15267
8038.49099,0.15239
8034.63374,0.15215
8030.77650,0.15194
8026.91926,0.15176
8023.06202,0.15165
8019.20478,0.15162
8015.34754,0.15160
8011.49030,0.15154
8007.63306,0.15145
8003.77581,0.15142
7999.91857,0.15144
7996.06133,0.15142
7992.20409,0.15132
7988.34685,0.15107
7984.48961,0.15071
7980.63237,0.15045
7976.77512,0.15045
7972.91788,0.15059
7969.06064,0.15065
7965.20340,0.15064
7961.34616,0.15065
7957.48892,0.15057
7953.63168,0.15041
7949.77444,0.15035
7945.91719,0.15043
7942.05995,0.15041
7938.20271,0.15020
7934.34547,0.14999
7930.48823,0.14987
7926.63099,0.14986
7922.77375,0.14995
7918.91650,0.15000
7915.05926,0.14990
7911.20202,0.14978
7907.34478,0.14979
7903.48754,0.14997
7899.63030,0.15012
7895.77306,0.15011
7891.91581,0.15001
7888.05857,0.15003
7884.20133,0.15013
7880.34409,0.15014
7876.48685,0.15004
7872.62961,0.14999
7868.77237,0.15001
7864.91513,0.15005
7861.05788,0.15002
7857.20064,0.14992
7853.34340,0.14986
7849.48616,0.14975
7845.62892,0.14958
7841.77168,0.14954
7837.91444,0.14958
7834.05719,0.14949
7830.19995,0.14935
7826.34271,0.14927
7822.48547,0.14914
7818.62823,0.14891
7814.77099,0.14870
7810.91375,0.14859
7807.05650,0.14858
7803.19926,0.14866
7799.34202,0.14871
7795.48478,0.14849
7791.62754,0.14813
7787.77030,0.14798
7783.91306,0.14785
7780.05582,0.14752
7776.19857,0.14724
7772.34133,0.14714
7768.48409,0.14697
7764.62685,0.14683
7760.76961,0.14687
7756.91237,0.14680
7753.05513,0.14652
7749.19788,0.14634
7745.34064,0.14628
7741.48340,0.14612
7737.62616,0.14576
7733.76892,0.14544
7729.91168,0.14538
7726.05444,0.14539
7722.19720,0.14517
7718.33995,0.14484
7714.48271,0.14465
7710.62547,0.14478
7706.76823,0.14498
7702.91099,0.14482
7699.05375,0.14439
7695.19651,0.14402
7691.33926,0.14384
7687.48202,0.14393
7683.62478,0.14416
7679.76754,0.14435
7675.91030,0.14444
7672.05306,0.14445
7668.19582,0.14437
7664.33857,0.14426
7660.48133,0.14424
7656.62409,0.14433
7652.76685,0.14445
7648.90961,0.14451
7645.05237,0.14458
7641.19513,0.14467
7637.33789,0.14471
7633.48064,0.14470
7629.62340,0.14456
7625.76616,0.14439
7621.90892,0.14444
7618.05168,0.14468
7614.19444,0.14487
7610.33720,0.14503
7606.47995,0.14530
7602.62271,0.14548
7598.76547,0.14544
7594.90823,0.14543
7591.05099,0.14549
7587.19375,0.14550
7583.33651,0.14555
7579.47926,0.14577
7575.62202,0.14595
7571.76478,0.14601
7567.90754,0.14614
7564.05030,0.14634
7560.19306,0.14658
7556.33582,0.14694
7552.47858,0.14738
7548.62133,0.14776
7544.76409,0.14806
7540.90685,0.14830
7537.04961,0.14857
7533.19237,0.14886
7529.33513,0.14907
7525.47789,0.14920
7521.62064,0.14932
7517.76340,0.14948
7513.90616,0.14970
7510.04892,0.14990
7506.19168,0.15011
7502.33444,0.15041
7498.47720,0.15079
7494.61996,0.15121
7490.76271,0.15160
7486.90547,0.15191
7483.04823,0.15224
7479.19099,0.15263
7475.33375,0.15309
7471.47651,0.15365
7467.61927,0.15418
7463.76202,0.15472
7459.90478,0.15541
7456.04754,0.15624
7452.19030,0.15712
7448.33306,0.15789
7444.47582,0.15852
7440.61858,0.15919
7436.76133,0.15997
7432.90409,0.16079
7429.04685,0.16177
7425.18961,0.16289
7421.33237,0.16386
7417.47513,0.16464
7413.61789,0.16543
7409.76065,0.16635
7405.90340,0.16732
7402.04616,0.16827
7398.18892,0.16924
7394.33168,0.17024
7390.47444,0.17125
7386.61720,0.17234
7382.75996,0.17353
7378.90271,0.17470
7375.04547,0.17579
7371.18823,0.17678
7367.33099,0.17778
7363.47375,0.17893
7359.61651,0.18010
7355.75927,0.18106
7351.90202,0.18177
7348.04478,0.18247
7344.18754,0.18341
7340.33030,0.18448
7336.47306,0.18537
7332.61582,0.18612
7328.75858,0.18683
7324.90134,0.18732
7321.04409,0.18766
7317.18685,0.18813
7313.32961,0.18861
7309.47237,0.18886
7305.61513,0.18900
7301.75789,0.18929
7297.90065,0.18961
7294.04340,0.18985
7290.18616,0.19004
7286.32892,0.19027
7282.47168,0.19057
7278.61444,0.19093
7274.75720,0.19137
7270.89996,0.19177
7267.04272,0.19207
7263.18547,0.19237
7259.32823,0.19277
7255.47099,0.19320
7251.61375,0.19356
7247.75651,0.19393
7243.89927,0.19426
7240.04203,0.19450
7236.18478,0.19474
7232.32754,0.19488
7228.47030,0.19493
7224.61306,0.19510
7220.75582,0.19541
7216.89858,0.19574
7213.04134,0.19603
7209.18409,0.19628
7205.32685,0.19647
7201.46961,0.19663
7197.61237,0.19684
7193.75513,0.19706
7189.89789,0.19740
7186.04065,0.19791
7182.18341,0.19842
7178.32616,0.19887
7174.46892,0.19937
7170.61168,0.20005
7166.75444,0.20092
7162.89720,0.20188
7159.03996,0.20282
7155.18272,0.20381
7151.32547,0.20494
7147.46823,0.20617
7143.61099,0.20747
7139.75375,0.20881
7135.89651,0.21013
7132.03927,0.21141
7128.18203,0.21269
7124.32478,0.21403
7120.46754,0.21547
7116.61030,0.21703
7112.75306,0.21854
7108.89582,0.21988
7105.03858,0.22109
7101.18134,0.22233
7097.32410,0.22373
7093.46685,0.22528
7089.60961,0.22692
7085.75237,0.22863
7081.89513,0.23048
7078.03789,0.23239
7074.18065,0.23428
7070.32341,0.23618
7066.46616,0.23810
7062.60892,0.23994
7058.75168,0.24165
7054.89444,0.24328
7051.03720,0.24491
7047.17996,0.24668
7043.32272,0.24853
7039.46548,0.25023
7035.60823,0.25179
7031.75099,0.25329
7027.89375,0.25467
7024.03651,0.25608
7020.17927,0.25755
7016.32203,0.25885
7012.46479,0.26000
7008.60754,0.26115
7004.75030,0.26225
7000.89306,0.26332
6997.03582,0.26434
6993.17858,0.26530
6989.32134,0.26627
6985.46410,0.26727
6981.60685,0.26828
6977.74961,0.26923
6973.89237,0.27005
6970.03513,0.27076
6966.17789,0.27139
6962.32065,0.27196
6958.46341,0.27257
6954.60617,0.27322
6950.74892,0.27387
6946.89168,0.27449
6943.03444,0.27505
6939.17720,0.27559
6935.31996,0.27616
6931.46272,0.27667
6927.60548,0.27713
6923.74823,0.27760
6919.89099,0.27807
6916.03375,0.27853
6912.17651,0.27902
6908.31927,0.27950
6904.46203,0.27986
6900.60479,0.28023
6896.74754,0.28077
6892.89030,0.28136
6889.03306,0.28191
6885.17582,0.28246
6881.31858,0.28306
6877.46134,0.28366
6873.60410,0.28428
6869.74686,0.28498
6865.88961,0.28573
6862.03237,0.28644
6858.17513,0.28715
6854.31789,0.28791
6850.46065,0.28866
6846.60341,0.28937
6842.74617,0.29011
6838.88892,0.29089
6835.03168,0.29172
6831.17444,0.29256
6827.31720,0.29337
6823.45996,0.29412
6819.60272,0.29486
6815.74548,0.29562
6811.88824,0.29644
6808.03099,0.29737
6804.17375,0.29839
6800.31651,0.29937
6796.45927,0.30020
6792.60203,0.30093
6788.74479,0.30171
6784.88755,0.30258
6781.03030,0.30349
6777.17306,0.30433
6773.31582,0.30512
6769.45858,0.30591
6765.60134,0.30667
6761.74410,0.30734
6757.88686,0.30786
6754.02961,0.30825
6750.17237,0.30862
6746.31513,0.30900
6742.45789,0.30936
6738.60065,0.30962
6734.74341,0.30978
6730.88617,0.30992
6727.02893,0.31003
6723.17168,0.31010
6719.31444,0.31016
6715.45720,0.31020
6711.59996,0.31023
6707.74272,0.31024
6703.88548,0.31022
6700.02824,0.31021
6696.17099,0.31023
6692.31375,0.31019
6688.45651,0.30997
6684.59927,0.30963
6680.74203,0.30938
6676.88479,0.30930
6673.02755,0.30924
6669.17030,0.30903
6665.31306,0.30860
6661.45582,0.30807
6657.59858,0.30761
6653.74134,0.30723
6649.88410,0.30679
6646.02686,0.30628
6642.16962,0.30580
6638.31237,0.30537
6634.45513,0.30491
6630.59789,0.30438
6626.74065,0.30373
6622.88341,0.30296
6619.02617,0.30232
6615.16893,0.30191
6611.31168,0.30153
6607.45444,0.30103
6603.59720,0.30053
6599.73996,0.30007
6595.88272,0.29962
6592.02548,0.29921
6588.16824,0.29890
6584.31100,0.29867
6580.45375,0.29845
6576.59651,0.29818
6572.73927,0.29798
6568.88203,0.29791
6565.02479,0.29791
6561.16755,0.29794
6557.31031,0.29797
6553.45306,0.29797
6549.59582,0.29795
6545.73858,0.29804
6541.88134,0.29825
6538.02410,0.29843
6534.16686,0.29848
6530.30962,0.29857
6526.45237,0.29878
6522.59513,0.29901
6518.73789,0.29916
6514.88065,0.29926
6511.02341,0.29938
6507.16617,0.29950
6503.30893,0.29961
6499.45169,0.29967
6495.59444,0.29961
6491.73720,0.29949
6487.87996,0.29938
6484.02272,0.29931
6480.16548,0.29928
6476.30824,0.29920
6472.45100,0.29905
6468.59375,0.29888
6464.73651,0.29871
6460.87927,0.29849
6457.02203,0.29814
6453.16479,0.29771
6449.30755,0.29735
6445.45031,0.29708
6441.59306,0.29686
6437.73582,0.29657
6433.87858,0.29614
6430.02134,0.29567
6426.16410,0.29523
6422.30686,0.29478
6418.44962,0.29433
6414.59238,0.29396
6410.73513,0.29369
6406.87789,0.29348
6403.02065,0.29329
6399.16341,0.29307
6395.30617,0.29282
6391.44893,0.29264
6387.59169,0.29250
6383.73444,0.29232
6379.87720,0.29207
6376.01996,0.29182
6372.16272,0.29160
6368.30548,0.29138
6364.44824,0.29111
6360.59100,0.29083
6356.73376,0.29061
6352.87651,0.29042
6349.01927,0.29023
6345.16203,0.29006
6341.30479,0.28998
6337.44755,0.28997
6333.59031,0.28998
6329.73307,0.28996
6325.87582,0.28992
6322.01858,0.28985
6318.16134,0.28978
6314.30410,0.28973
6310.44686,0.28962
6306.58962,0.28940
6302.73238,0.28910
6298.87513,0.28877
6295.01789,0.28848
6291.16065,0.28811
6287.30341,0.28753
6283.44617,0.28682
6279.58893,0.28610
6275.73169,0.28539
6271.87445,0.28460
6268.01720,0.28367
6264.15996,0.28273
6260.30272,0.28184
6256.44548,0.28095
6252.58824,0.27998
6248.73100,0.27897
6244.87376,0.27800
6241.01651,0.27702
6237.15927,0.27591
6233.30203,0.27469
6229.44479,0.27350
6225.58755,0.27247
6221.73031,0.27152
6217.87307,0.27063
6214.01582,0.27002
6210.15858,0.26975
6206.30134,0.26966
6202.44410,0.26963
6198.58686,0.26947
6194.72962,0.26895
6190.87238,0.26804
6187.01514,0.26684
6183.15789,0.26548
6179.30065,0.26413
6175.44341,0.26293
6171.58617,0.26200
6167.72893,0.26130
6163.87169,0.26077
6160.01445,0.26044
6156.15720,0.26037
6152.29996,0.26049
6148.44272,0.26065
6144.58548,0.26062
6140.72824,0.26034
6136.87100,0.25991
6133.01376,0.25947
6129.15652,0.25914
6125.29927,0.25919
6121.44203,0.25983
6117.58479,0.26105
6113.72755,0.26281
6109.87031,0.26519
6106.01307,0.26815
6102.15583,0.27154
6098.29858,0.27523
6094.44134,0.27913
6090.58410,0.28299
6086.72686,0.28663
6082.86962,0.29004
6079.01238,0.29338
6075.15514,0.29703
6071.29789,0.30133
6067.44065,0.30640
6063.58341,0.31195
6059.72617,0.31747
6055.86893,0.32245
6052.01169,0.32672
6048.15445,0.33052
6044.29721,0.33426
6040.43996,0.33827
6036.58272,0.34281
6032.72548,0.34779
6028.86824,0.35252
6025.01100,0.35617
6021.15376,0.35813
6017.29652,0.35794
6013.43927,0.35541
6009.58203,0.35081
6005.72479,0.34467
6001.86755,0.33770
5998.01031,0.33079
5994.15307,0.32468
5990.29583,0.31973
5986.43858,0.31607
5982.58134,0.31356
5978.72410,0.31164
5974.86686,0.30947
5971.00962,0.30655
5967.15238,0.30309
5963.29514,0.29974
5959.43790,0.29720
5955.58065,0.29571
5951.72341,0.29505
5947.86617,0.29479
5944.00893,0.29442
5940.15169,0.29335
5936.29445,0.29121
5932.43721,0.28811
5928.57996,0.28451
5924.72272,0.28092
5920.86548,0.27762
5917.00824,0.27468
5913.15100,0.27219
5909.29376,0.27038
5905.43652,0.26948
5901.57927,0.26954
5897.72203,0.27052
5893.86479,0.27228
5890.00755,0.27460
5886.15031,0.27715
5882.29307,0.27969
5878.43583,0.28204
5874.57859,0.28410
5870.72134,0.28579
5866.86410,0.28704
5863.00686,0.28770
5859.14962,0.28773
5855.29238,0.28722
5851.43514,0.28648
5847.57790,0.28580
5843.72065,0.28525
5839.86341,0.28486
5836.00617,0.28467
5832.14893,0.28465
5828.29169,0.28475
5824.43445,0.28498
5820.57721,0.28527
5816.71997,0.28550
5812.86272,0.28564
5809.00548,0.28573
5805.14824,0.28577
5801.29100,0.28566
5797.43376,0.28548
5793.57652,0.28531
5789.71928,0.28515
5785.86203,0.28497
5782.00479,0.28474
5778.14755,0.28443
5774.29031,0.28403
5770.43307,0.28348
5766.57583,0.28278
5762.71859,0.28186
5758.86134,0.28072
5755.00410,0.27947
5751.14686,0.27813
5747.28962,0.27669
5743.43238,0.27523
5739.57514,0.27380
5735.71790,0.27247
5731.86066,0.27133
5728.00341,0.27048
5724.14617,0.26992
5720.28893,0.26970
5716.43169,0.26982
5712.57445,0.27007
5708.71721,0.27027
5704.85997,0.27037
5701.00272,0.27039
5697.14548,0.27032
5693.28824,0.27013
5689.43100,0.26987
5685.57376,0.26965
5681.71652,0.26950
5677.85928,0.26948
5674.00203,0.26969
5670.14479,0.27007
5666.28755,0.27057
5662.43031,0.27110
5658.57307,0.27153
5654.71583,0.27179
5650.85859,0.27179
5647.00135,0.27148
5643.14410,0.27089
5639.28686,0.27017
5635.42962,0.26941
5631.57238,0.26867
5627.71514,0.26795
5623.85790,0.26733
5620.00066,0.26687
5616.14341,0.26659
5612.28617,0.26647
5608.42893,0.26646
5604.57169,0.26656
5600.71445,0.26677
5596.85721,0.26707
5592.99997,0.26738
5589.14273,0.26774
5585.28548,0.26822
5581.42824,0.26878
5577.57100,0.26931
5573.71376,0.26982
5569.85652,0.27022
5565.99928,0.27043
5562.14204,0.27043
5558.28479,0.27030
5554.42755,0.27011
5550.57031,0.26999
5546.71307,0.26997
5542.85583,0.26997
5538.99859,0.26999
5535.14135,0.27000
5531.28410,0.26995
5527.42686,0.26982
5523.56962,0.26967
5519.71238,0.26946
5515.85514,0.26915
5511.99790,0.26881
5508.14066,0.26859
5504.28342,0.26865
5500.42617,0.26897
5496.56893,0.26940
5492.71169,0.26984
5488.85445,0.27027
5484.99721,0.27065
5481.13997,0.27086
5477.28273,0.27078
5473.42548,0.27043
5469.56824,0.26997
5465.71100,0.26940
5461.85376,0.26856
5457.99652,0.26751
5454.13928,0.26643
5450.28204,0.26529
5446.42479,0.26397
5442.56755,0.26250
5438.71031,0.26103
5434.85307,0.25965
5430.99583,0.25835
5427.13859,0.25719
5423.28135,0.25627
5419.42411,0.25557
5415.56686,0.25498
5411.70962,0.25449
5407.85238,0.25421
5403.99514,0.25406
5400.13790,0.25392
5396.28066,0.25375
5392.42342,0.25359
5388.56617,0.25352
5384.70893,0.25353
5380.85169,0.25362
5376.99445,0.25384
5373.13721,0.25423
5369.27997,0.25472
5365.42273,0.25524
5361.56549,0.25577
5357.70824,0.25635
5353.85100,0.25703
5349.99376,0.25773
5346.13652,0.25833
5342.27928,0.25882
5338.42204,0.25931
5334.56480,0.25996
5330.70755,0.26079
5326.85031,0.26182
5322.99307,0.26315
5319.13583,0.26487
5315.27859,0.26696
5311.42135,0.26934
5307.56411,0.27203
5303.70686,0.27503
5299.84962,0.27833
5295.99238,0.28200
5292.13514,0.28612
5288.27790,0.29083
5284.42066,0.29607
5280.56342,0.30186
5276.70618,0.30815
5272.84893,0.31463
5268.99169,0.32110
5265.13445,0.32761
5261.27721,0.33389
5257.41997,0.33954
5253.56273,0.34460
5249.70549,0.34921
5245.84824,0.35348
5241.99100,0.35737
5238.13376,0.36072
5234.27652,0.36363
5230.41928,0.36621
5226.56204,0.36852
5222.70480,0.37055
5218.84755,0.37231
5214.99031,0.37387
5211.13307,0.37522
5207.27583,0.37638
5203.41859,0.37730
5199.56135,0.37798
5195.70411,0.37844
5191.84687,0.37879
5187.98962,0.37917
5184.13238,0.37949
5180.27514,0.37960
5176.41790,0.37947
5172.56066,0.37925
5168.70342,0.37904
5164.84618,0.37872
5160.98893,0.37823
5157.13169,0.37771
5153.27445,0.37717
5149.41721,0.37652
5145.55997,0.37575
5141.70273,0.37500
5137.84549,0.37431
5133.98825,0.37355
5130.13100,0.37278
5126.27376,0.37205
5122.41652,0.37108
5118.55928,0.36961
5114.70204,0.36759
5110.84480,0.36514
5106.98756,0.36244
5103.13031,0.35965
5099.27307,0.35684
5095.41583,0.35413
5091.55859,0.35164
5087.70135,0.34934
5083.84411,0.34721
5079.98687,0.34522
5076.12962,0.34331
5072.27238,0.34147
5068.41514,0.33973
5064.55790,0.33806
5060.70066,0.33643
5056.84342,0.33486
5052.98618,0.33342
5049.12894,0.33210
5045.27169,0.33083
5041.41445,0.32955
5037.55721,0.32830
5033.69997,0.32712
5029.84273,0.32608
5025.98549,0.32514
5022.12825,0.32422
5018.27100,0.32334
5014.41376,0.32255
5010.55652,0.32183
5006.69928,0.32108
5002.84204,0.32033
4998.98480,0.31958
4995.12756,0.31887
4991.27031,0.31832
4987.41307,0.31796
4983.55583,0.31775
4979.69859,0.31766
4975.84135,0.31776
4971.98411,0.31802
4968.12687,0.31841
4964.26963,0.31910
4960.41238,0.32018
4956.55514,0.32152
4952.69790,0.32305
4948.84066,0.32477
4944.98342,0.32659
4941.12618,0.32846
4937.26894,0.33043
4933.41169,0.33259
4929.55445,0.33494
4925.69721,0.33742
4921.83997,0.34003
4917.98273,0.34282
4914.12549,0.34569
4910.26825,0.34862
4906.41101,0.35177
4902.55376,0.35518
4898.69652,0.35874
4894.83928,0.36238
4890.98204,0.36610
4887.12480,0.36989
4883.26756,0.37377
4879.41032,0.37772
4875.55307,0.38164
4871.69583,0.38546
4867.83859,0.38910
4863.98135,0.39253
4860.12411,0.39583
4856.26687,0.39910
4852.40963,0.40245
4848.55238,0.40598
4844.69514,0.40976
4840.83790,0.41374
4836.98066,0.41786
4833.12342,0.42215
4829.26618,0.42655
4825.40894,0.43081
4821.55170,0.43470
4817.69445,0.43824
4813.83721,0.44158
4809.97997,0.44475
4806.12273,0.44767
4802.26549,0.45024
4798.40825,0.45240
4794.55101,0.45417
4790.69376,0.45559
4786.83652,0.45667
4782.97928,0.45747
4779.12204,0.45814
4775.26480,0.45874
4771.40756,0.45945
4767.55032,0.46042
4763.69307,0.46172
4759.83583,0.46339
4755.97859,0.46528
4752.12135,0.46725
4748.26411,0.46917
4744.40687,0.47083
4740.54963,0.47225
4736.69239,0.47375
4732.83514,0.47570
4728.97790,0.47826
4725.12066,0.48100
4721.26342,0.48297
4717.40618,0.48368
4713.54894,0.48363
4709.69170,0.48388
4705.83445,0.48533
4701.97721,0.48829
4698.11997,0.49212
4694.26273,0.49528
4690.40549,0.49607
4686.54825,0.49351
4682.69101,0.48773
4678.83377,0.47997
4674.97652,0.47198
4671.11928,0.46513
4667.26204,0.46006
4663.40480,0.45671
4659.54756,0.45465
4655.69032,0.45364
4651.83308,0.45399
4647.97583,0.45611
4644.11859,0.45962
4640.26135,0.46320
4636.40411,0.46502
4632.54687,0.46343
4628.68963,0.45787
4624.83239,0.44955
4620.97514,0.44069
4617.11790,0.43302
4613.26066,0.42720
4609.40342,0.42336
4605.54618,0.42146
4601.68894,0.42143
4597.83170,0.42289
4593.97446,0.42487
4590.11721,0.42643
4586.25997,0.42746
4582.40273,0.42790
4578.54549,0.42653
4574.68825,0.42212
4570.83101,0.41521
4566.97377,0.40779
4563.11652,0.40170
4559.25928,0.39759
4555.40204,0.39514
4551.54480,0.39367
4547.68756,0.39260
4543.83032,0.39166
4539.97308,0.39080
4536.11583,0.39016
4532.25859,0.38996
4528.40135,0.39018
4524.54411,0.39077
4520.68687,0.39188
4516.82963,0.39366
4512.97239,0.39616
4509.11515,0.39967
4505.25790,0.40451
4501.40066,0.41078
4497.54342,0.41825
4493.68618,0.42607
4489.82894,0.43301
4485.97170,0.43846
4482.11446,0.44303
4478.25721,0.44813
4474.39997,0.45508
4470.54273,0.46456
4466.68549,0.47639
4462.82825,0.48894
4458.97101,0.49950
4455.11377,0.50640
4451.25653,0.51082
4447.39928,0.51519
4443.54204,0.52054
4439.68480,0.52608
4435.82756,0.53058
4431.97032,0.53300
4428.11308,0.53287
4424.25584,0.53087
4420.39859,0.52869
4416.54135,0.52803
4412.68411,0.52954
4408.82687,0.53242
4404.96963,0.53485
4401.11239,0.53525
4397.25515,0.53323
4393.39790,0.52933
4389.54066,0.52465
4385.68342,0.52030
4381.82618,0.51681
4377.96894,0.51418
4374.11170,0.51237
4370.25446,0.51155
4366.39722,0.51186
4362.53997,0.51299
4358.68273,0.51437
4354.82549,0.51579
4350.96825,0.51753
4347.11101,0.51993
4343.25377,0.52283
4339.39653,0.52575
4335.53928,0.52845
4331.68204,0.53101
4327.82480,0.53352
4323.96756,0.53611
4320.11032,0.53895
4316.25308,0.54226
4312.39584,0.54629
4308.53859,0.55109
4304.68135,0.55634
4300.82411,0.56143
4296.96687,0.56579
4293.10963,0.56915
4289.25239,0.57137
4285.39515,0.57243
4281.53791,0.57259
4277.68066,0.57225
4273.82342,0.57146
4269.96618,0.57002
4266.10894,0.56806
4262.25170,0.56609
4258.39446,0.56474
4254.53722,0.56420
4250.67997,0.56420
4246.82273,0.56423
4242.96549,0.56367
4239.10825,0.56231
4235.25101,0.56069
4231.39377,0.55948
4227.53653,0.55858
4223.67929,0.55732
4219.82204,0.55524
4215.96480,0.55258
4212.10756,0.54984
4208.25032,0.54734
4204.39308,0.54520
4200.53584,0.54352
4196.67860,0.54257
4192.82135,0.54285
4188.96411,0.54482
4185.10687,0.54831
4181.24963,0.55201
4177.39239,0.55373
4173.53515,0.55201
4169.67791,0.54739
4165.82066,0.54178
4161.96342,0.53710
4158.10618,0.53434
4154.24894,0.53333
4150.39170,0.53367
4146.53446,0.53533
4142.67722,0.53825
4138.81998,0.54202
4134.96273,0.54587
4131.10549,0.54908
4127.24825,0.55168
4123.39101,0.55453
4119.53377,0.55843
4115.67653,0.56365
4111.81929,0.57036
4107.96204,0.57894
4104.10480,0.58976
4100.24756,0.60347
4096.39032,0.61946
4092.53308,0.63339
4088.67584,0.63988
4084.81860,0.63802
4080.96135,0.63093
4077.10411,0.62234
4073.24687,0.61533
4069.38963,0.61144
4065.53239,0.61039
4061.67515,0.61140
4057.81791,0.61396
4053.96067,0.61755
4050.10342,0.62142
4046.24618,0.62491
4042.38894,0.62779
4038.53170,0.63009
4034.67446,0.63189
4030.81722,0.63331
4026.95998,0.63440
4023.10273,0.63495
4019.24549,0.63467
4015.38825,0.63366
4011.53101,0.63218
4007.67377,0.63036
4003.81653,0.62812
3999.95929,0.62537
3996.10205,0.62211
3992.24480,0.61871
3988.38756,0.61569
3984.53032,0.61337
3980.67308,0.61167
3976.81584,0.61012
3972.95860,0.60827
3969.10136,0.60609
3965.24411,0.60374
3961.38687,0.60104
3957.52963,0.59809
3953.67239,0.59523
3949.81515,0.59239
3945.95791,0.58934
3942.10067,0.58626
3938.24342,0.58353
3934.38618,0.58109
3930.52894,0.57874
3926.67170,0.57659
3922.81446,0.57445
3918.95722,0.57208
3915.09998,0.56977
3911.24274,0.56773
3907.38549,0.56534
3903.52825,0.56181
3899.67101,0.55800
3895.81377,0.55506
3891.95653,0.55249
3888.09929,0.55011
3884.24205,0.54817
3880.38480,0.54670
3876.52756,0.54537
3872.67032,0.54320
3868.81308,0.53972
3864.95584,0.53596
3861.09860,0.53301
3857.24136,0.53042
3853.38411,0.52713
3849.52687,0.52445
3845.66963,0.52305
3841.81239,0.52164
3837.95515,0.52024
3834.09791,0.51959
3830.24067,0.51946
3826.38343,0.51961
3822.52618,0.52028
3818.66894,0.52219
3814.81170,0.52495
3810.95446,0.52718
3807.09722,0.52837
3803.23998,0.52823
3799.38274,0.52679
3795.52549,0.52525
3791.66825,0.52445
3787.81101,0.52428
3783.95377,0.52467
3780.09653,0.52589
3776.23929,0.52784
3772.38205,0.53015
3768.52481,0.53307
3764.66756,0.53639
3760.81032,0.53915
3756.95308,0.54054
3753.09584,0.54006
3749.23860,0.53858
3745.38136,0.53846
3741.52412,0.54009
3737.66687,0.54332
3733.80963,0.54854
3729.95239,0.55320
3726.09515,0.55602
3722.23791,0.55863
3718.38067,0.56207
3714.52343,0.56709
3710.66618,0.57530
3706.80894,0.58577
3702.95170,0.59738
3699.09446,0.61098
3695.23722,0.62568
3691.37998,0.64440
3687.52274,0.66831
3683.66550,0.68696
3679.80825,0.70028
3675.95101,0.71654
3672.09377,0.74004
3668.23653,0.76506
3664.37929,0.78670
3660.52205,0.80650
3656.66481,0.82692
3652.80756,0.84876
3648.95032,0.87491
3645.09308,0.90196
3641.23584,0.92083
3637.37860,0.93538
3633.52136,0.95016
3629.66412,0.96799
3625.80687,0.98629
3621.94963,0.99932
3618.09239,1.01374
3614.23515,1.03007
3610.37791,1.04444
3606.52067,1.05728
3602.66343,1.06731
3598.80619,1.07562
