12493.60475,0.09222
12489.74751,0.09346
12485.89027,0.09663
12482.03303,0.09816
12478.17579,0.09616
12474.31855,0.09370
12470.46130,0.09323
12466.60406,0.09397
12462.74682,0.09309
12458.88958,0.08955
12455.03234,0.08610
12451.17510,0.08414
12447.31786,0.08318
12443.46062,0.08410
12439.60337,0.08664
12435.74613,0.08824
12431.88889,0.08833
12428.03165,0.08873
12424.17441,0.08979
12420.31717,0.09053
12416.45993,0.09168
12412.60268,0.09413
12408.74544,0.09533
12404.88820,0.09362
12401.03096,0.09208
12397.17372,0.09157
12393.31648,0.09009
12389.45924,0.08847
12385.60199,0.08737
12381.74475,0.08725
12377.88751,0.08973
12374.03027,0.09303
12370.17303,0.09468
12366.31579,0.09626
12362.45855,0.09903
12358.60131,0.10004
12354.74406,0.09681
12350.88682,0.09194
12347.02958,0.08897
12343.17234,0.08831
12339.31510,0.08942
12335.45786,0.09204
12331.60062,0.09467
12327.74337,0.09520
12323.88613,0.09469
12320.02889,0.09543
12316.17165,0.09544
12312.31441,0.09277
12308.45717,0.08996
12304.59993,0.08867
12300.74268,0.08746
12296.88544,0.08562
12293.02820,0.08429
12289.17096,0.08547
12285.31372,0.08901
12281.45648,0.09176
12277.59924,0.09273
12273.74200,0.09316
12269.88475,0.09199
12266.02751,0.08859
12262.17027,0.08653
12258.31303,0.08790
12254.45579,0.08947
12250.59855,0.08979
12246.74131,0.08988
12242.88406,0.08943
12239.02682,0.08972
12235.16958,0.09209
12231.31234,0.09469
12227.45510,0.09466
12223.59786,0.09132
12219.74062,0.08823
12215.88338,0.08902
12212.02613,0.09128
12208.16889,0.09096
12204.31165,0.08990
12200.45441,0.09063
12196.59717,0.09113
12192.73993,0.09066
12188.88269,0.09007
12185.02544,0.08895
12181.16820,0.08780
12177.31096,0.08697
12173.45372,0.08640
12169.59648,0.08702
12165.73924,0.08842
12161.88200,0.08870
12158.02475,0.08768
12154.16751,0.08763
12150.31027,0.08938
12146.45303,0.09030
12142.59579,0.08918
12138.73855,0.08789
12134.88131,0.08755
12131.02407,0.08701
12127.16682,0.08533
12123.30958,0.08447
12119.45234,0.08588
12115.59510,0.08764
12111.73786,0.08836
12107.88062,0.08830
12104.02338,0.08834
12100.16613,0.08878
12096.30889,0.08880
12092.45165,0.08894
12088.59441,0.08912
12084.73717,0.08788
12080.87993,0.08661
12077.02269,0.08673
12073.16544,0.08625
12069.30820,0.08425
12065.45096,0.08291
12061.59372,0.08335
12057.73648,0.08469
12053.87924,0.08604
12050.02200,0.08699
12046.16476,0.08719
12042.30751,0.08596
12038.45027,0.08407
12034.59303,0.08431
12030.73579,0.08808
12026.87855,0.09281
12023.02131,0.09396
12019.16407,0.09106
12015.30682,0.08882
12011.44958,0.08929
12007.59234,0.09000
12003.73510,0.09021
11999.87786,0.09123
11996.02062,0.09192
11992.16338,0.09085
11988.30614,0.08989
11984.44889,0.09001
11980.59165,0.08985
11976.73441,0.08980
11972.87717,0.09018
11969.01993,0.09007
11965.16269,0.09009
11961.30545,0.09098
11957.44820,0.09206
11953.59096,0.09206
11949.73372,0.09038
11945.87648,0.08969
11942.01924,0.09213
11938.16200,0.09448
11934.30476,0.09388
11930.44751,0.09176
11926.59027,0.09012
11922.73303,0.09043
11918.87579,0.09271
11915.01855,0.09430
11911.16131,0.09334
11907.30407,0.09187
11903.44683,0.09297
11899.58958,0.09512
11895.73234,0.09500
11891.87510,0.09401
11888.01786,0.09405
11884.16062,0.09312
11880.30338,0.09044
11876.44614,0.08892
11872.58889,0.09063
11868.73165,0.09442
11864.87441,0.09764
11861.01717,0.09830
11857.15993,0.09751
11853.30269,0.09731
11849.44545,0.09723
11845.58820,0.09685
11841.73096,0.09653
11837.87372,0.09602
11834.01648,0.09530
11830.15924,0.09488
11826.30200,0.09491
11822.44476,0.09492
11818.58752,0.09468
11814.73027,0.09409
11810.87303,0.09320
11807.01579,0.09264
11803.15855,0.09293
11799.30131,0.09410
11795.44407,0.09527
11791.58683,0.09605
11787.72958,0.09682
11783.87234,0.09636
11780.01510,0.09475
11776.15786,0.09455
11772.30062,0.09506
11768.44338,0.09415
11764.58614,0.09386
11760.72890,0.09600
11756.87165,0.09815
11753.01441,0.09880
11749.15717,0.09945
11745.29993,0.10017
11741.44269,0.09953
11737.58545,0.09791
11733.72821,0.09727
11729.87096,0.09777
11726.01372,0.09797
11722.15648,0.09797
11718.29924,0.09826
11714.44200,0.09854
11710.58476,0.09899
11706.72752,0.09962
11702.87027,0.09947
11699.01303,0.09841
11695.15579,0.09818
11691.29855,0.09852
11687.44131,0.09784
11683.58407,0.09752
11679.72683,0.09849
11675.86959,0.09871
11672.01234,0.09766
11668.15510,0.09730
11664.29786,0.09804
11660.44062,0.09848
11656.58338,0.09855
11652.72614,0.09901
11648.86890,0.09898
11645.01165,0.09723
11641.15441,0.09523
11637.29717,0.09523
11633.43993,0.09652
11629.58269,0.09680
11625.72545,0.09625
11621.86821,0.09663
11618.01096,0.09653
11614.15372,0.09390
11610.29648,0.09101
11606.43924,0.09069
11602.58200,0.09232
11598.72476,0.09405
11594.86752,0.09461
11591.01028,0.09394
11587.15303,0.09396
11583.29579,0.09487
11579.43855,0.09502
11575.58131,0.09558
11571.72407,0.09750
11567.86683,0.09817
11564.00959,0.09600
11560.15234,0.09419
11556.29510,0.09647
11552.43786,0.09999
11548.58062,0.09959
11544.72338,0.09625
11540.86614,0.09436
11537.00890,0.09527
11533.15166,0.09631
11529.29441,0.09517
11525.43717,0.09355
11521.57993,0.09396
11517.72269,0.09600
11513.86545,0.09767
11510.00821,0.09754
11506.15097,0.09682
11502.29372,0.09770
11498.43648,0.09821
11494.57924,0.09570
11490.72200,0.09373
11486.86476,0.09561
11483.00752,0.09749
11479.15028,0.09634
11475.29303,0.09522
11471.43579,0.09682
11467.57855,0.09874
11463.72131,0.09761
11459.86407,0.09444
11456.00683,0.09291
11452.14959,0.09380
11448.29235,0.09429
11444.43510,0.09360
11440.57786,0.09366
11436.72062,0.09428
11432.86338,0.09427
11429.00614,0.09376
11425.14890,0.09278
11421.29166,0.09141
11417.43441,0.09071
11413.57717,0.09169
11409.71993,0.09331
11405.86269,0.09383
11402.00545,0.09299
11398.14821,0.09210
11394.29097,0.09273
11390.43372,0.09403
11386.57648,0.09414
11382.71924,0.09420
11378.86200,0.09510
11375.00476,0.09499
11371.14752,0.09332
11367.29028,0.09178
11363.43304,0.09192
11359.57579,0.09362
11355.71855,0.09489
11351.86131,0.09499
11348.00407,0.09566
11344.14683,0.09679
11340.28959,0.09621
11336.43235,0.09424
11332.57510,0.09259
11328.71786,0.09208
11324.86062,0.09290
11321.00338,0.09421
11317.14614,0.09439
11313.28890,0.09272
11309.43166,0.09069
11305.57442,0.09028
11301.71717,0.09148
11297.85993,0.09291
11294.00269,0.09338
11290.14545,0.09355
11286.28821,0.09490
11282.43097,0.09620
11278.57373,0.09550
11274.71648,0.09407
11270.85924,0.09364
11267.00200,0.09406
11263.14476,0.09528
11259.28752,0.09592
11255.43028,0.09443
11251.57304,0.09269
11247.71579,0.09193
11243.85855,0.09102
11240.00131,0.09042
11236.14407,0.09099
11232.28683,0.09158
11228.42959,0.09161
11224.57235,0.09202
11220.71511,0.09262
11216.85786,0.09282
11213.00062,0.09281
11209.14338,0.09285
11205.28614,0.09300
11201.42890,0.09310
11197.57166,0.09270
11193.71442,0.09192
11189.85717,0.09169
11185.99993,0.09188
11182.14269,0.09194
11178.28545,0.09249
11174.42821,0.09316
11170.57097,0.09333
11166.71373,0.09362
11162.85648,0.09418
11158.99924,0.09420
11155.14200,0.09347
11151.28476,0.09292
11147.42752,0.09322
11143.57028,0.09389
11139.71304,0.09369
11135.85580,0.09238
11131.99855,0.09160
11128.14131,0.09208
11124.28407,0.09286
11120.42683,0.09333
11116.56959,0.09350
11112.71235,0.09368
11108.85511,0.09380
11104.99786,0.09332
11101.14062,0.09230
11097.28338,0.09135
11093.42614,0.09114
11089.56890,0.09189
11085.71166,0.09325
11081.85442,0.09446
11077.99718,0.09429
11074.13993,0.09313
11070.28269,0.09303
11066.42545,0.09432
11062.56821,0.09542
11058.71097,0.09513
11054.85373,0.09411
11050.99649,0.09414
11047.13924,0.09491
11043.28200,0.09476
11039.42476,0.09411
11035.56752,0.09379
11031.71028,0.09330
11027.85304,0.09308
11023.99580,0.09350
11020.13855,0.09383
11016.28131,0.09407
11012.42407,0.09469
11008.56683,0.09526
11004.70959,0.09490
11000.85235,0.09406
10996.99511,0.09398
10993.13787,0.09457
10989.28062,0.09502
10985.42338,0.09517
10981.56614,0.09462
10977.70890,0.09350
10973.85166,0.09307
10969.99442,0.09339
10966.13718,0.09346
10962.27993,0.09325
10958.42269,0.09282
10954.56545,0.09252
10950.70821,0.09292
10946.85097,0.09331
10942.99373,0.09289
10939.13649,0.09226
10935.27924,0.09219
10931.42200,0.09246
10927.56476,0.09279
10923.70752,0.09277
10919.85028,0.09211
10915.99304,0.09156
10912.13580,0.09174
10908.27856,0.09245
10904.42131,0.09306
10900.56407,0.09239
10896.70683,0.09104
10892.84959,0.09103
10888.99235,0.09214
10885.13511,0.09303
10881.27787,0.09312
10877.42062,0.09285
10873.56338,0.09311
10869.70614,0.09324
10865.84890,0.09257
10861.99166,0.09206
10858.13442,0.09166
10854.27718,0.09059
10850.41993,0.08966
10846.56269,0.08990
10842.70545,0.09023
10838.84821,0.08957
10834.99097,0.08905
10831.13373,0.08971
10827.27649,0.09066
10823.41925,0.09094
10819.56200,0.09076
10815.70476,0.09057
10811.84752,0.09024
10807.99028,0.08971
10804.13304,0.08937
10800.27580,0.08935
10796.41856,0.08949
10792.56131,0.08970
10788.70407,0.09018
10784.84683,0.09108
10780.98959,0.09158
10777.13235,0.09130
10773.27511,0.09110
10769.41787,0.09106
10765.56063,0.09081
10761.70338,0.09030
10757.84614,0.08960
10753.98890,0.08946
10750.13166,0.08988
10746.27442,0.08988
10742.41718,0.08971
10738.55994,0.09013
10734.70269,0.09082
10730.84545,0.09092
10726.98821,0.09042
10723.13097,0.08989
10719.27373,0.08929
10715.41649,0.08878
10711.55925,0.08923
10707.70200,0.09065
10703.84476,0.09205
10699.98752,0.09237
10696.13028,0.09154
10692.27304,0.09044
10688.41580,0.08995
10684.55856,0.09061
10680.70132,0.09169
10676.84407,0.09170
10672.98683,0.09060
10669.12959,0.08981
10665.27235,0.09012
10661.41511,0.09091
10657.55787,0.09114
10653.70063,0.09010
10649.84338,0.08861
10645.98614,0.08838
10642.12890,0.08933
10638.27166,0.08994
10634.41442,0.08973
10630.55718,0.08921
10626.69994,0.08886
10622.84269,0.08913
10618.98545,0.08977
10615.12821,0.09004
10611.27097,0.08978
10607.41373,0.08937
10603.55649,0.08947
10599.69925,0.09017
10595.84201,0.09055
10591.98476,0.09020
10588.12752,0.08972
10584.27028,0.08948
10580.41304,0.08908
10576.55580,0.08847
10572.69856,0.08797
10568.84132,0.08761
10564.98407,0.08773
10561.12683,0.08828
10557.26959,0.08838
10553.41235,0.08790
10549.55511,0.08755
10545.69787,0.08737
10541.84063,0.08691
10537.98339,0.08644
10534.12614,0.08648
10530.26890,0.08666
10526.41166,0.08666
10522.55442,0.08654
10518.69718,0.08637
10514.83994,0.08659
10510.98270,0.08720
10507.12545,0.08755
10503.26821,0.08759
10499.41097,0.08759
10495.55373,0.08770
10491.69649,0.08813
10487.83925,0.08853
10483.98201,0.08833
10480.12476,0.08739
10476.26752,0.08641
10472.41028,0.08652
10468.55304,0.08729
10464.69580,0.08733
10460.83856,0.08683
10456.98132,0.08683
10453.12408,0.08727
10449.26683,0.08719
10445.40959,0.08655
10441.55235,0.08617
10437.69511,0.08635
10433.83787,0.08672
10429.98063,0.08691
10426.12339,0.08696
10422.26614,0.08707
10418.40890,0.08689
10414.55166,0.08651
10410.69442,0.08665
10406.83718,0.08696
10402.97994,0.08667
10399.12270,0.08640
10395.26545,0.08667
10391.40821,0.08683
10387.55097,0.08657
10383.69373,0.08623
10379.83649,0.08608
10375.97925,0.08621
10372.12201,0.08676
10368.26477,0.08760
10364.40752,0.08808
10360.55028,0.08804
10356.69304,0.08770
10352.83580,0.08740
10348.97856,0.08760
10345.12132,0.08814
10341.26408,0.08822
10337.40683,0.08778
10333.54959,0.08764
10329.69235,0.08792
10325.83511,0.08802
10321.97787,0.08767
10318.12063,0.08709
10314.26339,0.08684
10310.40615,0.08750
10306.54890,0.08862
10302.69166,0.08908
10298.83442,0.08883
10294.97718,0.08863
10291.11994,0.08840
10287.26270,0.08803
10283.40546,0.08772
10279.54821,0.08762
10275.69097,0.08786
10271.83373,0.08818
10267.97649,0.08829
10264.11925,0.08841
10260.26201,0.08876
10256.40477,0.08916
10252.54752,0.08926
10248.69028,0.08910
10244.83304,0.08919
10240.97580,0.08947
10237.11856,0.08946
10233.26132,0.08915
10229.40408,0.08873
10225.54684,0.08838
10221.68959,0.08823
10217.83235,0.08816
10213.97511,0.08818
10210.11787,0.08845
10206.26063,0.08899
10202.40339,0.08928
10198.54615,0.08910
10194.68890,0.08894
10190.83166,0.08910
10186.97442,0.08955
10183.11718,0.09004
10179.25994,0.09003
10175.40270,0.08967
10171.54546,0.08972
10167.68821,0.09030
10163.83097,0.09060
10159.97373,0.09028
10156.11649,0.08997
10152.25925,0.09006
10148.40201,0.09001
10144.54477,0.08985
10140.68753,0.09017
10136.83028,0.09069
10132.97304,0.09076
10129.11580,0.09051
10125.25856,0.09048
10121.40132,0.09062
10117.54408,0.09032
10113.68684,0.09006
10109.82959,0.09066
10105.97235,0.09157
10102.11511,0.09186
10098.25787,0.09154
10094.40063,0.09111
10090.54339,0.09088
10086.68615,0.09084
10082.82891,0.09061
10078.97166,0.09031
10075.11442,0.09047
10071.25718,0.09067
10067.39994,0.09039
10063.54270,0.09015
10059.68546,0.09044
10055.82822,0.09095
10051.97097,0.09129
10048.11373,0.09154
10044.25649,0.09183
10040.39925,0.09191
10036.54201,0.09151
10032.68477,0.09108
10028.82753,0.09112
10024.97028,0.09139
10021.11304,0.09138
10017.25580,0.09110
10013.39856,0.09094
10009.54132,0.09102
10005.68408,0.09085
10001.82684,0.09036
9997.96960,0.09021
9994.11235,0.09059
9990.25511,0.09106
9986.39787,0.09151
9982.54063,0.09202
9978.68339,0.09247
9974.82615,0.09245
9970.96891,0.09196
9967.11166,0.09174
9963.25442,0.09200
9959.39718,0.09226
9955.53994,0.09221
9951.68270,0.09197
9947.82546,0.09225
9943.96822,0.09301
9940.11097,0.09336
9936.25373,0.09315
9932.39649,0.09269
9928.53925,0.09235
9924.68201,0.09224
9920.82477,0.09189
9916.96753,0.09127
9913.11029,0.09094
9909.25304,0.09090
9905.39580,0.09086
9901.53856,0.09093
9897.68132,0.09105
9893.82408,0.09108
9889.96684,0.09115
9886.10960,0.09138
9882.25235,0.09167
9878.39511,0.09195
9874.53787,0.09201
9870.68063,0.09167
9866.82339,0.09123
9862.96615,0.09109
9859.10891,0.09123
9855.25167,0.09144
9851.39442,0.09169
9847.53718,0.09219
9843.67994,0.09290
9839.82270,0.09340
9835.96546,0.09337
9832.10822,0.09292
9828.25098,0.09246
9824.39373,0.09223
9820.53649,0.09209
9816.67925,0.09196
9812.82201,0.09183
9808.96477,0.09171
9805.10753,0.09171
9801.25029,0.09184
9797.39304,0.09190
9793.53580,0.09181
9789.67856,0.09172
9785.82132,0.09176
9781.96408,0.09174
9778.10684,0.09153
9774.24960,0.09143
9770.39236,0.09140
9766.53511,0.09130
9762.67787,0.09143
9758.82063,0.09176
9754.96339,0.09198
9751.10615,0.09212
9747.24891,0.09209
9743.39167,0.09164
9739.53442,0.09095
9735.67718,0.09046
9731.81994,0.09046
9727.96270,0.09095
9724.10546,0.09141
9720.24822,0.09136
9716.39098,0.09099
9712.53373,0.09075
9708.67649,0.09075
9704.81925,0.09083
9700.96201,0.09090
9697.10477,0.09091
9693.24753,0.09099
9689.39029,0.09135
9685.53305,0.09182
9681.67580,0.09176
9677.81856,0.09106
9673.96132,0.09026
9670.10408,0.08987
9666.24684,0.08993
9662.38960,0.09010
9658.53236,0.09016
9654.67511,0.09003
9650.81787,0.08961
9646.96063,0.08928
9643.10339,0.08940
9639.24615,0.08956
9635.38891,0.08942
9631.53167,0.08915
9627.67443,0.08911
9623.81718,0.08931
9619.95994,0.08951
9616.10270,0.08958
9612.24546,0.08942
9608.38822,0.08911
9604.53098,0.08905
9600.67374,0.08928
9596.81649,0.08942
9592.95925,0.08941
9589.10201,0.08935
9585.24477,0.08911
9581.38753,0.08885
9577.53029,0.08871
9573.67305,0.08869
9569.81580,0.08885
9565.95856,0.08903
9562.10132,0.08905
9558.24408,0.08906
9554.38684,0.08906
9550.52960,0.08890
9546.67236,0.08875
9542.81512,0.08881
9538.95787,0.08898
9535.10063,0.08910
9531.24339,0.08902
9527.38615,0.08880
9523.52891,0.08867
9519.67167,0.08871
9515.81443,0.08876
9511.95718,0.08876
9508.09994,0.08883
9504.24270,0.08894
9500.38546,0.08892
9496.52822,0.08873
9492.67098,0.08845
9488.81374,0.08815
9484.95649,0.08799
9481.09925,0.08807
9477.24201,0.08819
9473.38477,0.08824
9469.52753,0.08834
9465.67029,0.08851
9461.81305,0.08849
9457.95581,0.08831
9454.09856,0.08841
9450.24132,0.08883
9446.38408,0.08905
9442.52684,0.08886
9438.66960,0.08864
9434.81236,0.08877
9430.95512,0.08890
9427.09787,0.08865
9423.24063,0.08833
9419.38339,0.08814
9415.52615,0.08779
9411.66891,0.08742
9407.81167,0.08738
9403.95443,0.08750
9400.09719,0.08737
9396.23994,0.08714
9392.38270,0.08721
9388.52546,0.08750
9384.66822,0.08768
9380.81098,0.08753
9376.95374,0.08720
9373.09650,0.08699
9369.23925,0.08692
9365.38201,0.08700
9361.52477,0.08721
9357.66753,0.08734
9353.81029,0.08739
9349.95305,0.08744
9346.09581,0.08733
9342.23856,0.08700
9338.38132,0.08675
9334.52408,0.08682
9330.66684,0.08691
9326.80960,0.08673
9322.95236,0.08655
9319.09512,0.08668
9315.23788,0.08692
9311.38063,0.08688
9307.52339,0.08691
9303.66615,0.08752
9299.80891,0.08813
9295.95167,0.08783
9292.09443,0.08705
9288.23719,0.08683
9284.37994,0.08709
9280.52270,0.08703
9276.66546,0.08663
9272.80822,0.08641
9268.95098,0.08650
9265.09374,0.08678
9261.23650,0.08715
9257.37925,0.08747
9253.52201,0.08752
9249.66477,0.08717
9245.80753,0.08671
9241.95029,0.08661
9238.09305,0.08694
9234.23581,0.08727
9230.37857,0.08727
9226.52132,0.08701
9222.66408,0.08677
9218.80684,0.08686
9214.94960,0.08712
9211.09236,0.08731
9207.23512,0.08737
9203.37788,0.08708
9199.52063,0.08663
9195.66339,0.08654
9191.80615,0.08679
9187.94891,0.08702
9184.09167,0.08715
9180.23443,0.08724
9176.37719,0.08728
9172.51995,0.08725
9168.66270,0.08699
9164.80546,0.08657
9160.94822,0.08633
9157.09098,0.08650
9153.23374,0.08695
9149.37650,0.08730
9145.51926,0.08731
9141.66201,0.08719
9137.80477,0.08726
9133.94753,0.08747
9130.09029,0.08752
9126.23305,0.08739
9122.37581,0.08743
9118.51857,0.08757
9114.66132,0.08740
9110.80408,0.08704
9106.94684,0.08698
9103.08960,0.08724
9099.23236,0.08746
9095.37512,0.08756
9091.51788,0.08769
9087.66064,0.08781
9083.80339,0.08796
9079.94615,0.08833
9076.08891,0.08851
9072.23167,0.08818
9068.37443,0.08788
9064.51719,0.08797
9060.65995,0.08818
9056.80270,0.08838
9052.94546,0.08863
9049.08822,0.08885
9045.23098,0.08888
9041.37374,0.08892
9037.51650,0.08917
9033.65926,0.08938
9029.80201,0.08943
9025.94477,0.08957
9022.08753,0.08992
9018.23029,0.09044
9014.37305,0.09090
9010.51581,0.09127
9006.65857,0.09181
9002.80133,0.09241
8998.94408,0.09280
8995.08684,0.09314
8991.22960,0.09357
8987.37236,0.09402
8983.51512,0.09444
8979.65788,0.09487
8975.80064,0.09526
8971.94339,0.09571
8968.08615,0.09642
8964.22891,0.09715
8960.37167,0.09773
8956.51443,0.09846
8952.65719,0.09960
8948.79995,0.10078
8944.94271,0.10165
8941.08546,0.10239
8937.22822,0.10319
8933.37098,0.10404
8929.51374,0.10498
8925.65650,0.10601
8921.79926,0.10708
8917.94202,0.10831
8914.08477,0.10973
8910.22753,0.11107
8906.37029,0.11218
8902.51305,0.11338
8898.65581,0.11487
8894.79857,0.11637
8890.94133,0.11770
8887.08408,0.11898
8883.22684,0.12035
8879.36960,0.12169
8875.51236,0.12282
8871.65512,0.12380
8867.79788,0.12461
8863.94064,0.12512
8860.08340,0.12542
8856.22615,0.12562
8852.36891,0.12567
8848.51167,0.12546
8844.65443,0.12489
8840.79719,0.12411
8836.93995,0.12339
8833.08271,0.12270
8829.22546,0.12178
8825.36822,0.12083
8821.51098,0.12006
8817.65374,0.11917
8813.79650,0.11795
8809.93926,0.11670
8806.08202,0.11562
8802.22477,0.11446
8798.36753,0.11313
8794.51029,0.11171
8790.65305,0.11033
8786.79581,0.10905
8782.93857,0.10778
8779.08133,0.10657
8775.22409,0.10560
8771.36684,0.10491
8767.50960,0.10447
8763.65236,0.10411
8759.79512,0.10359
8755.93788,0.10300
8752.08064,0.10257
8748.22340,0.10230
8744.36615,0.10224
8740.50891,0.10243
8736.65167,0.10252
8732.79443,0.10228
8728.93719,0.10191
8725.07995,0.10189
8721.22271,0.10232
8717.36547,0.10262
8713.50822,0.10251
8709.65098,0.10243
8705.79374,0.10273
8701.93650,0.10320
8698.07926,0.10353
8694.22202,0.10375
8690.36478,0.10403
8686.50753,0.10445
8682.65029,0.10486
8678.79305,0.10505
8674.93581,0.10509
8671.07857,0.10529
8667.22133,0.10575
8663.36409,0.10630
8659.50684,0.10670
8655.64960,0.10702
8651.79236,0.10738
8647.93512,0.10769
8644.07788,0.10787
8640.22064,0.10798
8636.36340,0.10827
8632.50616,0.10876
8628.64891,0.10922
8624.79167,0.10960
8620.93443,0.10999
8617.07719,0.11035
8613.21995,0.11062
8609.36271,0.11094
8605.50547,0.11148
8601.64822,0.11211
8597.79098,0.11258
8593.93374,0.11291
8590.07650,0.11319
8586.21926,0.11354
8582.36202,0.11396
8578.50478,0.11435
8574.64753,0.11458
8570.79029,0.11475
8566.93305,0.11505
8563.07581,0.11543
8559.21857,0.11567
8555.36133,0.11585
8551.50409,0.11616
8547.64685,0.11650
8543.78960,0.11683
8539.93236,0.11715
8536.07512,0.11739
8532.21788,0.11759
8528.36064,0.11794
8524.50340,0.11843
8520.64616,0.11889
8516.78891,0.11912
8512.93167,0.11920
8509.07443,0.11930
8505.21719,0.11951
8501.35995,0.11967
8497.50271,0.11966
8493.64547,0.11951
8489.78822,0.11941
8485.93098,0.11950
8482.07374,0.11974
8478.21650,0.11994
8474.35926,0.12006
8470.50202,0.12018
8466.64478,0.12010
8462.78754,0.11976
8458.93029,0.11940
8455.07305,0.11918
8451.21581,0.11902
8447.35857,0.11885
8443.50133,0.11869
8439.64409,0.11849
8435.78685,0.11832
8431.92960,0.11824
8428.07236,0.11821
8424.21512,0.11812
8420.35788,0.11800
8416.50064,0.11785
8412.64340,0.11763
8408.78616,0.11747
8404.92892,0.11740
8401.07167,0.11729
8397.21443,0.11713
8393.35719,0.11696
8389.49995,0.11670
8385.64271,0.11633
8381.78547,0.11593
8377.92823,0.11575
8374.07098,0.11584
8370.21374,0.11591
8366.35650,0.11585
8362.49926,0.11579
8358.64202,0.11574
8354.78478,0.11562
8350.92754,0.11545
8347.07029,0.11539
8343.21305,0.11543
8339.35581,0.11535
8335.49857,0.11502
8331.64133,0.11464
8327.78409,0.11439
8323.92685,0.11424
8320.06961,0.11414
8316.21236,0.11423
8312.35512,0.11444
8308.49788,0.11452
8304.64064,0.11450
8300.78340,0.11457
8296.92616,0.11470
8293.06892,0.11465
8289.21167,0.11452
8285.35443,0.11446
8281.49719,0.11442
8277.63995,0.11436
8273.78271,0.11433
8269.92547,0.11432
8266.06823,0.11435
8262.21098,0.11448
8258.35374,0.11468
8254.49650,0.11485
8250.63926,0.11489
8246.78202,0.11486
8242.92478,0.11484
8239.06754,0.11487
8235.21030,0.11497
8231.35305,0.11500
8227.49581,0.11480
8223.63857,0.11454
8219.78133,0.11442
8215.92409,0.11449
8212.06685,0.11459
8208.20961,0.11456
8204.35236,0.11440
8200.49512,0.11425
8196.63788,0.11412
8192.78064,0.11397
8188.92340,0.11388
8185.06616,0.11381
8181.20892,0.11359
8177.35168,0.11332
8173.49443,0.11324
8169.63719,0.11325
8165.77995,0.11318
8161.92271,0.11307
8158.06547,0.11288
8154.20823,0.11256
8150.35099,0.11231
8146.49374,0.11225
8142.63650,0.11218
8138.77926,0.11193
8134.92202,0.11160
8131.06478,0.11139
8127.20754,0.11136
8123.35030,0.11134
8119.49305,0.11121
8115.63581,0.11093
8111.77857,0.11056
8107.92133,0.11027
8104.06409,0.11009
8100.20685,0.10991
8096.34961,0.10962
8092.49237,0.10936
8088.63512,0.10924
8084.77788,0.10912
8080.92064,0.10892
8077.06340,0.10871
8073.20616,0.10852
8069.34892,0.10827
8065.49168,0.10803
8061.63443,0.10787
8057.77719,0.10776
8053.91995,0.10762
8050.06271,0.10746
8046.20547,0.10737
8042.34823,0.10735
8038.49099,0.10729
8034.63374,0.10713
8030.77650,0.10686
8026.91926,0.10648
8023.06202,0.10625
8019.20478,0.10633
8015.34754,0.10644
8011.49030,0.10641
8007.63306,0.10636
8003.77581,0.10628
7999.91857,0.10609
7996.06133,0.10587
7992.20409,0.10567
7988.34685,0.10558
7984.48961,0.10555
7980.63237,0.10546
7976.77512,0.10534
7972.91788,0.10526
7969.06064,0.10520
7965.20340,0.10518
7961.34616,0.10528
7957.48892,0.10530
7953.63168,0.10516
7949.77444,0.10501
7945.91719,0.10495
7942.05995,0.10491
7938.20271,0.10487
7934.34547,0.10486
7930.48823,0.10485
7926.63099,0.10484
7922.77375,0.10490
7918.91650,0.10492
7915.05926,0.10486
7911.20202,0.10479
7907.34478,0.10472
7903.48754,0.10474
7899.63030,0.10487
7895.77306,0.10493
7891.91581,0.10483
7888.05857,0.10478
7884.20133,0.10486
7880.34409,0.10497
7876.48685,0.10500
7872.62961,0.10496
7868.77237,0.10495
7864.91513,0.10498
7861.05788,0.10497
7857.20064,0.10496
7853.34340,0.10490
7849.48616,0.10475
7845.62892,0.10458
7841.77168,0.10449
7837.91444,0.10444
7834.05719,0.10433
7830.19995,0.10425
7826.34271,0.10425
7822.48547,0.10412
7818.62823,0.10387
7814.77099,0.10375
7810.91375,0.10371
7807.05650,0.10359
7803.19926,0.10353
7799.34202,0.10351
7795.48478,0.10328
7791.62754,0.10292
7787.77030,0.10282
7783.91306,0.10281
7780.05582,0.10259
7776.19857,0.10245
7772.34133,0.10251
7768.48409,0.10242
7764.62685,0.10221
7760.76961,0.10211
7756.91237,0.10199
7753.05513,0.10177
7749.19788,0.10163
7745.34064,0.10151
7741.48340,0.10125
7737.62616,0.10095
7733.76892,0.10084
7729.91168,0.10088
7726.05444,0.10072
7722.19720,0.10035
7718.33995,0.10004
7714.48271,0.09998
7710.62547,0.10016
7706.76823,0.10033
7702.91099,0.10023
7699.05375,0.09996
7695.19651,0.09972
7691.33926,0.09962
7687.48202,0.09978
7683.62478,0.10002
7679.76754,0.10012
7675.91030,0.10005
7672.05306,0.09994
7668.19582,0.09987
7664.33857,0.09990
7660.48133,0.09995
7656.62409,0.10001
7652.76685,0.10013
7648.90961,0.10025
7645.05237,0.10038
7641.19513,0.10053
7637.33789,0.10059
7633.48064,0.10057
7629.62340,0.10047
7625.76616,0.10039
7621.90892,0.10052
7618.05168,0.10088
7614.19444,0.10125
7610.33720,0.10143
7606.47995,0.10153
7602.62271,0.10164
7598.76547,0.10168
7594.90823,0.10165
7591.05099,0.10167
7587.19375,0.10173
7583.33651,0.10181
7579.47926,0.10197
7575.62202,0.10221
7571.76478,0.10239
7567.90754,0.10258
7564.05030,0.10283
7560.19306,0.10314
7556.33582,0.10352
7552.47858,0.10392
7548.62133,0.10429
7544.76409,0.10470
7540.90685,0.10511
7537.04961,0.10547
7533.19237,0.10578
7529.33513,0.10600
7525.47789,0.10617
7521.62064,0.10630
7517.76340,0.10643
7513.90616,0.10659
7510.04892,0.10679
7506.19168,0.10704
7502.33444,0.10736
7498.47720,0.10774
7494.61996,0.10818
7490.76271,0.10861
7486.90547,0.10890
7483.04823,0.10917
7479.19099,0.10959
7475.33375,0.11023
7471.47651,0.11094
7467.61927,0.11160
7463.76202,0.11224
7459.90478,0.11287
7456.04754,0.11362
7452.19030,0.11455
7448.33306,0.11554
7444.47582,0.11636
7440.61858,0.11710
7436.76133,0.11799
7432.90409,0.11905
7429.04685,0.12017
7425.18961,0.12133
7421.33237,0.12255
7417.47513,0.12367
7413.61789,0.12457
7409.76065,0.12536
7405.90340,0.12626
7402.04616,0.12735
7398.18892,0.12848
7394.33168,0.12958
7390.47444,0.13077
7386.61720,0.13205
7382.75996,0.13329
7378.90271,0.13441
7375.04547,0.13548
7371.18823,0.13664
7367.33099,0.13781
7363.47375,0.13890
7359.61651,0.13992
7355.75927,0.14083
7351.90202,0.14177
7348.04478,0.14280
7344.18754,0.14374
7340.33030,0.14446
7336.47306,0.14509
7332.61582,0.14575
7328.75858,0.14644
7324.90134,0.14703
7321.04409,0.14739
7317.18685,0.14761
7313.32961,0.14791
7309.47237,0.14825
7305.61513,0.14851
7301.75789,0.14867
7297.90065,0.14882
7294.04340,0.14908
7290.18616,0.14945
7286.32892,0.14975
7282.47168,0.15000
7278.61444,0.15037
7274.75720,0.15087
7270.89996,0.15138
7267.04272,0.15183
7263.18547,0.15219
7259.32823,0.15253
7255.47099,0.15288
7251.61375,0.15328
7247.75651,0.15376
7243.89927,0.15414
7240.04203,0.15431
7236.18478,0.15445
7232.32754,0.15473
7228.47030,0.15504
7224.61306,0.15530
7220.75582,0.15563
7216.89858,0.15608
7213.04134,0.15650
7209.18409,0.15680
7205.32685,0.15696
7201.46961,0.15706
7197.61237,0.15725
7193.75513,0.15751
7189.89789,0.15781
7186.04065,0.15825
7182.18341,0.15882
7178.32616,0.15945
7174.46892,0.16016
7170.61168,0.16102
7166.75444,0.16196
7162.89720,0.16284
7159.03996,0.16377
7155.18272,0.16483
7151.32547,0.16603
7147.46823,0.16738
7143.61099,0.16880
7139.75375,0.17016
7135.89651,0.17152
7132.03927,0.17297
7128.18203,0.17443
7124.32478,0.17583
7120.46754,0.17719
7116.61030,0.17854
7112.75306,0.17989
7108.89582,0.18128
7105.03858,0.18271
7101.18134,0.18420
7097.32410,0.18573
7093.46685,0.18722
7089.60961,0.18863
7085.75237,0.19009
7081.89513,0.19170
7078.03789,0.19339
7074.18065,0.19508
7070.32341,0.19675
7066.46616,0.19845
7062.60892,0.20015
7058.75168,0.20178
7054.89444,0.20331
7051.03720,0.20485
7047.17996,0.20646
7043.32272,0.20806
7039.46548,0.20954
7035.60823,0.21090
7031.75099,0.21215
7027.89375,0.21333
7024.03651,0.21443
7020.17927,0.21545
7016.32203,0.21644
7012.46479,0.21740
7008.60754,0.21833
7004.75030,0.21924
7000.89306,0.22009
6997.03582,0.22087
6993.17858,0.22166
6989.32134,0.22246
6985.46410,0.22324
6981.60685,0.22396
6977.74961,0.22465
6973.89237,0.22537
6970.03513,0.22602
6966.17789,0.22660
6962.32065,0.22721
6958.46341,0.22776
6954.60617,0.22815
6950.74892,0.22844
6946.89168,0.22870
6943.03444,0.22900
6939.17720,0.22941
6935.31996,0.22991
6931.46272,0.23041
6927.60548,0.23088
6923.74823,0.23134
6919.89099,0.23173
6916.03375,0.23205
6912.17651,0.23239
6908.31927,0.23281
6904.46203,0.23326
6900.60479,0.23366
6896.74754,0.23403
6892.89030,0.23439
6889.03306,0.23482
6885.17582,0.23536
6881.31858,0.23600
6877.46134,0.23660
6873.60410,0.23715
6869.74686,0.23773
6865.88961,0.23834
6862.03237,0.23894
6858.17513,0.23956
6854.31789,0.24023
6850.46065,0.24093
6846.60341,0.24165
6842.74617,0.24236
6838.88892,0.24308
6835.03168,0.24376
6831.17444,0.24448
6827.31720,0.24533
6823.45996,0.24616
6819.60272,0.24682
6815.74548,0.24744
6811.88824,0.24817
6808.03099,0.24903
6804.17375,0.24987
6800.31651,0.25058
6796.45927,0.25129
6792.60203,0.25212
6788.74479,0.25298
6784.88755,0.25379
6781.03030,0.25460
6777.17306,0.25539
6773.31582,0.25613
6769.45858,0.25677
6765.60134,0.25733
6761.74410,0.25784
6757.88686,0.25838
6754.02961,0.25882
6750.17237,0.25908
6746.31513,0.25924
6742.45789,0.25946
6738.60065,0.25972
6734.74341,0.25991
6730.88617,0.26004
6727.02893,0.26018
6723.17168,0.26026
6719.31444,0.26022
6715.45720,0.26015
6711.59996,0.26016
6707.74272,0.26023
6703.88548,0.26029
6700.02824,0.26033
6696.17099,0.26030
6692.31375,0.26021
6688.45651,0.26015
6684.59927,0.26007
6680.74203,0.25987
6676.88479,0.25954
6673.02755,0.25922
6669.17030,0.25891
6665.31306,0.25850
6661.45582,0.25800
6657.59858,0.25755
6653.74134,0.25720
6649.88410,0.25688
6646.02686,0.25661
6642.16962,0.25632
6638.31237,0.25589
6634.45513,0.25537
6630.59789,0.25488
6626.74065,0.25434
6622.88341,0.25370
6619.02617,0.25306
6615.16893,0.25245
6611.31168,0.25189
6607.45444,0.25140
6603.59720,0.25094
6599.73996,0.25045
6595.88272,0.25001
6592.02548,0.24968
6588.16824,0.24943
6584.31100,0.24918
6580.45375,0.24892
6576.59651,0.24869
6572.73927,0.24855
6568.88203,0.24852
6565.02479,0.24852
6561.16755,0.24851
6557.31031,0.24852
6553.45306,0.24860
6549.59582,0.24872
6545.73858,0.24881
6541.88134,0.24884
6538.02410,0.24887
6534.16686,0.24899
6530.30962,0.24920
6526.45237,0.24943
6522.59513,0.24963
6518.73789,0.24980
6514.88065,0.24992
6511.02341,0.24997
6507.16617,0.25004
6503.30893,0.25013
6499.45169,0.25016
6495.59444,0.25008
6491.73720,0.24999
6487.87996,0.24996
6484.02272,0.24996
6480.16548,0.24990
6476.30824,0.24983
6472.45100,0.24975
6468.59375,0.24956
6464.73651,0.24930
6460.87927,0.24902
6457.02203,0.24876
6453.16479,0.24849
6449.30755,0.24819
6445.45031,0.24781
6441.59306,0.24742
6437.73582,0.24705
6433.87858,0.24672
6430.02134,0.24638
6426.16410,0.24601
6422.30686,0.24560
6418.44962,0.24517
6414.59238,0.24478
6410.73513,0.24445
6406.87789,0.24420
6403.02065,0.24400
6399.16341,0.24375
6395.30617,0.24347
6391.44893,0.24327
6387.59169,0.24318
6383.73444,0.24312
6379.87720,0.24303
6376.01996,0.24286
6372.16272,0.24258
6368.30548,0.24225
6364.44824,0.24193
6360.59100,0.24161
6356.73376,0.24135
6352.87651,0.24125
6349.01927,0.24126
6345.16203,0.24125
6341.30479,0.24117
6337.44755,0.24110
6333.59031,0.24108
6329.73307,0.24109
6325.87582,0.24106
6322.01858,0.24101
6318.16134,0.24094
6314.30410,0.24083
6310.44686,0.24066
6306.58962,0.24046
6302.73238,0.24029
6298.87513,0.24012
6295.01789,0.23982
6291.16065,0.23938
6287.30341,0.23887
6283.44617,0.23826
6279.58893,0.23760
6275.73169,0.23697
6271.87445,0.23629
6268.01720,0.23553
6264.15996,0.23477
6260.30272,0.23399
6256.44548,0.23314
6252.58824,0.23228
6248.73100,0.23143
6244.87376,0.23054
6241.01651,0.22955
6237.15927,0.22848
6233.30203,0.22739
6229.44479,0.22637
6225.58755,0.22554
6221.73031,0.22489
6217.87307,0.22441
6214.01582,0.22415
6210.15858,0.22413
6206.30134,0.22436
6202.44410,0.22479
6198.58686,0.22511
6194.72962,0.22492
6190.87238,0.22416
6187.01514,0.22294
6183.15789,0.22145
6179.30065,0.22001
6175.44341,0.21889
6171.58617,0.21808
6167.72893,0.21750
6163.87169,0.21720
6160.01445,0.21729
6156.15720,0.21775
6152.29996,0.21836
6148.44272,0.21884
6144.58548,0.21911
6140.72824,0.21912
6136.87100,0.21888
6133.01376,0.21857
6129.15652,0.21846
6125.29927,0.21879
6121.44203,0.21979
6117.58479,0.22157
6113.72755,0.22415
6109.87031,0.22747
6106.01307,0.23146
6102.15583,0.23597
6098.29858,0.24085
6094.44134,0.24597
6090.58410,0.25108
6086.72686,0.25592
6082.86962,0.26039
6079.01238,0.26463
6075.15514,0.26916
6071.29789,0.27451
6067.44065,0.28079
6063.58341,0.28764
6059.72617,0.29450
6055.86893,0.30078
6052.01169,0.30626
6048.15445,0.31106
6044.29721,0.31560
6040.43996,0.32047
6036.58272,0.32598
6032.72548,0.33183
6028.86824,0.33734
6025.01100,0.34170
6021.15376,0.34412
6017.29652,0.34399
6013.43927,0.34111
6009.58203,0.33571
6005.72479,0.32843
6001.86755,0.32024
5998.01031,0.31213
5994.15307,0.30492
5990.29583,0.29919
5986.43858,0.29511
5982.58134,0.29227
5978.72410,0.28993
5974.86686,0.28727
5971.00962,0.28381
5967.15238,0.27977
5963.29514,0.27589
5959.43790,0.27291
5955.58065,0.27109
5951.72341,0.27022
5947.86617,0.26984
5944.00893,0.26930
5940.15169,0.26791
5936.29445,0.26526
5932.43721,0.26146
5928.57996,0.25701
5924.72272,0.25246
5920.86548,0.24818
5917.00824,0.24441
5913.15100,0.24131
5909.29376,0.23904
5905.43652,0.23778
5901.57927,0.23763
5897.72203,0.23859
5893.86479,0.24048
5890.00755,0.24294
5886.15031,0.24565
5882.29307,0.24841
5878.43583,0.25099
5874.57859,0.25327
5870.72134,0.25520
5866.86410,0.25666
5863.00686,0.25743
5859.14962,0.25748
5855.29238,0.25698
5851.43514,0.25614
5847.57790,0.25525
5843.72065,0.25456
5839.86341,0.25410
5836.00617,0.25387
5832.14893,0.25385
5828.29169,0.25399
5824.43445,0.25420
5820.57721,0.25448
5816.71997,0.25478
5812.86272,0.25501
5809.00548,0.25508
5805.14824,0.25499
5801.29100,0.25476
5797.43376,0.25444
5793.57652,0.25409
5789.71928,0.25377
5785.86203,0.25347
5782.00479,0.25309
5778.14755,0.25264
5774.29031,0.25212
5770.43307,0.25142
5766.57583,0.25045
5762.71859,0.24924
5758.86134,0.24781
5755.00410,0.24621
5751.14686,0.24445
5747.28962,0.24257
5743.43238,0.24060
5739.57514,0.23864
5735.71790,0.23688
5731.86066,0.23545
5728.00341,0.23435
5724.14617,0.23363
5720.28893,0.23342
5716.43169,0.23362
5712.57445,0.23395
5708.71721,0.23415
5704.85997,0.23413
5701.00272,0.23391
5697.14548,0.23360
5693.28824,0.23330
5689.43100,0.23298
5685.57376,0.23258
5681.71652,0.23222
5677.85928,0.23203
5674.00203,0.23209
5670.14479,0.23240
5666.28755,0.23291
5662.43031,0.23349
5658.57307,0.23397
5654.71583,0.23422
5650.85859,0.23412
5647.00135,0.23363
5643.14410,0.23284
5639.28686,0.23188
5635.42962,0.23086
5631.57238,0.22988
5627.71514,0.22904
5623.85790,0.22840
5620.00066,0.22790
5616.14341,0.22755
5612.28617,0.22739
5608.42893,0.22740
5604.57169,0.22758
5600.71445,0.22789
5596.85721,0.22828
5592.99997,0.22873
5589.14273,0.22925
5585.28548,0.22981
5581.42824,0.23049
5577.57100,0.23125
5573.71376,0.23195
5569.85652,0.23245
5565.99928,0.23275
5562.14204,0.23292
5558.28479,0.23296
5554.42755,0.23286
5550.57031,0.23273
5546.71307,0.23267
5542.85583,0.23264
5538.99859,0.23261
5535.14135,0.23261
5531.28410,0.23259
5527.42686,0.23245
5523.56962,0.23220
5519.71238,0.23184
5515.85514,0.23140
5511.99790,0.23102
5508.14066,0.23080
5504.28342,0.23077
5500.42617,0.23093
5496.56893,0.23135
5492.71169,0.23205
5488.85445,0.23283
5484.99721,0.23340
5481.13997,0.23360
5477.28273,0.23345
5473.42548,0.23307
5469.56824,0.23259
5465.71100,0.23194
5461.85376,0.23101
5457.99652,0.22994
5454.13928,0.22877
5450.28204,0.22738
5446.42479,0.22576
5442.56755,0.22417
5438.71031,0.22274
5434.85307,0.22137
5430.99583,0.21998
5427.13859,0.21867
5423.28135,0.21760
5419.42411,0.21686
5415.56686,0.21635
5411.70962,0.21599
5407.85238,0.21583
5403.99514,0.21572
5400.13790,0.21556
5396.28066,0.21539
5392.42342,0.21531
5388.56617,0.21535
5384.70893,0.21554
5380.85169,0.21577
5376.99445,0.21605
5373.13721,0.21646
5369.27997,0.21701
5365.42273,0.21765
5361.56549,0.21832
5357.70824,0.21903
5353.85100,0.21979
5349.99376,0.22051
5346.13652,0.22110
5342.27928,0.22164
5338.42204,0.22223
5334.56480,0.22288
5330.70755,0.22362
5326.85031,0.22466
5322.99307,0.22610
5319.13583,0.22786
5315.27859,0.22997
5311.42135,0.23242
5307.56411,0.23528
5303.70686,0.23861
5299.84962,0.24230
5295.99238,0.24629
5292.13514,0.25081
5288.27790,0.25610
5284.42066,0.26205
5280.56342,0.26862
5276.70618,0.27564
5272.84893,0.28273
5268.99169,0.28978
5265.13445,0.29689
5261.27721,0.30366
5257.41997,0.30957
5253.56273,0.31468
5249.70549,0.31916
5245.84824,0.32312
5241.99100,0.32647
5238.13376,0.32909
5234.27652,0.33121
5230.41928,0.33305
5226.56204,0.33463
5222.70480,0.33589
5218.84755,0.33683
5214.99031,0.33751
5211.13307,0.33800
5207.27583,0.33839
5203.41859,0.33872
5199.56135,0.33895
5195.70411,0.33911
5191.84687,0.33928
5187.98962,0.33941
5184.13238,0.33942
5180.27514,0.33933
5176.41790,0.33917
5172.56066,0.33888
5168.70342,0.33845
5164.84618,0.33796
5160.98893,0.33754
5157.13169,0.33724
5153.27445,0.33695
5149.41721,0.33658
5145.55997,0.33608
5141.70273,0.33548
5137.84549,0.33491
5133.98825,0.33450
5130.13100,0.33416
5126.27376,0.33366
5122.41652,0.33288
5118.55928,0.33158
5114.70204,0.32953
5110.84480,0.32681
5106.98756,0.32369
5103.13031,0.32052
5099.27307,0.31753
5095.41583,0.31474
5091.55859,0.31202
5087.70135,0.30939
5083.84411,0.30696
5079.98687,0.30478
5076.12962,0.30282
5072.27238,0.30102
5068.41514,0.29926
5064.55790,0.29746
5060.70066,0.29569
5056.84342,0.29407
5052.98618,0.29262
5049.12894,0.29134
5045.27169,0.29014
5041.41445,0.28897
5037.55721,0.28782
5033.69997,0.28672
5029.84273,0.28564
5025.98549,0.28460
5022.12825,0.28363
5018.27100,0.28280
5014.41376,0.28208
5010.55652,0.28140
5006.69928,0.28067
5002.84204,0.27982
4998.98480,0.27892
4995.12756,0.27808
4991.27031,0.27740
4987.41307,0.27691
4983.55583,0.27656
4979.69859,0.27635
4975.84135,0.27636
4971.98411,0.27661
4968.12687,0.27713
4964.26963,0.27785
4960.41238,0.27876
4956.55514,0.27989
4952.69790,0.28128
4948.84066,0.28289
4944.98342,0.28461
4941.12618,0.28638
4937.26894,0.28826
4933.41169,0.29030
4929.55445,0.29246
4925.69721,0.29467
4921.83997,0.29697
4917.98273,0.29947
4914.12549,0.30214
4910.26825,0.30493
4906.41101,0.30786
4902.55376,0.31098
4898.69652,0.31420
4894.83928,0.31751
4890.98204,0.32094
4887.12480,0.32445
4883.26756,0.32796
4879.41032,0.33150
4875.55307,0.33506
4871.69583,0.33856
4867.83859,0.34194
4863.98135,0.34518
4860.12411,0.34830
4856.26687,0.35136
4852.40963,0.35451
4848.55238,0.35789
4844.69514,0.36155
4840.83790,0.36550
4836.98066,0.36968
4833.12342,0.37406
4829.26618,0.37849
4825.40894,0.38279
4821.55170,0.38684
4817.69445,0.39060
4813.83721,0.39405
4809.97997,0.39723
4806.12273,0.40017
4802.26549,0.40282
4798.40825,0.40505
4794.55101,0.40681
4790.69376,0.40808
4786.83652,0.40888
4782.97928,0.40930
4779.12204,0.40953
4775.26480,0.40985
4771.40756,0.41043
4767.55032,0.41137
4763.69307,0.41269
4759.83583,0.41448
4755.97859,0.41674
4752.12135,0.41929
4748.26411,0.42185
4744.40687,0.42429
4740.54963,0.42667
4736.69239,0.42927
4732.83514,0.43252
4728.97790,0.43659
4725.12066,0.44093
4721.26342,0.44437
4717.40618,0.44610
4713.54894,0.44658
4709.69170,0.44732
4705.83445,0.44983
4701.97721,0.45453
4698.11997,0.46046
4694.26273,0.46552
4690.40549,0.46739
4686.54825,0.46473
4682.69101,0.45787
4678.83377,0.44844
4674.97652,0.43860
4671.11928,0.43021
4667.26204,0.42424
4663.40480,0.42052
4659.54756,0.41837
4655.69032,0.41757
4651.83308,0.41865
4647.97583,0.42211
4644.11859,0.42740
4640.26135,0.43272
4636.40411,0.43562
4632.54687,0.43400
4628.68963,0.42725
4624.83239,0.41689
4620.97514,0.40579
4617.11790,0.39640
4613.26066,0.38964
4609.40342,0.38544
4605.54618,0.38366
4601.68894,0.38428
4597.83170,0.38683
4593.97446,0.39003
4590.11721,0.39273
4586.25997,0.39489
4582.40273,0.39622
4578.54549,0.39495
4574.68825,0.38956
4570.83101,0.38102
4566.97377,0.37199
4563.11652,0.36472
4559.25928,0.36002
4555.40204,0.35746
4551.54480,0.35610
4547.68756,0.35521
4543.83032,0.35446
4539.97308,0.35382
4536.11583,0.35349
4532.25859,0.35362
4528.40135,0.35429
4524.54411,0.35555
4520.68687,0.35743
4516.82963,0.36002
4512.97239,0.36350
4509.11515,0.36820
4505.25790,0.37448
4501.40066,0.38255
4497.54342,0.39209
4493.68618,0.40202
4489.82894,0.41086
4485.97170,0.41782
4482.11446,0.42359
4478.25721,0.42986
4474.39997,0.43826
4470.54273,0.44977
4466.68549,0.46435
4462.82825,0.47993
4458.97101,0.49278
4455.11377,0.50075
4451.25653,0.50541
4447.39928,0.50979
4443.54204,0.51524
4439.68480,0.52107
4435.82756,0.52559
4431.97032,0.52722
4428.11308,0.52537
4424.25584,0.52095
4420.39859,0.51611
4416.54135,0.51312
4412.68411,0.51290
4408.82687,0.51454
4404.96963,0.51601
4401.11239,0.51547
4397.25515,0.51236
4393.39790,0.50749
4389.54066,0.50214
4385.68342,0.49730
4381.82618,0.49342
4377.96894,0.49065
4374.11170,0.48898
4370.25446,0.48849
4366.39722,0.48925
4362.53997,0.49087
4358.68273,0.49265
4354.82549,0.49429
4350.96825,0.49611
4347.11101,0.49850
4343.25377,0.50147
4339.39653,0.50457
4335.53928,0.50738
4331.68204,0.50979
4327.82480,0.51208
4323.96756,0.51458
4320.11032,0.51747
4316.25308,0.52101
4312.39584,0.52558
4308.53859,0.53115
4304.68135,0.53718
4300.82411,0.54300
4296.96687,0.54812
4293.10963,0.55195
4289.25239,0.55402
4285.39515,0.55451
4281.53791,0.55410
4277.68066,0.55324
4273.82342,0.55184
4269.96618,0.54972
4266.10894,0.54719
4262.25170,0.54488
4258.39446,0.54329
4254.53722,0.54269
4250.67997,0.54287
4246.82273,0.54308
4242.96549,0.54255
4239.10825,0.54119
4235.25101,0.53960
4231.39377,0.53836
4227.53653,0.53731
4223.67929,0.53576
4219.82204,0.53329
4215.96480,0.53016
4212.10756,0.52705
4208.25032,0.52441
4204.39308,0.52226
4200.53584,0.52058
4196.67860,0.51969
4192.82135,0.52029
4188.96411,0.52303
4185.10687,0.52769
4181.24963,0.53249
4177.39239,0.53467
4173.53515,0.53249
4169.67791,0.52671
4165.82066,0.51985
4161.96342,0.51415
4158.10618,0.51043
4154.24894,0.50861
4150.39170,0.50859
4146.53446,0.51037
4142.67722,0.51378
4138.81998,0.51830
4134.96273,0.52298
4131.10549,0.52688
4127.24825,0.52994
4123.39101,0.53301
4119.53377,0.53702
4115.67653,0.54259
4111.81929,0.55015
4107.96204,0.56008
4104.10480,0.57299
4100.24756,0.58966
4096.39032,0.60898
4092.53308,0.62531
4088.67584,0.63191
4084.81860,0.62742
4080.96135,0.61580
4077.10411,0.60220
4073.24687,0.59078
4069.38963,0.58345
4065.53239,0.57968
4061.67515,0.57826
4057.81791,0.57853
4053.96067,0.58011
4050.10342,0.58214
4046.24618,0.58379
4042.38894,0.58493
4038.53170,0.58577
4034.67446,0.58639
4030.81722,0.58689
4026.95998,0.58741
4023.10273,0.58772
4019.24549,0.58764
4015.38825,0.58709
4011.53101,0.58590
4007.67377,0.58421
4003.81653,0.58222
3999.95929,0.57978
3996.10205,0.57674
3992.24480,0.57355
3988.38756,0.57086
3984.53032,0.56888
3980.67308,0.56736
3976.81584,0.56594
3972.95860,0.56438
3969.10136,0.56242
3965.24411,0.55995
3961.38687,0.55714
3957.52963,0.55430
3953.67239,0.55160
3949.81515,0.54883
3945.95791,0.54587
3942.10067,0.54293
3938.24342,0.54036
3934.38618,0.53816
3930.52894,0.53618
3926.67170,0.53437
3922.81446,0.53263
3918.95722,0.53087
3915.09998,0.52900
3911.24274,0.52694
3907.38549,0.52435
3903.52825,0.52059
3899.67101,0.51629
3895.81377,0.51279
3891.95653,0.50981
3888.09929,0.50714
3884.24205,0.50502
3880.38480,0.50344
3876.52756,0.50179
3872.67032,0.49933
3868.81308,0.49604
3864.95584,0.49278
3861.09860,0.49019
3857.24136,0.48782
3853.38411,0.48500
3849.52687,0.48292
3845.66963,0.48183
3841.81239,0.48078
3837.95515,0.47993
3834.09791,0.47966
3830.24067,0.47956
3826.38343,0.47963
3822.52618,0.48057
3818.66894,0.48325
3814.81170,0.48684
3810.95446,0.48963
3807.09722,0.49102
3803.23998,0.49062
3799.38274,0.48876
3795.52549,0.48698
3791.66825,0.48608
3787.81101,0.48600
3783.95377,0.48676
3780.09653,0.48839
3776.23929,0.49056
3772.38205,0.49307
3768.52481,0.49639
3764.66756,0.50041
3760.81032,0.50390
3756.95308,0.50546
3753.09584,0.50417
3749.23860,0.50109
3745.38136,0.49981
3741.52412,0.50138
3737.66687,0.50488
3733.80963,0.50988
3729.95239,0.51377
3726.09515,0.51566
3722.23791,0.51748
3718.38067,0.52057
3714.52343,0.52554
3710.66618,0.53382
3706.80894,0.54454
3702.95170,0.55658
3699.09446,0.57095
3695.23722,0.58738
3691.37998,0.60906
3687.52274,0.63571
3683.66550,0.65563
3679.80825,0.66970
3675.95101,0.68610
3672.09377,0.70852
3668.23653,0.73243
3664.37929,0.75344
3660.52205,0.77267
3656.66481,0.79207
3652.80756,0.81170
3648.95032,0.83374
3645.09308,0.85645
3641.23584,0.87291
3637.37860,0.88500
3633.52136,0.89368
3629.66412,0.89986
3625.80687,0.90698
3621.94963,0.91171
3618.09239,0.91353
3614.23515,0.91705
3610.37791,0.92629
3606.52067,0.93602
3602.66343,0.94108
3598.80619,0.94565
