12493.60475,0.11313
12489.74751,0.11396
12485.89027,0.11286
12482.03303,0.11079
12478.17579,0.10896
12474.31855,0.10903
12470.46130,0.11109
12466.60406,0.11303
12462.74682,0.11421
12458.88958,0.11513
12455.03234,0.11565
12451.17510,0.11571
12447.31786,0.11609
12443.46062,0.11635
12439.60337,0.11530
12435.74613,0.11346
12431.88889,0.11204
12428.03165,0.11233
12424.17441,0.11310
12420.31717,0.11205
12416.45993,0.11157
12412.60268,0.11373
12408.74544,0.11568
12404.88820,0.11513
12401.03096,0.11361
12397.17372,0.11300
12393.31648,0.11321
12389.45924,0.11350
12385.60199,0.11317
12381.74475,0.11293
12377.88751,0.11487
12374.03027,0.11815
12370.17303,0.11888
12366.31579,0.11702
12362.45855,0.11573
12358.60131,0.11514
12354.74406,0.11528
12350.88682,0.11789
12347.02958,0.12147
12343.17234,0.12171
12339.31510,0.11806
12335.45786,0.11372
12331.60062,0.11096
12327.74337,0.10955
12323.88613,0.10759
12320.02889,0.10646
12316.17165,0.10870
12312.31441,0.11137
12308.45717,0.11212
12304.59993,0.11321
12300.74268,0.11524
12296.88544,0.11636
12293.02820,0.11614
12289.17096,0.11497
12285.31372,0.11337
12281.45648,0.11182
12277.59924,0.11016
12273.74200,0.11020
12269.88475,0.11290
12266.02751,0.11514
12262.17027,0.11641
12258.31303,0.11858
12254.45579,0.11942
12250.59855,0.11652
12246.74131,0.11181
12242.88406,0.10928
12239.02682,0.11065
12235.16958,0.11278
12231.31234,0.11280
12227.45510,0.11200
12223.59786,0.11212
12219.74062,0.11354
12215.88338,0.11585
12212.02613,0.11759
12208.16889,0.11688
12204.31165,0.11403
12200.45441,0.11115
12196.59717,0.10964
12192.73993,0.11031
12188.88269,0.11239
12185.02544,0.11358
12181.16820,0.11342
12177.31096,0.11317
12173.45372,0.11277
12169.59648,0.11245
12165.73924,0.11431
12161.88200,0.11674
12158.02475,0.11560
12154.16751,0.11274
12150.31027,0.11215
12146.45303,0.11346
12142.59579,0.11445
12138.73855,0.11326
12134.88131,0.11050
12131.02407,0.10880
12127.16682,0.10852
12123.30958,0.10978
12119.45234,0.11154
12115.59510,0.11095
12111.73786,0.10998
12107.88062,0.11155
12104.02338,0.11426
12100.16613,0.11637
12096.30889,0.11673
12092.45165,0.11557
12088.59441,0.11522
12084.73717,0.11612
12080.87993,0.11571
12077.02269,0.11396
12073.16544,0.11308
12069.30820,0.11217
12065.45096,0.11125
12061.59372,0.11228
12057.73648,0.11340
12053.87924,0.11242
12050.02200,0.11150
12046.16476,0.11253
12042.30751,0.11369
12038.45027,0.11299
12034.59303,0.11130
12030.73579,0.11114
12026.87855,0.11259
12023.02131,0.11375
12019.16407,0.11437
12015.30682,0.11516
12011.44958,0.11630
12007.59234,0.11724
12003.73510,0.11667
11999.87786,0.11472
11996.02062,0.11366
11992.16338,0.11467
11988.30614,0.11626
11984.44889,0.11674
11980.59165,0.11626
11976.73441,0.11572
11972.87717,0.11520
11969.01993,0.11467
11965.16269,0.11492
11961.30545,0.11610
11957.44820,0.11715
11953.59096,0.11641
11949.73372,0.11426
11945.87648,0.11410
11942.01924,0.11648
11938.16200,0.11786
11934.30476,0.11726
11930.44751,0.11604
11926.59027,0.11542
11922.73303,0.11626
11918.87579,0.11718
11915.01855,0.11754
11911.16131,0.11839
11907.30407,0.11908
11903.44683,0.11889
11899.58958,0.11832
11895.73234,0.11817
11891.87510,0.11892
11888.01786,0.12013
11884.16062,0.12045
11880.30338,0.11871
11876.44614,0.11629
11872.58889,0.11649
11868.73165,0.11927
11864.87441,0.12020
11861.01717,0.11831
11857.15993,0.11808
11853.30269,0.11983
11849.44545,0.12058
11845.58820,0.12112
11841.73096,0.12222
11837.87372,0.12272
11834.01648,0.12303
11830.15924,0.12390
11826.30200,0.12393
11822.44476,0.12194
11818.58752,0.12004
11814.73027,0.11971
11810.87303,0.11931
11807.01579,0.11884
11803.15855,0.11961
11799.30131,0.12087
11795.44407,0.12155
11791.58683,0.12146
11787.72958,0.12040
11783.87234,0.11870
11780.01510,0.11798
11776.15786,0.11955
11772.30062,0.12182
11768.44338,0.12191
11764.58614,0.11972
11760.72890,0.11832
11756.87165,0.11889
11753.01441,0.12001
11749.15717,0.12158
11745.29993,0.12315
11741.44269,0.12281
11737.58545,0.12087
11733.72821,0.11921
11729.87096,0.11858
11726.01372,0.11899
11722.15648,0.11993
11718.29924,0.12043
11714.44200,0.12031
11710.58476,0.12002
11706.72752,0.11966
11702.87027,0.11944
11699.01303,0.11984
11695.15579,0.12028
11691.29855,0.11911
11687.44131,0.11718
11683.58407,0.11733
11679.72683,0.11947
11675.86959,0.12132
11672.01234,0.12206
11668.15510,0.12210
11664.29786,0.12189
11660.44062,0.12185
11656.58338,0.12239
11652.72614,0.12358
11648.86890,0.12415
11645.01165,0.12348
11641.15441,0.12291
11637.29717,0.12284
11633.43993,0.12245
11629.58269,0.12158
11625.72545,0.12077
11621.86821,0.12021
11618.01096,0.11908
11614.15372,0.11734
11610.29648,0.11634
11606.43924,0.11693
11602.58200,0.11808
11598.72476,0.11815
11594.86752,0.11768
11591.01028,0.11878
11587.15303,0.12179
11583.29579,0.12411
11579.43855,0.12363
11575.58131,0.12214
11571.72407,0.12197
11567.86683,0.12173
11564.00959,0.11943
11560.15234,0.11675
11556.29510,0.11694
11552.43786,0.11946
11548.58062,0.12031
11544.72338,0.11874
11540.86614,0.11792
11537.00890,0.11940
11533.15166,0.12113
11529.29441,0.12064
11525.43717,0.11953
11521.57993,0.12083
11517.72269,0.12330
11513.86545,0.12380
11510.00821,0.12219
11506.15097,0.12140
11502.29372,0.12272
11498.43648,0.12348
11494.57924,0.12188
11490.72200,0.12004
11486.86476,0.12034
11483.00752,0.12158
11479.15028,0.12113
11475.29303,0.11949
11471.43579,0.11853
11467.57855,0.11836
11463.72131,0.11797
11459.86407,0.11619
11456.00683,0.11425
11452.14959,0.11521
11448.29235,0.11777
11444.43510,0.11817
11440.57786,0.11650
11436.72062,0.11466
11432.86338,0.11340
11429.00614,0.11349
11425.14890,0.11475
11421.29166,0.11577
11417.43441,0.11608
11413.57717,0.11603
11409.71993,0.11607
11405.86269,0.11679
11402.00545,0.11757
11398.14821,0.11703
11394.29097,0.11591
11390.43372,0.11578
11386.57648,0.11624
11382.71924,0.11719
11378.86200,0.11819
11375.00476,0.11768
11371.14752,0.11636
11367.29028,0.11573
11363.43304,0.11561
11359.57579,0.11608
11355.71855,0.11719
11351.86131,0.11795
11348.00407,0.11780
11344.14683,0.11716
11340.28959,0.11727
11336.43235,0.11875
11332.57510,0.11952
11328.71786,0.11855
11324.86062,0.11827
11321.00338,0.11976
11317.14614,0.12092
11313.28890,0.11956
11309.43166,0.11662
11305.57442,0.11495
11301.71717,0.11514
11297.85993,0.11579
11294.00269,0.11668
11290.14545,0.11846
11286.28821,0.11984
11282.43097,0.11983
11278.57373,0.11972
11274.71648,0.11990
11270.85924,0.11954
11267.00200,0.11884
11263.14476,0.11888
11259.28752,0.11947
11255.43028,0.11918
11251.57304,0.11857
11247.71579,0.11885
11243.85855,0.11883
11240.00131,0.11747
11236.14407,0.11593
11232.28683,0.11522
11228.42959,0.11495
11224.57235,0.11470
11220.71511,0.11486
11216.85786,0.11587
11213.00062,0.11768
11209.14338,0.11949
11205.28614,0.12004
11201.42890,0.11986
11197.57166,0.12024
11193.71442,0.12003
11189.85717,0.11873
11185.99993,0.11769
11182.14269,0.11739
11178.28545,0.11741
11174.42821,0.11700
11170.57097,0.11620
11166.71373,0.11597
11162.85648,0.11662
11158.99924,0.11789
11155.14200,0.11858
11151.28476,0.11784
11147.42752,0.11701
11143.57028,0.11674
11139.71304,0.11661
11135.85580,0.11682
11131.99855,0.11705
11128.14131,0.11702
11124.28407,0.11714
11120.42683,0.11741
11116.56959,0.11754
11112.71235,0.11739
11108.85511,0.11719
11104.99786,0.11723
11101.14062,0.11694
11097.28338,0.11648
11093.42614,0.11714
11089.56890,0.11826
11085.71166,0.11862
11081.85442,0.11896
11077.99718,0.11960
11074.13993,0.11952
11070.28269,0.11858
11066.42545,0.11807
11062.56821,0.11842
11058.71097,0.11835
11054.85373,0.11741
11050.99649,0.11691
11047.13924,0.11757
11043.28200,0.11852
11039.42476,0.11900
11035.56752,0.11909
11031.71028,0.11918
11027.85304,0.11924
11023.99580,0.11913
11020.13855,0.11908
11016.28131,0.11877
11012.42407,0.11797
11008.56683,0.11749
11004.70959,0.11762
11000.85235,0.11789
10996.99511,0.11823
10993.13787,0.11891
10989.28062,0.11952
10985.42338,0.11879
10981.56614,0.11649
10977.70890,0.11454
10973.85166,0.11471
10969.99442,0.11609
10966.13718,0.11663
10962.27993,0.11595
10958.42269,0.11549
10954.56545,0.11611
10950.70821,0.11679
10946.85097,0.11716
10942.99373,0.11786
10939.13649,0.11861
10935.27924,0.11890
10931.42200,0.11857
10927.56476,0.11773
10923.70752,0.11710
10919.85028,0.11689
10915.99304,0.11697
10912.13580,0.11745
10908.27856,0.11782
10904.42131,0.11751
10900.56407,0.11701
10896.70683,0.11711
10892.84959,0.11739
10888.99235,0.11703
10885.13511,0.11663
10881.27787,0.11668
10877.42062,0.11656
10873.56338,0.11644
10869.70614,0.11675
10865.84890,0.11702
10861.99166,0.11718
10858.13442,0.11739
10854.27718,0.11715
10850.41993,0.11630
10846.56269,0.11499
10842.70545,0.11343
10838.84821,0.11258
10834.99097,0.11288
10831.13373,0.11348
10827.27649,0.11418
10823.41925,0.11518
10819.56200,0.11575
10815.70476,0.11559
10811.84752,0.11535
10807.99028,0.11548
10804.13304,0.11610
10800.27580,0.11653
10796.41856,0.11566
10792.56131,0.11410
10788.70407,0.11367
10784.84683,0.11423
10780.98959,0.11422
10777.13235,0.11385
10773.27511,0.11419
10769.41787,0.11506
10765.56063,0.11549
10761.70338,0.11469
10757.84614,0.11339
10753.98890,0.11302
10750.13166,0.11367
10746.27442,0.11441
10742.41718,0.11480
10738.55994,0.11537
10734.70269,0.11605
10730.84545,0.11607
10726.98821,0.11565
10723.13097,0.11508
10719.27373,0.11422
10715.41649,0.11395
10711.55925,0.11508
10707.70200,0.11669
10703.84476,0.11728
10699.98752,0.11662
10696.13028,0.11570
10692.27304,0.11524
10688.41580,0.11489
10684.55856,0.11448
10680.70132,0.11462
10676.84407,0.11534
10672.98683,0.11586
10669.12959,0.11592
10665.27235,0.11598
10661.41511,0.11626
10657.55787,0.11629
10653.70063,0.11542
10649.84338,0.11414
10645.98614,0.11353
10642.12890,0.11345
10638.27166,0.11348
10634.41442,0.11394
10630.55718,0.11463
10626.69994,0.11503
10622.84269,0.11526
10618.98545,0.11536
10615.12821,0.11505
10611.27097,0.11470
10607.41373,0.11457
10603.55649,0.11430
10599.69925,0.11380
10595.84201,0.11338
10591.98476,0.11367
10588.12752,0.11412
10584.27028,0.11376
10580.41304,0.11322
10576.55580,0.11319
10572.69856,0.11351
10568.84132,0.11390
10564.98407,0.11393
10561.12683,0.11345
10557.26959,0.11266
10553.41235,0.11188
10549.55511,0.11170
10545.69787,0.11248
10541.84063,0.11319
10537.98339,0.11268
10534.12614,0.11198
10530.26890,0.11240
10526.41166,0.11328
10522.55442,0.11343
10518.69718,0.11272
10514.83994,0.11199
10510.98270,0.11173
10507.12545,0.11159
10503.26821,0.11165
10499.41097,0.11197
10495.55373,0.11221
10491.69649,0.11231
10487.83925,0.11220
10483.98201,0.11201
10480.12476,0.11188
10476.26752,0.11159
10472.41028,0.11163
10468.55304,0.11223
10464.69580,0.11233
10460.83856,0.11161
10456.98132,0.11109
10453.12408,0.11129
10449.26683,0.11154
10445.40959,0.11146
10441.55235,0.11152
10437.69511,0.11154
10433.83787,0.11116
10429.98063,0.11067
10426.12339,0.11026
10422.26614,0.11010
10418.40890,0.11032
10414.55166,0.11105
10410.69442,0.11186
10406.83718,0.11186
10402.97994,0.11153
10399.12270,0.11183
10395.26545,0.11230
10391.40821,0.11252
10387.55097,0.11260
10383.69373,0.11238
10379.83649,0.11208
10375.97925,0.11237
10372.12201,0.11316
10368.26477,0.11332
10364.40752,0.11245
10360.55028,0.11162
10356.69304,0.11141
10352.83580,0.11144
10348.97856,0.11166
10345.12132,0.11209
10341.26408,0.11213
10337.40683,0.11182
10333.54959,0.11200
10329.69235,0.11293
10325.83511,0.11411
10321.97787,0.11457
10318.12063,0.11390
10314.26339,0.11297
10310.40615,0.11265
10306.54890,0.11278
10302.69166,0.11298
10298.83442,0.11325
10294.97718,0.11353
10291.11994,0.11358
10287.26270,0.11335
10283.40546,0.11315
10279.54821,0.11333
10275.69097,0.11367
10271.83373,0.11381
10267.97649,0.11380
10264.11925,0.11377
10260.26201,0.11388
10256.40477,0.11414
10252.54752,0.11409
10248.69028,0.11337
10244.83304,0.11257
10240.97580,0.11251
10237.11856,0.11314
10233.26132,0.11383
10229.40408,0.11420
10225.54684,0.11412
10221.68959,0.11352
10217.83235,0.11302
10213.97511,0.11337
10210.11787,0.11405
10206.26063,0.11419
10202.40339,0.11392
10198.54615,0.11383
10194.68890,0.11413
10190.83166,0.11467
10186.97442,0.11507
10183.11718,0.11504
10179.25994,0.11488
10175.40270,0.11487
10171.54546,0.11484
10167.68821,0.11469
10163.83097,0.11435
10159.97373,0.11412
10156.11649,0.11440
10152.25925,0.11493
10148.40201,0.11531
10144.54477,0.11521
10140.68753,0.11476
10136.83028,0.11461
10132.97304,0.11497
10129.11580,0.11541
10125.25856,0.11548
10121.40132,0.11535
10117.54408,0.11535
10113.68684,0.11548
10109.82959,0.11570
10105.97235,0.11602
10102.11511,0.11625
10098.25787,0.11639
10094.40063,0.11655
10090.54339,0.11641
10086.68615,0.11572
10082.82891,0.11516
10078.97166,0.11511
10075.11442,0.11505
10071.25718,0.11495
10067.39994,0.11498
10063.54270,0.11481
10059.68546,0.11458
10055.82822,0.11477
10051.97097,0.11513
10048.11373,0.11537
10044.25649,0.11565
10040.39925,0.11594
10036.54201,0.11578
10032.68477,0.11534
10028.82753,0.11523
10024.97028,0.11538
10021.11304,0.11546
10017.25580,0.11559
10013.39856,0.11586
10009.54132,0.11608
10005.68408,0.11618
10001.82684,0.11632
9997.96960,0.11646
9994.11235,0.11616
9990.25511,0.11548
9986.39787,0.11523
9982.54063,0.11554
9978.68339,0.11590
9974.82615,0.11610
9970.96891,0.11610
9967.11166,0.11599
9963.25442,0.11622
9959.39718,0.11677
9955.53994,0.11673
9951.68270,0.11596
9947.82546,0.11564
9943.96822,0.11608
9940.11097,0.11641
9936.25373,0.11638
9932.39649,0.11638
9928.53925,0.11660
9924.68201,0.11659
9920.82477,0.11618
9916.96753,0.11600
9913.11029,0.11633
9909.25304,0.11654
9905.39580,0.11641
9901.53856,0.11632
9897.68132,0.11642
9893.82408,0.11668
9889.96684,0.11683
9886.10960,0.11647
9882.25235,0.11586
9878.39511,0.11559
9874.53787,0.11575
9870.68063,0.11615
9866.82339,0.11640
9862.96615,0.11621
9859.10891,0.11603
9855.25167,0.11607
9851.39442,0.11607
9847.53718,0.11595
9843.67994,0.11589
9839.82270,0.11617
9835.96546,0.11681
9832.10822,0.11716
9828.25098,0.11676
9824.39373,0.11615
9820.53649,0.11607
9816.67925,0.11643
9812.82201,0.11662
9808.96477,0.11635
9805.10753,0.11585
9801.25029,0.11543
9797.39304,0.11510
9793.53580,0.11499
9789.67856,0.11523
9785.82132,0.11566
9781.96408,0.11592
9778.10684,0.11567
9774.24960,0.11509
9770.39236,0.11483
9766.53511,0.11504
9762.67787,0.11533
9758.82063,0.11552
9754.96339,0.11557
9751.10615,0.11558
9747.24891,0.11565
9743.39167,0.11585
9739.53442,0.11598
9735.67718,0.11563
9731.81994,0.11498
9727.96270,0.11480
9724.10546,0.11514
9720.24822,0.11527
9716.39098,0.11501
9712.53373,0.11497
9708.67649,0.11529
9704.81925,0.11568
9700.96201,0.11587
9697.10477,0.11570
9693.24753,0.11526
9689.39029,0.11480
9685.53305,0.11465
9681.67580,0.11475
9677.81856,0.11463
9673.96132,0.11440
9670.10408,0.11463
9666.24684,0.11507
9662.38960,0.11516
9658.53236,0.11492
9654.67511,0.11475
9650.81787,0.11467
9646.96063,0.11450
9643.10339,0.11427
9639.24615,0.11416
9635.38891,0.11415
9631.53167,0.11415
9627.67443,0.11421
9623.81718,0.11419
9619.95994,0.11395
9616.10270,0.11369
9612.24546,0.11368
9608.38822,0.11385
9604.53098,0.11403
9600.67374,0.11408
9596.81649,0.11402
9592.95925,0.11422
9589.10201,0.11466
9585.24477,0.11465
9581.38753,0.11408
9577.53029,0.11359
9573.67305,0.11357
9569.81580,0.11385
9565.95856,0.11389
9562.10132,0.11358
9558.24408,0.11342
9554.38684,0.11365
9550.52960,0.11406
9546.67236,0.11419
9542.81512,0.11409
9538.95787,0.11400
9535.10063,0.11383
9531.24339,0.11364
9527.38615,0.11370
9523.52891,0.11378
9519.67167,0.11348
9515.81443,0.11303
9511.95718,0.11275
9508.09994,0.11251
9504.24270,0.11237
9500.38546,0.11269
9496.52822,0.11331
9492.67098,0.11344
9488.81374,0.11293
9484.95649,0.11252
9481.09925,0.11253
9477.24201,0.11265
9473.38477,0.11259
9469.52753,0.11257
9465.67029,0.11306
9461.81305,0.11368
9457.95581,0.11347
9454.09856,0.11253
9450.24132,0.11188
9446.38408,0.11191
9442.52684,0.11223
9438.66960,0.11239
9434.81236,0.11252
9430.95512,0.11283
9427.09787,0.11301
9423.24063,0.11286
9419.38339,0.11261
9415.52615,0.11245
9411.66891,0.11244
9407.81167,0.11249
9403.95443,0.11247
9400.09719,0.11231
9396.23994,0.11195
9392.38270,0.11163
9388.52546,0.11164
9384.66822,0.11185
9380.81098,0.11193
9376.95374,0.11191
9373.09650,0.11199
9369.23925,0.11215
9365.38201,0.11232
9361.52477,0.11228
9357.66753,0.11211
9353.81029,0.11211
9349.95305,0.11206
9346.09581,0.11183
9342.23856,0.11192
9338.38132,0.11218
9334.52408,0.11211
9330.66684,0.11193
9326.80960,0.11206
9322.95236,0.11208
9319.09512,0.11173
9315.23788,0.11155
9311.38063,0.11168
9307.52339,0.11182
9303.66615,0.11200
9299.80891,0.11213
9295.95167,0.11205
9292.09443,0.11181
9288.23719,0.11157
9284.37994,0.11156
9280.52270,0.11168
9276.66546,0.11155
9272.80822,0.11124
9268.95098,0.11113
9265.09374,0.11125
9261.23650,0.11131
9257.37925,0.11123
9253.52201,0.11119
9249.66477,0.11109
9245.80753,0.11093
9241.95029,0.11098
9238.09305,0.11125
9234.23581,0.11160
9230.37857,0.11194
9226.52132,0.11201
9222.66408,0.11179
9218.80684,0.11169
9214.94960,0.11184
9211.09236,0.11191
9207.23512,0.11166
9203.37788,0.11136
9199.52063,0.11127
9195.66339,0.11123
9191.80615,0.11119
9187.94891,0.11130
9184.09167,0.11162
9180.23443,0.11192
9176.37719,0.11190
9172.51995,0.11166
9168.66270,0.11141
9164.80546,0.11129
9160.94822,0.11138
9157.09098,0.11153
9153.23374,0.11158
9149.37650,0.11160
9145.51926,0.11169
9141.66201,0.11185
9137.80477,0.11198
9133.94753,0.11208
9130.09029,0.11227
9126.23305,0.11241
9122.37581,0.11231
9118.51857,0.11216
9114.66132,0.11211
9110.80408,0.11217
9106.94684,0.11223
9103.08960,0.11234
9099.23236,0.11252
9095.37512,0.11262
9091.51788,0.11265
9087.66064,0.11280
9083.80339,0.11305
9079.94615,0.11324
9076.08891,0.11312
9072.23167,0.11270
9068.37443,0.11240
9064.51719,0.11242
9060.65995,0.11265
9056.80270,0.11289
9052.94546,0.11309
9049.08822,0.11328
9045.23098,0.11333
9041.37374,0.11335
9037.51650,0.11366
9033.65926,0.11413
9029.80201,0.11434
9025.94477,0.11443
9022.08753,0.11475
9018.23029,0.11518
9014.37305,0.11551
9010.51581,0.11584
9006.65857,0.11627
9002.80133,0.11671
8998.94408,0.11696
8995.08684,0.11702
8991.22960,0.11726
8987.37236,0.11784
8983.51512,0.11840
8979.65788,0.11888
8975.80064,0.11933
8971.94339,0.11968
8968.08615,0.12014
8964.22891,0.12091
8960.37167,0.12173
8956.51443,0.12244
8952.65719,0.12310
8948.79995,0.12378
8944.94271,0.12452
8941.08546,0.12534
8937.22822,0.12626
8933.37098,0.12718
8929.51374,0.12796
8925.65650,0.12874
8921.79926,0.12962
8917.94202,0.13066
8914.08477,0.13185
8910.22753,0.13299
8906.37029,0.13404
8902.51305,0.13526
8898.65581,0.13677
8894.79857,0.13830
8890.94133,0.13967
8887.08408,0.14098
8883.22684,0.14229
8879.36960,0.14344
8875.51236,0.14425
8871.65512,0.14481
8867.79788,0.14533
8863.94064,0.14579
8860.08340,0.14604
8856.22615,0.14615
8852.36891,0.14614
8848.51167,0.14590
8844.65443,0.14551
8840.79719,0.14509
8836.93995,0.14453
8833.08271,0.14377
8829.22546,0.14300
8825.36822,0.14237
8821.51098,0.14177
8817.65374,0.14102
8813.79650,0.14000
8809.93926,0.13866
8806.08202,0.13725
8802.22477,0.13599
8798.36753,0.13481
8794.51029,0.13361
8790.65305,0.13239
8786.79581,0.13127
8782.93857,0.13031
8779.08133,0.12954
8775.22409,0.12888
8771.36684,0.12808
8767.50960,0.12727
8763.65236,0.12673
8759.79512,0.12643
8755.93788,0.12618
8752.08064,0.12579
8748.22340,0.12529
8744.36615,0.12505
8740.50891,0.12513
8736.65167,0.12522
8732.79443,0.12528
8728.93719,0.12536
8725.07995,0.12546
8721.22271,0.12559
8717.36547,0.12569
8713.50822,0.12579
8709.65098,0.12600
8705.79374,0.12645
8701.93650,0.12702
8698.07926,0.12737
8694.22202,0.12742
8690.36478,0.12739
8686.50753,0.12745
8682.65029,0.12755
8678.79305,0.12758
8674.93581,0.12758
8671.07857,0.12782
8667.22133,0.12836
8663.36409,0.12891
8659.50684,0.12932
8655.64960,0.12962
8651.79236,0.12988
8647.93512,0.13019
8644.07788,0.13053
8640.22064,0.13080
8636.36340,0.13110
8632.50616,0.13146
8628.64891,0.13182
8624.79167,0.13213
8620.93443,0.13228
8617.07719,0.13244
8613.21995,0.13286
8609.36271,0.13335
8605.50547,0.13371
8601.64822,0.13408
8597.79098,0.13443
8593.93374,0.13466
8590.07650,0.13496
8586.21926,0.13540
8582.36202,0.13581
8578.50478,0.13609
8574.64753,0.13639
8570.79029,0.13676
8566.93305,0.13703
8563.07581,0.13711
8559.21857,0.13724
8555.36133,0.13755
8551.50409,0.13798
8547.64685,0.13835
8543.78960,0.13852
8539.93236,0.13861
8536.07512,0.13891
8532.21788,0.13929
8528.36064,0.13958
8524.50340,0.13992
8520.64616,0.14028
8516.78891,0.14050
8512.93167,0.14057
8509.07443,0.14059
8505.21719,0.14072
8501.35995,0.14102
8497.50271,0.14118
8493.64547,0.14104
8489.78822,0.14088
8485.93098,0.14080
8482.07374,0.14078
8478.21650,0.14080
8474.35926,0.14076
8470.50202,0.14081
8466.64478,0.14097
8462.78754,0.14093
8458.93029,0.14067
8455.07305,0.14037
8451.21581,0.14016
8447.35857,0.14015
8443.50133,0.14020
8439.64409,0.14005
8435.78685,0.13979
8431.92960,0.13967
8428.07236,0.13972
8424.21512,0.13972
8420.35788,0.13955
8416.50064,0.13938
8412.64340,0.13940
8408.78616,0.13938
8404.92892,0.13923
8401.07167,0.13914
8397.21443,0.13908
8393.35719,0.13885
8389.49995,0.13847
8385.64271,0.13809
8381.78547,0.13781
8377.92823,0.13765
8374.07098,0.13764
8370.21374,0.13766
8366.35650,0.13764
8362.49926,0.13757
8358.64202,0.13738
8354.78478,0.13712
8350.92754,0.13689
8347.07029,0.13675
8343.21305,0.13674
8339.35581,0.13678
8335.49857,0.13681
8331.64133,0.13685
8327.78409,0.13682
8323.92685,0.13668
8320.06961,0.13651
8316.21236,0.13637
8312.35512,0.13636
8308.49788,0.13645
8304.64064,0.13654
8300.78340,0.13658
8296.92616,0.13662
8293.06892,0.13666
8289.21167,0.13667
8285.35443,0.13660
8281.49719,0.13645
8277.63995,0.13637
8273.78271,0.13638
8269.92547,0.13639
8266.06823,0.13634
8262.21098,0.13632
8258.35374,0.13642
8254.49650,0.13659
8250.63926,0.13666
8246.78202,0.13657
8242.92478,0.13648
8239.06754,0.13650
8235.21030,0.13650
8231.35305,0.13643
8227.49581,0.13644
8223.63857,0.13654
8219.78133,0.13668
8215.92409,0.13676
8212.06685,0.13669
8208.20961,0.13648
8204.35236,0.13628
8200.49512,0.13615
8196.63788,0.13607
8192.78064,0.13601
8188.92340,0.13596
8185.06616,0.13586
8181.20892,0.13566
8177.35168,0.13547
8173.49443,0.13541
8169.63719,0.13540
8165.77995,0.13528
8161.92271,0.13509
8158.06547,0.13486
8154.20823,0.13460
8150.35099,0.13438
8146.49374,0.13426
8142.63650,0.13423
8138.77926,0.13415
8134.92202,0.13396
8131.06478,0.13375
8127.20754,0.13355
8123.35030,0.13334
8119.49305,0.13320
8115.63581,0.13312
8111.77857,0.13299
8107.92133,0.13283
8104.06409,0.13261
8100.20685,0.13234
8096.34961,0.13216
8092.49237,0.13201
8088.63512,0.13178
8084.77788,0.13155
8080.92064,0.13137
8077.06340,0.13115
8073.20616,0.13096
8069.34892,0.13089
8065.49168,0.13085
8061.63443,0.13077
8057.77719,0.13057
8053.91995,0.13031
8050.06271,0.13013
8046.20547,0.12995
8042.34823,0.12972
8038.49099,0.12959
8034.63374,0.12961
8030.77650,0.12961
8026.91926,0.12949
8023.06202,0.12928
8019.20478,0.12909
8015.34754,0.12896
8011.49030,0.12889
8007.63306,0.12887
8003.77581,0.12884
7999.91857,0.12876
7996.06133,0.12867
7992.20409,0.12859
7988.34685,0.12849
7984.48961,0.12836
7980.63237,0.12826
7976.77512,0.12822
7972.91788,0.12826
7969.06064,0.12822
7965.20340,0.12808
7961.34616,0.12803
7957.48892,0.12803
7953.63168,0.12793
7949.77444,0.12785
7945.91719,0.12792
7942.05995,0.12799
7938.20271,0.12796
7934.34547,0.12792
7930.48823,0.12794
7926.63099,0.12798
7922.77375,0.12802
7918.91650,0.12797
7915.05926,0.12786
7911.20202,0.12781
7907.34478,0.12780
7903.48754,0.12781
7899.63030,0.12789
7895.77306,0.12793
7891.91581,0.12785
7888.05857,0.12784
7884.20133,0.12797
7880.34409,0.12804
7876.48685,0.12798
7872.62961,0.12795
7868.77237,0.12801
7864.91513,0.12803
7861.05788,0.12794
7857.20064,0.12781
7853.34340,0.12784
7849.48616,0.12794
7845.62892,0.12784
7841.77168,0.12771
7837.91444,0.12765
7834.05719,0.12744
7830.19995,0.12718
7826.34271,0.12707
7822.48547,0.12703
7818.62823,0.12700
7814.77099,0.12704
7810.91375,0.12707
7807.05650,0.12702
7803.19926,0.12691
7799.34202,0.12675
7795.48478,0.12647
7791.62754,0.12619
7787.77030,0.12617
7783.91306,0.12622
7780.05582,0.12605
7776.19857,0.12596
7772.34133,0.12606
7768.48409,0.12602
7764.62685,0.12581
7760.76961,0.12562
7756.91237,0.12543
7753.05513,0.12524
7749.19788,0.12522
7745.34064,0.12528
7741.48340,0.12514
7737.62616,0.12474
7733.76892,0.12440
7729.91168,0.12433
7726.05444,0.12431
7722.19720,0.12403
7718.33995,0.12356
7714.48271,0.12336
7710.62547,0.12360
7706.76823,0.12385
7702.91099,0.12370
7699.05375,0.12337
7695.19651,0.12318
7691.33926,0.12313
7687.48202,0.12317
7683.62478,0.12328
7679.76754,0.12342
7675.91030,0.12357
7672.05306,0.12366
7668.19582,0.12358
7664.33857,0.12348
7660.48133,0.12356
7656.62409,0.12380
7652.76685,0.12400
7648.90961,0.12400
7645.05237,0.12397
7641.19513,0.12402
7637.33789,0.12399
7633.48064,0.12390
7629.62340,0.12385
7625.76616,0.12387
7621.90892,0.12404
7618.05168,0.12426
7614.19444,0.12448
7610.33720,0.12474
7606.47995,0.12509
7602.62271,0.12532
7598.76547,0.12522
7594.90823,0.12503
7591.05099,0.12497
7587.19375,0.12503
7583.33651,0.12517
7579.47926,0.12543
7575.62202,0.12563
7571.76478,0.12564
7567.90754,0.12561
7564.05030,0.12573
7560.19306,0.12606
7556.33582,0.12659
7552.47858,0.12712
7548.62133,0.12751
7544.76409,0.12783
7540.90685,0.12806
7537.04961,0.12823
7533.19237,0.12849
7529.33513,0.12868
7525.47789,0.12875
7521.62064,0.12894
7517.76340,0.12930
7513.90616,0.12966
7510.04892,0.12991
7506.19168,0.13013
7502.33444,0.13039
7498.47720,0.13065
7494.61996,0.13099
7490.76271,0.13141
7486.90547,0.13166
7483.04823,0.13182
7479.19099,0.13216
7475.33375,0.13269
7471.47651,0.13330
7467.61927,0.13390
7463.76202,0.13452
7459.90478,0.13522
7456.04754,0.13594
7452.19030,0.13666
7448.33306,0.13739
7444.47582,0.13816
7440.61858,0.13902
7436.76133,0.13993
7432.90409,0.14087
7429.04685,0.14189
7425.18961,0.14301
7421.33237,0.14411
7417.47513,0.14506
7413.61789,0.14584
7409.76065,0.14655
7405.90340,0.14739
7402.04616,0.14840
7398.18892,0.14943
7394.33168,0.15046
7390.47444,0.15149
7386.61720,0.15250
7382.75996,0.15356
7378.90271,0.15465
7375.04547,0.15570
7371.18823,0.15671
7367.33099,0.15768
7363.47375,0.15865
7359.61651,0.15969
7355.75927,0.16073
7351.90202,0.16168
7348.04478,0.16255
7344.18754,0.16333
7340.33030,0.16399
7336.47306,0.16456
7332.61582,0.16509
7328.75858,0.16558
7324.90134,0.16599
7321.04409,0.16637
7317.18685,0.16677
7313.32961,0.16714
7309.47237,0.16740
7305.61513,0.16759
7301.75789,0.16782
7297.90065,0.16805
7294.04340,0.16823
7290.18616,0.16848
7286.32892,0.16882
7282.47168,0.16915
7278.61444,0.16943
7274.75720,0.16976
7270.89996,0.17011
7267.04272,0.17047
7263.18547,0.17085
7259.32823,0.17123
7255.47099,0.17158
7251.61375,0.17195
7247.75651,0.17239
7243.89927,0.17276
7240.04203,0.17296
7236.18478,0.17315
7232.32754,0.17339
7228.47030,0.17368
7224.61306,0.17404
7220.75582,0.17436
7216.89858,0.17462
7213.04134,0.17489
7209.18409,0.17518
7205.32685,0.17545
7201.46961,0.17564
7197.61237,0.17573
7193.75513,0.17593
7189.89789,0.17635
7186.04065,0.17688
7182.18341,0.17741
7178.32616,0.17797
7174.46892,0.17865
7170.61168,0.17941
7166.75444,0.18019
7162.89720,0.18104
7159.03996,0.18198
7155.18272,0.18301
7151.32547,0.18412
7147.46823,0.18536
7143.61099,0.18665
7139.75375,0.18790
7135.89651,0.18912
7132.03927,0.19042
7128.18203,0.19179
7124.32478,0.19313
7120.46754,0.19438
7116.61030,0.19560
7112.75306,0.19684
7108.89582,0.19813
7105.03858,0.19947
7101.18134,0.20077
7097.32410,0.20206
7093.46685,0.20345
7089.60961,0.20496
7085.75237,0.20649
7081.89513,0.20799
7078.03789,0.20949
7074.18065,0.21106
7070.32341,0.21272
7066.46616,0.21439
7062.60892,0.21593
7058.75168,0.21739
7054.89444,0.21887
7051.03720,0.22030
7047.17996,0.22169
7043.32272,0.22312
7039.46548,0.22450
7035.60823,0.22575
7031.75099,0.22688
7027.89375,0.22794
7024.03651,0.22899
7020.17927,0.23002
7016.32203,0.23101
7012.46479,0.23191
7008.60754,0.23275
7004.75030,0.23361
7000.89306,0.23446
6997.03582,0.23529
6993.17858,0.23606
6989.32134,0.23672
6985.46410,0.23737
6981.60685,0.23804
6977.74961,0.23868
6973.89237,0.23928
6970.03513,0.23984
6966.17789,0.24035
6962.32065,0.24089
6958.46341,0.24139
6954.60617,0.24178
6950.74892,0.24215
6946.89168,0.24261
6943.03444,0.24302
6939.17720,0.24332
6935.31996,0.24362
6931.46272,0.24399
6927.60548,0.24438
6923.74823,0.24479
6919.89099,0.24529
6916.03375,0.24583
6912.17651,0.24630
6908.31927,0.24661
6904.46203,0.24689
6900.60479,0.24726
6896.74754,0.24767
6892.89030,0.24804
6889.03306,0.24843
6885.17582,0.24882
6881.31858,0.24919
6877.46134,0.24962
6873.60410,0.25019
6869.74686,0.25083
6865.88961,0.25147
6862.03237,0.25212
6858.17513,0.25276
6854.31789,0.25339
6850.46065,0.25405
6846.60341,0.25474
6842.74617,0.25541
6838.88892,0.25608
6835.03168,0.25680
6831.17444,0.25752
6827.31720,0.25820
6823.45996,0.25887
6819.60272,0.25954
6815.74548,0.26020
6811.88824,0.26089
6808.03099,0.26160
6804.17375,0.26232
6800.31651,0.26306
6796.45927,0.26383
6792.60203,0.26457
6788.74479,0.26529
6784.88755,0.26601
6781.03030,0.26675
6777.17306,0.26752
6773.31582,0.26829
6769.45858,0.26899
6765.60134,0.26960
6761.74410,0.27010
6757.88686,0.27056
6754.02961,0.27096
6750.17237,0.27126
6746.31513,0.27147
6742.45789,0.27164
6738.60065,0.27178
6734.74341,0.27189
6730.88617,0.27199
6727.02893,0.27208
6723.17168,0.27216
6719.31444,0.27220
6715.45720,0.27222
6711.59996,0.27223
6707.74272,0.27224
6703.88548,0.27222
6700.02824,0.27220
6696.17099,0.27219
6692.31375,0.27215
6688.45651,0.27209
6684.59927,0.27197
6680.74203,0.27171
6676.88479,0.27144
6673.02755,0.27129
6669.17030,0.27113
6665.31306,0.27081
6661.45582,0.27034
6657.59858,0.26988
6653.74134,0.26958
6649.88410,0.26936
6646.02686,0.26899
6642.16962,0.26850
6638.31237,0.26802
6634.45513,0.26757
6630.59789,0.26706
6626.74065,0.26653
6622.88341,0.26604
6619.02617,0.26557
6615.16893,0.26506
6611.31168,0.26450
6607.45444,0.26392
6603.59720,0.26340
6599.73996,0.26298
6595.88272,0.26262
6592.02548,0.26228
6588.16824,0.26193
6584.31100,0.26167
6580.45375,0.26151
6576.59651,0.26134
6572.73927,0.26120
6568.88203,0.26114
6565.02479,0.26110
6561.16755,0.26110
6557.31031,0.26119
6553.45306,0.26132
6549.59582,0.26146
6545.73858,0.26161
6541.88134,0.26174
6538.02410,0.26180
6534.16686,0.26184
6530.30962,0.26192
6526.45237,0.26204
6522.59513,0.26217
6518.73789,0.26226
6514.88065,0.26235
6511.02341,0.26252
6507.16617,0.26271
6503.30893,0.26276
6499.45169,0.26272
6495.59444,0.26271
6491.73720,0.26267
6487.87996,0.26259
6484.02272,0.26259
6480.16548,0.26255
6476.30824,0.26241
6472.45100,0.26223
6468.59375,0.26200
6464.73651,0.26171
6460.87927,0.26146
6457.02203,0.26130
6453.16479,0.26114
6449.30755,0.26088
6445.45031,0.26053
6441.59306,0.26013
6437.73582,0.25973
6433.87858,0.25943
6430.02134,0.25916
6426.16410,0.25877
6422.30686,0.25835
6418.44962,0.25802
6414.59238,0.25769
6410.73513,0.25734
6406.87789,0.25706
6403.02065,0.25685
6399.16341,0.25667
6395.30617,0.25648
6391.44893,0.25627
6387.59169,0.25612
6383.73444,0.25604
6379.87720,0.25594
6376.01996,0.25573
6372.16272,0.25544
6368.30548,0.25517
6364.44824,0.25497
6360.59100,0.25479
6356.73376,0.25457
6352.87651,0.25435
6349.01927,0.25422
6345.16203,0.25412
6341.30479,0.25401
6337.44755,0.25397
6333.59031,0.25403
6329.73307,0.25406
6325.87582,0.25397
6322.01858,0.25381
6318.16134,0.25371
6314.30410,0.25370
6310.44686,0.25366
6306.58962,0.25356
6302.73238,0.25340
6298.87513,0.25317
6295.01789,0.25282
6291.16065,0.25239
6287.30341,0.25191
6283.44617,0.25134
6279.58893,0.25069
6275.73169,0.25001
6271.87445,0.24937
6268.01720,0.24876
6264.15996,0.24810
6260.30272,0.24728
6256.44548,0.24645
6252.58824,0.24570
6248.73100,0.24491
6244.87376,0.24403
6241.01651,0.24313
6237.15927,0.24220
6233.30203,0.24124
6229.44479,0.24028
6225.58755,0.23943
6221.73031,0.23876
6217.87307,0.23827
6214.01582,0.23798
6210.15858,0.23796
6206.30134,0.23824
6202.44410,0.23863
6198.58686,0.23881
6194.72962,0.23856
6190.87238,0.23781
6187.01514,0.23667
6183.15789,0.23539
6179.30065,0.23414
6175.44341,0.23310
6171.58617,0.23241
6167.72893,0.23201
6163.87169,0.23178
6160.01445,0.23180
6156.15720,0.23210
6152.29996,0.23259
6148.44272,0.23310
6144.58548,0.23340
6140.72824,0.23337
6136.87100,0.23314
6133.01376,0.23291
6129.15652,0.23286
6125.29927,0.23321
6121.44203,0.23415
6117.58479,0.23581
6113.72755,0.23826
6109.87031,0.24141
6106.01307,0.24521
6102.15583,0.24950
6098.29858,0.25410
6094.44134,0.25887
6090.58410,0.26368
6086.72686,0.26833
6082.86962,0.27270
6079.01238,0.27689
6075.15514,0.28129
6071.29789,0.28643
6067.44065,0.29247
6063.58341,0.29910
6059.72617,0.30570
6055.86893,0.31164
6052.01169,0.31673
6048.15445,0.32130
6044.29721,0.32575
6040.43996,0.33046
6036.58272,0.33578
6032.72548,0.34160
6028.86824,0.34711
6025.01100,0.35134
6021.15376,0.35361
6017.29652,0.35348
6013.43927,0.35070
6009.58203,0.34543
6005.72479,0.33830
6001.86755,0.33031
5998.01031,0.32244
5994.15307,0.31548
5990.29583,0.31001
5986.43858,0.30610
5982.58134,0.30337
5978.72410,0.30116
5974.86686,0.29865
5971.00962,0.29534
5967.15238,0.29145
5963.29514,0.28771
5959.43790,0.28483
5955.58065,0.28310
5951.72341,0.28222
5947.86617,0.28172
5944.00893,0.28108
5940.15169,0.27975
5936.29445,0.27731
5932.43721,0.27374
5928.57996,0.26952
5924.72272,0.26518
5920.86548,0.26110
5917.00824,0.25749
5913.15100,0.25457
5909.29376,0.25248
5905.43652,0.25133
5901.57927,0.25120
5897.72203,0.25206
5893.86479,0.25380
5890.00755,0.25615
5886.15031,0.25880
5882.29307,0.26143
5878.43583,0.26384
5874.57859,0.26597
5870.72134,0.26777
5866.86410,0.26912
5863.00686,0.26986
5859.14962,0.26991
5855.29238,0.26935
5851.43514,0.26848
5847.57790,0.26763
5843.72065,0.26701
5839.86341,0.26661
5836.00617,0.26645
5832.14893,0.26650
5828.29169,0.26664
5824.43445,0.26682
5820.57721,0.26708
5816.71997,0.26741
5812.86272,0.26770
5809.00548,0.26777
5805.14824,0.26758
5801.29100,0.26726
5797.43376,0.26694
5793.57652,0.26669
5789.71928,0.26646
5785.86203,0.26617
5782.00479,0.26580
5778.14755,0.26534
5774.29031,0.26472
5770.43307,0.26398
5766.57583,0.26313
5762.71859,0.26210
5758.86134,0.26078
5755.00410,0.25916
5751.14686,0.25735
5747.28962,0.25556
5743.43238,0.25384
5739.57514,0.25213
5735.71790,0.25047
5731.86066,0.24904
5728.00341,0.24801
5724.14617,0.24738
5720.28893,0.24713
5716.43169,0.24720
5712.57445,0.24745
5708.71721,0.24772
5704.85997,0.24782
5701.00272,0.24770
5697.14548,0.24739
5693.28824,0.24700
5689.43100,0.24655
5685.57376,0.24616
5681.71652,0.24595
5677.85928,0.24595
5674.00203,0.24605
5670.14479,0.24624
5666.28755,0.24661
5662.43031,0.24716
5658.57307,0.24764
5654.71583,0.24784
5650.85859,0.24774
5647.00135,0.24732
5643.14410,0.24658
5639.28686,0.24565
5635.42962,0.24472
5631.57238,0.24383
5627.71514,0.24300
5623.85790,0.24231
5620.00066,0.24180
5616.14341,0.24147
5612.28617,0.24132
5608.42893,0.24133
5604.57169,0.24151
5600.71445,0.24182
5596.85721,0.24219
5592.99997,0.24260
5589.14273,0.24308
5585.28548,0.24365
5581.42824,0.24430
5577.57100,0.24499
5573.71376,0.24562
5569.85652,0.24608
5565.99928,0.24638
5562.14204,0.24655
5558.28479,0.24655
5554.42755,0.24648
5550.57031,0.24644
5546.71307,0.24640
5542.85583,0.24635
5538.99859,0.24633
5535.14135,0.24635
5531.28410,0.24633
5527.42686,0.24619
5523.56962,0.24594
5519.71238,0.24558
5515.85514,0.24514
5511.99790,0.24480
5508.14066,0.24462
5504.28342,0.24458
5500.42617,0.24476
5496.56893,0.24518
5492.71169,0.24581
5488.85445,0.24648
5484.99721,0.24701
5481.13997,0.24729
5477.28273,0.24730
5473.42548,0.24703
5469.56824,0.24653
5465.71100,0.24582
5461.85376,0.24489
5457.99652,0.24380
5454.13928,0.24263
5450.28204,0.24136
5446.42479,0.23993
5442.56755,0.23840
5438.71031,0.23691
5434.85307,0.23548
5430.99583,0.23412
5427.13859,0.23291
5423.28135,0.23203
5419.42411,0.23144
5415.56686,0.23098
5411.70962,0.23062
5407.85238,0.23039
5403.99514,0.23028
5400.13790,0.23021
5396.28066,0.23016
5392.42342,0.23012
5388.56617,0.23018
5384.70893,0.23038
5380.85169,0.23061
5376.99445,0.23085
5373.13721,0.23117
5369.27997,0.23166
5365.42273,0.23232
5361.56549,0.23306
5357.70824,0.23383
5353.85100,0.23457
5349.99376,0.23524
5346.13652,0.23584
5342.27928,0.23639
5338.42204,0.23690
5334.56480,0.23747
5330.70755,0.23822
5326.85031,0.23922
5322.99307,0.24051
5319.13583,0.24213
5315.27859,0.24417
5311.42135,0.24658
5307.56411,0.24937
5303.70686,0.25255
5299.84962,0.25613
5295.99238,0.26005
5292.13514,0.26443
5288.27790,0.26954
5284.42066,0.27537
5280.56342,0.28178
5276.70618,0.28851
5272.84893,0.29537
5268.99169,0.30228
5265.13445,0.30925
5261.27721,0.31586
5257.41997,0.32161
5253.56273,0.32657
5249.70549,0.33092
5245.84824,0.33481
5241.99100,0.33813
5238.13376,0.34077
5234.27652,0.34290
5230.41928,0.34459
5226.56204,0.34592
5222.70480,0.34698
5218.84755,0.34784
5214.99031,0.34849
5211.13307,0.34898
5207.27583,0.34931
5203.41859,0.34955
5199.56135,0.34976
5195.70411,0.34990
5191.84687,0.34994
5187.98962,0.34997
5184.13238,0.34998
5180.27514,0.34993
5176.41790,0.34978
5172.56066,0.34951
5168.70342,0.34912
5164.84618,0.34867
5160.98893,0.34821
5157.13169,0.34784
5153.27445,0.34755
5149.41721,0.34723
5145.55997,0.34679
5141.70273,0.34622
5137.84549,0.34565
5133.98825,0.34513
5130.13100,0.34467
5126.27376,0.34420
5122.41652,0.34347
5118.55928,0.34215
5114.70204,0.34013
5110.84480,0.33758
5106.98756,0.33472
5103.13031,0.33173
5099.27307,0.32874
5095.41583,0.32584
5091.55859,0.32312
5087.70135,0.32067
5083.84411,0.31843
5079.98687,0.31633
5076.12962,0.31434
5072.27238,0.31250
5068.41514,0.31080
5064.55790,0.30916
5060.70066,0.30753
5056.84342,0.30601
5052.98618,0.30464
5049.12894,0.30335
5045.27169,0.30208
5041.41445,0.30093
5037.55721,0.29986
5033.69997,0.29879
5029.84273,0.29775
5025.98549,0.29679
5022.12825,0.29590
5018.27100,0.29506
5014.41376,0.29426
5010.55652,0.29345
5006.69928,0.29265
5002.84204,0.29192
4998.98480,0.29123
4995.12756,0.29053
4991.27031,0.28984
4987.41307,0.28927
4983.55583,0.28888
4979.69859,0.28864
4975.84135,0.28856
4971.98411,0.28874
4968.12687,0.28919
4964.26963,0.28987
4960.41238,0.29075
4956.55514,0.29190
4952.69790,0.29334
4948.84066,0.29490
4944.98342,0.29646
4941.12618,0.29811
4937.26894,0.29990
4933.41169,0.30175
4929.55445,0.30371
4925.69721,0.30581
4921.83997,0.30808
4917.98273,0.31054
4914.12549,0.31311
4910.26825,0.31575
4906.41101,0.31852
4902.55376,0.32148
4898.69652,0.32460
4894.83928,0.32779
4890.98204,0.33104
4887.12480,0.33438
4883.26756,0.33781
4879.41032,0.34126
4875.55307,0.34466
4871.69583,0.34801
4867.83859,0.35127
4863.98135,0.35437
4860.12411,0.35733
4856.26687,0.36030
4852.40963,0.36340
4848.55238,0.36667
4844.69514,0.37021
4840.83790,0.37408
4836.98066,0.37823
4833.12342,0.38252
4829.26618,0.38681
4825.40894,0.39095
4821.55170,0.39490
4817.69445,0.39864
4813.83721,0.40206
4809.97997,0.40514
4806.12273,0.40797
4802.26549,0.41055
4798.40825,0.41268
4794.55101,0.41429
4790.69376,0.41547
4786.83652,0.41627
4782.97928,0.41674
4779.12204,0.41704
4775.26480,0.41739
4771.40756,0.41794
4767.55032,0.41878
4763.69307,0.42006
4759.83583,0.42190
4755.97859,0.42423
4752.12135,0.42677
4748.26411,0.42924
4744.40687,0.43160
4740.54963,0.43394
4736.69239,0.43647
4732.83514,0.43962
4728.97790,0.44363
4725.12066,0.44794
4721.26342,0.45136
4717.40618,0.45308
4713.54894,0.45359
4709.69170,0.45446
4705.83445,0.45704
4701.97721,0.46174
4698.11997,0.46765
4694.26273,0.47268
4690.40549,0.47453
4686.54825,0.47199
4682.69101,0.46526
4678.83377,0.45585
4674.97652,0.44596
4671.11928,0.43759
4667.26204,0.43162
4663.40480,0.42788
4659.54756,0.42575
4655.69032,0.42505
4651.83308,0.42618
4647.97583,0.42957
4644.11859,0.43481
4640.26135,0.44016
4636.40411,0.44312
4632.54687,0.44151
4628.68963,0.43479
4624.83239,0.42458
4620.97514,0.41367
4617.11790,0.40438
4613.26066,0.39770
4609.40342,0.39366
4605.54618,0.39201
4601.68894,0.39265
4597.83170,0.39516
4593.97446,0.39831
4590.11721,0.40100
4586.25997,0.40312
4582.40273,0.40442
4578.54549,0.40322
4574.68825,0.39794
4570.83101,0.38950
4566.97377,0.38064
4563.11652,0.37365
4559.25928,0.36917
4555.40204,0.36667
4551.54480,0.36532
4547.68756,0.36446
4543.83032,0.36373
4539.97308,0.36311
4536.11583,0.36280
4532.25859,0.36290
4528.40135,0.36350
4524.54411,0.36470
4520.68687,0.36648
4516.82963,0.36892
4512.97239,0.37225
4509.11515,0.37684
4505.25790,0.38300
4501.40066,0.39093
4497.54342,0.40033
4493.68618,0.41011
4489.82894,0.41877
4485.97170,0.42561
4482.11446,0.43133
4478.25721,0.43752
4474.39997,0.44577
4470.54273,0.45715
4466.68549,0.47161
4462.82825,0.48701
4458.97101,0.49963
4455.11377,0.50743
4451.25653,0.51205
4447.39928,0.51647
4443.54204,0.52197
4439.68480,0.52775
4435.82756,0.53214
4431.97032,0.53374
4428.11308,0.53199
4424.25584,0.52769
4420.39859,0.52297
4416.54135,0.52003
4412.68411,0.51976
4408.82687,0.52126
4404.96963,0.52254
4401.11239,0.52184
4397.25515,0.51866
4393.39790,0.51379
4389.54066,0.50848
4385.68342,0.50380
4381.82618,0.50015
4377.96894,0.49752
4374.11170,0.49595
4370.25446,0.49557
4366.39722,0.49637
4362.53997,0.49795
4358.68273,0.49971
4354.82549,0.50128
4350.96825,0.50293
4347.11101,0.50520
4343.25377,0.50813
4339.39653,0.51118
4335.53928,0.51391
4331.68204,0.51626
4327.82480,0.51849
4323.96756,0.52098
4320.11032,0.52402
4316.25308,0.52777
4312.39584,0.53235
4308.53859,0.53770
4304.68135,0.54353
4300.82411,0.54931
4296.96687,0.55443
4293.10963,0.55819
4289.25239,0.56019
4285.39515,0.56067
4281.53791,0.56029
4277.68066,0.55954
4273.82342,0.55830
4269.96618,0.55627
4266.10894,0.55364
4262.25170,0.55115
4258.39446,0.54945
4254.53722,0.54883
4250.67997,0.54907
4246.82273,0.54939
4242.96549,0.54894
4239.10825,0.54753
4235.25101,0.54582
4231.39377,0.54458
4227.53653,0.54369
4223.67929,0.54224
4219.82204,0.53967
4215.96480,0.53641
4212.10756,0.53332
4208.25032,0.53086
4204.39308,0.52885
4200.53584,0.52713
4196.67860,0.52612
4192.82135,0.52669
4188.96411,0.52939
4185.10687,0.53387
4181.24963,0.53856
4177.39239,0.54085
4173.53515,0.53887
4169.67791,0.53328
4165.82066,0.52646
4161.96342,0.52058
4158.10618,0.51674
4154.24894,0.51505
4150.39170,0.51515
4146.53446,0.51687
4142.67722,0.52021
4138.81998,0.52474
4134.96273,0.52936
4131.10549,0.53317
4127.24825,0.53631
4123.39101,0.53959
4119.53377,0.54373
4115.67653,0.54932
4111.81929,0.55688
4107.96204,0.56673
4104.10480,0.57939
4100.24756,0.59578
4096.39032,0.61498
4092.53308,0.63134
4088.67584,0.63798
4084.81860,0.63350
4080.96135,0.62199
4077.10411,0.60849
4073.24687,0.59700
4069.38963,0.58940
4065.53239,0.58543
4061.67515,0.58406
4057.81791,0.58447
4053.96067,0.58603
4050.10342,0.58802
4046.24618,0.58983
4042.38894,0.59120
4038.53170,0.59211
4034.67446,0.59268
4030.81722,0.59309
4026.95998,0.59339
4023.10273,0.59352
4019.24549,0.59348
4015.38825,0.59309
4011.53101,0.59204
4007.67377,0.59037
4003.81653,0.58823
3999.95929,0.58568
3996.10205,0.58274
3992.24480,0.57978
3988.38756,0.57726
3984.53032,0.57519
3980.67308,0.57345
3976.81584,0.57198
3972.95860,0.57057
3969.10136,0.56877
3965.24411,0.56634
3961.38687,0.56343
3957.52963,0.56041
3953.67239,0.55750
3949.81515,0.55464
3945.95791,0.55186
3942.10067,0.54922
3938.24342,0.54682
3934.38618,0.54461
3930.52894,0.54254
3926.67170,0.54073
3922.81446,0.53896
3918.95722,0.53710
3915.09998,0.53528
3911.24274,0.53338
3907.38549,0.53091
3903.52825,0.52723
3899.67101,0.52301
3895.81377,0.51956
3891.95653,0.51658
3888.09929,0.51399
3884.24205,0.51197
3880.38480,0.51036
3876.52756,0.50881
3872.67032,0.50672
3868.81308,0.50375
3864.95584,0.50047
3861.09860,0.49768
3857.24136,0.49517
3853.38411,0.49228
3849.52687,0.49007
3845.66963,0.48883
3841.81239,0.48765
3837.95515,0.48674
3834.09791,0.48656
3830.24067,0.48667
3826.38343,0.48693
3822.52618,0.48787
3818.66894,0.49041
3814.81170,0.49387
3810.95446,0.49658
3807.09722,0.49807
3803.23998,0.49807
3799.38274,0.49650
3795.52549,0.49460
3791.66825,0.49346
3787.81101,0.49325
3783.95377,0.49402
3780.09653,0.49575
3776.23929,0.49799
3772.38205,0.50059
3768.52481,0.50405
3764.66756,0.50790
3760.81032,0.51089
3756.95308,0.51213
3753.09584,0.51102
3749.23860,0.50847
3745.38136,0.50754
3741.52412,0.50919
3737.66687,0.51281
3733.80963,0.51787
3729.95239,0.52161
3726.09515,0.52342
3722.23791,0.52524
3718.38067,0.52818
3714.52343,0.53291
3710.66618,0.54109
3706.80894,0.55202
3702.95170,0.56448
3699.09446,0.57930
3695.23722,0.59605
3691.37998,0.61785
3687.52274,0.64470
3683.66550,0.66482
3679.80825,0.67891
3675.95101,0.69615
3672.09377,0.72019
3668.23653,0.74427
3664.37929,0.76463
3660.52205,0.78363
3656.66481,0.80302
3652.80756,0.82354
3648.95032,0.84743
3645.09308,0.86945
3641.23584,0.88307
3637.37860,0.89370
3633.52136,0.90399
3629.66412,0.91295
3625.80687,0.92104
3621.94963,0.93076
3618.09239,0.94351
3614.23515,0.95056
3610.37791,0.95094
3606.52067,0.95235
3602.66343,0.95383
3598.80619,0.95511
