12493.60475,0.15243
12489.74751,0.15705
12485.89027,0.16008
12482.03303,0.15958
12478.17579,0.15754
12474.31855,0.15609
12470.46130,0.15663
12466.60406,0.15804
12462.74682,0.15753
12458.88958,0.15440
12455.03234,0.15079
12451.17510,0.14989
12447.31786,0.15159
12443.46062,0.15379
12439.60337,0.15547
12435.74613,0.15490
12431.88889,0.15130
12428.03165,0.14806
12424.17441,0.14955
12420.31717,0.15450
12416.45993,0.15620
12412.60268,0.15272
12408.74544,0.15037
12404.88820,0.15322
12401.03096,0.15705
12397.17372,0.15763
12393.31648,0.15588
12389.45924,0.15469
12385.60199,0.15508
12381.74475,0.15570
12377.88751,0.15615
12374.03027,0.15608
12370.17303,0.15393
12366.31579,0.14978
12362.45855,0.14664
12358.60131,0.14804
12354.74406,0.15288
12350.88682,0.15564
12347.02958,0.15388
12343.17234,0.15122
12339.31510,0.15146
12335.45786,0.15464
12331.60062,0.15830
12327.74337,0.15976
12323.88613,0.15866
12320.02889,0.15667
12316.17165,0.15484
12312.31441,0.15254
12308.45717,0.14991
12304.59993,0.15003
12300.74268,0.15319
12296.88544,0.15382
12293.02820,0.15074
12289.17096,0.14956
12285.31372,0.15193
12281.45648,0.15497
12277.59924,0.15696
12273.74200,0.15718
12269.88475,0.15657
12266.02751,0.15667
12262.17027,0.15721
12258.31303,0.15691
12254.45579,0.15489
12250.59855,0.15213
12246.74131,0.15152
12242.88406,0.15297
12239.02682,0.15278
12235.16958,0.15148
12231.31234,0.15188
12227.45510,0.15196
12223.59786,0.15083
12219.74062,0.15087
12215.88338,0.15110
12212.02613,0.15013
12208.16889,0.14931
12204.31165,0.14941
12200.45441,0.15029
12196.59717,0.15136
12192.73993,0.15166
12188.88269,0.15116
12185.02544,0.14987
12181.16820,0.14832
12177.31096,0.14754
12173.45372,0.14728
12169.59648,0.14687
12165.73924,0.14639
12161.88200,0.14680
12158.02475,0.14835
12154.16751,0.14945
12150.31027,0.14938
12146.45303,0.14987
12142.59579,0.15102
12138.73855,0.15083
12134.88131,0.14932
12131.02407,0.14789
12127.16682,0.14739
12123.30958,0.14690
12119.45234,0.14476
12115.59510,0.14295
12111.73786,0.14425
12107.88062,0.14703
12104.02338,0.14847
12100.16613,0.14849
12096.30889,0.14771
12092.45165,0.14656
12088.59441,0.14685
12084.73717,0.14832
12080.87993,0.14848
12077.02269,0.14728
12073.16544,0.14570
12069.30820,0.14462
12065.45096,0.14570
12061.59372,0.14853
12057.73648,0.15040
12053.87924,0.14986
12050.02200,0.14885
12046.16476,0.14985
12042.30751,0.15137
12038.45027,0.15049
12034.59303,0.14793
12030.73579,0.14625
12026.87855,0.14669
12023.02131,0.14814
12019.16407,0.14904
12015.30682,0.15008
12011.44958,0.15110
12007.59234,0.15062
12003.73510,0.14997
11999.87786,0.15034
11996.02062,0.15113
11992.16338,0.15263
11988.30614,0.15401
11984.44889,0.15356
11980.59165,0.15222
11976.73441,0.15144
11972.87717,0.15081
11969.01993,0.15070
11965.16269,0.15165
11961.30545,0.15252
11957.44820,0.15249
11953.59096,0.15159
11949.73372,0.14986
11945.87648,0.14861
11942.01924,0.14971
11938.16200,0.15217
11934.30476,0.15357
11930.44751,0.15370
11926.59027,0.15325
11922.73303,0.15211
11918.87579,0.15104
11915.01855,0.15157
11911.16131,0.15332
11907.30407,0.15477
11903.44683,0.15525
11899.58958,0.15432
11895.73234,0.15299
11891.87510,0.15225
11888.01786,0.15166
11884.16062,0.15206
11880.30338,0.15396
11876.44614,0.15525
11872.58889,0.15396
11868.73165,0.15129
11864.87441,0.15026
11861.01717,0.15171
11857.15993,0.15396
11853.30269,0.15532
11849.44545,0.15539
11845.58820,0.15489
11841.73096,0.15472
11837.87372,0.15477
11834.01648,0.15469
11830.15924,0.15484
11826.30200,0.15521
11822.44476,0.15509
11818.58752,0.15353
11814.73027,0.15122
11810.87303,0.15024
11807.01579,0.15069
11803.15855,0.15163
11799.30131,0.15275
11795.44407,0.15307
11791.58683,0.15187
11787.72958,0.15112
11783.87234,0.15281
11780.01510,0.15461
11776.15786,0.15442
11772.30062,0.15411
11768.44338,0.15477
11764.58614,0.15550
11760.72890,0.15571
11756.87165,0.15507
11753.01441,0.15435
11749.15717,0.15427
11745.29993,0.15356
11741.44269,0.15243
11737.58545,0.15266
11733.72821,0.15296
11729.87096,0.15177
11726.01372,0.15088
11722.15648,0.15132
11718.29924,0.15214
11714.44200,0.15270
11710.58476,0.15334
11706.72752,0.15489
11702.87027,0.15586
11699.01303,0.15383
11695.15579,0.15124
11691.29855,0.15204
11687.44131,0.15431
11683.58407,0.15375
11679.72683,0.15131
11675.86959,0.15098
11672.01234,0.15285
11668.15510,0.15377
11664.29786,0.15260
11660.44062,0.15157
11656.58338,0.15234
11652.72614,0.15303
11648.86890,0.15182
11645.01165,0.15061
11641.15441,0.15154
11637.29717,0.15265
11633.43993,0.15254
11629.58269,0.15289
11625.72545,0.15343
11621.86821,0.15269
11618.01096,0.15139
11614.15372,0.15090
11610.29648,0.15102
11606.43924,0.15004
11602.58200,0.14810
11598.72476,0.14734
11594.86752,0.14820
11591.01028,0.14941
11587.15303,0.15012
11583.29579,0.15037
11579.43855,0.15018
11575.58131,0.14913
11571.72407,0.14809
11567.86683,0.14923
11564.00959,0.15204
11560.15234,0.15336
11556.29510,0.15261
11552.43786,0.15199
11548.58062,0.15227
11544.72338,0.15238
11540.86614,0.15244
11537.00890,0.15312
11533.15166,0.15330
11529.29441,0.15235
11525.43717,0.15167
11521.57993,0.15145
11517.72269,0.15066
11513.86545,0.15029
11510.00821,0.15181
11506.15097,0.15359
11502.29372,0.15335
11498.43648,0.15160
11494.57924,0.15018
11490.72200,0.14995
11486.86476,0.15000
11483.00752,0.15002
11479.15028,0.15077
11475.29303,0.15163
11471.43579,0.15106
11467.57855,0.14925
11463.72131,0.14872
11459.86407,0.15058
11456.00683,0.15260
11452.14959,0.15310
11448.29235,0.15249
11444.43510,0.15123
11440.57786,0.14992
11436.72062,0.15034
11432.86338,0.15256
11429.00614,0.15300
11425.14890,0.15044
11421.29166,0.14848
11417.43441,0.14904
11413.57717,0.15025
11409.71993,0.15109
11405.86269,0.15181
11402.00545,0.15196
11398.14821,0.15171
11394.29097,0.15196
11390.43372,0.15251
11386.57648,0.15227
11382.71924,0.15036
11378.86200,0.14784
11375.00476,0.14705
11371.14752,0.14828
11367.29028,0.14946
11363.43304,0.14858
11359.57579,0.14645
11355.71855,0.14647
11351.86131,0.14938
11348.00407,0.15207
11344.14683,0.15263
11340.28959,0.15158
11336.43235,0.15019
11332.57510,0.14987
11328.71786,0.15056
11324.86062,0.15071
11321.00338,0.14979
11317.14614,0.14980
11313.28890,0.15203
11309.43166,0.15419
11305.57442,0.15397
11301.71717,0.15216
11297.85993,0.15048
11294.00269,0.14960
11290.14545,0.14930
11286.28821,0.14873
11282.43097,0.14787
11278.57373,0.14718
11274.71648,0.14603
11270.85924,0.14474
11267.00200,0.14467
11263.14476,0.14581
11259.28752,0.14790
11255.43028,0.15037
11251.57304,0.15193
11247.71579,0.15267
11243.85855,0.15334
11240.00131,0.15349
11236.14407,0.15308
11232.28683,0.15252
11228.42959,0.15118
11224.57235,0.14923
11220.71511,0.14797
11216.85786,0.14723
11213.00062,0.14620
11209.14338,0.14474
11205.28614,0.14310
11201.42890,0.14229
11197.57166,0.14349
11193.71442,0.14549
11189.85717,0.14652
11185.99993,0.14738
11182.14269,0.14839
11178.28545,0.14844
11174.42821,0.14753
11170.57097,0.14619
11166.71373,0.14555
11162.85648,0.14571
11158.99924,0.14470
11155.14200,0.14301
11151.28476,0.14311
11147.42752,0.14445
11143.57028,0.14508
11139.71304,0.14514
11135.85580,0.14540
11131.99855,0.14551
11128.14131,0.14564
11124.28407,0.14603
11120.42683,0.14604
11116.56959,0.14644
11112.71235,0.14805
11108.85511,0.14908
11104.99786,0.14847
11101.14062,0.14748
11097.28338,0.14680
11093.42614,0.14643
11089.56890,0.14647
11085.71166,0.14640
11081.85442,0.14608
11077.99718,0.14649
11074.13993,0.14755
11070.28269,0.14796
11066.42545,0.14767
11062.56821,0.14756
11058.71097,0.14793
11054.85373,0.14856
11050.99649,0.14846
11047.13924,0.14734
11043.28200,0.14670
11039.42476,0.14712
11035.56752,0.14785
11031.71028,0.14815
11027.85304,0.14742
11023.99580,0.14613
11020.13855,0.14535
11016.28131,0.14545
11012.42407,0.14606
11008.56683,0.14662
11004.70959,0.14663
11000.85235,0.14661
10996.99511,0.14750
10993.13787,0.14838
10989.28062,0.14785
10985.42338,0.14645
10981.56614,0.14529
10977.70890,0.14511
10973.85166,0.14571
10969.99442,0.14606
10966.13718,0.14642
10962.27993,0.14738
10958.42269,0.14796
10954.56545,0.14754
10950.70821,0.14682
10946.85097,0.14642
10942.99373,0.14615
10939.13649,0.14560
10935.27924,0.14534
10931.42200,0.14556
10927.56476,0.14510
10923.70752,0.14425
10919.85028,0.14426
10915.99304,0.14485
10912.13580,0.14500
10908.27856,0.14449
10904.42131,0.14381
10900.56407,0.14367
10896.70683,0.14421
10892.84959,0.14480
10888.99235,0.14490
10885.13511,0.14449
10881.27787,0.14391
10877.42062,0.14355
10873.56338,0.14355
10869.70614,0.14380
10865.84890,0.14378
10861.99166,0.14329
10858.13442,0.14278
10854.27718,0.14280
10850.41993,0.14330
10846.56269,0.14320
10842.70545,0.14268
10838.84821,0.14311
10834.99097,0.14364
10831.13373,0.14283
10827.27649,0.14190
10823.41925,0.14219
10819.56200,0.14259
10815.70476,0.14257
10811.84752,0.14272
10807.99028,0.14230
10804.13304,0.14100
10800.27580,0.14029
10796.41856,0.14057
10792.56131,0.14096
10788.70407,0.14157
10784.84683,0.14243
10780.98959,0.14236
10777.13235,0.14145
10773.27511,0.14131
10769.41787,0.14212
10765.56063,0.14269
10761.70338,0.14254
10757.84614,0.14221
10753.98890,0.14246
10750.13166,0.14296
10746.27442,0.14241
10742.41718,0.14144
10738.55994,0.14172
10734.70269,0.14255
10730.84545,0.14262
10726.98821,0.14216
10723.13097,0.14171
10719.27373,0.14164
10715.41649,0.14220
10711.55925,0.14276
10707.70200,0.14277
10703.84476,0.14244
10699.98752,0.14187
10696.13028,0.14137
10692.27304,0.14145
10688.41580,0.14174
10684.55856,0.14179
10680.70132,0.14190
10676.84407,0.14215
10672.98683,0.14229
10669.12959,0.14234
10665.27235,0.14246
10661.41511,0.14271
10657.55787,0.14317
10653.70063,0.14338
10649.84338,0.14289
10645.98614,0.14242
10642.12890,0.14230
10638.27166,0.14218
10634.41442,0.14210
10630.55718,0.14194
10626.69994,0.14159
10622.84269,0.14136
10618.98545,0.14151
10615.12821,0.14166
10611.27097,0.14142
10607.41373,0.14132
10603.55649,0.14144
10599.69925,0.14112
10595.84201,0.14060
10591.98476,0.14071
10588.12752,0.14120
10584.27028,0.14126
10580.41304,0.14117
10576.55580,0.14139
10572.69856,0.14151
10568.84132,0.14123
10564.98407,0.14092
10561.12683,0.14091
10557.26959,0.14114
10553.41235,0.14127
10549.55511,0.14090
10545.69787,0.14028
10541.84063,0.13990
10537.98339,0.13953
10534.12614,0.13907
10530.26890,0.13882
10526.41166,0.13856
10522.55442,0.13816
10518.69718,0.13806
10514.83994,0.13837
10510.98270,0.13894
10507.12545,0.13981
10503.26821,0.14072
10499.41097,0.14115
10495.55373,0.14075
10491.69649,0.13975
10487.83925,0.13891
10483.98201,0.13862
10480.12476,0.13870
10476.26752,0.13883
10472.41028,0.13878
10468.55304,0.13878
10464.69580,0.13894
10460.83856,0.13907
10456.98132,0.13894
10453.12408,0.13844
10449.26683,0.13786
10445.40959,0.13756
10441.55235,0.13735
10437.69511,0.13719
10433.83787,0.13752
10429.98063,0.13800
10426.12339,0.13801
10422.26614,0.13806
10418.40890,0.13848
10414.55166,0.13858
10410.69442,0.13814
10406.83718,0.13776
10402.97994,0.13763
10399.12270,0.13756
10395.26545,0.13735
10391.40821,0.13694
10387.55097,0.13678
10383.69373,0.13705
10379.83649,0.13744
10375.97925,0.13786
10372.12201,0.13793
10368.26477,0.13757
10364.40752,0.13749
10360.55028,0.13768
10356.69304,0.13763
10352.83580,0.13743
10348.97856,0.13742
10345.12132,0.13771
10341.26408,0.13799
10337.40683,0.13787
10333.54959,0.13768
10329.69235,0.13798
10325.83511,0.13840
10321.97787,0.13856
10318.12063,0.13869
10314.26339,0.13885
10310.40615,0.13900
10306.54890,0.13918
10302.69166,0.13936
10298.83442,0.13942
10294.97718,0.13922
10291.11994,0.13869
10287.26270,0.13804
10283.40546,0.13783
10279.54821,0.13826
10275.69097,0.13869
10271.83373,0.13863
10267.97649,0.13824
10264.11925,0.13827
10260.26201,0.13896
10256.40477,0.13952
10252.54752,0.13938
10248.69028,0.13874
10244.83304,0.13822
10240.97580,0.13839
10237.11856,0.13883
10233.26132,0.13895
10229.40408,0.13898
10225.54684,0.13917
10221.68959,0.13929
10217.83235,0.13917
10213.97511,0.13910
10210.11787,0.13925
10206.26063,0.13912
10202.40339,0.13848
10198.54615,0.13815
10194.68890,0.13852
10190.83166,0.13869
10186.97442,0.13837
10183.11718,0.13811
10179.25994,0.13817
10175.40270,0.13845
10171.54546,0.13868
10167.68821,0.13870
10163.83097,0.13865
10159.97373,0.13872
10156.11649,0.13925
10152.25925,0.13997
10148.40201,0.13992
10144.54477,0.13918
10140.68753,0.13881
10136.83028,0.13909
10132.97304,0.13959
10129.11580,0.13991
10125.25856,0.13978
10121.40132,0.13934
10117.54408,0.13914
10113.68684,0.13944
10109.82959,0.13971
10105.97235,0.13942
10102.11511,0.13893
10098.25787,0.13870
10094.40063,0.13860
10090.54339,0.13845
10086.68615,0.13821
10082.82891,0.13805
10078.97166,0.13818
10075.11442,0.13839
10071.25718,0.13855
10067.39994,0.13881
10063.54270,0.13888
10059.68546,0.13855
10055.82822,0.13832
10051.97097,0.13848
10048.11373,0.13874
10044.25649,0.13887
10040.39925,0.13900
10036.54201,0.13920
10032.68477,0.13938
10028.82753,0.13950
10024.97028,0.13960
10021.11304,0.13969
10017.25580,0.13979
10013.39856,0.13972
10009.54132,0.13926
10005.68408,0.13872
10001.82684,0.13865
9997.96960,0.13897
9994.11235,0.13914
9990.25511,0.13897
9986.39787,0.13878
9982.54063,0.13884
9978.68339,0.13887
9974.82615,0.13862
9970.96891,0.13865
9967.11166,0.13924
9963.25442,0.13971
9959.39718,0.13979
9955.53994,0.13977
9951.68270,0.13964
9947.82546,0.13941
9943.96822,0.13929
9940.11097,0.13941
9936.25373,0.13950
9932.39649,0.13940
9928.53925,0.13922
9924.68201,0.13881
9920.82477,0.13810
9916.96753,0.13766
9913.11029,0.13778
9909.25304,0.13821
9905.39580,0.13861
9901.53856,0.13881
9897.68132,0.13878
9893.82408,0.13859
9889.96684,0.13853
9886.10960,0.13862
9882.25235,0.13861
9878.39511,0.13848
9874.53787,0.13825
9870.68063,0.13811
9866.82339,0.13813
9862.96615,0.13813
9859.10891,0.13795
9855.25167,0.13772
9851.39442,0.13785
9847.53718,0.13835
9843.67994,0.13870
9839.82270,0.13864
9835.96546,0.13851
9832.10822,0.13866
9828.25098,0.13887
9824.39373,0.13862
9820.53649,0.13799
9816.67925,0.13768
9812.82201,0.13775
9808.96477,0.13762
9805.10753,0.13741
9801.25029,0.13748
9797.39304,0.13761
9793.53580,0.13766
9789.67856,0.13768
9785.82132,0.13764
9781.96408,0.13759
9778.10684,0.13764
9774.24960,0.13783
9770.39236,0.13789
9766.53511,0.13763
9762.67787,0.13750
9758.82063,0.13775
9754.96339,0.13769
9751.10615,0.13712
9747.24891,0.13671
9743.39167,0.13674
9739.53442,0.13707
9735.67718,0.13735
9731.81994,0.13728
9727.96270,0.13692
9724.10546,0.13673
9720.24822,0.13700
9716.39098,0.13742
9712.53373,0.13761
9708.67649,0.13763
9704.81925,0.13764
9700.96201,0.13766
9697.10477,0.13770
9693.24753,0.13768
9689.39029,0.13740
9685.53305,0.13685
9681.67580,0.13629
9677.81856,0.13599
9673.96132,0.13607
9670.10408,0.13649
9666.24684,0.13676
9662.38960,0.13653
9658.53236,0.13611
9654.67511,0.13611
9650.81787,0.13646
9646.96063,0.13658
9643.10339,0.13650
9639.24615,0.13640
9635.38891,0.13618
9631.53167,0.13602
9627.67443,0.13609
9623.81718,0.13612
9619.95994,0.13604
9616.10270,0.13608
9612.24546,0.13602
9608.38822,0.13563
9604.53098,0.13530
9600.67374,0.13533
9596.81649,0.13540
9592.95925,0.13528
9589.10201,0.13518
9585.24477,0.13529
9581.38753,0.13546
9577.53029,0.13558
9573.67305,0.13544
9569.81580,0.13513
9565.95856,0.13505
9562.10132,0.13517
9558.24408,0.13535
9554.38684,0.13559
9550.52960,0.13567
9546.67236,0.13533
9542.81512,0.13471
9538.95787,0.13438
9535.10063,0.13468
9531.24339,0.13511
9527.38615,0.13525
9523.52891,0.13531
9519.67167,0.13545
9515.81443,0.13548
9511.95718,0.13523
9508.09994,0.13474
9504.24270,0.13434
9500.38546,0.13436
9496.52822,0.13464
9492.67098,0.13478
9488.81374,0.13460
9484.95649,0.13440
9481.09925,0.13439
9477.24201,0.13435
9473.38477,0.13415
9469.52753,0.13409
9465.67029,0.13427
9461.81305,0.13442
9457.95581,0.13444
9454.09856,0.13440
9450.24132,0.13449
9446.38408,0.13467
9442.52684,0.13461
9438.66960,0.13452
9434.81236,0.13465
9430.95512,0.13467
9427.09787,0.13441
9423.24063,0.13400
9419.38339,0.13363
9415.52615,0.13342
9411.66891,0.13348
9407.81167,0.13378
9403.95443,0.13408
9400.09719,0.13407
9396.23994,0.13387
9392.38270,0.13383
9388.52546,0.13397
9384.66822,0.13407
9380.81098,0.13419
9376.95374,0.13441
9373.09650,0.13453
9369.23925,0.13424
9365.38201,0.13362
9361.52477,0.13341
9357.66753,0.13375
9353.81029,0.13391
9349.95305,0.13375
9346.09581,0.13376
9342.23856,0.13397
9338.38132,0.13411
9334.52408,0.13407
9330.66684,0.13393
9326.80960,0.13370
9322.95236,0.13354
9319.09512,0.13376
9315.23788,0.13426
9311.38063,0.13451
9307.52339,0.13425
9303.66615,0.13382
9299.80891,0.13354
9295.95167,0.13347
9292.09443,0.13363
9288.23719,0.13383
9284.37994,0.13379
9280.52270,0.13371
9276.66546,0.13375
9272.80822,0.13367
9268.95098,0.13352
9265.09374,0.13358
9261.23650,0.13369
9257.37925,0.13356
9253.52201,0.13341
9249.66477,0.13339
9245.80753,0.13338
9241.95029,0.13354
9238.09305,0.13395
9234.23581,0.13406
9230.37857,0.13372
9226.52132,0.13346
9222.66408,0.13354
9218.80684,0.13369
9214.94960,0.13374
9211.09236,0.13378
9207.23512,0.13383
9203.37788,0.13375
9199.52063,0.13349
9195.66339,0.13324
9191.80615,0.13320
9187.94891,0.13336
9184.09167,0.13350
9180.23443,0.13350
9176.37719,0.13341
9172.51995,0.13341
9168.66270,0.13348
9164.80546,0.13337
9160.94822,0.13322
9157.09098,0.13320
9153.23374,0.13323
9149.37650,0.13330
9145.51926,0.13342
9141.66201,0.13352
9137.80477,0.13354
9133.94753,0.13355
9130.09029,0.13378
9126.23305,0.13425
9122.37581,0.13453
9118.51857,0.13439
9114.66132,0.13399
9110.80408,0.13380
9106.94684,0.13397
9103.08960,0.13406
9099.23236,0.13392
9095.37512,0.13378
9091.51788,0.13367
9087.66064,0.13359
9083.80339,0.13361
9079.94615,0.13360
9076.08891,0.13348
9072.23167,0.13339
9068.37443,0.13351
9064.51719,0.13384
9060.65995,0.13410
9056.80270,0.13416
9052.94546,0.13428
9049.08822,0.13446
9045.23098,0.13439
9041.37374,0.13414
9037.51650,0.13411
9033.65926,0.13430
9029.80201,0.13441
9025.94477,0.13451
9022.08753,0.13474
9018.23029,0.13483
9014.37305,0.13469
9010.51581,0.13463
9006.65857,0.13492
9002.80133,0.13541
8998.94408,0.13563
8995.08684,0.13551
8991.22960,0.13548
8987.37236,0.13571
8983.51512,0.13592
8979.65788,0.13605
8975.80064,0.13623
8971.94339,0.13640
8968.08615,0.13657
8964.22891,0.13688
8960.37167,0.13737
8956.51443,0.13810
8952.65719,0.13884
8948.79995,0.13923
8944.94271,0.13947
8941.08546,0.13978
8937.22822,0.13999
8933.37098,0.14018
8929.51374,0.14048
8925.65650,0.14083
8921.79926,0.14133
8917.94202,0.14211
8914.08477,0.14295
8910.22753,0.14365
8906.37029,0.14423
8902.51305,0.14479
8898.65581,0.14550
8894.79857,0.14641
8890.94133,0.14727
8887.08408,0.14792
8883.22684,0.14849
8879.36960,0.14909
8875.51236,0.14964
8871.65512,0.15011
8867.79788,0.15055
8863.94064,0.15091
8860.08340,0.15115
8856.22615,0.15124
8852.36891,0.15121
8848.51167,0.15126
8844.65443,0.15129
8840.79719,0.15106
8836.93995,0.15050
8833.08271,0.14979
8829.22546,0.14920
8825.36822,0.14876
8821.51098,0.14829
8817.65374,0.14774
8813.79650,0.14718
8809.93926,0.14659
8806.08202,0.14578
8802.22477,0.14472
8798.36753,0.14374
8794.51029,0.14301
8790.65305,0.14243
8786.79581,0.14186
8782.93857,0.14125
8779.08133,0.14070
8775.22409,0.14038
8771.36684,0.14019
8767.50960,0.13985
8763.65236,0.13944
8759.79512,0.13918
8755.93788,0.13911
8752.08064,0.13917
8748.22340,0.13916
8744.36615,0.13896
8740.50891,0.13872
8736.65167,0.13863
8732.79443,0.13864
8728.93719,0.13862
8725.07995,0.13852
8721.22271,0.13836
8717.36547,0.13827
8713.50822,0.13844
8709.65098,0.13878
8705.79374,0.13899
8701.93650,0.13900
8698.07926,0.13890
8694.22202,0.13880
8690.36478,0.13872
8686.50753,0.13877
8682.65029,0.13897
8678.79305,0.13913
8674.93581,0.13918
8671.07857,0.13922
8667.22133,0.13930
8663.36409,0.13939
8659.50684,0.13946
8655.64960,0.13958
8651.79236,0.13980
8647.93512,0.14008
8644.07788,0.14037
8640.22064,0.14060
8636.36340,0.14073
8632.50616,0.14085
8628.64891,0.14104
8624.79167,0.14134
8620.93443,0.14163
8617.07719,0.14174
8613.21995,0.14173
8609.36271,0.14172
8605.50547,0.14180
8601.64822,0.14197
8597.79098,0.14216
8593.93374,0.14243
8590.07650,0.14275
8586.21926,0.14291
8582.36202,0.14300
8578.50478,0.14320
8574.64753,0.14352
8570.79029,0.14381
8566.93305,0.14389
8563.07581,0.14375
8559.21857,0.14364
8555.36133,0.14372
8551.50409,0.14385
8547.64685,0.14395
8543.78960,0.14413
8539.93236,0.14439
8536.07512,0.14468
8532.21788,0.14495
8528.36064,0.14515
8524.50340,0.14520
8520.64616,0.14519
8516.78891,0.14531
8512.93167,0.14550
8509.07443,0.14559
8505.21719,0.14560
8501.35995,0.14567
8497.50271,0.14577
8493.64547,0.14578
8489.78822,0.14576
8485.93098,0.14580
8482.07374,0.14584
8478.21650,0.14585
8474.35926,0.14588
8470.50202,0.14594
8466.64478,0.14596
8462.78754,0.14596
8458.93029,0.14594
8455.07305,0.14577
8451.21581,0.14551
8447.35857,0.14532
8443.50133,0.14507
8439.64409,0.14474
8435.78685,0.14459
8431.92960,0.14464
8428.07236,0.14470
8424.21512,0.14463
8420.35788,0.14444
8416.50064,0.14432
8412.64340,0.14430
8408.78616,0.14420
8404.92892,0.14394
8401.07167,0.14377
8397.21443,0.14369
8393.35719,0.14355
8389.49995,0.14339
8385.64271,0.14320
8381.78547,0.14293
8377.92823,0.14270
8374.07098,0.14269
8370.21374,0.14280
8366.35650,0.14283
8362.49926,0.14280
8358.64202,0.14273
8354.78478,0.14262
8350.92754,0.14252
8347.07029,0.14252
8343.21305,0.14252
8339.35581,0.14242
8335.49857,0.14224
8331.64133,0.14207
8327.78409,0.14199
8323.92685,0.14203
8320.06961,0.14205
8316.21236,0.14199
8312.35512,0.14202
8308.49788,0.14220
8304.64064,0.14230
8300.78340,0.14218
8296.92616,0.14204
8293.06892,0.14207
8289.21167,0.14218
8285.35443,0.14210
8281.49719,0.14172
8277.63995,0.14128
8273.78271,0.14108
8269.92547,0.14111
8266.06823,0.14118
8262.21098,0.14126
8258.35374,0.14138
8254.49650,0.14147
8250.63926,0.14154
8246.78202,0.14160
8242.92478,0.14163
8239.06754,0.14170
8235.21030,0.14186
8231.35305,0.14194
8227.49581,0.14181
8223.63857,0.14165
8219.78133,0.14168
8215.92409,0.14177
8212.06685,0.14171
8208.20961,0.14158
8204.35236,0.14148
8200.49512,0.14138
8196.63788,0.14128
8192.78064,0.14110
8188.92340,0.14085
8185.06616,0.14073
8181.20892,0.14078
8177.35168,0.14082
8173.49443,0.14082
8169.63719,0.14083
8165.77995,0.14081
8161.92271,0.14079
8158.06547,0.14077
8154.20823,0.14072
8150.35099,0.14064
8146.49374,0.14050
8142.63650,0.14033
8138.77926,0.14023
8134.92202,0.14017
8131.06478,0.14002
8127.20754,0.13983
8123.35030,0.13972
8119.49305,0.13962
8115.63581,0.13949
8111.77857,0.13939
8107.92133,0.13934
8104.06409,0.13917
8100.20685,0.13889
8096.34961,0.13867
8092.49237,0.13871
8088.63512,0.13893
8084.77788,0.13902
8080.92064,0.13880
8077.06340,0.13849
8073.20616,0.13838
8069.34892,0.13841
8065.49168,0.13836
8061.63443,0.13814
8057.77719,0.13796
8053.91995,0.13792
8050.06271,0.13792
8046.20547,0.13788
8042.34823,0.13782
8038.49099,0.13772
8034.63374,0.13757
8030.77650,0.13747
8026.91926,0.13744
8023.06202,0.13737
8019.20478,0.13724
8015.34754,0.13707
8011.49030,0.13695
8007.63306,0.13698
8003.77581,0.13711
7999.91857,0.13714
7996.06133,0.13711
7992.20409,0.13710
7988.34685,0.13700
7984.48961,0.13672
7980.63237,0.13640
7976.77512,0.13624
7972.91788,0.13625
7969.06064,0.13634
7965.20340,0.13640
7961.34616,0.13641
7957.48892,0.13640
7953.63168,0.13640
7949.77444,0.13637
7945.91719,0.13626
7942.05995,0.13610
7938.20271,0.13605
7934.34547,0.13610
7930.48823,0.13614
7926.63099,0.13611
7922.77375,0.13601
7918.91650,0.13598
7915.05926,0.13609
7911.20202,0.13616
7907.34478,0.13618
7903.48754,0.13619
7899.63030,0.13625
7895.77306,0.13630
7891.91581,0.13621
7888.05857,0.13608
7884.20133,0.13610
7880.34409,0.13620
7876.48685,0.13625
7872.62961,0.13625
7868.77237,0.13630
7864.91513,0.13636
7861.05788,0.13633
7857.20064,0.13621
7853.34340,0.13610
7849.48616,0.13599
7845.62892,0.13583
7841.77168,0.13571
7837.91444,0.13569
7834.05719,0.13573
7830.19995,0.13573
7826.34271,0.13570
7822.48547,0.13565
7818.62823,0.13558
7814.77099,0.13556
7810.91375,0.13554
7807.05650,0.13545
7803.19926,0.13534
7799.34202,0.13523
7795.48478,0.13504
7791.62754,0.13485
7787.77030,0.13481
7783.91306,0.13481
7780.05582,0.13466
7776.19857,0.13447
7772.34133,0.13443
7768.48409,0.13447
7764.62685,0.13452
7760.76961,0.13464
7756.91237,0.13466
7753.05513,0.13443
7749.19788,0.13424
7745.34064,0.13432
7741.48340,0.13437
7737.62616,0.13417
7733.76892,0.13386
7729.91168,0.13370
7726.05444,0.13377
7722.19720,0.13383
7718.33995,0.13368
7714.48271,0.13359
7710.62547,0.13377
7706.76823,0.13388
7702.91099,0.13366
7699.05375,0.13349
7695.19651,0.13358
7691.33926,0.13364
7687.48202,0.13352
7683.62478,0.13335
7679.76754,0.13338
7675.91030,0.13363
7672.05306,0.13374
7668.19582,0.13363
7664.33857,0.13357
7660.48133,0.13362
7656.62409,0.13368
7652.76685,0.13364
7648.90961,0.13352
7645.05237,0.13352
7641.19513,0.13363
7637.33789,0.13370
7633.48064,0.13358
7629.62340,0.13334
7625.76616,0.13329
7621.90892,0.13349
7618.05168,0.13367
7614.19444,0.13369
7610.33720,0.13369
7606.47995,0.13387
7602.62271,0.13401
7598.76547,0.13394
7594.90823,0.13384
7591.05099,0.13383
7587.19375,0.13379
7583.33651,0.13372
7579.47926,0.13378
7575.62202,0.13390
7571.76478,0.13394
7567.90754,0.13397
7564.05030,0.13408
7560.19306,0.13425
7556.33582,0.13446
7552.47858,0.13473
7548.62133,0.13507
7544.76409,0.13536
7540.90685,0.13548
7537.04961,0.13548
7533.19237,0.13551
7529.33513,0.13549
7525.47789,0.13536
7521.62064,0.13531
7517.76340,0.13540
7513.90616,0.13558
7510.04892,0.13575
7506.19168,0.13588
7502.33444,0.13603
7498.47720,0.13616
7494.61996,0.13629
7490.76271,0.13649
7486.90547,0.13661
7483.04823,0.13662
7479.19099,0.13671
7475.33375,0.13693
7471.47651,0.13716
7467.61927,0.13733
7463.76202,0.13759
7459.90478,0.13801
7456.04754,0.13847
7452.19030,0.13888
7448.33306,0.13927
7444.47582,0.13971
7440.61858,0.14018
7436.76133,0.14074
7432.90409,0.14138
7429.04685,0.14206
7425.18961,0.14271
7421.33237,0.14328
7417.47513,0.14378
7413.61789,0.14430
7409.76065,0.14489
7405.90340,0.14553
7402.04616,0.14613
7398.18892,0.14662
7394.33168,0.14710
7390.47444,0.14773
7386.61720,0.14845
7382.75996,0.14914
7378.90271,0.14982
7375.04547,0.15052
7371.18823,0.15120
7367.33099,0.15189
7363.47375,0.15262
7359.61651,0.15326
7355.75927,0.15376
7351.90202,0.15424
7348.04478,0.15475
7344.18754,0.15526
7340.33030,0.15574
7336.47306,0.15619
7332.61582,0.15661
7328.75858,0.15696
7324.90134,0.15721
7321.04409,0.15736
7317.18685,0.15749
7313.32961,0.15766
7309.47237,0.15783
7305.61513,0.15795
7301.75789,0.15802
7297.90065,0.15809
7294.04340,0.15817
7290.18616,0.15825
7286.32892,0.15841
7282.47168,0.15865
7278.61444,0.15887
7274.75720,0.15904
7270.89996,0.15919
7267.04272,0.15940
7263.18547,0.15969
7259.32823,0.15999
7255.47099,0.16023
7251.61375,0.16043
7247.75651,0.16056
7243.89927,0.16059
7240.04203,0.16061
7236.18478,0.16070
7232.32754,0.16079
7228.47030,0.16084
7224.61306,0.16091
7220.75582,0.16106
7216.89858,0.16122
7213.04134,0.16132
7209.18409,0.16140
7205.32685,0.16146
7201.46961,0.16153
7197.61237,0.16160
7193.75513,0.16168
7189.89789,0.16176
7186.04065,0.16187
7182.18341,0.16201
7178.32616,0.16222
7174.46892,0.16251
7170.61168,0.16283
7166.75444,0.16320
7162.89720,0.16370
7159.03996,0.16424
7155.18272,0.16469
7151.32547,0.16513
7147.46823,0.16566
7143.61099,0.16625
7139.75375,0.16684
7135.89651,0.16749
7132.03927,0.16821
7128.18203,0.16894
7124.32478,0.16970
7120.46754,0.17047
7116.61030,0.17117
7112.75306,0.17181
7108.89582,0.17251
7105.03858,0.17328
7101.18134,0.17413
7097.32410,0.17502
7093.46685,0.17591
7089.60961,0.17686
7085.75237,0.17794
7081.89513,0.17913
7078.03789,0.18039
7074.18065,0.18160
7070.32341,0.18272
7066.46616,0.18386
7062.60892,0.18501
7058.75168,0.18620
7054.89444,0.18743
7051.03720,0.18865
7047.17996,0.18983
7043.32272,0.19101
7039.46548,0.19226
7035.60823,0.19352
7031.75099,0.19461
7027.89375,0.19552
7024.03651,0.19637
7020.17927,0.19719
7016.32203,0.19802
7012.46479,0.19890
7008.60754,0.19973
7004.75030,0.20042
7000.89306,0.20103
6997.03582,0.20170
6993.17858,0.20241
6989.32134,0.20311
6985.46410,0.20379
6981.60685,0.20448
6977.74961,0.20512
6973.89237,0.20569
6970.03513,0.20617
6966.17789,0.20655
6962.32065,0.20690
6958.46341,0.20723
6954.60617,0.20755
6950.74892,0.20785
6946.89168,0.20809
6943.03444,0.20834
6939.17720,0.20868
6935.31996,0.20907
6931.46272,0.20949
6927.60548,0.20992
6923.74823,0.21028
6919.89099,0.21053
6916.03375,0.21075
6912.17651,0.21101
6908.31927,0.21137
6904.46203,0.21175
6900.60479,0.21205
6896.74754,0.21229
6892.89030,0.21255
6889.03306,0.21284
6885.17582,0.21318
6881.31858,0.21361
6877.46134,0.21406
6873.60410,0.21451
6869.74686,0.21497
6865.88961,0.21550
6862.03237,0.21613
6858.17513,0.21674
6854.31789,0.21727
6850.46065,0.21783
6846.60341,0.21843
6842.74617,0.21902
6838.88892,0.21959
6835.03168,0.22014
6831.17444,0.22067
6827.31720,0.22120
6823.45996,0.22180
6819.60272,0.22245
6815.74548,0.22306
6811.88824,0.22365
6808.03099,0.22435
6804.17375,0.22516
6800.31651,0.22599
6796.45927,0.22683
6792.60203,0.22762
6788.74479,0.22835
6784.88755,0.22910
6781.03030,0.22985
6777.17306,0.23056
6773.31582,0.23123
6769.45858,0.23183
6765.60134,0.23237
6761.74410,0.23287
6757.88686,0.23334
6754.02961,0.23377
6750.17237,0.23419
6746.31513,0.23456
6742.45789,0.23487
6738.60065,0.23511
6734.74341,0.23523
6730.88617,0.23529
6727.02893,0.23543
6723.17168,0.23565
6719.31444,0.23578
6715.45720,0.23578
6711.59996,0.23576
6707.74272,0.23583
6703.88548,0.23592
6700.02824,0.23595
6696.17099,0.23594
6692.31375,0.23591
6688.45651,0.23584
6684.59927,0.23575
6680.74203,0.23560
6676.88479,0.23536
6673.02755,0.23507
6669.17030,0.23477
6665.31306,0.23450
6661.45582,0.23426
6657.59858,0.23397
6653.74134,0.23362
6649.88410,0.23330
6646.02686,0.23301
6642.16962,0.23272
6638.31237,0.23234
6634.45513,0.23187
6630.59789,0.23139
6626.74065,0.23089
6622.88341,0.23033
6619.02617,0.22981
6615.16893,0.22938
6611.31168,0.22897
6607.45444,0.22853
6603.59720,0.22804
6599.73996,0.22756
6595.88272,0.22717
6592.02548,0.22688
6588.16824,0.22663
6584.31100,0.22638
6580.45375,0.22619
6576.59651,0.22609
6572.73927,0.22602
6568.88203,0.22599
6565.02479,0.22598
6561.16755,0.22598
6557.31031,0.22601
6553.45306,0.22604
6549.59582,0.22610
6545.73858,0.22622
6541.88134,0.22642
6538.02410,0.22661
6534.16686,0.22673
6530.30962,0.22680
6526.45237,0.22691
6522.59513,0.22706
6518.73789,0.22722
6514.88065,0.22738
6511.02341,0.22752
6507.16617,0.22762
6503.30893,0.22764
6499.45169,0.22760
6495.59444,0.22759
6491.73720,0.22765
6487.87996,0.22773
6484.02272,0.22778
6480.16548,0.22779
6476.30824,0.22771
6472.45100,0.22752
6468.59375,0.22733
6464.73651,0.22718
6460.87927,0.22704
6457.02203,0.22689
6453.16479,0.22667
6449.30755,0.22640
6445.45031,0.22616
6441.59306,0.22599
6437.73582,0.22576
6433.87858,0.22543
6430.02134,0.22509
6426.16410,0.22480
6422.30686,0.22450
6418.44962,0.22421
6414.59238,0.22397
6410.73513,0.22372
6406.87789,0.22347
6403.02065,0.22324
6399.16341,0.22305
6395.30617,0.22288
6391.44893,0.22273
6387.59169,0.22255
6383.73444,0.22237
6379.87720,0.22223
6376.01996,0.22211
6372.16272,0.22198
6368.30548,0.22186
6364.44824,0.22170
6360.59100,0.22151
6356.73376,0.22134
6352.87651,0.22118
6349.01927,0.22105
6345.16203,0.22100
6341.30479,0.22099
6337.44755,0.22099
6333.59031,0.22102
6329.73307,0.22107
6325.87582,0.22111
6322.01858,0.22112
6318.16134,0.22111
6314.30410,0.22105
6310.44686,0.22093
6306.58962,0.22072
6302.73238,0.22047
6298.87513,0.22024
6295.01789,0.21998
6291.16065,0.21961
6287.30341,0.21917
6283.44617,0.21868
6279.58893,0.21815
6275.73169,0.21761
6271.87445,0.21705
6268.01720,0.21645
6264.15996,0.21580
6260.30272,0.21517
6256.44548,0.21456
6252.58824,0.21391
6248.73100,0.21320
6244.87376,0.21243
6241.01651,0.21159
6237.15927,0.21077
6233.30203,0.21000
6229.44479,0.20926
6225.58755,0.20852
6221.73031,0.20786
6217.87307,0.20749
6214.01582,0.20750
6210.15858,0.20779
6206.30134,0.20825
6202.44410,0.20878
6198.58686,0.20913
6194.72962,0.20904
6190.87238,0.20839
6187.01514,0.20732
6183.15789,0.20611
6179.30065,0.20502
6175.44341,0.20414
6171.58617,0.20346
6167.72893,0.20302
6163.87169,0.20292
6160.01445,0.20320
6156.15720,0.20376
6152.29996,0.20444
6148.44272,0.20507
6144.58548,0.20546
6140.72824,0.20548
6136.87100,0.20524
6133.01376,0.20499
6129.15652,0.20494
6125.29927,0.20529
6121.44203,0.20628
6117.58479,0.20801
6113.72755,0.21049
6109.87031,0.21363
6106.01307,0.21732
6102.15583,0.22158
6098.29858,0.22634
6094.44134,0.23139
6090.58410,0.23641
6086.72686,0.24113
6082.86962,0.24549
6079.01238,0.24973
6075.15514,0.25430
6071.29789,0.25973
6067.44065,0.26615
6063.58341,0.27319
6059.72617,0.28017
6055.86893,0.28649
6052.01169,0.29201
6048.15445,0.29698
6044.29721,0.30184
6040.43996,0.30710
6036.58272,0.31300
6032.72548,0.31927
6028.86824,0.32514
6025.01100,0.32967
6021.15376,0.33209
6017.29652,0.33176
6013.43927,0.32847
6009.58203,0.32262
6005.72479,0.31505
6001.86755,0.30672
5998.01031,0.29856
5994.15307,0.29137
5990.29583,0.28569
5986.43858,0.28168
5982.58134,0.27904
5978.72410,0.27693
5974.86686,0.27436
5971.00962,0.27084
5967.15238,0.26669
5963.29514,0.26272
5959.43790,0.25966
5955.58065,0.25774
5951.72341,0.25676
5947.86617,0.25631
5944.00893,0.25573
5940.15169,0.25430
5936.29445,0.25165
5932.43721,0.24793
5928.57996,0.24360
5924.72272,0.23915
5920.86548,0.23496
5917.00824,0.23128
5913.15100,0.22826
5909.29376,0.22603
5905.43652,0.22474
5901.57927,0.22454
5897.72203,0.22545
5893.86479,0.22728
5890.00755,0.22969
5886.15031,0.23236
5882.29307,0.23500
5878.43583,0.23743
5874.57859,0.23957
5870.72134,0.24139
5866.86410,0.24280
5863.00686,0.24357
5859.14962,0.24356
5855.29238,0.24291
5851.43514,0.24198
5847.57790,0.24104
5843.72065,0.24022
5839.86341,0.23961
5836.00617,0.23929
5832.14893,0.23927
5828.29169,0.23943
5824.43445,0.23963
5820.57721,0.23987
5816.71997,0.24013
5812.86272,0.24039
5809.00548,0.24056
5805.14824,0.24049
5801.29100,0.24014
5797.43376,0.23973
5793.57652,0.23941
5789.71928,0.23912
5785.86203,0.23878
5782.00479,0.23836
5778.14755,0.23782
5774.29031,0.23716
5770.43307,0.23639
5766.57583,0.23550
5762.71859,0.23442
5758.86134,0.23306
5755.00410,0.23144
5751.14686,0.22966
5747.28962,0.22780
5743.43238,0.22588
5739.57514,0.22394
5735.71790,0.22211
5731.86066,0.22056
5728.00341,0.21942
5724.14617,0.21871
5720.28893,0.21843
5716.43169,0.21847
5712.57445,0.21869
5708.71721,0.21888
5704.85997,0.21889
5701.00272,0.21869
5697.14548,0.21833
5693.28824,0.21785
5689.43100,0.21736
5685.57376,0.21690
5681.71652,0.21653
5677.85928,0.21632
5674.00203,0.21632
5670.14479,0.21654
5666.28755,0.21693
5662.43031,0.21741
5658.57307,0.21784
5654.71583,0.21801
5650.85859,0.21779
5647.00135,0.21724
5643.14410,0.21640
5639.28686,0.21540
5635.42962,0.21435
5631.57238,0.21335
5627.71514,0.21246
5623.85790,0.21177
5620.00066,0.21125
5616.14341,0.21087
5612.28617,0.21066
5608.42893,0.21062
5604.57169,0.21075
5600.71445,0.21101
5596.85721,0.21141
5592.99997,0.21190
5589.14273,0.21242
5585.28548,0.21301
5581.42824,0.21370
5577.57100,0.21440
5573.71376,0.21504
5569.85652,0.21558
5565.99928,0.21597
5562.14204,0.21612
5558.28479,0.21610
5554.42755,0.21608
5550.57031,0.21603
5546.71307,0.21589
5542.85583,0.21573
5538.99859,0.21568
5535.14135,0.21571
5531.28410,0.21569
5527.42686,0.21557
5523.56962,0.21530
5519.71238,0.21492
5515.85514,0.21449
5511.99790,0.21413
5508.14066,0.21394
5504.28342,0.21395
5500.42617,0.21418
5496.56893,0.21467
5492.71169,0.21534
5488.85445,0.21602
5484.99721,0.21653
5481.13997,0.21677
5477.28273,0.21674
5473.42548,0.21644
5469.56824,0.21592
5465.71100,0.21523
5461.85376,0.21440
5457.99652,0.21343
5454.13928,0.21231
5450.28204,0.21103
5446.42479,0.20957
5442.56755,0.20806
5438.71031,0.20659
5434.85307,0.20518
5430.99583,0.20388
5427.13859,0.20277
5423.28135,0.20189
5419.42411,0.20125
5415.56686,0.20081
5411.70962,0.20047
5407.85238,0.20016
5403.99514,0.19995
5400.13790,0.19980
5396.28066,0.19963
5392.42342,0.19944
5388.56617,0.19930
5384.70893,0.19926
5380.85169,0.19929
5376.99445,0.19942
5373.13721,0.19960
5369.27997,0.19981
5365.42273,0.20014
5361.56549,0.20054
5357.70824,0.20093
5353.85100,0.20130
5349.99376,0.20159
5346.13652,0.20174
5342.27928,0.20178
5338.42204,0.20179
5334.56480,0.20182
5330.70755,0.20189
5326.85031,0.20212
5322.99307,0.20263
5319.13583,0.20344
5315.27859,0.20450
5311.42135,0.20574
5307.56411,0.20717
5303.70686,0.20887
5299.84962,0.21084
5295.99238,0.21310
5292.13514,0.21569
5288.27790,0.21871
5284.42066,0.22215
5280.56342,0.22604
5276.70618,0.23034
5272.84893,0.23489
5268.99169,0.23954
5265.13445,0.24413
5261.27721,0.24851
5257.41997,0.25252
5253.56273,0.25615
5249.70549,0.25942
5245.84824,0.26235
5241.99100,0.26499
5238.13376,0.26732
5234.27652,0.26934
5230.41928,0.27105
5226.56204,0.27254
5222.70480,0.27385
5218.84755,0.27500
5214.99031,0.27598
5211.13307,0.27676
5207.27583,0.27735
5203.41859,0.27782
5199.56135,0.27823
5195.70411,0.27859
5191.84687,0.27894
5187.98962,0.27931
5184.13238,0.27960
5180.27514,0.27976
5176.41790,0.27979
5172.56066,0.27976
5168.70342,0.27974
5164.84618,0.27983
5160.98893,0.27996
5157.13169,0.28001
5153.27445,0.28000
5149.41721,0.28006
5145.55997,0.28019
5141.70273,0.28034
5137.84549,0.28050
5133.98825,0.28070
5130.13100,0.28098
5126.27376,0.28124
5122.41652,0.28115
5118.55928,0.28030
5114.70204,0.27849
5110.84480,0.27586
5106.98756,0.27279
5103.13031,0.26961
5099.27307,0.26650
5095.41583,0.26352
5091.55859,0.26081
5087.70135,0.25845
5083.84411,0.25635
5079.98687,0.25445
5076.12962,0.25272
5072.27238,0.25118
5068.41514,0.24982
5064.55790,0.24856
5060.70066,0.24734
5056.84342,0.24622
5052.98618,0.24520
5049.12894,0.24429
5045.27169,0.24353
5041.41445,0.24289
5037.55721,0.24229
5033.69997,0.24171
5029.84273,0.24114
5025.98549,0.24061
5022.12825,0.24016
5018.27100,0.23984
5014.41376,0.23956
5010.55652,0.23925
5006.69928,0.23888
5002.84204,0.23847
4998.98480,0.23805
4995.12756,0.23764
4991.27031,0.23730
4987.41307,0.23710
4983.55583,0.23713
4979.69859,0.23735
4975.84135,0.23775
4971.98411,0.23836
4968.12687,0.23923
4964.26963,0.24032
4960.41238,0.24168
4956.55514,0.24333
4952.69790,0.24519
4948.84066,0.24714
4944.98342,0.24918
4941.12618,0.25132
4937.26894,0.25353
4933.41169,0.25579
4929.55445,0.25818
4925.69721,0.26068
4921.83997,0.26333
4917.98273,0.26613
4914.12549,0.26905
4910.26825,0.27210
4906.41101,0.27529
4902.55376,0.27858
4898.69652,0.28195
4894.83928,0.28539
4890.98204,0.28892
4887.12480,0.29252
4883.26756,0.29620
4879.41032,0.29989
4875.55307,0.30349
4871.69583,0.30700
4867.83859,0.31040
4863.98135,0.31366
4860.12411,0.31680
4856.26687,0.31994
4852.40963,0.32323
4848.55238,0.32677
4844.69514,0.33060
4840.83790,0.33471
4836.98066,0.33909
4833.12342,0.34366
4829.26618,0.34832
4825.40894,0.35287
4821.55170,0.35709
4817.69445,0.36097
4813.83721,0.36456
4809.97997,0.36794
4806.12273,0.37108
4802.26549,0.37383
4798.40825,0.37605
4794.55101,0.37772
4790.69376,0.37887
4786.83652,0.37956
4782.97928,0.37985
4779.12204,0.37992
4775.26480,0.38004
4771.40756,0.38048
4767.55032,0.38139
4763.69307,0.38286
4759.83583,0.38491
4755.97859,0.38748
4752.12135,0.39035
4748.26411,0.39326
4744.40687,0.39603
4740.54963,0.39871
4736.69239,0.40170
4732.83514,0.40552
4728.97790,0.41023
4725.12066,0.41514
4721.26342,0.41903
4717.40618,0.42103
4713.54894,0.42172
4709.69170,0.42280
4705.83445,0.42590
4701.97721,0.43157
4698.11997,0.43869
4694.26273,0.44472
4690.40549,0.44687
4686.54825,0.44377
4682.69101,0.43607
4678.83377,0.42567
4674.97652,0.41491
4671.11928,0.40591
4667.26204,0.39964
4663.40480,0.39581
4659.54756,0.39366
4655.69032,0.39301
4651.83308,0.39443
4647.97583,0.39847
4644.11859,0.40455
4640.26135,0.41062
4636.40411,0.41389
4632.54687,0.41205
4628.68963,0.40455
4624.83239,0.39315
4620.97514,0.38098
4617.11790,0.37071
4613.26066,0.36343
4609.40342,0.35907
4605.54618,0.35738
4601.68894,0.35836
4597.83170,0.36154
4593.97446,0.36537
4590.11721,0.36855
4586.25997,0.37111
4582.40273,0.37275
4578.54549,0.37140
4574.68825,0.36541
4570.83101,0.35594
4566.97377,0.34605
4563.11652,0.33824
4559.25928,0.33335
4555.40204,0.33083
4551.54480,0.32957
4547.68756,0.32873
4543.83032,0.32804
4539.97308,0.32755
4536.11583,0.32734
4532.25859,0.32751
4528.40135,0.32819
4524.54411,0.32957
4520.68687,0.33170
4516.82963,0.33460
4512.97239,0.33842
4509.11515,0.34351
4505.25790,0.35037
4501.40066,0.35936
4497.54342,0.37008
4493.68618,0.38107
4489.82894,0.39060
4485.97170,0.39799
4482.11446,0.40415
4478.25721,0.41086
4474.39997,0.41985
4470.54273,0.43238
4466.68549,0.44846
4462.82825,0.46551
4458.97101,0.47902
4455.11377,0.48659
4451.25653,0.49037
4447.39928,0.49414
4443.54204,0.49944
4439.68480,0.50538
4435.82756,0.51010
4431.97032,0.51185
4428.11308,0.50970
4424.25584,0.50453
4420.39859,0.49885
4416.54135,0.49522
4412.68411,0.49461
4408.82687,0.49601
4404.96963,0.49718
4401.11239,0.49621
4397.25515,0.49276
4393.39790,0.48774
4389.54066,0.48237
4385.68342,0.47758
4381.82618,0.47381
4377.96894,0.47112
4374.11170,0.46953
4370.25446,0.46915
4366.39722,0.47004
4362.53997,0.47175
4358.68273,0.47350
4354.82549,0.47502
4350.96825,0.47676
4347.11101,0.47927
4343.25377,0.48252
4339.39653,0.48583
4335.53928,0.48857
4331.68204,0.49074
4327.82480,0.49276
4323.96756,0.49499
4320.11032,0.49774
4316.25308,0.50137
4312.39584,0.50617
4308.53859,0.51211
4304.68135,0.51862
4300.82411,0.52484
4296.96687,0.53001
4293.10963,0.53361
4289.25239,0.53541
4285.39515,0.53555
4281.53791,0.53467
4277.68066,0.53334
4273.82342,0.53160
4269.96618,0.52920
4266.10894,0.52638
4262.25170,0.52380
4258.39446,0.52220
4254.53722,0.52189
4250.67997,0.52241
4246.82273,0.52287
4242.96549,0.52249
4239.10825,0.52114
4235.25101,0.51950
4231.39377,0.51826
4227.53653,0.51723
4223.67929,0.51550
4219.82204,0.51261
4215.96480,0.50902
4212.10756,0.50559
4208.25032,0.50273
4204.39308,0.50038
4200.53584,0.49851
4196.67860,0.49753
4192.82135,0.49810
4188.96411,0.50091
4185.10687,0.50588
4181.24963,0.51113
4177.39239,0.51355
4173.53515,0.51120
4169.67791,0.50497
4165.82066,0.49741
4161.96342,0.49094
4158.10618,0.48670
4154.24894,0.48460
4150.39170,0.48441
4146.53446,0.48626
4142.67722,0.49017
4138.81998,0.49533
4134.96273,0.50037
4131.10549,0.50434
4127.24825,0.50733
4123.39101,0.51021
4119.53377,0.51408
4115.67653,0.51969
4111.81929,0.52754
4107.96204,0.53802
4104.10480,0.55166
4100.24756,0.56949
4096.39032,0.59035
4092.53308,0.60765
4088.67584,0.61364
4084.81860,0.60759
4080.96135,0.59447
4077.10411,0.57948
4073.24687,0.56673
4069.38963,0.55838
4065.53239,0.55401
4061.67515,0.55209
4057.81791,0.55174
4053.96067,0.55261
4050.10342,0.55415
4046.24618,0.55553
4042.38894,0.55625
4038.53170,0.55644
4034.67446,0.55651
4030.81722,0.55661
4026.95998,0.55669
4023.10273,0.55672
4019.24549,0.55664
4015.38825,0.55619
4011.53101,0.55500
4007.67377,0.55308
4003.81653,0.55071
3999.95929,0.54796
3996.10205,0.54487
3992.24480,0.54176
3988.38756,0.53898
3984.53032,0.53670
3980.67308,0.53497
3976.81584,0.53354
3972.95860,0.53199
3969.10136,0.52994
3965.24411,0.52729
3961.38687,0.52426
3957.52963,0.52110
3953.67239,0.51799
3949.81515,0.51501
3945.95791,0.51209
3942.10067,0.50926
3938.24342,0.50665
3934.38618,0.50429
3930.52894,0.50211
3926.67170,0.50013
3922.81446,0.49826
3918.95722,0.49635
3915.09998,0.49425
3911.24274,0.49185
3907.38549,0.48887
3903.52825,0.48511
3899.67101,0.48098
3895.81377,0.47708
3891.95653,0.47350
3888.09929,0.47038
3884.24205,0.46802
3880.38480,0.46627
3876.52756,0.46455
3872.67032,0.46221
3868.81308,0.45915
3864.95584,0.45577
3861.09860,0.45253
3857.24136,0.44945
3853.38411,0.44648
3849.52687,0.44416
3845.66963,0.44257
3841.81239,0.44136
3837.95515,0.44049
3834.09791,0.43987
3830.24067,0.43944
3826.38343,0.43943
3822.52618,0.44039
3818.66894,0.44296
3814.81170,0.44665
3810.95446,0.44981
3807.09722,0.45129
3803.23998,0.45067
3799.38274,0.44829
3795.52549,0.44539
3791.66825,0.44319
3787.81101,0.44220
3783.95377,0.44244
3780.09653,0.44373
3776.23929,0.44580
3772.38205,0.44838
3768.52481,0.45150
3764.66756,0.45507
3760.81032,0.45801
3756.95308,0.45864
3753.09584,0.45603
3749.23860,0.45170
3745.38136,0.44905
3741.52412,0.44971
3737.66687,0.45297
3733.80963,0.45726
3729.95239,0.45996
3726.09515,0.46007
3722.23791,0.45961
3718.38067,0.46078
3714.52343,0.46416
3710.66618,0.47005
3706.80894,0.47843
3702.95170,0.48898
3699.09446,0.50204
3695.23722,0.51788
3691.37998,0.53734
3687.52274,0.55759
3683.66550,0.57114
3679.80825,0.57789
3675.95101,0.58439
3672.09377,0.59581
3668.23653,0.61160
3664.37929,0.62862
3660.52205,0.64566
3656.66481,0.66242
3652.80756,0.67881
3648.95032,0.69607
3645.09308,0.71345
3641.23584,0.72781
3637.37860,0.73946
3633.52136,0.74992
3629.66412,0.76037
3625.80687,0.77089
3621.94963,0.78013
3618.09239,0.78876
3614.23515,0.79678
3610.37791,0.80496
3606.52067,0.81490
3602.66343,0.82495
3598.80619,0.83382
