12493.60475,0.15648
12489.74751,0.15517
12485.89027,0.15304
12482.03303,0.15119
12478.17579,0.15052
12474.31855,0.15114
12470.46130,0.15296
12466.60406,0.15461
12462.74682,0.15490
12458.88958,0.15484
12455.03234,0.15597
12451.17510,0.15705
12447.31786,0.15530
12443.46062,0.15310
12439.60337,0.15365
12435.74613,0.15426
12431.88889,0.15325
12428.03165,0.15254
12424.17441,0.15278
12420.31717,0.15381
12416.45993,0.15443
12412.60268,0.15255
12408.74544,0.14968
12404.88820,0.14920
12401.03096,0.15071
12397.17372,0.15198
12393.31648,0.15261
12389.45924,0.15370
12385.60199,0.15435
12381.74475,0.15266
12377.88751,0.15049
12374.03027,0.15040
12370.17303,0.15231
12366.31579,0.15497
12362.45855,0.15644
12358.60131,0.15627
12354.74406,0.15659
12350.88682,0.15786
12347.02958,0.15729
12343.17234,0.15490
12339.31510,0.15391
12335.45786,0.15489
12331.60062,0.15637
12327.74337,0.15680
12323.88613,0.15573
12320.02889,0.15488
12316.17165,0.15497
12312.31441,0.15512
12308.45717,0.15606
12304.59993,0.15763
12300.74268,0.15706
12296.88544,0.15480
12293.02820,0.15414
12289.17096,0.15547
12285.31372,0.15724
12281.45648,0.15781
12277.59924,0.15609
12273.74200,0.15292
12269.88475,0.15023
12266.02751,0.14919
12262.17027,0.14996
12258.31303,0.15196
12254.45579,0.15403
12250.59855,0.15490
12246.74131,0.15493
12242.88406,0.15631
12239.02682,0.15912
12235.16958,0.16030
12231.31234,0.15891
12227.45510,0.15612
12223.59786,0.15330
12219.74062,0.15215
12215.88338,0.15208
12212.02613,0.15256
12208.16889,0.15461
12204.31165,0.15698
12200.45441,0.15738
12196.59717,0.15453
12192.73993,0.14940
12188.88269,0.14594
12185.02544,0.14635
12181.16820,0.14901
12177.31096,0.15139
12173.45372,0.15152
12169.59648,0.14964
12165.73924,0.14836
12161.88200,0.14813
12158.02475,0.14788
12154.16751,0.14846
12150.31027,0.14941
12146.45303,0.14917
12142.59579,0.14870
12138.73855,0.14925
12134.88131,0.14914
12131.02407,0.14752
12127.16682,0.14750
12123.30958,0.14919
12119.45234,0.14833
12115.59510,0.14568
12111.73786,0.14597
12107.88062,0.14887
12104.02338,0.14997
12100.16613,0.14799
12096.30889,0.14606
12092.45165,0.14619
12088.59441,0.14610
12084.73717,0.14500
12080.87993,0.14482
12077.02269,0.14611
12073.16544,0.14879
12069.30820,0.15156
12065.45096,0.15287
12061.59372,0.15289
12057.73648,0.15192
12053.87924,0.15057
12050.02200,0.14939
12046.16476,0.14920
12042.30751,0.15083
12038.45027,0.15275
12034.59303,0.15275
12030.73579,0.15142
12026.87855,0.15158
12023.02131,0.15382
12019.16407,0.15627
12015.30682,0.15776
12011.44958,0.15774
12007.59234,0.15676
12003.73510,0.15569
11999.87786,0.15498
11996.02062,0.15505
11992.16338,0.15501
11988.30614,0.15431
11984.44889,0.15343
11980.59165,0.15260
11976.73441,0.15312
11972.87717,0.15447
11969.01993,0.15457
11965.16269,0.15392
11961.30545,0.15362
11957.44820,0.15385
11953.59096,0.15431
11949.73372,0.15489
11945.87648,0.15617
11942.01924,0.15707
11938.16200,0.15691
11934.30476,0.15738
11930.44751,0.15855
11926.59027,0.15825
11922.73303,0.15572
11918.87579,0.15303
11915.01855,0.15244
11911.16131,0.15378
11907.30407,0.15554
11903.44683,0.15668
11899.58958,0.15683
11895.73234,0.15627
11891.87510,0.15557
11888.01786,0.15472
11884.16062,0.15408
11880.30338,0.15470
11876.44614,0.15564
11872.58889,0.15540
11868.73165,0.15422
11864.87441,0.15292
11861.01717,0.15250
11857.15993,0.15288
11853.30269,0.15357
11849.44545,0.15528
11845.58820,0.15695
11841.73096,0.15668
11837.87372,0.15543
11834.01648,0.15506
11830.15924,0.15571
11826.30200,0.15566
11822.44476,0.15433
11818.58752,0.15370
11814.73027,0.15423
11810.87303,0.15469
11807.01579,0.15531
11803.15855,0.15611
11799.30131,0.15591
11795.44407,0.15529
11791.58683,0.15558
11787.72958,0.15618
11783.87234,0.15686
11780.01510,0.15801
11776.15786,0.15813
11772.30062,0.15676
11768.44338,0.15604
11764.58614,0.15708
11760.72890,0.15879
11756.87165,0.15929
11753.01441,0.15784
11749.15717,0.15676
11745.29993,0.15741
11741.44269,0.15820
11737.58545,0.15854
11733.72821,0.15825
11729.87096,0.15666
11726.01372,0.15507
11722.15648,0.15513
11718.29924,0.15644
11714.44200,0.15753
11710.58476,0.15747
11706.72752,0.15648
11702.87027,0.15540
11699.01303,0.15436
11695.15579,0.15342
11691.29855,0.15322
11687.44131,0.15388
11683.58407,0.15476
11679.72683,0.15525
11675.86959,0.15536
11672.01234,0.15557
11668.15510,0.15581
11664.29786,0.15531
11660.44062,0.15478
11656.58338,0.15509
11652.72614,0.15479
11648.86890,0.15411
11645.01165,0.15478
11641.15441,0.15581
11637.29717,0.15514
11633.43993,0.15277
11629.58269,0.15227
11625.72545,0.15504
11621.86821,0.15655
11618.01096,0.15503
11614.15372,0.15460
11610.29648,0.15639
11606.43924,0.15623
11602.58200,0.15285
11598.72476,0.15018
11594.86752,0.15061
11591.01028,0.15195
11587.15303,0.15194
11583.29579,0.15156
11579.43855,0.15224
11575.58131,0.15289
11571.72407,0.15195
11567.86683,0.15124
11564.00959,0.15316
11560.15234,0.15602
11556.29510,0.15743
11552.43786,0.15736
11548.58062,0.15652
11544.72338,0.15530
11540.86614,0.15470
11537.00890,0.15582
11533.15166,0.15699
11529.29441,0.15616
11525.43717,0.15454
11521.57993,0.15392
11517.72269,0.15385
11513.86545,0.15307
11510.00821,0.15231
11506.15097,0.15290
11502.29372,0.15423
11498.43648,0.15521
11494.57924,0.15582
11490.72200,0.15595
11486.86476,0.15502
11483.00752,0.15372
11479.15028,0.15354
11475.29303,0.15445
11471.43579,0.15474
11467.57855,0.15395
11463.72131,0.15363
11459.86407,0.15459
11456.00683,0.15578
11452.14959,0.15608
11448.29235,0.15617
11444.43510,0.15638
11440.57786,0.15523
11436.72062,0.15375
11432.86338,0.15362
11429.00614,0.15282
11425.14890,0.15060
11421.29166,0.14949
11417.43441,0.15042
11413.57717,0.15224
11409.71993,0.15406
11405.86269,0.15558
11402.00545,0.15653
11398.14821,0.15607
11394.29097,0.15429
11390.43372,0.15334
11386.57648,0.15374
11382.71924,0.15335
11378.86200,0.15181
11375.00476,0.15108
11371.14752,0.15171
11367.29028,0.15213
11363.43304,0.15145
11359.57579,0.15121
11355.71855,0.15280
11351.86131,0.15507
11348.00407,0.15583
11344.14683,0.15444
11340.28959,0.15251
11336.43235,0.15151
11332.57510,0.15194
11328.71786,0.15336
11324.86062,0.15323
11321.00338,0.15082
11317.14614,0.14980
11313.28890,0.15176
11309.43166,0.15329
11305.57442,0.15287
11301.71717,0.15260
11297.85993,0.15283
11294.00269,0.15245
11290.14545,0.15139
11286.28821,0.15021
11282.43097,0.14982
11278.57373,0.15014
11274.71648,0.14965
11270.85924,0.14824
11267.00200,0.14774
11263.14476,0.14864
11259.28752,0.15038
11255.43028,0.15246
11251.57304,0.15409
11247.71579,0.15545
11243.85855,0.15633
11240.00131,0.15540
11236.14407,0.15362
11232.28683,0.15315
11228.42959,0.15404
11224.57235,0.15482
11220.71511,0.15374
11216.85786,0.15033
11213.00062,0.14671
11209.14338,0.14520
11205.28614,0.14572
11201.42890,0.14671
11197.57166,0.14721
11193.71442,0.14694
11189.85717,0.14659
11185.99993,0.14746
11182.14269,0.14909
11178.28545,0.15007
11174.42821,0.14996
11170.57097,0.14935
11166.71373,0.14955
11162.85648,0.15044
11158.99924,0.15046
11155.14200,0.14963
11151.28476,0.14893
11147.42752,0.14819
11143.57028,0.14717
11139.71304,0.14691
11135.85580,0.14773
11131.99855,0.14839
11128.14131,0.14848
11124.28407,0.14891
11120.42683,0.14973
11116.56959,0.14994
11112.71235,0.14957
11108.85511,0.14943
11104.99786,0.14927
11101.14062,0.14858
11097.28338,0.14832
11093.42614,0.14934
11089.56890,0.15042
11085.71166,0.15120
11081.85442,0.15220
11077.99718,0.15241
11074.13993,0.15156
11070.28269,0.15076
11066.42545,0.15041
11062.56821,0.15035
11058.71097,0.15070
11054.85373,0.15132
11050.99649,0.15197
11047.13924,0.15280
11043.28200,0.15331
11039.42476,0.15280
11035.56752,0.15230
11031.71028,0.15261
11027.85304,0.15300
11023.99580,0.15317
11020.13855,0.15300
11016.28131,0.15181
11012.42407,0.15046
11008.56683,0.15041
11004.70959,0.15094
11000.85235,0.15107
10996.99511,0.15110
10993.13787,0.15123
10989.28062,0.15150
10985.42338,0.15181
10981.56614,0.15170
10977.70890,0.15083
10973.85166,0.14957
10969.99442,0.14883
10966.13718,0.14925
10962.27993,0.14996
10958.42269,0.14980
10954.56545,0.14935
10950.70821,0.14927
10946.85097,0.14916
10942.99373,0.14891
10939.13649,0.14865
10935.27924,0.14837
10931.42200,0.14830
10927.56476,0.14864
10923.70752,0.14873
10919.85028,0.14783
10915.99304,0.14676
10912.13580,0.14656
10908.27856,0.14671
10904.42131,0.14679
10900.56407,0.14718
10896.70683,0.14768
10892.84959,0.14771
10888.99235,0.14740
10885.13511,0.14725
10881.27787,0.14742
10877.42062,0.14793
10873.56338,0.14835
10869.70614,0.14834
10865.84890,0.14807
10861.99166,0.14742
10858.13442,0.14660
10854.27718,0.14597
10850.41993,0.14550
10846.56269,0.14516
10842.70545,0.14506
10838.84821,0.14563
10834.99097,0.14664
10831.13373,0.14694
10827.27649,0.14640
10823.41925,0.14613
10819.56200,0.14639
10815.70476,0.14637
10811.84752,0.14584
10807.99028,0.14538
10804.13304,0.14525
10800.27580,0.14530
10796.41856,0.14573
10792.56131,0.14643
10788.70407,0.14649
10784.84683,0.14601
10780.98959,0.14597
10777.13235,0.14631
10773.27511,0.14627
10769.41787,0.14566
10765.56063,0.14540
10761.70338,0.14577
10757.84614,0.14576
10753.98890,0.14529
10750.13166,0.14517
10746.27442,0.14544
10742.41718,0.14581
10738.55994,0.14659
10734.70269,0.14750
10730.84545,0.14730
10726.98821,0.14624
10723.13097,0.14558
10719.27373,0.14576
10715.41649,0.14651
10711.55925,0.14706
10707.70200,0.14695
10703.84476,0.14655
10699.98752,0.14607
10696.13028,0.14571
10692.27304,0.14612
10688.41580,0.14699
10684.55856,0.14708
10680.70132,0.14623
10676.84407,0.14543
10672.98683,0.14546
10669.12959,0.14600
10665.27235,0.14603
10661.41511,0.14581
10657.55787,0.14626
10653.70063,0.14687
10649.84338,0.14705
10645.98614,0.14700
10642.12890,0.14684
10638.27166,0.14654
10634.41442,0.14628
10630.55718,0.14642
10626.69994,0.14675
10622.84269,0.14678
10618.98545,0.14672
10615.12821,0.14693
10611.27097,0.14733
10607.41373,0.14748
10603.55649,0.14707
10599.69925,0.14637
10595.84201,0.14579
10591.98476,0.14538
10588.12752,0.14529
10584.27028,0.14569
10580.41304,0.14599
10576.55580,0.14557
10572.69856,0.14498
10568.84132,0.14493
10564.98407,0.14506
10561.12683,0.14483
10557.26959,0.14415
10553.41235,0.14337
10549.55511,0.14292
10545.69787,0.14275
10541.84063,0.14245
10537.98339,0.14222
10534.12614,0.14240
10530.26890,0.14275
10526.41166,0.14318
10522.55442,0.14345
10518.69718,0.14327
10514.83994,0.14319
10510.98270,0.14353
10507.12545,0.14374
10503.26821,0.14351
10499.41097,0.14317
10495.55373,0.14278
10491.69649,0.14211
10487.83925,0.14159
10483.98201,0.14180
10480.12476,0.14244
10476.26752,0.14300
10472.41028,0.14352
10468.55304,0.14396
10464.69580,0.14381
10460.83856,0.14322
10456.98132,0.14286
10453.12408,0.14272
10449.26683,0.14246
10445.40959,0.14205
10441.55235,0.14186
10437.69511,0.14205
10433.83787,0.14204
10429.98063,0.14161
10426.12339,0.14137
10422.26614,0.14154
10418.40890,0.14173
10414.55166,0.14172
10410.69442,0.14150
10406.83718,0.14141
10402.97994,0.14176
10399.12270,0.14197
10395.26545,0.14177
10391.40821,0.14154
10387.55097,0.14105
10383.69373,0.14035
10379.83649,0.14011
10375.97925,0.14055
10372.12201,0.14120
10368.26477,0.14145
10364.40752,0.14134
10360.55028,0.14137
10356.69304,0.14173
10352.83580,0.14229
10348.97856,0.14269
10345.12132,0.14254
10341.26408,0.14231
10337.40683,0.14257
10333.54959,0.14278
10329.69235,0.14261
10325.83511,0.14243
10321.97787,0.14225
10318.12063,0.14203
10314.26339,0.14186
10310.40615,0.14158
10306.54890,0.14138
10302.69166,0.14172
10298.83442,0.14227
10294.97718,0.14266
10291.11994,0.14307
10287.26270,0.14336
10283.40546,0.14337
10279.54821,0.14334
10275.69097,0.14327
10271.83373,0.14326
10267.97649,0.14329
10264.11925,0.14295
10260.26201,0.14238
10256.40477,0.14250
10252.54752,0.14335
10248.69028,0.14385
10244.83304,0.14367
10240.97580,0.14324
10237.11856,0.14287
10233.26132,0.14277
10229.40408,0.14270
10225.54684,0.14227
10221.68959,0.14197
10217.83235,0.14215
10213.97511,0.14236
10210.11787,0.14261
10206.26063,0.14292
10202.40339,0.14275
10198.54615,0.14237
10194.68890,0.14239
10190.83166,0.14286
10186.97442,0.14317
10183.11718,0.14285
10179.25994,0.14260
10175.40270,0.14313
10171.54546,0.14384
10167.68821,0.14388
10163.83097,0.14355
10159.97373,0.14360
10156.11649,0.14403
10152.25925,0.14418
10148.40201,0.14406
10144.54477,0.14415
10140.68753,0.14428
10136.83028,0.14418
10132.97304,0.14410
10129.11580,0.14398
10125.25856,0.14351
10121.40132,0.14323
10117.54408,0.14377
10113.68684,0.14466
10109.82959,0.14497
10105.97235,0.14457
10102.11511,0.14394
10098.25787,0.14351
10094.40063,0.14328
10090.54339,0.14277
10086.68615,0.14221
10082.82891,0.14210
10078.97166,0.14207
10075.11442,0.14189
10071.25718,0.14189
10067.39994,0.14225
10063.54270,0.14269
10059.68546,0.14277
10055.82822,0.14264
10051.97097,0.14279
10048.11373,0.14304
10044.25649,0.14317
10040.39925,0.14328
10036.54201,0.14342
10032.68477,0.14350
10028.82753,0.14342
10024.97028,0.14351
10021.11304,0.14403
10017.25580,0.14427
10013.39856,0.14377
10009.54132,0.14298
10005.68408,0.14265
10001.82684,0.14293
9997.96960,0.14324
9994.11235,0.14307
9990.25511,0.14279
9986.39787,0.14294
9982.54063,0.14331
9978.68339,0.14340
9974.82615,0.14345
9970.96891,0.14375
9967.11166,0.14396
9963.25442,0.14390
9959.39718,0.14373
9955.53994,0.14343
9951.68270,0.14309
9947.82546,0.14298
9943.96822,0.14307
9940.11097,0.14328
9936.25373,0.14337
9932.39649,0.14324
9928.53925,0.14322
9924.68201,0.14336
9920.82477,0.14346
9916.96753,0.14333
9913.11029,0.14285
9909.25304,0.14241
9905.39580,0.14238
9901.53856,0.14255
9897.68132,0.14268
9893.82408,0.14273
9889.96684,0.14266
9886.10960,0.14242
9882.25235,0.14216
9878.39511,0.14203
9874.53787,0.14202
9870.68063,0.14215
9866.82339,0.14228
9862.96615,0.14220
9859.10891,0.14211
9855.25167,0.14216
9851.39442,0.14224
9847.53718,0.14232
9843.67994,0.14252
9839.82270,0.14280
9835.96546,0.14293
9832.10822,0.14264
9828.25098,0.14204
9824.39373,0.14158
9820.53649,0.14157
9816.67925,0.14203
9812.82201,0.14256
9808.96477,0.14258
9805.10753,0.14220
9801.25029,0.14196
9797.39304,0.14190
9793.53580,0.14179
9789.67856,0.14181
9785.82132,0.14211
9781.96408,0.14246
9778.10684,0.14250
9774.24960,0.14219
9770.39236,0.14195
9766.53511,0.14197
9762.67787,0.14215
9758.82063,0.14250
9754.96339,0.14276
9751.10615,0.14253
9747.24891,0.14193
9743.39167,0.14134
9739.53442,0.14104
9735.67718,0.14122
9731.81994,0.14158
9727.96270,0.14150
9724.10546,0.14123
9720.24822,0.14124
9716.39098,0.14123
9712.53373,0.14112
9708.67649,0.14130
9704.81925,0.14164
9700.96201,0.14181
9697.10477,0.14174
9693.24753,0.14140
9689.39029,0.14108
9685.53305,0.14120
9681.67580,0.14152
9677.81856,0.14140
9673.96132,0.14094
9670.10408,0.14076
9666.24684,0.14090
9662.38960,0.14102
9658.53236,0.14112
9654.67511,0.14115
9650.81787,0.14093
9646.96063,0.14066
9643.10339,0.14057
9639.24615,0.14058
9635.38891,0.14057
9631.53167,0.14066
9627.67443,0.14074
9623.81718,0.14049
9619.95994,0.14005
9616.10270,0.13985
9612.24546,0.14002
9608.38822,0.14035
9604.53098,0.14069
9600.67374,0.14084
9596.81649,0.14049
9592.95925,0.13996
9589.10201,0.13977
9585.24477,0.13972
9581.38753,0.13952
9577.53029,0.13943
9573.67305,0.13955
9569.81580,0.13973
9565.95856,0.13984
9562.10132,0.14004
9558.24408,0.14047
9554.38684,0.14057
9550.52960,0.13999
9546.67236,0.13930
9542.81512,0.13906
9538.95787,0.13925
9535.10063,0.13946
9531.24339,0.13955
9527.38615,0.13973
9523.52891,0.13985
9519.67167,0.13964
9515.81443,0.13937
9511.95718,0.13921
9508.09994,0.13907
9504.24270,0.13887
9500.38546,0.13850
9496.52822,0.13798
9492.67098,0.13769
9488.81374,0.13788
9484.95649,0.13822
9481.09925,0.13838
9477.24201,0.13842
9473.38477,0.13849
9469.52753,0.13854
9465.67029,0.13861
9461.81305,0.13887
9457.95581,0.13910
9454.09856,0.13899
9450.24132,0.13877
9446.38408,0.13886
9442.52684,0.13895
9438.66960,0.13880
9434.81236,0.13889
9430.95512,0.13932
9427.09787,0.13932
9423.24063,0.13874
9419.38339,0.13839
9415.52615,0.13852
9411.66891,0.13843
9407.81167,0.13802
9403.95443,0.13793
9400.09719,0.13819
9396.23994,0.13848
9392.38270,0.13865
9388.52546,0.13871
9384.66822,0.13870
9380.81098,0.13862
9376.95374,0.13852
9373.09650,0.13854
9369.23925,0.13864
9365.38201,0.13854
9361.52477,0.13816
9357.66753,0.13798
9353.81029,0.13823
9349.95305,0.13850
9346.09581,0.13852
9342.23856,0.13845
9338.38132,0.13841
9334.52408,0.13833
9330.66684,0.13827
9326.80960,0.13817
9322.95236,0.13805
9319.09512,0.13821
9315.23788,0.13857
9311.38063,0.13853
9307.52339,0.13804
9303.66615,0.13772
9299.80891,0.13775
9295.95167,0.13790
9292.09443,0.13805
9288.23719,0.13807
9284.37994,0.13793
9280.52270,0.13787
9276.66546,0.13789
9272.80822,0.13784
9268.95098,0.13779
9265.09374,0.13778
9261.23650,0.13763
9257.37925,0.13744
9253.52201,0.13749
9249.66477,0.13771
9245.80753,0.13782
9241.95029,0.13773
9238.09305,0.13765
9234.23581,0.13774
9230.37857,0.13796
9226.52132,0.13817
9222.66408,0.13819
9218.80684,0.13812
9214.94960,0.13817
9211.09236,0.13830
9207.23512,0.13829
9203.37788,0.13813
9199.52063,0.13805
9195.66339,0.13811
9191.80615,0.13814
9187.94891,0.13813
9184.09167,0.13808
9180.23443,0.13797
9176.37719,0.13792
9172.51995,0.13783
9168.66270,0.13760
9164.80546,0.13747
9160.94822,0.13757
9157.09098,0.13773
9153.23374,0.13789
9149.37650,0.13805
9145.51926,0.13817
9141.66201,0.13807
9137.80477,0.13775
9133.94753,0.13759
9130.09029,0.13777
9126.23305,0.13798
9122.37581,0.13816
9118.51857,0.13834
9114.66132,0.13811
9110.80408,0.13767
9106.94684,0.13764
9103.08960,0.13787
9099.23236,0.13796
9095.37512,0.13808
9091.51788,0.13835
9087.66064,0.13851
9083.80339,0.13840
9079.94615,0.13808
9076.08891,0.13774
9072.23167,0.13755
9068.37443,0.13766
9064.51719,0.13805
9060.65995,0.13836
9056.80270,0.13846
9052.94546,0.13849
9049.08822,0.13856
9045.23098,0.13878
9041.37374,0.13894
9037.51650,0.13885
9033.65926,0.13869
9029.80201,0.13866
9025.94477,0.13891
9022.08753,0.13920
9018.23029,0.13911
9014.37305,0.13887
9010.51581,0.13898
9006.65857,0.13944
9002.80133,0.13984
8998.94408,0.14002
8995.08684,0.14003
8991.22960,0.13994
8987.37236,0.13992
8983.51512,0.14006
8979.65788,0.14034
8975.80064,0.14080
8971.94339,0.14114
8968.08615,0.14120
8964.22891,0.14129
8960.37167,0.14164
8956.51443,0.14207
8952.65719,0.14246
8948.79995,0.14285
8944.94271,0.14336
8941.08546,0.14384
8937.22822,0.14410
8933.37098,0.14428
8929.51374,0.14456
8925.65650,0.14502
8921.79926,0.14568
8917.94202,0.14642
8914.08477,0.14715
8910.22753,0.14783
8906.37029,0.14834
8902.51305,0.14882
8898.65581,0.14936
8894.79857,0.14990
8890.94133,0.15061
8887.08408,0.15158
8883.22684,0.15255
8879.36960,0.15335
8875.51236,0.15396
8871.65512,0.15427
8867.79788,0.15433
8863.94064,0.15453
8860.08340,0.15503
8856.22615,0.15553
8852.36891,0.15573
8848.51167,0.15545
8844.65443,0.15493
8840.79719,0.15466
8836.93995,0.15459
8833.08271,0.15431
8829.22546,0.15378
8825.36822,0.15315
8821.51098,0.15241
8817.65374,0.15170
8813.79650,0.15111
8809.93926,0.15045
8806.08202,0.14968
8802.22477,0.14895
8798.36753,0.14827
8794.51029,0.14761
8790.65305,0.14706
8786.79581,0.14656
8782.93857,0.14596
8779.08133,0.14534
8775.22409,0.14493
8771.36684,0.14456
8767.50960,0.14403
8763.65236,0.14353
8759.79512,0.14324
8755.93788,0.14308
8752.08064,0.14285
8748.22340,0.14264
8744.36615,0.14262
8740.50891,0.14270
8736.65167,0.14280
8732.79443,0.14280
8728.93719,0.14257
8725.07995,0.14234
8721.22271,0.14245
8717.36547,0.14273
8713.50822,0.14289
8709.65098,0.14297
8705.79374,0.14304
8701.93650,0.14316
8698.07926,0.14325
8694.22202,0.14325
8690.36478,0.14330
8686.50753,0.14354
8682.65029,0.14376
8678.79305,0.14383
8674.93581,0.14375
8671.07857,0.14357
8667.22133,0.14349
8663.36409,0.14365
8659.50684,0.14395
8655.64960,0.14430
8651.79236,0.14457
8647.93512,0.14478
8644.07788,0.14516
8640.22064,0.14562
8636.36340,0.14581
8632.50616,0.14568
8628.64891,0.14550
8624.79167,0.14552
8620.93443,0.14571
8617.07719,0.14592
8613.21995,0.14616
8609.36271,0.14652
8605.50547,0.14689
8601.64822,0.14710
8597.79098,0.14722
8593.93374,0.14735
8590.07650,0.14747
8586.21926,0.14758
8582.36202,0.14772
8578.50478,0.14785
8574.64753,0.14799
8570.79029,0.14821
8566.93305,0.14846
8563.07581,0.14868
8559.21857,0.14884
8555.36133,0.14888
8551.50409,0.14885
8547.64685,0.14892
8543.78960,0.14906
8539.93236,0.14915
8536.07512,0.14915
8532.21788,0.14920
8528.36064,0.14944
8524.50340,0.14979
8520.64616,0.15012
8516.78891,0.15040
8512.93167,0.15058
8509.07443,0.15065
8505.21719,0.15060
8501.35995,0.15049
8497.50271,0.15041
8493.64547,0.15040
8489.78822,0.15043
8485.93098,0.15042
8482.07374,0.15046
8478.21650,0.15056
8474.35926,0.15052
8470.50202,0.15040
8466.64478,0.15040
8462.78754,0.15041
8458.93029,0.15031
8455.07305,0.15024
8451.21581,0.15022
8447.35857,0.15016
8443.50133,0.15001
8439.64409,0.14984
8435.78685,0.14969
8431.92960,0.14962
8428.07236,0.14964
8424.21512,0.14960
8420.35788,0.14951
8416.50064,0.14953
8412.64340,0.14964
8408.78616,0.14967
8404.92892,0.14957
8401.07167,0.14947
8397.21443,0.14930
8393.35719,0.14897
8389.49995,0.14865
8385.64271,0.14854
8381.78547,0.14852
8377.92823,0.14839
8374.07098,0.14823
8370.21374,0.14812
8366.35650,0.14808
8362.49926,0.14811
8358.64202,0.14816
8354.78478,0.14822
8350.92754,0.14823
8347.07029,0.14802
8343.21305,0.14777
8339.35581,0.14764
8335.49857,0.14760
8331.64133,0.14767
8327.78409,0.14781
8323.92685,0.14786
8320.06961,0.14776
8316.21236,0.14751
8312.35512,0.14726
8308.49788,0.14720
8304.64064,0.14733
8300.78340,0.14759
8296.92616,0.14777
8293.06892,0.14764
8289.21167,0.14735
8285.35443,0.14712
8281.49719,0.14702
8277.63995,0.14706
8273.78271,0.14718
8269.92547,0.14732
8266.06823,0.14739
8262.21098,0.14737
8258.35374,0.14740
8254.49650,0.14756
8250.63926,0.14765
8246.78202,0.14761
8242.92478,0.14763
8239.06754,0.14775
8235.21030,0.14785
8231.35305,0.14787
8227.49581,0.14780
8223.63857,0.14765
8219.78133,0.14748
8215.92409,0.14740
8212.06685,0.14737
8208.20961,0.14725
8204.35236,0.14709
8200.49512,0.14705
8196.63788,0.14717
8192.78064,0.14728
8188.92340,0.14716
8185.06616,0.14680
8181.20892,0.14650
8177.35168,0.14646
8173.49443,0.14657
8169.63719,0.14664
8165.77995,0.14666
8161.92271,0.14663
8158.06547,0.14657
8154.20823,0.14654
8150.35099,0.14649
8146.49374,0.14631
8142.63650,0.14606
8138.77926,0.14590
8134.92202,0.14578
8131.06478,0.14561
8127.20754,0.14546
8123.35030,0.14538
8119.49305,0.14529
8115.63581,0.14513
8111.77857,0.14489
8107.92133,0.14477
8104.06409,0.14480
8100.20685,0.14471
8096.34961,0.14445
8092.49237,0.14431
8088.63512,0.14429
8084.77788,0.14426
8080.92064,0.14418
8077.06340,0.14403
8073.20616,0.14388
8069.34892,0.14390
8065.49168,0.14391
8061.63443,0.14373
8057.77719,0.14357
8053.91995,0.14353
8050.06271,0.14344
8046.20547,0.14326
8042.34823,0.14312
8038.49099,0.14307
8034.63374,0.14314
8030.77650,0.14325
8026.91926,0.14333
8023.06202,0.14335
8019.20478,0.14325
8015.34754,0.14300
8011.49030,0.14279
8007.63306,0.14274
8003.77581,0.14270
7999.91857,0.14255
7996.06133,0.14237
7992.20409,0.14229
7988.34685,0.14230
7984.48961,0.14235
7980.63237,0.14230
7976.77512,0.14214
7972.91788,0.14208
7969.06064,0.14219
7965.20340,0.14223
7961.34616,0.14215
7957.48892,0.14207
7953.63168,0.14191
7949.77444,0.14169
7945.91719,0.14157
7942.05995,0.14157
7938.20271,0.14159
7934.34547,0.14164
7930.48823,0.14170
7926.63099,0.14172
7922.77375,0.14171
7918.91650,0.14170
7915.05926,0.14175
7911.20202,0.14184
7907.34478,0.14183
7903.48754,0.14165
7899.63030,0.14146
7895.77306,0.14143
7891.91581,0.14155
7888.05857,0.14170
7884.20133,0.14170
7880.34409,0.14158
7876.48685,0.14152
7872.62961,0.14160
7868.77237,0.14175
7864.91513,0.14181
7861.05788,0.14170
7857.20064,0.14162
7853.34340,0.14167
7849.48616,0.14164
7845.62892,0.14139
7841.77168,0.14106
7837.91444,0.14087
7834.05719,0.14094
7830.19995,0.14107
7826.34271,0.14109
7822.48547,0.14109
7818.62823,0.14111
7814.77099,0.14102
7810.91375,0.14088
7807.05650,0.14083
7803.19926,0.14074
7799.34202,0.14055
7795.48478,0.14044
7791.62754,0.14043
7787.77030,0.14047
7783.91306,0.14047
7780.05582,0.14041
7776.19857,0.14038
7772.34133,0.14035
7768.48409,0.14019
7764.62685,0.14002
7760.76961,0.13998
7756.91237,0.13997
7753.05513,0.13987
7749.19788,0.13969
7745.34064,0.13959
7741.48340,0.13959
7737.62616,0.13953
7733.76892,0.13932
7729.91168,0.13916
7726.05444,0.13917
7722.19720,0.13914
7718.33995,0.13892
7714.48271,0.13882
7710.62547,0.13904
7706.76823,0.13921
7702.91099,0.13902
7699.05375,0.13874
7695.19651,0.13869
7691.33926,0.13868
7687.48202,0.13855
7683.62478,0.13850
7679.76754,0.13864
7675.91030,0.13877
7672.05306,0.13871
7668.19582,0.13851
7664.33857,0.13838
7660.48133,0.13848
7656.62409,0.13877
7652.76685,0.13897
7648.90961,0.13888
7645.05237,0.13872
7641.19513,0.13875
7637.33789,0.13888
7633.48064,0.13891
7629.62340,0.13879
7625.76616,0.13874
7621.90892,0.13885
7618.05168,0.13898
7614.19444,0.13901
7610.33720,0.13898
7606.47995,0.13899
7602.62271,0.13900
7598.76547,0.13892
7594.90823,0.13886
7591.05099,0.13898
7587.19375,0.13917
7583.33651,0.13923
7579.47926,0.13924
7575.62202,0.13930
7571.76478,0.13935
7567.90754,0.13943
7564.05030,0.13951
7560.19306,0.13956
7556.33582,0.13968
7552.47858,0.13990
7548.62133,0.14016
7544.76409,0.14041
7540.90685,0.14054
7537.04961,0.14052
7533.19237,0.14058
7529.33513,0.14072
7525.47789,0.14069
7521.62064,0.14053
7517.76340,0.14051
7513.90616,0.14072
7510.04892,0.14099
7506.19168,0.14115
7502.33444,0.14131
7498.47720,0.14155
7494.61996,0.14177
7490.76271,0.14197
7486.90547,0.14220
7483.04823,0.14238
7479.19099,0.14248
7475.33375,0.14262
7471.47651,0.14286
7467.61927,0.14311
7463.76202,0.14328
7459.90478,0.14353
7456.04754,0.14392
7452.19030,0.14434
7448.33306,0.14476
7444.47582,0.14525
7440.61858,0.14581
7436.76133,0.14642
7432.90409,0.14702
7429.04685,0.14765
7425.18961,0.14833
7421.33237,0.14897
7417.47513,0.14955
7413.61789,0.15006
7409.76065,0.15048
7405.90340,0.15093
7402.04616,0.15154
7398.18892,0.15229
7394.33168,0.15300
7390.47444,0.15361
7386.61720,0.15425
7382.75996,0.15498
7378.90271,0.15573
7375.04547,0.15650
7371.18823,0.15731
7367.33099,0.15809
7363.47375,0.15878
7359.61651,0.15936
7355.75927,0.15993
7351.90202,0.16053
7348.04478,0.16114
7344.18754,0.16172
7340.33030,0.16219
7336.47306,0.16259
7332.61582,0.16306
7328.75858,0.16354
7324.90134,0.16390
7321.04409,0.16412
7317.18685,0.16425
7313.32961,0.16435
7309.47237,0.16448
7305.61513,0.16462
7301.75789,0.16474
7297.90065,0.16481
7294.04340,0.16489
7290.18616,0.16503
7286.32892,0.16523
7282.47168,0.16541
7278.61444,0.16560
7274.75720,0.16582
7270.89996,0.16602
7267.04272,0.16626
7263.18547,0.16655
7259.32823,0.16676
7255.47099,0.16692
7251.61375,0.16712
7247.75651,0.16736
7243.89927,0.16754
7240.04203,0.16762
7236.18478,0.16768
7232.32754,0.16773
7228.47030,0.16775
7224.61306,0.16777
7220.75582,0.16785
7216.89858,0.16801
7213.04134,0.16822
7209.18409,0.16836
7205.32685,0.16843
7201.46961,0.16853
7197.61237,0.16866
7193.75513,0.16875
7189.89789,0.16878
7186.04065,0.16888
7182.18341,0.16906
7178.32616,0.16930
7174.46892,0.16960
7170.61168,0.17001
7166.75444,0.17047
7162.89720,0.17093
7159.03996,0.17140
7155.18272,0.17194
7151.32547,0.17256
7147.46823,0.17323
7143.61099,0.17388
7139.75375,0.17453
7135.89651,0.17522
7132.03927,0.17601
7128.18203,0.17687
7124.32478,0.17770
7120.46754,0.17850
7116.61030,0.17927
7112.75306,0.18001
7108.89582,0.18079
7105.03858,0.18166
7101.18134,0.18258
7097.32410,0.18358
7093.46685,0.18466
7089.60961,0.18581
7085.75237,0.18702
7081.89513,0.18827
7078.03789,0.18958
7074.18065,0.19089
7070.32341,0.19211
7066.46616,0.19339
7062.60892,0.19481
7058.75168,0.19614
7054.89444,0.19736
7051.03720,0.19868
7047.17996,0.20009
7043.32272,0.20146
7039.46548,0.20279
7035.60823,0.20402
7031.75099,0.20517
7027.89375,0.20635
7024.03651,0.20756
7020.17927,0.20866
7016.32203,0.20960
7012.46479,0.21048
7008.60754,0.21139
7004.75030,0.21230
7000.89306,0.21313
6997.03582,0.21386
6993.17858,0.21456
6989.32134,0.21527
6985.46410,0.21598
6981.60685,0.21668
6977.74961,0.21737
6973.89237,0.21802
6970.03513,0.21860
6966.17789,0.21908
6962.32065,0.21953
6958.46341,0.22004
6954.60617,0.22058
6950.74892,0.22101
6946.89168,0.22132
6943.03444,0.22165
6939.17720,0.22203
6935.31996,0.22241
6931.46272,0.22280
6927.60548,0.22320
6923.74823,0.22362
6919.89099,0.22404
6916.03375,0.22442
6912.17651,0.22476
6908.31927,0.22516
6904.46203,0.22552
6900.60479,0.22583
6896.74754,0.22621
6892.89030,0.22661
6889.03306,0.22691
6885.17582,0.22719
6881.31858,0.22759
6877.46134,0.22811
6873.60410,0.22872
6869.74686,0.22940
6865.88961,0.23008
6862.03237,0.23066
6858.17513,0.23120
6854.31789,0.23177
6850.46065,0.23237
6846.60341,0.23301
6842.74617,0.23363
6838.88892,0.23420
6835.03168,0.23482
6831.17444,0.23552
6827.31720,0.23623
6823.45996,0.23696
6819.60272,0.23775
6815.74548,0.23851
6811.88824,0.23921
6808.03099,0.23997
6804.17375,0.24084
6800.31651,0.24170
6796.45927,0.24247
6792.60203,0.24327
6788.74479,0.24415
6784.88755,0.24497
6781.03030,0.24574
6777.17306,0.24656
6773.31582,0.24735
6769.45858,0.24803
6765.60134,0.24865
6761.74410,0.24926
6757.88686,0.24981
6754.02961,0.25030
6750.17237,0.25071
6746.31513,0.25103
6742.45789,0.25126
6738.60065,0.25152
6734.74341,0.25183
6730.88617,0.25204
6727.02893,0.25210
6723.17168,0.25212
6719.31444,0.25222
6715.45720,0.25237
6711.59996,0.25248
6707.74272,0.25252
6703.88548,0.25255
6700.02824,0.25254
6696.17099,0.25246
6692.31375,0.25237
6688.45651,0.25230
6684.59927,0.25219
6680.74203,0.25199
6676.88479,0.25173
6673.02755,0.25146
6669.17030,0.25122
6665.31306,0.25098
6661.45582,0.25070
6657.59858,0.25039
6653.74134,0.25009
6649.88410,0.24975
6646.02686,0.24937
6642.16962,0.24897
6638.31237,0.24851
6634.45513,0.24801
6630.59789,0.24752
6626.74065,0.24706
6622.88341,0.24662
6619.02617,0.24613
6615.16893,0.24557
6611.31168,0.24499
6607.45444,0.24445
6603.59720,0.24394
6599.73996,0.24349
6595.88272,0.24314
6592.02548,0.24288
6588.16824,0.24260
6584.31100,0.24231
6580.45375,0.24207
6576.59651,0.24189
6572.73927,0.24179
6568.88203,0.24177
6565.02479,0.24175
6561.16755,0.24176
6557.31031,0.24187
6553.45306,0.24197
6549.59582,0.24197
6545.73858,0.24199
6541.88134,0.24210
6538.02410,0.24227
6534.16686,0.24246
6530.30962,0.24264
6526.45237,0.24278
6522.59513,0.24288
6518.73789,0.24297
6514.88065,0.24315
6511.02341,0.24336
6507.16617,0.24350
6503.30893,0.24360
6499.45169,0.24366
6495.59444,0.24370
6491.73720,0.24371
6487.87996,0.24370
6484.02272,0.24369
6480.16548,0.24362
6476.30824,0.24344
6472.45100,0.24324
6468.59375,0.24310
6464.73651,0.24301
6460.87927,0.24287
6457.02203,0.24264
6453.16479,0.24239
6449.30755,0.24217
6445.45031,0.24193
6441.59306,0.24165
6437.73582,0.24139
6433.87858,0.24115
6430.02134,0.24083
6426.16410,0.24043
6422.30686,0.24009
6418.44962,0.23981
6414.59238,0.23948
6410.73513,0.23911
6406.87789,0.23879
6403.02065,0.23857
6399.16341,0.23841
6395.30617,0.23825
6391.44893,0.23808
6387.59169,0.23794
6383.73444,0.23784
6379.87720,0.23774
6376.01996,0.23763
6372.16272,0.23745
6368.30548,0.23722
6364.44824,0.23702
6360.59100,0.23684
6356.73376,0.23664
6352.87651,0.23646
6349.01927,0.23632
6345.16203,0.23622
6341.30479,0.23614
6337.44755,0.23611
6333.59031,0.23613
6329.73307,0.23615
6325.87582,0.23612
6322.01858,0.23608
6318.16134,0.23607
6314.30410,0.23604
6310.44686,0.23594
6306.58962,0.23579
6302.73238,0.23564
6298.87513,0.23546
6295.01789,0.23514
6291.16065,0.23469
6287.30341,0.23422
6283.44617,0.23372
6279.58893,0.23312
6275.73169,0.23243
6271.87445,0.23174
6268.01720,0.23104
6264.15996,0.23035
6260.30272,0.22962
6256.44548,0.22887
6252.58824,0.22812
6248.73100,0.22738
6244.87376,0.22659
6241.01651,0.22569
6237.15927,0.22471
6233.30203,0.22373
6229.44479,0.22281
6225.58755,0.22199
6221.73031,0.22135
6217.87307,0.22095
6214.01582,0.22079
6210.15858,0.22085
6206.30134,0.22113
6202.44410,0.22155
6198.58686,0.22182
6194.72962,0.22163
6190.87238,0.22090
6187.01514,0.21976
6183.15789,0.21842
6179.30065,0.21713
6175.44341,0.21605
6171.58617,0.21527
6167.72893,0.21482
6163.87169,0.21467
6160.01445,0.21480
6156.15720,0.21520
6152.29996,0.21578
6148.44272,0.21630
6144.58548,0.21658
6140.72824,0.21659
6136.87100,0.21638
6133.01376,0.21608
6129.15652,0.21590
6125.29927,0.21614
6121.44203,0.21703
6117.58479,0.21860
6113.72755,0.22088
6109.87031,0.22391
6106.01307,0.22757
6102.15583,0.23173
6098.29858,0.23635
6094.44134,0.24123
6090.58410,0.24609
6086.72686,0.25065
6082.86962,0.25489
6079.01238,0.25903
6075.15514,0.26353
6071.29789,0.26886
6067.44065,0.27519
6063.58341,0.28212
6059.72617,0.28896
6055.86893,0.29510
6052.01169,0.30041
6048.15445,0.30521
6044.29721,0.31002
6040.43996,0.31523
6036.58272,0.32104
6032.72548,0.32722
6028.86824,0.33298
6025.01100,0.33738
6021.15376,0.33978
6017.29652,0.33959
6013.43927,0.33650
6009.58203,0.33076
6005.72479,0.32315
6001.86755,0.31471
5998.01031,0.30648
5994.15307,0.29926
5990.29583,0.29355
5986.43858,0.28951
5982.58134,0.28683
5978.72410,0.28471
5974.86686,0.28209
5971.00962,0.27844
5967.15238,0.27423
5963.29514,0.27038
5959.43790,0.26750
5955.58065,0.26572
5951.72341,0.26488
5947.86617,0.26452
5944.00893,0.26396
5940.15169,0.26251
5936.29445,0.25987
5932.43721,0.25622
5928.57996,0.25198
5924.72272,0.24758
5920.86548,0.24342
5917.00824,0.23981
5913.15100,0.23686
5909.29376,0.23473
5905.43652,0.23359
5901.57927,0.23351
5897.72203,0.23441
5893.86479,0.23616
5890.00755,0.23858
5886.15031,0.24135
5882.29307,0.24404
5878.43583,0.24641
5874.57859,0.24847
5870.72134,0.25025
5866.86410,0.25165
5863.00686,0.25243
5859.14962,0.25244
5855.29238,0.25184
5851.43514,0.25095
5847.57790,0.25001
5843.72065,0.24926
5839.86341,0.24877
5836.00617,0.24854
5832.14893,0.24854
5828.29169,0.24871
5824.43445,0.24898
5820.57721,0.24931
5816.71997,0.24964
5812.86272,0.24987
5809.00548,0.24995
5805.14824,0.24985
5801.29100,0.24960
5797.43376,0.24925
5793.57652,0.24890
5789.71928,0.24856
5785.86203,0.24821
5782.00479,0.24786
5778.14755,0.24745
5774.29031,0.24689
5770.43307,0.24616
5766.57583,0.24525
5762.71859,0.24411
5758.86134,0.24272
5755.00410,0.24117
5751.14686,0.23950
5747.28962,0.23772
5743.43238,0.23587
5739.57514,0.23403
5735.71790,0.23227
5731.86066,0.23072
5728.00341,0.22954
5724.14617,0.22887
5720.28893,0.22867
5716.43169,0.22875
5712.57445,0.22897
5708.71721,0.22914
5704.85997,0.22915
5701.00272,0.22903
5697.14548,0.22878
5693.28824,0.22838
5689.43100,0.22792
5685.57376,0.22749
5681.71652,0.22720
5677.85928,0.22708
5674.00203,0.22712
5670.14479,0.22731
5666.28755,0.22768
5662.43031,0.22815
5658.57307,0.22857
5654.71583,0.22874
5650.85859,0.22857
5647.00135,0.22805
5643.14410,0.22724
5639.28686,0.22628
5635.42962,0.22528
5631.57238,0.22430
5627.71514,0.22344
5623.85790,0.22273
5620.00066,0.22216
5616.14341,0.22179
5612.28617,0.22165
5608.42893,0.22171
5604.57169,0.22190
5600.71445,0.22215
5596.85721,0.22246
5592.99997,0.22286
5589.14273,0.22335
5585.28548,0.22395
5581.42824,0.22461
5577.57100,0.22527
5573.71376,0.22587
5569.85652,0.22639
5565.99928,0.22677
5562.14204,0.22692
5558.28479,0.22683
5554.42755,0.22669
5550.57031,0.22661
5546.71307,0.22656
5542.85583,0.22651
5538.99859,0.22652
5535.14135,0.22652
5531.28410,0.22646
5527.42686,0.22631
5523.56962,0.22611
5519.71238,0.22581
5515.85514,0.22544
5511.99790,0.22511
5508.14066,0.22494
5504.28342,0.22494
5500.42617,0.22510
5496.56893,0.22551
5492.71169,0.22612
5488.85445,0.22673
5484.99721,0.22720
5481.13997,0.22746
5477.28273,0.22745
5473.42548,0.22715
5469.56824,0.22665
5465.71100,0.22598
5461.85376,0.22512
5457.99652,0.22410
5454.13928,0.22297
5450.28204,0.22170
5446.42479,0.22029
5442.56755,0.21876
5438.71031,0.21723
5434.85307,0.21579
5430.99583,0.21450
5427.13859,0.21337
5423.28135,0.21246
5419.42411,0.21179
5415.56686,0.21133
5411.70962,0.21097
5407.85238,0.21064
5403.99514,0.21036
5400.13790,0.21015
5396.28066,0.20997
5392.42342,0.20979
5388.56617,0.20967
5384.70893,0.20962
5380.85169,0.20965
5376.99445,0.20974
5373.13721,0.20988
5369.27997,0.21010
5365.42273,0.21042
5361.56549,0.21083
5357.70824,0.21127
5353.85100,0.21170
5349.99376,0.21205
5346.13652,0.21233
5342.27928,0.21250
5338.42204,0.21259
5334.56480,0.21268
5330.70755,0.21284
5326.85031,0.21316
5322.99307,0.21374
5319.13583,0.21459
5315.27859,0.21571
5311.42135,0.21712
5307.56411,0.21883
5303.70686,0.22080
5299.84962,0.22301
5295.99238,0.22546
5292.13514,0.22826
5288.27790,0.23151
5284.42066,0.23526
5280.56342,0.23951
5276.70618,0.24423
5272.84893,0.24921
5268.99169,0.25426
5265.13445,0.25922
5261.27721,0.26393
5257.41997,0.26832
5253.56273,0.27241
5249.70549,0.27612
5245.84824,0.27942
5241.99100,0.28232
5238.13376,0.28485
5234.27652,0.28709
5230.41928,0.28912
5226.56204,0.29096
5222.70480,0.29255
5218.84755,0.29386
5214.99031,0.29495
5211.13307,0.29590
5207.27583,0.29673
5203.41859,0.29743
5199.56135,0.29799
5195.70411,0.29848
5191.84687,0.29892
5187.98962,0.29929
5184.13238,0.29954
5180.27514,0.29967
5176.41790,0.29969
5172.56066,0.29967
5168.70342,0.29963
5164.84618,0.29955
5160.98893,0.29942
5157.13169,0.29931
5153.27445,0.29928
5149.41721,0.29931
5145.55997,0.29928
5141.70273,0.29920
5137.84549,0.29918
5133.98825,0.29923
5130.13100,0.29930
5126.27376,0.29930
5122.41652,0.29897
5118.55928,0.29798
5114.70204,0.29610
5110.84480,0.29343
5106.98756,0.29032
5103.13031,0.28716
5099.27307,0.28413
5095.41583,0.28129
5091.55859,0.27866
5087.70135,0.27625
5083.84411,0.27404
5079.98687,0.27205
5076.12962,0.27029
5072.27238,0.26873
5068.41514,0.26728
5064.55790,0.26589
5060.70066,0.26453
5056.84342,0.26326
5052.98618,0.26212
5049.12894,0.26113
5045.27169,0.26026
5041.41445,0.25946
5037.55721,0.25874
5033.69997,0.25810
5029.84273,0.25747
5025.98549,0.25687
5022.12825,0.25635
5018.27100,0.25590
5014.41376,0.25543
5010.55652,0.25496
5006.69928,0.25455
5002.84204,0.25415
4998.98480,0.25372
4995.12756,0.25331
4991.27031,0.25303
4987.41307,0.25287
4983.55583,0.25285
4979.69859,0.25302
4975.84135,0.25344
4971.98411,0.25411
4968.12687,0.25501
4964.26963,0.25613
4960.41238,0.25751
4956.55514,0.25916
4952.69790,0.26107
4948.84066,0.26316
4944.98342,0.26532
4941.12618,0.26750
4937.26894,0.26976
4933.41169,0.27215
4929.55445,0.27471
4925.69721,0.27741
4921.83997,0.28021
4917.98273,0.28320
4914.12549,0.28635
4910.26825,0.28962
4906.41101,0.29298
4902.55376,0.29646
4898.69652,0.30008
4894.83928,0.30389
4890.98204,0.30783
4887.12480,0.31176
4883.26756,0.31566
4879.41032,0.31958
4875.55307,0.32347
4871.69583,0.32726
4867.83859,0.33092
4863.98135,0.33445
4860.12411,0.33789
4856.26687,0.34127
4852.40963,0.34471
4848.55238,0.34834
4844.69514,0.35225
4840.83790,0.35648
4836.98066,0.36103
4833.12342,0.36579
4829.26618,0.37057
4825.40894,0.37520
4821.55170,0.37956
4817.69445,0.38356
4813.83721,0.38721
4809.97997,0.39057
4806.12273,0.39366
4802.26549,0.39640
4798.40825,0.39873
4794.55101,0.40059
4790.69376,0.40188
4786.83652,0.40263
4782.97928,0.40302
4779.12204,0.40334
4775.26480,0.40373
4771.40756,0.40425
4767.55032,0.40513
4763.69307,0.40660
4759.83583,0.40865
4755.97859,0.41113
4752.12135,0.41386
4748.26411,0.41658
4744.40687,0.41915
4740.54963,0.42163
4736.69239,0.42435
4732.83514,0.42780
4728.97790,0.43213
4725.12066,0.43671
4721.26342,0.44032
4717.40618,0.44213
4713.54894,0.44265
4709.69170,0.44352
4705.83445,0.44630
4701.97721,0.45144
4698.11997,0.45787
4694.26273,0.46325
4690.40549,0.46507
4686.54825,0.46206
4682.69101,0.45465
4678.83377,0.44453
4674.97652,0.43405
4671.11928,0.42527
4667.26204,0.41907
4663.40480,0.41519
4659.54756,0.41293
4655.69032,0.41216
4651.83308,0.41342
4647.97583,0.41713
4644.11859,0.42276
4640.26135,0.42849
4636.40411,0.43163
4632.54687,0.42981
4628.68963,0.42249
4624.83239,0.41142
4620.97514,0.39962
4617.11790,0.38957
4613.26066,0.38231
4609.40342,0.37791
4605.54618,0.37620
4601.68894,0.37697
4597.83170,0.37970
4593.97446,0.38310
4590.11721,0.38600
4586.25997,0.38835
4582.40273,0.38981
4578.54549,0.38846
4574.68825,0.38265
4570.83101,0.37343
4566.97377,0.36377
4563.11652,0.35617
4559.25928,0.35138
4555.40204,0.34879
4551.54480,0.34740
4547.68756,0.34651
4543.83032,0.34574
4539.97308,0.34501
4536.11583,0.34454
4532.25859,0.34459
4528.40135,0.34525
4524.54411,0.34651
4520.68687,0.34842
4516.82963,0.35111
4512.97239,0.35472
4509.11515,0.35962
4505.25790,0.36629
4501.40066,0.37491
4497.54342,0.38514
4493.68618,0.39570
4489.82894,0.40490
4485.97170,0.41210
4482.11446,0.41821
4478.25721,0.42492
4474.39997,0.43391
4470.54273,0.44633
4466.68549,0.46204
4462.82825,0.47858
4458.97101,0.49184
4455.11377,0.49953
4451.25653,0.50366
4447.39928,0.50784
4443.54204,0.51353
4439.68480,0.51970
4435.82756,0.52460
4431.97032,0.52662
4428.11308,0.52492
4424.25584,0.52036
4420.39859,0.51536
4416.54135,0.51226
4412.68411,0.51191
4408.82687,0.51340
4404.96963,0.51470
4401.11239,0.51396
4397.25515,0.51072
4393.39790,0.50571
4389.54066,0.50017
4385.68342,0.49522
4381.82618,0.49136
4377.96894,0.48860
4374.11170,0.48691
4370.25446,0.48643
4366.39722,0.48727
4362.53997,0.48894
4358.68273,0.49066
4354.82549,0.49221
4350.96825,0.49406
4347.11101,0.49668
4343.25377,0.49999
4339.39653,0.50330
4335.53928,0.50603
4331.68204,0.50829
4327.82480,0.51046
4323.96756,0.51292
4320.11032,0.51592
4316.25308,0.51965
4312.39584,0.52440
4308.53859,0.53020
4304.68135,0.53650
4300.82411,0.54260
4296.96687,0.54787
4293.10963,0.55164
4289.25239,0.55358
4285.39515,0.55397
4281.53791,0.55341
4277.68066,0.55235
4273.82342,0.55080
4269.96618,0.54856
4266.10894,0.54582
4262.25170,0.54332
4258.39446,0.54182
4254.53722,0.54149
4250.67997,0.54187
4246.82273,0.54210
4242.96549,0.54143
4239.10825,0.53980
4235.25101,0.53804
4231.39377,0.53681
4227.53653,0.53579
4223.67929,0.53413
4219.82204,0.53136
4215.96480,0.52783
4212.10756,0.52440
4208.25032,0.52163
4204.39308,0.51937
4200.53584,0.51746
4196.67860,0.51638
4192.82135,0.51695
4188.96411,0.51965
4185.10687,0.52423
4181.24963,0.52917
4177.39239,0.53168
4173.53515,0.52960
4169.67791,0.52347
4165.82066,0.51599
4161.96342,0.50981
4158.10618,0.50586
4154.24894,0.50390
4150.39170,0.50385
4146.53446,0.50587
4142.67722,0.50971
4138.81998,0.51458
4134.96273,0.51937
4131.10549,0.52320
4127.24825,0.52616
4123.39101,0.52921
4119.53377,0.53329
4115.67653,0.53906
4111.81929,0.54695
4107.96204,0.55728
4104.10480,0.57062
4100.24756,0.58802
4096.39032,0.60839
4092.53308,0.62544
4088.67584,0.63180
4084.81860,0.62658
4080.96135,0.61439
4077.10411,0.60028
4073.24687,0.58828
4069.38963,0.58053
4065.53239,0.57663
4061.67515,0.57520
4057.81791,0.57544
4053.96067,0.57693
4050.10342,0.57903
4046.24618,0.58090
4042.38894,0.58203
4038.53170,0.58261
4034.67446,0.58312
4030.81722,0.58365
4026.95998,0.58394
4023.10273,0.58393
4019.24549,0.58380
4015.38825,0.58334
4011.53101,0.58204
4007.67377,0.57994
4003.81653,0.57752
3999.95929,0.57496
3996.10205,0.57210
3992.24480,0.56894
3988.38756,0.56595
3984.53032,0.56353
3980.67308,0.56168
3976.81584,0.56011
3972.95860,0.55843
3969.10136,0.55630
3965.24411,0.55359
3961.38687,0.55055
3957.52963,0.54751
3953.67239,0.54441
3949.81515,0.54126
3945.95791,0.53824
3942.10067,0.53527
3938.24342,0.53243
3934.38618,0.52998
3930.52894,0.52789
3926.67170,0.52597
3922.81446,0.52404
3918.95722,0.52202
3915.09998,0.51986
3911.24274,0.51734
3907.38549,0.51424
3903.52825,0.51051
3899.67101,0.50650
3895.81377,0.50270
3891.95653,0.49927
3888.09929,0.49634
3884.24205,0.49404
3880.38480,0.49215
3876.52756,0.49020
3872.67032,0.48773
3868.81308,0.48454
3864.95584,0.48097
3861.09860,0.47759
3857.24136,0.47449
3853.38411,0.47157
3849.52687,0.46929
3845.66963,0.46759
3841.81239,0.46612
3837.95515,0.46502
3834.09791,0.46437
3830.24067,0.46396
3826.38343,0.46391
3822.52618,0.46480
3818.66894,0.46722
3814.81170,0.47051
3810.95446,0.47320
3807.09722,0.47446
3803.23998,0.47394
3799.38274,0.47187
3795.52549,0.46932
3791.66825,0.46730
3787.81101,0.46628
3783.95377,0.46640
3780.09653,0.46758
3776.23929,0.46964
3772.38205,0.47236
3768.52481,0.47570
3764.66756,0.47941
3760.81032,0.48245
3756.95308,0.48323
3753.09584,0.48087
3749.23860,0.47689
3745.38136,0.47459
3741.52412,0.47543
3737.66687,0.47867
3733.80963,0.48292
3729.95239,0.48573
3726.09515,0.48622
3722.23791,0.48631
3718.38067,0.48793
3714.52343,0.49170
3710.66618,0.49795
3706.80894,0.50659
3702.95170,0.51743
3699.09446,0.53063
3695.23722,0.54637
3691.37998,0.56578
3687.52274,0.58640
3683.66550,0.60068
3679.80825,0.60854
3675.95101,0.61663
3672.09377,0.62957
3668.23653,0.64616
3664.37929,0.66341
3660.52205,0.68056
3656.66481,0.69797
3652.80756,0.71558
3648.95032,0.73405
3645.09308,0.75208
3641.23584,0.76614
3637.37860,0.77682
3633.52136,0.78660
3629.66412,0.79765
3625.80687,0.80936
3621.94963,0.81898
3618.09239,0.82819
3614.23515,0.83729
3610.37791,0.84526
3606.52067,0.85468
3602.66343,0.86657
3598.80619,0.87788
