12493.60475,0.16099
12489.74751,0.15876
12485.89027,0.15611
12482.03303,0.15532
12478.17579,0.15565
12474.31855,0.15552
12470.46130,0.15399
12466.60406,0.15258
12462.74682,0.15263
12458.88958,0.15267
12455.03234,0.15205
12451.17510,0.15081
12447.31786,0.14897
12443.46062,0.14853
12439.60337,0.15037
12435.74613,0.15229
12431.88889,0.15243
12428.03165,0.15188
12424.17441,0.15304
12420.31717,0.15485
12416.45993,0.15457
12412.60268,0.15186
12408.74544,0.14897
12404.88820,0.14928
12401.03096,0.15062
12397.17372,0.14990
12393.31648,0.15053
12389.45924,0.15294
12385.60199,0.15372
12381.74475,0.15392
12377.88751,0.15536
12374.03027,0.15623
12370.17303,0.15589
12366.31579,0.15538
12362.45855,0.15327
12358.60131,0.15019
12354.74406,0.15074
12350.88682,0.15501
12347.02958,0.15662
12343.17234,0.15369
12339.31510,0.15296
12335.45786,0.15742
12331.60062,0.16113
12327.74337,0.15982
12323.88613,0.15723
12320.02889,0.15788
12316.17165,0.16000
12312.31441,0.15972
12308.45717,0.15772
12304.59993,0.15827
12300.74268,0.16090
12296.88544,0.16041
12293.02820,0.15799
12289.17096,0.15895
12285.31372,0.16165
12281.45648,0.16103
12277.59924,0.15803
12273.74200,0.15622
12269.88475,0.15502
12266.02751,0.15300
12262.17027,0.15113
12258.31303,0.15106
12254.45579,0.15304
12250.59855,0.15446
12246.74131,0.15378
12242.88406,0.15306
12239.02682,0.15368
12235.16958,0.15512
12231.31234,0.15673
12227.45510,0.15740
12223.59786,0.15691
12219.74062,0.15620
12215.88338,0.15562
12212.02613,0.15546
12208.16889,0.15557
12204.31165,0.15582
12200.45441,0.15702
12196.59717,0.15794
12192.73993,0.15646
12188.88269,0.15344
12185.02544,0.15187
12181.16820,0.15292
12177.31096,0.15383
12173.45372,0.15257
12169.59648,0.15081
12165.73924,0.15017
12161.88200,0.15077
12158.02475,0.15268
12154.16751,0.15530
12150.31027,0.15690
12146.45303,0.15633
12142.59579,0.15285
12138.73855,0.14802
12134.88131,0.14659
12131.02407,0.14936
12127.16682,0.15164
12123.30958,0.15044
12119.45234,0.14785
12115.59510,0.14769
12111.73786,0.14975
12107.88062,0.15053
12104.02338,0.14884
12100.16613,0.14697
12096.30889,0.14785
12092.45165,0.15097
12088.59441,0.15323
12084.73717,0.15391
12080.87993,0.15344
12077.02269,0.15209
12073.16544,0.15097
12069.30820,0.15019
12065.45096,0.14985
12061.59372,0.14961
12057.73648,0.14752
12053.87924,0.14532
12050.02200,0.14647
12046.16476,0.14916
12042.30751,0.15128
12038.45027,0.15357
12034.59303,0.15446
12030.73579,0.15377
12026.87855,0.15498
12023.02131,0.15729
12019.16407,0.15681
12015.30682,0.15400
12011.44958,0.15241
12007.59234,0.15354
12003.73510,0.15564
11999.87786,0.15726
11996.02062,0.15846
11992.16338,0.15898
11988.30614,0.15812
11984.44889,0.15635
11980.59165,0.15500
11976.73441,0.15445
11972.87717,0.15487
11969.01993,0.15569
11965.16269,0.15556
11961.30545,0.15461
11957.44820,0.15332
11953.59096,0.15241
11949.73372,0.15304
11945.87648,0.15473
11942.01924,0.15612
11938.16200,0.15667
11934.30476,0.15673
11930.44751,0.15711
11926.59027,0.15912
11922.73303,0.16255
11918.87579,0.16343
11915.01855,0.15971
11911.16131,0.15561
11907.30407,0.15513
11903.44683,0.15678
11899.58958,0.15726
11895.73234,0.15637
11891.87510,0.15597
11888.01786,0.15665
11884.16062,0.15710
11880.30338,0.15658
11876.44614,0.15544
11872.58889,0.15353
11868.73165,0.15267
11864.87441,0.15468
11861.01717,0.15667
11857.15993,0.15691
11853.30269,0.15734
11849.44545,0.15786
11845.58820,0.15767
11841.73096,0.15784
11837.87372,0.15844
11834.01648,0.15860
11830.15924,0.15828
11826.30200,0.15728
11822.44476,0.15657
11818.58752,0.15748
11814.73027,0.15791
11810.87303,0.15672
11807.01579,0.15638
11803.15855,0.15715
11799.30131,0.15720
11795.44407,0.15649
11791.58683,0.15587
11787.72958,0.15547
11783.87234,0.15567
11780.01510,0.15723
11776.15786,0.15881
11772.30062,0.15897
11768.44338,0.15933
11764.58614,0.16010
11760.72890,0.15925
11756.87165,0.15762
11753.01441,0.15762
11749.15717,0.15840
11745.29993,0.15772
11741.44269,0.15662
11737.58545,0.15747
11733.72821,0.15930
11729.87096,0.15908
11726.01372,0.15709
11722.15648,0.15672
11718.29924,0.15813
11714.44200,0.15834
11710.58476,0.15750
11706.72752,0.15775
11702.87027,0.15879
11699.01303,0.15922
11695.15579,0.15851
11691.29855,0.15690
11687.44131,0.15533
11683.58407,0.15465
11679.72683,0.15534
11675.86959,0.15748
11672.01234,0.16000
11668.15510,0.16113
11664.29786,0.16022
11660.44062,0.15829
11656.58338,0.15681
11652.72614,0.15611
11648.86890,0.15557
11645.01165,0.15590
11641.15441,0.15758
11637.29717,0.15823
11633.43993,0.15660
11629.58269,0.15505
11625.72545,0.15511
11621.86821,0.15465
11618.01096,0.15296
11614.15372,0.15257
11610.29648,0.15379
11606.43924,0.15452
11602.58200,0.15404
11598.72476,0.15286
11594.86752,0.15121
11591.01028,0.14967
11587.15303,0.14935
11583.29579,0.15014
11579.43855,0.15137
11575.58131,0.15243
11571.72407,0.15229
11567.86683,0.15173
11564.00959,0.15266
11560.15234,0.15427
11556.29510,0.15469
11552.43786,0.15506
11548.58062,0.15593
11544.72338,0.15490
11540.86614,0.15322
11537.00890,0.15417
11533.15166,0.15554
11529.29441,0.15415
11525.43717,0.15218
11521.57993,0.15203
11517.72269,0.15230
11513.86545,0.15210
11510.00821,0.15280
11506.15097,0.15466
11502.29372,0.15629
11498.43648,0.15670
11494.57924,0.15596
11490.72200,0.15477
11486.86476,0.15416
11483.00752,0.15488
11479.15028,0.15630
11475.29303,0.15680
11471.43579,0.15617
11467.57855,0.15564
11463.72131,0.15622
11459.86407,0.15759
11456.00683,0.15775
11452.14959,0.15667
11448.29235,0.15698
11444.43510,0.15788
11440.57786,0.15666
11436.72062,0.15543
11432.86338,0.15638
11429.00614,0.15695
11425.14890,0.15564
11421.29166,0.15420
11417.43441,0.15329
11413.57717,0.15258
11409.71993,0.15252
11405.86269,0.15368
11402.00545,0.15552
11398.14821,0.15649
11394.29097,0.15595
11390.43372,0.15534
11386.57648,0.15560
11382.71924,0.15516
11378.86200,0.15298
11375.00476,0.15151
11371.14752,0.15251
11367.29028,0.15336
11363.43304,0.15272
11359.57579,0.15268
11355.71855,0.15402
11351.86131,0.15528
11348.00407,0.15517
11344.14683,0.15434
11340.28959,0.15381
11336.43235,0.15308
11332.57510,0.15247
11328.71786,0.15293
11324.86062,0.15309
11321.00338,0.15125
11317.14614,0.14916
11313.28890,0.14989
11309.43166,0.15292
11305.57442,0.15548
11301.71717,0.15656
11297.85993,0.15658
11294.00269,0.15635
11290.14545,0.15592
11286.28821,0.15401
11282.43097,0.15148
11278.57373,0.15048
11274.71648,0.15020
11270.85924,0.14946
11267.00200,0.14876
11263.14476,0.14875
11259.28752,0.15059
11255.43028,0.15392
11251.57304,0.15579
11247.71579,0.15559
11243.85855,0.15609
11240.00131,0.15727
11236.14407,0.15704
11232.28683,0.15582
11228.42959,0.15493
11224.57235,0.15454
11220.71511,0.15373
11216.85786,0.15156
11213.00062,0.14881
11209.14338,0.14745
11205.28614,0.14834
11201.42890,0.14971
11197.57166,0.14985
11193.71442,0.14920
11189.85717,0.14849
11185.99993,0.14839
11182.14269,0.14957
11178.28545,0.15128
11174.42821,0.15161
11170.57097,0.15063
11166.71373,0.15005
11162.85648,0.14994
11158.99924,0.14954
11155.14200,0.14870
11151.28476,0.14763
11147.42752,0.14744
11143.57028,0.14844
11139.71304,0.14894
11135.85580,0.14862
11131.99855,0.14895
11128.14131,0.15002
11124.28407,0.15094
11120.42683,0.15185
11116.56959,0.15278
11112.71235,0.15295
11108.85511,0.15247
11104.99786,0.15209
11101.14062,0.15183
11097.28338,0.15166
11093.42614,0.15165
11089.56890,0.15156
11085.71166,0.15130
11081.85442,0.15088
11077.99718,0.15062
11074.13993,0.15151
11070.28269,0.15285
11066.42545,0.15238
11062.56821,0.15061
11058.71097,0.14998
11054.85373,0.15075
11050.99649,0.15177
11047.13924,0.15257
11043.28200,0.15307
11039.42476,0.15314
11035.56752,0.15265
11031.71028,0.15201
11027.85304,0.15185
11023.99580,0.15221
11020.13855,0.15244
11016.28131,0.15227
11012.42407,0.15201
11008.56683,0.15169
11004.70959,0.15109
11000.85235,0.15024
10996.99511,0.14964
10993.13787,0.14985
10989.28062,0.15038
10985.42338,0.15068
10981.56614,0.15102
10977.70890,0.15164
10973.85166,0.15203
10969.99442,0.15158
10966.13718,0.15094
10962.27993,0.15078
10958.42269,0.15030
10954.56545,0.14935
10950.70821,0.14921
10946.85097,0.15001
10942.99373,0.15038
10939.13649,0.15011
10935.27924,0.14994
10931.42200,0.14997
10927.56476,0.15021
10923.70752,0.15055
10919.85028,0.15052
10915.99304,0.15027
10912.13580,0.15040
10908.27856,0.15069
10904.42131,0.15021
10900.56407,0.14912
10896.70683,0.14859
10892.84959,0.14890
10888.99235,0.14951
10885.13511,0.14987
10881.27787,0.14923
10877.42062,0.14777
10873.56338,0.14653
10869.70614,0.14606
10865.84890,0.14623
10861.99166,0.14639
10858.13442,0.14636
10854.27718,0.14645
10850.41993,0.14632
10846.56269,0.14594
10842.70545,0.14593
10838.84821,0.14649
10834.99097,0.14768
10831.13373,0.14905
10827.27649,0.14942
10823.41925,0.14866
10819.56200,0.14771
10815.70476,0.14697
10811.84752,0.14641
10807.99028,0.14602
10804.13304,0.14590
10800.27580,0.14624
10796.41856,0.14682
10792.56131,0.14741
10788.70407,0.14773
10784.84683,0.14715
10780.98959,0.14617
10777.13235,0.14627
10773.27511,0.14719
10769.41787,0.14728
10765.56063,0.14632
10761.70338,0.14555
10757.84614,0.14558
10753.98890,0.14608
10750.13166,0.14689
10746.27442,0.14777
10742.41718,0.14819
10738.55994,0.14833
10734.70269,0.14878
10730.84545,0.14914
10726.98821,0.14862
10723.13097,0.14770
10719.27373,0.14758
10715.41649,0.14809
10711.55925,0.14816
10707.70200,0.14757
10703.84476,0.14687
10699.98752,0.14666
10696.13028,0.14686
10692.27304,0.14707
10688.41580,0.14731
10684.55856,0.14726
10680.70132,0.14677
10676.84407,0.14657
10672.98683,0.14675
10669.12959,0.14682
10665.27235,0.14688
10661.41511,0.14696
10657.55787,0.14683
10653.70063,0.14700
10649.84338,0.14772
10645.98614,0.14804
10642.12890,0.14745
10638.27166,0.14695
10634.41442,0.14731
10630.55718,0.14782
10626.69994,0.14774
10622.84269,0.14725
10618.98545,0.14685
10615.12821,0.14702
10611.27097,0.14761
10607.41373,0.14802
10603.55649,0.14792
10599.69925,0.14737
10595.84201,0.14677
10591.98476,0.14632
10588.12752,0.14589
10584.27028,0.14563
10580.41304,0.14581
10576.55580,0.14599
10572.69856,0.14587
10568.84132,0.14585
10564.98407,0.14568
10561.12683,0.14487
10557.26959,0.14393
10553.41235,0.14323
10549.55511,0.14261
10545.69787,0.14218
10541.84063,0.14204
10537.98339,0.14188
10534.12614,0.14188
10530.26890,0.14255
10526.41166,0.14367
10522.55442,0.14449
10518.69718,0.14427
10514.83994,0.14326
10510.98270,0.14263
10507.12545,0.14270
10503.26821,0.14302
10499.41097,0.14351
10495.55373,0.14401
10491.69649,0.14421
10487.83925,0.14425
10483.98201,0.14432
10480.12476,0.14422
10476.26752,0.14414
10472.41028,0.14415
10468.55304,0.14398
10464.69580,0.14389
10460.83856,0.14427
10456.98132,0.14456
10453.12408,0.14456
10449.26683,0.14463
10445.40959,0.14434
10441.55235,0.14340
10437.69511,0.14238
10433.83787,0.14203
10429.98063,0.14237
10426.12339,0.14249
10422.26614,0.14224
10418.40890,0.14242
10414.55166,0.14280
10410.69442,0.14262
10406.83718,0.14222
10402.97994,0.14224
10399.12270,0.14246
10395.26545,0.14254
10391.40821,0.14245
10387.55097,0.14226
10383.69373,0.14232
10379.83649,0.14289
10375.97925,0.14332
10372.12201,0.14308
10368.26477,0.14274
10364.40752,0.14262
10360.55028,0.14270
10356.69304,0.14300
10352.83580,0.14322
10348.97856,0.14349
10345.12132,0.14384
10341.26408,0.14361
10337.40683,0.14287
10333.54959,0.14253
10329.69235,0.14275
10325.83511,0.14302
10321.97787,0.14316
10318.12063,0.14292
10314.26339,0.14243
10310.40615,0.14232
10306.54890,0.14240
10302.69166,0.14260
10298.83442,0.14330
10294.97718,0.14392
10291.11994,0.14372
10287.26270,0.14334
10283.40546,0.14337
10279.54821,0.14354
10275.69097,0.14355
10271.83373,0.14350
10267.97649,0.14365
10264.11925,0.14375
10260.26201,0.14351
10256.40477,0.14318
10252.54752,0.14308
10248.69028,0.14322
10244.83304,0.14346
10240.97580,0.14350
10237.11856,0.14318
10233.26132,0.14280
10229.40408,0.14292
10225.54684,0.14348
10221.68959,0.14386
10217.83235,0.14375
10213.97511,0.14338
10210.11787,0.14298
10206.26063,0.14288
10202.40339,0.14337
10198.54615,0.14406
10194.68890,0.14415
10190.83166,0.14388
10186.97442,0.14408
10183.11718,0.14438
10179.25994,0.14406
10175.40270,0.14370
10171.54546,0.14394
10167.68821,0.14441
10163.83097,0.14468
10159.97373,0.14488
10156.11649,0.14506
10152.25925,0.14521
10148.40201,0.14540
10144.54477,0.14549
10140.68753,0.14534
10136.83028,0.14511
10132.97304,0.14491
10129.11580,0.14484
10125.25856,0.14508
10121.40132,0.14551
10117.54408,0.14548
10113.68684,0.14485
10109.82959,0.14447
10105.97235,0.14457
10102.11511,0.14446
10098.25787,0.14418
10094.40063,0.14396
10090.54339,0.14355
10086.68615,0.14318
10082.82891,0.14316
10078.97166,0.14319
10075.11442,0.14303
10071.25718,0.14294
10067.39994,0.14302
10063.54270,0.14328
10059.68546,0.14354
10055.82822,0.14347
10051.97097,0.14335
10048.11373,0.14364
10044.25649,0.14409
10040.39925,0.14442
10036.54201,0.14494
10032.68477,0.14559
10028.82753,0.14582
10024.97028,0.14547
10021.11304,0.14465
10017.25580,0.14385
10013.39856,0.14343
10009.54132,0.14324
10005.68408,0.14329
10001.82684,0.14360
9997.96960,0.14367
9994.11235,0.14329
9990.25511,0.14298
9986.39787,0.14325
9982.54063,0.14386
9978.68339,0.14419
9974.82615,0.14416
9970.96891,0.14396
9967.11166,0.14376
9963.25442,0.14410
9959.39718,0.14500
9955.53994,0.14543
9951.68270,0.14525
9947.82546,0.14522
9943.96822,0.14527
9940.11097,0.14494
9936.25373,0.14443
9932.39649,0.14392
9928.53925,0.14350
9924.68201,0.14354
9920.82477,0.14390
9916.96753,0.14398
9913.11029,0.14360
9909.25304,0.14304
9905.39580,0.14280
9901.53856,0.14299
9897.68132,0.14336
9893.82408,0.14370
9889.96684,0.14379
9886.10960,0.14359
9882.25235,0.14342
9878.39511,0.14348
9874.53787,0.14341
9870.68063,0.14293
9866.82339,0.14242
9862.96615,0.14250
9859.10891,0.14308
9855.25167,0.14347
9851.39442,0.14360
9847.53718,0.14383
9843.67994,0.14406
9839.82270,0.14405
9835.96546,0.14388
9832.10822,0.14368
9828.25098,0.14347
9824.39373,0.14324
9820.53649,0.14303
9816.67925,0.14287
9812.82201,0.14283
9808.96477,0.14291
9805.10753,0.14302
9801.25029,0.14306
9797.39304,0.14319
9793.53580,0.14341
9789.67856,0.14336
9785.82132,0.14318
9781.96408,0.14341
9778.10684,0.14378
9774.24960,0.14359
9770.39236,0.14290
9766.53511,0.14250
9762.67787,0.14272
9758.82063,0.14294
9754.96339,0.14273
9751.10615,0.14257
9747.24891,0.14272
9743.39167,0.14275
9739.53442,0.14250
9735.67718,0.14219
9731.81994,0.14171
9727.96270,0.14121
9724.10546,0.14124
9720.24822,0.14176
9716.39098,0.14224
9712.53373,0.14245
9708.67649,0.14254
9704.81925,0.14269
9700.96201,0.14278
9697.10477,0.14258
9693.24753,0.14220
9689.39029,0.14203
9685.53305,0.14215
9681.67580,0.14222
9677.81856,0.14214
9673.96132,0.14200
9670.10408,0.14173
9666.24684,0.14139
9662.38960,0.14105
9658.53236,0.14079
9654.67511,0.14077
9650.81787,0.14093
9646.96063,0.14113
9643.10339,0.14135
9639.24615,0.14148
9635.38891,0.14166
9631.53167,0.14196
9627.67443,0.14191
9623.81718,0.14138
9619.95994,0.14091
9616.10270,0.14080
9612.24546,0.14083
9608.38822,0.14085
9604.53098,0.14091
9600.67374,0.14095
9596.81649,0.14095
9592.95925,0.14083
9589.10201,0.14057
9585.24477,0.14048
9581.38753,0.14064
9577.53029,0.14075
9573.67305,0.14074
9569.81580,0.14073
9565.95856,0.14065
9562.10132,0.14044
9558.24408,0.14038
9554.38684,0.14052
9550.52960,0.14058
9546.67236,0.14043
9542.81512,0.14039
9538.95787,0.14077
9535.10063,0.14127
9531.24339,0.14128
9527.38615,0.14089
9523.52891,0.14066
9519.67167,0.14063
9515.81443,0.14043
9511.95718,0.14024
9508.09994,0.14021
9504.24270,0.14007
9500.38546,0.13985
9496.52822,0.13983
9492.67098,0.13989
9488.81374,0.13974
9484.95649,0.13950
9481.09925,0.13947
9477.24201,0.13971
9473.38477,0.14003
9469.52753,0.14008
9465.67029,0.13973
9461.81305,0.13952
9457.95581,0.13969
9454.09856,0.13972
9450.24132,0.13958
9446.38408,0.13974
9442.52684,0.13996
9438.66960,0.13974
9434.81236,0.13948
9430.95512,0.13954
9427.09787,0.13957
9423.24063,0.13939
9419.38339,0.13923
9415.52615,0.13907
9411.66891,0.13894
9407.81167,0.13903
9403.95443,0.13929
9400.09719,0.13955
9396.23994,0.13959
9392.38270,0.13945
9388.52546,0.13946
9384.66822,0.13959
9380.81098,0.13949
9376.95374,0.13928
9373.09650,0.13929
9369.23925,0.13938
9365.38201,0.13937
9361.52477,0.13934
9357.66753,0.13933
9353.81029,0.13929
9349.95305,0.13932
9346.09581,0.13934
9342.23856,0.13926
9338.38132,0.13927
9334.52408,0.13945
9330.66684,0.13961
9326.80960,0.13964
9322.95236,0.13956
9319.09512,0.13941
9315.23788,0.13918
9311.38063,0.13890
9307.52339,0.13873
9303.66615,0.13873
9299.80891,0.13879
9295.95167,0.13882
9292.09443,0.13878
9288.23719,0.13867
9284.37994,0.13861
9280.52270,0.13883
9276.66546,0.13927
9272.80822,0.13949
9268.95098,0.13950
9265.09374,0.13968
9261.23650,0.13983
9257.37925,0.13950
9253.52201,0.13902
9249.66477,0.13883
9245.80753,0.13870
9241.95029,0.13852
9238.09305,0.13851
9234.23581,0.13854
9230.37857,0.13842
9226.52132,0.13853
9222.66408,0.13898
9218.80684,0.13933
9214.94960,0.13939
9211.09236,0.13930
9207.23512,0.13909
9203.37788,0.13885
9199.52063,0.13875
9195.66339,0.13856
9191.80615,0.13828
9187.94891,0.13832
9184.09167,0.13854
9180.23443,0.13861
9176.37719,0.13868
9172.51995,0.13887
9168.66270,0.13891
9164.80546,0.13876
9160.94822,0.13880
9157.09098,0.13907
9153.23374,0.13923
9149.37650,0.13917
9145.51926,0.13901
9141.66201,0.13889
9137.80477,0.13895
9133.94753,0.13910
9130.09029,0.13909
9126.23305,0.13905
9122.37581,0.13924
9118.51857,0.13941
9114.66132,0.13934
9110.80408,0.13932
9106.94684,0.13937
9103.08960,0.13932
9099.23236,0.13928
9095.37512,0.13935
9091.51788,0.13930
9087.66064,0.13907
9083.80339,0.13902
9079.94615,0.13915
9076.08891,0.13915
9072.23167,0.13905
9068.37443,0.13902
9064.51719,0.13907
9060.65995,0.13913
9056.80270,0.13918
9052.94546,0.13929
9049.08822,0.13946
9045.23098,0.13959
9041.37374,0.13954
9037.51650,0.13948
9033.65926,0.13972
9029.80201,0.14003
9025.94477,0.13998
9022.08753,0.13984
9018.23029,0.13998
9014.37305,0.14018
9010.51581,0.14016
9006.65857,0.14003
9002.80133,0.14005
8998.94408,0.14026
8995.08684,0.14061
8991.22960,0.14098
8987.37236,0.14119
8983.51512,0.14116
8979.65788,0.14104
8975.80064,0.14109
8971.94339,0.14129
8968.08615,0.14155
8964.22891,0.14197
8960.37167,0.14256
8956.51443,0.14311
8952.65719,0.14349
8948.79995,0.14379
8944.94271,0.14418
8941.08546,0.14463
8937.22822,0.14506
8933.37098,0.14553
8929.51374,0.14602
8925.65650,0.14650
8921.79926,0.14694
8917.94202,0.14737
8914.08477,0.14782
8910.22753,0.14837
8906.37029,0.14898
8902.51305,0.14959
8898.65581,0.15024
8894.79857,0.15092
8890.94133,0.15161
8887.08408,0.15226
8883.22684,0.15288
8879.36960,0.15357
8875.51236,0.15430
8871.65512,0.15497
8867.79788,0.15560
8863.94064,0.15611
8860.08340,0.15626
8856.22615,0.15608
8852.36891,0.15584
8848.51167,0.15567
8844.65443,0.15554
8840.79719,0.15537
8836.93995,0.15510
8833.08271,0.15481
8829.22546,0.15449
8825.36822,0.15397
8821.51098,0.15329
8817.65374,0.15252
8813.79650,0.15172
8809.93926,0.15100
8806.08202,0.15026
8802.22477,0.14947
8798.36753,0.14888
8794.51029,0.14845
8790.65305,0.14793
8786.79581,0.14723
8782.93857,0.14645
8779.08133,0.14572
8775.22409,0.14514
8771.36684,0.14481
8767.50960,0.14467
8763.65236,0.14448
8759.79512,0.14422
8755.93788,0.14404
8752.08064,0.14403
8748.22340,0.14416
8744.36615,0.14421
8740.50891,0.14405
8736.65167,0.14381
8732.79443,0.14355
8728.93719,0.14334
8725.07995,0.14320
8721.22271,0.14312
8717.36547,0.14314
8713.50822,0.14331
8709.65098,0.14355
8705.79374,0.14382
8701.93650,0.14413
8698.07926,0.14434
8694.22202,0.14422
8690.36478,0.14392
8686.50753,0.14373
8682.65029,0.14371
8678.79305,0.14381
8674.93581,0.14393
8671.07857,0.14408
8667.22133,0.14437
8663.36409,0.14464
8659.50684,0.14472
8655.64960,0.14483
8651.79236,0.14512
8647.93512,0.14535
8644.07788,0.14543
8640.22064,0.14556
8636.36340,0.14576
8632.50616,0.14588
8628.64891,0.14601
8624.79167,0.14625
8620.93443,0.14640
8617.07719,0.14650
8613.21995,0.14674
8609.36271,0.14708
8605.50547,0.14746
8601.64822,0.14784
8597.79098,0.14802
8593.93374,0.14796
8590.07650,0.14789
8586.21926,0.14800
8582.36202,0.14830
8578.50478,0.14865
8574.64753,0.14881
8570.79029,0.14878
8566.93305,0.14883
8563.07581,0.14901
8559.21857,0.14917
8555.36133,0.14921
8551.50409,0.14922
8547.64685,0.14934
8543.78960,0.14954
8539.93236,0.14974
8536.07512,0.15000
8532.21788,0.15025
8528.36064,0.15049
8524.50340,0.15076
8520.64616,0.15107
8516.78891,0.15135
8512.93167,0.15151
8509.07443,0.15154
8505.21719,0.15150
8501.35995,0.15134
8497.50271,0.15116
8493.64547,0.15110
8489.78822,0.15111
8485.93098,0.15114
8482.07374,0.15123
8478.21650,0.15139
8474.35926,0.15155
8470.50202,0.15164
8466.64478,0.15163
8462.78754,0.15149
8458.93029,0.15118
8455.07305,0.15086
8451.21581,0.15078
8447.35857,0.15075
8443.50133,0.15054
8439.64409,0.15029
8435.78685,0.15017
8431.92960,0.15019
8428.07236,0.15034
8424.21512,0.15046
8420.35788,0.15039
8416.50064,0.15031
8412.64340,0.15041
8408.78616,0.15050
8404.92892,0.15029
8401.07167,0.14987
8397.21443,0.14957
8393.35719,0.14944
8389.49995,0.14924
8385.64271,0.14891
8381.78547,0.14866
8377.92823,0.14859
8374.07098,0.14866
8370.21374,0.14871
8366.35650,0.14870
8362.49926,0.14874
8358.64202,0.14888
8354.78478,0.14903
8350.92754,0.14910
8347.07029,0.14907
8343.21305,0.14895
8339.35581,0.14871
8335.49857,0.14851
8331.64133,0.14836
8327.78409,0.14820
8323.92685,0.14810
8320.06961,0.14812
8316.21236,0.14814
8312.35512,0.14812
8308.49788,0.14815
8304.64064,0.14828
8300.78340,0.14841
8296.92616,0.14846
8293.06892,0.14834
8289.21167,0.14813
8285.35443,0.14796
8281.49719,0.14795
8277.63995,0.14796
8273.78271,0.14782
8269.92547,0.14770
8266.06823,0.14775
8262.21098,0.14787
8258.35374,0.14794
8254.49650,0.14796
8250.63926,0.14793
8246.78202,0.14800
8242.92478,0.14824
8239.06754,0.14852
8235.21030,0.14863
8231.35305,0.14859
8227.49581,0.14856
8223.63857,0.14860
8219.78133,0.14870
8215.92409,0.14876
8212.06685,0.14859
8208.20961,0.14822
8204.35236,0.14793
8200.49512,0.14792
8196.63788,0.14801
8192.78064,0.14797
8188.92340,0.14786
8185.06616,0.14773
8181.20892,0.14761
8177.35168,0.14753
8173.49443,0.14745
8169.63719,0.14732
8165.77995,0.14724
8161.92271,0.14728
8158.06547,0.14730
8154.20823,0.14722
8150.35099,0.14704
8146.49374,0.14678
8142.63650,0.14662
8138.77926,0.14664
8134.92202,0.14664
8131.06478,0.14655
8127.20754,0.14645
8123.35030,0.14626
8119.49305,0.14590
8115.63581,0.14567
8111.77857,0.14572
8107.92133,0.14582
8104.06409,0.14572
8100.20685,0.14550
8096.34961,0.14526
8092.49237,0.14506
8088.63512,0.14491
8084.77788,0.14483
8080.92064,0.14479
8077.06340,0.14480
8073.20616,0.14482
8069.34892,0.14475
8065.49168,0.14463
8061.63443,0.14453
8057.77719,0.14441
8053.91995,0.14426
8050.06271,0.14412
8046.20547,0.14407
8042.34823,0.14405
8038.49099,0.14394
8034.63374,0.14380
8030.77650,0.14374
8026.91926,0.14374
8023.06202,0.14369
8019.20478,0.14356
8015.34754,0.14344
8011.49030,0.14341
8007.63306,0.14354
8003.77581,0.14370
7999.91857,0.14371
7996.06133,0.14360
7992.20409,0.14350
7988.34685,0.14338
7984.48961,0.14324
7980.63237,0.14311
7976.77512,0.14299
7972.91788,0.14290
7969.06064,0.14290
7965.20340,0.14301
7961.34616,0.14309
7957.48892,0.14308
7953.63168,0.14308
7949.77444,0.14302
7945.91719,0.14287
7942.05995,0.14271
7938.20271,0.14265
7934.34547,0.14262
7930.48823,0.14258
7926.63099,0.14254
7922.77375,0.14248
7918.91650,0.14243
7915.05926,0.14245
7911.20202,0.14245
7907.34478,0.14239
7903.48754,0.14230
7899.63030,0.14230
7895.77306,0.14240
7891.91581,0.14245
7888.05857,0.14252
7884.20133,0.14263
7880.34409,0.14270
7876.48685,0.14276
7872.62961,0.14278
7868.77237,0.14269
7864.91513,0.14259
7861.05788,0.14250
7857.20064,0.14242
7853.34340,0.14245
7849.48616,0.14248
7845.62892,0.14234
7841.77168,0.14217
7837.91444,0.14213
7834.05719,0.14215
7830.19995,0.14213
7826.34271,0.14213
7822.48547,0.14213
7818.62823,0.14207
7814.77099,0.14196
7810.91375,0.14189
7807.05650,0.14191
7803.19926,0.14189
7799.34202,0.14174
7795.48478,0.14148
7791.62754,0.14123
7787.77030,0.14115
7783.91306,0.14121
7780.05582,0.14118
7776.19857,0.14112
7772.34133,0.14105
7768.48409,0.14082
7764.62685,0.14059
7760.76961,0.14059
7756.91237,0.14063
7753.05513,0.14051
7749.19788,0.14034
7745.34064,0.14025
7741.48340,0.14023
7737.62616,0.14023
7733.76892,0.14014
7729.91168,0.14001
7726.05444,0.13997
7722.19720,0.14000
7718.33995,0.13998
7714.48271,0.13993
7710.62547,0.13997
7706.76823,0.13998
7702.91099,0.13977
7699.05375,0.13956
7695.19651,0.13959
7691.33926,0.13963
7687.48202,0.13957
7683.62478,0.13953
7679.76754,0.13957
7675.91030,0.13958
7672.05306,0.13949
7668.19582,0.13933
7664.33857,0.13924
7660.48133,0.13937
7656.62409,0.13964
7652.76685,0.13974
7648.90961,0.13963
7645.05237,0.13957
7641.19513,0.13961
7637.33789,0.13969
7633.48064,0.13970
7629.62340,0.13965
7625.76616,0.13968
7621.90892,0.13978
7618.05168,0.13981
7614.19444,0.13967
7610.33720,0.13957
7606.47995,0.13971
7602.62271,0.13990
7598.76547,0.13989
7594.90823,0.13981
7591.05099,0.13983
7587.19375,0.13984
7583.33651,0.13983
7579.47926,0.13992
7575.62202,0.14005
7571.76478,0.14013
7567.90754,0.14024
7564.05030,0.14035
7560.19306,0.14040
7556.33582,0.14057
7552.47858,0.14089
7548.62133,0.14114
7544.76409,0.14125
7540.90685,0.14127
7537.04961,0.14131
7533.19237,0.14152
7529.33513,0.14171
7525.47789,0.14158
7521.62064,0.14134
7517.76340,0.14130
7513.90616,0.14146
7510.04892,0.14173
7506.19168,0.14202
7502.33444,0.14223
7498.47720,0.14234
7494.61996,0.14241
7490.76271,0.14259
7486.90547,0.14285
7483.04823,0.14309
7479.19099,0.14333
7475.33375,0.14362
7471.47651,0.14381
7467.61927,0.14388
7463.76202,0.14403
7459.90478,0.14434
7456.04754,0.14470
7452.19030,0.14512
7448.33306,0.14560
7444.47582,0.14613
7440.61858,0.14666
7436.76133,0.14721
7432.90409,0.14777
7429.04685,0.14834
7425.18961,0.14895
7421.33237,0.14951
7417.47513,0.15005
7413.61789,0.15062
7409.76065,0.15114
7405.90340,0.15165
7402.04616,0.15225
7398.18892,0.15286
7394.33168,0.15343
7390.47444,0.15403
7386.61720,0.15473
7382.75996,0.15552
7378.90271,0.15635
7375.04547,0.15712
7371.18823,0.15782
7367.33099,0.15852
7363.47375,0.15923
7359.61651,0.15989
7355.75927,0.16047
7351.90202,0.16094
7348.04478,0.16138
7344.18754,0.16190
7340.33030,0.16246
7336.47306,0.16293
7332.61582,0.16334
7328.75858,0.16370
7324.90134,0.16396
7321.04409,0.16412
7317.18685,0.16424
7313.32961,0.16439
7309.47237,0.16455
7305.61513,0.16466
7301.75789,0.16480
7297.90065,0.16500
7294.04340,0.16518
7290.18616,0.16534
7286.32892,0.16553
7282.47168,0.16577
7278.61444,0.16601
7274.75720,0.16619
7270.89996,0.16634
7267.04272,0.16658
7263.18547,0.16687
7259.32823,0.16709
7255.47099,0.16723
7251.61375,0.16736
7247.75651,0.16750
7243.89927,0.16762
7240.04203,0.16766
7236.18478,0.16765
7232.32754,0.16765
7228.47030,0.16770
7224.61306,0.16784
7220.75582,0.16802
7216.89858,0.16819
7213.04134,0.16831
7209.18409,0.16842
7205.32685,0.16859
7201.46961,0.16875
7197.61237,0.16880
7193.75513,0.16880
7189.89789,0.16891
7186.04065,0.16915
7182.18341,0.16938
7178.32616,0.16953
7174.46892,0.16973
7170.61168,0.17001
7166.75444,0.17036
7162.89720,0.17085
7159.03996,0.17141
7155.18272,0.17195
7151.32547,0.17248
7147.46823,0.17309
7143.61099,0.17380
7139.75375,0.17452
7135.89651,0.17519
7132.03927,0.17583
7128.18203,0.17656
7124.32478,0.17738
7120.46754,0.17819
7116.61030,0.17891
7112.75306,0.17964
7108.89582,0.18051
7105.03858,0.18152
7101.18134,0.18254
7097.32410,0.18351
7093.46685,0.18452
7089.60961,0.18557
7085.75237,0.18667
7081.89513,0.18782
7078.03789,0.18908
7074.18065,0.19042
7070.32341,0.19180
7066.46616,0.19314
7062.60892,0.19446
7058.75168,0.19578
7054.89444,0.19712
7051.03720,0.19844
7047.17996,0.19968
7043.32272,0.20087
7039.46548,0.20208
7035.60823,0.20335
7031.75099,0.20464
7027.89375,0.20591
7024.03651,0.20704
7020.17927,0.20798
7016.32203,0.20887
7012.46479,0.20983
7008.60754,0.21073
7004.75030,0.21153
7000.89306,0.21231
6997.03582,0.21310
6993.17858,0.21389
6989.32134,0.21468
6985.46410,0.21537
6981.60685,0.21597
6977.74961,0.21656
6973.89237,0.21720
6970.03513,0.21783
6966.17789,0.21840
6962.32065,0.21890
6958.46341,0.21933
6954.60617,0.21967
6950.74892,0.22000
6946.89168,0.22040
6943.03444,0.22083
6939.17720,0.22125
6935.31996,0.22169
6931.46272,0.22212
6927.60548,0.22251
6923.74823,0.22286
6919.89099,0.22317
6916.03375,0.22347
6912.17651,0.22380
6908.31927,0.22415
6904.46203,0.22447
6900.60479,0.22481
6896.74754,0.22518
6892.89030,0.22556
6889.03306,0.22598
6885.17582,0.22642
6881.31858,0.22686
6877.46134,0.22729
6873.60410,0.22776
6869.74686,0.22827
6865.88961,0.22889
6862.03237,0.22956
6858.17513,0.23019
6854.31789,0.23081
6850.46065,0.23147
6846.60341,0.23212
6842.74617,0.23277
6838.88892,0.23344
6835.03168,0.23408
6831.17444,0.23466
6827.31720,0.23529
6823.45996,0.23598
6819.60272,0.23664
6815.74548,0.23731
6811.88824,0.23805
6808.03099,0.23884
6804.17375,0.23961
6800.31651,0.24041
6796.45927,0.24126
6792.60203,0.24208
6788.74479,0.24288
6784.88755,0.24366
6781.03030,0.24446
6777.17306,0.24528
6773.31582,0.24605
6769.45858,0.24675
6765.60134,0.24741
6761.74410,0.24802
6757.88686,0.24855
6754.02961,0.24901
6750.17237,0.24936
6746.31513,0.24965
6742.45789,0.24992
6738.60065,0.25019
6734.74341,0.25046
6730.88617,0.25069
6727.02893,0.25083
6723.17168,0.25091
6719.31444,0.25100
6715.45720,0.25111
6711.59996,0.25116
6707.74272,0.25114
6703.88548,0.25114
6700.02824,0.25117
6696.17099,0.25115
6692.31375,0.25107
6688.45651,0.25092
6684.59927,0.25076
6680.74203,0.25065
6676.88479,0.25047
6673.02755,0.25020
6669.17030,0.24997
6665.31306,0.24974
6661.45582,0.24943
6657.59858,0.24910
6653.74134,0.24878
6649.88410,0.24845
6646.02686,0.24807
6642.16962,0.24768
6638.31237,0.24729
6634.45513,0.24684
6630.59789,0.24635
6626.74065,0.24586
6622.88341,0.24532
6619.02617,0.24473
6615.16893,0.24420
6611.31168,0.24375
6607.45444,0.24331
6603.59720,0.24283
6599.73996,0.24235
6595.88272,0.24192
6592.02548,0.24151
6588.16824,0.24116
6584.31100,0.24094
6580.45375,0.24083
6576.59651,0.24077
6572.73927,0.24075
6568.88203,0.24073
6565.02479,0.24071
6561.16755,0.24070
6557.31031,0.24067
6553.45306,0.24061
6549.59582,0.24063
6545.73858,0.24073
6541.88134,0.24082
6538.02410,0.24096
6534.16686,0.24116
6530.30962,0.24130
6526.45237,0.24139
6522.59513,0.24155
6518.73789,0.24174
6514.88065,0.24191
6511.02341,0.24200
6507.16617,0.24206
6503.30893,0.24213
6499.45169,0.24222
6495.59444,0.24231
6491.73720,0.24239
6487.87996,0.24241
6484.02272,0.24238
6480.16548,0.24231
6476.30824,0.24219
6472.45100,0.24206
6468.59375,0.24194
6464.73651,0.24176
6460.87927,0.24152
6457.02203,0.24132
6453.16479,0.24117
6449.30755,0.24098
6445.45031,0.24075
6441.59306,0.24051
6437.73582,0.24026
6433.87858,0.23996
6430.02134,0.23957
6426.16410,0.23918
6422.30686,0.23889
6418.44962,0.23862
6414.59238,0.23835
6410.73513,0.23804
6406.87789,0.23769
6403.02065,0.23739
6399.16341,0.23720
6395.30617,0.23709
6391.44893,0.23698
6387.59169,0.23684
6383.73444,0.23664
6379.87720,0.23642
6376.01996,0.23621
6372.16272,0.23604
6368.30548,0.23590
6364.44824,0.23576
6360.59100,0.23559
6356.73376,0.23543
6352.87651,0.23529
6349.01927,0.23514
6345.16203,0.23502
6341.30479,0.23499
6337.44755,0.23502
6333.59031,0.23507
6329.73307,0.23508
6325.87582,0.23501
6322.01858,0.23492
6318.16134,0.23489
6314.30410,0.23485
6310.44686,0.23473
6306.58962,0.23456
6302.73238,0.23434
6298.87513,0.23409
6295.01789,0.23382
6291.16065,0.23346
6287.30341,0.23302
6283.44617,0.23252
6279.58893,0.23195
6275.73169,0.23130
6271.87445,0.23069
6268.01720,0.23009
6264.15996,0.22938
6260.30272,0.22856
6256.44548,0.22775
6252.58824,0.22703
6248.73100,0.22630
6244.87376,0.22549
6241.01651,0.22462
6237.15927,0.22375
6233.30203,0.22289
6229.44479,0.22205
6225.58755,0.22123
6221.73031,0.22050
6217.87307,0.22000
6214.01582,0.21983
6210.15858,0.21991
6206.30134,0.22017
6202.44410,0.22054
6198.58686,0.22081
6194.72962,0.22066
6190.87238,0.21993
6187.01514,0.21876
6183.15789,0.21742
6179.30065,0.21616
6175.44341,0.21517
6171.58617,0.21452
6167.72893,0.21417
6163.87169,0.21408
6160.01445,0.21417
6156.15720,0.21445
6152.29996,0.21493
6148.44272,0.21546
6144.58548,0.21574
6140.72824,0.21573
6136.87100,0.21553
6133.01376,0.21528
6129.15652,0.21523
6125.29927,0.21556
6121.44203,0.21644
6117.58479,0.21797
6113.72755,0.22021
6109.87031,0.22314
6106.01307,0.22674
6102.15583,0.23095
6098.29858,0.23559
6094.44134,0.24033
6090.58410,0.24499
6086.72686,0.24952
6082.86962,0.25380
6079.01238,0.25786
6075.15514,0.26223
6071.29789,0.26751
6067.44065,0.27381
6063.58341,0.28071
6059.72617,0.28752
6055.86893,0.29364
6052.01169,0.29898
6048.15445,0.30382
6044.29721,0.30858
6040.43996,0.31364
6036.58272,0.31926
6032.72548,0.32523
6028.86824,0.33089
6025.01100,0.33539
6021.15376,0.33787
6017.29652,0.33766
6013.43927,0.33458
6009.58203,0.32894
6005.72479,0.32145
6001.86755,0.31310
5998.01031,0.30488
5994.15307,0.29767
5990.29583,0.29204
5986.43858,0.28807
5982.58134,0.28535
5978.72410,0.28315
5974.86686,0.28058
5971.00962,0.27709
5967.15238,0.27302
5963.29514,0.26920
5959.43790,0.26634
5955.58065,0.26460
5951.72341,0.26376
5947.86617,0.26334
5944.00893,0.26272
5940.15169,0.26130
5936.29445,0.25870
5932.43721,0.25502
5928.57996,0.25076
5924.72272,0.24646
5920.86548,0.24247
5917.00824,0.23897
5913.15100,0.23608
5909.29376,0.23396
5905.43652,0.23277
5901.57927,0.23259
5897.72203,0.23347
5893.86479,0.23528
5890.00755,0.23769
5886.15031,0.24036
5882.29307,0.24299
5878.43583,0.24537
5874.57859,0.24747
5870.72134,0.24929
5866.86410,0.25066
5863.00686,0.25136
5859.14962,0.25136
5855.29238,0.25083
5851.43514,0.24999
5847.57790,0.24906
5843.72065,0.24826
5839.86341,0.24775
5836.00617,0.24752
5832.14893,0.24750
5828.29169,0.24762
5824.43445,0.24784
5820.57721,0.24816
5816.71997,0.24848
5812.86272,0.24873
5809.00548,0.24884
5805.14824,0.24877
5801.29100,0.24857
5797.43376,0.24830
5793.57652,0.24794
5789.71928,0.24757
5785.86203,0.24724
5782.00479,0.24685
5778.14755,0.24636
5774.29031,0.24579
5770.43307,0.24507
5766.57583,0.24417
5762.71859,0.24308
5758.86134,0.24177
5755.00410,0.24020
5751.14686,0.23844
5747.28962,0.23660
5743.43238,0.23478
5739.57514,0.23300
5735.71790,0.23132
5731.86066,0.22986
5728.00341,0.22875
5724.14617,0.22812
5720.28893,0.22792
5716.43169,0.22798
5712.57445,0.22814
5708.71721,0.22827
5704.85997,0.22825
5701.00272,0.22811
5697.14548,0.22784
5693.28824,0.22743
5689.43100,0.22699
5685.57376,0.22666
5681.71652,0.22645
5677.85928,0.22628
5674.00203,0.22622
5670.14479,0.22633
5666.28755,0.22667
5662.43031,0.22715
5658.57307,0.22758
5654.71583,0.22777
5650.85859,0.22762
5647.00135,0.22713
5643.14410,0.22637
5639.28686,0.22543
5635.42962,0.22441
5631.57238,0.22344
5627.71514,0.22261
5623.85790,0.22193
5620.00066,0.22141
5616.14341,0.22103
5612.28617,0.22082
5608.42893,0.22082
5604.57169,0.22097
5600.71445,0.22124
5596.85721,0.22160
5592.99997,0.22202
5589.14273,0.22251
5585.28548,0.22307
5581.42824,0.22369
5577.57100,0.22432
5573.71376,0.22493
5569.85652,0.22544
5565.99928,0.22574
5562.14204,0.22583
5558.28479,0.22580
5554.42755,0.22575
5550.57031,0.22573
5546.71307,0.22572
5542.85583,0.22567
5538.99859,0.22564
5535.14135,0.22566
5531.28410,0.22563
5527.42686,0.22546
5523.56962,0.22516
5519.71238,0.22481
5515.85514,0.22443
5511.99790,0.22409
5508.14066,0.22390
5504.28342,0.22392
5500.42617,0.22417
5496.56893,0.22461
5492.71169,0.22514
5488.85445,0.22573
5484.99721,0.22627
5481.13997,0.22660
5477.28273,0.22662
5473.42548,0.22633
5469.56824,0.22580
5465.71100,0.22508
5461.85376,0.22421
5457.99652,0.22321
5454.13928,0.22206
5450.28204,0.22073
5446.42479,0.21927
5442.56755,0.21778
5438.71031,0.21631
5434.85307,0.21492
5430.99583,0.21365
5427.13859,0.21255
5423.28135,0.21167
5419.42411,0.21098
5415.56686,0.21046
5411.70962,0.21009
5407.85238,0.20982
5403.99514,0.20958
5400.13790,0.20937
5396.28066,0.20920
5392.42342,0.20907
5388.56617,0.20896
5384.70893,0.20889
5380.85169,0.20889
5376.99445,0.20898
5373.13721,0.20913
5369.27997,0.20937
5365.42273,0.20966
5361.56549,0.21001
5357.70824,0.21040
5353.85100,0.21080
5349.99376,0.21113
5346.13652,0.21136
5342.27928,0.21147
5338.42204,0.21151
5334.56480,0.21159
5330.70755,0.21178
5326.85031,0.21217
5322.99307,0.21278
5319.13583,0.21361
5315.27859,0.21469
5311.42135,0.21606
5307.56411,0.21770
5303.70686,0.21957
5299.84962,0.22164
5295.99238,0.22401
5292.13514,0.22680
5288.27790,0.23002
5284.42066,0.23368
5280.56342,0.23776
5276.70618,0.24220
5272.84893,0.24694
5268.99169,0.25189
5265.13445,0.25684
5261.27721,0.26148
5257.41997,0.26572
5253.56273,0.26971
5249.70549,0.27346
5245.84824,0.27681
5241.99100,0.27968
5238.13376,0.28216
5234.27652,0.28438
5230.41928,0.28639
5226.56204,0.28815
5222.70480,0.28965
5218.84755,0.29096
5214.99031,0.29211
5211.13307,0.29308
5207.27583,0.29387
5203.41859,0.29457
5199.56135,0.29516
5195.70411,0.29566
5191.84687,0.29608
5187.98962,0.29645
5184.13238,0.29670
5180.27514,0.29683
5176.41790,0.29688
5172.56066,0.29689
5168.70342,0.29684
5164.84618,0.29680
5160.98893,0.29680
5157.13169,0.29679
5153.27445,0.29670
5149.41721,0.29658
5145.55997,0.29654
5141.70273,0.29655
5137.84549,0.29651
5133.98825,0.29646
5130.13100,0.29651
5126.27376,0.29658
5122.41652,0.29631
5118.55928,0.29534
5114.70204,0.29345
5110.84480,0.29081
5106.98756,0.28780
5103.13031,0.28469
5099.27307,0.28167
5095.41583,0.27881
5091.55859,0.27617
5087.70135,0.27380
5083.84411,0.27171
5079.98687,0.26982
5076.12962,0.26809
5072.27238,0.26650
5068.41514,0.26500
5064.55790,0.26360
5060.70066,0.26230
5056.84342,0.26107
5052.98618,0.25994
5049.12894,0.25894
5045.27169,0.25810
5041.41445,0.25738
5037.55721,0.25672
5033.69997,0.25611
5029.84273,0.25556
5025.98549,0.25502
5022.12825,0.25450
5018.27100,0.25404
5014.41376,0.25364
5010.55652,0.25325
5006.69928,0.25280
5002.84204,0.25235
4998.98480,0.25193
4995.12756,0.25158
4991.27031,0.25131
4987.41307,0.25115
4983.55583,0.25114
4979.69859,0.25134
4975.84135,0.25173
4971.98411,0.25232
4968.12687,0.25319
4964.26963,0.25437
4960.41238,0.25579
4956.55514,0.25746
4952.69790,0.25936
4948.84066,0.26140
4944.98342,0.26354
4941.12618,0.26578
4937.26894,0.26813
4933.41169,0.27054
4929.55445,0.27311
4925.69721,0.27587
4921.83997,0.27874
4917.98273,0.28168
4914.12549,0.28476
4910.26825,0.28803
4906.41101,0.29148
4902.55376,0.29502
4898.69652,0.29859
4894.83928,0.30224
4890.98204,0.30606
4887.12480,0.30996
4883.26756,0.31385
4879.41032,0.31774
4875.55307,0.32162
4871.69583,0.32542
4867.83859,0.32912
4863.98135,0.33261
4860.12411,0.33591
4856.26687,0.33920
4852.40963,0.34267
4848.55238,0.34637
4844.69514,0.35031
4840.83790,0.35455
4836.98066,0.35906
4833.12342,0.36372
4829.26618,0.36837
4825.40894,0.37292
4821.55170,0.37720
4817.69445,0.38114
4813.83721,0.38487
4809.97997,0.38837
4806.12273,0.39154
4802.26549,0.39426
4798.40825,0.39653
4794.55101,0.39827
4790.69376,0.39943
4786.83652,0.40015
4782.97928,0.40059
4779.12204,0.40092
4775.26480,0.40132
4771.40756,0.40195
4767.55032,0.40290
4763.69307,0.40431
4759.83583,0.40628
4755.97859,0.40871
4752.12135,0.41138
4748.26411,0.41409
4744.40687,0.41671
4740.54963,0.41921
4736.69239,0.42191
4732.83514,0.42533
4728.97790,0.42961
4725.12066,0.43418
4721.26342,0.43786
4717.40618,0.43976
4713.54894,0.44034
4709.69170,0.44121
4705.83445,0.44394
4701.97721,0.44902
4698.11997,0.45547
4694.26273,0.46093
4690.40549,0.46284
4686.54825,0.45985
4682.69101,0.45240
4678.83377,0.44233
4674.97652,0.43192
4671.11928,0.42306
4667.26204,0.41673
4663.40480,0.41279
4659.54756,0.41056
4655.69032,0.40981
4651.83308,0.41111
4647.97583,0.41490
4644.11859,0.42057
4640.26135,0.42628
4636.40411,0.42935
4632.54687,0.42750
4628.68963,0.42017
4624.83239,0.40910
4620.97514,0.39734
4617.11790,0.38740
4613.26066,0.38025
4609.40342,0.37586
4605.54618,0.37404
4601.68894,0.37475
4597.83170,0.37752
4593.97446,0.38099
4590.11721,0.38393
4586.25997,0.38629
4582.40273,0.38776
4578.54549,0.38639
4574.68825,0.38056
4570.83101,0.37136
4566.97377,0.36176
4563.11652,0.35417
4559.25928,0.34932
4555.40204,0.34664
4551.54480,0.34524
4547.68756,0.34442
4543.83032,0.34372
4539.97308,0.34304
4536.11583,0.34257
4532.25859,0.34257
4528.40135,0.34314
4524.54411,0.34434
4520.68687,0.34625
4516.82963,0.34894
4512.97239,0.35261
4509.11515,0.35757
4505.25790,0.36419
4501.40066,0.37274
4497.54342,0.38290
4493.68618,0.39343
4489.82894,0.40270
4485.97170,0.40994
4482.11446,0.41597
4478.25721,0.42256
4474.39997,0.43140
4470.54273,0.44360
4466.68549,0.45909
4462.82825,0.47557
4458.97101,0.48892
4455.11377,0.49675
4451.25653,0.50093
4447.39928,0.50499
4443.54204,0.51042
4439.68480,0.51650
4435.82756,0.52153
4431.97032,0.52369
4428.11308,0.52204
4424.25584,0.51746
4420.39859,0.51238
4416.54135,0.50926
4412.68411,0.50903
4408.82687,0.51066
4404.96963,0.51204
4401.11239,0.51132
4397.25515,0.50806
4393.39790,0.50312
4389.54066,0.49772
4385.68342,0.49286
4381.82618,0.48901
4377.96894,0.48620
4374.11170,0.48441
4370.25446,0.48385
4366.39722,0.48460
4362.53997,0.48626
4358.68273,0.48810
4354.82549,0.48976
4350.96825,0.49153
4347.11101,0.49397
4343.25377,0.49716
4339.39653,0.50057
4335.53928,0.50352
4331.68204,0.50583
4327.82480,0.50797
4323.96756,0.51042
4320.11032,0.51335
4316.25308,0.51699
4312.39584,0.52169
4308.53859,0.52746
4304.68135,0.53383
4300.82411,0.53994
4296.96687,0.54504
4293.10963,0.54867
4289.25239,0.55064
4285.39515,0.55107
4281.53791,0.55054
4277.68066,0.54950
4273.82342,0.54790
4269.96618,0.54566
4266.10894,0.54302
4262.25170,0.54059
4258.39446,0.53900
4254.53722,0.53855
4250.67997,0.53895
4246.82273,0.53930
4242.96549,0.53872
4239.10825,0.53713
4235.25101,0.53531
4231.39377,0.53399
4227.53653,0.53297
4223.67929,0.53139
4219.82204,0.52864
4215.96480,0.52511
4212.10756,0.52164
4208.25032,0.51878
4204.39308,0.51644
4200.53584,0.51452
4196.67860,0.51343
4192.82135,0.51397
4188.96411,0.51673
4185.10687,0.52141
4181.24963,0.52630
4177.39239,0.52866
4173.53515,0.52655
4169.67791,0.52058
4165.82066,0.51333
4161.96342,0.50713
4158.10618,0.50297
4154.24894,0.50094
4150.39170,0.50094
4146.53446,0.50293
4142.67722,0.50670
4138.81998,0.51159
4134.96273,0.51649
4131.10549,0.52042
4127.24825,0.52341
4123.39101,0.52652
4119.53377,0.53067
4115.67653,0.53640
4111.81929,0.54422
4107.96204,0.55451
4104.10480,0.56774
4100.24756,0.58494
4096.39032,0.60516
4092.53308,0.62216
4088.67584,0.62857
4084.81860,0.62343
4080.96135,0.61134
4077.10411,0.59740
4073.24687,0.58554
4069.38963,0.57776
4065.53239,0.57376
4061.67515,0.57236
4057.81791,0.57272
4053.96067,0.57422
4050.10342,0.57617
4046.24618,0.57792
4042.38894,0.57909
4038.53170,0.57971
4034.67446,0.58010
4030.81722,0.58047
4026.95998,0.58076
4023.10273,0.58079
4019.24549,0.58055
4015.38825,0.57998
4011.53101,0.57889
4007.67377,0.57711
4003.81653,0.57473
3999.95929,0.57199
3996.10205,0.56891
3992.24480,0.56564
3988.38756,0.56272
3984.53032,0.56045
3980.67308,0.55865
3976.81584,0.55706
3972.95860,0.55546
3969.10136,0.55349
3965.24411,0.55088
3961.38687,0.54781
3957.52963,0.54459
3953.67239,0.54135
3949.81515,0.53818
3945.95791,0.53515
3942.10067,0.53223
3938.24342,0.52948
3934.38618,0.52695
3930.52894,0.52472
3926.67170,0.52282
3922.81446,0.52100
3918.95722,0.51897
3915.09998,0.51669
3911.24274,0.51414
3907.38549,0.51109
3903.52825,0.50735
3899.67101,0.50333
3895.81377,0.49964
3891.95653,0.49629
3888.09929,0.49331
3884.24205,0.49092
3880.38480,0.48903
3876.52756,0.48719
3872.67032,0.48472
3868.81308,0.48139
3864.95584,0.47779
3861.09860,0.47452
3857.24136,0.47146
3853.38411,0.46843
3849.52687,0.46608
3845.66963,0.46448
3841.81239,0.46309
3837.95515,0.46189
3834.09791,0.46108
3830.24067,0.46067
3826.38343,0.46072
3822.52618,0.46167
3818.66894,0.46410
3814.81170,0.46749
3810.95446,0.47033
3807.09722,0.47159
3803.23998,0.47097
3799.38274,0.46884
3795.52549,0.46619
3791.66825,0.46403
3787.81101,0.46301
3783.95377,0.46325
3780.09653,0.46455
3776.23929,0.46662
3772.38205,0.46918
3768.52481,0.47220
3764.66756,0.47566
3760.81032,0.47865
3756.95308,0.47950
3753.09584,0.47716
3749.23860,0.47304
3745.38136,0.47054
3741.52412,0.47136
3737.66687,0.47471
3733.80963,0.47897
3729.95239,0.48172
3726.09515,0.48222
3722.23791,0.48237
3718.38067,0.48401
3714.52343,0.48767
3710.66618,0.49381
3706.80894,0.50243
3702.95170,0.51312
3699.09446,0.52597
3695.23722,0.54139
3691.37998,0.56067
3687.52274,0.58108
3683.66550,0.59517
3679.80825,0.60303
3675.95101,0.61087
3672.09377,0.62340
3668.23653,0.64002
3664.37929,0.65745
3660.52205,0.67490
3656.66481,0.69300
3652.80756,0.71076
3648.95032,0.72776
3645.09308,0.74459
3641.23584,0.75953
3637.37860,0.77264
3633.52136,0.78521
3629.66412,0.79675
3625.80687,0.80581
3621.94963,0.81286
3618.09239,0.82137
3614.23515,0.83189
3610.37791,0.84187
3606.52067,0.85009
3602.66343,0.85855
3598.80619,0.86831
