3996.38314,0.02666
3994.45439,0.02673
3992.52563,0.02678
3990.59688,0.02668
3988.66812,0.02661
3986.73936,0.02666
3984.81061,0.02674
3982.88185,0.02679
3980.95309,0.02678
3979.02434,0.02672
3977.09558,0.02659
3975.16682,0.02647
3973.23807,0.02642
3971.30931,0.02636
3969.38056,0.02629
3967.45180,0.02634
3965.52304,0.02647
3963.59429,0.02664
3961.66553,0.02683
3959.73677,0.02682
3957.80802,0.02667
3955.87926,0.02660
3953.95051,0.02657
3952.02175,0.02657
3950.09299,0.02659
3948.16424,0.02654
3946.23548,0.02652
3944.30672,0.02656
3942.37797,0.02644
3940.44921,0.02632
3938.52045,0.02644
3936.59170,0.02655
3934.66294,0.02643
3932.73419,0.02622
3930.80543,0.02615
3928.87667,0.02623
3926.94792,0.02637
3925.01916,0.02645
3923.09040,0.02637
3921.16165,0.02631
3919.23289,0.02630
3917.30413,0.02619
3915.37538,0.02610
3913.44662,0.02615
3911.51787,0.02620
3909.58911,0.02624
3907.66035,0.02629
3905.73160,0.02637
3903.80284,0.02647
3901.87408,0.02650
3899.94533,0.02635
3898.01657,0.02608
3896.08781,0.02593
3894.15906,0.02597
3892.23030,0.02595
3890.30155,0.02593
3888.37279,0.02604
3886.44403,0.02603
3884.51528,0.02588
3882.58652,0.02573
3880.65776,0.02556
3878.72901,0.02553
3876.80025,0.02565
3874.87150,0.02574
3872.94274,0.02590
3871.01398,0.02602
3869.08523,0.02584
3867.15647,0.02571
3865.22771,0.02571
3863.29896,0.02566
3861.37020,0.02566
3859.44144,0.02577
3857.51269,0.02602
3855.58393,0.02628
3853.65518,0.02606
3851.72642,0.02553
3849.79766,0.02538
3847.86891,0.02553
3845.94015,0.02572
3844.01139,0.02570
3842.08264,0.02547
3840.15388,0.02529
3838.22512,0.02526
3836.29637,0.02543
3834.36761,0.02569
3832.43886,0.02570
3830.51010,0.02548
3828.58134,0.02540
3826.65259,0.02544
3824.72383,0.02544
3822.79507,0.02543
3820.86632,0.02547
3818.93756,0.02555
3817.00880,0.02555
3815.08005,0.02554
3813.15129,0.02571
3811.22254,0.02589
3809.29378,0.02595
3807.36502,0.02584
3805.43627,0.02569
3803.50751,0.02561
3801.57875,0.02536
3799.65000,0.02510
3797.72124,0.02505
3795.79248,0.02506
3793.86373,0.02518
3791.93497,0.02526
3790.00622,0.02517
3788.07746,0.02513
3786.14870,0.02529
3784.21995,0.02548
3782.29119,0.02553
3780.36243,0.02537
3778.43368,0.02507
3776.50492,0.02496
3774.57617,0.02509
3772.64741,0.02530
3770.71865,0.02541
3768.78990,0.02532
3766.86114,0.02515
3764.93238,0.02493
3763.00363,0.02475
3761.07487,0.02473
3759.14611,0.02481
3757.21736,0.02498
3755.28860,0.02521
3753.35985,0.02543
3751.43109,0.02552
3749.50233,0.02538
3747.57358,0.02535
3745.64482,0.02537
3743.71606,0.02515
3741.78731,0.02498
3739.85855,0.02493
3737.92979,0.02463
3736.00104,0.02419
3734.07228,0.02410
3732.14353,0.02428
3730.21477,0.02438
3728.28601,0.02440
3726.35726,0.02445
3724.42850,0.02457
3722.49974,0.02465
3720.57099,0.02455
3718.64223,0.02445
3716.71347,0.02455
3714.78472,0.02460
3712.85596,0.02439
3710.92721,0.02406
3708.99845,0.02389
3707.06969,0.02396
3705.14094,0.02416
3703.21218,0.02429
3701.28342,0.02430
3699.35467,0.02430
3697.42591,0.02423
3695.49716,0.02413
3693.56840,0.02425
3691.63964,0.02444
3689.71089,0.02430
3687.78213,0.02388
3685.85337,0.02370
3683.92462,0.02389
3681.99586,0.02415
3680.06710,0.02430
3678.13835,0.02441
3676.20959,0.02450
3674.28084,0.02456
3672.35208,0.02456
3670.42332,0.02423
3668.49457,0.02375
3666.56581,0.02366
3664.63705,0.02389
3662.70830,0.02415
3660.77954,0.02429
3658.85078,0.02433
3656.92203,0.02429
3654.99327,0.02427
3653.06452,0.02446
3651.13576,0.02471
3649.20700,0.02456
3647.27825,0.02424
3645.34949,0.02433
3643.42073,0.02463
3641.49198,0.02473
3639.56322,0.02463
3637.63446,0.02462
3635.70571,0.02474
3633.77695,0.02489
3631.84820,0.02498
3629.91944,0.02497
3627.99068,0.02490
3626.06193,0.02498
3624.13317,0.02519
3622.20441,0.02537
3620.27566,0.02540
3618.34690,0.02531
3616.41814,0.02529
3614.48939,0.02536
3612.56063,0.02559
3610.63188,0.02590
3608.70312,0.02593
3606.77436,0.02582
3604.84561,0.02595
3602.91685,0.02612
3600.98809,0.02616
3599.05934,0.02632
3597.13058,0.02663
3595.20183,0.02671
3593.27307,0.02653
3591.34431,0.02644
3589.41556,0.02660
3587.48680,0.02685
3585.55804,0.02706
3583.62929,0.02728
3581.70053,0.02746
3579.77177,0.02754
3577.84302,0.02768
3575.91426,0.02791
3573.98551,0.02796
3572.05675,0.02794
3570.12799,0.02817
3568.19924,0.02863
3566.27048,0.02905
3564.34172,0.02931
3562.41297,0.02959
3560.48421,0.02992
3558.55545,0.03000
3556.62670,0.02993
3554.69794,0.03005
3552.76919,0.03025
3550.84043,0.03040
3548.91167,0.03062
3546.98292,0.03096
3545.05416,0.03127
3543.12540,0.03143
3541.19665,0.03150
3539.26789,0.03164
3537.33913,0.03202
3535.41038,0.03258
3533.48162,0.03303
3531.55287,0.03330
3529.62411,0.03352
3527.69535,0.03371
3525.76660,0.03398
3523.83784,0.03450
3521.90908,0.03495
3519.98033,0.03505
3518.05157,0.03511
3516.12282,0.03539
3514.19406,0.03567
3512.26530,0.03579
3510.33655,0.03589
3508.40779,0.03614
3506.47903,0.03651
3504.55028,0.03680
3502.62152,0.03697
3500.69276,0.03732
3498.76401,0.03784
3496.83525,0.03824
3494.90650,0.03856
3492.97774,0.03893
3491.04898,0.03932
3489.12023,0.03976
3487.19147,0.04023
3485.26271,0.04065
3483.33396,0.04103
3481.40520,0.04136
3479.47644,0.04172
3477.54769,0.04226
3475.61893,0.04287
3473.69018,0.04325
3471.76142,0.04352
3469.83266,0.04400
3467.90391,0.04448
3465.97515,0.04486
3464.04639,0.04531
3462.11764,0.04584
3460.18888,0.04639
3458.26012,0.04691
3456.33137,0.04732
3454.40261,0.04765
3452.47386,0.04805
3450.54510,0.04852
3448.61634,0.04893
3446.68759,0.04937
3444.75883,0.04993
3442.83007,0.05038
3440.90132,0.05077
3438.97256,0.05129
3437.04380,0.05190
3435.11505,0.05248
3433.18629,0.05295
3431.25754,0.05343
3429.32878,0.05398
3427.40002,0.05444
3425.47127,0.05484
3423.54251,0.05535
3421.61375,0.05589
3419.68500,0.05649
3417.75624,0.05728
3415.82749,0.05809
3413.89873,0.05842
3411.96997,0.05842
3410.04122,0.05872
3408.11246,0.05927
3406.18370,0.05975
3404.25495,0.06019
3402.32619,0.06064
3400.39743,0.06105
3398.46868,0.06138
3396.53992,0.06169
3394.61117,0.06192
3392.68241,0.06200
3390.75365,0.06218
3388.82490,0.06265
3386.89614,0.06324
3384.96738,0.06383
3383.03863,0.06436
3381.10987,0.06481
3379.18111,0.06529
3377.25236,0.06568
3375.32360,0.06590
3373.39485,0.06619
3371.46609,0.06651
3369.53733,0.06672
3367.60858,0.06708
3365.67982,0.06776
3363.75106,0.06850
3361.82231,0.06923
3359.89355,0.06993
3357.96479,0.07055
3356.03604,0.07119
3354.10728,0.07197
3352.17853,0.07285
3350.24977,0.07369
3348.32101,0.07448
3346.39226,0.07526
3344.46350,0.07593
3342.53474,0.07643
3340.60599,0.07698
3338.67723,0.07760
3336.74848,0.07813
3334.81972,0.07855
3332.89096,0.07876
3330.96221,0.07870
3329.03345,0.07870
3327.10469,0.07896
3325.17594,0.07917
3323.24718,0.07896
3321.31842,0.07844
3319.38967,0.07793
3317.46091,0.07760
3315.53216,0.07750
3313.60340,0.07754
3311.67464,0.07764
3309.74589,0.07784
3307.81713,0.07796
3305.88837,0.07780
3303.95962,0.07770
3302.03086,0.07783
3300.10210,0.07790
3298.17335,0.07795
3296.24459,0.07828
3294.31584,0.07870
3292.38708,0.07884
3290.45832,0.07877
3288.52957,0.07886
3286.60081,0.07904
3284.67205,0.07904
3282.74330,0.07894
3280.81454,0.07898
3278.88578,0.07906
3276.95703,0.07900
3275.02827,0.07888
3273.09952,0.07879
3271.17076,0.07869
3269.24200,0.07860
3267.31325,0.07852
3265.38449,0.07846
3263.45573,0.07826
3261.52698,0.07783
3259.59822,0.07736
3257.66947,0.07692
3255.74071,0.07636
3253.81195,0.07571
3251.88320,0.07520
3249.95444,0.07474
3248.02568,0.07424
3246.09693,0.07379
3244.16817,0.07336
3242.23941,0.07290
3240.31066,0.07248
3238.38190,0.07208
3236.45315,0.07156
3234.52439,0.07098
3232.59563,0.07052
3230.66688,0.07020
3228.73812,0.06992
3226.80936,0.06955
3224.88061,0.06915
3222.95185,0.06889
3221.02309,0.06866
3219.09434,0.06826
3217.16558,0.06777
3215.23683,0.06733
3213.30807,0.06696
3211.37931,0.06655
3209.45056,0.06607
3207.52180,0.06560
3205.59304,0.06523
3203.66429,0.06493
3201.73553,0.06455
3199.80677,0.06407
3197.87802,0.06368
3195.94926,0.06335
3194.02051,0.06294
3192.09175,0.06254
3190.16299,0.06227
3188.23424,0.06203
3186.30548,0.06172
3184.37672,0.06135
3182.44797,0.06099
3180.51921,0.06066
3178.59045,0.06037
3176.66170,0.06010
3174.73294,0.05975
3172.80419,0.05933
3170.87543,0.05901
3168.94667,0.05886
3167.01792,0.05871
3165.08916,0.05832
3163.16040,0.05781
3161.23165,0.05741
3159.30289,0.05709
3157.37414,0.05677
3155.44538,0.05654
3153.51662,0.05637
3151.58787,0.05617
3149.65911,0.05591
3147.73035,0.05560
3145.80160,0.05536
3143.87284,0.05517
3141.94408,0.05492
3140.01533,0.05465
3138.08657,0.05443
3136.15782,0.05438
3134.22906,0.05442
3132.30030,0.05423
3130.37155,0.05382
3128.44279,0.05341
3126.51403,0.05300
3124.58528,0.05270
3122.65652,0.05264
3120.72776,0.05262
3118.79901,0.05247
3116.87025,0.05218
3114.94150,0.05180
3113.01274,0.05145
3111.08398,0.05117
3109.15523,0.05096
3107.22647,0.05086
3105.29771,0.05078
3103.36896,0.05067
3101.44020,0.05055
3099.51144,0.05036
3097.58269,0.05009
3095.65393,0.04983
3093.72518,0.04955
3091.79642,0.04916
3089.86766,0.04877
3087.93891,0.04863
3086.01015,0.04874
3084.08139,0.04879
3082.15264,0.04862
3080.22388,0.04836
3078.29513,0.04810
3076.36637,0.04784
3074.43761,0.04765
3072.50886,0.04756
3070.58010,0.04753
3068.65134,0.04747
3066.72259,0.04732
3064.79383,0.04710
3062.86507,0.04684
3060.93632,0.04667
3059.00756,0.04662
3057.07881,0.04651
3055.15005,0.04627
3053.22129,0.04605
3051.29254,0.04590
3049.36378,0.04571
3047.43502,0.04549
3045.50627,0.04523
3043.57751,0.04494
3041.64875,0.04468
3039.72000,0.04451
3037.79124,0.04453
3035.86249,0.04460
3033.93373,0.04441
3032.00497,0.04411
3030.07622,0.04397
3028.14746,0.04388
3026.21870,0.04371
3024.28995,0.04350
3022.36119,0.04337
3020.43243,0.04335
3018.50368,0.04328
3016.57492,0.04315
3014.64617,0.04309
3012.71741,0.04310
3010.78865,0.04312
3008.85990,0.04317
3006.93114,0.04309
3005.00238,0.04287
3003.07363,0.04276
3001.14487,0.04282
2999.21611,0.04284
2997.28736,0.04270
2995.35860,0.04256
2993.42985,0.04258
2991.50109,0.04274
2989.57233,0.04281
2987.64358,0.04273
2985.71482,0.04272
2983.78606,0.04295
2981.85731,0.04329
2979.92855,0.04353
2977.99980,0.04367
2976.07104,0.04402
2974.14228,0.04462
2972.21353,0.04519
2970.28477,0.04569
2968.35601,0.04614
2966.42726,0.04633
2964.49850,0.04628
2962.56974,0.04624
2960.64099,0.04616
2958.71223,0.04601
2956.78348,0.04596
2954.85472,0.04613
2952.92596,0.04648
2950.99721,0.04691
2949.06845,0.04737
2947.13969,0.04769
2945.21094,0.04778
2943.28218,0.04777
2941.35342,0.04780
2939.42467,0.04778
2937.49591,0.04769
2935.56716,0.04767
2933.63840,0.04776
2931.70964,0.04782
2929.78089,0.04790
2927.85213,0.04808
2925.92337,0.04835
2923.99462,0.04882
2922.06586,0.04946
2920.13710,0.05008
2918.20835,0.05070
2916.27959,0.05133
2914.35084,0.05193
2912.42208,0.05263
2910.49332,0.05352
2908.56457,0.05449
2906.63581,0.05528
2904.70705,0.05580
2902.77830,0.05613
2900.84954,0.05639
2898.92079,0.05650
2896.99203,0.05642
2895.06327,0.05626
2893.13452,0.05604
2891.20576,0.05583
2889.27700,0.05579
2887.34825,0.05569
2885.41949,0.05536
2883.49073,0.05499
2881.56198,0.05474
2879.63322,0.05459
2877.70447,0.05449
2875.77571,0.05441
2873.84695,0.05438
2871.91820,0.05435
2869.98944,0.05432
2868.06068,0.05427
2866.13193,0.05415
2864.20317,0.05390
2862.27441,0.05354
2860.34566,0.05314
2858.41690,0.05283
2856.48815,0.05262
2854.55939,0.05235
2852.63063,0.05197
2850.70188,0.05161
2848.77312,0.05127
2846.84436,0.05085
2844.91561,0.05038
2842.98685,0.04992
2841.05809,0.04946
2839.12934,0.04905
2837.20058,0.04877
2835.27183,0.04858
2833.34307,0.04831
2831.41431,0.04793
2829.48556,0.04757
2827.55680,0.04727
2825.62804,0.04697
2823.69929,0.04666
2821.77053,0.04641
2819.84177,0.04625
2817.91302,0.04610
2815.98426,0.04594
2814.05551,0.04579
2812.12675,0.04556
2810.19799,0.04532
2808.26924,0.04523
2806.34048,0.04517
2804.41172,0.04499
2802.48297,0.04479
2800.55421,0.04468
2798.62546,0.04462
2796.69670,0.04447
2794.76794,0.04429
2792.83919,0.04426
2790.91043,0.04430
2788.98167,0.04415
2787.05292,0.04388
2785.12416,0.04371
2783.19540,0.04368
2781.26665,0.04367
2779.33789,0.04359
2777.40914,0.04343
2775.48038,0.04327
2773.55162,0.04324
2771.62287,0.04321
2769.69411,0.04313
2767.76535,0.04312
2765.83660,0.04314
2763.90784,0.04308
2761.97908,0.04299
2760.05033,0.04293
2758.12157,0.04287
2756.19282,0.04276
2754.26406,0.04269
2752.33530,0.04270
2750.40655,0.04273
2748.47779,0.04272
2746.54903,0.04264
2744.62028,0.04255
2742.69152,0.04257
2740.76276,0.04270
2738.83401,0.04271
2736.90525,0.04260
2734.97650,0.04253
2733.04774,0.04248
2731.11898,0.04244
2729.19023,0.04246
2727.26147,0.04247
2725.33271,0.04238
2723.40396,0.04223
2721.47520,0.04212
2719.54645,0.04207
2717.61769,0.04203
2715.68893,0.04200
2713.76018,0.04201
2711.83142,0.04200
2709.90266,0.04191
2707.97391,0.04180
2706.04515,0.04174
2704.11639,0.04173
2702.18764,0.04168
2700.25888,0.04153
2698.33013,0.04140
2696.40137,0.04140
2694.47261,0.04141
2692.54386,0.04140
2690.61510,0.04138
2688.68634,0.04127
2686.75759,0.04104
2684.82883,0.04085
2682.90007,0.04077
2680.97132,0.04074
2679.04256,0.04070
2677.11381,0.04064
2675.18505,0.04054
2673.25629,0.04048
2671.32754,0.04050
2669.39878,0.04051
2667.47002,0.04052
2665.54127,0.04050
2663.61251,0.04040
2661.68375,0.04038
2659.75500,0.04050
2657.82624,0.04063
2655.89749,0.04073
2653.96873,0.04077
2652.03997,0.04073
2650.11122,0.04068
2648.18246,0.04067
2646.25370,0.04068
2644.32495,0.04073
2642.39619,0.04079
2640.46743,0.04081
2638.53868,0.04080
2636.60992,0.04081
2634.68117,0.04082
2632.75241,0.04078
2630.82365,0.04073
2628.89490,0.04063
2626.96614,0.04051
2625.03738,0.04047
2623.10863,0.04049
2621.17987,0.04047
2619.25112,0.04044
2617.32236,0.04050
2615.39360,0.04059
2613.46485,0.04054
2611.53609,0.04034
2609.60733,0.04020
2607.67858,0.04018
2605.74982,0.04023
2603.82106,0.04027
2601.89231,0.04021
2599.96355,0.04015
2598.03480,0.04014
2596.10604,0.04012
2594.17728,0.04011
2592.24853,0.04014
2590.31977,0.04010
2588.39101,0.03998
2586.46226,0.03994
2584.53350,0.03999
2582.60474,0.03996
2580.67599,0.03988
2578.74723,0.03982
2576.81848,0.03971
2574.88972,0.03964
2572.96096,0.03974
2571.03221,0.03991
2569.10345,0.03993
2567.17469,0.03981
2565.24594,0.03972
2563.31718,0.03969
2561.38842,0.03975
2559.45967,0.03987
2557.53091,0.03983
2555.60216,0.03960
2553.67340,0.03941
2551.74464,0.03936
2549.81589,0.03943
2547.88713,0.03951
2545.95837,0.03948
2544.02962,0.03942
2542.10086,0.03951
2540.17211,0.03967
2538.24335,0.03973
2536.31459,0.03970
2534.38584,0.03966
2532.45708,0.03954
2530.52832,0.03947
2528.59957,0.03961
2526.67081,0.03979
2524.74205,0.03976
2522.81330,0.03961
2520.88454,0.03949
2518.95579,0.03935
2517.02703,0.03921
2515.09827,0.03920
2513.16952,0.03923
2511.24076,0.03918
2509.31200,0.03908
2507.38325,0.03896
2505.45449,0.03883
2503.52573,0.03875
2501.59698,0.03876
2499.66822,0.03883
2497.73947,0.03893
2495.81071,0.03890
2493.88195,0.03866
2491.95320,0.03851
2490.02444,0.03856
2488.09568,0.03861
2486.16693,0.03861
2484.23817,0.03863
2482.30941,0.03863
2480.38066,0.03852
2478.45190,0.03845
2476.52315,0.03842
2474.59439,0.03830
2472.66563,0.03815
2470.73688,0.03819
2468.80812,0.03827
2466.87936,0.03811
2464.95061,0.03783
2463.02185,0.03780
2461.09309,0.03808
2459.16434,0.03830
2457.23558,0.03823
2455.30683,0.03814
2453.37807,0.03822
2451.44931,0.03828
2449.52056,0.03827
2447.59180,0.03824
2445.66304,0.03811
2443.73429,0.03787
2441.80553,0.03768
2439.87678,0.03757
2437.94802,0.03754
2436.01926,0.03761
2434.09051,0.03773
2432.16175,0.03774
2430.23299,0.03773
2428.30424,0.03773
2426.37548,0.03759
2424.44672,0.03741
2422.51797,0.03744
2420.58921,0.03759
2418.66046,0.03754
2416.73170,0.03730
2414.80294,0.03714
2412.87419,0.03714
2410.94543,0.03713
2409.01667,0.03701
2407.08792,0.03687
2405.15916,0.03680
2403.23040,0.03684
2401.30165,0.03682
2399.37289,0.03664
2397.44414,0.03646
2395.51538,0.03646
2393.58662,0.03664
2391.65787,0.03682
2389.72911,0.03682
2387.80035,0.03666
2385.87160,0.03650
2383.94284,0.03644
2382.01408,0.03645
2380.08533,0.03647
2378.15657,0.03652
2376.22782,0.03661
2374.29906,0.03660
2372.37030,0.03642
2370.44155,0.03616
2368.51279,0.03585
2366.58403,0.03565
2364.65528,0.03573
2362.72652,0.03608
2360.79777,0.03649
2358.86901,0.03662
2356.94025,0.03641
2355.01150,0.03598
2353.08274,0.03561
2351.15398,0.03550
2349.22523,0.03555
2347.29647,0.03559
2345.36771,0.03564
2343.43896,0.03581
2341.51020,0.03587
2339.58145,0.03573
2337.65269,0.03564
2335.72393,0.03561
2333.79518,0.03561
2331.86642,0.03570
2329.93766,0.03574
2328.00891,0.03589
2326.08015,0.03645
2324.15139,0.03722
2322.22264,0.03751
2320.29388,0.03704
2318.36513,0.03647
2316.43637,0.03637
2314.50761,0.03657
2312.57886,0.03668
2310.65010,0.03665
2308.72134,0.03660
2306.79259,0.03660
2304.86383,0.03649
2302.93507,0.03632
2301.00632,0.03634
2299.07756,0.03654
2297.14881,0.03672
2295.22005,0.03688
2293.29129,0.03697
2291.36254,0.03690
2289.43378,0.03691
2287.50502,0.03717
2285.57627,0.03741
2283.64751,0.03739
2281.71875,0.03716
2279.79000,0.03682
2277.86124,0.03661
2275.93249,0.03670
2274.00373,0.03682
2272.07497,0.03679
2270.14622,0.03683
2268.21746,0.03706
2266.28870,0.03715
2264.35995,0.03694
2262.43119,0.03663
2260.50244,0.03643
2258.57368,0.03634
2256.64492,0.03631
2254.71617,0.03622
2252.78741,0.03615
2250.85865,0.03626
2248.92990,0.03659
2247.00114,0.03691
2245.07238,0.03682
2243.14363,0.03634
2241.21487,0.03610
2239.28612,0.03631
2237.35736,0.03645
2235.42860,0.03621
2233.49985,0.03602
2231.57109,0.03625
2229.64233,0.03650
2227.71358,0.03632
2225.78482,0.03600
2223.85606,0.03598
2221.92731,0.03613
2219.99855,0.03614
2218.06980,0.03607
2216.14104,0.03605
2214.21228,0.03593
2212.28353,0.03566
2210.35477,0.03544
2208.42601,0.03545
2206.49726,0.03563
2204.56850,0.03581
2202.63974,0.03596
2200.71099,0.03614
2198.78223,0.03634
2196.85348,0.03645
2194.92472,0.03631
2192.99596,0.03578
2191.06721,0.03521
2189.13845,0.03528
2187.20969,0.03584
2185.28094,0.03608
2183.35218,0.03570
2181.42343,0.03521
2179.49467,0.03510
2177.56591,0.03503
2175.63716,0.03475
2173.70840,0.03495
2171.77964,0.03560
2169.85089,0.03593
2167.92213,0.03613
2165.99337,0.03648
2164.06462,0.03650
2162.13586,0.03611
2160.20711,0.03528
2158.27835,0.03375
2156.34959,0.03230
2154.42084,0.03183
2152.49208,0.03230
2150.56332,0.03318
2148.63457,0.03381
2146.70581,0.03390
2144.77705,0.03381
2142.84830,0.03378
2140.91954,0.03373
2138.99079,0.03385
2137.06203,0.03413
2135.13327,0.03410
2133.20452,0.03385
2131.27576,0.03386
2129.34700,0.03414
2127.41825,0.03436
2125.48949,0.03449
2123.56073,0.03463
2121.63198,0.03466
2119.70322,0.03463
2117.77447,0.03483
2115.84571,0.03515
2113.91695,0.03527
2111.98820,0.03544
2110.05944,0.03581
2108.13068,0.03594
2106.20193,0.03557
2104.27317,0.03519
2102.34441,0.03516
2100.41566,0.03521
2098.48690,0.03507
2096.55815,0.03491
2094.62939,0.03485
2092.70063,0.03486
2090.77188,0.03494
2088.84312,0.03502
2086.91436,0.03510
2084.98561,0.03520
2083.05685,0.03521
2081.12810,0.03502
2079.19934,0.03498
2077.27058,0.03533
2075.34183,0.03560
2073.41307,0.03545
2071.48431,0.03527
2069.55556,0.03528
2067.62680,0.03512
2065.69804,0.03473
2063.76929,0.03430
2061.84053,0.03399
2059.91178,0.03396
2057.98302,0.03420
2056.05426,0.03453
2054.12551,0.03474
2052.19675,0.03504
2050.26799,0.03540
2048.33924,0.03525
2046.41048,0.03465
2044.48172,0.03426
2042.55297,0.03415
2040.62421,0.03415
2038.69546,0.03426
2036.76670,0.03443
2034.83794,0.03447
2032.90919,0.03420
2030.98043,0.03360
2029.05167,0.03308
2027.12292,0.03288
2025.19416,0.03292
2023.26540,0.03304
2021.33665,0.03315
2019.40789,0.03322
2017.47914,0.03331
2015.55038,0.03339
2013.62162,0.03347
2011.69287,0.03345
2009.76411,0.03312
2007.83535,0.03248
2005.90660,0.03201
2003.97784,0.03206
2002.04909,0.03247
2000.12033,0.03295
1998.19157,0.03329
1996.26282,0.03341
1994.33406,0.03333
1992.40530,0.03318
1990.47655,0.03314
1988.54779,0.03320
1986.61903,0.03316
1984.69028,0.03314
1982.76152,0.03347
1980.83277,0.03403
1978.90401,0.03397
1976.97525,0.03300
1975.04650,0.03209
1973.11774,0.03192
1971.18898,0.03208
1969.26023,0.03212
1967.33147,0.03225
1965.40271,0.03265
1963.47396,0.03280
1961.54520,0.03231
1959.61645,0.03165
1957.68769,0.03159
1955.75893,0.03207
1953.83018,0.03228
1951.90142,0.03199
1949.97266,0.03161
1948.04391,0.03148
1946.11515,0.03158
1944.18639,0.03163
1942.25764,0.03143
1940.32888,0.03130
1938.40013,0.03130
1936.47137,0.03112
1934.54261,0.03096
1932.61386,0.03105
1930.68510,0.03111
1928.75634,0.03101
1926.82759,0.03098
1924.89883,0.03103
1922.97007,0.03094
1921.04132,0.03082
1919.11256,0.03087
1917.18381,0.03095
1915.25505,0.03087
1913.32629,0.03070
1911.39754,0.03057
1909.46878,0.03043
1907.54002,0.03021
1905.61127,0.03020
1903.68251,0.03029
1901.75376,0.03017
1899.82500,0.02989
1897.89624,0.02972
1895.96749,0.02972
1894.03873,0.02975
1892.10997,0.02971
1890.18122,0.02960
1888.25246,0.02941
1886.32370,0.02931
1884.39495,0.02926
1882.46619,0.02913
1880.53744,0.02902
1878.60868,0.02897
1876.67992,0.02889
1874.75117,0.02870
1872.82241,0.02847
1870.89365,0.02838
1868.96490,0.02832
1867.03614,0.02819
1865.10738,0.02811
1863.17863,0.02811
1861.24987,0.02813
1859.32112,0.02815
1857.39236,0.02813
1855.46360,0.02805
1853.53485,0.02790
1851.60609,0.02786
1849.67733,0.02797
1847.74858,0.02811
1845.81982,0.02814
1843.89106,0.02804
1841.96231,0.02787
1840.03355,0.02778
1838.10480,0.02777
1836.17604,0.02780
1834.24728,0.02788
1832.31853,0.02796
1830.38977,0.02791
1828.46101,0.02774
1826.53226,0.02765
1824.60350,0.02764
1822.67475,0.02762
1820.74599,0.02754
1818.81723,0.02743
1816.88848,0.02726
1814.95972,0.02712
1813.03096,0.02701
1811.10221,0.02683
1809.17345,0.02667
1807.24469,0.02660
1805.31594,0.02651
1803.38718,0.02636
1801.45843,0.02619
1799.52967,0.02609
1797.60091,0.02605
1795.67216,0.02601
1793.74340,0.02594
1791.81464,0.02589
1789.88589,0.02581
1787.95713,0.02569
1786.02837,0.02555
1784.09962,0.02537
1782.17086,0.02519
1780.24211,0.02507
1778.31335,0.02499
1776.38459,0.02493
1774.45584,0.02489
1772.52708,0.02477
1770.59832,0.02455
1768.66957,0.02436
1766.74081,0.02428
1764.81205,0.02423
1762.88330,0.02420
1760.95454,0.02419
1759.02579,0.02424
1757.09703,0.02441
1755.16827,0.02477
1753.23952,0.02533
1751.31076,0.02613
1749.38200,0.02736
1747.45325,0.02907
1745.52449,0.03130
1743.59573,0.03414
1741.66698,0.03756
1739.73822,0.04141
1737.80947,0.04512
1735.88071,0.04873
1733.95195,0.05303
1732.02320,0.05733
1730.09444,0.06102
1728.16568,0.06473
1726.23693,0.06853
1724.30817,0.07233
1722.37942,0.07594
1720.45066,0.07921
1718.52190,0.08243
1716.59315,0.08553
1714.66439,0.08767
1712.73563,0.08855
1710.80688,0.08824
1708.87812,0.08683
1706.94936,0.08444
1705.02061,0.08144
1703.09185,0.07861
1701.16310,0.07547
1699.23434,0.07194
1697.30558,0.06917
1695.37683,0.06659
1693.44807,0.06434
1691.51931,0.06276
1689.59056,0.06141
1687.66180,0.06035
1685.73304,0.05948
1683.80429,0.05836
1681.87553,0.05732
1679.94678,0.05655
1678.01802,0.05580
1676.08926,0.05496
1674.16051,0.05408
1672.23175,0.05337
1670.30299,0.05271
1668.37424,0.05197
1666.44548,0.05135
1664.51672,0.05078
1662.58797,0.05003
1660.65921,0.04929
1658.73046,0.04884
1656.80170,0.04866
1654.87294,0.04842
1652.94419,0.04767
1651.01543,0.04701
1649.08667,0.04676
1647.15792,0.04644
1645.22916,0.04609
1643.30041,0.04589
1641.37165,0.04569
1639.44289,0.04544
1637.51414,0.04507
1635.58538,0.04449
1633.65662,0.04401
1631.72787,0.04378
1629.79911,0.04351
1627.87035,0.04309
1625.94160,0.04271
1624.01284,0.04237
1622.08409,0.04204
1620.15533,0.04190
1618.22657,0.04189
1616.29782,0.04172
1614.36906,0.04142
1612.44030,0.04114
1610.51155,0.04074
1608.58279,0.04020
1606.65403,0.03969
1604.72528,0.03926
1602.79652,0.03883
1600.86777,0.03838
1598.93901,0.03791
1597.01025,0.03747
1595.08150,0.03709
1593.15274,0.03680
1591.22398,0.03663
1589.29523,0.03651
1587.36647,0.03640
1585.43771,0.03639
1583.50896,0.03661
1581.58020,0.03702
1579.65145,0.03747
1577.72269,0.03767
1575.79393,0.03730
1573.86518,0.03662
1571.93642,0.03603
1570.00766,0.03540
1568.07891,0.03478
1566.15015,0.03438
1564.22139,0.03414
1562.29264,0.03402
1560.36388,0.03377
1558.43513,0.03302
1556.50637,0.03236
1554.57761,0.03213
1552.64886,0.03207
1550.72010,0.03200
1548.79134,0.03183
1546.86259,0.03159
1544.93383,0.03135
1543.00508,0.03120
1541.07632,0.03110
1539.14756,0.03085
1537.21881,0.03065
1535.29005,0.03056
1533.36129,0.03045
1531.43254,0.03034
1529.50378,0.03027
1527.57502,0.03021
1525.64627,0.03015
1523.71751,0.03008
1521.78876,0.02988
1519.86000,0.02956
1517.93124,0.02928
1516.00249,0.02908
1514.07373,0.02911
1512.14497,0.02954
1510.21622,0.03050
1508.28746,0.03236
1506.35870,0.03491
1504.42995,0.03597
1502.50119,0.03511
1500.57244,0.03351
1498.64368,0.03187
1496.71492,0.03052
1494.78617,0.02970
1492.85741,0.02949
1490.92865,0.02965
1488.99990,0.03010
1487.07114,0.03098
1485.14238,0.03219
1483.21363,0.03351
1481.28487,0.03478
1479.35612,0.03586
1477.42736,0.03681
1475.49860,0.03790
1473.56985,0.03920
1471.64109,0.04026
1469.71233,0.04070
1467.78358,0.04087
1465.85482,0.04124
1463.92607,0.04209
1461.99731,0.04322
1460.06855,0.04431
1458.13980,0.04534
1456.21104,0.04633
1454.28228,0.04703
1452.35353,0.04740
1450.42477,0.04748
1448.49601,0.04732
1446.56726,0.04709
1444.63850,0.04696
1442.70975,0.04693
1440.78099,0.04710
1438.85223,0.04757
1436.92348,0.04833
1434.99472,0.04919
1433.06596,0.04989
1431.13721,0.05033
1429.20845,0.05051
1427.27969,0.05042
1425.35094,0.05009
1423.42218,0.04958
1421.49343,0.04908
1419.56467,0.04886
1417.63591,0.04949
1415.70716,0.05151
1413.77840,0.05497
1411.84964,0.05914
1409.92089,0.06249
1407.99213,0.06364
1406.06337,0.06231
1404.13462,0.05930
1402.20586,0.05601
1400.27711,0.05310
1398.34835,0.05064
1396.41959,0.04876
1394.49084,0.04738
1392.56208,0.04646
1390.63332,0.04602
1388.70457,0.04606
1386.77581,0.04658
1384.84705,0.04744
1382.91830,0.04854
1380.98954,0.04987
1379.06079,0.05142
1377.13203,0.05321
1375.20327,0.05522
1373.27452,0.05723
1371.34576,0.05867
1369.41700,0.05916
1367.48825,0.05885
1365.55949,0.05825
1363.63074,0.05773
1361.70198,0.05729
1359.77322,0.05679
1357.84447,0.05626
1355.91571,0.05585
1353.98695,0.05563
1352.05820,0.05573
1350.12944,0.05656
1348.20068,0.05876
1346.27193,0.06272
1344.34317,0.06804
1342.41442,0.07372
1340.48566,0.07860
1338.55690,0.08140
1336.62815,0.08137
1334.69939,0.07871
1332.77063,0.07426
1330.84188,0.06925
1328.91312,0.06498
1326.98436,0.06227
1325.05561,0.06127
1323.12685,0.06172
1321.19810,0.06320
1319.26934,0.06529
1317.34058,0.06747
1315.41183,0.06918
1313.48307,0.07003
1311.55431,0.06993
1309.62556,0.06908
1307.69680,0.06778
1305.76804,0.06639
1303.83929,0.06519
1301.91053,0.06437
1299.98178,0.06411
1298.05302,0.06445
1296.12426,0.06543
1294.19551,0.06694
1292.26675,0.06867
1290.33799,0.07043
1288.40924,0.07229
1286.48048,0.07429
1284.55173,0.07645
1282.62297,0.07880
1280.69421,0.08106
1278.76546,0.08284
1276.83670,0.08420
1274.90794,0.08546
1272.97919,0.08680
1271.05043,0.08830
1269.12167,0.08997
1267.19292,0.09181
1265.26416,0.09376
1263.33541,0.09553
1261.40665,0.09691
1259.47789,0.09788
1257.54914,0.09858
1255.62038,0.09933
1253.69162,0.10047
1251.76287,0.10210
1249.83411,0.10395
1247.90535,0.10565
1245.97660,0.10694
1244.04784,0.10771
1242.11909,0.10800
1240.19033,0.10797
1238.26157,0.10757
1236.33282,0.10656
1234.40406,0.10472
1232.47530,0.10202
1230.54655,0.09879
1228.61779,0.09557
1226.68903,0.09256
1224.76028,0.08970
1222.83152,0.08701
1220.90277,0.08444
1218.97401,0.08195
1217.04525,0.07960
1215.11650,0.07765
1213.18774,0.07649
1211.25898,0.07630
1209.33023,0.07690
1207.40147,0.07762
1205.47271,0.07763
1203.54396,0.07666
1201.61520,0.07500
1199.68645,0.07287
1197.75769,0.07035
1195.82893,0.06770
1193.90018,0.06506
1191.97142,0.06245
1190.04266,0.06015
1188.11391,0.05842
1186.18515,0.05728
1184.25640,0.05678
1182.32764,0.05696
1180.39888,0.05769
1178.47013,0.05891
1176.54137,0.06072
1174.61261,0.06308
1172.68386,0.06596
1170.75510,0.06941
1168.82634,0.07322
1166.89759,0.07711
1164.96883,0.08069
1163.04008,0.08338
1161.11132,0.08474
1159.18256,0.08483
1157.25381,0.08394
1155.32505,0.08249
1153.39629,0.08098
1151.46754,0.07973
1149.53878,0.07874
1147.61002,0.07785
1145.68127,0.07692
1143.75251,0.07596
1141.82376,0.07529
1139.89500,0.07559
1137.96624,0.07740
1136.03749,0.08076
1134.10873,0.08528
1132.17997,0.09059
1130.25122,0.09665
1128.32246,0.10342
1126.39370,0.11040
1124.46495,0.11683
1122.53619,0.12240
1120.60744,0.12758
1118.67868,0.13299
1116.74992,0.13878
1114.82117,0.14485
1112.89241,0.15069
1110.96365,0.15535
1109.03490,0.15848
1107.10614,0.16096
1105.17739,0.16354
1103.24863,0.16581
1101.31987,0.16699
1099.39112,0.16684
1097.46236,0.16571
1095.53360,0.16399
1093.60485,0.16197
1091.67609,0.16009
1089.74733,0.15865
1087.81858,0.15755
1085.88982,0.15642
1083.96107,0.15521
1082.03231,0.15438
1080.10355,0.15431
1078.17480,0.15487
1076.24604,0.15550
1074.31728,0.15568
1072.38853,0.15577
1070.45977,0.15674
1068.53101,0.15921
1066.60226,0.16320
1064.67350,0.16860
1062.74475,0.17492
1060.81599,0.18112
1058.88723,0.18607
1056.95848,0.18922
1055.02972,0.19086
1053.10096,0.19145
1051.17221,0.19093
1049.24345,0.18912
1047.31469,0.18639
1045.38594,0.18350
1043.45718,0.18116
1041.52843,0.18021
1039.59967,0.18113
1037.67091,0.18357
1035.74216,0.18664
1033.81340,0.18931
1031.88464,0.19087
1029.95589,0.19142
1028.02713,0.19189
1026.09838,0.19344
1024.16962,0.19651
1022.24086,0.20055
1020.31211,0.20451
1018.38335,0.20742
1016.45459,0.20832
1014.52584,0.20654
1012.59708,0.20274
1010.66832,0.19869
1008.73957,0.19560
1006.81081,0.19352
1004.88206,0.19226
1002.95330,0.19171
1001.02454,0.19138
999.09579,0.19043
997.16703,0.18862
995.23827,0.18656
993.30952,0.18475
991.38076,0.18324
989.45200,0.18242
987.52325,0.18266
985.59449,0.18360
983.66574,0.18419
981.73698,0.18342
979.80822,0.18098
977.87947,0.17757
975.95071,0.17419
974.02195,0.17119
972.09320,0.16841
970.16444,0.16567
968.23568,0.16267
966.30693,0.15946
964.37817,0.15633
962.44942,0.15318
960.52066,0.14994
958.59190,0.14681
956.66315,0.14374
954.73439,0.14065
952.80563,0.13777
950.87688,0.13517
948.94812,0.13274
947.01936,0.13043
945.09061,0.12828
943.16185,0.12619
941.23310,0.12406
939.30434,0.12205
937.37558,0.12037
935.44683,0.11894
933.51807,0.11752
931.58931,0.11604
929.66056,0.11469
927.73180,0.11344
925.80305,0.11212
923.87429,0.11089
921.94553,0.10980
920.01678,0.10855
918.08802,0.10724
916.15926,0.10648
914.23051,0.10636
912.30175,0.10651
910.37299,0.10670
908.44424,0.10694
906.51548,0.10742
904.58673,0.10815
902.65797,0.10857
900.72921,0.10849
898.80046,0.10854
896.87170,0.10881
894.94294,0.10873
893.01419,0.10799
891.08543,0.10684
889.15667,0.10559
887.22792,0.10440
885.29916,0.10347
883.37041,0.10297
881.44165,0.10308
879.51289,0.10422
877.58414,0.10665
875.65538,0.11037
873.72662,0.11461
871.79787,0.11690
869.86911,0.11525
867.94035,0.11095
866.01160,0.10668
864.08284,0.10346
862.15409,0.10113
860.22533,0.09967
858.29657,0.09892
856.36782,0.09847
854.43906,0.09836
852.51030,0.09873
850.58155,0.09954
848.65279,0.10042
846.72404,0.10064
844.79528,0.09997
842.86652,0.09890
840.93777,0.09783
839.00901,0.09663
837.08025,0.09526
835.15150,0.09404
833.22274,0.09304
831.29398,0.09192
829.36523,0.09065
827.43647,0.08959
825.50772,0.08881
823.57896,0.08805
821.65020,0.08747
819.72145,0.08728
817.79269,0.08713
815.86393,0.08683
813.93518,0.08668
812.00642,0.08656
810.07766,0.08611
808.14891,0.08552
806.22015,0.08517
804.29140,0.08488
802.36264,0.08449
800.43388,0.08432
798.50513,0.08463
796.57637,0.08541
794.64761,0.08637
792.71886,0.08700
790.79010,0.08712
788.86134,0.08684
786.93259,0.08607
785.00383,0.08498
783.07508,0.08386
781.14632,0.08275
779.21756,0.08172
777.28881,0.08103
775.36005,0.08071
773.43129,0.08047
771.50254,0.08003
769.57378,0.07936
767.64502,0.07856
765.71627,0.07767
763.78751,0.07678
761.85876,0.07615
759.93000,0.07582
758.00124,0.07565
756.07249,0.07546
754.14373,0.07511
752.21497,0.07458
750.28622,0.07415
748.35746,0.07407
746.42871,0.07422
744.49995,0.07461
742.57119,0.07603
740.64244,0.07945
738.71368,0.08526
736.78492,0.09333
734.85617,0.10308
732.92741,0.11379
730.99865,0.12501
729.06990,0.13633
727.14114,0.14727
725.21239,0.15681
723.28363,0.16337
721.35487,0.16612
719.42612,0.16573
717.49736,0.16392
715.56860,0.16211
713.63985,0.16070
711.71109,0.15939
709.78233,0.15807
707.85358,0.15712
705.92482,0.15642
703.99607,0.15537
702.06731,0.15382
700.13855,0.15211
698.20980,0.15043
696.28104,0.14870
694.35228,0.14708
692.42353,0.14567
690.49477,0.14435
688.56601,0.14316
686.63726,0.14233
684.70850,0.14210
682.77975,0.14245
680.85099,0.14320
678.92223,0.14433
676.99348,0.14584
675.06472,0.14776
673.13596,0.14994
671.20721,0.15212
669.27845,0.15464
667.34970,0.15773
665.42094,0.15974
663.49218,0.16043
661.56343,0.16013
659.63467,0.15893
657.70591,0.15713
655.77716,0.15471
653.84840,0.15183
651.91964,0.14950
649.99089,0.14840
648.06213,0.14834
646.13338,0.14929
644.20462,0.15084
642.27586,0.15234
640.34711,0.15343
638.41835,0.15345
636.48959,0.15301
634.56084,0.15462
632.63208,0.15822
630.70332,0.16076
628.77457,0.16091
626.84581,0.16036
624.91706,0.16164
622.98830,0.16482
621.05954,0.16790
619.13079,0.17072
617.20203,0.17289
615.27327,0.17265
613.34452,0.17077
611.41576,0.16891
609.48700,0.16785
607.55825,0.16746
605.62949,0.16746
603.70074,0.16861
601.77198,0.17024
599.84322,0.17012
