3996.38314,0.02268
3994.45439,0.02279
3992.52563,0.02290
3990.59688,0.02300
3988.66812,0.02308
3986.73936,0.02307
3984.81061,0.02304
3982.88185,0.02307
3980.95309,0.02314
3979.02434,0.02314
3977.09558,0.02311
3975.16682,0.02315
3973.23807,0.02316
3971.30931,0.02299
3969.38056,0.02280
3967.45180,0.02278
3965.52304,0.02289
3963.59429,0.02296
3961.66553,0.02289
3959.73677,0.02270
3957.80802,0.02260
3955.87926,0.02268
3953.95051,0.02275
3952.02175,0.02267
3950.09299,0.02254
3948.16424,0.02246
3946.23548,0.02248
3944.30672,0.02253
3942.37797,0.02247
3940.44921,0.02243
3938.52045,0.02259
3936.59170,0.02274
3934.66294,0.02272
3932.73419,0.02266
3930.80543,0.02270
3928.87667,0.02278
3926.94792,0.02283
3925.01916,0.02276
3923.09040,0.02253
3921.16165,0.02231
3919.23289,0.02223
3917.30413,0.02219
3915.37538,0.02217
3913.44662,0.02228
3911.51787,0.02247
3909.58911,0.02267
3907.66035,0.02277
3905.73160,0.02280
3903.80284,0.02291
3901.87408,0.02300
3899.94533,0.02277
3898.01657,0.02239
3896.08781,0.02227
3894.15906,0.02239
3892.23030,0.02244
3890.30155,0.02237
3888.37279,0.02246
3886.44403,0.02267
3884.51528,0.02278
3882.58652,0.02271
3880.65776,0.02244
3878.72901,0.02223
3876.80025,0.02237
3874.87150,0.02250
3872.94274,0.02246
3871.01398,0.02234
3869.08523,0.02223
3867.15647,0.02232
3865.22771,0.02240
3863.29896,0.02220
3861.37020,0.02209
3859.44144,0.02232
3857.51269,0.02270
3855.58393,0.02298
3853.65518,0.02274
3851.72642,0.02219
3849.79766,0.02199
3847.86891,0.02207
3845.94015,0.02224
3844.01139,0.02229
3842.08264,0.02216
3840.15388,0.02210
3838.22512,0.02207
3836.29637,0.02197
3834.36761,0.02199
3832.43886,0.02210
3830.51010,0.02216
3828.58134,0.02215
3826.65259,0.02207
3824.72383,0.02213
3822.79507,0.02234
3820.86632,0.02244
3818.93756,0.02241
3817.00880,0.02227
3815.08005,0.02207
3813.15129,0.02211
3811.22254,0.02232
3809.29378,0.02241
3807.36502,0.02234
3805.43627,0.02227
3803.50751,0.02226
3801.57875,0.02208
3799.65000,0.02199
3797.72124,0.02213
3795.79248,0.02211
3793.86373,0.02191
3791.93497,0.02187
3790.00622,0.02198
3788.07746,0.02207
3786.14870,0.02209
3784.21995,0.02212
3782.29119,0.02212
3780.36243,0.02202
3778.43368,0.02186
3776.50492,0.02183
3774.57617,0.02201
3772.64741,0.02222
3770.71865,0.02221
3768.78990,0.02209
3766.86114,0.02207
3764.93238,0.02208
3763.00363,0.02210
3761.07487,0.02215
3759.14611,0.02209
3757.21736,0.02208
3755.28860,0.02223
3753.35985,0.02229
3751.43109,0.02205
3749.50233,0.02174
3747.57358,0.02173
3745.64482,0.02186
3743.71606,0.02182
3741.78731,0.02180
3739.85855,0.02197
3737.92979,0.02197
3736.00104,0.02163
3734.07228,0.02141
3732.14353,0.02149
3730.21477,0.02167
3728.28601,0.02184
3726.35726,0.02187
3724.42850,0.02188
3722.49974,0.02193
3720.57099,0.02186
3718.64223,0.02178
3716.71347,0.02175
3714.78472,0.02161
3712.85596,0.02138
3710.92721,0.02136
3708.99845,0.02159
3707.06969,0.02162
3705.14094,0.02147
3703.21218,0.02144
3701.28342,0.02146
3699.35467,0.02150
3697.42591,0.02160
3695.49716,0.02161
3693.56840,0.02154
3691.63964,0.02144
3689.71089,0.02121
3687.78213,0.02109
3685.85337,0.02128
3683.92462,0.02140
3681.99586,0.02133
3680.06710,0.02123
3678.13835,0.02121
3676.20959,0.02123
3674.28084,0.02137
3672.35208,0.02162
3670.42332,0.02157
3668.49457,0.02122
3666.56581,0.02114
3664.63705,0.02140
3662.70830,0.02163
3660.77954,0.02165
3658.85078,0.02156
3656.92203,0.02145
3654.99327,0.02147
3653.06452,0.02168
3651.13576,0.02168
3649.20700,0.02123
3647.27825,0.02097
3645.34949,0.02116
3643.42073,0.02134
3641.49198,0.02143
3639.56322,0.02155
3637.63446,0.02169
3635.70571,0.02191
3633.77695,0.02218
3631.84820,0.02222
3629.91944,0.02196
3627.99068,0.02172
3626.06193,0.02186
3624.13317,0.02212
3622.20441,0.02224
3620.27566,0.02228
3618.34690,0.02231
3616.41814,0.02239
3614.48939,0.02245
3612.56063,0.02240
3610.63188,0.02226
3608.70312,0.02206
3606.77436,0.02194
3604.84561,0.02221
3602.91685,0.02270
3600.98809,0.02291
3599.05934,0.02281
3597.13058,0.02270
3595.20183,0.02268
3593.27307,0.02278
3591.34431,0.02300
3589.41556,0.02328
3587.48680,0.02356
3585.55804,0.02376
3583.62929,0.02377
3581.70053,0.02368
3579.77177,0.02359
3577.84302,0.02348
3575.91426,0.02340
3573.98551,0.02348
3572.05675,0.02373
3570.12799,0.02400
3568.19924,0.02412
3566.27048,0.02411
3564.34172,0.02413
3562.41297,0.02436
3560.48421,0.02477
3558.55545,0.02515
3556.62670,0.02547
3554.69794,0.02567
3552.76919,0.02561
3550.84043,0.02551
3548.91167,0.02568
3546.98292,0.02590
3545.05416,0.02588
3543.12540,0.02581
3541.19665,0.02593
3539.26789,0.02619
3537.33913,0.02650
3535.41038,0.02674
3533.48162,0.02671
3531.55287,0.02652
3529.62411,0.02660
3527.69535,0.02696
3525.76660,0.02721
3523.83784,0.02722
3521.90908,0.02720
3519.98033,0.02747
3518.05157,0.02808
3516.12282,0.02855
3514.19406,0.02865
3512.26530,0.02870
3510.33655,0.02892
3508.40779,0.02914
3506.47903,0.02933
3504.55028,0.02955
3502.62152,0.02967
3500.69276,0.02962
3498.76401,0.02963
3496.83525,0.02998
3494.90650,0.03058
3492.97774,0.03094
3491.04898,0.03091
3489.12023,0.03081
3487.19147,0.03095
3485.26271,0.03121
3483.33396,0.03128
3481.40520,0.03128
3479.47644,0.03164
3477.54769,0.03234
3475.61893,0.03293
3473.69018,0.03326
3471.76142,0.03349
3469.83266,0.03358
3467.90391,0.03368
3465.97515,0.03405
3464.04639,0.03449
3462.11764,0.03477
3460.18888,0.03499
3458.26012,0.03525
3456.33137,0.03556
3454.40261,0.03587
3452.47386,0.03619
3450.54510,0.03661
3448.61634,0.03703
3446.68759,0.03727
3444.75883,0.03751
3442.83007,0.03802
3440.90132,0.03858
3438.97256,0.03882
3437.04380,0.03897
3435.11505,0.03937
3433.18629,0.03985
3431.25754,0.04021
3429.32878,0.04056
3427.40002,0.04098
3425.47127,0.04125
3423.54251,0.04130
3421.61375,0.04142
3419.68500,0.04175
3417.75624,0.04223
3415.82749,0.04278
3413.89873,0.04317
3411.96997,0.04328
3410.04122,0.04335
3408.11246,0.04363
3406.18370,0.04405
3404.25495,0.04436
3402.32619,0.04440
3400.39743,0.04444
3398.46868,0.04479
3396.53992,0.04511
3394.61117,0.04508
3392.68241,0.04509
3390.75365,0.04545
3388.82490,0.04590
3386.89614,0.04613
3384.96738,0.04617
3383.03863,0.04630
3381.10987,0.04655
3379.18111,0.04686
3377.25236,0.04734
3375.32360,0.04783
3373.39485,0.04807
3371.46609,0.04823
3369.53733,0.04853
3367.60858,0.04894
3365.67982,0.04923
3363.75106,0.04946
3361.82231,0.04985
3359.89355,0.05035
3357.96479,0.05081
3356.03604,0.05128
3354.10728,0.05178
3352.17853,0.05224
3350.24977,0.05278
3348.32101,0.05339
3346.39226,0.05382
3344.46350,0.05427
3342.53474,0.05485
3340.60599,0.05523
3338.67723,0.05542
3336.74848,0.05569
3334.81972,0.05597
3332.89096,0.05607
3330.96221,0.05594
3329.03345,0.05577
3327.10469,0.05565
3325.17594,0.05547
3323.24718,0.05516
3321.31842,0.05480
3319.38967,0.05460
3317.46091,0.05469
3315.53216,0.05495
3313.60340,0.05518
3311.67464,0.05529
3309.74589,0.05529
3307.81713,0.05529
3305.88837,0.05534
3303.95962,0.05546
3302.03086,0.05557
3300.10210,0.05561
3298.17335,0.05570
3296.24459,0.05590
3294.31584,0.05608
3292.38708,0.05616
3290.45832,0.05627
3288.52957,0.05644
3286.60081,0.05651
3284.67205,0.05650
3282.74330,0.05651
3280.81454,0.05653
3278.88578,0.05656
3276.95703,0.05653
3275.02827,0.05643
3273.09952,0.05636
3271.17076,0.05631
3269.24200,0.05612
3267.31325,0.05587
3265.38449,0.05575
3263.45573,0.05569
3261.52698,0.05553
3259.59822,0.05528
3257.66947,0.05499
3255.74071,0.05464
3253.81195,0.05429
3251.88320,0.05400
3249.95444,0.05371
3248.02568,0.05336
3246.09693,0.05307
3244.16817,0.05288
3242.23941,0.05269
3240.31066,0.05230
3238.38190,0.05182
3236.45315,0.05162
3234.52439,0.05165
3232.59563,0.05158
3230.66688,0.05130
3228.73812,0.05091
3226.80936,0.05056
3224.88061,0.05028
3222.95185,0.05007
3221.02309,0.04988
3219.09434,0.04961
3217.16558,0.04938
3215.23683,0.04925
3213.30807,0.04910
3211.37931,0.04902
3209.45056,0.04895
3207.52180,0.04864
3205.59304,0.04814
3203.66429,0.04778
3201.73553,0.04762
3199.80677,0.04748
3197.87802,0.04729
3195.94926,0.04712
3194.02051,0.04701
3192.09175,0.04687
3190.16299,0.04661
3188.23424,0.04626
3186.30548,0.04598
3184.37672,0.04582
3182.44797,0.04567
3180.51921,0.04554
3178.59045,0.04548
3176.66170,0.04542
3174.73294,0.04524
3172.80419,0.04492
3170.87543,0.04464
3168.94667,0.04451
3167.01792,0.04444
3165.08916,0.04429
3163.16040,0.04411
3161.23165,0.04388
3159.30289,0.04362
3157.37414,0.04346
3155.44538,0.04337
3153.51662,0.04319
3151.58787,0.04289
3149.65911,0.04257
3147.73035,0.04240
3145.80160,0.04244
3143.87284,0.04245
3141.94408,0.04227
3140.01533,0.04197
3138.08657,0.04167
3136.15782,0.04145
3134.22906,0.04135
3132.30030,0.04125
3130.37155,0.04113
3128.44279,0.04112
3126.51403,0.04106
3124.58528,0.04076
3122.65652,0.04042
3120.72776,0.04034
3118.79901,0.04034
3116.87025,0.04021
3114.94150,0.04007
3113.01274,0.04003
3111.08398,0.04003
3109.15523,0.03999
3107.22647,0.03985
3105.29771,0.03969
3103.36896,0.03959
3101.44020,0.03946
3099.51144,0.03916
3097.58269,0.03872
3095.65393,0.03850
3093.72518,0.03855
3091.79642,0.03854
3089.86766,0.03843
3087.93891,0.03841
3086.01015,0.03843
3084.08139,0.03838
3082.15264,0.03828
3080.22388,0.03816
3078.29513,0.03804
3076.36637,0.03800
3074.43761,0.03804
3072.50886,0.03809
3070.58010,0.03810
3068.65134,0.03800
3066.72259,0.03770
3064.79383,0.03728
3062.86507,0.03696
3060.93632,0.03685
3059.00756,0.03692
3057.07881,0.03699
3055.15005,0.03699
3053.22129,0.03691
3051.29254,0.03681
3049.36378,0.03670
3047.43502,0.03657
3045.50627,0.03636
3043.57751,0.03613
3041.64875,0.03594
3039.72000,0.03576
3037.79124,0.03563
3035.86249,0.03560
3033.93373,0.03564
3032.00497,0.03563
3030.07622,0.03554
3028.14746,0.03542
3026.21870,0.03535
3024.28995,0.03531
3022.36119,0.03521
3020.43243,0.03504
3018.50368,0.03494
3016.57492,0.03501
3014.64617,0.03509
3012.71741,0.03508
3010.78865,0.03506
3008.85990,0.03516
3006.93114,0.03537
3005.00238,0.03553
3003.07363,0.03546
3001.14487,0.03525
2999.21611,0.03518
2997.28736,0.03525
2995.35860,0.03526
2993.42985,0.03515
2991.50109,0.03502
2989.57233,0.03498
2987.64358,0.03505
2985.71482,0.03512
2983.78606,0.03518
2981.85731,0.03528
2979.92855,0.03547
2977.99980,0.03579
2976.07104,0.03627
2974.14228,0.03679
2972.21353,0.03724
2970.28477,0.03765
2968.35601,0.03800
2966.42726,0.03815
2964.49850,0.03808
2962.56974,0.03789
2960.64099,0.03774
2958.71223,0.03766
2956.78348,0.03760
2954.85472,0.03762
2952.92596,0.03776
2950.99721,0.03789
2949.06845,0.03802
2947.13969,0.03818
2945.21094,0.03826
2943.28218,0.03821
2941.35342,0.03808
2939.42467,0.03792
2937.49591,0.03780
2935.56716,0.03776
2933.63840,0.03778
2931.70964,0.03786
2929.78089,0.03797
2927.85213,0.03806
2925.92337,0.03817
2923.99462,0.03832
2922.06586,0.03857
2920.13710,0.03894
2918.20835,0.03940
2916.27959,0.03999
2914.35084,0.04074
2912.42208,0.04148
2910.49332,0.04203
2908.56457,0.04241
2906.63581,0.04268
2904.70705,0.04291
2902.77830,0.04312
2900.84954,0.04332
2898.92079,0.04349
2896.99203,0.04356
2895.06327,0.04348
2893.13452,0.04330
2891.20576,0.04314
2889.27700,0.04307
2887.34825,0.04296
2885.41949,0.04271
2883.49073,0.04244
2881.56198,0.04228
2879.63322,0.04214
2877.70447,0.04197
2875.77571,0.04188
2873.84695,0.04196
2871.91820,0.04211
2869.98944,0.04215
2868.06068,0.04203
2866.13193,0.04187
2864.20317,0.04169
2862.27441,0.04149
2860.34566,0.04132
2858.41690,0.04122
2856.48815,0.04110
2854.55939,0.04092
2852.63063,0.04074
2850.70188,0.04058
2848.77312,0.04035
2846.84436,0.04000
2844.91561,0.03960
2842.98685,0.03928
2841.05809,0.03902
2839.12934,0.03872
2837.20058,0.03845
2835.27183,0.03827
2833.34307,0.03811
2831.41431,0.03795
2829.48556,0.03782
2827.55680,0.03766
2825.62804,0.03742
2823.69929,0.03717
2821.77053,0.03697
2819.84177,0.03680
2817.91302,0.03664
2815.98426,0.03653
2814.05551,0.03648
2812.12675,0.03646
2810.19799,0.03643
2808.26924,0.03639
2806.34048,0.03635
2804.41172,0.03625
2802.48297,0.03606
2800.55421,0.03585
2798.62546,0.03569
2796.69670,0.03557
2794.76794,0.03551
2792.83919,0.03555
2790.91043,0.03564
2788.98167,0.03567
2787.05292,0.03559
2785.12416,0.03547
2783.19540,0.03539
2781.26665,0.03526
2779.33789,0.03509
2777.40914,0.03496
2775.48038,0.03491
2773.55162,0.03490
2771.62287,0.03488
2769.69411,0.03484
2767.76535,0.03484
2765.83660,0.03487
2763.90784,0.03485
2761.97908,0.03479
2760.05033,0.03478
2758.12157,0.03481
2756.19282,0.03481
2754.26406,0.03471
2752.33530,0.03456
2750.40655,0.03444
2748.47779,0.03436
2746.54903,0.03435
2744.62028,0.03439
2742.69152,0.03440
2740.76276,0.03434
2738.83401,0.03423
2736.90525,0.03416
2734.97650,0.03418
2733.04774,0.03426
2731.11898,0.03428
2729.19023,0.03425
2727.26147,0.03423
2725.33271,0.03421
2723.40396,0.03422
2721.47520,0.03426
2719.54645,0.03421
2717.61769,0.03407
2715.68893,0.03394
2713.76018,0.03385
2711.83142,0.03385
2709.90266,0.03394
2707.97391,0.03397
2706.04515,0.03388
2704.11639,0.03379
2702.18764,0.03375
2700.25888,0.03372
2698.33013,0.03370
2696.40137,0.03368
2694.47261,0.03364
2692.54386,0.03358
2690.61510,0.03356
2688.68634,0.03353
2686.75759,0.03349
2684.82883,0.03347
2682.90007,0.03341
2680.97132,0.03328
2679.04256,0.03319
2677.11381,0.03316
2675.18505,0.03314
2673.25629,0.03320
2671.32754,0.03326
2669.39878,0.03319
2667.47002,0.03308
2665.54127,0.03306
2663.61251,0.03315
2661.68375,0.03324
2659.75500,0.03325
2657.82624,0.03327
2655.89749,0.03340
2653.96873,0.03353
2652.03997,0.03354
2650.11122,0.03349
2648.18246,0.03347
2646.25370,0.03347
2644.32495,0.03344
2642.39619,0.03339
2640.46743,0.03338
2638.53868,0.03341
2636.60992,0.03341
2634.68117,0.03338
2632.75241,0.03332
2630.82365,0.03332
2628.89490,0.03332
2626.96614,0.03328
2625.03738,0.03332
2623.10863,0.03340
2621.17987,0.03342
2619.25112,0.03336
2617.32236,0.03321
2615.39360,0.03307
2613.46485,0.03304
2611.53609,0.03309
2609.60733,0.03320
2607.67858,0.03332
2605.74982,0.03337
2603.82106,0.03340
2601.89231,0.03342
2599.96355,0.03328
2598.03480,0.03304
2596.10604,0.03290
2594.17728,0.03291
2592.24853,0.03297
2590.31977,0.03302
2588.39101,0.03307
2586.46226,0.03311
2584.53350,0.03298
2582.60474,0.03275
2580.67599,0.03271
2578.74723,0.03289
2576.81848,0.03303
2574.88972,0.03300
2572.96096,0.03290
2571.03221,0.03283
2569.10345,0.03288
2567.17469,0.03300
2565.24594,0.03310
2563.31718,0.03307
2561.38842,0.03296
2559.45967,0.03291
2557.53091,0.03294
2555.60216,0.03295
2553.67340,0.03287
2551.74464,0.03279
2549.81589,0.03275
2547.88713,0.03279
2545.95837,0.03293
2544.02962,0.03307
2542.10086,0.03304
2540.17211,0.03291
2538.24335,0.03295
2536.31459,0.03307
2534.38584,0.03302
2532.45708,0.03288
2530.52832,0.03275
2528.59957,0.03257
2526.67081,0.03242
2524.74205,0.03240
2522.81330,0.03240
2520.88454,0.03241
2518.95579,0.03245
2517.02703,0.03249
2515.09827,0.03252
2513.16952,0.03254
2511.24076,0.03254
2509.31200,0.03248
2507.38325,0.03228
2505.45449,0.03195
2503.52573,0.03190
2501.59698,0.03231
2499.66822,0.03275
2497.73947,0.03292
2495.81071,0.03289
2493.88195,0.03268
2491.95320,0.03243
2490.02444,0.03235
2488.09568,0.03233
2486.16693,0.03225
2484.23817,0.03222
2482.30941,0.03232
2480.38066,0.03247
2478.45190,0.03255
2476.52315,0.03250
2474.59439,0.03236
2472.66563,0.03225
2470.73688,0.03221
2468.80812,0.03215
2466.87936,0.03208
2464.95061,0.03212
2463.02185,0.03221
2461.09309,0.03218
2459.16434,0.03199
2457.23558,0.03178
2455.30683,0.03169
2453.37807,0.03171
2451.44931,0.03178
2449.52056,0.03180
2447.59180,0.03179
2445.66304,0.03180
2443.73429,0.03178
2441.80553,0.03165
2439.87678,0.03144
2437.94802,0.03126
2436.01926,0.03126
2434.09051,0.03144
2432.16175,0.03163
2430.23299,0.03168
2428.30424,0.03169
2426.37548,0.03164
2424.44672,0.03149
2422.51797,0.03139
2420.58921,0.03135
2418.66046,0.03132
2416.73170,0.03135
2414.80294,0.03134
2412.87419,0.03125
2410.94543,0.03115
2409.01667,0.03107
2407.08792,0.03103
2405.15916,0.03103
2403.23040,0.03099
2401.30165,0.03090
2399.37289,0.03084
2397.44414,0.03092
2395.51538,0.03102
2393.58662,0.03100
2391.65787,0.03094
2389.72911,0.03089
2387.80035,0.03079
2385.87160,0.03074
2383.94284,0.03078
2382.01408,0.03080
2380.08533,0.03085
2378.15657,0.03099
2376.22782,0.03114
2374.29906,0.03118
2372.37030,0.03111
2370.44155,0.03092
2368.51279,0.03077
2366.58403,0.03093
2364.65528,0.03123
2362.72652,0.03106
2360.79777,0.03042
2358.86901,0.02996
2356.94025,0.02992
2355.01150,0.03009
2353.08274,0.03015
2351.15398,0.03011
2349.22523,0.03022
2347.29647,0.03049
2345.36771,0.03069
2343.43896,0.03051
2341.51020,0.03016
2339.58145,0.03006
2337.65269,0.03019
2335.72393,0.03031
2333.79518,0.03040
2331.86642,0.03051
2329.93766,0.03056
2328.00891,0.03066
2326.08015,0.03104
2324.15139,0.03158
2322.22264,0.03181
2320.29388,0.03154
2318.36513,0.03114
2316.43637,0.03093
2314.50761,0.03086
2312.57886,0.03081
2310.65010,0.03095
2308.72134,0.03126
2306.79259,0.03143
2304.86383,0.03135
2302.93507,0.03125
2301.00632,0.03116
2299.07756,0.03104
2297.14881,0.03108
2295.22005,0.03131
2293.29129,0.03151
2291.36254,0.03163
2289.43378,0.03170
2287.50502,0.03168
2285.57627,0.03154
2283.64751,0.03145
2281.71875,0.03146
2279.79000,0.03140
2277.86124,0.03117
2275.93249,0.03092
2274.00373,0.03091
2272.07497,0.03115
2270.14622,0.03132
2268.21746,0.03132
2266.28870,0.03125
2264.35995,0.03110
2262.43119,0.03095
2260.50244,0.03100
2258.57368,0.03113
2256.64492,0.03118
2254.71617,0.03126
2252.78741,0.03139
2250.85865,0.03140
2248.92990,0.03140
2247.00114,0.03161
2245.07238,0.03183
2243.14363,0.03178
2241.21487,0.03151
2239.28612,0.03126
2237.35736,0.03118
2235.42860,0.03125
2233.49985,0.03147
2231.57109,0.03165
2229.64233,0.03163
2227.71358,0.03150
2225.78482,0.03132
2223.85606,0.03104
2221.92731,0.03070
2219.99855,0.03053
2218.06980,0.03062
2216.14104,0.03080
2214.21228,0.03083
2212.28353,0.03070
2210.35477,0.03045
2208.42601,0.03009
2206.49726,0.02989
2204.56850,0.03013
2202.63974,0.03059
2200.71099,0.03074
2198.78223,0.03044
2196.85348,0.03010
2194.92472,0.03019
2192.99596,0.03042
2191.06721,0.03029
2189.13845,0.03014
2187.20969,0.03053
2185.28094,0.03105
2183.35218,0.03092
2181.42343,0.03030
2179.49467,0.02982
2177.56591,0.02953
2175.63716,0.02919
2173.70840,0.02905
2171.77964,0.02947
2169.85089,0.03027
2167.92213,0.03090
2165.99337,0.03108
2164.06462,0.03087
2162.13586,0.03061
2160.20711,0.03010
2158.27835,0.02877
2156.34959,0.02742
2154.42084,0.02694
2152.49208,0.02704
2150.56332,0.02742
2148.63457,0.02791
2146.70581,0.02838
2144.77705,0.02879
2142.84830,0.02905
2140.91954,0.02924
2138.99079,0.02931
2137.06203,0.02909
2135.13327,0.02851
2133.20452,0.02795
2131.27576,0.02798
2129.34700,0.02843
2127.41825,0.02879
2125.48949,0.02910
2123.56073,0.02948
2121.63198,0.02966
2119.70322,0.02957
2117.77447,0.02970
2115.84571,0.03015
2113.91695,0.03042
2111.98820,0.03041
2110.05944,0.03030
2108.13068,0.03012
2106.20193,0.02997
2104.27317,0.02986
2102.34441,0.02965
2100.41566,0.02945
2098.48690,0.02937
2096.55815,0.02947
2094.62939,0.02967
2092.70063,0.02972
2090.77188,0.02966
2088.84312,0.02968
2086.91436,0.02977
2084.98561,0.02994
2083.05685,0.03017
2081.12810,0.03022
2079.19934,0.03008
2077.27058,0.02995
2075.34183,0.02992
2073.41307,0.02991
2071.48431,0.02988
2069.55556,0.02998
2067.62680,0.03025
2065.69804,0.03030
2063.76929,0.03010
2061.84053,0.03011
2059.91178,0.03017
2057.98302,0.02979
2056.05426,0.02921
2054.12551,0.02910
2052.19675,0.02960
2050.26799,0.03000
2048.33924,0.02972
2046.41048,0.02913
2044.48172,0.02875
2042.55297,0.02865
2040.62421,0.02884
2038.69546,0.02900
2036.76670,0.02882
2034.83794,0.02847
2032.90919,0.02832
2030.98043,0.02824
2029.05167,0.02784
2027.12292,0.02715
2025.19416,0.02676
2023.26540,0.02706
2021.33665,0.02756
2019.40789,0.02765
2017.47914,0.02744
2015.55038,0.02737
2013.62162,0.02765
2011.69287,0.02815
2009.76411,0.02856
2007.83535,0.02853
2005.90660,0.02808
2003.97784,0.02768
2002.04909,0.02736
2000.12033,0.02722
1998.19157,0.02768
1996.26282,0.02845
1994.33406,0.02872
1992.40530,0.02851
1990.47655,0.02847
1988.54779,0.02854
1986.61903,0.02839
1984.69028,0.02838
1982.76152,0.02887
1980.83277,0.02943
1978.90401,0.02919
1976.97525,0.02815
1975.04650,0.02754
1973.11774,0.02757
1971.18898,0.02730
1969.26023,0.02686
1967.33147,0.02685
1965.40271,0.02709
1963.47396,0.02724
1961.54520,0.02716
1959.61645,0.02696
1957.68769,0.02707
1955.75893,0.02750
1953.83018,0.02776
1951.90142,0.02783
1949.97266,0.02792
1948.04391,0.02790
1946.11515,0.02767
1944.18639,0.02737
1942.25764,0.02713
1940.32888,0.02696
1938.40013,0.02681
1936.47137,0.02676
1934.54261,0.02680
1932.61386,0.02676
1930.68510,0.02662
1928.75634,0.02646
1926.82759,0.02640
1924.89883,0.02643
1922.97007,0.02642
1921.04132,0.02628
1919.11256,0.02603
1917.18381,0.02585
1915.25505,0.02585
1913.32629,0.02592
1911.39754,0.02600
1909.46878,0.02600
1907.54002,0.02589
1905.61127,0.02579
1903.68251,0.02571
1901.75376,0.02554
1899.82500,0.02534
1897.89624,0.02525
1895.96749,0.02528
1894.03873,0.02542
1892.10997,0.02563
1890.18122,0.02566
1888.25246,0.02535
1886.32370,0.02493
1884.39495,0.02468
1882.46619,0.02457
1880.53744,0.02448
1878.60868,0.02449
1876.67992,0.02462
1874.75117,0.02470
1872.82241,0.02464
1870.89365,0.02450
1868.96490,0.02438
1867.03614,0.02427
1865.10738,0.02408
1863.17863,0.02388
1861.24987,0.02381
1859.32112,0.02380
1857.39236,0.02371
1855.46360,0.02363
1853.53485,0.02369
1851.60609,0.02370
1849.67733,0.02363
1847.74858,0.02371
1845.81982,0.02390
1843.89106,0.02395
1841.96231,0.02386
1840.03355,0.02370
1838.10480,0.02353
1836.17604,0.02341
1834.24728,0.02339
1832.31853,0.02340
1830.38977,0.02341
1828.46101,0.02345
1826.53226,0.02360
1824.60350,0.02366
1822.67475,0.02355
1820.74599,0.02341
1818.81723,0.02322
1816.88848,0.02300
1814.95972,0.02294
1813.03096,0.02296
1811.10221,0.02285
1809.17345,0.02265
1807.24469,0.02254
1805.31594,0.02250
1803.38718,0.02244
1801.45843,0.02229
1799.52967,0.02207
1797.60091,0.02184
1795.67216,0.02167
1793.74340,0.02158
1791.81464,0.02147
1789.88589,0.02136
1787.95713,0.02127
1786.02837,0.02116
1784.09962,0.02101
1782.17086,0.02084
1780.24211,0.02067
1778.31335,0.02058
1776.38459,0.02057
1774.45584,0.02055
1772.52708,0.02041
1770.59832,0.02019
1768.66957,0.02003
1766.74081,0.01995
1764.81205,0.01992
1762.88330,0.01986
1760.95454,0.01980
1759.02579,0.01983
1757.09703,0.02000
1755.16827,0.02037
1753.23952,0.02101
1751.31076,0.02202
1749.38200,0.02344
1747.45325,0.02527
1745.52449,0.02762
1743.59573,0.03061
1741.66698,0.03427
1739.73822,0.03850
1737.80947,0.04262
1735.88071,0.04661
1733.95195,0.05140
1732.02320,0.05620
1730.09444,0.06023
1728.16568,0.06418
1726.23693,0.06821
1724.30817,0.07233
1722.37942,0.07643
1720.45066,0.08031
1718.52190,0.08428
1716.59315,0.08818
1714.66439,0.09090
1712.73563,0.09226
1710.80688,0.09234
1708.87812,0.09116
1706.94936,0.08883
1705.02061,0.08574
1703.09185,0.08267
1701.16310,0.07904
1699.23434,0.07489
1697.30558,0.07175
1695.37683,0.06887
1693.44807,0.06635
1691.51931,0.06456
1689.59056,0.06298
1687.66180,0.06172
1685.73304,0.06064
1683.80429,0.05919
1681.87553,0.05791
1679.94678,0.05712
1678.01802,0.05641
1676.08926,0.05543
1674.16051,0.05427
1672.23175,0.05339
1670.30299,0.05261
1668.37424,0.05164
1666.44548,0.05084
1664.51672,0.05017
1662.58797,0.04936
1660.65921,0.04854
1658.73046,0.04789
1656.80170,0.04751
1654.87294,0.04719
1652.94419,0.04633
1651.01543,0.04561
1649.08667,0.04553
1647.15792,0.04530
1645.22916,0.04475
1643.30041,0.04440
1641.37165,0.04419
1639.44289,0.04400
1637.51414,0.04376
1635.58538,0.04337
1633.65662,0.04301
1631.72787,0.04282
1629.79911,0.04255
1627.87035,0.04213
1625.94160,0.04174
1624.01284,0.04142
1622.08409,0.04115
1620.15533,0.04108
1618.22657,0.04118
1616.29782,0.04117
1614.36906,0.04109
1612.44030,0.04105
1610.51155,0.04083
1608.58279,0.04036
1606.65403,0.03984
1604.72528,0.03945
1602.79652,0.03911
1600.86777,0.03872
1598.93901,0.03834
1597.01025,0.03799
1595.08150,0.03768
1593.15274,0.03746
1591.22398,0.03735
1589.29523,0.03733
1587.36647,0.03736
1585.43771,0.03741
1583.50896,0.03756
1581.58020,0.03802
1579.65145,0.03867
1577.72269,0.03896
1575.79393,0.03851
1573.86518,0.03782
1571.93642,0.03734
1570.00766,0.03678
1568.07891,0.03611
1566.15015,0.03556
1564.22139,0.03513
1562.29264,0.03487
1560.36388,0.03451
1558.43513,0.03363
1556.50637,0.03300
1554.57761,0.03282
1552.64886,0.03263
1550.72010,0.03230
1548.79134,0.03188
1546.86259,0.03156
1544.93383,0.03135
1543.00508,0.03121
1541.07632,0.03102
1539.14756,0.03061
1537.21881,0.03037
1535.29005,0.03025
1533.36129,0.02995
1531.43254,0.02965
1529.50378,0.02962
1527.57502,0.02961
1525.64627,0.02949
1523.71751,0.02944
1521.78876,0.02932
1519.86000,0.02896
1517.93124,0.02856
1516.00249,0.02832
1514.07373,0.02834
1512.14497,0.02871
1510.21622,0.02970
1508.28746,0.03170
1506.35870,0.03437
1504.42995,0.03539
1502.50119,0.03449
1500.57244,0.03276
1498.64368,0.03093
1496.71492,0.02942
1494.78617,0.02845
1492.85741,0.02801
1490.92865,0.02792
1488.99990,0.02819
1487.07114,0.02887
1485.14238,0.02991
1483.21363,0.03111
1481.28487,0.03226
1479.35612,0.03322
1477.42736,0.03417
1475.49860,0.03533
1473.56985,0.03661
1471.64109,0.03757
1469.71233,0.03784
1467.78358,0.03772
1465.85482,0.03771
1463.92607,0.03808
1461.99731,0.03881
1460.06855,0.03969
1458.13980,0.04060
1456.21104,0.04143
1454.28228,0.04200
1452.35353,0.04227
1450.42477,0.04226
1448.49601,0.04202
1446.56726,0.04167
1444.63850,0.04143
1442.70975,0.04137
1440.78099,0.04148
1438.85223,0.04169
1436.92348,0.04190
1434.99472,0.04211
1433.06596,0.04234
1431.13721,0.04249
1429.20845,0.04235
1427.27969,0.04194
1425.35094,0.04142
1423.42218,0.04093
1421.49343,0.04074
1419.56467,0.04111
1417.63591,0.04252
1415.70716,0.04535
1413.77840,0.04960
1411.84964,0.05455
1409.92089,0.05847
1407.99213,0.05987
1406.06337,0.05857
1404.13462,0.05557
1402.20586,0.05232
1400.27711,0.04933
1398.34835,0.04663
1396.41959,0.04455
1394.49084,0.04307
1392.56208,0.04214
1390.63332,0.04171
1388.70457,0.04157
1386.77581,0.04164
1384.84705,0.04197
1382.91830,0.04248
1380.98954,0.04311
1379.06079,0.04392
1377.13203,0.04499
1375.20327,0.04637
1373.27452,0.04785
1371.34576,0.04887
1369.41700,0.04907
1367.48825,0.04859
1365.55949,0.04778
1363.63074,0.04699
1361.70198,0.04631
1359.77322,0.04572
1357.84447,0.04523
1355.91571,0.04487
1353.98695,0.04474
1352.05820,0.04505
1350.12944,0.04617
1348.20068,0.04857
1346.27193,0.05257
1344.34317,0.05793
1342.41442,0.06366
1340.48566,0.06832
1338.55690,0.07049
1336.62815,0.06962
1334.69939,0.06629
1332.77063,0.06151
1330.84188,0.05649
1328.91312,0.05239
1326.98436,0.04984
1325.05561,0.04885
1323.12685,0.04906
1321.19810,0.05010
1319.26934,0.05166
1317.34058,0.05336
1315.41183,0.05477
1313.48307,0.05564
1311.55431,0.05589
1309.62556,0.05570
1307.69680,0.05534
1305.76804,0.05491
1303.83929,0.05449
1301.91053,0.05435
1299.98178,0.05477
1298.05302,0.05579
1296.12426,0.05733
1294.19551,0.05920
1292.26675,0.06121
1290.33799,0.06326
1288.40924,0.06539
1286.48048,0.06759
1284.55173,0.06986
1282.62297,0.07223
1280.69421,0.07452
1278.76546,0.07654
1276.83670,0.07836
1274.90794,0.08018
1272.97919,0.08214
1271.05043,0.08431
1269.12167,0.08665
1267.19292,0.08902
1265.26416,0.09127
1263.33541,0.09326
1261.40665,0.09500
1259.47789,0.09640
1257.54914,0.09740
1255.62038,0.09831
1253.69162,0.09953
1251.76287,0.10117
1249.83411,0.10303
1247.90535,0.10484
1245.97660,0.10639
1244.04784,0.10752
1242.11909,0.10814
1240.19033,0.10812
1238.26157,0.10747
1236.33282,0.10626
1234.40406,0.10440
1232.47530,0.10173
1230.54655,0.09845
1228.61779,0.09502
1226.68903,0.09175
1224.76028,0.08880
1222.83152,0.08620
1220.90277,0.08375
1218.97401,0.08119
1217.04525,0.07859
1215.11650,0.07634
1213.18774,0.07478
1211.25898,0.07399
1209.33023,0.07377
1207.40147,0.07361
1205.47271,0.07297
1203.54396,0.07166
1201.61520,0.06981
1199.68645,0.06759
1197.75769,0.06520
1195.82893,0.06281
1193.90018,0.06042
1191.97142,0.05811
1190.04266,0.05606
1188.11391,0.05438
1186.18515,0.05322
1184.25640,0.05265
1182.32764,0.05261
1180.39888,0.05306
1178.47013,0.05395
1176.54137,0.05516
1174.61261,0.05662
1172.68386,0.05831
1170.75510,0.06014
1168.82634,0.06220
1166.89759,0.06454
1164.96883,0.06675
1163.04008,0.06819
1161.11132,0.06858
1159.18256,0.06805
1157.25381,0.06695
1155.32505,0.06559
1153.39629,0.06434
1151.46754,0.06354
1149.53878,0.06322
1147.61002,0.06310
1145.68127,0.06293
1143.75251,0.06286
1141.82376,0.06321
1139.89500,0.06439
1137.96624,0.06685
1136.03749,0.07068
1134.10873,0.07547
1132.17997,0.08069
1130.25122,0.08613
1128.32246,0.09192
1126.39370,0.09790
1124.46495,0.10352
1122.53619,0.10828
1120.60744,0.11239
1118.67868,0.11646
1116.74992,0.12079
1114.82117,0.12522
1112.89241,0.12936
1110.96365,0.13294
1109.03490,0.13595
1107.10614,0.13857
1105.17739,0.14103
1103.24863,0.14329
1101.31987,0.14486
1099.39112,0.14537
1097.46236,0.14504
1095.53360,0.14433
1093.60485,0.14325
1091.67609,0.14176
1089.74733,0.14036
1087.81858,0.13930
1085.88982,0.13836
1083.96107,0.13740
1082.03231,0.13649
1080.10355,0.13574
1078.17480,0.13520
1076.24604,0.13467
1074.31728,0.13391
1072.38853,0.13306
1070.45977,0.13265
1068.53101,0.13337
1066.60226,0.13550
1064.67350,0.13864
1062.74475,0.14228
1060.81599,0.14576
1058.88723,0.14830
1056.95848,0.14981
1055.02972,0.15065
1053.10096,0.15066
1051.17221,0.14962
1049.24345,0.14778
1047.31469,0.14572
1045.38594,0.14379
1043.45718,0.14219
1041.52843,0.14134
1039.59967,0.14163
1037.67091,0.14284
1035.74216,0.14447
1033.81340,0.14598
1031.88464,0.14678
1029.95589,0.14684
1028.02713,0.14712
1026.09838,0.14890
1024.16962,0.15263
1022.24086,0.15753
1020.31211,0.16251
1018.38335,0.16637
1016.45459,0.16766
1014.52584,0.16563
1012.59708,0.16132
1010.66832,0.15675
1008.73957,0.15327
1006.81081,0.15087
1004.88206,0.14917
1002.95330,0.14812
1001.02454,0.14747
999.09579,0.14657
997.16703,0.14509
995.23827,0.14327
993.30952,0.14155
991.38076,0.14022
989.45200,0.13948
987.52325,0.13950
985.59449,0.14010
983.66574,0.14059
981.73698,0.14033
979.80822,0.13918
977.87947,0.13749
975.95071,0.13578
974.02195,0.13426
972.09320,0.13276
970.16444,0.13106
968.23568,0.12907
966.30693,0.12672
964.37817,0.12401
962.44942,0.12126
960.52066,0.11871
958.59190,0.11623
956.66315,0.11377
954.73439,0.11151
952.80563,0.10938
950.87688,0.10725
948.94812,0.10524
947.01936,0.10344
945.09061,0.10176
943.16185,0.10017
941.23310,0.09880
939.30434,0.09758
937.37558,0.09628
935.44683,0.09502
933.51807,0.09400
931.58931,0.09299
929.66056,0.09186
927.73180,0.09072
925.80305,0.08963
923.87429,0.08864
921.94553,0.08776
920.01678,0.08690
918.08802,0.08623
916.15926,0.08600
914.23051,0.08604
912.30175,0.08602
910.37299,0.08594
908.44424,0.08597
906.51548,0.08617
904.58673,0.08643
902.65797,0.08670
900.72921,0.08711
898.80046,0.08749
896.87170,0.08754
894.94294,0.08719
893.01419,0.08637
891.08543,0.08529
889.15667,0.08441
887.22792,0.08377
885.29916,0.08340
883.37041,0.08362
881.44165,0.08463
879.51289,0.08662
877.58414,0.08963
875.65538,0.09377
873.72662,0.09851
871.79787,0.10135
869.86911,0.09999
867.94035,0.09580
866.01160,0.09177
864.08284,0.08895
862.15409,0.08695
860.22533,0.08555
858.29657,0.08485
856.36782,0.08481
854.43906,0.08516
852.51030,0.08566
850.58155,0.08636
848.65279,0.08733
846.72404,0.08806
844.79528,0.08788
842.86652,0.08694
840.93777,0.08573
839.00901,0.08422
837.08025,0.08270
835.15150,0.08157
833.22274,0.08050
831.29398,0.07928
829.36523,0.07822
827.43647,0.07733
825.50772,0.07654
823.57896,0.07599
821.65020,0.07550
819.72145,0.07487
817.79269,0.07426
815.86393,0.07381
813.93518,0.07342
812.00642,0.07316
810.07766,0.07311
808.14891,0.07307
806.22015,0.07283
804.29140,0.07236
802.36264,0.07184
800.43388,0.07159
798.50513,0.07179
796.57637,0.07256
794.64761,0.07372
792.71886,0.07463
790.79010,0.07472
788.86134,0.07403
786.93259,0.07296
785.00383,0.07176
783.07508,0.07058
781.14632,0.06942
779.21756,0.06835
777.28881,0.06757
775.36005,0.06691
773.43129,0.06613
771.50254,0.06544
769.57378,0.06478
767.64502,0.06393
765.71627,0.06307
763.78751,0.06231
761.85876,0.06154
759.93000,0.06082
758.00124,0.06009
756.07249,0.05922
754.14373,0.05825
752.21497,0.05735
750.28622,0.05666
748.35746,0.05609
746.42871,0.05570
744.49995,0.05612
742.57119,0.05798
740.64244,0.06168
738.71368,0.06762
736.78492,0.07597
734.85617,0.08641
732.92741,0.09816
730.99865,0.11037
729.06990,0.12233
727.14114,0.13378
725.21239,0.14412
723.28363,0.15152
721.35487,0.15472
719.42612,0.15449
717.49736,0.15227
715.56860,0.14916
713.63985,0.14606
711.71109,0.14339
709.78233,0.14111
707.85358,0.13928
705.92482,0.13775
703.99607,0.13617
702.06731,0.13449
700.13855,0.13259
698.20980,0.13043
696.28104,0.12829
694.35228,0.12640
692.42353,0.12486
690.49477,0.12361
688.56601,0.12247
686.63726,0.12137
684.70850,0.12057
682.77975,0.12069
680.85099,0.12171
678.92223,0.12259
676.99348,0.12311
675.06472,0.12400
673.13596,0.12519
671.20721,0.12630
669.27845,0.12807
667.34970,0.13044
665.42094,0.13138
663.49218,0.13132
661.56343,0.13091
659.63467,0.13003
657.70591,0.12877
655.77716,0.12744
653.84840,0.12582
651.91964,0.12395
649.99089,0.12281
648.06213,0.12266
646.13338,0.12240
644.20462,0.12173
642.27586,0.12127
640.34711,0.12131
638.41835,0.12156
636.48959,0.12186
634.56084,0.12255
632.63208,0.12410
630.70332,0.12645
628.77457,0.12845
626.84581,0.12896
624.91706,0.12841
622.98830,0.12862
621.05954,0.13010
619.13079,0.13093
617.20203,0.13186
615.27327,0.13496
613.34452,0.13695
611.41576,0.13529
609.48700,0.13283
607.55825,0.13230
605.62949,0.13340
603.70074,0.13426
601.77198,0.13422
599.84322,0.13433
