3996.35288,0.02290
3994.42414,0.02279
3992.49539,0.02276
3990.56665,0.02280
3988.63791,0.02289
3986.70917,0.02290
3984.78043,0.02281
3982.85169,0.02282
3980.92294,0.02284
3978.99420,0.02275
3977.06546,0.02263
3975.13672,0.02262
3973.20798,0.02265
3971.27924,0.02263
3969.35049,0.02270
3967.42175,0.02283
3965.49301,0.02283
3963.56427,0.02273
3961.63553,0.02269
3959.70679,0.02267
3957.77804,0.02255
3955.84930,0.02237
3953.92056,0.02218
3951.99182,0.02192
3950.06308,0.02170
3948.13433,0.02175
3946.20559,0.02201
3944.27685,0.02209
3942.34811,0.02202
3940.41937,0.02213
3938.49063,0.02229
3936.56188,0.02215
3934.63314,0.02168
3932.70440,0.02136
3930.77566,0.02162
3928.84692,0.02215
3926.91818,0.02220
3924.98943,0.02174
3923.06069,0.02145
3921.13195,0.02136
3919.20321,0.02113
3917.27447,0.02104
3915.34573,0.02146
3913.41698,0.02212
3911.48824,0.02251
3909.55950,0.02251
3907.63076,0.02176
3905.70202,0.02015
3903.77327,0.01867
3901.84453,0.01828
3899.91579,0.01887
3897.98705,0.02012
3896.05831,0.02126
3894.12957,0.02125
3892.20082,0.02052
3890.27208,0.02047
3888.34334,0.02046
3886.41460,0.01966
3884.48586,0.01935
3882.55712,0.01973
3880.62837,0.01994
3878.69963,0.02040
3876.77089,0.02074
3874.84215,0.02026
3872.91341,0.01927
3870.98467,0.01810
3869.05592,0.01781
3867.12718,0.01850
3865.19844,0.01890
3863.26970,0.01923
3861.34096,0.02007
3859.41221,0.02069
3857.48347,0.01965
3855.55473,0.01614
3853.62599,0.01306
3851.69725,0.01470
3849.76851,0.01862
3847.83976,0.02089
3845.91102,0.02102
3843.98228,0.02010
3842.05354,0.01893
3840.12480,0.01752
3838.19606,0.01643
3836.26731,0.01681
3834.33857,0.01804
3832.40983,0.01913
3830.48109,0.02014
3828.55235,0.02076
3826.62361,0.02072
3824.69486,0.02006
3822.76612,0.01847
3820.83738,0.01725
3818.90864,0.01752
3816.97990,0.01787
3815.05115,0.01863
3813.12241,0.02032
3811.19367,0.02113
3809.26493,0.02016
3807.33619,0.01874
3805.40745,0.01832
3803.47870,0.01795
3801.54996,0.01749
3799.62122,0.01841
3797.69248,0.01974
3795.76374,0.02048
3793.83500,0.02116
3791.90625,0.02169
3789.97751,0.02184
3788.04877,0.02170
3786.12003,0.02146
3784.19129,0.02129
3782.26255,0.02099
3780.33380,0.02054
3778.40506,0.02068
3776.47632,0.02136
3774.54758,0.02164
3772.61884,0.02104
3770.69009,0.02005
3768.76135,0.01967
3766.83261,0.01990
3764.90387,0.02021
3762.97513,0.02034
3761.04639,0.01987
3759.11764,0.01920
3757.18890,0.01919
3755.26016,0.01886
3753.33142,0.01685
3751.40268,0.01435
3749.47394,0.01391
3747.54519,0.01451
3745.61645,0.01399
3743.68771,0.01454
3741.75897,0.01750
3739.83023,0.01926
3737.90149,0.01805
3735.97274,0.01596
3734.04400,0.01557
3732.11526,0.01715
3730.18652,0.01916
3728.25778,0.02005
3726.32904,0.01983
3724.40029,0.01953
3722.47155,0.01962
3720.54281,0.02007
3718.61407,0.02058
3716.68533,0.02058
3714.75658,0.01953
3712.82784,0.01774
3710.89910,0.01708
3708.97036,0.01830
3707.04162,0.01987
3705.11288,0.02046
3703.18413,0.02008
3701.25539,0.01984
3699.32665,0.02027
3697.39791,0.02072
3695.46917,0.02065
3693.54043,0.01980
3691.61168,0.01807
3689.68294,0.01643
3687.75420,0.01681
3685.82546,0.01899
3683.89672,0.02068
3681.96798,0.02092
3680.03923,0.01998
3678.11049,0.01789
3676.18175,0.01566
3674.25301,0.01547
3672.32427,0.01624
3670.39552,0.01630
3668.46678,0.01735
3666.53804,0.01956
3664.60930,0.02089
3662.68056,0.02109
3660.75182,0.02090
3658.82307,0.02024
3656.89433,0.01938
3654.96559,0.01922
3653.03685,0.01874
3651.10811,0.01667
3649.17937,0.01507
3647.25062,0.01647
3645.32188,0.01929
3643.39314,0.02106
3641.46440,0.02166
3639.53566,0.02190
3637.60692,0.02181
3635.67817,0.02142
3633.74943,0.02095
3631.82069,0.01972
3629.89195,0.01776
3627.96321,0.01770
3626.03446,0.01999
3624.10572,0.02166
3622.17698,0.02137
3620.24824,0.02011
3618.31950,0.01959
3616.39076,0.02005
3614.46201,0.02025
3612.53327,0.02009
3610.60453,0.02000
3608.67579,0.02020
3606.74705,0.02107
3604.81831,0.02219
3602.88956,0.02260
3600.96082,0.02247
3599.03208,0.02248
3597.10334,0.02255
3595.17460,0.02252
3593.24586,0.02271
3591.31711,0.02279
3589.38837,0.02206
3587.45963,0.02130
3585.53089,0.02180
3583.60215,0.02300
3581.67340,0.02372
3579.74466,0.02392
3577.81592,0.02417
3575.88718,0.02455
3573.95844,0.02482
3572.02970,0.02471
3570.10095,0.02393
3568.17221,0.02289
3566.24347,0.02269
3564.31473,0.02355
3562.38599,0.02452
3560.45725,0.02508
3558.52850,0.02541
3556.59976,0.02568
3554.67102,0.02583
3552.74228,0.02594
3550.81354,0.02616
3548.88480,0.02624
3546.95605,0.02607
3545.02731,0.02607
3543.09857,0.02658
3541.16983,0.02728
3539.24109,0.02774
3537.31234,0.02797
3535.38360,0.02817
3533.45486,0.02834
3531.52612,0.02840
3529.59738,0.02835
3527.66864,0.02830
3525.73989,0.02843
3523.81115,0.02874
3521.88241,0.02905
3519.95367,0.02932
3518.02493,0.02970
3516.09619,0.03022
3514.16744,0.03054
3512.23870,0.03054
3510.30996,0.03059
3508.38122,0.03080
3506.45248,0.03091
3504.52374,0.03102
3502.59499,0.03141
3500.66625,0.03197
3498.73751,0.03239
3496.80877,0.03262
3494.88003,0.03281
3492.95128,0.03308
3491.02254,0.03327
3489.09380,0.03332
3487.16506,0.03353
3485.23632,0.03395
3483.30758,0.03433
3481.37883,0.03467
3479.45009,0.03509
3477.52135,0.03550
3475.59261,0.03590
3473.66387,0.03623
3471.73513,0.03648
3469.80638,0.03682
3467.87764,0.03719
3465.94890,0.03743
3464.02016,0.03772
3462.09142,0.03806
3460.16268,0.03826
3458.23393,0.03843
3456.30519,0.03881
3454.37645,0.03936
3452.44771,0.03987
3450.51897,0.04024
3448.59022,0.04052
3446.66148,0.04086
3444.73274,0.04127
3442.80400,0.04169
3440.87526,0.04213
3438.94652,0.04264
3437.01777,0.04316
3435.08903,0.04362
3433.16029,0.04406
3431.23155,0.04456
3429.30281,0.04506
3427.37407,0.04545
3425.44532,0.04571
3423.51658,0.04596
3421.58784,0.04635
3419.65910,0.04694
3417.73036,0.04759
3415.80162,0.04805
3413.87287,0.04838
3411.94413,0.04874
3410.01539,0.04915
3408.08665,0.04961
3406.15791,0.05009
3404.22917,0.05039
3402.30042,0.05042
3400.37168,0.05047
3398.44294,0.05064
3396.51420,0.05083
3394.58546,0.05099
3392.65671,0.05120
3390.72797,0.05150
3388.79923,0.05181
3386.87049,0.05205
3384.94175,0.05229
3383.01301,0.05259
3381.08426,0.05302
3379.15552,0.05348
3377.22678,0.05382
3375.29804,0.05419
3373.36930,0.05481
3371.44056,0.05554
3369.51181,0.05595
3367.58307,0.05605
3365.65433,0.05629
3363.72559,0.05682
3361.79685,0.05742
3359.86811,0.05795
3357.93936,0.05844
3356.01062,0.05900
3354.08188,0.05967
3352.15314,0.06039
3350.22440,0.06110
3348.29565,0.06178
3346.36691,0.06228
3344.43817,0.06265
3342.50943,0.06319
3340.58069,0.06381
3338.65195,0.06424
3336.72320,0.06459
3334.79446,0.06492
3332.86572,0.06499
3330.93698,0.06484
3329.00824,0.06477
3327.07950,0.06482
3325.15075,0.06478
3323.22201,0.06450
3321.29327,0.06406
3319.36453,0.06376
3317.43579,0.06372
3315.50705,0.06367
3313.57830,0.06348
3311.64956,0.06345
3309.72082,0.06363
3307.79208,0.06385
3305.86334,0.06408
3303.93459,0.06429
3302.00585,0.06444
3300.07711,0.06459
3298.14837,0.06474
3296.21963,0.06476
3294.29089,0.06461
3292.36214,0.06456
3290.43340,0.06464
3288.50466,0.06468
3286.57592,0.06475
3284.64718,0.06498
3282.71844,0.06530
3280.78969,0.06548
3278.86095,0.06538
3276.93221,0.06521
3275.00347,0.06508
3273.07473,0.06494
3271.14599,0.06491
3269.21724,0.06499
3267.28850,0.06498
3265.35976,0.06477
3263.43102,0.06440
3261.50228,0.06396
3259.57353,0.06359
3257.64479,0.06331
3255.71605,0.06302
3253.78731,0.06266
3251.85857,0.06230
3249.92983,0.06191
3248.00108,0.06144
3246.07234,0.06097
3244.14360,0.06060
3242.21486,0.06027
3240.28612,0.05995
3238.35738,0.05968
3236.42863,0.05944
3234.49989,0.05903
3232.57115,0.05851
3230.64241,0.05814
3228.71367,0.05790
3226.78493,0.05756
3224.85618,0.05716
3222.92744,0.05692
3220.99870,0.05677
3219.06996,0.05649
3217.14122,0.05607
3215.21247,0.05576
3213.28373,0.05554
3211.35499,0.05522
3209.42625,0.05479
3207.49751,0.05448
3205.56877,0.05433
3203.64002,0.05409
3201.71128,0.05370
3199.78254,0.05343
3197.85380,0.05326
3195.92506,0.05304
3193.99632,0.05287
3192.06757,0.05275
3190.13883,0.05256
3188.21009,0.05221
3186.28135,0.05176
3184.35261,0.05141
3182.42387,0.05120
3180.49512,0.05090
3178.56638,0.05049
3176.63764,0.05025
3174.70890,0.05016
3172.78016,0.05000
3170.85141,0.04970
3168.92267,0.04934
3166.99393,0.04908
3165.06519,0.04890
3163.13645,0.04870
3161.20771,0.04848
3159.27896,0.04830
3157.35022,0.04817
3155.42148,0.04803
3153.49274,0.04784
3151.56400,0.04768
3149.63526,0.04746
3147.70651,0.04718
3145.77777,0.04689
3143.84903,0.04657
3141.92029,0.04632
3139.99155,0.04623
3138.06281,0.04620
3136.13406,0.04604
3134.20532,0.04580
3132.27658,0.04573
3130.34784,0.04580
3128.41910,0.04575
3126.49035,0.04556
3124.56161,0.04527
3122.63287,0.04486
3120.70413,0.04449
3118.77539,0.04430
3116.84665,0.04419
3114.91790,0.04407
3112.98916,0.04399
3111.06042,0.04395
3109.13168,0.04389
3107.20294,0.04369
3105.27420,0.04344
3103.34545,0.04325
3101.41671,0.04304
3099.48797,0.04277
3097.55923,0.04250
3095.63049,0.04234
3093.70175,0.04228
3091.77300,0.04224
3089.84426,0.04216
3087.91552,0.04200
3085.98678,0.04180
3084.05804,0.04168
3082.12930,0.04161
3080.20055,0.04150
3078.27181,0.04143
3076.34307,0.04135
3074.41433,0.04124
3072.48559,0.04109
3070.55684,0.04089
3068.62810,0.04072
3066.69936,0.04070
3064.77062,0.04073
3062.84188,0.04058
3060.91314,0.04032
3058.98439,0.04016
3057.05565,0.04011
3055.12691,0.04007
3053.19817,0.03994
3051.26943,0.03968
3049.34069,0.03938
3047.41194,0.03919
3045.48320,0.03900
3043.55446,0.03878
3041.62572,0.03857
3039.69698,0.03840
3037.76824,0.03824
3035.83949,0.03808
3033.91075,0.03796
3031.98201,0.03795
3030.05327,0.03799
3028.12453,0.03795
3026.19578,0.03780
3024.26704,0.03766
3022.33830,0.03763
3020.40956,0.03763
3018.48082,0.03764
3016.55208,0.03768
3014.62333,0.03765
3012.69459,0.03758
3010.76585,0.03753
3008.83711,0.03747
3006.90837,0.03746
3004.97963,0.03744
3003.05088,0.03737
3001.12214,0.03731
2999.19340,0.03723
2997.26466,0.03718
2995.33592,0.03721
2993.40718,0.03726
2991.47843,0.03734
2989.54969,0.03741
2987.62095,0.03742
2985.69221,0.03740
2983.76347,0.03749
2981.83472,0.03773
2979.90598,0.03808
2977.97724,0.03842
2976.04850,0.03868
2974.11976,0.03898
2972.19102,0.03943
2970.26227,0.03990
2968.33353,0.04020
2966.40479,0.04033
2964.47605,0.04025
2962.54731,0.03995
2960.61857,0.03962
2958.68982,0.03934
2956.76108,0.03917
2954.83234,0.03924
2952.90360,0.03946
2950.97486,0.03974
2949.04612,0.04006
2947.11737,0.04029
2945.18863,0.04035
2943.25989,0.04022
2941.33115,0.03996
2939.40241,0.03971
2937.47366,0.03946
2935.54492,0.03924
2933.61618,0.03914
2931.68744,0.03912
2929.75870,0.03902
2927.82996,0.03883
2925.90121,0.03865
2923.97247,0.03854
2922.04373,0.03846
2920.11499,0.03839
2918.18625,0.03846
2916.25751,0.03894
2914.32876,0.03995
2912.40002,0.04133
2910.47128,0.04274
2908.54254,0.04392
2906.61380,0.04483
2904.68506,0.04550
2902.75631,0.04594
2900.82757,0.04621
2898.89883,0.04641
2896.97009,0.04651
2895.04135,0.04649
2893.11260,0.04648
2891.18386,0.04651
2889.25512,0.04647
2887.32638,0.04632
2885.39764,0.04619
2883.46890,0.04613
2881.54015,0.04601
2879.61141,0.04585
2877.68267,0.04569
2875.75393,0.04555
2873.82519,0.04546
2871.89645,0.04544
2869.96770,0.04538
2868.03896,0.04523
2866.11022,0.04499
2864.18148,0.04466
2862.25274,0.04433
2860.32400,0.04401
2858.39525,0.04362
2856.46651,0.04318
2854.53777,0.04266
2852.60903,0.04189
2850.68029,0.04104
2848.75154,0.04049
2846.82280,0.04044
2844.89406,0.04078
2842.96532,0.04115
2841.03658,0.04127
2839.10784,0.04120
2837.17909,0.04111
2835.25035,0.04104
2833.32161,0.04091
2831.39287,0.04074
2829.46413,0.04060
2827.53539,0.04049
2825.60664,0.04029
2823.67790,0.04003
2821.74916,0.03983
2819.82042,0.03967
2817.89168,0.03952
2815.96294,0.03940
2814.03419,0.03926
2812.10545,0.03905
2810.17671,0.03891
2808.24797,0.03882
2806.31923,0.03871
2804.39048,0.03859
2802.46174,0.03854
2800.53300,0.03849
2798.60426,0.03834
2796.67552,0.03813
2794.74678,0.03798
2792.81803,0.03789
2790.88929,0.03785
2788.96055,0.03786
2787.03181,0.03784
2785.10307,0.03770
2783.17433,0.03755
2781.24558,0.03748
2779.31684,0.03746
2777.38810,0.03742
2775.45936,0.03735
2773.53062,0.03727
2771.60188,0.03723
2769.67313,0.03720
2767.74439,0.03717
2765.81565,0.03713
2763.88691,0.03707
2761.95817,0.03705
2760.02943,0.03708
2758.10068,0.03714
2756.17194,0.03714
2754.24320,0.03710
2752.31446,0.03701
2750.38572,0.03684
2748.45697,0.03671
2746.52823,0.03669
2744.59949,0.03670
2742.67075,0.03666
2740.74201,0.03663
2738.81327,0.03670
2736.88452,0.03678
2734.95578,0.03677
2733.02704,0.03670
2731.09830,0.03663
2729.16956,0.03656
2727.24082,0.03646
2725.31207,0.03636
2723.38333,0.03633
2721.45459,0.03638
2719.52585,0.03641
2717.59711,0.03642
2715.66837,0.03645
2713.73962,0.03643
2711.81088,0.03630
2709.88214,0.03618
2707.95340,0.03622
2706.02466,0.03627
2704.09591,0.03619
2702.16717,0.03603
2700.23843,0.03590
2698.30969,0.03581
2696.38095,0.03577
2694.45221,0.03580
2692.52346,0.03582
2690.59472,0.03579
2688.66598,0.03571
2686.73724,0.03564
2684.80850,0.03558
2682.87976,0.03551
2680.95101,0.03550
2679.02227,0.03552
2677.09353,0.03543
2675.16479,0.03528
2673.23605,0.03519
2671.30731,0.03519
2669.37856,0.03521
2667.44982,0.03519
2665.52108,0.03513
2663.59234,0.03515
2661.66360,0.03527
2659.73485,0.03538
2657.80611,0.03543
2655.87737,0.03548
2653.94863,0.03553
2652.01989,0.03547
2650.09115,0.03536
2648.16240,0.03536
2646.23366,0.03549
2644.30492,0.03566
2642.37618,0.03569
2640.44744,0.03559
2638.51870,0.03553
2636.58995,0.03561
2634.66121,0.03571
2632.73247,0.03575
2630.80373,0.03568
2628.87499,0.03557
2626.94625,0.03551
2625.01750,0.03546
2623.08876,0.03544
2621.16002,0.03548
2619.23128,0.03553
2617.30254,0.03554
2615.37379,0.03546
2613.44505,0.03531
2611.51631,0.03522
2609.58757,0.03523
2607.65883,0.03525
2605.73009,0.03520
2603.80134,0.03515
2601.87260,0.03514
2599.94386,0.03516
2598.01512,0.03517
2596.08638,0.03517
2594.15764,0.03521
2592.22889,0.03534
2590.30015,0.03548
2588.37141,0.03550
2586.44267,0.03534
2584.51393,0.03514
2582.58519,0.03510
2580.65644,0.03519
2578.72770,0.03519
2576.79896,0.03511
2574.87022,0.03502
2572.94148,0.03497
2571.01273,0.03498
2569.08399,0.03501
2567.15525,0.03490
2565.22651,0.03466
2563.29777,0.03452
2561.36903,0.03466
2559.44028,0.03489
2557.51154,0.03489
2555.58280,0.03473
2553.65406,0.03464
2551.72532,0.03470
2549.79658,0.03479
2547.86783,0.03490
2545.93909,0.03509
2544.01035,0.03521
2542.08161,0.03508
2540.15287,0.03492
2538.22413,0.03496
2536.29538,0.03515
2534.36664,0.03526
2532.43790,0.03514
2530.50916,0.03489
2528.58042,0.03473
2526.65167,0.03467
2524.72293,0.03465
2522.79419,0.03469
2520.86545,0.03476
2518.93671,0.03477
2517.00797,0.03466
2515.07922,0.03458
2513.15048,0.03467
2511.22174,0.03479
2509.29300,0.03472
2507.36426,0.03452
2505.43552,0.03431
2503.50677,0.03419
2501.57803,0.03425
2499.64929,0.03437
2497.72055,0.03436
2495.79181,0.03435
2493.86307,0.03443
2491.93432,0.03447
2490.00558,0.03442
2488.07684,0.03425
2486.14810,0.03398
2484.21936,0.03378
2482.29061,0.03380
2480.36187,0.03389
2478.43313,0.03390
2476.50439,0.03390
2474.57565,0.03396
2472.64691,0.03401
2470.71816,0.03404
2468.78942,0.03401
2466.86068,0.03391
2464.93194,0.03382
2463.00320,0.03379
2461.07446,0.03379
2459.14571,0.03372
2457.21697,0.03363
2455.28823,0.03361
2453.35949,0.03371
2451.43075,0.03382
2449.50201,0.03378
2447.57326,0.03369
2445.64452,0.03375
2443.71578,0.03386
2441.78704,0.03382
2439.85830,0.03369
2437.92956,0.03357
2436.00081,0.03347
2434.07207,0.03333
2432.14333,0.03323
2430.21459,0.03325
2428.28585,0.03338
2426.35710,0.03348
2424.42836,0.03345
2422.49962,0.03334
2420.57088,0.03323
2418.64214,0.03317
2416.71340,0.03314
2414.78465,0.03303
2412.85591,0.03292
2410.92717,0.03307
2408.99843,0.03335
2407.06969,0.03337
2405.14095,0.03304
2403.21220,0.03271
2401.28346,0.03266
2399.35472,0.03282
2397.42598,0.03288
2395.49724,0.03277
2393.56850,0.03260
2391.63975,0.03251
2389.71101,0.03262
2387.78227,0.03285
2385.85353,0.03298
2383.92479,0.03296
2381.99604,0.03307
2380.06730,0.03354
2378.13856,0.03433
2376.20982,0.03520
2374.28108,0.03591
2372.35234,0.03651
2370.42359,0.03711
2368.49485,0.03754
2366.56611,0.03763
2364.63737,0.03769
2362.70863,0.03800
2360.77989,0.03827
2358.85114,0.03823
2356.92240,0.03791
2354.99366,0.03741
2353.06492,0.03671
2351.13618,0.03591
2349.20744,0.03555
2347.27869,0.03596
2345.34995,0.03674
2343.42121,0.03716
2341.49247,0.03696
2339.56373,0.03656
2337.63498,0.03639
2335.70624,0.03643
2333.77750,0.03656
2331.84876,0.03658
2329.92002,0.03627
2327.99128,0.03601
2326.06253,0.03625
2324.13379,0.03658
2322.20505,0.03643
2320.27631,0.03591
2318.34757,0.03542
2316.41883,0.03501
2314.49008,0.03473
2312.56134,0.03459
2310.63260,0.03440
2308.70386,0.03411
2306.77512,0.03391
2304.84638,0.03381
2302.91763,0.03365
2300.98889,0.03347
2299.06015,0.03335
2297.13141,0.03333
2295.20267,0.03339
2293.27392,0.03343
2291.34518,0.03334
2289.41644,0.03323
2287.48770,0.03329
2285.55896,0.03342
2283.63022,0.03339
2281.70147,0.03331
2279.77273,0.03341
2277.84399,0.03354
2275.91525,0.03350
2273.98651,0.03338
2272.05777,0.03313
2270.12902,0.03279
2268.20028,0.03269
2266.27154,0.03285
2264.34280,0.03294
2262.41406,0.03298
2260.48532,0.03311
2258.55657,0.03321
2256.62783,0.03323
2254.69909,0.03319
2252.77035,0.03299
2250.84161,0.03273
2248.91286,0.03263
2246.98412,0.03268
2245.05538,0.03269
2243.12664,0.03277
2241.19790,0.03303
2239.26916,0.03325
2237.34041,0.03330
2235.41167,0.03315
2233.48293,0.03284
2231.55419,0.03259
2229.62545,0.03240
2227.69671,0.03227
2225.76796,0.03249
2223.83922,0.03287
2221.91048,0.03291
2219.98174,0.03264
2218.05300,0.03252
2216.12426,0.03277
2214.19551,0.03290
2212.26677,0.03265
2210.33803,0.03243
2208.40929,0.03244
2206.48055,0.03246
2204.55180,0.03244
2202.62306,0.03237
2200.69432,0.03234
2198.76558,0.03246
2196.83684,0.03259
2194.90810,0.03256
2192.97935,0.03239
2191.05061,0.03216
2189.12187,0.03196
2187.19313,0.03185
2185.26439,0.03201
2183.33565,0.03217
2181.40690,0.03207
2179.47816,0.03196
2177.54942,0.03180
2175.62068,0.03144
2173.69194,0.03124
2171.76320,0.03128
2169.83445,0.03162
2167.90571,0.03254
2165.97697,0.03337
2164.04823,0.03347
2162.11949,0.03321
2160.19074,0.03243
2158.26200,0.03089
2156.33326,0.02997
2154.40452,0.03028
2152.47578,0.03079
2150.54704,0.03099
2148.61829,0.03104
2146.68955,0.03104
2144.76081,0.03098
2142.83207,0.03086
2140.90333,0.03076
2138.97459,0.03087
2137.04584,0.03121
2135.11710,0.03135
2133.18836,0.03107
2131.25962,0.03098
2129.33088,0.03126
2127.40214,0.03140
2125.47339,0.03145
2123.54465,0.03177
2121.61591,0.03209
2119.68717,0.03202
2117.75843,0.03180
2115.82969,0.03187
2113.90094,0.03222
2111.97220,0.03252
2110.04346,0.03262
2108.11472,0.03256
2106.18598,0.03238
2104.25723,0.03229
2102.32849,0.03241
2100.39975,0.03248
2098.47101,0.03235
2096.54227,0.03217
2094.61353,0.03186
2092.68478,0.03150
2090.75604,0.03157
2088.82730,0.03197
2086.89856,0.03213
2084.96982,0.03189
2083.04108,0.03170
2081.11233,0.03179
2079.18359,0.03188
2077.25485,0.03183
2075.32611,0.03179
2073.39737,0.03182
2071.46863,0.03185
2069.53988,0.03177
2067.61114,0.03160
2065.68240,0.03161
2063.75366,0.03188
2061.82492,0.03200
2059.89617,0.03170
2057.96743,0.03129
2056.03869,0.03112
2054.10995,0.03128
2052.18121,0.03166
2050.25247,0.03182
2048.32372,0.03145
2046.39498,0.03099
2044.46624,0.03087
2042.53750,0.03103
2040.60876,0.03117
2038.68002,0.03123
2036.75127,0.03129
2034.82253,0.03125
2032.89379,0.03105
2030.96505,0.03078
2029.03631,0.03050
2027.10757,0.03036
2025.17882,0.03053
2023.25008,0.03066
2021.32134,0.03025
2019.39260,0.02982
2017.46386,0.02991
2015.53511,0.03028
2013.60637,0.03072
2011.67763,0.03087
2009.74889,0.03048
2007.82015,0.02988
2005.89141,0.02946
2003.96266,0.02945
2002.03392,0.02984
2000.10518,0.03022
1998.17644,0.03039
1996.24770,0.03027
1994.31896,0.02970
1992.39021,0.02922
1990.46147,0.02949
1988.53273,0.02987
1986.60399,0.02983
1984.67525,0.02981
1982.74651,0.03006
1980.81776,0.03039
1978.88902,0.03049
1976.96028,0.03026
1975.03154,0.03011
1973.10280,0.03007
1971.17405,0.02978
1969.24531,0.02939
1967.31657,0.02927
1965.38783,0.02944
1963.45909,0.02963
1961.53035,0.02972
1959.60160,0.02986
1957.67286,0.02993
1955.74412,0.02972
1953.81538,0.02949
1951.88664,0.02954
1949.95790,0.02980
1948.02915,0.03002
1946.10041,0.02999
1944.17167,0.02975
1942.24293,0.02959
1940.31419,0.02960
1938.38545,0.02961
1936.45670,0.02956
1934.52796,0.02935
1932.59922,0.02896
1930.67048,0.02865
1928.74174,0.02855
1926.81299,0.02841
1924.88425,0.02804
1922.95551,0.02773
1921.02677,0.02754
1919.09803,0.02719
1917.16929,0.02715
1915.24054,0.02766
1913.31180,0.02798
1911.38306,0.02780
1909.45432,0.02765
1907.52558,0.02776
1905.59684,0.02778
1903.66809,0.02767
1901.73935,0.02758
1899.81061,0.02750
1897.88187,0.02737
1895.95313,0.02724
1894.02439,0.02707
1892.09564,0.02679
1890.16690,0.02648
1888.23816,0.02647
1886.30942,0.02667
1884.38068,0.02674
1882.45193,0.02675
1880.52319,0.02678
1878.59445,0.02670
1876.66571,0.02651
1874.73697,0.02630
1872.80823,0.02587
1870.87948,0.02505
1868.95074,0.02447
1867.02200,0.02486
1865.09326,0.02566
1863.16452,0.02603
1861.23578,0.02607
1859.30703,0.02605
1857.37829,0.02594
1855.44955,0.02577
1853.52081,0.02564
1851.59207,0.02547
1849.66333,0.02513
1847.73458,0.02440
1845.80584,0.02333
1843.87710,0.02303
1841.94836,0.02405
1840.01962,0.02503
1838.09087,0.02522
1836.16213,0.02515
1834.23339,0.02500
1832.30465,0.02439
1830.37591,0.02369
1828.44717,0.02363
1826.51842,0.02386
1824.58968,0.02410
1822.66094,0.02452
1820.73220,0.02479
1818.80346,0.02474
1816.87472,0.02470
1814.94597,0.02459
1813.01723,0.02419
1811.08849,0.02375
1809.15975,0.02370
1807.23101,0.02389
1805.30227,0.02379
1803.37352,0.02321
1801.44478,0.02258
1799.51604,0.02246
1797.58730,0.02261
1795.65856,0.02211
1793.72982,0.02089
1791.80107,0.02045
1789.87233,0.02139
1787.94359,0.02218
1786.01485,0.02204
1784.08611,0.02170
1782.15736,0.02150
1780.22862,0.02139
1778.29988,0.02140
1776.37114,0.02086
1774.44240,0.01918
1772.51366,0.01768
1770.58491,0.01799
1768.65617,0.01930
1766.72743,0.02040
1764.79869,0.02067
1762.86995,0.02008
1760.94121,0.01988
1759.01246,0.02026
1757.08372,0.02049
1755.15498,0.02069
1753.22624,0.02046
1751.29750,0.02000
1749.36876,0.02098
1747.44001,0.02362
1745.51127,0.02681
1743.58253,0.03003
1741.65379,0.03328
1739.72505,0.03711
1737.79630,0.04093
1735.86756,0.04333
1733.93882,0.04637
1732.01008,0.05245
1730.08134,0.05908
1728.15260,0.06453
1726.22385,0.06908
1724.29511,0.07306
1722.36637,0.07645
1720.43763,0.07841
1718.50889,0.07950
1716.58015,0.08229
1714.65140,0.08674
1712.72266,0.09014
1710.79392,0.09119
1708.86518,0.08984
1706.93644,0.08676
1705.00770,0.08310
1703.07895,0.07838
1701.15021,0.07222
1699.22147,0.06784
1697.29273,0.06614
1695.36399,0.06531
1693.43524,0.06536
1691.50650,0.06491
1689.57776,0.06307
1687.64902,0.06014
1685.72028,0.05617
1683.79154,0.05411
1681.86279,0.05573
1679.93405,0.05732
1678.00531,0.05648
1676.07657,0.05429
1674.14783,0.05294
1672.21909,0.05216
1670.29034,0.05095
1668.36160,0.05074
1666.43286,0.05144
1664.50412,0.05095
1662.57538,0.04985
1660.64664,0.04968
1658.71789,0.04949
1656.78915,0.04716
1654.86041,0.04213
1652.93167,0.03886
1651.00293,0.04103
1649.07418,0.04292
1647.14544,0.04236
1645.21670,0.04298
1643.28796,0.04504
1641.35922,0.04585
1639.43048,0.04453
1637.50173,0.04160
1635.57299,0.03964
1633.64425,0.04097
1631.71551,0.04296
1629.78677,0.04313
1627.85803,0.04226
1625.92928,0.04118
1624.00054,0.04025
1622.07180,0.04029
1620.14306,0.04034
1618.21432,0.03900
1616.28558,0.03824
1614.35683,0.03963
1612.42809,0.04093
1610.49935,0.04091
1608.57061,0.04034
1606.64187,0.03975
1604.71312,0.03919
1602.78438,0.03875
1600.85564,0.03843
1598.92690,0.03806
1596.99816,0.03751
1595.06942,0.03695
1593.14067,0.03663
1591.21193,0.03649
1589.28319,0.03630
1587.35445,0.03604
1585.42571,0.03580
1583.49697,0.03566
1581.56822,0.03559
1579.63948,0.03473
1577.71074,0.03251
1575.78200,0.03112
1573.85326,0.03187
1571.92452,0.03204
1569.99577,0.03110
1568.06703,0.03115
1566.13829,0.03180
1564.20955,0.03144
1562.28081,0.02872
1560.35206,0.02367
1558.42332,0.02130
1556.49458,0.02413
1554.56584,0.02733
1552.63710,0.02889
1550.70836,0.02941
1548.77961,0.02912
1546.85087,0.02780
1544.92213,0.02510
1542.99339,0.02135
1541.06465,0.01814
1539.13591,0.01878
1537.20716,0.02244
1535.27842,0.02457
1533.34968,0.02520
1531.42094,0.02639
1529.49220,0.02719
1527.56346,0.02658
1525.63471,0.02540
1523.70597,0.02382
1521.77723,0.02236
1519.84849,0.02255
1517.91975,0.02368
1515.99100,0.02477
1514.06226,0.02586
1512.13352,0.02641
1510.20478,0.02583
1508.27604,0.02468
1506.34730,0.02609
1504.41855,0.03054
1502.48981,0.03289
1500.56107,0.03126
1498.63233,0.02806
1496.70359,0.02630
1494.77485,0.02663
1492.84610,0.02678
1490.91736,0.02579
1488.98862,0.02560
1487.05988,0.02737
1485.13114,0.02982
1483.20240,0.03167
1481.27365,0.03275
1479.34491,0.03321
1477.41617,0.03293
1475.48743,0.03207
1473.55869,0.03176
1471.62995,0.03340
1469.70120,0.03589
1467.77246,0.03667
1465.84372,0.03610
1463.91498,0.03658
1461.98624,0.03793
1460.05749,0.03762
1458.12875,0.03585
1456.20001,0.03654
1454.27127,0.04005
1452.34253,0.04258
1450.41379,0.04301
1448.48504,0.04261
1446.55630,0.04261
1444.62756,0.04296
1442.69882,0.04305
1440.77008,0.04254
1438.84134,0.04105
1436.91259,0.03984
1434.98385,0.04089
1433.05511,0.04268
1431.12637,0.04333
1429.19763,0.04347
1427.26889,0.04350
1425.34014,0.04293
1423.41140,0.04183
1421.48266,0.04021
1419.55392,0.03907
1417.62518,0.04073
1415.69643,0.04502
1413.76769,0.05014
1411.83895,0.05519
1409.91021,0.05904
1407.98147,0.06032
1406.05273,0.05879
1404.12398,0.05583
1402.19524,0.05253
1400.26650,0.04899
1398.33776,0.04568
1396.40902,0.04321
1394.48028,0.04190
1392.55153,0.04182
1390.62279,0.04185
1388.69405,0.04141
1386.76531,0.04156
1384.83657,0.04274
1382.90783,0.04403
1380.97908,0.04503
1379.05034,0.04603
1377.12160,0.04712
1375.19286,0.04842
1373.26412,0.05020
1371.33537,0.05193
1369.40663,0.05258
1367.47789,0.05205
1365.54915,0.05078
1363.62041,0.04939
1361.69167,0.04866
1359.76292,0.04852
1357.83418,0.04836
1355.90544,0.04817
1353.97670,0.04818
1352.04796,0.04848
1350.11922,0.04947
1348.19047,0.05180
1346.26173,0.05585
1344.33299,0.06132
1342.40425,0.06703
1340.47551,0.07151
1338.54677,0.07385
1336.61802,0.07357
1334.68928,0.07071
1332.76054,0.06611
1330.83180,0.06114
1328.90306,0.05704
1326.97431,0.05444
1325.04557,0.05338
1323.11683,0.05365
1321.18809,0.05489
1319.25935,0.05667
1317.33061,0.05863
1315.40186,0.06026
1313.47312,0.06116
1311.54438,0.06140
1309.61564,0.06113
1307.68690,0.06044
1305.75816,0.05955
1303.82941,0.05877
1301.90067,0.05848
1299.97193,0.05886
1298.04319,0.05983
1296.11445,0.06123
1294.18571,0.06297
1292.25696,0.06490
1290.32822,0.06686
1288.39948,0.06887
1286.47074,0.07112
1284.54200,0.07363
1282.61325,0.07617
1280.68451,0.07843
1278.75577,0.08030
1276.82703,0.08199
1274.89829,0.08369
1272.96955,0.08546
1271.04080,0.08747
1269.11206,0.08982
1267.18332,0.09231
1265.25458,0.09467
1263.32584,0.09674
1261.39710,0.09835
1259.46835,0.09945
1257.53961,0.10027
1255.61087,0.10108
1253.68213,0.10219
1251.75339,0.10383
1249.82465,0.10577
1247.89590,0.10766
1245.96716,0.10923
1244.03842,0.11029
1242.10968,0.11077
1240.18094,0.11077
1238.25219,0.11032
1236.32345,0.10928
1234.39471,0.10743
1232.46597,0.10470
1230.53723,0.10142
1228.60849,0.09805
1226.67974,0.09488
1224.75100,0.09206
1222.82226,0.08944
1220.89352,0.08686
1218.96478,0.08439
1217.03604,0.08209
1215.10729,0.07999
1213.17855,0.07836
1211.24981,0.07758
1209.32107,0.07760
1207.39233,0.07777
1205.46359,0.07728
1203.53484,0.07593
1201.60610,0.07399
1199.67736,0.07169
1197.74862,0.06918
1195.81988,0.06659
1193.89113,0.06403
1191.96239,0.06157
1190.03365,0.05935
1188.10491,0.05757
1186.17617,0.05642
1184.24743,0.05590
1182.31868,0.05591
1180.38994,0.05637
1178.46120,0.05729
1176.53246,0.05865
1174.60372,0.06043
1172.67498,0.06258
1170.74623,0.06503
1168.81749,0.06776
1166.88875,0.07081
1164.96001,0.07388
1163.03127,0.07631
1161.10253,0.07745
1159.17378,0.07725
1157.24504,0.07616
1155.31630,0.07475
1153.38756,0.07339
1151.45882,0.07227
1149.53007,0.07150
1147.60133,0.07097
1145.67259,0.07045
1143.74385,0.06997
1141.81511,0.06991
1139.88637,0.07069
1137.95762,0.07271
1136.02888,0.07623
1134.10014,0.08104
1132.17140,0.08654
1130.24266,0.09245
1128.31392,0.09884
1126.38517,0.10550
1124.45643,0.11178
1122.52769,0.11719
1120.59895,0.12183
1118.67021,0.12630
1116.74147,0.13125
1114.81272,0.13657
1112.88398,0.14141
1110.95524,0.14529
1109.02650,0.14854
1107.09776,0.15161
1105.16902,0.15451
1103.24027,0.15681
1101.31153,0.15808
1099.38279,0.15835
1097.45405,0.15778
1095.52531,0.15644
1093.59656,0.15466
1091.66782,0.15307
1089.73908,0.15193
1087.81034,0.15075
1085.88160,0.14928
1083.95286,0.14807
1082.02411,0.14748
1080.09537,0.14729
1078.16663,0.14718
1076.23789,0.14684
1074.30915,0.14615
1072.38041,0.14555
1070.45166,0.14574
1068.52292,0.14722
1066.59418,0.15007
1064.66544,0.15414
1062.73670,0.15897
1060.80796,0.16374
1058.87921,0.16750
1056.95047,0.16988
1055.02173,0.17108
1053.09299,0.17123
1051.16425,0.17029
1049.23550,0.16837
1047.30676,0.16592
1045.37802,0.16346
1043.44928,0.16145
1041.52054,0.16050
1039.59180,0.16095
1037.66305,0.16263
1035.73431,0.16500
1033.80557,0.16710
1031.87683,0.16807
1029.94809,0.16812
1028.01935,0.16833
1026.09060,0.16990
1024.16186,0.17335
1022.23312,0.17802
1020.30438,0.18263
1018.37564,0.18605
1016.44690,0.18714
1014.51815,0.18522
1012.58941,0.18108
1010.66067,0.17654
1008.73193,0.17302
1006.80319,0.17078
1004.87444,0.16936
1002.94570,0.16843
1001.01696,0.16760
999.08822,0.16644
997.15948,0.16482
995.23074,0.16284
993.30199,0.16076
991.37325,0.15908
989.44451,0.15828
987.51577,0.15835
985.58703,0.15887
983.65829,0.15913
981.72954,0.15854
979.80080,0.15682
977.87206,0.15437
975.94332,0.15196
974.01458,0.14989
972.08584,0.14797
970.15709,0.14597
968.22835,0.14375
966.29961,0.14130
964.37087,0.13863
962.44213,0.13581
960.51338,0.13298
958.58464,0.13027
956.65590,0.12757
954.72716,0.12482
952.79842,0.12223
950.86968,0.11999
948.94093,0.11802
947.01219,0.11616
945.08345,0.11430
943.15471,0.11237
941.22597,0.11052
939.29723,0.10904
937.36848,0.10801
935.43974,0.10701
933.51100,0.10580
931.58226,0.10454
929.65352,0.10335
927.72478,0.10216
925.79603,0.10085
923.86729,0.09956
921.93855,0.09852
920.00981,0.09775
918.08107,0.09712
916.15232,0.09663
914.22358,0.09633
912.29484,0.09617
910.36610,0.09610
908.43736,0.09622
906.50862,0.09664
904.57987,0.09728
902.65113,0.09796
900.72239,0.09857
898.79365,0.09894
896.86491,0.09887
894.93617,0.09842
893.00742,0.09776
891.07868,0.09685
889.14994,0.09580
887.22120,0.09494
885.29246,0.09443
883.36372,0.09445
881.43497,0.09528
879.50623,0.09691
877.57749,0.09944
875.64875,0.10358
873.72001,0.10899
871.79126,0.11250
869.86252,0.11126
867.93378,0.10660
866.00504,0.10187
864.07630,0.09865
862.14756,0.09665
860.21881,0.09546
858.29007,0.09489
856.36133,0.09473
854.43259,0.09480
852.50385,0.09510
850.57511,0.09580
848.64636,0.09679
846.71762,0.09746
844.78888,0.09734
842.86014,0.09646
840.93140,0.09511
839.00266,0.09372
837.07391,0.09238
835.14517,0.09093
833.21643,0.08959
831.28769,0.08853
829.35895,0.08759
827.43020,0.08673
825.50146,0.08593
823.57272,0.08505
821.64398,0.08427
819.71524,0.08377
817.78650,0.08336
815.85775,0.08308
813.92901,0.08311
812.00027,0.08330
810.07153,0.08331
808.14279,0.08306
806.21405,0.08279
804.28530,0.08271
802.35656,0.08253
800.42782,0.08204
798.49908,0.08184
796.57034,0.08258
794.64160,0.08389
792.71285,0.08493
790.78411,0.08510
788.85537,0.08422
786.92663,0.08278
784.99789,0.08149
783.06915,0.08051
781.14040,0.07961
779.21166,0.07863
777.28292,0.07764
775.35418,0.07691
773.42544,0.07647
771.49669,0.07590
769.56795,0.07500
767.63921,0.07390
765.71047,0.07292
763.78173,0.07226
761.85299,0.07167
759.92424,0.07098
757.99550,0.07040
756.06676,0.06992
754.13802,0.06922
752.20928,0.06827
750.28054,0.06722
748.35179,0.06627
746.42305,0.06575
744.49431,0.06604
742.56557,0.06762
740.63683,0.07115
738.70809,0.07731
736.77934,0.08631
734.85060,0.09724
732.92186,0.10884
730.99312,0.12076
729.06438,0.13313
727.13563,0.14535
725.20689,0.15591
723.27815,0.16297
721.34941,0.16589
719.42067,0.16569
717.49193,0.16373
715.56318,0.16103
713.63444,0.15841
711.70570,0.15625
709.77696,0.15464
707.84822,0.15366
705.91948,0.15297
703.99073,0.15209
702.06199,0.15083
700.13325,0.14904
698.20451,0.14689
696.27577,0.14488
694.34703,0.14306
692.41828,0.14145
690.48954,0.14031
688.56080,0.13925
686.63206,0.13798
684.70332,0.13710
682.77457,0.13690
680.84583,0.13710
678.91709,0.13775
676.98835,0.13906
675.05961,0.14080
673.13087,0.14262
671.20212,0.14481
669.27338,0.14758
667.34464,0.14962
665.41590,0.15000
663.48716,0.14990
661.55842,0.14943
659.62967,0.14825
657.70093,0.14642
655.77219,0.14432
653.84345,0.14267
651.91471,0.14138
649.98597,0.13993
648.05722,0.13946
646.12848,0.14045
644.19974,0.14104
642.27100,0.14064
640.34226,0.14060
638.41351,0.14182
636.48477,0.14395
634.55603,0.14608
632.62729,0.14771
630.69855,0.14872
628.76981,0.14887
626.84106,0.14884
624.91232,0.14914
622.98358,0.14963
621.05484,0.15190
619.12610,0.15650
617.19736,0.15896
615.26861,0.15707
613.33987,0.15529
611.41113,0.15600
609.48239,0.15650
607.55365,0.15568
605.62491,0.15553
603.69616,0.15664
601.76742,0.15689
599.83868,0.15578
