3996.35288,0.02726
3994.42414,0.02728
3992.49539,0.02733
3990.56665,0.02739
3988.63791,0.02750
3986.70917,0.02750
3984.78043,0.02739
3982.85169,0.02733
3980.92294,0.02727
3978.99420,0.02717
3977.06546,0.02706
3975.13672,0.02700
3973.20798,0.02700
3971.27924,0.02703
3969.35049,0.02712
3967.42175,0.02727
3965.49301,0.02728
3963.56427,0.02710
3961.63553,0.02693
3959.70679,0.02691
3957.77804,0.02687
3955.84930,0.02685
3953.92056,0.02685
3951.99182,0.02668
3950.06308,0.02644
3948.13433,0.02645
3946.20559,0.02657
3944.27685,0.02643
3942.34811,0.02634
3940.41937,0.02671
3938.49063,0.02713
3936.56188,0.02705
3934.63314,0.02638
3932.70440,0.02571
3930.77566,0.02582
3928.84692,0.02637
3926.91818,0.02635
3924.98943,0.02591
3923.06069,0.02581
3921.13195,0.02580
3919.20321,0.02541
3917.27447,0.02520
3915.34573,0.02589
3913.41698,0.02694
3911.48824,0.02746
3909.55950,0.02730
3907.63076,0.02615
3905.70202,0.02383
3903.77327,0.02169
3901.84453,0.02111
3899.91579,0.02201
3897.98705,0.02384
3896.05831,0.02540
3894.12957,0.02521
3892.20082,0.02406
3890.27208,0.02406
3888.34334,0.02432
3886.41460,0.02344
3884.48586,0.02300
3882.55712,0.02343
3880.62837,0.02370
3878.69963,0.02441
3876.77089,0.02487
3874.84215,0.02402
3872.91341,0.02249
3870.98467,0.02103
3869.05592,0.02091
3867.12718,0.02194
3865.19844,0.02235
3863.26970,0.02268
3861.34096,0.02383
3859.41221,0.02457
3857.48347,0.02293
3855.55473,0.01799
3853.62599,0.01394
3851.69725,0.01665
3849.76851,0.02231
3847.83976,0.02540
3845.91102,0.02565
3843.98228,0.02457
3842.05354,0.02296
3840.12480,0.02081
3838.19606,0.01923
3836.26731,0.01984
3834.33857,0.02163
3832.40983,0.02310
3830.48109,0.02436
3828.55235,0.02520
3826.62361,0.02523
3824.69486,0.02420
3822.76612,0.02173
3820.83738,0.02004
3818.90864,0.02058
3816.97990,0.02110
3815.05115,0.02214
3813.12241,0.02465
3811.19367,0.02595
3809.26493,0.02457
3807.33619,0.02252
3805.40745,0.02197
3803.47870,0.02136
3801.54996,0.02047
3799.62122,0.02168
3797.69248,0.02367
3795.76374,0.02484
3793.83500,0.02588
3791.90625,0.02666
3789.97751,0.02683
3788.04877,0.02657
3786.12003,0.02609
3784.19129,0.02580
3782.26255,0.02549
3780.33380,0.02493
3778.40506,0.02511
3776.47632,0.02617
3774.54758,0.02671
3772.61884,0.02594
3770.69009,0.02452
3768.76135,0.02384
3766.83261,0.02417
3764.90387,0.02487
3762.97513,0.02527
3761.04639,0.02460
3759.11764,0.02367
3757.18890,0.02354
3755.26016,0.02271
3753.33142,0.01961
3751.40268,0.01614
3749.47394,0.01582
3747.54519,0.01691
3745.61645,0.01623
3743.68771,0.01693
3741.75897,0.02085
3739.83023,0.02304
3737.90149,0.02138
3735.97274,0.01885
3734.04400,0.01855
3732.11526,0.02065
3730.18652,0.02336
3728.25778,0.02469
3726.32904,0.02445
3724.40029,0.02404
3722.47155,0.02412
3720.54281,0.02462
3718.61407,0.02531
3716.68533,0.02533
3714.75658,0.02378
3712.82784,0.02128
3710.89910,0.02048
3708.97036,0.02229
3707.04162,0.02461
3705.11288,0.02563
3703.18413,0.02522
3701.25539,0.02494
3699.32665,0.02563
3697.39791,0.02632
3695.46917,0.02616
3693.54043,0.02480
3691.61168,0.02233
3689.68294,0.02023
3687.75420,0.02095
3685.82546,0.02387
3683.89672,0.02597
3681.96798,0.02622
3680.03923,0.02504
3678.11049,0.02215
3676.18175,0.01876
3674.25301,0.01822
3672.32427,0.01932
3670.39552,0.01972
3668.46678,0.02155
3666.53804,0.02478
3664.60930,0.02673
3662.68056,0.02717
3660.75182,0.02695
3658.82307,0.02584
3656.89433,0.02433
3654.96559,0.02392
3653.03685,0.02323
3651.10811,0.02047
3649.17937,0.01847
3647.25062,0.02048
3645.32188,0.02440
3643.39314,0.02699
3641.46440,0.02783
3639.53566,0.02796
3637.60692,0.02784
3635.67817,0.02741
3633.74943,0.02665
3631.82069,0.02476
3629.89195,0.02196
3627.96321,0.02176
3626.03446,0.02473
3624.10572,0.02681
3622.17698,0.02630
3620.24824,0.02471
3618.31950,0.02415
3616.39076,0.02466
3614.46201,0.02471
3612.53327,0.02428
3610.60453,0.02399
3608.67579,0.02426
3606.74705,0.02560
3604.81831,0.02717
3602.88956,0.02767
3600.96082,0.02751
3599.03208,0.02753
3597.10334,0.02743
3595.17460,0.02714
3593.24586,0.02727
3591.31711,0.02713
3589.38837,0.02577
3587.45963,0.02466
3585.53089,0.02556
3583.60215,0.02731
3581.67340,0.02817
3579.74466,0.02819
3577.81592,0.02816
3575.88718,0.02833
3573.95844,0.02851
3572.02970,0.02831
3570.10095,0.02721
3568.17221,0.02584
3566.24347,0.02583
3564.31473,0.02717
3562.38599,0.02841
3560.45725,0.02904
3558.52850,0.02945
3556.59976,0.02974
3554.67102,0.02974
3552.74228,0.02959
3550.81354,0.02963
3548.88480,0.02953
3546.95605,0.02903
3545.02731,0.02892
3543.09857,0.02968
3541.16983,0.03054
3539.24109,0.03085
3537.31234,0.03075
3535.38360,0.03064
3533.45486,0.03060
3531.52612,0.03057
3529.59738,0.03046
3527.66864,0.03031
3525.73989,0.03026
3523.81115,0.03038
3521.88241,0.03062
3519.95367,0.03091
3518.02493,0.03120
3516.09619,0.03148
3514.16744,0.03162
3512.23870,0.03148
3510.30996,0.03136
3508.38122,0.03161
3506.45248,0.03191
3504.52374,0.03197
3502.59499,0.03216
3500.66625,0.03259
3498.73751,0.03285
3496.80877,0.03287
3494.88003,0.03289
3492.95128,0.03296
3491.02254,0.03301
3489.09380,0.03301
3487.16506,0.03316
3485.23632,0.03355
3483.30758,0.03394
3481.37883,0.03416
3479.45009,0.03424
3477.52135,0.03436
3475.59261,0.03459
3473.66387,0.03473
3471.73513,0.03485
3469.80638,0.03518
3467.87764,0.03548
3465.94890,0.03560
3464.02016,0.03561
3462.09142,0.03562
3460.16268,0.03583
3458.23393,0.03624
3456.30519,0.03667
3454.37645,0.03701
3452.44771,0.03725
3450.51897,0.03740
3448.59022,0.03752
3446.66148,0.03780
3444.73274,0.03818
3442.80400,0.03844
3440.87526,0.03867
3438.94652,0.03906
3437.01777,0.03946
3435.08903,0.03973
3433.16029,0.03992
3431.23155,0.04016
3429.30281,0.04058
3427.37407,0.04103
3425.44532,0.04134
3423.51658,0.04145
3421.58784,0.04145
3419.65910,0.04152
3417.73036,0.04168
3415.80162,0.04182
3413.87287,0.04196
3411.94413,0.04208
3410.01539,0.04217
3408.08665,0.04227
3406.15791,0.04241
3404.22917,0.04253
3402.30042,0.04259
3400.37168,0.04267
3398.44294,0.04287
3396.51420,0.04313
3394.58546,0.04323
3392.65671,0.04326
3390.72797,0.04347
3388.79923,0.04368
3386.87049,0.04370
3384.94175,0.04375
3383.01301,0.04396
3381.08426,0.04422
3379.15552,0.04438
3377.22678,0.04454
3375.29804,0.04476
3373.36930,0.04503
3371.44056,0.04537
3369.51181,0.04565
3367.58307,0.04575
3365.65433,0.04589
3363.72559,0.04616
3361.79685,0.04642
3359.86811,0.04665
3357.93936,0.04695
3356.01062,0.04738
3354.08188,0.04792
3352.15314,0.04843
3350.22440,0.04883
3348.29565,0.04916
3346.36691,0.04940
3344.43817,0.04957
3342.50943,0.04986
3340.58069,0.05019
3338.65195,0.05038
3336.72320,0.05051
3334.79446,0.05063
3332.86572,0.05060
3330.93698,0.05053
3329.00824,0.05050
3327.07950,0.05045
3325.15075,0.05031
3323.22201,0.05018
3321.29327,0.05004
3319.36453,0.04984
3317.43579,0.04975
3315.50705,0.04980
3313.57830,0.04978
3311.64956,0.04971
3309.72082,0.04981
3307.79208,0.05010
3305.86334,0.05030
3303.93459,0.05027
3302.00585,0.05030
3300.07711,0.05055
3298.14837,0.05079
3296.21963,0.05072
3294.29089,0.05047
3292.36214,0.05043
3290.43340,0.05064
3288.50466,0.05076
3286.57592,0.05068
3284.64718,0.05069
3282.71844,0.05095
3280.78969,0.05122
3278.86095,0.05122
3276.93221,0.05110
3275.00347,0.05101
3273.07473,0.05096
3271.14599,0.05093
3269.21724,0.05084
3267.28850,0.05073
3265.35976,0.05071
3263.43102,0.05068
3261.50228,0.05049
3259.57353,0.05020
3257.64479,0.04998
3255.71605,0.04990
3253.78731,0.04983
3251.85857,0.04960
3249.92983,0.04929
3248.00108,0.04898
3246.07234,0.04868
3244.14360,0.04849
3242.21486,0.04840
3240.28612,0.04827
3238.35738,0.04815
3236.42863,0.04811
3234.49989,0.04801
3232.57115,0.04788
3230.64241,0.04772
3228.71367,0.04748
3226.78493,0.04721
3224.85618,0.04696
3222.92744,0.04669
3220.99870,0.04650
3219.06996,0.04640
3217.14122,0.04631
3215.21247,0.04618
3213.28373,0.04598
3211.35499,0.04575
3209.42625,0.04555
3207.49751,0.04547
3205.56877,0.04546
3203.64002,0.04532
3201.71128,0.04513
3199.78254,0.04503
3197.85380,0.04484
3195.92506,0.04459
3193.99632,0.04445
3192.06757,0.04438
3190.13883,0.04423
3188.21009,0.04397
3186.28135,0.04373
3184.35261,0.04357
3182.42387,0.04350
3180.49512,0.04341
3178.56638,0.04321
3176.63764,0.04309
3174.70890,0.04307
3172.78016,0.04301
3170.85141,0.04286
3168.92267,0.04269
3166.99393,0.04251
3165.06519,0.04233
3163.13645,0.04220
3161.20771,0.04210
3159.27896,0.04191
3157.35022,0.04177
3155.42148,0.04179
3153.49274,0.04182
3151.56400,0.04177
3149.63526,0.04162
3147.70651,0.04143
3145.77777,0.04126
3143.84903,0.04114
3141.92029,0.04111
3139.99155,0.04116
3138.06281,0.04114
3136.13406,0.04099
3134.20532,0.04084
3132.27658,0.04077
3130.34784,0.04073
3128.41910,0.04068
3126.49035,0.04062
3124.56161,0.04058
3122.63287,0.04046
3120.70413,0.04023
3118.77539,0.04003
3116.84665,0.03996
3114.91790,0.03996
3112.98916,0.03995
3111.06042,0.03992
3109.13168,0.03988
3107.20294,0.03985
3105.27420,0.03982
3103.34545,0.03980
3101.41671,0.03979
3099.48797,0.03976
3097.55923,0.03962
3095.63049,0.03937
3093.70175,0.03917
3091.77300,0.03909
3089.84426,0.03901
3087.91552,0.03893
3085.98678,0.03895
3084.05804,0.03911
3082.12930,0.03928
3080.20055,0.03930
3078.27181,0.03917
3076.34307,0.03904
3074.41433,0.03900
3072.48559,0.03896
3070.55684,0.03879
3068.62810,0.03862
3066.69936,0.03861
3064.77062,0.03868
3062.84188,0.03870
3060.91314,0.03867
3058.98439,0.03859
3057.05565,0.03848
3055.12691,0.03842
3053.19817,0.03842
3051.26943,0.03831
3049.34069,0.03805
3047.41194,0.03780
3045.48320,0.03758
3043.55446,0.03735
3041.62572,0.03723
3039.69698,0.03719
3037.76824,0.03710
3035.83949,0.03701
3033.91075,0.03690
3031.98201,0.03677
3030.05327,0.03670
3028.12453,0.03667
3026.19578,0.03662
3024.26704,0.03663
3022.33830,0.03677
3020.40956,0.03692
3018.48082,0.03704
3016.55208,0.03713
3014.62333,0.03716
3012.69459,0.03725
3010.76585,0.03743
3008.83711,0.03759
3006.90837,0.03777
3004.97963,0.03790
3003.05088,0.03794
3001.12214,0.03791
2999.19340,0.03781
2997.26466,0.03776
2995.33592,0.03786
2993.40718,0.03802
2991.47843,0.03814
2989.54969,0.03820
2987.62095,0.03831
2985.69221,0.03854
2983.76347,0.03885
2981.83472,0.03922
2979.90598,0.03965
2977.97724,0.04013
2976.04850,0.04056
2974.11976,0.04098
2972.19102,0.04141
2970.26227,0.04179
2968.33353,0.04201
2966.40479,0.04214
2964.47605,0.04210
2962.54731,0.04184
2960.61857,0.04154
2958.68982,0.04127
2956.76108,0.04102
2954.83234,0.04082
2952.90360,0.04068
2950.97486,0.04061
2949.04612,0.04057
2947.11737,0.04046
2945.18863,0.04017
2943.25989,0.03978
2941.33115,0.03955
2939.40241,0.03943
2937.47366,0.03917
2935.54492,0.03888
2933.61618,0.03879
2931.68744,0.03881
2929.75870,0.03873
2927.82996,0.03855
2925.90121,0.03842
2923.97247,0.03840
2922.04373,0.03846
2920.11499,0.03853
2918.18625,0.03866
2916.25751,0.03899
2914.32876,0.03960
2912.40002,0.04042
2910.47128,0.04131
2908.54254,0.04210
2906.61380,0.04271
2904.68506,0.04305
2902.75631,0.04318
2900.82757,0.04318
2898.89883,0.04315
2896.97009,0.04313
2895.04135,0.04307
2893.11260,0.04293
2891.18386,0.04285
2889.25512,0.04282
2887.32638,0.04273
2885.39764,0.04259
2883.46890,0.04250
2881.54015,0.04244
2879.61141,0.04233
2877.68267,0.04216
2875.75393,0.04195
2873.82519,0.04182
2871.89645,0.04178
2869.96770,0.04178
2868.03896,0.04169
2866.11022,0.04149
2864.18148,0.04130
2862.25274,0.04113
2860.32400,0.04088
2858.39525,0.04062
2856.46651,0.04038
2854.53777,0.04009
2852.60903,0.03967
2850.68029,0.03920
2848.75154,0.03879
2846.82280,0.03857
2844.89406,0.03862
2842.96532,0.03881
2841.03658,0.03890
2839.10784,0.03882
2837.17909,0.03865
2835.25035,0.03847
2833.32161,0.03830
2831.39287,0.03816
2829.46413,0.03816
2827.53539,0.03819
2825.60664,0.03807
2823.67790,0.03784
2821.74916,0.03771
2819.82042,0.03765
2817.89168,0.03753
2815.96294,0.03740
2814.03419,0.03729
2812.10545,0.03722
2810.17671,0.03724
2808.24797,0.03728
2806.31923,0.03722
2804.39048,0.03707
2802.46174,0.03691
2800.53300,0.03683
2798.60426,0.03686
2796.67552,0.03695
2794.74678,0.03691
2792.81803,0.03665
2790.88929,0.03638
2788.96055,0.03633
2787.03181,0.03636
2785.10307,0.03634
2783.17433,0.03634
2781.24558,0.03637
2779.31684,0.03631
2777.38810,0.03617
2775.45936,0.03607
2773.53062,0.03603
2771.60188,0.03598
2769.67313,0.03595
2767.74439,0.03594
2765.81565,0.03592
2763.88691,0.03588
2761.95817,0.03587
2760.02943,0.03593
2758.10068,0.03596
2756.17194,0.03585
2754.24320,0.03574
2752.31446,0.03570
2750.38572,0.03570
2748.45697,0.03568
2746.52823,0.03561
2744.59949,0.03555
2742.67075,0.03557
2740.74201,0.03559
2738.81327,0.03564
2736.88452,0.03570
2734.95578,0.03568
2733.02704,0.03559
2731.09830,0.03548
2729.16956,0.03540
2727.24082,0.03536
2725.31207,0.03539
2723.38333,0.03544
2721.45459,0.03542
2719.52585,0.03537
2717.59711,0.03532
2715.66837,0.03528
2713.73962,0.03529
2711.81088,0.03530
2709.88214,0.03528
2707.95340,0.03531
2706.02466,0.03534
2704.09591,0.03529
2702.16717,0.03518
2700.23843,0.03503
2698.30969,0.03493
2696.38095,0.03492
2694.45221,0.03492
2692.52346,0.03490
2690.59472,0.03489
2688.66598,0.03484
2686.73724,0.03471
2684.80850,0.03453
2682.87976,0.03448
2680.95101,0.03461
2679.02227,0.03473
2677.09353,0.03475
2675.16479,0.03471
2673.23605,0.03466
2671.30731,0.03460
2669.37856,0.03458
2667.44982,0.03456
2665.52108,0.03448
2663.59234,0.03447
2661.66360,0.03462
2659.73485,0.03476
2657.80611,0.03479
2655.87737,0.03482
2653.94863,0.03488
2652.01989,0.03488
2650.09115,0.03481
2648.16240,0.03479
2646.23366,0.03488
2644.30492,0.03501
2642.37618,0.03507
2640.44744,0.03505
2638.51870,0.03503
2636.58995,0.03504
2634.66121,0.03508
2632.73247,0.03510
2630.80373,0.03508
2628.87499,0.03502
2626.94625,0.03498
2625.01750,0.03501
2623.08876,0.03510
2621.16002,0.03520
2619.23128,0.03520
2617.30254,0.03514
2615.37379,0.03507
2613.44505,0.03501
2611.51631,0.03500
2609.58757,0.03510
2607.65883,0.03515
2605.73009,0.03506
2603.80134,0.03497
2601.87260,0.03496
2599.94386,0.03500
2598.01512,0.03498
2596.08638,0.03488
2594.15764,0.03484
2592.22889,0.03488
2590.30015,0.03488
2588.37141,0.03489
2586.44267,0.03496
2584.51393,0.03502
2582.58519,0.03507
2580.65644,0.03513
2578.72770,0.03514
2576.79896,0.03511
2574.87022,0.03501
2572.94148,0.03486
2571.01273,0.03487
2569.08399,0.03507
2567.15525,0.03511
2565.22651,0.03488
2563.29777,0.03472
2561.36903,0.03484
2559.44028,0.03503
2557.51154,0.03505
2555.58280,0.03491
2553.65406,0.03481
2551.72532,0.03487
2549.79658,0.03498
2547.86783,0.03511
2545.93909,0.03529
2544.01035,0.03535
2542.08161,0.03518
2540.15287,0.03501
2538.22413,0.03505
2536.29538,0.03516
2534.36664,0.03514
2532.43790,0.03496
2530.50916,0.03473
2528.58042,0.03455
2526.65167,0.03442
2524.72293,0.03442
2522.79419,0.03457
2520.86545,0.03475
2518.93671,0.03480
2517.00797,0.03468
2515.07922,0.03460
2513.15048,0.03477
2511.22174,0.03488
2509.29300,0.03473
2507.36426,0.03448
2505.43552,0.03422
2503.50677,0.03406
2501.57803,0.03423
2499.64929,0.03448
2497.72055,0.03452
2495.79181,0.03446
2493.86307,0.03446
2491.93432,0.03443
2490.00558,0.03439
2488.07684,0.03440
2486.14810,0.03433
2484.21936,0.03424
2482.29061,0.03421
2480.36187,0.03414
2478.43313,0.03403
2476.50439,0.03399
2474.57565,0.03398
2472.64691,0.03392
2470.71816,0.03393
2468.78942,0.03407
2466.86068,0.03420
2464.93194,0.03413
2463.00320,0.03396
2461.07446,0.03388
2459.14571,0.03389
2457.21697,0.03390
2455.28823,0.03387
2453.35949,0.03380
2451.43075,0.03372
2449.50201,0.03364
2447.57326,0.03363
2445.64452,0.03373
2443.71578,0.03385
2441.78704,0.03388
2439.85830,0.03380
2437.92956,0.03373
2436.00081,0.03367
2434.07207,0.03355
2432.14333,0.03346
2430.21459,0.03346
2428.28585,0.03350
2426.35710,0.03343
2424.42836,0.03322
2422.49962,0.03314
2420.57088,0.03338
2418.64214,0.03360
2416.71340,0.03352
2414.78465,0.03329
2412.85591,0.03323
2410.92717,0.03341
2408.99843,0.03359
2407.06969,0.03354
2405.14095,0.03334
2403.21220,0.03319
2401.28346,0.03317
2399.35472,0.03321
2397.42598,0.03322
2395.49724,0.03310
2393.56850,0.03296
2391.63975,0.03298
2389.71101,0.03320
2387.78227,0.03348
2385.85353,0.03368
2383.92479,0.03385
2381.99604,0.03428
2380.06730,0.03513
2378.13856,0.03627
2376.20982,0.03751
2374.28108,0.03864
2372.35234,0.03956
2370.42359,0.04036
2368.49485,0.04113
2366.56611,0.04181
2364.63737,0.04228
2362.70863,0.04258
2360.77989,0.04279
2358.85114,0.04277
2356.92240,0.04232
2354.99366,0.04158
2353.06492,0.04055
2351.13618,0.03923
2349.20744,0.03842
2347.27869,0.03879
2345.34995,0.03977
2343.42121,0.04025
2341.49247,0.04015
2339.56373,0.03991
2337.63498,0.03966
2335.70624,0.03947
2333.77750,0.03940
2331.84876,0.03940
2329.92002,0.03930
2327.99128,0.03909
2326.06253,0.03910
2324.13379,0.03927
2322.20505,0.03908
2320.27631,0.03843
2318.34757,0.03772
2316.41883,0.03713
2314.49008,0.03666
2312.56134,0.03633
2310.63260,0.03600
2308.70386,0.03565
2306.77512,0.03535
2304.84638,0.03501
2302.91763,0.03462
2300.98889,0.03434
2299.06015,0.03421
2297.13141,0.03416
2295.20267,0.03413
2293.27392,0.03412
2291.34518,0.03410
2289.41644,0.03410
2287.48770,0.03416
2285.55896,0.03415
2283.63022,0.03393
2281.70147,0.03372
2279.77273,0.03379
2277.84399,0.03392
2275.91525,0.03383
2273.98651,0.03364
2272.05777,0.03350
2270.12902,0.03341
2268.20028,0.03336
2266.27154,0.03325
2264.34280,0.03311
2262.41406,0.03317
2260.48532,0.03345
2258.55657,0.03354
2256.62783,0.03340
2254.69909,0.03325
2252.77035,0.03316
2250.84161,0.03321
2248.91286,0.03345
2246.98412,0.03363
2245.05538,0.03356
2243.12664,0.03343
2241.19790,0.03340
2239.26916,0.03333
2237.34041,0.03319
2235.41167,0.03305
2233.48293,0.03296
2231.55419,0.03294
2229.62545,0.03292
2227.69671,0.03290
2225.76796,0.03313
2223.83922,0.03345
2221.91048,0.03340
2219.98174,0.03306
2218.05300,0.03288
2216.12426,0.03296
2214.19551,0.03300
2212.26677,0.03287
2210.33803,0.03277
2208.40929,0.03286
2206.48055,0.03311
2204.55180,0.03318
2202.62306,0.03277
2200.69432,0.03229
2198.76558,0.03229
2196.83684,0.03255
2194.90810,0.03261
2192.97935,0.03235
2191.05061,0.03217
2189.12187,0.03229
2187.19313,0.03231
2185.26439,0.03215
2183.33565,0.03199
2181.40690,0.03184
2179.47816,0.03183
2177.54942,0.03190
2175.62068,0.03179
2173.69194,0.03163
2171.76320,0.03174
2169.83445,0.03221
2167.90571,0.03283
2165.97697,0.03317
2164.04823,0.03311
2162.11949,0.03301
2160.19074,0.03267
2158.26200,0.03158
2156.33326,0.03060
2154.40452,0.03066
2152.47578,0.03107
2150.54704,0.03106
2148.61829,0.03095
2146.68955,0.03114
2144.76081,0.03128
2142.83207,0.03109
2140.90333,0.03093
2138.97459,0.03097
2137.04584,0.03107
2135.11710,0.03103
2133.18836,0.03091
2131.25962,0.03108
2129.33088,0.03142
2127.40214,0.03160
2125.47339,0.03169
2123.54465,0.03196
2121.61591,0.03232
2119.68717,0.03241
2117.75843,0.03222
2115.82969,0.03214
2113.90094,0.03228
2111.97220,0.03243
2110.04346,0.03249
2108.11472,0.03246
2106.18598,0.03239
2104.25723,0.03247
2102.32849,0.03268
2100.39975,0.03259
2098.47101,0.03224
2096.54227,0.03202
2094.61353,0.03188
2092.68478,0.03162
2090.75604,0.03148
2088.82730,0.03153
2086.89856,0.03155
2084.96982,0.03147
2083.04108,0.03144
2081.11233,0.03157
2079.18359,0.03176
2077.25485,0.03180
2075.32611,0.03168
2073.39737,0.03165
2071.46863,0.03175
2069.53988,0.03168
2067.61114,0.03135
2065.68240,0.03127
2063.75366,0.03166
2061.82492,0.03195
2059.89617,0.03173
2057.96743,0.03132
2056.03869,0.03103
2054.10995,0.03088
2052.18121,0.03103
2050.25247,0.03131
2048.32372,0.03116
2046.39498,0.03071
2044.46624,0.03044
2042.53750,0.03025
2040.60876,0.03002
2038.68002,0.03016
2036.75127,0.03059
2034.82253,0.03069
2032.89379,0.03038
2030.96505,0.03002
2029.03631,0.02979
2027.10757,0.02976
2025.17882,0.02980
2023.25008,0.02975
2021.32134,0.02959
2019.39260,0.02949
2017.46386,0.02946
2015.53511,0.02956
2013.60637,0.02995
2011.67763,0.03012
2009.74889,0.02988
2007.82015,0.02981
2005.89141,0.02996
2003.96266,0.02977
2002.03392,0.02945
2000.10518,0.02957
1998.17644,0.02993
1996.24770,0.02996
1994.31896,0.02946
1992.39021,0.02895
1990.46147,0.02902
1988.53273,0.02939
1986.60399,0.02974
1984.67525,0.03013
1982.74651,0.03042
1980.81776,0.03059
1978.88902,0.03051
1976.96028,0.03006
1975.03154,0.02956
1973.10280,0.02922
1971.17405,0.02909
1969.24531,0.02923
1967.31657,0.02943
1965.38783,0.02971
1963.45909,0.03009
1961.53035,0.03023
1959.60160,0.03013
1957.67286,0.02997
1955.74412,0.02975
1953.81538,0.02958
1951.88664,0.02961
1949.95790,0.02974
1948.02915,0.02973
1946.10041,0.02941
1944.17167,0.02889
1942.24293,0.02868
1940.31419,0.02889
1938.38545,0.02900
1936.45670,0.02882
1934.52796,0.02862
1932.59922,0.02842
1930.67048,0.02823
1928.74174,0.02814
1926.81299,0.02802
1924.88425,0.02760
1922.95551,0.02724
1921.02677,0.02703
1919.09803,0.02661
1917.16929,0.02648
1915.24054,0.02702
1913.31180,0.02733
1911.38306,0.02701
1909.45432,0.02661
1907.52558,0.02651
1905.59684,0.02657
1903.66809,0.02652
1901.73935,0.02640
1899.81061,0.02627
1897.88187,0.02606
1895.95313,0.02582
1894.02439,0.02559
1892.09564,0.02528
1890.16690,0.02495
1888.23816,0.02497
1886.30942,0.02526
1884.38068,0.02540
1882.45193,0.02535
1880.52319,0.02527
1878.59445,0.02532
1876.66571,0.02536
1874.73697,0.02516
1872.80823,0.02439
1870.87948,0.02301
1868.95074,0.02210
1867.02200,0.02271
1865.09326,0.02392
1863.16452,0.02456
1861.23578,0.02474
1859.30703,0.02481
1857.37829,0.02481
1855.44955,0.02468
1853.52081,0.02447
1851.59207,0.02420
1849.66333,0.02377
1847.73458,0.02283
1845.80584,0.02129
1843.87710,0.02076
1841.94836,0.02223
1840.01962,0.02369
1838.09087,0.02401
1836.16213,0.02395
1834.23339,0.02375
1832.30465,0.02293
1830.37591,0.02196
1828.44717,0.02190
1826.51842,0.02231
1824.58968,0.02272
1822.66094,0.02338
1820.73220,0.02380
1818.80346,0.02370
1816.87472,0.02350
1814.94597,0.02327
1813.01723,0.02275
1811.08849,0.02221
1809.15975,0.02218
1807.23101,0.02251
1805.30227,0.02242
1803.37352,0.02157
1801.44478,0.02056
1799.51604,0.02033
1797.58730,0.02063
1795.65856,0.02005
1793.72982,0.01836
1791.80107,0.01769
1789.87233,0.01902
1787.94359,0.02017
1786.01485,0.02004
1784.08611,0.01959
1782.15736,0.01927
1780.22862,0.01908
1778.29988,0.01904
1776.37114,0.01824
1774.44240,0.01593
1772.51366,0.01387
1770.58491,0.01430
1768.65617,0.01609
1766.72743,0.01756
1764.79869,0.01789
1762.86995,0.01705
1760.94121,0.01677
1759.01246,0.01740
1757.08372,0.01790
1755.15498,0.01829
1753.22624,0.01806
1751.29750,0.01765
1749.36876,0.01938
1747.44001,0.02353
1745.51127,0.02868
1743.58253,0.03408
1741.65379,0.03959
1739.72505,0.04602
1737.79630,0.05259
1735.86756,0.05728
1733.93882,0.06313
1732.01008,0.07334
1730.08134,0.08419
1728.15260,0.09332
1726.22385,0.10126
1724.29511,0.10844
1722.36637,0.11481
1720.43763,0.11908
1718.50889,0.12196
1716.58015,0.12700
1714.65140,0.13396
1712.72266,0.13883
1710.79392,0.13967
1708.86518,0.13656
1706.93644,0.13066
1705.00770,0.12384
1703.07895,0.11555
1701.15021,0.10519
1699.22147,0.09737
1697.29273,0.09356
1695.36399,0.09116
1693.43524,0.09024
1691.50650,0.08883
1689.57776,0.08555
1687.64902,0.08080
1685.72028,0.07458
1683.79154,0.07104
1681.86279,0.07271
1679.93405,0.07443
1678.00531,0.07274
1676.07657,0.06909
1674.14783,0.06666
1672.21909,0.06520
1670.29034,0.06312
1668.36160,0.06231
1666.43286,0.06274
1664.50412,0.06155
1662.57538,0.05959
1660.64664,0.05905
1658.71789,0.05856
1656.78915,0.05495
1654.86041,0.04732
1652.93167,0.04223
1651.00293,0.04514
1649.07418,0.04781
1647.14544,0.04699
1645.21670,0.04775
1643.28796,0.05042
1641.35922,0.05139
1639.43048,0.04951
1637.50173,0.04536
1635.57299,0.04264
1633.64425,0.04462
1631.71551,0.04743
1629.78677,0.04755
1627.85803,0.04631
1625.92928,0.04499
1624.00054,0.04382
1622.07180,0.04386
1620.14306,0.04392
1618.21432,0.04210
1616.28558,0.04116
1614.35683,0.04332
1612.42809,0.04519
1610.49935,0.04500
1608.57061,0.04410
1606.64187,0.04342
1604.71312,0.04283
1602.78438,0.04224
1600.85564,0.04173
1598.92690,0.04117
1596.99816,0.04044
1595.06942,0.03975
1593.14067,0.03940
1591.21193,0.03927
1589.28319,0.03917
1587.35445,0.03911
1585.42571,0.03923
1583.49697,0.03973
1581.56822,0.04041
1579.63948,0.03980
1577.71074,0.03704
1575.78200,0.03519
1573.85326,0.03612
1571.92452,0.03602
1569.99577,0.03430
1568.06703,0.03410
1566.13829,0.03485
1564.20955,0.03414
1562.28081,0.03009
1560.35206,0.02278
1558.42332,0.01942
1556.49458,0.02355
1554.56584,0.02818
1552.63710,0.03048
1550.70836,0.03140
1548.77961,0.03131
1546.85087,0.02981
1544.92213,0.02638
1542.99339,0.02147
1541.06465,0.01726
1539.13591,0.01829
1537.20716,0.02329
1535.27842,0.02590
1533.34968,0.02642
1531.42094,0.02789
1529.49220,0.02880
1527.56346,0.02775
1525.63471,0.02599
1523.70597,0.02366
1521.77723,0.02147
1519.84849,0.02168
1517.91975,0.02333
1515.99100,0.02488
1514.06226,0.02637
1512.13352,0.02723
1510.20478,0.02677
1508.27604,0.02584
1506.34730,0.02869
1504.41855,0.03540
1502.48981,0.03840
1500.56107,0.03542
1498.63233,0.03027
1496.70359,0.02725
1494.77485,0.02734
1492.84610,0.02738
1490.91736,0.02587
1488.98862,0.02541
1487.05988,0.02765
1485.13114,0.03083
1483.20240,0.03320
1481.27365,0.03464
1479.34491,0.03544
1477.41617,0.03537
1475.48743,0.03452
1473.55869,0.03429
1471.62995,0.03644
1469.70120,0.03937
1467.77246,0.03971
1465.84372,0.03817
1463.91498,0.03808
1461.98624,0.03907
1460.05749,0.03765
1458.12875,0.03431
1456.20001,0.03475
1454.27127,0.03938
1452.34253,0.04263
1450.41379,0.04285
1448.48504,0.04196
1446.55630,0.04173
1444.62756,0.04204
1442.69882,0.04197
1440.77008,0.04091
1438.84134,0.03831
1436.91259,0.03589
1434.98385,0.03636
1433.05511,0.03773
1431.12637,0.03752
1429.19763,0.03680
1427.26889,0.03641
1425.34014,0.03577
1423.41140,0.03474
1421.48266,0.03321
1419.55392,0.03272
1417.62518,0.03669
1415.69643,0.04469
1413.76769,0.05397
1411.83895,0.06312
1409.91021,0.07011
1407.98147,0.07254
1406.05273,0.07004
1404.12398,0.06495
1402.19524,0.05934
1400.26650,0.05360
1398.33776,0.04853
1396.40902,0.04487
1394.48028,0.04288
1392.55153,0.04254
1390.62279,0.04227
1388.69405,0.04125
1386.76531,0.04098
1384.83657,0.04203
1382.90783,0.04307
1380.97908,0.04357
1379.05034,0.04393
1377.12160,0.04428
1375.19286,0.04480
1373.26412,0.04601
1371.33537,0.04741
1369.40663,0.04772
1367.47789,0.04679
1365.54915,0.04487
1363.62041,0.04246
1361.69167,0.04089
1359.76292,0.04056
1357.83418,0.04058
1355.90544,0.04062
1353.97670,0.04103
1352.04796,0.04212
1350.11922,0.04433
1348.19047,0.04840
1346.26173,0.05476
1344.33299,0.06283
1342.40425,0.07089
1340.47551,0.07687
1338.54677,0.07944
1336.61802,0.07802
1334.68928,0.07281
1332.76054,0.06524
1330.83180,0.05750
1328.90306,0.05136
1326.97431,0.04747
1325.04557,0.04559
1323.11683,0.04520
1321.18809,0.04575
1319.25935,0.04683
1317.33061,0.04819
1315.40186,0.04953
1313.47312,0.05072
1311.54438,0.05186
1309.61564,0.05291
1307.68690,0.05372
1305.75816,0.05441
1303.82941,0.05533
1301.90067,0.05682
1299.97193,0.05903
1298.04319,0.06190
1296.11445,0.06525
1294.18571,0.06884
1292.25696,0.07239
1290.32822,0.07578
1288.39948,0.07914
1286.47074,0.08269
1284.54200,0.08634
1282.61325,0.08995
1280.68451,0.09341
1278.75577,0.09665
1276.82703,0.09981
1274.89829,0.10314
1272.96955,0.10682
1271.04080,0.11096
1269.11206,0.11557
1267.18332,0.12031
1265.25458,0.12476
1263.32584,0.12872
1261.39710,0.13201
1259.46835,0.13454
1257.53961,0.13652
1255.61087,0.13839
1253.68213,0.14059
1251.75339,0.14338
1249.82465,0.14666
1247.89590,0.15003
1245.96716,0.15295
1244.03842,0.15517
1242.10968,0.15661
1240.18094,0.15703
1238.25219,0.15615
1236.32345,0.15394
1234.39471,0.15051
1232.46597,0.14607
1230.53723,0.14108
1228.60849,0.13608
1226.67974,0.13152
1224.75100,0.12756
1222.82226,0.12401
1220.89352,0.12047
1218.96478,0.11672
1217.03604,0.11287
1215.10729,0.10918
1213.17855,0.10596
1211.24981,0.10344
1209.32107,0.10159
1207.39233,0.09995
1205.46359,0.09795
1203.53484,0.09546
1201.60610,0.09258
1199.67736,0.08939
1197.74862,0.08605
1195.81988,0.08273
1193.89113,0.07950
1191.96239,0.07650
1190.03365,0.07387
1188.10491,0.07168
1186.17617,0.07001
1184.24743,0.06891
1182.31868,0.06837
1180.38994,0.06832
1178.46120,0.06872
1176.53246,0.06938
1174.60372,0.06997
1172.67498,0.07029
1170.74623,0.07029
1168.81749,0.07007
1166.88875,0.06993
1164.96001,0.07005
1163.03127,0.07011
1161.10253,0.06968
1159.17378,0.06878
1157.24504,0.06782
1155.31630,0.06703
1153.38756,0.06639
1151.45882,0.06611
1149.53007,0.06644
1147.60133,0.06720
1145.67259,0.06822
1143.74385,0.06983
1141.81511,0.07225
1139.88637,0.07543
1137.95762,0.07955
1136.02888,0.08505
1134.10014,0.09190
1132.17140,0.09943
1130.24266,0.10703
1128.31392,0.11457
1126.38517,0.12211
1124.45643,0.12926
1122.52769,0.13541
1120.59895,0.14031
1118.67021,0.14424
1116.74147,0.14762
1114.81272,0.15067
1112.88398,0.15354
1110.95524,0.15654
1109.02650,0.16008
1107.09776,0.16439
1105.16902,0.16907
1103.24027,0.17336
1101.31153,0.17672
1099.38279,0.17910
1097.45405,0.18044
1095.52531,0.18074
1093.59656,0.18020
1091.66782,0.17916
1089.73908,0.17792
1087.81034,0.17650
1085.88160,0.17470
1083.95286,0.17253
1082.02411,0.17010
1080.09537,0.16746
1078.16663,0.16466
1076.23789,0.16167
1074.30915,0.15852
1072.38041,0.15561
1070.45166,0.15327
1068.52292,0.15161
1066.59418,0.15085
1064.66544,0.15107
1062.73670,0.15190
1060.80796,0.15276
1058.87921,0.15325
1056.95047,0.15321
1055.02173,0.15273
1053.09299,0.15188
1051.16425,0.15064
1049.23550,0.14921
1047.30676,0.14778
1045.37802,0.14635
1043.44928,0.14490
1041.52054,0.14369
1039.59180,0.14304
1037.66305,0.14286
1035.73431,0.14282
1033.80557,0.14240
1031.87683,0.14117
1029.94809,0.13954
1028.01935,0.13910
1026.09060,0.14180
1024.16186,0.14824
1022.23312,0.15705
1020.30438,0.16612
1018.37564,0.17329
1016.44690,0.17614
1014.51815,0.17349
1012.58941,0.16719
1010.66067,0.16037
1008.73193,0.15490
1006.80319,0.15102
1004.87444,0.14827
1002.94570,0.14617
1001.01696,0.14436
999.08822,0.14256
997.15948,0.14064
995.23074,0.13863
993.30199,0.13678
991.37325,0.13547
989.44451,0.13490
987.51577,0.13491
985.58703,0.13506
983.65829,0.13502
981.72954,0.13468
979.80080,0.13408
977.87206,0.13344
975.94332,0.13308
974.01458,0.13303
972.08584,0.13304
970.15709,0.13268
968.22835,0.13164
966.29961,0.12999
964.37087,0.12793
962.44213,0.12557
960.51338,0.12300
958.58464,0.12035
956.65590,0.11794
954.72716,0.11592
952.79842,0.11403
950.86968,0.11209
948.94093,0.11025
947.01219,0.10860
945.08345,0.10715
943.15471,0.10570
941.22597,0.10411
939.29723,0.10267
937.36848,0.10162
935.43974,0.10064
933.51100,0.09953
931.58226,0.09849
929.65352,0.09758
927.72478,0.09658
925.79603,0.09542
923.86729,0.09435
921.93855,0.09364
920.00981,0.09313
918.08107,0.09251
916.15232,0.09180
914.22358,0.09137
912.29484,0.09137
910.36610,0.09163
908.43736,0.09207
906.50862,0.09278
904.57987,0.09368
902.65113,0.09451
900.72239,0.09505
898.79365,0.09523
896.86491,0.09515
894.93617,0.09483
893.00742,0.09430
891.07868,0.09357
889.14994,0.09274
887.22120,0.09226
885.29246,0.09254
883.36372,0.09382
881.43497,0.09646
879.50623,0.10055
877.57749,0.10606
875.64875,0.11362
873.72001,0.12253
871.79126,0.12792
869.86252,0.12574
867.93378,0.11859
866.00504,0.11165
864.07630,0.10697
862.14756,0.10429
860.21881,0.10297
858.29007,0.10244
856.36133,0.10243
854.43259,0.10302
852.50385,0.10419
850.57511,0.10589
848.64636,0.10769
846.71762,0.10863
844.78888,0.10836
842.86014,0.10717
840.93140,0.10518
839.00266,0.10275
837.07391,0.10054
835.14517,0.09866
833.21643,0.09680
831.28769,0.09500
829.35895,0.09356
827.43020,0.09240
825.50146,0.09127
823.57272,0.09018
821.64398,0.08916
819.71524,0.08831
817.78650,0.08779
815.85775,0.08733
813.92901,0.08691
812.00027,0.08680
810.07153,0.08678
808.14279,0.08650
806.21405,0.08592
804.28530,0.08536
802.35656,0.08504
800.42782,0.08483
798.49908,0.08514
796.57034,0.08675
794.64160,0.08916
792.71285,0.09076
790.78411,0.09073
788.85537,0.08932
786.92663,0.08722
784.99789,0.08524
783.06915,0.08367
781.14040,0.08229
779.21166,0.08086
777.28292,0.07933
775.35418,0.07793
773.42544,0.07684
771.49669,0.07587
769.56795,0.07476
767.63921,0.07341
765.71047,0.07188
763.78173,0.07027
761.85299,0.06866
759.92424,0.06727
757.99550,0.06631
756.06676,0.06554
754.13802,0.06461
752.20928,0.06351
750.28054,0.06237
748.35179,0.06136
746.42305,0.06083
744.49431,0.06136
742.56557,0.06383
740.63683,0.06943
738.70809,0.07909
736.77934,0.09281
734.85060,0.10948
732.92186,0.12766
730.99312,0.14674
729.06438,0.16639
727.13563,0.18546
725.20689,0.20142
723.27815,0.21104
721.34941,0.21320
719.42067,0.20986
717.49193,0.20365
715.56318,0.19646
713.63444,0.18966
711.70570,0.18391
709.77696,0.17900
707.84822,0.17482
705.91948,0.17144
703.99073,0.16842
702.06199,0.16524
700.13325,0.16159
698.20451,0.15750
696.27577,0.15369
694.34703,0.15063
692.41828,0.14822
690.48954,0.14633
688.56080,0.14461
686.63206,0.14291
684.70332,0.14164
682.77457,0.14084
680.84583,0.14028
678.91709,0.14018
676.98835,0.14069
675.05961,0.14117
673.13087,0.14145
671.20212,0.14243
669.27338,0.14391
667.34464,0.14351
665.41590,0.14143
663.48716,0.13996
661.55842,0.13922
659.62967,0.13890
657.70093,0.13832
655.77219,0.13693
653.84345,0.13518
651.91471,0.13315
649.98597,0.13162
648.05722,0.13181
646.12848,0.13266
644.19974,0.13259
642.27100,0.13251
640.34226,0.13302
638.41351,0.13255
636.48477,0.13185
634.55603,0.13342
632.62729,0.13613
630.69855,0.13698
628.76981,0.13534
626.84106,0.13331
624.91232,0.13336
622.98358,0.13503
621.05484,0.13659
619.12610,0.13857
617.19736,0.14068
615.26861,0.13944
613.33987,0.13501
611.41113,0.13195
609.48239,0.13078
607.55365,0.12883
605.62491,0.12741
603.69616,0.12954
601.76742,0.13332
599.83868,0.13461
