3996.35288,0.02822
3994.42414,0.02819
3992.49539,0.02833
3990.56665,0.02847
3988.63791,0.02845
3986.70917,0.02832
3984.78043,0.02823
3982.85169,0.02808
3980.92294,0.02782
3978.99420,0.02767
3977.06546,0.02760
3975.13672,0.02757
3973.20798,0.02770
3971.27924,0.02792
3969.35049,0.02810
3967.42175,0.02823
3965.49301,0.02819
3963.56427,0.02793
3961.63553,0.02774
3959.70679,0.02782
3957.77804,0.02791
3955.84930,0.02790
3953.92056,0.02776
3951.99182,0.02734
3950.06308,0.02691
3948.13433,0.02695
3946.20559,0.02727
3944.27685,0.02727
3942.34811,0.02718
3940.41937,0.02747
3938.49063,0.02774
3936.56188,0.02752
3934.63314,0.02687
3932.70440,0.02629
3930.77566,0.02644
3928.84692,0.02698
3926.91818,0.02696
3924.98943,0.02654
3923.06069,0.02640
3921.13195,0.02623
3919.20321,0.02566
3917.27447,0.02551
3915.34573,0.02641
3913.41698,0.02758
3911.48824,0.02815
3909.55950,0.02798
3907.63076,0.02665
3905.70202,0.02407
3903.77327,0.02179
3901.84453,0.02131
3899.91579,0.02248
3897.98705,0.02459
3896.05831,0.02629
3894.12957,0.02608
3892.20082,0.02485
3890.27208,0.02477
3888.34334,0.02482
3886.41460,0.02365
3884.48586,0.02322
3882.55712,0.02378
3880.62837,0.02406
3878.69963,0.02491
3876.77089,0.02567
3874.84215,0.02493
3872.91341,0.02319
3870.98467,0.02140
3869.05592,0.02118
3867.12718,0.02236
3865.19844,0.02286
3863.26970,0.02321
3861.34096,0.02435
3859.41221,0.02511
3857.48347,0.02327
3855.55473,0.01770
3853.62599,0.01312
3851.69725,0.01611
3849.76851,0.02243
3847.83976,0.02595
3845.91102,0.02624
3843.98228,0.02500
3842.05354,0.02333
3840.12480,0.02119
3838.19606,0.01957
3836.26731,0.02026
3834.33857,0.02224
3832.40983,0.02376
3830.48109,0.02503
3828.55235,0.02586
3826.62361,0.02582
3824.69486,0.02474
3822.76612,0.02219
3820.83738,0.02036
3818.90864,0.02082
3816.97990,0.02132
3815.05115,0.02254
3813.12241,0.02541
3811.19367,0.02697
3809.26493,0.02554
3807.33619,0.02333
3805.40745,0.02282
3803.47870,0.02222
3801.54996,0.02111
3799.62122,0.02211
3797.69248,0.02405
3795.76374,0.02531
3793.83500,0.02657
3791.90625,0.02753
3789.97751,0.02784
3788.04877,0.02778
3786.12003,0.02744
3784.19129,0.02704
3782.26255,0.02654
3780.33380,0.02586
3778.40506,0.02604
3776.47632,0.02721
3774.54758,0.02781
3772.61884,0.02693
3770.69009,0.02539
3768.76135,0.02486
3766.83261,0.02537
3764.90387,0.02602
3762.97513,0.02634
3761.04639,0.02556
3759.11764,0.02437
3757.18890,0.02414
3755.26016,0.02341
3753.33142,0.02023
3751.40268,0.01649
3749.47394,0.01610
3747.54519,0.01716
3745.61645,0.01620
3743.68771,0.01682
3741.75897,0.02126
3739.83023,0.02392
3737.90149,0.02217
3735.97274,0.01936
3734.04400,0.01913
3732.11526,0.02157
3730.18652,0.02455
3728.25778,0.02589
3726.32904,0.02548
3724.40029,0.02498
3722.47155,0.02513
3720.54281,0.02578
3718.61407,0.02657
3716.68533,0.02658
3714.75658,0.02486
3712.82784,0.02206
3710.89910,0.02113
3708.97036,0.02322
3707.04162,0.02595
3705.11288,0.02705
3703.18413,0.02637
3701.25539,0.02594
3699.32665,0.02684
3697.39791,0.02772
3695.46917,0.02750
3693.54043,0.02599
3691.61168,0.02322
3689.68294,0.02076
3687.75420,0.02157
3685.82546,0.02502
3683.89672,0.02742
3681.96798,0.02756
3680.03923,0.02615
3678.11049,0.02295
3676.18175,0.01929
3674.25301,0.01882
3672.32427,0.02015
3670.39552,0.02057
3668.46678,0.02247
3666.53804,0.02593
3664.60930,0.02801
3662.68056,0.02840
3660.75182,0.02808
3658.82307,0.02690
3656.89433,0.02542
3654.96559,0.02512
3653.03685,0.02430
3651.10811,0.02102
3649.17937,0.01860
3647.25062,0.02075
3645.32188,0.02510
3643.39314,0.02798
3641.46440,0.02893
3639.53566,0.02914
3637.60692,0.02902
3635.67817,0.02852
3633.74943,0.02772
3631.82069,0.02560
3629.89195,0.02244
3627.96321,0.02235
3626.03446,0.02584
3624.10572,0.02815
3622.17698,0.02740
3620.24824,0.02532
3618.31950,0.02465
3616.39076,0.02545
3614.46201,0.02566
3612.53327,0.02520
3610.60453,0.02478
3608.67579,0.02485
3606.74705,0.02615
3604.81831,0.02784
3602.88956,0.02841
3600.96082,0.02812
3599.03208,0.02793
3597.10334,0.02769
3595.17460,0.02735
3593.24586,0.02742
3591.31711,0.02718
3589.38837,0.02571
3587.45963,0.02461
3585.53089,0.02571
3583.60215,0.02771
3581.67340,0.02872
3579.74466,0.02883
3577.81592,0.02881
3575.88718,0.02871
3573.95844,0.02842
3572.02970,0.02792
3570.10095,0.02667
3568.17221,0.02510
3566.24347,0.02505
3564.31473,0.02663
3562.38599,0.02806
3560.45725,0.02870
3558.52850,0.02901
3556.59976,0.02908
3554.67102,0.02884
3552.74228,0.02869
3550.81354,0.02877
3548.88480,0.02848
3546.95605,0.02778
3545.02731,0.02765
3543.09857,0.02849
3541.16983,0.02952
3539.24109,0.02999
3537.31234,0.02991
3535.38360,0.02968
3533.45486,0.02949
3531.52612,0.02925
3529.59738,0.02896
3527.66864,0.02878
3525.73989,0.02877
3523.81115,0.02896
3521.88241,0.02935
3519.95367,0.02976
3518.02493,0.03002
3516.09619,0.03015
3514.16744,0.03009
3512.23870,0.02972
3510.30996,0.02936
3508.38122,0.02942
3506.45248,0.02957
3504.52374,0.02958
3502.59499,0.02974
3500.66625,0.03014
3498.73751,0.03040
3496.80877,0.03033
3494.88003,0.03027
3492.95128,0.03044
3491.02254,0.03060
3489.09380,0.03056
3487.16506,0.03048
3485.23632,0.03046
3483.30758,0.03049
3481.37883,0.03063
3479.45009,0.03082
3477.52135,0.03091
3475.59261,0.03102
3473.66387,0.03122
3471.73513,0.03142
3469.80638,0.03152
3467.87764,0.03156
3465.94890,0.03166
3464.02016,0.03178
3462.09142,0.03177
3460.16268,0.03177
3458.23393,0.03199
3456.30519,0.03234
3454.37645,0.03269
3452.44771,0.03293
3450.51897,0.03294
3448.59022,0.03272
3446.66148,0.03269
3444.73274,0.03310
3442.80400,0.03357
3440.87526,0.03386
3438.94652,0.03406
3437.01777,0.03427
3435.08903,0.03449
3433.16029,0.03471
3431.23155,0.03486
3429.30281,0.03500
3427.37407,0.03517
3425.44532,0.03531
3423.51658,0.03524
3421.58784,0.03504
3419.65910,0.03495
3417.73036,0.03498
3415.80162,0.03509
3413.87287,0.03530
3411.94413,0.03539
3410.01539,0.03528
3408.08665,0.03526
3406.15791,0.03541
3404.22917,0.03546
3402.30042,0.03530
3400.37168,0.03513
3398.44294,0.03513
3396.51420,0.03532
3394.58546,0.03551
3392.65671,0.03558
3390.72797,0.03562
3388.79923,0.03564
3386.87049,0.03558
3384.94175,0.03548
3383.01301,0.03548
3381.08426,0.03562
3379.15552,0.03576
3377.22678,0.03583
3375.29804,0.03584
3373.36930,0.03595
3371.44056,0.03626
3369.51181,0.03648
3367.58307,0.03651
3365.65433,0.03663
3363.72559,0.03676
3361.79685,0.03677
3359.86811,0.03682
3357.93936,0.03698
3356.01062,0.03709
3354.08188,0.03722
3352.15314,0.03753
3350.22440,0.03789
3348.29565,0.03813
3346.36691,0.03822
3344.43817,0.03821
3342.50943,0.03829
3340.58069,0.03850
3338.65195,0.03859
3336.72320,0.03858
3334.79446,0.03864
3332.86572,0.03876
3330.93698,0.03885
3329.00824,0.03885
3327.07950,0.03887
3325.15075,0.03896
3323.22201,0.03898
3321.29327,0.03891
3319.36453,0.03885
3317.43579,0.03881
3315.50705,0.03865
3313.57830,0.03842
3311.64956,0.03839
3309.72082,0.03863
3307.79208,0.03892
3305.86334,0.03900
3303.93459,0.03891
3302.00585,0.03893
3300.07711,0.03907
3298.14837,0.03909
3296.21963,0.03902
3294.29089,0.03895
3292.36214,0.03893
3290.43340,0.03900
3288.50466,0.03903
3286.57592,0.03901
3284.64718,0.03916
3282.71844,0.03940
3280.78969,0.03947
3278.86095,0.03937
3276.93221,0.03921
3275.00347,0.03907
3273.07473,0.03901
3271.14599,0.03908
3269.21724,0.03920
3267.28850,0.03925
3265.35976,0.03931
3263.43102,0.03940
3261.50228,0.03941
3259.57353,0.03932
3257.64479,0.03927
3255.71605,0.03924
3253.78731,0.03906
3251.85857,0.03884
3249.92983,0.03877
3248.00108,0.03874
3246.07234,0.03860
3244.14360,0.03840
3242.21486,0.03831
3240.28612,0.03832
3238.35738,0.03843
3236.42863,0.03854
3234.49989,0.03843
3232.57115,0.03818
3230.64241,0.03797
3228.71367,0.03788
3226.78493,0.03793
3224.85618,0.03800
3222.92744,0.03795
3220.99870,0.03780
3219.06996,0.03767
3217.14122,0.03756
3215.21247,0.03749
3213.28373,0.03742
3211.35499,0.03731
3209.42625,0.03718
3207.49751,0.03711
3205.56877,0.03713
3203.64002,0.03714
3201.71128,0.03705
3199.78254,0.03695
3197.85380,0.03692
3195.92506,0.03696
3193.99632,0.03704
3192.06757,0.03704
3190.13883,0.03692
3188.21009,0.03683
3186.28135,0.03674
3184.35261,0.03657
3182.42387,0.03645
3180.49512,0.03637
3178.56638,0.03626
3176.63764,0.03622
3174.70890,0.03628
3172.78016,0.03624
3170.85141,0.03607
3168.92267,0.03595
3166.99393,0.03594
3165.06519,0.03588
3163.13645,0.03582
3161.20771,0.03585
3159.27896,0.03582
3157.35022,0.03584
3155.42148,0.03600
3153.49274,0.03609
3151.56400,0.03593
3149.63526,0.03564
3147.70651,0.03549
3145.77777,0.03549
3143.84903,0.03547
3141.92029,0.03544
3139.99155,0.03550
3138.06281,0.03554
3136.13406,0.03546
3134.20532,0.03547
3132.27658,0.03563
3130.34784,0.03572
3128.41910,0.03561
3126.49035,0.03552
3124.56161,0.03549
3122.63287,0.03540
3120.70413,0.03527
3118.77539,0.03521
3116.84665,0.03523
3114.91790,0.03525
3112.98916,0.03529
3111.06042,0.03540
3109.13168,0.03555
3107.20294,0.03566
3105.27420,0.03568
3103.34545,0.03562
3101.41671,0.03557
3099.48797,0.03550
3097.55923,0.03534
3095.63049,0.03514
3093.70175,0.03504
3091.77300,0.03507
3089.84426,0.03512
3087.91552,0.03513
3085.98678,0.03518
3084.05804,0.03531
3082.12930,0.03547
3080.20055,0.03554
3078.27181,0.03554
3076.34307,0.03549
3074.41433,0.03541
3072.48559,0.03542
3070.55684,0.03546
3068.62810,0.03543
3066.69936,0.03542
3064.77062,0.03545
3062.84188,0.03538
3060.91314,0.03527
3058.98439,0.03526
3057.05565,0.03528
3055.12691,0.03537
3053.19817,0.03545
3051.26943,0.03535
3049.34069,0.03507
3047.41194,0.03483
3045.48320,0.03463
3043.55446,0.03451
3041.62572,0.03450
3039.69698,0.03446
3037.76824,0.03431
3035.83949,0.03418
3033.91075,0.03412
3031.98201,0.03409
3030.05327,0.03411
3028.12453,0.03417
3026.19578,0.03422
3024.26704,0.03423
3022.33830,0.03431
3020.40956,0.03448
3018.48082,0.03468
3016.55208,0.03487
3014.62333,0.03499
3012.69459,0.03511
3010.76585,0.03533
3008.83711,0.03556
3006.90837,0.03568
3004.97963,0.03575
3003.05088,0.03588
3001.12214,0.03605
2999.19340,0.03610
2997.26466,0.03609
2995.33592,0.03610
2993.40718,0.03621
2991.47843,0.03640
2989.54969,0.03655
2987.62095,0.03666
2985.69221,0.03686
2983.76347,0.03717
2981.83472,0.03757
2979.90598,0.03801
2977.97724,0.03846
2976.04850,0.03897
2974.11976,0.03955
2972.19102,0.04008
2970.26227,0.04038
2968.33353,0.04040
2966.40479,0.04034
2964.47605,0.04021
2962.54731,0.03993
2960.61857,0.03958
2958.68982,0.03925
2956.76108,0.03894
2954.83234,0.03864
2952.90360,0.03837
2950.97486,0.03815
2949.04612,0.03792
2947.11737,0.03758
2945.18863,0.03716
2943.25989,0.03677
2941.33115,0.03650
2939.40241,0.03625
2937.47366,0.03594
2935.54492,0.03560
2933.61618,0.03525
2931.68744,0.03494
2929.75870,0.03469
2927.82996,0.03445
2925.90121,0.03421
2923.97247,0.03396
2922.04373,0.03361
2920.11499,0.03316
2918.18625,0.03281
2916.25751,0.03286
2914.32876,0.03353
2912.40002,0.03468
2910.47128,0.03582
2908.54254,0.03667
2906.61380,0.03720
2904.68506,0.03746
2902.75631,0.03750
2900.82757,0.03743
2898.89883,0.03736
2896.97009,0.03731
2895.04135,0.03721
2893.11260,0.03712
2891.18386,0.03716
2889.25512,0.03726
2887.32638,0.03724
2885.39764,0.03717
2883.46890,0.03715
2881.54015,0.03709
2879.61141,0.03699
2877.68267,0.03691
2875.75393,0.03686
2873.82519,0.03677
2871.89645,0.03667
2869.96770,0.03663
2868.03896,0.03656
2866.11022,0.03642
2864.18148,0.03625
2862.25274,0.03611
2860.32400,0.03596
2858.39525,0.03569
2856.46651,0.03530
2854.53777,0.03484
2852.60903,0.03427
2850.68029,0.03361
2848.75154,0.03318
2846.82280,0.03326
2844.89406,0.03373
2842.96532,0.03427
2841.03658,0.03465
2839.10784,0.03480
2837.17909,0.03481
2835.25035,0.03479
2833.32161,0.03479
2831.39287,0.03480
2829.46413,0.03481
2827.53539,0.03485
2825.60664,0.03486
2823.67790,0.03474
2821.74916,0.03458
2819.82042,0.03450
2817.89168,0.03452
2815.96294,0.03458
2814.03419,0.03459
2812.10545,0.03458
2810.17671,0.03459
2808.24797,0.03451
2806.31923,0.03435
2804.39048,0.03426
2802.46174,0.03423
2800.53300,0.03417
2798.60426,0.03411
2796.67552,0.03413
2794.74678,0.03418
2792.81803,0.03413
2790.88929,0.03404
2788.96055,0.03407
2787.03181,0.03408
2785.10307,0.03397
2783.17433,0.03388
2781.24558,0.03385
2779.31684,0.03383
2777.38810,0.03378
2775.45936,0.03375
2773.53062,0.03371
2771.60188,0.03366
2769.67313,0.03361
2767.74439,0.03358
2765.81565,0.03355
2763.88691,0.03353
2761.95817,0.03354
2760.02943,0.03354
2758.10068,0.03360
2756.17194,0.03371
2754.24320,0.03376
2752.31446,0.03372
2750.38572,0.03370
2748.45697,0.03367
2746.52823,0.03360
2744.59949,0.03357
2742.67075,0.03357
2740.74201,0.03349
2738.81327,0.03343
2736.88452,0.03349
2734.95578,0.03355
2733.02704,0.03353
2731.09830,0.03351
2729.16956,0.03345
2727.24082,0.03336
2725.31207,0.03333
2723.38333,0.03334
2721.45459,0.03331
2719.52585,0.03328
2717.59711,0.03330
2715.66837,0.03339
2713.73962,0.03346
2711.81088,0.03340
2709.88214,0.03326
2707.95340,0.03316
2706.02466,0.03312
2704.09591,0.03311
2702.16717,0.03311
2700.23843,0.03310
2698.30969,0.03304
2696.38095,0.03299
2694.45221,0.03303
2692.52346,0.03305
2690.59472,0.03299
2688.66598,0.03299
2686.73724,0.03304
2684.80850,0.03299
2682.87976,0.03288
2680.95101,0.03286
2679.02227,0.03292
2677.09353,0.03293
2675.16479,0.03286
2673.23605,0.03279
2671.30731,0.03279
2669.37856,0.03281
2667.44982,0.03275
2665.52108,0.03268
2663.59234,0.03271
2661.66360,0.03284
2659.73485,0.03293
2657.80611,0.03293
2655.87737,0.03298
2653.94863,0.03307
2652.01989,0.03309
2650.09115,0.03306
2648.16240,0.03309
2646.23366,0.03323
2644.30492,0.03345
2642.37618,0.03358
2640.44744,0.03351
2638.51870,0.03340
2636.58995,0.03336
2634.66121,0.03338
2632.73247,0.03341
2630.80373,0.03342
2628.87499,0.03340
2626.94625,0.03348
2625.01750,0.03362
2623.08876,0.03370
2621.16002,0.03376
2619.23128,0.03378
2617.30254,0.03373
2615.37379,0.03363
2613.44505,0.03352
2611.51631,0.03350
2609.58757,0.03361
2607.65883,0.03365
2605.73009,0.03355
2603.80134,0.03349
2601.87260,0.03351
2599.94386,0.03357
2598.01512,0.03363
2596.08638,0.03373
2594.15764,0.03388
2592.22889,0.03398
2590.30015,0.03399
2588.37141,0.03394
2586.44267,0.03384
2584.51393,0.03377
2582.58519,0.03381
2580.65644,0.03390
2578.72770,0.03390
2576.79896,0.03383
2574.87022,0.03376
2572.94148,0.03369
2571.01273,0.03367
2569.08399,0.03373
2567.15525,0.03373
2565.22651,0.03356
2563.29777,0.03344
2561.36903,0.03357
2559.44028,0.03382
2557.51154,0.03391
2555.58280,0.03376
2553.65406,0.03363
2551.72532,0.03370
2549.79658,0.03381
2547.86783,0.03390
2545.93909,0.03407
2544.01035,0.03415
2542.08161,0.03399
2540.15287,0.03388
2538.22413,0.03397
2536.29538,0.03402
2534.36664,0.03396
2532.43790,0.03399
2530.50916,0.03408
2528.58042,0.03408
2526.65167,0.03397
2524.72293,0.03382
2522.79419,0.03373
2520.86545,0.03371
2518.93671,0.03359
2517.00797,0.03345
2515.07922,0.03353
2513.15048,0.03376
2511.22174,0.03388
2509.29300,0.03383
2507.36426,0.03366
2505.43552,0.03340
2503.50677,0.03317
2501.57803,0.03316
2499.64929,0.03324
2497.72055,0.03323
2495.79181,0.03324
2493.86307,0.03328
2491.93432,0.03325
2490.00558,0.03314
2488.07684,0.03308
2486.14810,0.03308
2484.21936,0.03308
2482.29061,0.03309
2480.36187,0.03311
2478.43313,0.03302
2476.50439,0.03288
2474.57565,0.03282
2472.64691,0.03282
2470.71816,0.03286
2468.78942,0.03294
2466.86068,0.03301
2464.93194,0.03302
2463.00320,0.03301
2461.07446,0.03297
2459.14571,0.03290
2457.21697,0.03294
2455.28823,0.03305
2453.35949,0.03301
2451.43075,0.03285
2449.50201,0.03278
2447.57326,0.03284
2445.64452,0.03292
2443.71578,0.03290
2441.78704,0.03285
2439.85830,0.03285
2437.92956,0.03285
2436.00081,0.03277
2434.07207,0.03278
2432.14333,0.03295
2430.21459,0.03296
2428.28585,0.03279
2426.35710,0.03262
2424.42836,0.03250
2422.49962,0.03248
2420.57088,0.03261
2418.64214,0.03274
2416.71340,0.03272
2414.78465,0.03260
2412.85591,0.03257
2410.92717,0.03269
2408.99843,0.03285
2407.06969,0.03285
2405.14095,0.03270
2403.21220,0.03261
2401.28346,0.03269
2399.35472,0.03278
2397.42598,0.03272
2395.49724,0.03253
2393.56850,0.03233
2391.63975,0.03226
2389.71101,0.03244
2387.78227,0.03273
2385.85353,0.03303
2383.92479,0.03338
2381.99604,0.03406
2380.06730,0.03527
2378.13856,0.03683
2376.20982,0.03838
2374.28108,0.03988
2372.35234,0.04132
2370.42359,0.04257
2368.49485,0.04354
2366.56611,0.04432
2364.63737,0.04492
2362.70863,0.04542
2360.77989,0.04586
2358.85114,0.04599
2356.92240,0.04550
2354.99366,0.04437
2353.06492,0.04267
2351.13618,0.04085
2349.20744,0.03993
2347.27869,0.04049
2345.34995,0.04180
2343.42121,0.04262
2341.49247,0.04266
2339.56373,0.04234
2337.63498,0.04201
2335.70624,0.04186
2333.77750,0.04180
2331.84876,0.04166
2329.92002,0.04132
2327.99128,0.04091
2326.06253,0.04078
2324.13379,0.04077
2322.20505,0.04037
2320.27631,0.03958
2318.34757,0.03874
2316.41883,0.03798
2314.49008,0.03740
2312.56134,0.03695
2310.63260,0.03645
2308.70386,0.03587
2306.77512,0.03532
2304.84638,0.03485
2302.91763,0.03456
2300.98889,0.03440
2299.06015,0.03420
2297.13141,0.03405
2295.20267,0.03407
2293.27392,0.03416
2291.34518,0.03420
2289.41644,0.03419
2287.48770,0.03416
2285.55896,0.03403
2283.63022,0.03373
2281.70147,0.03341
2279.77273,0.03337
2277.84399,0.03351
2275.91525,0.03356
2273.98651,0.03345
2272.05777,0.03321
2270.12902,0.03297
2268.20028,0.03287
2266.27154,0.03286
2264.34280,0.03278
2262.41406,0.03271
2260.48532,0.03280
2258.55657,0.03295
2256.62783,0.03294
2254.69909,0.03274
2252.77035,0.03249
2250.84161,0.03222
2248.91286,0.03202
2246.98412,0.03210
2245.05538,0.03248
2243.12664,0.03286
2241.19790,0.03309
2239.26916,0.03307
2237.34041,0.03284
2235.41167,0.03264
2233.48293,0.03250
2231.55419,0.03223
2229.62545,0.03192
2227.69671,0.03202
2225.76796,0.03255
2223.83922,0.03289
2221.91048,0.03266
2219.98174,0.03225
2218.05300,0.03218
2216.12426,0.03235
2214.19551,0.03239
2212.26677,0.03231
2210.33803,0.03224
2208.40929,0.03222
2206.48055,0.03217
2204.55180,0.03208
2202.62306,0.03201
2200.69432,0.03201
2198.76558,0.03205
2196.83684,0.03210
2194.90810,0.03209
2192.97935,0.03196
2191.05061,0.03183
2189.12187,0.03180
2187.19313,0.03170
2185.26439,0.03149
2183.33565,0.03113
2181.40690,0.03065
2179.47816,0.03052
2177.54942,0.03084
2175.62068,0.03116
2173.69194,0.03127
2171.76320,0.03139
2169.83445,0.03189
2167.90571,0.03272
2165.97697,0.03305
2164.04823,0.03256
2162.11949,0.03200
2160.19074,0.03150
2158.26200,0.03071
2156.33326,0.03011
2154.40452,0.03006
2152.47578,0.03019
2150.54704,0.03026
2148.61829,0.03029
2146.68955,0.03030
2144.76081,0.03024
2142.83207,0.03015
2140.90333,0.03022
2138.97459,0.03047
2137.04584,0.03064
2135.11710,0.03045
2133.18836,0.03005
2131.25962,0.03004
2129.33088,0.03045
2127.40214,0.03073
2125.47339,0.03084
2123.54465,0.03106
2121.61591,0.03129
2119.68717,0.03133
2117.75843,0.03136
2115.82969,0.03155
2113.90094,0.03181
2111.97220,0.03200
2110.04346,0.03196
2108.11472,0.03168
2106.18598,0.03150
2104.25723,0.03163
2102.32849,0.03167
2100.39975,0.03125
2098.47101,0.03095
2096.54227,0.03115
2094.61353,0.03132
2092.68478,0.03114
2090.75604,0.03098
2088.82730,0.03110
2086.89856,0.03124
2084.96982,0.03124
2083.04108,0.03131
2081.11233,0.03147
2079.18359,0.03156
2077.25485,0.03150
2075.32611,0.03129
2073.39737,0.03110
2071.46863,0.03097
2069.53988,0.03070
2067.61114,0.03032
2065.68240,0.03019
2063.75366,0.03041
2061.82492,0.03068
2059.89617,0.03079
2057.96743,0.03062
2056.03869,0.03017
2054.10995,0.02986
2052.18121,0.03008
2050.25247,0.03043
2048.32372,0.03022
2046.39498,0.02964
2044.46624,0.02935
2042.53750,0.02940
2040.60876,0.02946
2038.68002,0.02969
2036.75127,0.03010
2034.82253,0.03019
2032.89379,0.02995
2030.96505,0.02967
2029.03631,0.02928
2027.10757,0.02889
2025.17882,0.02892
2023.25008,0.02911
2021.32134,0.02889
2019.39260,0.02871
2017.46386,0.02895
2015.53511,0.02912
2013.60637,0.02914
2011.67763,0.02913
2009.74889,0.02896
2007.82015,0.02856
2005.89141,0.02819
2003.96266,0.02825
2002.03392,0.02883
2000.10518,0.02936
1998.17644,0.02949
1996.24770,0.02931
1994.31896,0.02883
1992.39021,0.02832
1990.46147,0.02841
1988.53273,0.02873
1986.60399,0.02878
1984.67525,0.02887
1982.74651,0.02925
1980.81776,0.02973
1978.88902,0.02972
1976.96028,0.02908
1975.03154,0.02868
1973.10280,0.02879
1971.17405,0.02876
1969.24531,0.02850
1967.31657,0.02867
1965.38783,0.02940
1963.45909,0.02996
1961.53035,0.03001
1959.60160,0.02986
1957.67286,0.02959
1955.74412,0.02916
1953.81538,0.02895
1951.88664,0.02920
1949.95790,0.02956
1948.02915,0.02964
1946.10041,0.02927
1944.17167,0.02856
1942.24293,0.02817
1940.31419,0.02838
1938.38545,0.02859
1936.45670,0.02851
1934.52796,0.02826
1932.59922,0.02789
1930.67048,0.02762
1928.74174,0.02748
1926.81299,0.02728
1924.88425,0.02685
1922.95551,0.02639
1921.02677,0.02593
1919.09803,0.02526
1917.16929,0.02498
1915.24054,0.02549
1913.31180,0.02603
1911.38306,0.02606
1909.45432,0.02581
1907.52558,0.02568
1905.59684,0.02576
1903.66809,0.02585
1901.73935,0.02587
1899.81061,0.02576
1897.88187,0.02545
1895.95313,0.02506
1894.02439,0.02487
1892.09564,0.02464
1890.16690,0.02415
1888.23816,0.02394
1886.30942,0.02421
1884.38068,0.02445
1882.45193,0.02446
1880.52319,0.02438
1878.59445,0.02437
1876.66571,0.02437
1874.73697,0.02419
1872.80823,0.02348
1870.87948,0.02209
1868.95074,0.02107
1867.02200,0.02164
1865.09326,0.02296
1863.16452,0.02369
1861.23578,0.02377
1859.30703,0.02366
1857.37829,0.02350
1855.44955,0.02327
1853.52081,0.02308
1851.59207,0.02289
1849.66333,0.02253
1847.73458,0.02159
1845.80584,0.01998
1843.87710,0.01944
1841.94836,0.02101
1840.01962,0.02265
1838.09087,0.02311
1836.16213,0.02308
1834.23339,0.02277
1832.30465,0.02174
1830.37591,0.02064
1828.44717,0.02053
1826.51842,0.02094
1824.58968,0.02150
1822.66094,0.02246
1820.73220,0.02308
1818.80346,0.02297
1816.87472,0.02263
1814.94597,0.02230
1813.01723,0.02179
1811.08849,0.02125
1809.15975,0.02116
1807.23101,0.02136
1805.30227,0.02114
1803.37352,0.02013
1801.44478,0.01905
1799.51604,0.01887
1797.58730,0.01915
1795.65856,0.01837
1793.72982,0.01640
1791.80107,0.01559
1789.87233,0.01705
1787.94359,0.01839
1786.01485,0.01832
1784.08611,0.01786
1782.15736,0.01751
1780.22862,0.01727
1778.29988,0.01721
1776.37114,0.01633
1774.44240,0.01373
1772.51366,0.01142
1770.58491,0.01183
1768.65617,0.01367
1766.72743,0.01528
1764.79869,0.01579
1762.86995,0.01489
1760.94121,0.01446
1759.01246,0.01505
1757.08372,0.01565
1755.15498,0.01624
1753.22624,0.01607
1751.29750,0.01568
1749.36876,0.01781
1747.44001,0.02264
1745.51127,0.02846
1743.58253,0.03457
1741.65379,0.04104
1739.72505,0.04875
1737.79630,0.05660
1735.86756,0.06225
1733.93882,0.06913
1732.01008,0.08089
1730.08134,0.09338
1728.15260,0.10399
1726.22385,0.11331
1724.29511,0.12181
1722.36637,0.12945
1720.43763,0.13482
1718.50889,0.13857
1716.58015,0.14464
1714.65140,0.15293
1712.72266,0.15886
1710.79392,0.16003
1708.86518,0.15663
1706.93644,0.15006
1705.00770,0.14231
1703.07895,0.13273
1701.15021,0.12072
1699.22147,0.11148
1697.29273,0.10668
1695.36399,0.10344
1693.43524,0.10192
1691.50650,0.09994
1689.57776,0.09586
1687.64902,0.09015
1685.72028,0.08291
1683.79154,0.07877
1681.86279,0.08052
1679.93405,0.08227
1678.00531,0.08010
1676.07657,0.07569
1674.14783,0.07265
1672.21909,0.07071
1670.29034,0.06816
1668.36160,0.06710
1666.43286,0.06741
1664.50412,0.06580
1662.57538,0.06324
1660.64664,0.06238
1658.71789,0.06169
1656.78915,0.05759
1654.86041,0.04900
1652.93167,0.04323
1651.00293,0.04633
1649.07418,0.04915
1647.14544,0.04801
1645.21670,0.04865
1643.28796,0.05158
1641.35922,0.05270
1639.43048,0.05067
1637.50173,0.04613
1635.57299,0.04303
1633.64425,0.04505
1631.71551,0.04813
1629.78677,0.04834
1627.85803,0.04697
1625.92928,0.04544
1624.00054,0.04414
1622.07180,0.04426
1620.14306,0.04439
1618.21432,0.04242
1616.28558,0.04145
1614.35683,0.04391
1612.42809,0.04607
1610.49935,0.04602
1608.57061,0.04515
1606.64187,0.04438
1604.71312,0.04367
1602.78438,0.04296
1600.85564,0.04234
1598.92690,0.04170
1596.99816,0.04095
1595.06942,0.04025
1593.14067,0.03984
1591.21193,0.03963
1589.28319,0.03948
1587.35445,0.03937
1585.42571,0.03941
1583.49697,0.03981
1581.56822,0.04036
1579.63948,0.03954
1577.71074,0.03646
1575.78200,0.03444
1573.85326,0.03556
1571.92452,0.03557
1569.99577,0.03374
1568.06703,0.03350
1566.13829,0.03434
1564.20955,0.03374
1562.28081,0.02942
1560.35206,0.02132
1558.42332,0.01757
1556.49458,0.02217
1554.56584,0.02739
1552.63710,0.02996
1550.70836,0.03083
1548.77961,0.03052
1546.85087,0.02871
1544.92213,0.02475
1542.99339,0.01904
1541.06465,0.01415
1539.13591,0.01534
1537.20716,0.02117
1535.27842,0.02439
1533.34968,0.02519
1531.42094,0.02698
1529.49220,0.02814
1527.56346,0.02710
1525.63471,0.02525
1523.70597,0.02278
1521.77723,0.02045
1519.84849,0.02071
1517.91975,0.02252
1515.99100,0.02423
1514.06226,0.02593
1512.13352,0.02702
1510.20478,0.02672
1508.27604,0.02592
1506.34730,0.02929
1504.41855,0.03687
1502.48981,0.04025
1500.56107,0.03681
1498.63233,0.03081
1496.70359,0.02721
1494.77485,0.02715
1492.84610,0.02708
1490.91736,0.02527
1488.98862,0.02463
1487.05988,0.02692
1485.13114,0.03016
1483.20240,0.03240
1481.27365,0.03369
1479.34491,0.03444
1477.41617,0.03426
1475.48743,0.03312
1473.55869,0.03261
1471.62995,0.03485
1469.70120,0.03803
1467.77246,0.03831
1465.84372,0.03641
1463.91498,0.03611
1461.98624,0.03704
1460.05749,0.03522
1458.12875,0.03121
1456.20001,0.03144
1454.27127,0.03648
1452.34253,0.04005
1450.41379,0.04025
1448.48504,0.03918
1446.55630,0.03889
1444.62756,0.03920
1442.69882,0.03899
1440.77008,0.03762
1438.84134,0.03442
1436.91259,0.03133
1434.98385,0.03147
1433.05511,0.03260
1431.12637,0.03192
1429.19763,0.03078
1427.26889,0.03017
1425.34014,0.02943
1423.41140,0.02853
1421.48266,0.02728
1419.55392,0.02727
1417.62518,0.03228
1415.69643,0.04182
1413.76769,0.05283
1411.83895,0.06363
1409.91021,0.07192
1407.98147,0.07491
1406.05273,0.07225
1404.12398,0.06658
1402.19524,0.06018
1400.26650,0.05358
1398.33776,0.04784
1396.40902,0.04372
1394.48028,0.04139
1392.55153,0.04090
1390.62279,0.04057
1388.69405,0.03938
1386.76531,0.03895
1384.83657,0.03990
1382.90783,0.04069
1380.97908,0.04073
1379.05034,0.04056
1377.12160,0.04034
1375.19286,0.04026
1373.26412,0.04097
1371.33537,0.04199
1369.40663,0.04201
1367.47789,0.04086
1365.54915,0.03869
1363.62041,0.03592
1361.69167,0.03407
1359.76292,0.03370
1357.83418,0.03384
1355.90544,0.03406
1353.97670,0.03472
1352.04796,0.03616
1350.11922,0.03884
1348.19047,0.04347
1346.26173,0.05041
1344.33299,0.05914
1342.40425,0.06787
1340.47551,0.07439
1338.54677,0.07713
1336.61802,0.07533
1334.68928,0.06930
1332.76054,0.06079
1330.83180,0.05227
1328.90306,0.04554
1326.97431,0.04113
1325.04557,0.03873
1323.11683,0.03777
1321.18809,0.03770
1319.25935,0.03815
1317.33061,0.03905
1315.40186,0.04025
1313.47312,0.04156
1311.54438,0.04309
1309.61564,0.04475
1307.68690,0.04634
1305.75816,0.04790
1303.82941,0.04968
1301.90067,0.05206
1299.97193,0.05522
1298.04319,0.05905
1296.11445,0.06330
1294.18571,0.06765
1292.25696,0.07184
1290.32822,0.07580
1288.39948,0.07968
1286.47074,0.08357
1284.54200,0.08746
1282.61325,0.09130
1280.68451,0.09502
1278.75577,0.09862
1276.82703,0.10226
1274.89829,0.10629
1272.96955,0.11087
1271.04080,0.11598
1269.11206,0.12163
1267.18332,0.12753
1265.25458,0.13316
1263.32584,0.13813
1261.39710,0.14222
1259.46835,0.14535
1257.53961,0.14778
1255.61087,0.15000
1253.68213,0.15259
1251.75339,0.15583
1249.82465,0.15956
1247.89590,0.16342
1245.96716,0.16705
1244.03842,0.17000
1242.10968,0.17184
1240.18094,0.17229
1238.25219,0.17124
1236.32345,0.16866
1234.39471,0.16457
1232.46597,0.15933
1230.53723,0.15363
1228.60849,0.14818
1226.67974,0.14333
1224.75100,0.13908
1222.82226,0.13517
1220.89352,0.13128
1218.96478,0.12724
1217.03604,0.12304
1215.10729,0.11876
1213.17855,0.11477
1211.24981,0.11133
1209.32107,0.10838
1207.39233,0.10566
1205.46359,0.10282
1203.53484,0.09980
1201.60610,0.09668
1199.67736,0.09345
1197.74862,0.09009
1195.81988,0.08675
1193.89113,0.08347
1191.96239,0.08036
1190.03365,0.07755
1188.10491,0.07516
1186.17617,0.07332
1184.24743,0.07213
1182.31868,0.07149
1180.38994,0.07125
1178.46120,0.07136
1176.53246,0.07158
1174.60372,0.07145
1172.67498,0.07066
1170.74623,0.06917
1168.81749,0.06722
1166.88875,0.06532
1164.96001,0.06386
1163.03127,0.06272
1161.10253,0.06161
1159.17378,0.06050
1157.24504,0.05961
1155.31630,0.05908
1153.38756,0.05894
1151.45882,0.05923
1149.53007,0.06003
1147.60133,0.06132
1145.67259,0.06309
1143.74385,0.06564
1141.81511,0.06911
1139.88637,0.07336
1137.95762,0.07836
1136.02888,0.08437
1134.10014,0.09141
1132.17140,0.09914
1130.24266,0.10711
1128.31392,0.11506
1126.38517,0.12267
1124.45643,0.12941
1122.52769,0.13496
1120.59895,0.13937
1118.67021,0.14266
1116.74147,0.14481
1114.81272,0.14612
1112.88398,0.14740
1110.95524,0.14954
1109.02650,0.15308
1107.09776,0.15796
1105.16902,0.16348
1103.24027,0.16878
1101.31153,0.17331
1099.38279,0.17680
1097.45405,0.17916
1095.52531,0.18031
1093.59656,0.18036
1091.66782,0.17979
1089.73908,0.17889
1087.81034,0.17749
1085.88160,0.17543
1083.95286,0.17290
1082.02411,0.16994
1080.09537,0.16643
1078.16663,0.16228
1076.23789,0.15758
1074.30915,0.15275
1072.38041,0.14833
1070.45166,0.14447
1068.52292,0.14113
1066.59418,0.13848
1064.66544,0.13657
1062.73670,0.13516
1060.80796,0.13398
1058.87921,0.13276
1056.95047,0.13143
1055.02173,0.13022
1053.09299,0.12928
1051.16425,0.12839
1049.23550,0.12747
1047.30676,0.12662
1045.37802,0.12584
1043.44928,0.12497
1041.52054,0.12402
1039.59180,0.12298
1037.66305,0.12183
1035.73431,0.12053
1033.80557,0.11884
1031.87683,0.11661
1029.94809,0.11452
1028.01935,0.11434
1026.09060,0.11805
1024.16186,0.12608
1022.23312,0.13661
1020.30438,0.14729
1018.37564,0.15575
1016.44690,0.15908
1014.51815,0.15607
1012.58941,0.14904
1010.66067,0.14155
1008.73193,0.13545
1006.80319,0.13085
1004.87444,0.12744
1002.94570,0.12479
1001.01696,0.12254
999.08822,0.12062
997.15948,0.11896
995.23074,0.11739
993.30199,0.11592
991.37325,0.11489
989.44451,0.11444
987.51577,0.11426
985.58703,0.11406
983.65829,0.11390
981.72954,0.11398
979.80080,0.11447
977.87206,0.11537
975.94332,0.11661
974.01458,0.11797
972.08584,0.11907
970.15709,0.11964
968.22835,0.11944
966.29961,0.11830
964.37087,0.11636
962.44213,0.11414
960.51338,0.11211
958.58464,0.11025
956.65590,0.10844
954.72716,0.10665
952.79842,0.10498
950.86968,0.10347
948.94093,0.10211
947.01219,0.10080
945.08345,0.09950
943.15471,0.09817
941.22597,0.09691
939.29723,0.09584
937.36848,0.09506
935.43974,0.09433
933.51100,0.09339
931.58226,0.09236
929.65352,0.09150
927.72478,0.09080
925.79603,0.09005
923.86729,0.08915
921.93855,0.08831
920.00981,0.08769
918.08107,0.08720
916.15232,0.08686
914.22358,0.08675
912.29484,0.08678
910.36610,0.08680
908.43736,0.08702
906.50862,0.08767
904.57987,0.08863
902.65113,0.08950
900.72239,0.09009
898.79365,0.09043
896.86491,0.09042
894.93617,0.09002
893.00742,0.08944
891.07868,0.08865
889.14994,0.08790
887.22120,0.08787
885.29246,0.08894
883.36372,0.09119
881.43497,0.09472
879.50623,0.09967
877.57749,0.10634
875.64875,0.11572
873.72001,0.12676
871.79126,0.13352
869.86252,0.13107
867.93378,0.12258
866.00504,0.11446
864.07630,0.10930
862.14756,0.10644
860.21881,0.10496
858.29007,0.10441
856.36133,0.10446
854.43259,0.10499
852.50385,0.10626
850.57511,0.10840
848.64636,0.11065
846.71762,0.11174
844.78888,0.11124
842.86014,0.10968
840.93140,0.10754
839.00266,0.10517
837.07391,0.10283
835.14517,0.10049
833.21643,0.09818
831.28769,0.09610
829.35895,0.09433
827.43020,0.09266
825.50146,0.09110
823.57272,0.08991
821.64398,0.08901
819.71524,0.08822
817.78650,0.08752
815.85775,0.08692
813.92901,0.08660
812.00027,0.08652
810.07153,0.08630
808.14279,0.08573
806.21405,0.08514
804.28530,0.08476
802.35656,0.08429
800.42782,0.08375
798.49908,0.08403
796.57034,0.08598
794.64160,0.08891
792.71285,0.09096
790.78411,0.09099
788.85537,0.08927
786.92663,0.08676
784.99789,0.08433
783.06915,0.08224
781.14040,0.08038
779.21166,0.07863
777.28292,0.07710
775.35418,0.07567
773.42544,0.07412
771.49669,0.07261
769.56795,0.07127
767.63921,0.06974
765.71047,0.06780
763.78173,0.06577
761.85299,0.06392
759.92424,0.06241
757.99550,0.06129
756.06676,0.06020
754.13802,0.05873
752.20928,0.05718
750.28054,0.05597
748.35179,0.05502
746.42305,0.05447
744.49431,0.05500
742.56557,0.05760
740.63683,0.06364
738.70809,0.07441
736.77934,0.09006
734.85060,0.10911
732.92186,0.12976
730.99312,0.15139
729.06438,0.17374
727.13563,0.19568
725.20689,0.21461
723.27815,0.22683
721.34941,0.23015
719.42067,0.22571
717.49193,0.21680
715.56318,0.20692
713.63444,0.19809
711.70570,0.19074
709.77696,0.18463
707.84822,0.17925
705.91948,0.17425
703.99073,0.16965
702.06199,0.16549
700.13325,0.16114
698.20451,0.15627
696.27577,0.15162
694.34703,0.14765
692.41828,0.14437
690.48954,0.14190
688.56080,0.13992
686.63206,0.13815
684.70332,0.13670
682.77457,0.13554
680.84583,0.13458
678.91709,0.13399
676.98835,0.13363
675.05961,0.13290
673.13087,0.13195
671.20212,0.13219
669.27338,0.13365
667.34464,0.13275
665.41590,0.12906
663.48716,0.12632
661.55842,0.12500
659.62967,0.12445
657.70093,0.12454
655.77219,0.12437
653.84345,0.12289
651.91471,0.12072
649.98597,0.11924
648.05722,0.11893
646.12848,0.11902
644.19974,0.11819
642.27100,0.11685
640.34226,0.11649
638.41351,0.11651
636.48477,0.11660
634.55603,0.11858
632.62729,0.12184
630.69855,0.12298
628.76981,0.12082
626.84106,0.11734
624.91232,0.11557
622.98358,0.11613
621.05484,0.11665
619.12610,0.11690
617.19736,0.11762
615.26861,0.11681
613.33987,0.11425
611.41113,0.11186
609.48239,0.10980
607.55365,0.10845
605.62491,0.10988
603.69616,0.11482
601.76742,0.11984
599.83868,0.11951
