3996.35288,0.02503
3994.42414,0.02515
3992.49539,0.02512
3990.56665,0.02500
3988.63791,0.02496
3986.70917,0.02488
3984.78043,0.02469
3982.85169,0.02455
3980.92294,0.02446
3978.99420,0.02443
3977.06546,0.02446
3975.13672,0.02455
3973.20798,0.02463
3971.27924,0.02468
3969.35049,0.02475
3967.42175,0.02490
3965.49301,0.02499
3963.56427,0.02485
3961.63553,0.02466
3959.70679,0.02463
3957.77804,0.02459
3955.84930,0.02449
3953.92056,0.02442
3951.99182,0.02422
3950.06308,0.02390
3948.13433,0.02387
3946.20559,0.02409
3944.27685,0.02401
3942.34811,0.02386
3940.41937,0.02422
3938.49063,0.02469
3936.56188,0.02461
3934.63314,0.02384
3932.70440,0.02304
3930.77566,0.02311
3928.84692,0.02361
3926.91818,0.02354
3924.98943,0.02321
3923.06069,0.02327
3921.13195,0.02325
3919.20321,0.02277
3917.27447,0.02254
3915.34573,0.02324
3913.41698,0.02432
3911.48824,0.02494
3909.55950,0.02486
3907.63076,0.02360
3905.70202,0.02093
3903.77327,0.01852
3901.84453,0.01798
3899.91579,0.01913
3897.98705,0.02126
3896.05831,0.02300
3894.12957,0.02281
3892.20082,0.02160
3890.27208,0.02150
3888.34334,0.02152
3886.41460,0.02037
3884.48586,0.02004
3882.55712,0.02069
3880.62837,0.02096
3878.69963,0.02173
3876.77089,0.02240
3874.84215,0.02169
3872.91341,0.02005
3870.98467,0.01832
3869.05592,0.01814
3867.12718,0.01926
3865.19844,0.01966
3863.26970,0.02001
3861.34096,0.02129
3859.41221,0.02218
3857.48347,0.02029
3855.55473,0.01441
3853.62599,0.00959
3851.69725,0.01281
3849.76851,0.01950
3847.83976,0.02308
3845.91102,0.02320
3843.98228,0.02174
3842.05354,0.01985
3840.12480,0.01750
3838.19606,0.01583
3836.26731,0.01669
3834.33857,0.01885
3832.40983,0.02048
3830.48109,0.02179
3828.55235,0.02264
3826.62361,0.02265
3824.69486,0.02158
3822.76612,0.01896
3820.83738,0.01712
3818.90864,0.01768
3816.97990,0.01828
3815.05115,0.01958
3813.12241,0.02247
3811.19367,0.02394
3809.26493,0.02239
3807.33619,0.02006
3805.40745,0.01941
3803.47870,0.01864
3801.54996,0.01752
3799.62122,0.01878
3797.69248,0.02093
3795.76374,0.02232
3793.83500,0.02370
3791.90625,0.02466
3789.97751,0.02487
3788.04877,0.02468
3786.12003,0.02423
3784.19129,0.02386
3782.26255,0.02343
3780.33380,0.02275
3778.40506,0.02290
3776.47632,0.02409
3774.54758,0.02475
3772.61884,0.02383
3770.69009,0.02213
3768.76135,0.02145
3766.83261,0.02197
3764.90387,0.02278
3762.97513,0.02322
3761.04639,0.02244
3759.11764,0.02130
3757.18890,0.02113
3755.26016,0.02028
3753.33142,0.01682
3751.40268,0.01289
3749.47394,0.01253
3747.54519,0.01368
3745.61645,0.01277
3743.68771,0.01354
3741.75897,0.01816
3739.83023,0.02080
3737.90149,0.01893
3735.97274,0.01604
3734.04400,0.01577
3732.11526,0.01826
3730.18652,0.02136
3728.25778,0.02276
3726.32904,0.02236
3724.40029,0.02192
3722.47155,0.02212
3720.54281,0.02274
3718.61407,0.02349
3716.68533,0.02354
3714.75658,0.02188
3712.82784,0.01904
3710.89910,0.01810
3708.97036,0.02031
3707.04162,0.02306
3705.11288,0.02400
3703.18413,0.02321
3701.25539,0.02282
3699.32665,0.02377
3697.39791,0.02474
3695.46917,0.02471
3693.54043,0.02325
3691.61168,0.02037
3689.68294,0.01775
3687.75420,0.01841
3685.82546,0.02182
3683.89672,0.02438
3681.96798,0.02462
3680.03923,0.02300
3678.11049,0.01949
3676.18175,0.01568
3674.25301,0.01524
3672.32427,0.01660
3670.39552,0.01712
3668.46678,0.01924
3666.53804,0.02280
3664.60930,0.02485
3662.68056,0.02526
3660.75182,0.02492
3658.82307,0.02358
3656.89433,0.02192
3654.96559,0.02156
3653.03685,0.02075
3651.10811,0.01741
3649.17937,0.01496
3647.25062,0.01728
3645.32188,0.02181
3643.39314,0.02471
3641.46440,0.02561
3639.53566,0.02578
3637.60692,0.02561
3635.67817,0.02502
3633.74943,0.02406
3631.82069,0.02172
3629.89195,0.01836
3627.96321,0.01837
3626.03446,0.02227
3624.10572,0.02487
3622.17698,0.02407
3620.24824,0.02182
3618.31950,0.02103
3616.39076,0.02187
3614.46201,0.02217
3612.53327,0.02160
3610.60453,0.02102
3608.67579,0.02117
3606.74705,0.02268
3604.81831,0.02449
3602.88956,0.02495
3600.96082,0.02451
3599.03208,0.02430
3597.10334,0.02414
3595.17460,0.02384
3593.24586,0.02391
3591.31711,0.02359
3589.38837,0.02192
3587.45963,0.02075
3585.53089,0.02202
3583.60215,0.02413
3581.67340,0.02509
3579.74466,0.02502
3577.81592,0.02483
3575.88718,0.02489
3573.95844,0.02501
3572.02970,0.02469
3570.10095,0.02335
3568.17221,0.02162
3566.24347,0.02142
3564.31473,0.02280
3562.38599,0.02405
3560.45725,0.02468
3558.52850,0.02513
3556.59976,0.02531
3554.67102,0.02509
3552.74228,0.02491
3550.81354,0.02509
3548.88480,0.02500
3546.95605,0.02439
3545.02731,0.02416
3543.09857,0.02479
3541.16983,0.02552
3539.24109,0.02576
3537.31234,0.02565
3535.38360,0.02553
3533.45486,0.02553
3531.52612,0.02547
3529.59738,0.02525
3527.66864,0.02505
3525.73989,0.02499
3523.81115,0.02507
3521.88241,0.02528
3519.95367,0.02553
3518.02493,0.02569
3516.09619,0.02584
3514.16744,0.02600
3512.23870,0.02598
3510.30996,0.02587
3508.38122,0.02591
3506.45248,0.02590
3504.52374,0.02569
3502.59499,0.02564
3500.66625,0.02582
3498.73751,0.02599
3496.80877,0.02618
3494.88003,0.02644
3492.95128,0.02664
3491.02254,0.02652
3489.09380,0.02613
3487.16506,0.02591
3485.23632,0.02599
3483.30758,0.02616
3481.37883,0.02634
3479.45009,0.02652
3477.52135,0.02662
3475.59261,0.02673
3473.66387,0.02682
3471.73513,0.02685
3469.80638,0.02698
3467.87764,0.02710
3465.94890,0.02710
3464.02016,0.02714
3462.09142,0.02729
3460.16268,0.02742
3458.23393,0.02755
3456.30519,0.02779
3454.37645,0.02815
3452.44771,0.02848
3450.51897,0.02844
3448.59022,0.02807
3446.66148,0.02798
3444.73274,0.02840
3442.80400,0.02885
3440.87526,0.02910
3438.94652,0.02924
3437.01777,0.02930
3435.08903,0.02939
3433.16029,0.02951
3431.23155,0.02952
3429.30281,0.02960
3427.37407,0.02987
3425.44532,0.03011
3423.51658,0.03005
3421.58784,0.02985
3419.65910,0.02977
3417.73036,0.02983
3415.80162,0.02990
3413.87287,0.02994
3411.94413,0.02993
3410.01539,0.02992
3408.08665,0.02997
3406.15791,0.03006
3404.22917,0.03012
3402.30042,0.03006
3400.37168,0.02987
3398.44294,0.02979
3396.51420,0.02989
3394.58546,0.02995
3392.65671,0.02995
3390.72797,0.03010
3388.79923,0.03025
3386.87049,0.03022
3384.94175,0.03018
3383.01301,0.03023
3381.08426,0.03028
3379.15552,0.03034
3377.22678,0.03044
3375.29804,0.03050
3373.36930,0.03063
3371.44056,0.03095
3369.51181,0.03108
3367.58307,0.03095
3365.65433,0.03098
3363.72559,0.03120
3361.79685,0.03137
3359.86811,0.03146
3357.93936,0.03152
3356.01062,0.03156
3354.08188,0.03171
3352.15314,0.03200
3350.22440,0.03233
3348.29565,0.03256
3346.36691,0.03261
3344.43817,0.03257
3342.50943,0.03263
3340.58069,0.03269
3338.65195,0.03268
3336.72320,0.03276
3334.79446,0.03290
3332.86572,0.03291
3330.93698,0.03280
3329.00824,0.03270
3327.07950,0.03267
3325.15075,0.03272
3323.22201,0.03278
3321.29327,0.03275
3319.36453,0.03263
3317.43579,0.03256
3315.50705,0.03262
3313.57830,0.03268
3311.64956,0.03268
3309.72082,0.03272
3307.79208,0.03288
3305.86334,0.03299
3303.93459,0.03292
3302.00585,0.03291
3300.07711,0.03306
3298.14837,0.03310
3296.21963,0.03294
3294.29089,0.03275
3292.36214,0.03272
3290.43340,0.03292
3288.50466,0.03315
3286.57592,0.03321
3284.64718,0.03321
3282.71844,0.03332
3280.78969,0.03348
3278.86095,0.03345
3276.93221,0.03324
3275.00347,0.03308
3273.07473,0.03309
3271.14599,0.03320
3269.21724,0.03327
3267.28850,0.03331
3265.35976,0.03341
3263.43102,0.03345
3261.50228,0.03328
3259.57353,0.03311
3257.64479,0.03314
3255.71605,0.03325
3253.78731,0.03323
3251.85857,0.03310
3249.92983,0.03300
3248.00108,0.03293
3246.07234,0.03276
3244.14360,0.03259
3242.21486,0.03258
3240.28612,0.03260
3238.35738,0.03261
3236.42863,0.03262
3234.49989,0.03258
3232.57115,0.03249
3230.64241,0.03243
3228.71367,0.03237
3226.78493,0.03227
3224.85618,0.03221
3222.92744,0.03221
3220.99870,0.03227
3219.06996,0.03234
3217.14122,0.03234
3215.21247,0.03222
3213.28373,0.03195
3211.35499,0.03165
3209.42625,0.03150
3207.49751,0.03155
3205.56877,0.03168
3203.64002,0.03171
3201.71128,0.03161
3199.78254,0.03158
3197.85380,0.03163
3195.92506,0.03164
3193.99632,0.03159
3192.06757,0.03151
3190.13883,0.03143
3188.21009,0.03141
3186.28135,0.03143
3184.35261,0.03150
3182.42387,0.03159
3180.49512,0.03151
3178.56638,0.03133
3176.63764,0.03128
3174.70890,0.03134
3172.78016,0.03135
3170.85141,0.03127
3168.92267,0.03117
3166.99393,0.03103
3165.06519,0.03084
3163.13645,0.03080
3161.20771,0.03092
3159.27896,0.03103
3157.35022,0.03113
3155.42148,0.03119
3153.49274,0.03115
3151.56400,0.03107
3149.63526,0.03090
3147.70651,0.03070
3145.77777,0.03054
3143.84903,0.03040
3141.92029,0.03043
3139.99155,0.03063
3138.06281,0.03074
3136.13406,0.03062
3134.20532,0.03042
3132.27658,0.03042
3130.34784,0.03064
3128.41910,0.03083
3126.49035,0.03085
3124.56161,0.03074
3122.63287,0.03062
3120.70413,0.03057
3118.77539,0.03064
3116.84665,0.03076
3114.91790,0.03079
3112.98916,0.03081
3111.06042,0.03088
3109.13168,0.03093
3107.20294,0.03089
3105.27420,0.03082
3103.34545,0.03075
3101.41671,0.03070
3099.48797,0.03064
3097.55923,0.03053
3095.63049,0.03045
3093.70175,0.03045
3091.77300,0.03043
3089.84426,0.03034
3087.91552,0.03029
3085.98678,0.03043
3084.05804,0.03067
3082.12930,0.03081
3080.20055,0.03081
3078.27181,0.03078
3076.34307,0.03083
3074.41433,0.03099
3072.48559,0.03107
3070.55684,0.03096
3068.62810,0.03082
3066.69936,0.03084
3064.77062,0.03093
3062.84188,0.03091
3060.91314,0.03088
3058.98439,0.03096
3057.05565,0.03097
3055.12691,0.03090
3053.19817,0.03086
3051.26943,0.03076
3049.34069,0.03065
3047.41194,0.03057
3045.48320,0.03041
3043.55446,0.03019
3041.62572,0.03007
3039.69698,0.02998
3037.76824,0.02985
3035.83949,0.02983
3033.91075,0.02995
3031.98201,0.03002
3030.05327,0.02999
3028.12453,0.02994
3026.19578,0.02992
3024.26704,0.02995
3022.33830,0.03002
3020.40956,0.03014
3018.48082,0.03030
3016.55208,0.03045
3014.62333,0.03057
3012.69459,0.03074
3010.76585,0.03098
3008.83711,0.03116
3006.90837,0.03119
3004.97963,0.03120
3003.05088,0.03131
3001.12214,0.03139
2999.19340,0.03137
2997.26466,0.03138
2995.33592,0.03143
2993.40718,0.03155
2991.47843,0.03178
2989.54969,0.03200
2987.62095,0.03214
2985.69221,0.03230
2983.76347,0.03256
2981.83472,0.03289
2979.90598,0.03323
2977.97724,0.03356
2976.04850,0.03391
2974.11976,0.03429
2972.19102,0.03463
2970.26227,0.03493
2968.33353,0.03512
2966.40479,0.03506
2964.47605,0.03478
2962.54731,0.03447
2960.61857,0.03427
2958.68982,0.03412
2956.76108,0.03395
2954.83234,0.03369
2952.90360,0.03341
2950.97486,0.03322
2949.04612,0.03301
2947.11737,0.03263
2945.18863,0.03221
2943.25989,0.03194
2941.33115,0.03174
2939.40241,0.03147
2937.47366,0.03114
2935.54492,0.03094
2933.61618,0.03084
2931.68744,0.03061
2929.75870,0.03024
2927.82996,0.02986
2925.90121,0.02959
2923.97247,0.02928
2922.04373,0.02884
2920.11499,0.02839
2918.18625,0.02800
2916.25751,0.02785
2914.32876,0.02831
2912.40002,0.02936
2910.47128,0.03052
2908.54254,0.03135
2906.61380,0.03188
2904.68506,0.03223
2902.75631,0.03238
2900.82757,0.03234
2898.89883,0.03225
2896.97009,0.03222
2895.04135,0.03223
2893.11260,0.03219
2891.18386,0.03214
2889.25512,0.03215
2887.32638,0.03216
2885.39764,0.03211
2883.46890,0.03209
2881.54015,0.03216
2879.61141,0.03223
2877.68267,0.03225
2875.75393,0.03222
2873.82519,0.03211
2871.89645,0.03198
2869.96770,0.03193
2868.03896,0.03190
2866.11022,0.03175
2864.18148,0.03150
2862.25274,0.03131
2860.32400,0.03113
2858.39525,0.03091
2856.46651,0.03068
2854.53777,0.03034
2852.60903,0.02977
2850.68029,0.02909
2848.75154,0.02861
2846.82280,0.02860
2844.89406,0.02911
2842.96532,0.02978
2841.03658,0.03020
2839.10784,0.03037
2837.17909,0.03044
2835.25035,0.03047
2833.32161,0.03048
2831.39287,0.03055
2829.46413,0.03065
2827.53539,0.03072
2825.60664,0.03071
2823.67790,0.03059
2821.74916,0.03043
2819.82042,0.03036
2817.89168,0.03037
2815.96294,0.03040
2814.03419,0.03041
2812.10545,0.03039
2810.17671,0.03037
2808.24797,0.03037
2806.31923,0.03034
2804.39048,0.03029
2802.46174,0.03024
2800.53300,0.03017
2798.60426,0.03013
2796.67552,0.03017
2794.74678,0.03023
2792.81803,0.03021
2790.88929,0.03017
2788.96055,0.03018
2787.03181,0.03013
2785.10307,0.02997
2783.17433,0.02985
2781.24558,0.02984
2779.31684,0.02989
2777.38810,0.02995
2775.45936,0.02996
2773.53062,0.02998
2771.60188,0.02997
2769.67313,0.02993
2767.74439,0.02988
2765.81565,0.02983
2763.88691,0.02975
2761.95817,0.02968
2760.02943,0.02966
2758.10068,0.02970
2756.17194,0.02974
2754.24320,0.02973
2752.31446,0.02968
2750.38572,0.02968
2748.45697,0.02971
2746.52823,0.02973
2744.59949,0.02981
2742.67075,0.02992
2740.74201,0.02993
2738.81327,0.02989
2736.88452,0.02985
2734.95578,0.02976
2733.02704,0.02964
2731.09830,0.02963
2729.16956,0.02965
2727.24082,0.02957
2725.31207,0.02946
2723.38333,0.02942
2721.45459,0.02942
2719.52585,0.02942
2717.59711,0.02948
2715.66837,0.02961
2713.73962,0.02967
2711.81088,0.02959
2709.88214,0.02941
2707.95340,0.02927
2706.02466,0.02922
2704.09591,0.02926
2702.16717,0.02932
2700.23843,0.02930
2698.30969,0.02924
2696.38095,0.02930
2694.45221,0.02948
2692.52346,0.02954
2690.59472,0.02944
2688.66598,0.02933
2686.73724,0.02930
2684.80850,0.02933
2682.87976,0.02932
2680.95101,0.02928
2679.02227,0.02928
2677.09353,0.02930
2675.16479,0.02932
2673.23605,0.02930
2671.30731,0.02925
2669.37856,0.02920
2667.44982,0.02916
2665.52108,0.02912
2663.59234,0.02917
2661.66360,0.02935
2659.73485,0.02956
2657.80611,0.02965
2655.87737,0.02963
2653.94863,0.02965
2652.01989,0.02969
2650.09115,0.02970
2648.16240,0.02971
2646.23366,0.02978
2644.30492,0.02993
2642.37618,0.03002
2640.44744,0.02997
2638.51870,0.02988
2636.58995,0.02987
2634.66121,0.02995
2632.73247,0.03002
2630.80373,0.03003
2628.87499,0.03001
2626.94625,0.02999
2625.01750,0.02995
2623.08876,0.02991
2621.16002,0.02994
2619.23128,0.03000
2617.30254,0.03000
2615.37379,0.02997
2613.44505,0.02997
2611.51631,0.03003
2609.58757,0.03016
2607.65883,0.03027
2605.73009,0.03029
2603.80134,0.03024
2601.87260,0.03022
2599.94386,0.03028
2598.01512,0.03033
2596.08638,0.03033
2594.15764,0.03036
2592.22889,0.03038
2590.30015,0.03037
2588.37141,0.03039
2586.44267,0.03039
2584.51393,0.03033
2582.58519,0.03031
2580.65644,0.03033
2578.72770,0.03034
2576.79896,0.03037
2574.87022,0.03038
2572.94148,0.03032
2571.01273,0.03029
2569.08399,0.03036
2567.15525,0.03033
2565.22651,0.03009
2563.29777,0.02990
2561.36903,0.02995
2559.44028,0.03015
2557.51154,0.03024
2555.58280,0.03013
2553.65406,0.03007
2551.72532,0.03018
2549.79658,0.03025
2547.86783,0.03024
2545.93909,0.03032
2544.01035,0.03042
2542.08161,0.03030
2540.15287,0.03006
2538.22413,0.03006
2536.29538,0.03028
2534.36664,0.03045
2532.43790,0.03045
2530.50916,0.03039
2528.58042,0.03035
2526.65167,0.03027
2524.72293,0.03008
2522.79419,0.02995
2520.86545,0.02996
2518.93671,0.02998
2517.00797,0.02994
2515.07922,0.03010
2513.15048,0.03042
2511.22174,0.03046
2509.29300,0.03020
2507.36426,0.02993
2505.43552,0.02974
2503.50677,0.02974
2501.57803,0.02995
2499.64929,0.03012
2497.72055,0.03013
2495.79181,0.03013
2493.86307,0.03018
2491.93432,0.03016
2490.00558,0.03009
2488.07684,0.03003
2486.14810,0.02995
2484.21936,0.02982
2482.29061,0.02971
2480.36187,0.02969
2478.43313,0.02968
2476.50439,0.02962
2474.57565,0.02955
2472.64691,0.02946
2470.71816,0.02952
2468.78942,0.02978
2466.86068,0.03003
2464.93194,0.03004
2463.00320,0.02985
2461.07446,0.02966
2459.14571,0.02955
2457.21697,0.02956
2455.28823,0.02968
2453.35949,0.02975
2451.43075,0.02975
2449.50201,0.02970
2447.57326,0.02970
2445.64452,0.02975
2443.71578,0.02975
2441.78704,0.02969
2439.85830,0.02967
2437.92956,0.02970
2436.00081,0.02965
2434.07207,0.02954
2432.14333,0.02952
2430.21459,0.02954
2428.28585,0.02959
2426.35710,0.02958
2424.42836,0.02937
2422.49962,0.02918
2420.57088,0.02928
2418.64214,0.02946
2416.71340,0.02945
2414.78465,0.02934
2412.85591,0.02938
2410.92717,0.02967
2408.99843,0.02992
2407.06969,0.02983
2405.14095,0.02954
2403.21220,0.02932
2401.28346,0.02923
2399.35472,0.02931
2397.42598,0.02945
2395.49724,0.02938
2393.56850,0.02924
2391.63975,0.02930
2389.71101,0.02951
2387.78227,0.02976
2385.85353,0.03002
2383.92479,0.03026
2381.99604,0.03076
2380.06730,0.03189
2378.13856,0.03341
2376.20982,0.03487
2374.28108,0.03625
2372.35234,0.03763
2370.42359,0.03890
2368.49485,0.03996
2366.56611,0.04082
2364.63737,0.04154
2362.70863,0.04211
2360.77989,0.04233
2358.85114,0.04214
2356.92240,0.04156
2354.99366,0.04053
2353.06492,0.03898
2351.13618,0.03721
2349.20744,0.03625
2347.27869,0.03674
2345.34995,0.03809
2343.42121,0.03901
2341.49247,0.03909
2339.56373,0.03874
2337.63498,0.03842
2335.70624,0.03826
2333.77750,0.03827
2331.84876,0.03833
2329.92002,0.03809
2327.99128,0.03762
2326.06253,0.03750
2324.13379,0.03762
2322.20505,0.03733
2320.27631,0.03652
2318.34757,0.03557
2316.41883,0.03473
2314.49008,0.03419
2312.56134,0.03384
2310.63260,0.03337
2308.70386,0.03270
2306.77512,0.03208
2304.84638,0.03166
2302.91763,0.03146
2300.98889,0.03129
2299.06015,0.03103
2297.13141,0.03081
2295.20267,0.03078
2293.27392,0.03084
2291.34518,0.03084
2289.41644,0.03090
2287.48770,0.03100
2285.55896,0.03094
2283.63022,0.03065
2281.70147,0.03033
2279.77273,0.03026
2277.84399,0.03040
2275.91525,0.03050
2273.98651,0.03050
2272.05777,0.03047
2270.12902,0.03040
2268.20028,0.03024
2266.27154,0.03002
2264.34280,0.02993
2262.41406,0.03008
2260.48532,0.03023
2258.55657,0.03019
2256.62783,0.02996
2254.69909,0.02971
2252.77035,0.02960
2250.84161,0.02961
2248.91286,0.02965
2246.98412,0.02970
2245.05538,0.02971
2243.12664,0.02974
2241.19790,0.03000
2239.26916,0.03023
2237.34041,0.03007
2235.41167,0.02974
2233.48293,0.02960
2231.55419,0.02959
2229.62545,0.02958
2227.69671,0.02972
2225.76796,0.02999
2223.83922,0.03008
2221.91048,0.02993
2219.98174,0.02979
2218.05300,0.02977
2216.12426,0.02971
2214.19551,0.02963
2212.26677,0.02967
2210.33803,0.02978
2208.40929,0.02985
2206.48055,0.02991
2204.55180,0.02979
2202.62306,0.02945
2200.69432,0.02930
2198.76558,0.02955
2196.83684,0.02983
2194.90810,0.02979
2192.97935,0.02939
2191.05061,0.02907
2189.12187,0.02917
2187.19313,0.02920
2185.26439,0.02893
2183.33565,0.02874
2181.40690,0.02885
2179.47816,0.02919
2177.54942,0.02946
2175.62068,0.02937
2173.69194,0.02905
2171.76320,0.02879
2169.83445,0.02885
2167.90571,0.02927
2165.97697,0.02959
2164.04823,0.02966
2162.11949,0.02968
2160.19074,0.02911
2158.26200,0.02772
2156.33326,0.02683
2154.40452,0.02705
2152.47578,0.02755
2150.54704,0.02779
2148.61829,0.02779
2146.68955,0.02765
2144.76081,0.02747
2142.83207,0.02742
2140.90333,0.02763
2138.97459,0.02801
2137.04584,0.02813
2135.11710,0.02778
2133.18836,0.02745
2131.25962,0.02758
2129.33088,0.02783
2127.40214,0.02789
2125.47339,0.02804
2123.54465,0.02848
2121.61591,0.02889
2119.68717,0.02892
2117.75843,0.02877
2115.82969,0.02883
2113.90094,0.02911
2111.97220,0.02929
2110.04346,0.02923
2108.11472,0.02904
2106.18598,0.02893
2104.25723,0.02900
2102.32849,0.02907
2100.39975,0.02892
2098.47101,0.02868
2096.54227,0.02855
2094.61353,0.02846
2092.68478,0.02830
2090.75604,0.02827
2088.82730,0.02854
2086.89856,0.02872
2084.96982,0.02850
2083.04108,0.02829
2081.11233,0.02853
2079.18359,0.02895
2077.25485,0.02911
2075.32611,0.02898
2073.39737,0.02884
2071.46863,0.02877
2069.53988,0.02851
2067.61114,0.02809
2065.68240,0.02790
2063.75366,0.02788
2061.82492,0.02764
2059.89617,0.02746
2057.96743,0.02775
2056.03869,0.02806
2054.10995,0.02813
2052.18121,0.02827
2050.25247,0.02833
2048.32372,0.02808
2046.39498,0.02768
2044.46624,0.02723
2042.53750,0.02688
2040.60876,0.02677
2038.68002,0.02690
2036.75127,0.02710
2034.82253,0.02725
2032.89379,0.02745
2030.96505,0.02760
2029.03631,0.02723
2027.10757,0.02663
2025.17882,0.02670
2023.25008,0.02720
2021.32134,0.02718
2019.39260,0.02683
2017.46386,0.02665
2015.53511,0.02659
2013.60637,0.02663
2011.67763,0.02667
2009.74889,0.02663
2007.82015,0.02666
2005.89141,0.02667
2003.96266,0.02641
2002.03392,0.02610
2000.10518,0.02615
1998.17644,0.02646
1996.24770,0.02649
1994.31896,0.02587
1992.39021,0.02524
1990.46147,0.02544
1988.53273,0.02608
1986.60399,0.02655
1984.67525,0.02691
1982.74651,0.02713
1980.81776,0.02726
1978.88902,0.02730
1976.96028,0.02707
1975.03154,0.02678
1973.10280,0.02679
1971.17405,0.02701
1969.24531,0.02704
1967.31657,0.02695
1965.38783,0.02719
1963.45909,0.02754
1961.53035,0.02753
1959.60160,0.02732
1957.67286,0.02713
1955.74412,0.02686
1953.81538,0.02670
1951.88664,0.02690
1949.95790,0.02721
1948.02915,0.02731
1946.10041,0.02701
1944.17167,0.02628
1942.24293,0.02578
1940.31419,0.02592
1938.38545,0.02610
1936.45670,0.02594
1934.52796,0.02562
1932.59922,0.02534
1930.67048,0.02521
1928.74174,0.02519
1926.81299,0.02503
1924.88425,0.02464
1922.95551,0.02437
1921.02677,0.02420
1919.09803,0.02380
1917.16929,0.02371
1915.24054,0.02419
1913.31180,0.02439
1911.38306,0.02410
1909.45432,0.02386
1907.52558,0.02392
1905.59684,0.02409
1903.66809,0.02414
1901.73935,0.02408
1899.81061,0.02385
1897.88187,0.02350
1895.95313,0.02328
1894.02439,0.02318
1892.09564,0.02266
1890.16690,0.02184
1888.23816,0.02176
1886.30942,0.02239
1884.38068,0.02280
1882.45193,0.02282
1880.52319,0.02276
1878.59445,0.02270
1876.66571,0.02257
1874.73697,0.02226
1872.80823,0.02152
1870.87948,0.02016
1868.95074,0.01921
1867.02200,0.01985
1865.09326,0.02123
1863.16452,0.02199
1861.23578,0.02204
1859.30703,0.02179
1857.37829,0.02160
1855.44955,0.02160
1853.52081,0.02163
1851.59207,0.02146
1849.66333,0.02097
1847.73458,0.01981
1845.80584,0.01792
1843.87710,0.01725
1841.94836,0.01889
1840.01962,0.02056
1838.09087,0.02103
1836.16213,0.02106
1834.23339,0.02079
1832.30465,0.01966
1830.37591,0.01844
1828.44717,0.01839
1826.51842,0.01885
1824.58968,0.01932
1822.66094,0.02014
1820.73220,0.02065
1818.80346,0.02053
1816.87472,0.02037
1814.94597,0.02021
1813.01723,0.01970
1811.08849,0.01912
1809.15975,0.01905
1807.23101,0.01925
1805.30227,0.01899
1803.37352,0.01797
1801.44478,0.01692
1799.51604,0.01678
1797.58730,0.01710
1795.65856,0.01627
1793.72982,0.01420
1791.80107,0.01347
1789.87233,0.01515
1787.94359,0.01655
1786.01485,0.01637
1784.08611,0.01586
1782.15736,0.01558
1780.22862,0.01534
1778.29988,0.01516
1776.37114,0.01412
1774.44240,0.01134
1772.51366,0.00889
1770.58491,0.00932
1768.65617,0.01137
1766.72743,0.01316
1764.79869,0.01364
1762.86995,0.01264
1760.94121,0.01220
1759.01246,0.01273
1757.08372,0.01313
1755.15498,0.01354
1753.22624,0.01317
1751.29750,0.01235
1749.36876,0.01396
1747.44001,0.01844
1745.51127,0.02388
1743.58253,0.02933
1741.65379,0.03478
1739.72505,0.04128
1737.79630,0.04794
1735.86756,0.05239
1733.93882,0.05806
1732.01008,0.06882
1730.08134,0.08051
1728.15260,0.09029
1726.22385,0.09867
1724.29511,0.10620
1722.36637,0.11290
1720.43763,0.11733
1718.50889,0.12032
1716.58015,0.12609
1714.65140,0.13450
1712.72266,0.14080
1710.79392,0.14257
1708.86518,0.13986
1706.93644,0.13395
1705.00770,0.12685
1703.07895,0.11795
1701.15021,0.10673
1699.22147,0.09846
1697.29273,0.09461
1695.36399,0.09230
1693.43524,0.09170
1691.50650,0.09049
1689.57776,0.08699
1687.64902,0.08162
1685.72028,0.07448
1683.79154,0.07045
1681.86279,0.07251
1679.93405,0.07463
1678.00531,0.07283
1676.07657,0.06873
1674.14783,0.06601
1672.21909,0.06438
1670.29034,0.06211
1668.36160,0.06139
1666.43286,0.06208
1664.50412,0.06073
1662.57538,0.05843
1660.64664,0.05785
1658.71789,0.05731
1656.78915,0.05313
1654.86041,0.04430
1652.93167,0.03846
1651.00293,0.04185
1649.07418,0.04494
1647.14544,0.04390
1645.21670,0.04470
1643.28796,0.04782
1641.35922,0.04902
1639.43048,0.04694
1637.50173,0.04226
1635.57299,0.03920
1633.64425,0.04151
1631.71551,0.04481
1629.78677,0.04505
1627.85803,0.04368
1625.92928,0.04219
1624.00054,0.04097
1622.07180,0.04122
1620.14306,0.04140
1618.21432,0.03926
1616.28558,0.03821
1614.35683,0.04084
1612.42809,0.04321
1610.49935,0.04326
1608.57061,0.04241
1606.64187,0.04173
1604.71312,0.04114
1602.78438,0.04054
1600.85564,0.04006
1598.92690,0.03963
1596.99816,0.03900
1595.06942,0.03836
1593.14067,0.03805
1591.21193,0.03792
1589.28319,0.03778
1587.35445,0.03767
1585.42571,0.03766
1583.49697,0.03788
1581.56822,0.03818
1579.63948,0.03710
1577.71074,0.03375
1575.78200,0.03169
1573.85326,0.03309
1571.92452,0.03338
1569.99577,0.03175
1568.06703,0.03182
1566.13829,0.03298
1564.20955,0.03242
1562.28081,0.02784
1560.35206,0.01938
1558.42332,0.01557
1556.49458,0.02043
1554.56584,0.02587
1552.63710,0.02856
1550.70836,0.02952
1548.77961,0.02927
1546.85087,0.02744
1544.92213,0.02340
1542.99339,0.01762
1541.06465,0.01263
1539.13591,0.01385
1537.20716,0.01990
1535.27842,0.02327
1533.34968,0.02407
1531.42094,0.02585
1529.49220,0.02704
1527.56346,0.02600
1525.63471,0.02410
1523.70597,0.02151
1521.77723,0.01913
1519.84849,0.01951
1517.91975,0.02147
1515.99100,0.02326
1514.06226,0.02494
1512.13352,0.02574
1510.20478,0.02478
1508.27604,0.02300
1506.34730,0.02556
1504.41855,0.03315
1502.48981,0.03708
1500.56107,0.03428
1498.63233,0.02887
1496.70359,0.02571
1494.77485,0.02595
1492.84610,0.02602
1490.91736,0.02419
1488.98862,0.02349
1487.05988,0.02571
1485.13114,0.02880
1483.20240,0.03089
1481.27365,0.03205
1479.34491,0.03260
1477.41617,0.03212
1475.48743,0.03064
1473.55869,0.02986
1471.62995,0.03202
1469.70120,0.03534
1467.77246,0.03580
1465.84372,0.03393
1463.91498,0.03351
1461.98624,0.03425
1460.05749,0.03216
1458.12875,0.02782
1456.20001,0.02798
1454.27127,0.03316
1452.34253,0.03684
1450.41379,0.03715
1448.48504,0.03624
1446.55630,0.03604
1444.62756,0.03641
1442.69882,0.03633
1440.77008,0.03511
1438.84134,0.03196
1436.91259,0.02887
1434.98385,0.02911
1433.05511,0.03038
1431.12637,0.02979
1429.19763,0.02873
1427.26889,0.02821
1425.34014,0.02753
1423.41140,0.02658
1421.48266,0.02506
1419.55392,0.02453
1417.62518,0.02883
1415.69643,0.03744
1413.76769,0.04723
1411.83895,0.05675
1409.91021,0.06418
1407.98147,0.06706
1406.05273,0.06493
1404.12398,0.06015
1402.19524,0.05472
1400.26650,0.04899
1398.33776,0.04388
1396.40902,0.04020
1394.48028,0.03820
1392.55153,0.03799
1390.62279,0.03779
1388.69405,0.03658
1386.76531,0.03605
1384.83657,0.03690
1382.90783,0.03765
1380.97908,0.03767
1379.05034,0.03741
1377.12160,0.03699
1375.19286,0.03668
1373.26412,0.03721
1371.33537,0.03820
1369.40663,0.03840
1367.47789,0.03753
1365.54915,0.03560
1363.62041,0.03302
1361.69167,0.03130
1359.76292,0.03100
1357.83418,0.03112
1355.90544,0.03120
1353.97670,0.03169
1352.04796,0.03300
1350.11922,0.03540
1348.19047,0.03945
1346.26173,0.04558
1344.33299,0.05339
1342.40425,0.06117
1340.47551,0.06682
1338.54677,0.06894
1336.61802,0.06695
1334.68928,0.06131
1332.76054,0.05371
1330.83180,0.04629
1328.90306,0.04048
1326.97431,0.03665
1325.04557,0.03456
1323.11683,0.03372
1321.18809,0.03359
1319.25935,0.03389
1317.33061,0.03461
1315.40186,0.03557
1313.47312,0.03667
1311.54438,0.03802
1309.61564,0.03947
1307.68690,0.04081
1305.75816,0.04216
1303.82941,0.04378
1301.90067,0.04587
1299.97193,0.04859
1298.04319,0.05193
1296.11445,0.05565
1294.18571,0.05942
1292.25696,0.06306
1290.32822,0.06662
1288.39948,0.07017
1286.47074,0.07369
1284.54200,0.07720
1282.61325,0.08070
1280.68451,0.08412
1278.75577,0.08746
1276.82703,0.09091
1274.89829,0.09468
1272.96955,0.09885
1271.04080,0.10356
1269.11206,0.10880
1267.18332,0.11421
1265.25458,0.11929
1263.32584,0.12373
1261.39710,0.12738
1259.46835,0.13022
1257.53961,0.13249
1255.61087,0.13464
1253.68213,0.13705
1251.75339,0.13997
1249.82465,0.14324
1247.89590,0.14656
1245.96716,0.14965
1244.03842,0.15223
1242.10968,0.15392
1240.18094,0.15442
1238.25219,0.15364
1236.32345,0.15151
1234.39471,0.14805
1232.46597,0.14351
1230.53723,0.13843
1228.60849,0.13343
1226.67974,0.12890
1224.75100,0.12493
1222.82226,0.12132
1220.89352,0.11773
1218.96478,0.11405
1217.03604,0.11029
1215.10729,0.10649
1213.17855,0.10282
1211.24981,0.09953
1209.32107,0.09667
1207.39233,0.09407
1205.46359,0.09151
1203.53484,0.08883
1201.60610,0.08603
1199.67736,0.08318
1197.74862,0.08036
1195.81988,0.07757
1193.89113,0.07480
1191.96239,0.07217
1190.03365,0.06983
1188.10491,0.06781
1186.17617,0.06625
1184.24743,0.06521
1182.31868,0.06456
1180.38994,0.06425
1178.46120,0.06428
1176.53246,0.06444
1174.60372,0.06433
1172.67498,0.06374
1170.74623,0.06256
1168.81749,0.06090
1166.88875,0.05913
1164.96001,0.05766
1163.03127,0.05659
1161.10253,0.05565
1159.17378,0.05471
1157.24504,0.05394
1155.31630,0.05345
1153.38756,0.05321
1151.45882,0.05336
1149.53007,0.05410
1147.60133,0.05529
1145.67259,0.05681
1143.74385,0.05903
1141.81511,0.06217
1139.88637,0.06600
1137.95762,0.07050
1136.02888,0.07593
1134.10014,0.08233
1132.17140,0.08933
1130.24266,0.09659
1128.31392,0.10378
1126.38517,0.11048
1124.45643,0.11636
1122.52769,0.12123
1120.59895,0.12498
1118.67021,0.12758
1116.74147,0.12907
1114.81272,0.12982
1112.88398,0.13071
1110.95524,0.13253
1109.02650,0.13559
1107.09776,0.13975
1105.16902,0.14440
1103.24027,0.14883
1101.31153,0.15268
1099.38279,0.15578
1097.45405,0.15806
1095.52531,0.15942
1093.59656,0.15969
1091.66782,0.15920
1089.73908,0.15841
1087.81034,0.15731
1085.88160,0.15576
1083.95286,0.15374
1082.02411,0.15118
1080.09537,0.14797
1078.16663,0.14417
1076.23789,0.13998
1074.30915,0.13570
1072.38041,0.13160
1070.45166,0.12789
1068.52292,0.12476
1066.59418,0.12222
1064.66544,0.12031
1062.73670,0.11891
1060.80796,0.11759
1058.87921,0.11612
1056.95047,0.11469
1055.02173,0.11352
1053.09299,0.11258
1051.16425,0.11176
1049.23550,0.11097
1047.30676,0.11022
1045.37802,0.10954
1043.44928,0.10883
1041.52054,0.10796
1039.59180,0.10692
1037.66305,0.10581
1035.73431,0.10462
1033.80557,0.10322
1031.87683,0.10149
1029.94809,0.09999
1028.01935,0.10029
1026.09060,0.10403
1024.16186,0.11136
1022.23312,0.12068
1020.30438,0.13008
1018.37564,0.13761
1016.44690,0.14070
1014.51815,0.13810
1012.58941,0.13165
1010.66067,0.12449
1008.73193,0.11857
1006.80319,0.11420
1004.87444,0.11100
1002.94570,0.10857
1001.01696,0.10653
999.08822,0.10473
997.15948,0.10309
995.23074,0.10160
993.30199,0.10043
991.37325,0.09973
989.44451,0.09936
987.51577,0.09912
985.58703,0.09893
983.65829,0.09883
981.72954,0.09890
979.80080,0.09917
977.87206,0.09974
975.94332,0.10077
974.01458,0.10214
972.08584,0.10334
970.15709,0.10383
968.22835,0.10349
966.29961,0.10259
964.37087,0.10121
962.44213,0.09937
960.51338,0.09736
958.58464,0.09542
956.65590,0.09359
954.72716,0.09193
952.79842,0.09046
950.86968,0.08921
948.94093,0.08816
947.01219,0.08708
945.08345,0.08589
943.15471,0.08470
941.22597,0.08357
939.29723,0.08259
937.36848,0.08191
935.43974,0.08140
933.51100,0.08077
931.58226,0.08009
929.65352,0.07944
927.72478,0.07871
925.79603,0.07790
923.86729,0.07707
921.93855,0.07641
920.00981,0.07595
918.08107,0.07551
916.15232,0.07517
914.22358,0.07504
912.29484,0.07495
910.36610,0.07483
908.43736,0.07493
906.50862,0.07541
904.57987,0.07609
902.65113,0.07667
900.72239,0.07706
898.79365,0.07725
896.86491,0.07719
894.93617,0.07687
893.00742,0.07644
891.07868,0.07598
889.14994,0.07557
887.22120,0.07536
885.29246,0.07574
883.36372,0.07727
881.43497,0.08025
879.50623,0.08445
877.57749,0.09000
875.64875,0.09805
873.72001,0.10789
871.79126,0.11429
869.86252,0.11281
867.93378,0.10598
866.00504,0.09918
864.07630,0.09463
862.14756,0.09197
860.21881,0.09070
858.29007,0.09044
856.36133,0.09057
854.43259,0.09097
852.50385,0.09197
850.57511,0.09382
848.64636,0.09601
846.71762,0.09728
844.78888,0.09700
842.86014,0.09558
840.93140,0.09362
839.00266,0.09154
837.07391,0.08955
835.14517,0.08785
833.21643,0.08642
831.28769,0.08484
829.35895,0.08308
827.43020,0.08152
825.50146,0.08011
823.57272,0.07878
821.64398,0.07782
819.71524,0.07733
817.78650,0.07690
815.85775,0.07623
813.92901,0.07576
812.00027,0.07568
810.07153,0.07547
808.14279,0.07490
806.21405,0.07437
804.28530,0.07415
802.35656,0.07393
800.42782,0.07355
798.49908,0.07376
796.57034,0.07527
794.64160,0.07748
792.71285,0.07893
790.78411,0.07883
788.85537,0.07748
786.92663,0.07563
784.99789,0.07377
783.06915,0.07192
781.14040,0.06995
779.21166,0.06805
777.28292,0.06651
775.35418,0.06528
773.42544,0.06411
771.49669,0.06290
769.56795,0.06170
767.63921,0.06035
765.71047,0.05859
763.78173,0.05664
761.85299,0.05492
759.92424,0.05344
757.99550,0.05206
756.06676,0.05063
754.13802,0.04902
752.20928,0.04747
750.28054,0.04604
748.35179,0.04453
746.42305,0.04330
744.49431,0.04331
742.56557,0.04559
740.63683,0.05106
738.70809,0.06049
736.77934,0.07406
734.85060,0.09093
732.92186,0.10975
730.99312,0.12963
729.06438,0.15014
727.13563,0.17039
725.20689,0.18774
723.27815,0.19851
721.34941,0.20103
719.42067,0.19679
717.49193,0.18907
715.56318,0.18076
713.63444,0.17314
711.70570,0.16651
709.77696,0.16097
707.84822,0.15641
705.91948,0.15252
703.99073,0.14877
702.06199,0.14496
700.13325,0.14091
698.20451,0.13653
696.27577,0.13232
694.34703,0.12887
692.41828,0.12646
690.48954,0.12465
688.56080,0.12264
686.63206,0.12061
684.70332,0.11921
682.77457,0.11837
680.84583,0.11765
678.91709,0.11706
676.98835,0.11675
675.05961,0.11618
673.13087,0.11510
671.20212,0.11490
669.27338,0.11627
667.34464,0.11622
665.41590,0.11316
663.48716,0.11040
661.55842,0.10916
659.62967,0.10887
657.70093,0.10863
655.77219,0.10777
653.84345,0.10658
651.91471,0.10572
649.98597,0.10523
648.05722,0.10510
646.12848,0.10499
644.19974,0.10406
642.27100,0.10266
640.34226,0.10190
638.41351,0.10180
636.48477,0.10211
634.55603,0.10317
632.62729,0.10462
630.69855,0.10489
628.76981,0.10373
626.84106,0.10273
624.91232,0.10221
622.98358,0.10060
621.05484,0.09825
619.12610,0.09765
617.19736,0.09838
615.26861,0.09841
613.33987,0.09883
611.41113,0.09984
609.48239,0.09911
607.55365,0.09723
605.62491,0.09714
603.69616,0.09969
601.76742,0.10226
599.83868,0.10226
