3996.35288,0.03124
3994.42414,0.03118
3992.49539,0.03116
3990.56665,0.03118
3988.63791,0.03130
3986.70917,0.03138
3984.78043,0.03134
3982.85169,0.03127
3980.92294,0.03108
3978.99420,0.03088
3977.06546,0.03081
3975.13672,0.03086
3973.20798,0.03096
3971.27924,0.03104
3969.35049,0.03113
3967.42175,0.03125
3965.49301,0.03120
3963.56427,0.03100
3961.63553,0.03091
3959.70679,0.03098
3957.77804,0.03100
3955.84930,0.03100
3953.92056,0.03095
3951.99182,0.03059
3950.06308,0.03016
3948.13433,0.03023
3946.20559,0.03059
3944.27685,0.03059
3942.34811,0.03046
3940.41937,0.03069
3938.49063,0.03095
3936.56188,0.03077
3934.63314,0.03008
3932.70440,0.02936
3930.77566,0.02937
3928.84692,0.02989
3926.91818,0.02995
3924.98943,0.02959
3923.06069,0.02942
3921.13195,0.02931
3919.20321,0.02901
3917.27447,0.02901
3915.34573,0.02981
3913.41698,0.03084
3911.48824,0.03124
3909.55950,0.03093
3907.63076,0.02971
3905.70202,0.02735
3903.77327,0.02515
3901.84453,0.02460
3899.91579,0.02572
3897.98705,0.02784
3896.05831,0.02949
3894.12957,0.02924
3892.20082,0.02802
3890.27208,0.02793
3888.34334,0.02797
3886.41460,0.02682
3884.48586,0.02635
3882.55712,0.02687
3880.62837,0.02712
3878.69963,0.02792
3876.77089,0.02866
3874.84215,0.02797
3872.91341,0.02630
3870.98467,0.02457
3869.05592,0.02440
3867.12718,0.02554
3865.19844,0.02599
3863.26970,0.02641
3861.34096,0.02772
3859.41221,0.02857
3857.48347,0.02675
3855.55473,0.02123
3853.62599,0.01669
3851.69725,0.01965
3849.76851,0.02583
3847.83976,0.02901
3845.91102,0.02901
3843.98228,0.02781
3842.05354,0.02630
3840.12480,0.02417
3838.19606,0.02251
3836.26731,0.02329
3834.33857,0.02537
3832.40983,0.02689
3830.48109,0.02800
3828.55235,0.02868
3826.62361,0.02859
3824.69486,0.02750
3822.76612,0.02503
3820.83738,0.02335
3818.90864,0.02387
3816.97990,0.02441
3815.05115,0.02570
3813.12241,0.02856
3811.19367,0.03003
3809.26493,0.02852
3807.33619,0.02627
3805.40745,0.02579
3803.47870,0.02517
3801.54996,0.02399
3799.62122,0.02508
3797.69248,0.02724
3795.76374,0.02871
3793.83500,0.03000
3791.90625,0.03083
3789.97751,0.03099
3788.04877,0.03080
3786.12003,0.03044
3784.19129,0.03023
3782.26255,0.02992
3780.33380,0.02926
3778.40506,0.02922
3776.47632,0.03013
3774.54758,0.03072
3772.61884,0.02990
3770.69009,0.02830
3768.76135,0.02768
3766.83261,0.02815
3764.90387,0.02884
3762.97513,0.02929
3761.04639,0.02867
3759.11764,0.02762
3757.18890,0.02739
3755.26016,0.02656
3753.33142,0.02328
3751.40268,0.01943
3749.47394,0.01891
3747.54519,0.01997
3745.61645,0.01919
3743.68771,0.02011
3741.75897,0.02470
3739.83023,0.02730
3737.90149,0.02545
3735.97274,0.02259
3734.04400,0.02233
3732.11526,0.02468
3730.18652,0.02758
3728.25778,0.02884
3726.32904,0.02835
3724.40029,0.02788
3722.47155,0.02819
3720.54281,0.02888
3718.61407,0.02963
3716.68533,0.02973
3714.75658,0.02818
3712.82784,0.02552
3710.89910,0.02459
3708.97036,0.02642
3707.04162,0.02886
3705.11288,0.03007
3703.18413,0.02977
3701.25539,0.02945
3699.32665,0.03003
3697.39791,0.03061
3695.46917,0.03037
3693.54043,0.02890
3691.61168,0.02615
3689.68294,0.02375
3687.75420,0.02458
3685.82546,0.02792
3683.89672,0.03022
3681.96798,0.03035
3680.03923,0.02906
3678.11049,0.02612
3676.18175,0.02260
3674.25301,0.02200
3672.32427,0.02311
3670.39552,0.02349
3668.46678,0.02544
3666.53804,0.02892
3664.60930,0.03100
3662.68056,0.03139
3660.75182,0.03119
3658.82307,0.03021
3656.89433,0.02874
3654.96559,0.02824
3653.03685,0.02727
3651.10811,0.02404
3649.17937,0.02181
3647.25062,0.02407
3645.32188,0.02834
3643.39314,0.03104
3641.46440,0.03186
3639.53566,0.03202
3637.60692,0.03186
3635.67817,0.03130
3633.74943,0.03048
3631.82069,0.02837
3629.89195,0.02517
3627.96321,0.02506
3626.03446,0.02864
3624.10572,0.03114
3622.17698,0.03052
3620.24824,0.02842
3618.31950,0.02764
3616.39076,0.02843
3614.46201,0.02867
3612.53327,0.02806
3610.60453,0.02755
3608.67579,0.02778
3606.74705,0.02926
3604.81831,0.03098
3602.88956,0.03149
3600.96082,0.03110
3599.03208,0.03079
3597.10334,0.03053
3595.17460,0.03036
3593.24586,0.03058
3591.31711,0.03038
3589.38837,0.02888
3587.45963,0.02772
3585.53089,0.02880
3583.60215,0.03070
3581.67340,0.03156
3579.74466,0.03154
3577.81592,0.03146
3575.88718,0.03155
3573.95844,0.03170
3572.02970,0.03152
3570.10095,0.03035
3568.17221,0.02880
3566.24347,0.02866
3564.31473,0.03000
3562.38599,0.03121
3560.45725,0.03169
3558.52850,0.03204
3556.59976,0.03244
3554.67102,0.03246
3552.74228,0.03225
3550.81354,0.03236
3548.88480,0.03240
3546.95605,0.03187
3545.02731,0.03158
3543.09857,0.03219
3541.16983,0.03296
3539.24109,0.03315
3537.31234,0.03301
3535.38360,0.03295
3533.45486,0.03293
3531.52612,0.03282
3529.59738,0.03258
3527.66864,0.03233
3525.73989,0.03233
3523.81115,0.03258
3521.88241,0.03294
3519.95367,0.03324
3518.02493,0.03333
3516.09619,0.03328
3514.16744,0.03326
3512.23870,0.03320
3510.30996,0.03319
3508.38122,0.03345
3506.45248,0.03378
3504.52374,0.03382
3502.59499,0.03375
3500.66625,0.03386
3498.73751,0.03404
3496.80877,0.03423
3494.88003,0.03447
3492.95128,0.03469
3491.02254,0.03473
3489.09380,0.03458
3487.16506,0.03459
3485.23632,0.03480
3483.30758,0.03492
3481.37883,0.03495
3479.45009,0.03504
3477.52135,0.03523
3475.59261,0.03541
3473.66387,0.03548
3471.73513,0.03556
3469.80638,0.03580
3467.87764,0.03608
3465.94890,0.03622
3464.02016,0.03624
3462.09142,0.03630
3460.16268,0.03654
3458.23393,0.03688
3456.30519,0.03712
3454.37645,0.03737
3452.44771,0.03776
3450.51897,0.03806
3448.59022,0.03801
3446.66148,0.03791
3444.73274,0.03805
3442.80400,0.03831
3440.87526,0.03860
3438.94652,0.03896
3437.01777,0.03934
3435.08903,0.03964
3433.16029,0.03984
3431.23155,0.04005
3429.30281,0.04037
3427.37407,0.04071
3425.44532,0.04087
3423.51658,0.04073
3421.58784,0.04052
3419.65910,0.04051
3417.73036,0.04069
3415.80162,0.04085
3413.87287,0.04097
3411.94413,0.04105
3410.01539,0.04108
3408.08665,0.04116
3406.15791,0.04138
3404.22917,0.04153
3402.30042,0.04141
3400.37168,0.04115
3398.44294,0.04112
3396.51420,0.04130
3394.58546,0.04145
3392.65671,0.04153
3390.72797,0.04164
3388.79923,0.04175
3386.87049,0.04182
3384.94175,0.04186
3383.01301,0.04188
3381.08426,0.04195
3379.15552,0.04203
3377.22678,0.04215
3375.29804,0.04238
3373.36930,0.04269
3371.44056,0.04303
3369.51181,0.04318
3367.58307,0.04311
3365.65433,0.04314
3363.72559,0.04336
3361.79685,0.04356
3359.86811,0.04366
3357.93936,0.04379
3356.01062,0.04398
3354.08188,0.04425
3352.15314,0.04462
3350.22440,0.04497
3348.29565,0.04521
3346.36691,0.04533
3344.43817,0.04550
3342.50943,0.04581
3340.58069,0.04601
3338.65195,0.04599
3336.72320,0.04610
3334.79446,0.04632
3332.86572,0.04630
3330.93698,0.04609
3329.00824,0.04605
3327.07950,0.04618
3325.15075,0.04619
3323.22201,0.04605
3321.29327,0.04585
3319.36453,0.04568
3317.43579,0.04565
3315.50705,0.04575
3313.57830,0.04576
3311.64956,0.04579
3309.72082,0.04596
3307.79208,0.04615
3305.86334,0.04623
3303.93459,0.04616
3302.00585,0.04612
3300.07711,0.04630
3298.14837,0.04652
3296.21963,0.04654
3294.29089,0.04646
3292.36214,0.04649
3290.43340,0.04650
3288.50466,0.04640
3286.57592,0.04634
3284.64718,0.04642
3282.71844,0.04658
3280.78969,0.04664
3278.86095,0.04651
3276.93221,0.04638
3275.00347,0.04636
3273.07473,0.04638
3271.14599,0.04645
3269.21724,0.04651
3267.28850,0.04639
3265.35976,0.04623
3263.43102,0.04621
3261.50228,0.04621
3259.57353,0.04616
3257.64479,0.04622
3255.71605,0.04633
3253.78731,0.04629
3251.85857,0.04607
3249.92983,0.04580
3248.00108,0.04560
3246.07234,0.04542
3244.14360,0.04536
3242.21486,0.04543
3240.28612,0.04536
3238.35738,0.04510
3236.42863,0.04489
3234.49989,0.04475
3232.57115,0.04459
3230.64241,0.04446
3228.71367,0.04437
3226.78493,0.04430
3224.85618,0.04423
3222.92744,0.04411
3220.99870,0.04392
3219.06996,0.04372
3217.14122,0.04369
3215.21247,0.04376
3213.28373,0.04370
3211.35499,0.04346
3209.42625,0.04325
3207.49751,0.04323
3205.56877,0.04331
3203.64002,0.04324
3201.71128,0.04303
3199.78254,0.04289
3197.85380,0.04285
3195.92506,0.04282
3193.99632,0.04281
3192.06757,0.04274
3190.13883,0.04263
3188.21009,0.04252
3186.28135,0.04241
3184.35261,0.04231
3182.42387,0.04228
3180.49512,0.04222
3178.56638,0.04204
3176.63764,0.04191
3174.70890,0.04200
3172.78016,0.04220
3170.85141,0.04227
3168.92267,0.04208
3166.99393,0.04183
3165.06519,0.04172
3163.13645,0.04168
3161.20771,0.04161
3159.27896,0.04157
3157.35022,0.04158
3155.42148,0.04154
3153.49274,0.04147
3151.56400,0.04140
3149.63526,0.04125
3147.70651,0.04115
3145.77777,0.04120
3143.84903,0.04115
3141.92029,0.04096
3139.99155,0.04089
3138.06281,0.04092
3136.13406,0.04091
3134.20532,0.04084
3132.27658,0.04086
3130.34784,0.04096
3128.41910,0.04101
3126.49035,0.04103
3124.56161,0.04096
3122.63287,0.04078
3120.70413,0.04063
3118.77539,0.04061
3116.84665,0.04069
3114.91790,0.04073
3112.98916,0.04073
3111.06042,0.04072
3109.13168,0.04067
3107.20294,0.04060
3105.27420,0.04061
3103.34545,0.04070
3101.41671,0.04074
3099.48797,0.04067
3097.55923,0.04048
3095.63049,0.04025
3093.70175,0.04009
3091.77300,0.04004
3089.84426,0.04005
3087.91552,0.04008
3085.98678,0.04016
3084.05804,0.04032
3082.12930,0.04048
3080.20055,0.04055
3078.27181,0.04052
3076.34307,0.04051
3074.41433,0.04059
3072.48559,0.04066
3070.55684,0.04062
3068.62810,0.04049
3066.69936,0.04033
3064.77062,0.04021
3062.84188,0.04017
3060.91314,0.04019
3058.98439,0.04017
3057.05565,0.04015
3055.12691,0.04026
3053.19817,0.04038
3051.26943,0.04028
3049.34069,0.03999
3047.41194,0.03971
3045.48320,0.03946
3043.55446,0.03926
3041.62572,0.03916
3039.69698,0.03906
3037.76824,0.03886
3035.83949,0.03866
3033.91075,0.03860
3031.98201,0.03863
3030.05327,0.03869
3028.12453,0.03872
3026.19578,0.03877
3024.26704,0.03892
3022.33830,0.03914
3020.40956,0.03935
3018.48082,0.03954
3016.55208,0.03970
3014.62333,0.03984
3012.69459,0.04005
3010.76585,0.04027
3008.83711,0.04039
3006.90837,0.04047
3004.97963,0.04057
3003.05088,0.04066
3001.12214,0.04072
2999.19340,0.04072
2997.26466,0.04072
2995.33592,0.04083
2993.40718,0.04101
2991.47843,0.04125
2989.54969,0.04153
2987.62095,0.04178
2985.69221,0.04205
2983.76347,0.04242
2981.83472,0.04286
2979.90598,0.04331
2977.97724,0.04380
2976.04850,0.04435
2974.11976,0.04490
2972.19102,0.04541
2970.26227,0.04594
2968.33353,0.04637
2966.40479,0.04645
2964.47605,0.04618
2962.54731,0.04578
2960.61857,0.04550
2958.68982,0.04525
2956.76108,0.04492
2954.83234,0.04460
2952.90360,0.04438
2950.97486,0.04418
2949.04612,0.04389
2947.11737,0.04352
2945.18863,0.04318
2943.25989,0.04296
2941.33115,0.04281
2939.40241,0.04252
2937.47366,0.04211
2935.54492,0.04187
2933.61618,0.04196
2931.68744,0.04209
2929.75870,0.04202
2927.82996,0.04183
2925.90121,0.04177
2923.97247,0.04188
2922.04373,0.04201
2920.11499,0.04204
2918.18625,0.04198
2916.25751,0.04206
2914.32876,0.04247
2912.40002,0.04323
2910.47128,0.04405
2908.54254,0.04463
2906.61380,0.04496
2904.68506,0.04510
2902.75631,0.04504
2900.82757,0.04483
2898.89883,0.04462
2896.97009,0.04449
2895.04135,0.04445
2893.11260,0.04442
2891.18386,0.04437
2889.25512,0.04429
2887.32638,0.04414
2885.39764,0.04398
2883.46890,0.04389
2881.54015,0.04385
2879.61141,0.04378
2877.68267,0.04366
2875.75393,0.04350
2873.82519,0.04336
2871.89645,0.04327
2869.96770,0.04322
2868.03896,0.04323
2866.11022,0.04319
2864.18148,0.04302
2862.25274,0.04282
2860.32400,0.04270
2858.39525,0.04262
2856.46651,0.04250
2854.53777,0.04238
2852.60903,0.04222
2850.68029,0.04189
2848.75154,0.04145
2846.82280,0.04108
2844.89406,0.04090
2842.96532,0.04086
2841.03658,0.04080
2839.10784,0.04067
2837.17909,0.04059
2835.25035,0.04058
2833.32161,0.04055
2831.39287,0.04049
2829.46413,0.04045
2827.53539,0.04044
2825.60664,0.04035
2823.67790,0.04017
2821.74916,0.04002
2819.82042,0.03994
2817.89168,0.03991
2815.96294,0.03988
2814.03419,0.03980
2812.10545,0.03969
2810.17671,0.03958
2808.24797,0.03952
2806.31923,0.03953
2804.39048,0.03952
2802.46174,0.03944
2800.53300,0.03937
2798.60426,0.03936
2796.67552,0.03935
2794.74678,0.03929
2792.81803,0.03917
2790.88929,0.03908
2788.96055,0.03908
2787.03181,0.03905
2785.10307,0.03892
2783.17433,0.03880
2781.24558,0.03877
2779.31684,0.03878
2777.38810,0.03876
2775.45936,0.03870
2773.53062,0.03866
2771.60188,0.03865
2769.67313,0.03865
2767.74439,0.03864
2765.81565,0.03858
2763.88691,0.03855
2761.95817,0.03857
2760.02943,0.03860
2758.10068,0.03858
2756.17194,0.03854
2754.24320,0.03854
2752.31446,0.03853
2750.38572,0.03843
2748.45697,0.03831
2746.52823,0.03823
2744.59949,0.03821
2742.67075,0.03825
2740.74201,0.03828
2738.81327,0.03828
2736.88452,0.03831
2734.95578,0.03831
2733.02704,0.03826
2731.09830,0.03827
2729.16956,0.03829
2727.24082,0.03815
2725.31207,0.03795
2723.38333,0.03790
2721.45459,0.03800
2719.52585,0.03810
2717.59711,0.03817
2715.66837,0.03824
2713.73962,0.03827
2711.81088,0.03818
2709.88214,0.03799
2707.95340,0.03787
2706.02466,0.03788
2704.09591,0.03790
2702.16717,0.03789
2700.23843,0.03787
2698.30969,0.03784
2696.38095,0.03782
2694.45221,0.03781
2692.52346,0.03779
2690.59472,0.03775
2688.66598,0.03771
2686.73724,0.03771
2684.80850,0.03769
2682.87976,0.03762
2680.95101,0.03761
2679.02227,0.03770
2677.09353,0.03774
2675.16479,0.03763
2673.23605,0.03754
2671.30731,0.03758
2669.37856,0.03765
2667.44982,0.03765
2665.52108,0.03759
2663.59234,0.03759
2661.66360,0.03771
2659.73485,0.03786
2657.80611,0.03796
2655.87737,0.03802
2653.94863,0.03811
2652.01989,0.03813
2650.09115,0.03805
2648.16240,0.03801
2646.23366,0.03813
2644.30492,0.03831
2642.37618,0.03841
2640.44744,0.03836
2638.51870,0.03825
2636.58995,0.03819
2634.66121,0.03829
2632.73247,0.03846
2630.80373,0.03853
2628.87499,0.03848
2626.94625,0.03845
2625.01750,0.03846
2623.08876,0.03843
2621.16002,0.03844
2619.23128,0.03853
2617.30254,0.03856
2615.37379,0.03846
2613.44505,0.03832
2611.51631,0.03828
2609.58757,0.03834
2607.65883,0.03833
2605.73009,0.03826
2603.80134,0.03827
2601.87260,0.03837
2599.94386,0.03843
2598.01512,0.03834
2596.08638,0.03822
2594.15764,0.03830
2592.22889,0.03857
2590.30015,0.03876
2588.37141,0.03878
2586.44267,0.03870
2584.51393,0.03865
2582.58519,0.03868
2580.65644,0.03870
2578.72770,0.03869
2576.79896,0.03869
2574.87022,0.03865
2572.94148,0.03851
2571.01273,0.03844
2569.08399,0.03851
2567.15525,0.03850
2565.22651,0.03831
2563.29777,0.03816
2561.36903,0.03821
2559.44028,0.03837
2557.51154,0.03844
2555.58280,0.03833
2553.65406,0.03821
2551.72532,0.03823
2549.79658,0.03838
2547.86783,0.03855
2545.93909,0.03866
2544.01035,0.03869
2542.08161,0.03861
2540.15287,0.03860
2538.22413,0.03871
2536.29538,0.03882
2534.36664,0.03873
2532.43790,0.03856
2530.50916,0.03845
2528.58042,0.03840
2526.65167,0.03843
2524.72293,0.03848
2522.79419,0.03847
2520.86545,0.03845
2518.93671,0.03844
2517.00797,0.03837
2515.07922,0.03831
2513.15048,0.03842
2511.22174,0.03856
2509.29300,0.03849
2507.36426,0.03832
2505.43552,0.03813
2503.50677,0.03795
2501.57803,0.03794
2499.64929,0.03811
2497.72055,0.03823
2495.79181,0.03823
2493.86307,0.03813
2491.93432,0.03805
2490.00558,0.03803
2488.07684,0.03797
2486.14810,0.03784
2484.21936,0.03777
2482.29061,0.03785
2480.36187,0.03800
2478.43313,0.03797
2476.50439,0.03773
2474.57565,0.03752
2472.64691,0.03747
2470.71816,0.03758
2468.78942,0.03776
2466.86068,0.03787
2464.93194,0.03781
2463.00320,0.03763
2461.07446,0.03754
2459.14571,0.03761
2457.21697,0.03772
2455.28823,0.03771
2453.35949,0.03761
2451.43075,0.03763
2449.50201,0.03770
2447.57326,0.03772
2445.64452,0.03770
2443.71578,0.03763
2441.78704,0.03756
2439.85830,0.03757
2437.92956,0.03762
2436.00081,0.03756
2434.07207,0.03739
2432.14333,0.03727
2430.21459,0.03724
2428.28585,0.03729
2426.35710,0.03728
2424.42836,0.03714
2422.49962,0.03704
2420.57088,0.03710
2418.64214,0.03727
2416.71340,0.03733
2414.78465,0.03722
2412.85591,0.03717
2410.92717,0.03726
2408.99843,0.03736
2407.06969,0.03734
2405.14095,0.03721
2403.21220,0.03704
2401.28346,0.03696
2399.35472,0.03699
2397.42598,0.03709
2395.49724,0.03711
2393.56850,0.03700
2391.63975,0.03689
2389.71101,0.03692
2387.78227,0.03716
2385.85353,0.03749
2383.92479,0.03783
2381.99604,0.03842
2380.06730,0.03952
2378.13856,0.04095
2376.20982,0.04244
2374.28108,0.04387
2372.35234,0.04519
2370.42359,0.04639
2368.49485,0.04750
2366.56611,0.04845
2364.63737,0.04922
2362.70863,0.04994
2360.77989,0.05044
2358.85114,0.05030
2356.92240,0.04951
2354.99366,0.04839
2353.06492,0.04692
2351.13618,0.04512
2349.20744,0.04405
2347.27869,0.04448
2345.34995,0.04571
2343.42121,0.04646
2341.49247,0.04660
2339.56373,0.04651
2337.63498,0.04626
2335.70624,0.04593
2333.77750,0.04571
2331.84876,0.04556
2329.92002,0.04524
2327.99128,0.04492
2326.06253,0.04498
2324.13379,0.04518
2322.20505,0.04489
2320.27631,0.04403
2318.34757,0.04307
2316.41883,0.04229
2314.49008,0.04176
2312.56134,0.04136
2310.63260,0.04087
2308.70386,0.04026
2306.77512,0.03968
2304.84638,0.03923
2302.91763,0.03892
2300.98889,0.03871
2299.06015,0.03855
2297.13141,0.03844
2295.20267,0.03839
2293.27392,0.03831
2291.34518,0.03813
2289.41644,0.03796
2287.48770,0.03798
2285.55896,0.03813
2283.63022,0.03817
2281.70147,0.03813
2279.77273,0.03824
2277.84399,0.03838
2275.91525,0.03832
2273.98651,0.03817
2272.05777,0.03801
2270.12902,0.03786
2268.20028,0.03777
2266.27154,0.03771
2264.34280,0.03766
2262.41406,0.03769
2260.48532,0.03772
2258.55657,0.03745
2256.62783,0.03710
2254.69909,0.03711
2252.77035,0.03730
2250.84161,0.03735
2248.91286,0.03742
2246.98412,0.03759
2245.05538,0.03765
2243.12664,0.03766
2241.19790,0.03780
2239.26916,0.03797
2237.34041,0.03786
2235.41167,0.03750
2233.48293,0.03714
2231.55419,0.03700
2229.62545,0.03705
2227.69671,0.03710
2225.76796,0.03709
2223.83922,0.03701
2221.91048,0.03687
2219.98174,0.03676
2218.05300,0.03675
2216.12426,0.03685
2214.19551,0.03699
2212.26677,0.03708
2210.33803,0.03720
2208.40929,0.03744
2206.48055,0.03760
2204.55180,0.03754
2202.62306,0.03738
2200.69432,0.03721
2198.76558,0.03723
2196.83684,0.03740
2194.90810,0.03730
2192.97935,0.03680
2191.05061,0.03642
2189.12187,0.03648
2187.19313,0.03666
2185.26439,0.03675
2183.33565,0.03674
2181.40690,0.03643
2179.47816,0.03601
2177.54942,0.03576
2175.62068,0.03563
2173.69194,0.03582
2171.76320,0.03627
2169.83445,0.03662
2167.90571,0.03692
2165.97697,0.03721
2164.04823,0.03730
2162.11949,0.03718
2160.19074,0.03664
2158.26200,0.03535
2156.33326,0.03422
2154.40452,0.03406
2152.47578,0.03428
2150.54704,0.03440
2148.61829,0.03455
2146.68955,0.03471
2144.76081,0.03469
2142.83207,0.03460
2140.90333,0.03471
2138.97459,0.03496
2137.04584,0.03519
2135.11710,0.03512
2133.18836,0.03481
2131.25962,0.03483
2129.33088,0.03520
2127.40214,0.03545
2125.47339,0.03552
2123.54465,0.03566
2121.61591,0.03582
2119.68717,0.03589
2117.75843,0.03598
2115.82969,0.03626
2113.90094,0.03665
2111.97220,0.03687
2110.04346,0.03682
2108.11472,0.03656
2106.18598,0.03631
2104.25723,0.03634
2102.32849,0.03651
2100.39975,0.03650
2098.47101,0.03633
2096.54227,0.03618
2094.61353,0.03597
2092.68478,0.03577
2090.75604,0.03583
2088.82730,0.03595
2086.89856,0.03574
2084.96982,0.03548
2083.04108,0.03556
2081.11233,0.03579
2079.18359,0.03597
2077.25485,0.03618
2075.32611,0.03630
2073.39737,0.03620
2071.46863,0.03596
2069.53988,0.03563
2067.61114,0.03536
2065.68240,0.03524
2063.75366,0.03524
2061.82492,0.03521
2059.89617,0.03509
2057.96743,0.03494
2056.03869,0.03482
2054.10995,0.03483
2052.18121,0.03517
2050.25247,0.03543
2048.32372,0.03512
2046.39498,0.03454
2044.46624,0.03423
2042.53750,0.03419
2040.60876,0.03415
2038.68002,0.03423
2036.75127,0.03450
2034.82253,0.03459
2032.89379,0.03427
2030.96505,0.03397
2029.03631,0.03394
2027.10757,0.03383
2025.17882,0.03371
2023.25008,0.03379
2021.32134,0.03381
2019.39260,0.03350
2017.46386,0.03309
2015.53511,0.03305
2013.60637,0.03343
2011.67763,0.03373
2009.74889,0.03374
2007.82015,0.03355
2005.89141,0.03316
2003.96266,0.03289
2002.03392,0.03302
2000.10518,0.03335
1998.17644,0.03370
1996.24770,0.03387
1994.31896,0.03354
1992.39021,0.03296
1990.46147,0.03278
1988.53273,0.03288
1986.60399,0.03305
1984.67525,0.03342
1982.74651,0.03391
1980.81776,0.03431
1978.88902,0.03419
1976.96028,0.03356
1975.03154,0.03312
1973.10280,0.03305
1971.17405,0.03318
1969.24531,0.03329
1967.31657,0.03322
1965.38783,0.03322
1963.45909,0.03352
1961.53035,0.03390
1959.60160,0.03403
1957.67286,0.03387
1955.74412,0.03369
1953.81538,0.03368
1951.88664,0.03386
1949.95790,0.03406
1948.02915,0.03399
1946.10041,0.03352
1944.17167,0.03292
1942.24293,0.03272
1940.31419,0.03297
1938.38545,0.03299
1936.45670,0.03261
1934.52796,0.03218
1932.59922,0.03187
1930.67048,0.03174
1928.74174,0.03178
1926.81299,0.03160
1924.88425,0.03099
1922.95551,0.03039
1921.02677,0.02992
1919.09803,0.02930
1917.16929,0.02914
1915.24054,0.02977
1913.31180,0.03023
1911.38306,0.03007
1909.45432,0.02972
1907.52558,0.02965
1905.59684,0.02981
1903.66809,0.02982
1901.73935,0.02962
1899.81061,0.02934
1897.88187,0.02910
1895.95313,0.02892
1894.02439,0.02875
1892.09564,0.02838
1890.16690,0.02785
1888.23816,0.02780
1886.30942,0.02818
1884.38068,0.02830
1882.45193,0.02815
1880.52319,0.02810
1878.59445,0.02817
1876.66571,0.02814
1874.73697,0.02788
1872.80823,0.02710
1870.87948,0.02560
1868.95074,0.02450
1867.02200,0.02503
1865.09326,0.02637
1863.16452,0.02714
1861.23578,0.02725
1859.30703,0.02717
1857.37829,0.02714
1855.44955,0.02709
1853.52081,0.02695
1851.59207,0.02673
1849.66333,0.02629
1847.73458,0.02519
1845.80584,0.02336
1843.87710,0.02264
1841.94836,0.02419
1840.01962,0.02590
1838.09087,0.02643
1836.16213,0.02647
1834.23339,0.02629
1832.30465,0.02538
1830.37591,0.02425
1828.44717,0.02408
1826.51842,0.02440
1824.58968,0.02479
1822.66094,0.02553
1820.73220,0.02605
1818.80346,0.02604
1816.87472,0.02586
1814.94597,0.02558
1813.01723,0.02496
1811.08849,0.02432
1809.15975,0.02420
1807.23101,0.02439
1805.30227,0.02417
1803.37352,0.02325
1801.44478,0.02223
1799.51604,0.02202
1797.58730,0.02231
1795.65856,0.02158
1793.72982,0.01961
1791.80107,0.01873
1789.87233,0.02011
1787.94359,0.02137
1786.01485,0.02125
1784.08611,0.02079
1782.15736,0.02049
1780.22862,0.02029
1778.29988,0.02019
1776.37114,0.01921
1774.44240,0.01659
1772.51366,0.01434
1770.58491,0.01480
1768.65617,0.01671
1766.72743,0.01831
1764.79869,0.01864
1762.86995,0.01766
1760.94121,0.01740
1759.01246,0.01817
1757.08372,0.01886
1755.15498,0.01949
1753.22624,0.01940
1751.29750,0.01909
1749.36876,0.02131
1747.44001,0.02644
1745.51127,0.03278
1743.58253,0.03950
1741.65379,0.04660
1739.72505,0.05498
1737.79630,0.06349
1735.86756,0.06982
1733.93882,0.07746
1732.01008,0.09001
1730.08134,0.10329
1728.15260,0.11469
1726.22385,0.12485
1724.29511,0.13430
1722.36637,0.14289
1720.43763,0.14905
1718.50889,0.15371
1716.58015,0.16081
1714.65140,0.16970
1712.72266,0.17573
1710.79392,0.17673
1708.86518,0.17280
1706.93644,0.16519
1705.00770,0.15607
1703.07895,0.14529
1701.15021,0.13242
1699.22147,0.12245
1697.29273,0.11698
1695.36399,0.11323
1693.43524,0.11137
1691.50650,0.10921
1689.57776,0.10513
1687.64902,0.09950
1685.72028,0.09225
1683.79154,0.08791
1681.86279,0.08931
1679.93405,0.09079
1678.00531,0.08861
1676.07657,0.08432
1674.14783,0.08125
1672.21909,0.07914
1670.29034,0.07641
1668.36160,0.07515
1666.43286,0.07524
1664.50412,0.07353
1662.57538,0.07106
1660.64664,0.07025
1658.71789,0.06942
1656.78915,0.06516
1654.86041,0.05657
1652.93167,0.05084
1651.00293,0.05397
1649.07418,0.05692
1647.14544,0.05593
1645.21670,0.05655
1643.28796,0.05926
1641.35922,0.06012
1639.43048,0.05791
1637.50173,0.05335
1635.57299,0.05039
1633.64425,0.05244
1631.71551,0.05536
1629.78677,0.05548
1627.85803,0.05414
1625.92928,0.05266
1624.00054,0.05135
1622.07180,0.05138
1620.14306,0.05139
1618.21432,0.04936
1616.28558,0.04840
1614.35683,0.05079
1612.42809,0.05280
1610.49935,0.05258
1608.57061,0.05155
1606.64187,0.05072
1604.71312,0.05002
1602.78438,0.04930
1600.85564,0.04863
1598.92690,0.04799
1596.99816,0.04725
1595.06942,0.04657
1593.14067,0.04622
1591.21193,0.04609
1589.28319,0.04599
1587.35445,0.04603
1585.42571,0.04634
1583.49697,0.04709
1581.56822,0.04804
1579.63948,0.04760
1577.71074,0.04474
1575.78200,0.04278
1573.85326,0.04377
1571.92452,0.04349
1569.99577,0.04128
1568.06703,0.04074
1566.13829,0.04142
1564.20955,0.04061
1562.28081,0.03606
1560.35206,0.02786
1558.42332,0.02404
1556.49458,0.02850
1554.56584,0.03358
1552.63710,0.03613
1550.70836,0.03712
1548.77961,0.03704
1546.85087,0.03551
1544.92213,0.03194
1542.99339,0.02676
1541.06465,0.02220
1539.13591,0.02317
1537.20716,0.02850
1535.27842,0.03130
1533.34968,0.03178
1531.42094,0.03326
1529.49220,0.03420
1527.56346,0.03304
1525.63471,0.03108
1523.70597,0.02849
1521.77723,0.02601
1519.84849,0.02618
1517.91975,0.02796
1515.99100,0.02964
1514.06226,0.03128
1512.13352,0.03229
1510.20478,0.03204
1508.27604,0.03160
1506.34730,0.03549
1504.41855,0.04320
1502.48981,0.04624
1500.56107,0.04246
1498.63233,0.03634
1496.70359,0.03268
1494.77485,0.03250
1492.84610,0.03233
1490.91736,0.03053
1488.98862,0.02996
1487.05988,0.03238
1485.13114,0.03585
1483.20240,0.03848
1481.27365,0.04022
1479.34491,0.04132
1477.41617,0.04142
1475.48743,0.04065
1473.55869,0.04059
1471.62995,0.04309
1469.70120,0.04625
1467.77246,0.04638
1465.84372,0.04435
1463.91498,0.04395
1461.98624,0.04485
1460.05749,0.04310
1458.12875,0.03919
1456.20001,0.03944
1454.27127,0.04437
1452.34253,0.04783
1450.41379,0.04800
1448.48504,0.04692
1446.55630,0.04649
1444.62756,0.04665
1442.69882,0.04639
1440.77008,0.04505
1438.84134,0.04195
1436.91259,0.03898
1434.98385,0.03913
1433.05511,0.04018
1431.12637,0.03951
1429.19763,0.03844
1427.26889,0.03783
1425.34014,0.03701
1423.41140,0.03599
1421.48266,0.03473
1419.55392,0.03484
1417.62518,0.04003
1415.69643,0.04993
1413.76769,0.06159
1411.83895,0.07318
1409.91021,0.08212
1407.98147,0.08543
1406.05273,0.08258
1404.12398,0.07634
1402.19524,0.06933
1400.26650,0.06227
1398.33776,0.05610
1396.40902,0.05159
1394.48028,0.04898
1392.55153,0.04830
1390.62279,0.04785
1388.69405,0.04662
1386.76531,0.04621
1384.83657,0.04724
1382.90783,0.04815
1380.97908,0.04832
1379.05034,0.04830
1377.12160,0.04826
1375.19286,0.04838
1373.26412,0.04924
1371.33537,0.05036
1369.40663,0.05043
1367.47789,0.04919
1365.54915,0.04684
1363.62041,0.04396
1361.69167,0.04206
1359.76292,0.04160
1357.83418,0.04153
1355.90544,0.04154
1353.97670,0.04217
1352.04796,0.04377
1350.11922,0.04672
1348.19047,0.05176
1346.26173,0.05949
1344.33299,0.06939
1342.40425,0.07947
1340.47551,0.08716
1338.54677,0.09049
1336.61802,0.08838
1334.68928,0.08128
1332.76054,0.07141
1330.83180,0.06164
1328.90306,0.05398
1326.97431,0.04906
1325.04557,0.04651
1323.11683,0.04568
1321.18809,0.04584
1319.25935,0.04655
1317.33061,0.04769
1315.40186,0.04908
1313.47312,0.05053
1311.54438,0.05210
1309.61564,0.05375
1307.68690,0.05536
1305.75816,0.05696
1303.82941,0.05875
1301.90067,0.06107
1299.97193,0.06424
1298.04319,0.06819
1296.11445,0.07259
1294.18571,0.07711
1292.25696,0.08158
1290.32822,0.08591
1288.39948,0.09016
1286.47074,0.09440
1284.54200,0.09865
1282.61325,0.10282
1280.68451,0.10684
1278.75577,0.11076
1276.82703,0.11487
1274.89829,0.11941
1272.96955,0.12448
1271.04080,0.13011
1269.11206,0.13635
1267.18332,0.14289
1265.25458,0.14910
1263.32584,0.15459
1261.39710,0.15916
1259.46835,0.16271
1257.53961,0.16552
1255.61087,0.16814
1253.68213,0.17107
1251.75339,0.17462
1249.82465,0.17875
1247.89590,0.18302
1245.96716,0.18689
1244.03842,0.18994
1242.10968,0.19187
1240.18094,0.19233
1238.25219,0.19116
1236.32345,0.18834
1234.39471,0.18389
1232.46597,0.17820
1230.53723,0.17202
1228.60849,0.16601
1226.67974,0.16053
1224.75100,0.15569
1222.82226,0.15125
1220.89352,0.14681
1218.96478,0.14214
1217.03604,0.13728
1215.10729,0.13244
1213.17855,0.12795
1211.24981,0.12411
1209.32107,0.12093
1207.39233,0.11807
1205.46359,0.11499
1203.53484,0.11143
1201.60610,0.10755
1199.67736,0.10370
1197.74862,0.10005
1195.81988,0.09647
1193.89113,0.09283
1191.96239,0.08935
1190.03365,0.08627
1188.10491,0.08367
1186.17617,0.08167
1184.24743,0.08038
1182.31868,0.07978
1180.38994,0.07972
1178.46120,0.08005
1176.53246,0.08048
1174.60372,0.08061
1172.67498,0.08015
1170.74623,0.07899
1168.81749,0.07732
1166.88875,0.07565
1164.96001,0.07435
1163.03127,0.07340
1161.10253,0.07256
1159.17378,0.07163
1157.24504,0.07065
1155.31630,0.06988
1153.38756,0.06954
1151.45882,0.06979
1149.53007,0.07076
1147.60133,0.07227
1145.67259,0.07419
1143.74385,0.07680
1141.81511,0.08034
1139.88637,0.08473
1137.95762,0.09012
1136.02888,0.09698
1134.10014,0.10528
1132.17140,0.11433
1130.24266,0.12351
1128.31392,0.13265
1126.38517,0.14151
1124.45643,0.14962
1122.52769,0.15659
1120.59895,0.16218
1118.67021,0.16636
1116.74147,0.16929
1114.81272,0.17143
1112.88398,0.17349
1110.95524,0.17623
1109.02650,0.18028
1107.09776,0.18565
1105.16902,0.19156
1103.24027,0.19716
1101.31153,0.20193
1099.38279,0.20555
1097.45405,0.20784
1095.52531,0.20867
1093.59656,0.20827
1091.66782,0.20728
1089.73908,0.20603
1087.81034,0.20428
1085.88160,0.20187
1083.95286,0.19898
1082.02411,0.19577
1080.09537,0.19213
1078.16663,0.18783
1076.23789,0.18297
1074.30915,0.17790
1072.38041,0.17305
1070.45166,0.16877
1068.52292,0.16534
1066.59418,0.16293
1064.66544,0.16137
1062.73670,0.16024
1060.80796,0.15929
1058.87921,0.15840
1056.95047,0.15729
1055.02173,0.15590
1053.09299,0.15455
1051.16425,0.15341
1049.23550,0.15224
1047.30676,0.15092
1045.37802,0.14958
1043.44928,0.14832
1041.52054,0.14714
1039.59180,0.14593
1037.66305,0.14468
1035.73431,0.14338
1033.80557,0.14177
1031.87683,0.13970
1029.94809,0.13779
1028.01935,0.13792
1026.09060,0.14245
1024.16186,0.15190
1022.23312,0.16416
1020.30438,0.17637
1018.37564,0.18571
1016.44690,0.18917
1014.51815,0.18555
1012.58941,0.17735
1010.66067,0.16849
1008.73193,0.16110
1006.80319,0.15549
1004.87444,0.15144
1002.94570,0.14847
1001.01696,0.14597
999.08822,0.14363
997.15948,0.14145
995.23074,0.13943
993.30199,0.13757
991.37325,0.13615
989.44451,0.13537
987.51577,0.13507
985.58703,0.13498
983.65829,0.13503
981.72954,0.13528
979.80080,0.13572
977.87206,0.13641
975.94332,0.13741
974.01458,0.13860
972.08584,0.13968
970.15709,0.14017
968.22835,0.13966
966.29961,0.13814
964.37087,0.13587
962.44213,0.13325
960.51338,0.13074
958.58464,0.12837
956.65590,0.12597
954.72716,0.12360
952.79842,0.12132
950.86968,0.11920
948.94093,0.11734
947.01219,0.11569
945.08345,0.11401
943.15471,0.11228
941.22597,0.11074
939.29723,0.10950
937.36848,0.10847
935.43974,0.10746
933.51100,0.10625
931.58226,0.10495
929.65352,0.10387
927.72478,0.10304
925.79603,0.10214
923.86729,0.10109
921.93855,0.10012
920.00981,0.09929
918.08107,0.09856
916.15232,0.09812
914.22358,0.09795
912.29484,0.09788
910.36610,0.09795
908.43736,0.09835
906.50862,0.09904
904.57987,0.09982
902.65113,0.10050
900.72239,0.10099
898.79365,0.10123
896.86491,0.10111
894.93617,0.10059
893.00742,0.09981
891.07868,0.09900
889.14994,0.09836
887.22120,0.09817
885.29246,0.09897
883.36372,0.10127
881.43497,0.10518
879.50623,0.11050
877.57749,0.11755
875.64875,0.12749
873.72001,0.13905
871.79126,0.14589
869.86252,0.14318
867.93378,0.13436
866.00504,0.12576
864.07630,0.12006
862.14756,0.11688
860.21881,0.11530
858.29007,0.11468
856.36133,0.11462
854.43259,0.11519
852.50385,0.11669
850.57511,0.11896
848.64636,0.12125
846.71762,0.12246
844.78888,0.12202
842.86014,0.12025
840.93140,0.11787
839.00266,0.11533
837.07391,0.11273
835.14517,0.11016
833.21643,0.10787
831.28769,0.10581
829.35895,0.10386
827.43020,0.10207
825.50146,0.10055
823.57272,0.09929
821.64398,0.09829
819.71524,0.09757
817.78650,0.09691
815.85775,0.09612
813.92901,0.09559
812.00027,0.09539
810.07153,0.09520
808.14279,0.09480
806.21405,0.09421
804.28530,0.09367
802.35656,0.09321
800.42782,0.09273
798.49908,0.09291
796.57034,0.09477
794.64160,0.09780
792.71285,0.09994
790.78411,0.09986
788.85537,0.09790
786.92663,0.09528
784.99789,0.09292
783.06915,0.09091
781.14040,0.08905
779.21166,0.08720
777.28292,0.08527
775.35418,0.08342
773.42544,0.08194
771.49669,0.08063
769.56795,0.07911
767.63921,0.07734
765.71047,0.07546
763.78173,0.07371
761.85299,0.07211
759.92424,0.07049
757.99550,0.06899
756.06676,0.06771
754.13802,0.06635
752.20928,0.06466
750.28054,0.06274
748.35179,0.06109
746.42305,0.06025
744.49431,0.06076
742.56557,0.06368
740.63683,0.07040
738.70809,0.08193
736.77934,0.09855
734.85060,0.11923
732.92186,0.14175
730.99312,0.16486
729.06438,0.18865
727.13563,0.21234
725.20689,0.23237
723.27815,0.24423
721.34941,0.24646
719.42067,0.24135
717.49193,0.23242
715.56318,0.22256
713.63444,0.21361
711.70570,0.20611
709.77696,0.19979
707.84822,0.19438
705.91948,0.18962
703.99073,0.18512
702.06199,0.18056
700.13325,0.17568
698.20451,0.17053
696.27577,0.16572
694.34703,0.16185
692.41828,0.15907
690.48954,0.15673
688.56080,0.15413
686.63206,0.15183
684.70332,0.15043
682.77457,0.14940
680.84583,0.14827
678.91709,0.14743
676.98835,0.14737
675.05961,0.14747
673.13087,0.14707
671.20212,0.14744
669.27338,0.14903
667.34464,0.14869
665.41590,0.14584
663.48716,0.14360
661.55842,0.14228
659.62967,0.14164
657.70093,0.14142
655.77219,0.14037
653.84345,0.13803
651.91471,0.13565
649.98597,0.13468
648.05722,0.13520
646.12848,0.13571
644.19974,0.13501
642.27100,0.13398
640.34226,0.13404
638.41351,0.13457
636.48477,0.13469
634.55603,0.13555
632.62729,0.13747
630.69855,0.13869
628.76981,0.13811
626.84106,0.13662
624.91232,0.13593
622.98358,0.13607
621.05484,0.13493
619.12610,0.13400
617.19736,0.13706
615.26861,0.14079
613.33987,0.14074
611.41113,0.13911
609.48239,0.13772
607.55365,0.13546
605.62491,0.13412
603.69616,0.13631
601.76742,0.13820
599.83868,0.13665
