3996.35288,0.04105
3994.42414,0.04099
3992.49539,0.04112
3990.56665,0.04130
3988.63791,0.04137
3986.70917,0.04128
3984.78043,0.04114
3982.85169,0.04106
3980.92294,0.04102
3978.99420,0.04091
3977.06546,0.04080
3975.13672,0.04081
3973.20798,0.04096
3971.27924,0.04111
3969.35049,0.04125
3967.42175,0.04136
3965.49301,0.04132
3963.56427,0.04109
3961.63553,0.04081
3959.70679,0.04071
3957.77804,0.04074
3955.84930,0.04082
3953.92056,0.04083
3951.99182,0.04052
3950.06308,0.04013
3948.13433,0.04015
3946.20559,0.04043
3944.27685,0.04038
3942.34811,0.04020
3940.41937,0.04042
3938.49063,0.04074
3936.56188,0.04059
3934.63314,0.03988
3932.70440,0.03922
3930.77566,0.03938
3928.84692,0.04002
3926.91818,0.04009
3924.98943,0.03966
3923.06069,0.03944
3921.13195,0.03931
3919.20321,0.03891
3917.27447,0.03881
3915.34573,0.03963
3913.41698,0.04076
3911.48824,0.04130
3909.55950,0.04100
3907.63076,0.03970
3905.70202,0.03733
3903.77327,0.03510
3901.84453,0.03442
3899.91579,0.03539
3897.98705,0.03746
3896.05831,0.03917
3894.12957,0.03892
3892.20082,0.03773
3890.27208,0.03780
3888.34334,0.03803
3886.41460,0.03699
3884.48586,0.03648
3882.55712,0.03684
3880.62837,0.03704
3878.69963,0.03792
3876.77089,0.03871
3874.84215,0.03801
3872.91341,0.03629
3870.98467,0.03445
3869.05592,0.03419
3867.12718,0.03533
3865.19844,0.03588
3863.26970,0.03636
3861.34096,0.03761
3859.41221,0.03840
3857.48347,0.03660
3855.55473,0.03115
3853.62599,0.02662
3851.69725,0.02957
3849.76851,0.03593
3847.83976,0.03946
3845.91102,0.03958
3843.98228,0.03813
3842.05354,0.03640
3840.12480,0.03436
3838.19606,0.03280
3836.26731,0.03344
3834.33857,0.03533
3832.40983,0.03681
3830.48109,0.03807
3828.55235,0.03891
3826.62361,0.03888
3824.69486,0.03784
3822.76612,0.03538
3820.83738,0.03359
3818.90864,0.03404
3816.97990,0.03455
3815.05115,0.03568
3813.12241,0.03845
3811.19367,0.03997
3809.26493,0.03851
3807.33619,0.03626
3805.40745,0.03579
3803.47870,0.03534
3801.54996,0.03432
3799.62122,0.03533
3797.69248,0.03730
3795.76374,0.03866
3793.83500,0.03989
3791.90625,0.04067
3789.97751,0.04080
3788.04877,0.04062
3786.12003,0.04023
3784.19129,0.03995
3782.26255,0.03968
3780.33380,0.03920
3778.40506,0.03936
3776.47632,0.04035
3774.54758,0.04084
3772.61884,0.04000
3770.69009,0.03847
3768.76135,0.03777
3766.83261,0.03810
3764.90387,0.03879
3762.97513,0.03930
3761.04639,0.03877
3759.11764,0.03787
3757.18890,0.03777
3755.26016,0.03691
3753.33142,0.03354
3751.40268,0.02970
3749.47394,0.02927
3747.54519,0.03041
3745.61645,0.02964
3743.68771,0.03037
3741.75897,0.03476
3739.83023,0.03736
3737.90149,0.03563
3735.97274,0.03285
3734.04400,0.03260
3732.11526,0.03499
3730.18652,0.03789
3728.25778,0.03919
3726.32904,0.03883
3724.40029,0.03836
3722.47155,0.03849
3720.54281,0.03905
3718.61407,0.03970
3716.68533,0.03972
3714.75658,0.03827
3712.82784,0.03576
3710.89910,0.03480
3708.97036,0.03659
3707.04162,0.03904
3705.11288,0.04012
3703.18413,0.03971
3701.25539,0.03954
3699.32665,0.04045
3697.39791,0.04124
3695.46917,0.04096
3693.54043,0.03943
3691.61168,0.03668
3689.68294,0.03422
3687.75420,0.03497
3685.82546,0.03840
3683.89672,0.04093
3681.96798,0.04111
3680.03923,0.03957
3678.11049,0.03635
3676.18175,0.03284
3674.25301,0.03252
3672.32427,0.03393
3670.39552,0.03443
3668.46678,0.03627
3666.53804,0.03962
3664.60930,0.04175
3662.68056,0.04231
3660.75182,0.04211
3658.82307,0.04095
3656.89433,0.03941
3654.96559,0.03903
3653.03685,0.03826
3651.10811,0.03510
3649.17937,0.03274
3647.25062,0.03490
3645.32188,0.03918
3643.39314,0.04188
3641.46440,0.04271
3639.53566,0.04289
3637.60692,0.04282
3635.67817,0.04245
3633.74943,0.04171
3631.82069,0.03952
3629.89195,0.03626
3627.96321,0.03607
3626.03446,0.03958
3624.10572,0.04213
3622.17698,0.04170
3620.24824,0.03979
3618.31950,0.03898
3616.39076,0.03954
3614.46201,0.03974
3612.53327,0.03929
3610.60453,0.03875
3608.67579,0.03868
3606.74705,0.03988
3604.81831,0.04154
3602.88956,0.04216
3600.96082,0.04192
3599.03208,0.04175
3597.10334,0.04161
3595.17460,0.04142
3593.24586,0.04143
3591.31711,0.04091
3589.38837,0.03921
3587.45963,0.03808
3585.53089,0.03927
3583.60215,0.04129
3581.67340,0.04222
3579.74466,0.04227
3577.81592,0.04230
3575.88718,0.04244
3573.95844,0.04247
3572.02970,0.04212
3570.10095,0.04089
3568.17221,0.03929
3566.24347,0.03911
3564.31473,0.04059
3562.38599,0.04206
3560.45725,0.04277
3558.52850,0.04308
3556.59976,0.04326
3554.67102,0.04323
3552.74228,0.04318
3550.81354,0.04333
3548.88480,0.04320
3546.95605,0.04255
3545.02731,0.04229
3543.09857,0.04296
3541.16983,0.04387
3539.24109,0.04424
3537.31234,0.04410
3535.38360,0.04397
3533.45486,0.04396
3531.52612,0.04372
3529.59738,0.04339
3527.66864,0.04336
3525.73989,0.04352
3523.81115,0.04366
3521.88241,0.04390
3519.95367,0.04420
3518.02493,0.04429
3516.09619,0.04419
3514.16744,0.04405
3512.23870,0.04384
3510.30996,0.04379
3508.38122,0.04404
3506.45248,0.04431
3504.52374,0.04439
3502.59499,0.04446
3500.66625,0.04470
3498.73751,0.04497
3496.80877,0.04511
3494.88003,0.04521
3492.95128,0.04533
3491.02254,0.04535
3489.09380,0.04527
3487.16506,0.04528
3485.23632,0.04530
3483.30758,0.04532
3481.37883,0.04562
3479.45009,0.04611
3477.52135,0.04647
3475.59261,0.04666
3473.66387,0.04674
3471.73513,0.04682
3469.80638,0.04702
3467.87764,0.04722
3465.94890,0.04733
3464.02016,0.04749
3462.09142,0.04765
3460.16268,0.04781
3458.23393,0.04802
3456.30519,0.04831
3454.37645,0.04876
3452.44771,0.04914
3450.51897,0.04917
3448.59022,0.04911
3446.66148,0.04945
3444.73274,0.05003
3442.80400,0.05051
3440.87526,0.05094
3438.94652,0.05136
3437.01777,0.05171
3435.08903,0.05209
3433.16029,0.05249
3431.23155,0.05286
3429.30281,0.05320
3427.37407,0.05342
3425.44532,0.05341
3423.51658,0.05327
3421.58784,0.05313
3419.65910,0.05314
3417.73036,0.05323
3415.80162,0.05318
3413.87287,0.05310
3411.94413,0.05311
3410.01539,0.05309
3408.08665,0.05303
3406.15791,0.05302
3404.22917,0.05300
3402.30042,0.05286
3400.37168,0.05276
3398.44294,0.05291
3396.51420,0.05319
3394.58546,0.05329
3392.65671,0.05327
3390.72797,0.05333
3388.79923,0.05346
3386.87049,0.05355
3384.94175,0.05358
3383.01301,0.05362
3381.08426,0.05370
3379.15552,0.05373
3377.22678,0.05379
3375.29804,0.05405
3373.36930,0.05441
3371.44056,0.05479
3369.51181,0.05514
3367.58307,0.05533
3365.65433,0.05541
3363.72559,0.05556
3361.79685,0.05571
3359.86811,0.05577
3357.93936,0.05588
3356.01062,0.05620
3354.08188,0.05659
3352.15314,0.05687
3350.22440,0.05712
3348.29565,0.05741
3346.36691,0.05767
3344.43817,0.05797
3342.50943,0.05829
3340.58069,0.05841
3338.65195,0.05838
3336.72320,0.05842
3334.79446,0.05858
3332.86572,0.05868
3330.93698,0.05858
3329.00824,0.05839
3327.07950,0.05832
3325.15075,0.05837
3323.22201,0.05843
3321.29327,0.05840
3319.36453,0.05827
3317.43579,0.05818
3315.50705,0.05811
3313.57830,0.05800
3311.64956,0.05801
3309.72082,0.05813
3307.79208,0.05826
3305.86334,0.05840
3303.93459,0.05852
3302.00585,0.05857
3300.07711,0.05861
3298.14837,0.05865
3296.21963,0.05861
3294.29089,0.05858
3292.36214,0.05874
3290.43340,0.05895
3288.50466,0.05892
3286.57592,0.05878
3284.64718,0.05877
3282.71844,0.05896
3280.78969,0.05916
3278.86095,0.05916
3276.93221,0.05901
3275.00347,0.05889
3273.07473,0.05887
3271.14599,0.05894
3269.21724,0.05900
3267.28850,0.05893
3265.35976,0.05892
3263.43102,0.05902
3261.50228,0.05896
3259.57353,0.05875
3257.64479,0.05857
3255.71605,0.05845
3253.78731,0.05824
3251.85857,0.05802
3249.92983,0.05784
3248.00108,0.05762
3246.07234,0.05745
3244.14360,0.05740
3242.21486,0.05741
3240.28612,0.05740
3238.35738,0.05732
3236.42863,0.05718
3234.49989,0.05694
3232.57115,0.05667
3230.64241,0.05654
3228.71367,0.05651
3226.78493,0.05638
3224.85618,0.05614
3222.92744,0.05595
3220.99870,0.05587
3219.06996,0.05584
3217.14122,0.05582
3215.21247,0.05580
3213.28373,0.05575
3211.35499,0.05564
3209.42625,0.05548
3207.49751,0.05533
3205.56877,0.05533
3203.64002,0.05530
3201.71128,0.05513
3199.78254,0.05492
3197.85380,0.05473
3195.92506,0.05463
3193.99632,0.05471
3192.06757,0.05481
3190.13883,0.05475
3188.21009,0.05464
3186.28135,0.05460
3184.35261,0.05458
3182.42387,0.05449
3180.49512,0.05431
3178.56638,0.05409
3176.63764,0.05393
3174.70890,0.05393
3172.78016,0.05407
3170.85141,0.05407
3168.92267,0.05390
3166.99393,0.05366
3165.06519,0.05341
3163.13645,0.05333
3161.20771,0.05344
3159.27896,0.05350
3157.35022,0.05350
3155.42148,0.05352
3153.49274,0.05343
3151.56400,0.05323
3149.63526,0.05307
3147.70651,0.05305
3145.77777,0.05300
3143.84903,0.05281
3141.92029,0.05266
3139.99155,0.05261
3138.06281,0.05258
3136.13406,0.05253
3134.20532,0.05254
3132.27658,0.05265
3130.34784,0.05276
3128.41910,0.05276
3126.49035,0.05276
3124.56161,0.05281
3122.63287,0.05274
3120.70413,0.05260
3118.77539,0.05264
3116.84665,0.05272
3114.91790,0.05264
3112.98916,0.05258
3111.06042,0.05270
3109.13168,0.05278
3107.20294,0.05276
3105.27420,0.05278
3103.34545,0.05276
3101.41671,0.05269
3099.48797,0.05266
3097.55923,0.05257
3095.63049,0.05240
3093.70175,0.05240
3091.77300,0.05251
3089.84426,0.05260
3087.91552,0.05270
3085.98678,0.05278
3084.05804,0.05283
3082.12930,0.05291
3080.20055,0.05295
3078.27181,0.05290
3076.34307,0.05280
3074.41433,0.05279
3072.48559,0.05283
3070.55684,0.05276
3068.62810,0.05260
3066.69936,0.05252
3064.77062,0.05254
3062.84188,0.05259
3060.91314,0.05267
3058.98439,0.05275
3057.05565,0.05279
3055.12691,0.05286
3053.19817,0.05289
3051.26943,0.05269
3049.34069,0.05236
3047.41194,0.05203
3045.48320,0.05166
3043.55446,0.05130
3041.62572,0.05106
3039.69698,0.05093
3037.76824,0.05085
3035.83949,0.05077
3033.91075,0.05065
3031.98201,0.05060
3030.05327,0.05069
3028.12453,0.05080
3026.19578,0.05081
3024.26704,0.05084
3022.33830,0.05100
3020.40956,0.05128
3018.48082,0.05168
3016.55208,0.05205
3014.62333,0.05226
3012.69459,0.05240
3010.76585,0.05260
3008.83711,0.05289
3006.90837,0.05329
3004.97963,0.05361
3003.05088,0.05378
3001.12214,0.05388
2999.19340,0.05394
2997.26466,0.05397
2995.33592,0.05402
2993.40718,0.05411
2991.47843,0.05431
2989.54969,0.05461
2987.62095,0.05497
2985.69221,0.05546
2983.76347,0.05609
2981.83472,0.05676
2979.90598,0.05739
2977.97724,0.05803
2976.04850,0.05880
2974.11976,0.05967
2972.19102,0.06047
2970.26227,0.06107
2968.33353,0.06140
2966.40479,0.06143
2964.47605,0.06118
2962.54731,0.06077
2960.61857,0.06040
2958.68982,0.06002
2956.76108,0.05953
2954.83234,0.05902
2952.90360,0.05855
2950.97486,0.05808
2949.04612,0.05765
2947.11737,0.05716
2945.18863,0.05658
2943.25989,0.05607
2941.33115,0.05566
2939.40241,0.05517
2937.47366,0.05469
2935.54492,0.05440
2933.61618,0.05419
2931.68744,0.05385
2929.75870,0.05337
2927.82996,0.05291
2925.90121,0.05256
2923.97247,0.05232
2922.04373,0.05212
2920.11499,0.05191
2918.18625,0.05183
2916.25751,0.05214
2914.32876,0.05297
2912.40002,0.05425
2910.47128,0.05559
2908.54254,0.05667
2906.61380,0.05743
2904.68506,0.05781
2902.75631,0.05777
2900.82757,0.05748
2898.89883,0.05726
2896.97009,0.05723
2895.04135,0.05726
2893.11260,0.05716
2891.18386,0.05707
2889.25512,0.05705
2887.32638,0.05696
2885.39764,0.05680
2883.46890,0.05661
2881.54015,0.05643
2879.61141,0.05630
2877.68267,0.05617
2875.75393,0.05600
2873.82519,0.05583
2871.89645,0.05575
2869.96770,0.05572
2868.03896,0.05563
2866.11022,0.05548
2864.18148,0.05526
2862.25274,0.05504
2860.32400,0.05482
2858.39525,0.05450
2856.46651,0.05409
2854.53777,0.05363
2852.60903,0.05302
2850.68029,0.05223
2848.75154,0.05160
2846.82280,0.05148
2844.89406,0.05183
2842.96532,0.05229
2841.03658,0.05254
2839.10784,0.05256
2837.17909,0.05252
2835.25035,0.05251
2833.32161,0.05251
2831.39287,0.05248
2829.46413,0.05245
2827.53539,0.05244
2825.60664,0.05238
2823.67790,0.05220
2821.74916,0.05203
2819.82042,0.05195
2817.89168,0.05192
2815.96294,0.05189
2814.03419,0.05184
2812.10545,0.05183
2810.17671,0.05187
2808.24797,0.05187
2806.31923,0.05177
2804.39048,0.05161
2802.46174,0.05148
2800.53300,0.05137
2798.60426,0.05131
2796.67552,0.05129
2794.74678,0.05123
2792.81803,0.05110
2790.88929,0.05100
2788.96055,0.05099
2787.03181,0.05100
2785.10307,0.05093
2783.17433,0.05084
2781.24558,0.05074
2779.31684,0.05062
2777.38810,0.05052
2775.45936,0.05050
2773.53062,0.05051
2771.60188,0.05048
2769.67313,0.05041
2767.74439,0.05037
2765.81565,0.05036
2763.88691,0.05033
2761.95817,0.05032
2760.02943,0.05036
2758.10068,0.05034
2756.17194,0.05022
2754.24320,0.05011
2752.31446,0.05008
2750.38572,0.05009
2748.45697,0.05007
2746.52823,0.05002
2744.59949,0.05004
2742.67075,0.05013
2740.74201,0.05015
2738.81327,0.05014
2736.88452,0.05017
2734.95578,0.05021
2733.02704,0.05019
2731.09830,0.05016
2729.16956,0.05010
2727.24082,0.04995
2725.31207,0.04976
2723.38333,0.04967
2721.45459,0.04967
2719.52585,0.04970
2717.59711,0.04972
2715.66837,0.04971
2713.73962,0.04965
2711.81088,0.04953
2709.88214,0.04947
2707.95340,0.04951
2706.02466,0.04957
2704.09591,0.04955
2702.16717,0.04946
2700.23843,0.04934
2698.30969,0.04930
2696.38095,0.04936
2694.45221,0.04944
2692.52346,0.04945
2690.59472,0.04947
2688.66598,0.04950
2686.73724,0.04939
2684.80850,0.04919
2682.87976,0.04906
2680.95101,0.04913
2679.02227,0.04926
2677.09353,0.04924
2675.16479,0.04908
2673.23605,0.04898
2671.30731,0.04895
2669.37856,0.04896
2667.44982,0.04900
2665.52108,0.04901
2663.59234,0.04906
2661.66360,0.04922
2659.73485,0.04943
2657.80611,0.04953
2655.87737,0.04956
2653.94863,0.04962
2652.01989,0.04963
2650.09115,0.04958
2648.16240,0.04958
2646.23366,0.04974
2644.30492,0.04999
2642.37618,0.05009
2640.44744,0.04998
2638.51870,0.04989
2636.58995,0.04998
2634.66121,0.05013
2632.73247,0.05021
2630.80373,0.05022
2628.87499,0.05027
2626.94625,0.05038
2625.01750,0.05040
2623.08876,0.05037
2621.16002,0.05043
2619.23128,0.05050
2617.30254,0.05046
2615.37379,0.05036
2613.44505,0.05028
2611.51631,0.05026
2609.58757,0.05035
2607.65883,0.05043
2605.73009,0.05039
2603.80134,0.05035
2601.87260,0.05043
2599.94386,0.05052
2598.01512,0.05048
2596.08638,0.05041
2594.15764,0.05052
2592.22889,0.05076
2590.30015,0.05086
2588.37141,0.05081
2586.44267,0.05075
2584.51393,0.05078
2582.58519,0.05095
2580.65644,0.05107
2578.72770,0.05100
2576.79896,0.05093
2574.87022,0.05087
2572.94148,0.05078
2571.01273,0.05077
2569.08399,0.05083
2567.15525,0.05085
2565.22651,0.05081
2563.29777,0.05077
2561.36903,0.05080
2559.44028,0.05091
2557.51154,0.05094
2555.58280,0.05088
2553.65406,0.05089
2551.72532,0.05101
2549.79658,0.05112
2547.86783,0.05112
2545.93909,0.05109
2544.01035,0.05108
2542.08161,0.05105
2540.15287,0.05103
2538.22413,0.05114
2536.29538,0.05130
2534.36664,0.05126
2532.43790,0.05106
2530.50916,0.05097
2528.58042,0.05099
2526.65167,0.05098
2524.72293,0.05090
2522.79419,0.05083
2520.86545,0.05084
2518.93671,0.05085
2517.00797,0.05080
2515.07922,0.05083
2513.15048,0.05093
2511.22174,0.05091
2509.29300,0.05073
2507.36426,0.05055
2505.43552,0.05042
2503.50677,0.05028
2501.57803,0.05022
2499.64929,0.05032
2497.72055,0.05045
2495.79181,0.05048
2493.86307,0.05038
2491.93432,0.05023
2490.00558,0.05014
2488.07684,0.05007
2486.14810,0.05000
2484.21936,0.05006
2482.29061,0.05020
2480.36187,0.05018
2478.43313,0.04999
2476.50439,0.04979
2474.57565,0.04972
2472.64691,0.04977
2470.71816,0.04993
2468.78942,0.05010
2466.86068,0.05010
2464.93194,0.04990
2463.00320,0.04973
2461.07446,0.04970
2459.14571,0.04967
2457.21697,0.04960
2455.28823,0.04959
2453.35949,0.04961
2451.43075,0.04957
2449.50201,0.04951
2447.57326,0.04950
2445.64452,0.04948
2443.71578,0.04944
2441.78704,0.04945
2439.85830,0.04953
2437.92956,0.04962
2436.00081,0.04965
2434.07207,0.04954
2432.14333,0.04928
2430.21459,0.04900
2428.28585,0.04893
2426.35710,0.04903
2424.42836,0.04902
2422.49962,0.04898
2420.57088,0.04911
2418.64214,0.04929
2416.71340,0.04934
2414.78465,0.04932
2412.85591,0.04930
2410.92717,0.04938
2408.99843,0.04949
2407.06969,0.04944
2405.14095,0.04923
2403.21220,0.04903
2401.28346,0.04901
2399.35472,0.04912
2397.42598,0.04913
2395.49724,0.04895
2393.56850,0.04883
2391.63975,0.04892
2389.71101,0.04914
2387.78227,0.04946
2385.85353,0.04980
2383.92479,0.05011
2381.99604,0.05071
2380.06730,0.05186
2378.13856,0.05341
2376.20982,0.05508
2374.28108,0.05660
2372.35234,0.05790
2370.42359,0.05914
2368.49485,0.06040
2366.56611,0.06146
2364.63737,0.06226
2362.70863,0.06286
2360.77989,0.06307
2358.85114,0.06275
2356.92240,0.06195
2354.99366,0.06072
2353.06492,0.05900
2351.13618,0.05710
2349.20744,0.05614
2347.27869,0.05682
2345.34995,0.05836
2343.42121,0.05931
2341.49247,0.05936
2339.56373,0.05900
2337.63498,0.05862
2335.70624,0.05835
2333.77750,0.05823
2331.84876,0.05819
2329.92002,0.05790
2327.99128,0.05746
2326.06253,0.05743
2324.13379,0.05764
2322.20505,0.05734
2320.27631,0.05653
2318.34757,0.05564
2316.41883,0.05478
2314.49008,0.05400
2312.56134,0.05337
2310.63260,0.05278
2308.70386,0.05223
2306.77512,0.05174
2304.84638,0.05125
2302.91763,0.05086
2300.98889,0.05070
2299.06015,0.05067
2297.13141,0.05059
2295.20267,0.05052
2293.27392,0.05062
2291.34518,0.05071
2289.41644,0.05062
2287.48770,0.05050
2285.55896,0.05043
2283.63022,0.05028
2281.70147,0.05015
2279.77273,0.05033
2277.84399,0.05054
2275.91525,0.05037
2273.98651,0.05004
2272.05777,0.04982
2270.12902,0.04974
2268.20028,0.04978
2266.27154,0.04977
2264.34280,0.04966
2262.41406,0.04969
2260.48532,0.04986
2258.55657,0.04995
2256.62783,0.04989
2254.69909,0.04970
2252.77035,0.04945
2250.84161,0.04940
2248.91286,0.04954
2246.98412,0.04960
2245.05538,0.04950
2243.12664,0.04944
2241.19790,0.04952
2239.26916,0.04953
2237.34041,0.04935
2235.41167,0.04915
2233.48293,0.04908
2231.55419,0.04904
2229.62545,0.04893
2227.69671,0.04894
2225.76796,0.04920
2223.83922,0.04939
2221.91048,0.04926
2219.98174,0.04898
2218.05300,0.04885
2216.12426,0.04903
2214.19551,0.04931
2212.26677,0.04933
2210.33803,0.04906
2208.40929,0.04888
2206.48055,0.04885
2204.55180,0.04861
2202.62306,0.04828
2200.69432,0.04830
2198.76558,0.04853
2196.83684,0.04867
2194.90810,0.04872
2192.97935,0.04861
2191.05061,0.04840
2189.12187,0.04824
2187.19313,0.04819
2185.26439,0.04835
2183.33565,0.04844
2181.40690,0.04814
2179.47816,0.04790
2177.54942,0.04785
2175.62068,0.04759
2173.69194,0.04733
2171.76320,0.04739
2169.83445,0.04769
2167.90571,0.04818
2165.97697,0.04874
2164.04823,0.04911
2162.11949,0.04902
2160.19074,0.04812
2158.26200,0.04644
2156.33326,0.04513
2154.40452,0.04506
2152.47578,0.04570
2150.54704,0.04630
2148.61829,0.04651
2146.68955,0.04631
2144.76081,0.04594
2142.83207,0.04573
2140.90333,0.04578
2138.97459,0.04604
2137.04584,0.04642
2135.11710,0.04647
2133.18836,0.04616
2131.25962,0.04611
2129.33088,0.04646
2127.40214,0.04685
2125.47339,0.04712
2123.54465,0.04731
2121.61591,0.04738
2119.68717,0.04738
2117.75843,0.04745
2115.82969,0.04761
2113.90094,0.04781
2111.97220,0.04797
2110.04346,0.04800
2108.11472,0.04795
2106.18598,0.04794
2104.25723,0.04803
2102.32849,0.04807
2100.39975,0.04784
2098.47101,0.04759
2096.54227,0.04753
2094.61353,0.04734
2092.68478,0.04704
2090.75604,0.04706
2088.82730,0.04736
2086.89856,0.04756
2084.96982,0.04753
2083.04108,0.04745
2081.11233,0.04750
2079.18359,0.04756
2077.25485,0.04747
2075.32611,0.04729
2073.39737,0.04723
2071.46863,0.04723
2069.53988,0.04690
2067.61114,0.04633
2065.68240,0.04606
2063.75366,0.04614
2061.82492,0.04614
2059.89617,0.04588
2057.96743,0.04559
2056.03869,0.04541
2054.10995,0.04544
2052.18121,0.04577
2050.25247,0.04608
2048.32372,0.04598
2046.39498,0.04559
2044.46624,0.04518
2042.53750,0.04489
2040.60876,0.04483
2038.68002,0.04492
2036.75127,0.04493
2034.82253,0.04473
2032.89379,0.04448
2030.96505,0.04447
2029.03631,0.04456
2027.10757,0.04439
2025.17882,0.04415
2023.25008,0.04401
2021.32134,0.04375
2019.39260,0.04350
2017.46386,0.04341
2015.53511,0.04338
2013.60637,0.04366
2011.67763,0.04409
2009.74889,0.04415
2007.82015,0.04394
2005.89141,0.04362
2003.96266,0.04324
2002.03392,0.04320
2000.10518,0.04368
1998.17644,0.04431
1996.24770,0.04448
1994.31896,0.04393
1992.39021,0.04336
1990.46147,0.04358
1988.53273,0.04422
1986.60399,0.04462
1984.67525,0.04483
1982.74651,0.04498
1980.81776,0.04516
1978.88902,0.04509
1976.96028,0.04453
1975.03154,0.04413
1973.10280,0.04413
1971.17405,0.04409
1969.24531,0.04388
1967.31657,0.04391
1965.38783,0.04453
1963.45909,0.04547
1961.53035,0.04606
1959.60160,0.04592
1957.67286,0.04534
1955.74412,0.04487
1953.81538,0.04473
1951.88664,0.04487
1949.95790,0.04514
1948.02915,0.04519
1946.10041,0.04473
1944.17167,0.04397
1942.24293,0.04348
1940.31419,0.04349
1938.38545,0.04348
1936.45670,0.04308
1934.52796,0.04258
1932.59922,0.04215
1930.67048,0.04172
1928.74174,0.04137
1926.81299,0.04119
1924.88425,0.04090
1922.95551,0.04049
1921.02677,0.04003
1919.09803,0.03938
1917.16929,0.03917
1915.24054,0.03970
1913.31180,0.03985
1911.38306,0.03930
1909.45432,0.03878
1907.52558,0.03881
1905.59684,0.03914
1903.66809,0.03922
1901.73935,0.03903
1899.81061,0.03871
1897.88187,0.03832
1895.95313,0.03800
1894.02439,0.03782
1892.09564,0.03749
1890.16690,0.03684
1888.23816,0.03653
1886.30942,0.03681
1884.38068,0.03708
1882.45193,0.03706
1880.52319,0.03692
1878.59445,0.03673
1876.66571,0.03642
1874.73697,0.03603
1872.80823,0.03528
1870.87948,0.03392
1868.95074,0.03295
1867.02200,0.03348
1865.09326,0.03464
1863.16452,0.03523
1861.23578,0.03536
1859.30703,0.03537
1857.37829,0.03527
1855.44955,0.03507
1853.52081,0.03486
1851.59207,0.03462
1849.66333,0.03413
1847.73458,0.03301
1845.80584,0.03133
1843.87710,0.03089
1841.94836,0.03251
1840.01962,0.03407
1838.09087,0.03446
1836.16213,0.03443
1834.23339,0.03423
1832.30465,0.03330
1830.37591,0.03216
1828.44717,0.03205
1826.51842,0.03252
1824.58968,0.03299
1822.66094,0.03368
1820.73220,0.03405
1818.80346,0.03379
1816.87472,0.03347
1814.94597,0.03327
1813.01723,0.03276
1811.08849,0.03210
1809.15975,0.03188
1807.23101,0.03194
1805.30227,0.03160
1803.37352,0.03056
1801.44478,0.02941
1799.51604,0.02908
1797.58730,0.02926
1795.65856,0.02843
1793.72982,0.02637
1791.80107,0.02543
1789.87233,0.02675
1787.94359,0.02795
1786.01485,0.02771
1784.08611,0.02714
1782.15736,0.02679
1780.22862,0.02650
1778.29988,0.02627
1776.37114,0.02520
1774.44240,0.02251
1772.51366,0.02019
1770.58491,0.02063
1768.65617,0.02248
1766.72743,0.02402
1764.79869,0.02443
1762.86995,0.02361
1760.94121,0.02339
1759.01246,0.02417
1757.08372,0.02496
1755.15498,0.02590
1753.22624,0.02636
1751.29750,0.02694
1749.36876,0.03047
1747.44001,0.03743
1745.51127,0.04635
1743.58253,0.05649
1741.65379,0.06769
1739.72505,0.08083
1737.79630,0.09453
1735.86756,0.10645
1733.93882,0.12050
1732.01008,0.13980
1730.08134,0.15968
1728.15260,0.17797
1726.22385,0.19528
1724.29511,0.21204
1722.36637,0.22833
1720.43763,0.24281
1718.50889,0.25661
1716.58015,0.27316
1714.65140,0.29005
1712.72266,0.30120
1710.79392,0.30388
1708.86518,0.29828
1706.93644,0.28625
1705.00770,0.27087
1703.07895,0.25308
1701.15021,0.23249
1699.22147,0.21471
1697.29273,0.20247
1695.36399,0.19262
1693.43524,0.18547
1691.50650,0.17897
1689.57776,0.17116
1687.64902,0.16261
1685.72028,0.15312
1683.79154,0.14673
1681.86279,0.14617
1679.93405,0.14573
1678.00531,0.14148
1676.07657,0.13498
1674.14783,0.12990
1672.21909,0.12615
1670.29034,0.12187
1668.36160,0.11900
1666.43286,0.11759
1664.50412,0.11434
1662.57538,0.11014
1660.64664,0.10771
1658.71789,0.10566
1656.78915,0.10047
1654.86041,0.09093
1652.93167,0.08403
1651.00293,0.08609
1649.07418,0.08825
1647.14544,0.08650
1645.21670,0.08636
1643.28796,0.08853
1641.35922,0.08903
1639.43048,0.08647
1637.50173,0.08146
1635.57299,0.07791
1633.64425,0.07944
1631.71551,0.08199
1629.78677,0.08169
1627.85803,0.07983
1625.92928,0.07780
1624.00054,0.07611
1622.07180,0.07594
1620.14306,0.07590
1618.21432,0.07389
1616.28558,0.07298
1614.35683,0.07541
1612.42809,0.07731
1610.49935,0.07673
1608.57061,0.07521
1606.64187,0.07380
1604.71312,0.07248
1602.78438,0.07127
1600.85564,0.07022
1598.92690,0.06919
1596.99816,0.06803
1595.06942,0.06699
1593.14067,0.06638
1591.21193,0.06605
1589.28319,0.06577
1587.35445,0.06562
1585.42571,0.06589
1583.49697,0.06683
1581.56822,0.06819
1579.63948,0.06819
1577.71074,0.06549
1575.78200,0.06317
1573.85326,0.06351
1571.92452,0.06266
1569.99577,0.06004
1568.06703,0.05921
1566.13829,0.05967
1564.20955,0.05870
1562.28081,0.05407
1560.35206,0.04579
1558.42332,0.04172
1556.49458,0.04586
1554.56584,0.05067
1552.63710,0.05295
1550.70836,0.05364
1548.77961,0.05321
1546.85087,0.05125
1544.92213,0.04717
1542.99339,0.04151
1541.06465,0.03664
1539.13591,0.03752
1537.20716,0.04294
1535.27842,0.04598
1533.34968,0.04679
1531.42094,0.04864
1529.49220,0.04992
1527.56346,0.04904
1525.63471,0.04726
1523.70597,0.04471
1521.77723,0.04212
1519.84849,0.04195
1517.91975,0.04339
1515.99100,0.04493
1514.06226,0.04666
1512.13352,0.04819
1510.20478,0.04932
1508.27604,0.05147
1506.34730,0.05834
1504.41855,0.06717
1502.48981,0.06888
1500.56107,0.06269
1498.63233,0.05432
1496.70359,0.04903
1494.77485,0.04788
1492.84610,0.04724
1490.91736,0.04527
1488.98862,0.04482
1487.05988,0.04760
1485.13114,0.05157
1483.20240,0.05483
1481.27365,0.05732
1479.34491,0.05928
1477.41617,0.06038
1475.48743,0.06083
1473.55869,0.06211
1471.62995,0.06545
1469.70120,0.06834
1467.77246,0.06749
1465.84372,0.06458
1463.91498,0.06379
1461.98624,0.06467
1460.05749,0.06316
1458.12875,0.05968
1456.20001,0.06040
1454.27127,0.06564
1452.34253,0.06915
1450.41379,0.06908
1448.48504,0.06765
1446.55630,0.06694
1444.62756,0.06683
1442.69882,0.06625
1440.77008,0.06454
1438.84134,0.06100
1436.91259,0.05738
1434.98385,0.05669
1433.05511,0.05690
1431.12637,0.05539
1429.19763,0.05343
1427.26889,0.05206
1425.34014,0.05075
1423.41140,0.04961
1421.48266,0.04867
1419.55392,0.04996
1417.62518,0.05779
1415.69643,0.07219
1413.76769,0.09024
1411.83895,0.10917
1409.91021,0.12407
1407.98147,0.12972
1406.05273,0.12520
1404.12398,0.11483
1402.19524,0.10330
1400.26650,0.09238
1398.33776,0.08321
1396.40902,0.07651
1394.48028,0.07229
1392.55153,0.07050
1390.62279,0.06940
1388.69405,0.06788
1386.76531,0.06726
1384.83657,0.06805
1382.90783,0.06880
1380.97908,0.06895
1379.05034,0.06902
1377.12160,0.06913
1375.19286,0.06942
1373.26412,0.07049
1371.33537,0.07175
1369.40663,0.07167
1367.47789,0.06982
1365.54915,0.06647
1363.62041,0.06235
1361.69167,0.05928
1359.76292,0.05799
1357.83418,0.05758
1355.90544,0.05768
1353.97670,0.05869
1352.04796,0.06118
1350.11922,0.06595
1348.19047,0.07417
1346.26173,0.08662
1344.33299,0.10244
1342.40425,0.11821
1340.47551,0.12924
1338.54677,0.13216
1336.61802,0.12635
1334.68928,0.11386
1332.76054,0.09843
1330.83180,0.08404
1328.90306,0.07326
1326.97431,0.06658
1325.04557,0.06322
1323.11683,0.06218
1321.18809,0.06253
1319.25935,0.06373
1317.33061,0.06554
1315.40186,0.06763
1313.47312,0.06987
1311.54438,0.07241
1309.61564,0.07517
1307.68690,0.07795
1305.75816,0.08078
1303.82941,0.08401
1301.90067,0.08818
1299.97193,0.09368
1298.04319,0.10042
1296.11445,0.10799
1294.18571,0.11591
1292.25696,0.12379
1290.32822,0.13147
1288.39948,0.13907
1286.47074,0.14678
1284.54200,0.15456
1282.61325,0.16229
1280.68451,0.16984
1278.75577,0.17733
1276.82703,0.18507
1274.89829,0.19337
1272.96955,0.20250
1271.04080,0.21264
1269.11206,0.22375
1267.18332,0.23536
1265.25458,0.24663
1263.32584,0.25667
1261.39710,0.26487
1259.46835,0.27125
1257.53961,0.27642
1255.61087,0.28126
1253.68213,0.28658
1251.75339,0.29284
1249.82465,0.29990
1247.89590,0.30718
1245.96716,0.31388
1244.03842,0.31909
1242.10968,0.32201
1240.18094,0.32188
1238.25219,0.31811
1236.32345,0.31063
1234.39471,0.30005
1232.46597,0.28749
1230.53723,0.27434
1228.60849,0.26188
1226.67974,0.25091
1224.75100,0.24155
1222.82226,0.23319
1220.89352,0.22489
1218.96478,0.21630
1217.03604,0.20764
1215.10729,0.19922
1213.17855,0.19151
1211.24981,0.18485
1209.32107,0.17917
1207.39233,0.17399
1205.46359,0.16870
1203.53484,0.16311
1201.60610,0.15736
1199.67736,0.15152
1197.74862,0.14566
1195.81988,0.13991
1193.89113,0.13439
1191.96239,0.12923
1190.03365,0.12462
1188.10491,0.12075
1186.17617,0.11788
1184.24743,0.11609
1182.31868,0.11523
1180.38994,0.11514
1178.46120,0.11566
1176.53246,0.11628
1174.60372,0.11637
1172.67498,0.11544
1170.74623,0.11333
1168.81749,0.11033
1166.88875,0.10721
1164.96001,0.10463
1163.03127,0.10273
1161.10253,0.10123
1159.17378,0.09979
1157.24504,0.09851
1155.31630,0.09781
1153.38756,0.09790
1151.45882,0.09885
1149.53007,0.10073
1147.60133,0.10350
1145.67259,0.10718
1143.74385,0.11218
1141.81511,0.11882
1139.88637,0.12710
1137.95762,0.13711
1136.02888,0.14913
1134.10014,0.16313
1132.17140,0.17841
1130.24266,0.19398
1128.31392,0.20909
1126.38517,0.22323
1124.45643,0.23584
1122.52769,0.24635
1120.59895,0.25442
1118.67021,0.25997
1116.74147,0.26335
1114.81272,0.26564
1112.88398,0.26843
1110.95524,0.27300
1109.02650,0.28021
1107.09776,0.29029
1105.16902,0.30212
1103.24027,0.31355
1101.31153,0.32310
1099.38279,0.33031
1097.45405,0.33488
1095.52531,0.33686
1093.59656,0.33674
1091.66782,0.33485
1089.73908,0.33155
1087.81034,0.32733
1085.88160,0.32222
1083.95286,0.31604
1082.02411,0.30870
1080.09537,0.30015
1078.16663,0.29038
1076.23789,0.27971
1074.30915,0.26892
1072.38041,0.25888
1070.45166,0.25015
1068.52292,0.24297
1066.59418,0.23731
1064.66544,0.23307
1062.73670,0.22977
1060.80796,0.22681
1058.87921,0.22401
1056.95047,0.22146
1055.02173,0.21927
1053.09299,0.21755
1051.16425,0.21614
1049.23550,0.21474
1047.30676,0.21333
1045.37802,0.21202
1043.44928,0.21057
1041.52054,0.20875
1039.59180,0.20673
1037.66305,0.20470
1035.73431,0.20255
1033.80557,0.19989
1031.87683,0.19662
1029.94809,0.19416
1028.01935,0.19569
1026.09060,0.20438
1024.16186,0.22032
1022.23312,0.24035
1020.30438,0.26099
1018.37564,0.27761
1016.44690,0.28310
1014.51815,0.27437
1012.58941,0.25739
1010.66067,0.24054
1008.73193,0.22750
1006.80319,0.21798
1004.87444,0.21100
1002.94570,0.20580
1001.01696,0.20163
999.08822,0.19792
997.15948,0.19443
995.23074,0.19123
993.30199,0.18869
991.37325,0.18712
989.44451,0.18629
987.51577,0.18592
985.58703,0.18588
983.65829,0.18603
981.72954,0.18652
979.80080,0.18762
977.87206,0.18949
975.94332,0.19207
974.01458,0.19485
972.08584,0.19702
970.15709,0.19776
968.22835,0.19659
966.29961,0.19364
964.37087,0.18952
962.44213,0.18497
960.51338,0.18050
958.58464,0.17625
956.65590,0.17231
954.72716,0.16879
952.79842,0.16567
950.86968,0.16282
948.94093,0.16015
947.01219,0.15769
945.08345,0.15535
943.15471,0.15309
941.22597,0.15103
939.29723,0.14917
937.36848,0.14745
935.43974,0.14582
933.51100,0.14423
931.58226,0.14279
929.65352,0.14149
927.72478,0.14008
925.79603,0.13847
923.86729,0.13686
921.93855,0.13549
920.00981,0.13434
918.08107,0.13337
916.15232,0.13267
914.22358,0.13231
912.29484,0.13224
910.36610,0.13258
908.43736,0.13351
906.50862,0.13494
904.57987,0.13653
902.65113,0.13790
900.72239,0.13880
898.79365,0.13923
896.86491,0.13913
894.93617,0.13829
893.00742,0.13687
891.07868,0.13540
889.14994,0.13434
887.22120,0.13415
885.29246,0.13559
883.36372,0.13946
881.43497,0.14592
879.50623,0.15499
877.57749,0.16778
875.64875,0.18655
873.72001,0.20953
871.79126,0.22472
869.86252,0.22098
867.93378,0.20444
866.00504,0.18827
864.07630,0.17761
862.14756,0.17154
860.21881,0.16854
858.29007,0.16762
856.36133,0.16821
854.43259,0.17003
852.50385,0.17291
850.57511,0.17678
848.64636,0.18077
846.71762,0.18290
844.78888,0.18191
842.86014,0.17845
840.93140,0.17380
839.00266,0.16892
837.07391,0.16429
835.14517,0.16005
833.21643,0.15612
831.28769,0.15243
829.35895,0.14903
827.43020,0.14597
825.50146,0.14318
823.57272,0.14077
821.64398,0.13893
819.71524,0.13740
817.78650,0.13589
815.85775,0.13449
813.92901,0.13374
812.00027,0.13365
810.07153,0.13340
808.14279,0.13256
806.21405,0.13160
804.28530,0.13086
802.35656,0.13007
800.42782,0.12928
798.49908,0.12979
796.57034,0.13303
794.64160,0.13793
792.71285,0.14123
790.78411,0.14098
788.85537,0.13788
786.92663,0.13353
784.99789,0.12898
783.06915,0.12486
781.14040,0.12145
779.21166,0.11857
777.28292,0.11587
775.35418,0.11319
773.42544,0.11048
771.49669,0.10764
769.56795,0.10469
767.63921,0.10169
765.71047,0.09862
763.78173,0.09549
761.85299,0.09240
759.92424,0.08945
757.99550,0.08690
756.06676,0.08464
754.13802,0.08223
752.20928,0.07964
750.28054,0.07724
748.35179,0.07535
746.42305,0.07437
744.49431,0.07540
742.56557,0.08040
740.63683,0.09156
738.70809,0.11056
736.77934,0.13800
734.85060,0.17281
732.92186,0.21257
730.99312,0.25535
729.06438,0.30123
727.13563,0.35029
725.20689,0.39748
723.27815,0.43143
721.34941,0.44337
719.42067,0.43527
717.49193,0.41628
715.56318,0.39494
713.63444,0.37521
711.70570,0.35757
709.77696,0.34200
707.84822,0.32855
705.91948,0.31691
703.99073,0.30650
702.06199,0.29648
700.13325,0.28570
698.20451,0.27448
696.27577,0.26457
694.34703,0.25620
692.41828,0.24870
690.48954,0.24262
688.56080,0.23822
686.63206,0.23456
684.70332,0.23152
682.77457,0.22940
680.84583,0.22765
678.91709,0.22574
676.98835,0.22377
675.05961,0.22177
673.13087,0.22004
671.20212,0.21974
669.27338,0.22071
667.34464,0.21926
665.41590,0.21512
663.48716,0.21188
661.55842,0.20974
659.62967,0.20798
657.70093,0.20619
655.77219,0.20450
653.84345,0.20317
651.91471,0.20125
649.98597,0.19831
648.05722,0.19616
646.12848,0.19571
644.19974,0.19543
642.27100,0.19465
640.34226,0.19403
638.41351,0.19350
636.48477,0.19353
634.55603,0.19512
632.62729,0.19713
630.69855,0.19702
628.76981,0.19414
626.84106,0.19059
624.91232,0.18810
622.98358,0.18703
621.05484,0.18869
619.12610,0.19230
617.19736,0.19412
615.26861,0.19269
613.33987,0.18822
611.41113,0.18171
609.48239,0.17703
607.55365,0.17763
605.62491,0.18138
603.69616,0.18390
601.76742,0.18507
599.83868,0.18581
