3996.38314,0.03309
3994.45439,0.03322
3992.52563,0.03328
3990.59688,0.03315
3988.66812,0.03305
3986.73936,0.03307
3984.81061,0.03308
3982.88185,0.03314
3980.95309,0.03328
3979.02434,0.03330
3977.09558,0.03324
3975.16682,0.03318
3973.23807,0.03304
3971.30931,0.03297
3969.38056,0.03315
3967.45180,0.03335
3965.52304,0.03329
3963.59429,0.03305
3961.66553,0.03293
3959.73677,0.03300
3957.80802,0.03313
3955.87926,0.03317
3953.95051,0.03308
3952.02175,0.03313
3950.09299,0.03333
3948.16424,0.03336
3946.23548,0.03326
3944.30672,0.03314
3942.37797,0.03289
3940.44921,0.03269
3938.52045,0.03266
3936.59170,0.03283
3934.66294,0.03323
3932.73419,0.03348
3930.80543,0.03328
3928.87667,0.03301
3926.94792,0.03304
3925.01916,0.03318
3923.09040,0.03320
3921.16165,0.03323
3919.23289,0.03324
3917.30413,0.03301
3915.37538,0.03277
3913.44662,0.03278
3911.51787,0.03287
3909.58911,0.03297
3907.66035,0.03314
3905.73160,0.03306
3903.80284,0.03263
3901.87408,0.03246
3899.94533,0.03271
3898.01657,0.03287
3896.08781,0.03302
3894.15906,0.03329
3892.23030,0.03329
3890.30155,0.03309
3888.37279,0.03324
3886.44403,0.03334
3884.51528,0.03314
3882.58652,0.03316
3880.65776,0.03312
3878.72901,0.03294
3876.80025,0.03306
3874.87150,0.03321
3872.94274,0.03324
3871.01398,0.03322
3869.08523,0.03303
3867.15647,0.03304
3865.22771,0.03318
3863.29896,0.03308
3861.37020,0.03288
3859.44144,0.03297
3857.51269,0.03354
3855.58393,0.03429
3853.65518,0.03402
3851.72642,0.03285
3849.79766,0.03257
3847.86891,0.03286
3845.94015,0.03317
3844.01139,0.03330
3842.08264,0.03330
3840.15388,0.03316
3838.22512,0.03284
3836.29637,0.03273
3834.36761,0.03287
3832.43886,0.03284
3830.51010,0.03286
3828.58134,0.03314
3826.65259,0.03325
3824.72383,0.03317
3822.79507,0.03321
3820.86632,0.03306
3818.93756,0.03299
3817.00880,0.03308
3815.08005,0.03290
3813.15129,0.03282
3811.22254,0.03312
3809.29378,0.03353
3807.36502,0.03367
3805.43627,0.03367
3803.50751,0.03378
3801.57875,0.03338
3799.65000,0.03281
3797.72124,0.03287
3795.79248,0.03303
3793.86373,0.03303
3791.93497,0.03306
3790.00622,0.03317
3788.07746,0.03330
3786.14870,0.03332
3784.21995,0.03326
3782.29119,0.03322
3780.36243,0.03306
3778.43368,0.03285
3776.50492,0.03295
3774.57617,0.03325
3772.64741,0.03343
3770.71865,0.03321
3768.78990,0.03287
3766.86114,0.03297
3764.93238,0.03324
3763.00363,0.03339
3761.07487,0.03342
3759.14611,0.03329
3757.21736,0.03334
3755.28860,0.03376
3753.35985,0.03399
3751.43109,0.03343
3749.50233,0.03285
3747.57358,0.03310
3745.64482,0.03317
3743.71606,0.03266
3741.78731,0.03275
3739.85855,0.03339
3737.92979,0.03385
3736.00104,0.03377
3734.07228,0.03314
3732.14353,0.03277
3730.21477,0.03304
3728.28601,0.03337
3726.35726,0.03324
3724.42850,0.03288
3722.49974,0.03260
3720.57099,0.03250
3718.64223,0.03277
3716.71347,0.03317
3714.78472,0.03342
3712.85596,0.03337
3710.92721,0.03284
3708.99845,0.03242
3707.06969,0.03251
3705.14094,0.03287
3703.21218,0.03316
3701.28342,0.03313
3699.35467,0.03301
3697.42591,0.03308
3695.49716,0.03338
3693.56840,0.03381
3691.63964,0.03403
3689.71089,0.03377
3687.78213,0.03333
3685.85337,0.03324
3683.92462,0.03335
3681.99586,0.03348
3680.06710,0.03377
3678.13835,0.03420
3676.20959,0.03402
3674.28084,0.03341
3672.35208,0.03360
3670.42332,0.03372
3668.49457,0.03329
3666.56581,0.03320
3664.63705,0.03339
3662.70830,0.03351
3660.77954,0.03369
3658.85078,0.03387
3656.92203,0.03370
3654.99327,0.03365
3653.06452,0.03419
3651.13576,0.03447
3649.20700,0.03384
3647.27825,0.03326
3645.34949,0.03338
3643.42073,0.03374
3641.49198,0.03403
3639.56322,0.03418
3637.63446,0.03424
3635.70571,0.03439
3633.77695,0.03467
3631.84820,0.03494
3629.91944,0.03484
3627.99068,0.03430
3626.06193,0.03419
3624.13317,0.03451
3622.20441,0.03469
3620.27566,0.03436
3618.34690,0.03378
3616.41814,0.03377
3614.48939,0.03407
3612.56063,0.03411
3610.63188,0.03413
3608.70312,0.03425
3606.77436,0.03426
3604.84561,0.03425
3602.91685,0.03420
3600.98809,0.03395
3599.05934,0.03366
3597.13058,0.03367
3595.20183,0.03381
3593.27307,0.03387
3591.34431,0.03405
3589.41556,0.03435
3587.48680,0.03438
3585.55804,0.03418
3583.62929,0.03409
3581.70053,0.03410
3579.77177,0.03406
3577.84302,0.03393
3575.91426,0.03385
3573.98551,0.03390
3572.05675,0.03412
3570.12799,0.03453
3568.19924,0.03475
3566.27048,0.03447
3564.34172,0.03440
3562.41297,0.03479
3560.48421,0.03508
3558.55545,0.03516
3556.62670,0.03522
3554.69794,0.03511
3552.76919,0.03488
3550.84043,0.03488
3548.91167,0.03504
3546.98292,0.03498
3545.05416,0.03477
3543.12540,0.03480
3541.19665,0.03506
3539.26789,0.03526
3537.33913,0.03527
3535.41038,0.03512
3533.48162,0.03502
3531.55287,0.03506
3529.62411,0.03510
3527.69535,0.03515
3525.76660,0.03529
3523.83784,0.03526
3521.90908,0.03518
3519.98033,0.03535
3518.05157,0.03539
3516.12282,0.03517
3514.19406,0.03522
3512.26530,0.03550
3510.33655,0.03561
3508.40779,0.03566
3506.47903,0.03583
3504.55028,0.03586
3502.62152,0.03565
3500.69276,0.03544
3498.76401,0.03537
3496.83525,0.03536
3494.90650,0.03539
3492.97774,0.03555
3491.04898,0.03589
3489.12023,0.03623
3487.19147,0.03636
3485.26271,0.03634
3483.33396,0.03640
3481.40520,0.03658
3479.47644,0.03663
3477.54769,0.03646
3475.61893,0.03637
3473.69018,0.03657
3471.76142,0.03676
3469.83266,0.03670
3467.90391,0.03666
3465.97515,0.03686
3464.04639,0.03710
3462.11764,0.03723
3460.18888,0.03734
3458.26012,0.03749
3456.33137,0.03771
3454.40261,0.03804
3452.47386,0.03845
3450.54510,0.03874
3448.61634,0.03886
3446.68759,0.03905
3444.75883,0.03932
3442.83007,0.03957
3440.90132,0.03982
3438.97256,0.04001
3437.04380,0.04025
3435.11505,0.04060
3433.18629,0.04083
3431.25754,0.04086
3429.32878,0.04091
3427.40002,0.04104
3425.47127,0.04108
3423.54251,0.04092
3421.61375,0.04066
3419.68500,0.04047
3417.75624,0.04057
3415.82749,0.04082
3413.89873,0.04077
3411.96997,0.04052
3410.04122,0.04042
3408.11246,0.04060
3406.18370,0.04078
3404.25495,0.04062
3402.32619,0.04030
3400.39743,0.04027
3398.46868,0.04046
3396.53992,0.04056
3394.61117,0.04059
3392.68241,0.04067
3390.75365,0.04074
3388.82490,0.04065
3386.89614,0.04056
3384.96738,0.04064
3383.03863,0.04081
3381.10987,0.04092
3379.18111,0.04100
3377.25236,0.04102
3375.32360,0.04105
3373.39485,0.04126
3371.46609,0.04156
3369.53733,0.04169
3367.60858,0.04158
3365.67982,0.04148
3363.75106,0.04157
3361.82231,0.04173
3359.89355,0.04176
3357.96479,0.04163
3356.03604,0.04160
3354.10728,0.04182
3352.17853,0.04207
3350.24977,0.04236
3348.32101,0.04273
3346.39226,0.04298
3344.46350,0.04298
3342.53474,0.04294
3340.60599,0.04311
3338.67723,0.04345
3336.74848,0.04370
3334.81972,0.04377
3332.89096,0.04376
3330.96221,0.04381
3329.03345,0.04381
3327.10469,0.04364
3325.17594,0.04343
3323.24718,0.04330
3321.31842,0.04324
3319.38967,0.04330
3317.46091,0.04339
3315.53216,0.04333
3313.60340,0.04321
3311.67464,0.04327
3309.74589,0.04338
3307.81713,0.04338
3305.88837,0.04342
3303.95962,0.04358
3302.03086,0.04361
3300.10210,0.04342
3298.17335,0.04328
3296.24459,0.04330
3294.31584,0.04347
3292.38708,0.04365
3290.45832,0.04362
3288.52957,0.04363
3286.60081,0.04378
3284.67205,0.04377
3282.74330,0.04358
3280.81454,0.04351
3278.88578,0.04366
3276.95703,0.04386
3275.02827,0.04400
3273.09952,0.04405
3271.17076,0.04396
3269.24200,0.04381
3267.31325,0.04365
3265.38449,0.04355
3263.45573,0.04364
3261.52698,0.04381
3259.59822,0.04374
3257.66947,0.04353
3255.74071,0.04343
3253.81195,0.04342
3251.88320,0.04335
3249.95444,0.04324
3248.02568,0.04312
3246.09693,0.04302
3244.16817,0.04292
3242.23941,0.04283
3240.31066,0.04275
3238.38190,0.04265
3236.45315,0.04247
3234.52439,0.04221
3232.59563,0.04199
3230.66688,0.04204
3228.73812,0.04230
3226.80936,0.04252
3224.88061,0.04257
3222.95185,0.04246
3221.02309,0.04238
3219.09434,0.04244
3217.16558,0.04252
3215.23683,0.04240
3213.30807,0.04209
3211.37931,0.04188
3209.45056,0.04192
3207.52180,0.04201
3205.59304,0.04186
3203.66429,0.04165
3201.73553,0.04170
3199.80677,0.04184
3197.87802,0.04177
3195.94926,0.04156
3194.02051,0.04144
3192.09175,0.04147
3190.16299,0.04149
3188.23424,0.04134
3186.30548,0.04109
3184.37672,0.04092
3182.44797,0.04090
3180.51921,0.04103
3178.59045,0.04120
3176.66170,0.04132
3174.73294,0.04131
3172.80419,0.04109
3170.87543,0.04076
3168.94667,0.04058
3167.01792,0.04061
3165.08916,0.04079
3163.16040,0.04101
3161.23165,0.04108
3159.30289,0.04096
3157.37414,0.04077
3155.44538,0.04063
3153.51662,0.04054
3151.58787,0.04045
3149.65911,0.04036
3147.73035,0.04034
3145.80160,0.04036
3143.87284,0.04029
3141.94408,0.04019
3140.01533,0.04015
3138.08657,0.04016
3136.15782,0.04019
3134.22906,0.04022
3132.30030,0.04028
3130.37155,0.04030
3128.44279,0.04032
3126.51403,0.04034
3124.58528,0.04026
3122.65652,0.04018
3120.72776,0.04024
3118.79901,0.04043
3116.87025,0.04057
3114.94150,0.04051
3113.01274,0.04040
3111.08398,0.04043
3109.15523,0.04047
3107.22647,0.04046
3105.29771,0.04055
3103.36896,0.04068
3101.44020,0.04072
3099.51144,0.04069
3097.58269,0.04066
3095.65393,0.04062
3093.72518,0.04055
3091.79642,0.04052
3089.86766,0.04054
3087.93891,0.04050
3086.01015,0.04046
3084.08139,0.04054
3082.15264,0.04062
3080.22388,0.04063
3078.29513,0.04061
3076.36637,0.04056
3074.43761,0.04059
3072.50886,0.04074
3070.58010,0.04085
3068.65134,0.04086
3066.72259,0.04082
3064.79383,0.04073
3062.86507,0.04061
3060.93632,0.04059
3059.00756,0.04066
3057.07881,0.04072
3055.15005,0.04078
3053.22129,0.04082
3051.29254,0.04071
3049.36378,0.04042
3047.43502,0.04013
3045.50627,0.03987
3043.57751,0.03960
3041.64875,0.03938
3039.72000,0.03926
3037.79124,0.03927
3035.86249,0.03931
3033.93373,0.03928
3032.00497,0.03917
3030.07622,0.03906
3028.14746,0.03906
3026.21870,0.03918
3024.28995,0.03934
3022.36119,0.03953
3020.43243,0.03973
3018.50368,0.03990
3016.57492,0.04015
3014.64617,0.04046
3012.71741,0.04073
3010.78865,0.04094
3008.85990,0.04124
3006.93114,0.04160
3005.00238,0.04177
3003.07363,0.04171
3001.14487,0.04170
2999.21611,0.04185
2997.28736,0.04193
2995.35860,0.04188
2993.42985,0.04196
2991.50109,0.04231
2989.57233,0.04277
2987.64358,0.04316
2985.71482,0.04346
2983.78606,0.04383
2981.85731,0.04430
2979.92855,0.04485
2977.99980,0.04545
2976.07104,0.04612
2974.14228,0.04677
2972.21353,0.04730
2970.28477,0.04772
2968.35601,0.04797
2966.42726,0.04798
2964.49850,0.04779
2962.56974,0.04751
2960.64099,0.04715
2958.71223,0.04678
2956.78348,0.04650
2954.85472,0.04622
2952.92596,0.04586
2950.99721,0.04542
2949.06845,0.04488
2947.13969,0.04432
2945.21094,0.04386
2943.28218,0.04357
2941.35342,0.04342
2939.42467,0.04315
2937.49591,0.04270
2935.56716,0.04227
2933.63840,0.04194
2931.70964,0.04174
2929.78089,0.04168
2927.85213,0.04166
2925.92337,0.04167
2923.99462,0.04176
2922.06586,0.04195
2920.13710,0.04224
2918.20835,0.04264
2916.27959,0.04305
2914.35084,0.04345
2912.42208,0.04395
2910.49332,0.04453
2908.56457,0.04500
2906.63581,0.04515
2904.70705,0.04508
2902.77830,0.04491
2900.84954,0.04467
2898.92079,0.04443
2896.99203,0.04428
2895.06327,0.04416
2893.13452,0.04406
2891.20576,0.04399
2889.27700,0.04390
2887.34825,0.04377
2885.41949,0.04368
2883.49073,0.04367
2881.56198,0.04355
2879.63322,0.04328
2877.70447,0.04306
2875.77571,0.04302
2873.84695,0.04301
2871.91820,0.04295
2869.98944,0.04281
2868.06068,0.04266
2866.13193,0.04257
2864.20317,0.04248
2862.27441,0.04236
2860.34566,0.04222
2858.41690,0.04206
2856.48815,0.04195
2854.55939,0.04186
2852.63063,0.04176
2850.70188,0.04167
2848.77312,0.04154
2846.84436,0.04133
2844.91561,0.04113
2842.98685,0.04100
2841.05809,0.04092
2839.12934,0.04079
2837.20058,0.04054
2835.27183,0.04035
2833.34307,0.04032
2831.41431,0.04036
2829.48556,0.04039
2827.55680,0.04039
2825.62804,0.04036
2823.69929,0.04030
2821.77053,0.04024
2819.84177,0.04009
2817.91302,0.03993
2815.98426,0.03995
2814.05551,0.04014
2812.12675,0.04019
2810.19799,0.04001
2808.26924,0.03982
2806.34048,0.03978
2804.41172,0.03979
2802.48297,0.03979
2800.55421,0.03970
2798.62546,0.03956
2796.69670,0.03955
2794.76794,0.03963
2792.83919,0.03958
2790.91043,0.03945
2788.98167,0.03932
2787.05292,0.03919
2785.12416,0.03915
2783.19540,0.03922
2781.26665,0.03928
2779.33789,0.03928
2777.40914,0.03917
2775.48038,0.03901
2773.55162,0.03899
2771.62287,0.03909
2769.69411,0.03913
2767.76535,0.03910
2765.83660,0.03907
2763.90784,0.03899
2761.97908,0.03889
2760.05033,0.03882
2758.12157,0.03876
2756.19282,0.03868
2754.26406,0.03863
2752.33530,0.03869
2750.40655,0.03871
2748.47779,0.03863
2746.54903,0.03865
2744.62028,0.03876
2742.69152,0.03877
2740.76276,0.03864
2738.83401,0.03850
2736.90525,0.03841
2734.97650,0.03843
2733.04774,0.03847
2731.11898,0.03840
2729.19023,0.03829
2727.26147,0.03822
2725.33271,0.03824
2723.40396,0.03829
2721.47520,0.03827
2719.54645,0.03825
2717.61769,0.03826
2715.68893,0.03822
2713.76018,0.03814
2711.83142,0.03812
2709.90266,0.03819
2707.97391,0.03825
2706.04515,0.03823
2704.11639,0.03816
2702.18764,0.03812
2700.25888,0.03809
2698.33013,0.03808
2696.40137,0.03802
2694.47261,0.03786
2692.54386,0.03775
2690.61510,0.03781
2688.68634,0.03788
2686.75759,0.03791
2684.82883,0.03793
2682.90007,0.03796
2680.97132,0.03799
2679.04256,0.03804
2677.11381,0.03805
2675.18505,0.03806
2673.25629,0.03809
2671.32754,0.03808
2669.39878,0.03801
2667.47002,0.03786
2665.54127,0.03774
2663.61251,0.03786
2661.68375,0.03818
2659.75500,0.03837
2657.82624,0.03834
2655.89749,0.03830
2653.96873,0.03837
2652.03997,0.03844
2650.11122,0.03840
2648.18246,0.03832
2646.25370,0.03825
2644.32495,0.03832
2642.39619,0.03856
2640.46743,0.03874
2638.53868,0.03875
2636.60992,0.03872
2634.68117,0.03876
2632.75241,0.03885
2630.82365,0.03894
2628.89490,0.03900
2626.96614,0.03897
2625.03738,0.03888
2623.10863,0.03875
2621.17987,0.03862
2619.25112,0.03851
2617.32236,0.03847
2615.39360,0.03861
2613.46485,0.03880
2611.53609,0.03880
2609.60733,0.03873
2607.67858,0.03874
2605.74982,0.03876
2603.82106,0.03882
2601.89231,0.03895
2599.96355,0.03896
2598.03480,0.03884
2596.10604,0.03877
2594.17728,0.03878
2592.24853,0.03880
2590.31977,0.03881
2588.39101,0.03882
2586.46226,0.03881
2584.53350,0.03878
2582.60474,0.03889
2580.67599,0.03910
2578.74723,0.03914
2576.81848,0.03899
2574.88972,0.03892
2572.96096,0.03899
2571.03221,0.03906
2569.10345,0.03908
2567.17469,0.03907
2565.24594,0.03909
2563.31718,0.03917
2561.38842,0.03921
2559.45967,0.03923
2557.53091,0.03925
2555.60216,0.03920
2553.67340,0.03915
2551.74464,0.03911
2549.81589,0.03904
2547.88713,0.03889
2545.95837,0.03880
2544.02962,0.03894
2542.10086,0.03916
2540.17211,0.03924
2538.24335,0.03917
2536.31459,0.03902
2534.38584,0.03899
2532.45708,0.03912
2530.52832,0.03913
2528.59957,0.03898
2526.67081,0.03891
2524.74205,0.03884
2522.81330,0.03865
2520.88454,0.03844
2518.95579,0.03843
2517.02703,0.03857
2515.09827,0.03868
2513.16952,0.03878
2511.24076,0.03886
2509.31200,0.03885
2507.38325,0.03878
2505.45449,0.03874
2503.52573,0.03874
2501.59698,0.03880
2499.66822,0.03885
2497.73947,0.03875
2495.81071,0.03855
2493.88195,0.03842
2491.95320,0.03837
2490.02444,0.03832
2488.09568,0.03823
2486.16693,0.03823
2484.23817,0.03842
2482.30941,0.03867
2480.38066,0.03873
2478.45190,0.03858
2476.52315,0.03834
2474.59439,0.03810
2472.66563,0.03798
2470.73688,0.03795
2468.80812,0.03792
2466.87936,0.03790
2464.95061,0.03782
2463.02185,0.03780
2461.09309,0.03797
2459.16434,0.03816
2457.23558,0.03827
2455.30683,0.03831
2453.37807,0.03824
2451.44931,0.03811
2449.52056,0.03811
2447.59180,0.03824
2445.66304,0.03831
2443.73429,0.03819
2441.80553,0.03799
2439.87678,0.03789
2437.94802,0.03798
2436.01926,0.03810
2434.09051,0.03803
2432.16175,0.03781
2430.23299,0.03766
2428.30424,0.03767
2426.37548,0.03775
2424.44672,0.03777
2422.51797,0.03769
2420.58921,0.03761
2418.66046,0.03763
2416.73170,0.03773
2414.80294,0.03781
2412.87419,0.03778
2410.94543,0.03764
2409.01667,0.03749
2407.08792,0.03736
2405.15916,0.03733
2403.23040,0.03747
2401.30165,0.03762
2399.37289,0.03765
2397.44414,0.03759
2395.51538,0.03750
2393.58662,0.03744
2391.65787,0.03743
2389.72911,0.03740
2387.80035,0.03733
2385.87160,0.03731
2383.94284,0.03731
2382.01408,0.03731
2380.08533,0.03739
2378.15657,0.03752
2376.22782,0.03755
2374.29906,0.03754
2372.37030,0.03753
2370.44155,0.03738
2368.51279,0.03714
2366.58403,0.03681
2364.65528,0.03642
2362.72652,0.03638
2360.79777,0.03658
2358.86901,0.03641
2356.94025,0.03613
2355.01150,0.03623
2353.08274,0.03631
2351.15398,0.03619
2349.22523,0.03622
2347.29647,0.03642
2345.36771,0.03657
2343.43896,0.03660
2341.51020,0.03654
2339.58145,0.03645
2337.65269,0.03633
2335.72393,0.03633
2333.79518,0.03650
2331.86642,0.03650
2329.93766,0.03639
2328.00891,0.03664
2326.08015,0.03727
2324.15139,0.03780
2322.22264,0.03784
2320.29388,0.03754
2318.36513,0.03723
2316.43637,0.03699
2314.50761,0.03690
2312.57886,0.03700
2310.65010,0.03710
2308.72134,0.03708
2306.79259,0.03703
2304.86383,0.03699
2302.93507,0.03704
2301.00632,0.03727
2299.07756,0.03754
2297.14881,0.03768
2295.22005,0.03776
2293.29129,0.03793
2291.36254,0.03813
2289.43378,0.03822
2287.50502,0.03823
2285.57627,0.03836
2283.64751,0.03847
2281.71875,0.03841
2279.79000,0.03825
2277.86124,0.03813
2275.93249,0.03811
2274.00373,0.03807
2272.07497,0.03800
2270.14622,0.03796
2268.21746,0.03789
2266.28870,0.03763
2264.35995,0.03735
2262.43119,0.03732
2260.50244,0.03755
2258.57368,0.03782
2256.64492,0.03794
2254.71617,0.03786
2252.78741,0.03782
2250.85865,0.03784
2248.92990,0.03774
2247.00114,0.03757
2245.07238,0.03749
2243.14363,0.03756
2241.21487,0.03776
2239.28612,0.03785
2237.35736,0.03760
2235.42860,0.03721
2233.49985,0.03705
2231.57109,0.03713
2229.64233,0.03722
2227.71358,0.03727
2225.78482,0.03730
2223.85606,0.03721
2221.92731,0.03703
2219.99855,0.03686
2218.06980,0.03673
2216.14104,0.03668
2214.21228,0.03674
2212.28353,0.03679
2210.35477,0.03675
2208.42601,0.03679
2206.49726,0.03681
2204.56850,0.03662
2202.63974,0.03649
2200.71099,0.03651
2198.78223,0.03644
2196.85348,0.03629
2194.92472,0.03622
2192.99596,0.03619
2191.06721,0.03622
2189.13845,0.03636
2187.20969,0.03640
2185.28094,0.03630
2183.35218,0.03618
2181.42343,0.03596
2179.49467,0.03587
2177.56591,0.03610
2175.63716,0.03617
2173.70840,0.03609
2171.77964,0.03627
2169.85089,0.03669
2167.92213,0.03717
2165.99337,0.03762
2164.06462,0.03799
2162.13586,0.03797
2160.20711,0.03682
2158.27835,0.03472
2156.34959,0.03332
2154.42084,0.03326
2152.49208,0.03360
2150.56332,0.03389
2148.63457,0.03435
2146.70581,0.03486
2144.77705,0.03483
2142.84830,0.03430
2140.91954,0.03404
2138.99079,0.03438
2137.06203,0.03471
2135.13327,0.03447
2133.20452,0.03392
2131.27576,0.03372
2129.34700,0.03414
2127.41825,0.03476
2125.48949,0.03505
2123.56073,0.03508
2121.63198,0.03525
2119.70322,0.03558
2117.77447,0.03578
2115.84571,0.03586
2113.91695,0.03594
2111.98820,0.03606
2110.05944,0.03624
2108.13068,0.03637
2106.20193,0.03633
2104.27317,0.03613
2102.34441,0.03592
2100.41566,0.03589
2098.48690,0.03606
2096.55815,0.03600
2094.62939,0.03554
2092.70063,0.03518
2090.77188,0.03529
2088.84312,0.03567
2086.91436,0.03591
2084.98561,0.03593
2083.05685,0.03594
2081.12810,0.03592
2079.19934,0.03575
2077.27058,0.03553
2075.34183,0.03540
2073.41307,0.03534
2071.48431,0.03532
2069.55556,0.03531
2067.62680,0.03513
2065.69804,0.03477
2063.76929,0.03457
2061.84053,0.03476
2059.91178,0.03487
2057.98302,0.03445
2056.05426,0.03376
2054.12551,0.03351
2052.19675,0.03400
2050.26799,0.03467
2048.33924,0.03472
2046.41048,0.03429
2044.48172,0.03391
2042.55297,0.03370
2040.62421,0.03370
2038.69546,0.03388
2036.76670,0.03386
2034.83794,0.03352
2032.90919,0.03310
2030.98043,0.03274
2029.05167,0.03262
2027.12292,0.03284
2025.19416,0.03317
2023.26540,0.03336
2021.33665,0.03330
2019.40789,0.03294
2017.47914,0.03257
2015.55038,0.03260
2013.62162,0.03282
2011.69287,0.03281
2009.76411,0.03250
2007.83535,0.03223
2005.90660,0.03211
2003.97784,0.03192
2002.04909,0.03172
2000.12033,0.03192
1998.19157,0.03253
1996.26282,0.03305
1994.33406,0.03332
1992.40530,0.03350
1990.47655,0.03360
1988.54779,0.03360
1986.61903,0.03383
1984.69028,0.03430
1982.76152,0.03454
1980.83277,0.03460
1978.90401,0.03452
1976.97525,0.03405
1975.04650,0.03363
1973.11774,0.03334
1971.18898,0.03290
1969.26023,0.03262
1967.33147,0.03267
1965.40271,0.03289
1963.47396,0.03319
1961.54520,0.03346
1959.61645,0.03362
1957.68769,0.03376
1955.75893,0.03389
1953.83018,0.03393
1951.90142,0.03391
1949.97266,0.03388
1948.04391,0.03371
1946.11515,0.03344
1944.18639,0.03314
1942.25764,0.03273
1940.32888,0.03225
1938.40013,0.03184
1936.47137,0.03159
1934.54261,0.03155
1932.61386,0.03165
1930.68510,0.03174
1928.75634,0.03156
1926.82759,0.03113
1924.89883,0.03074
1922.97007,0.03052
1921.04132,0.03039
1919.11256,0.03023
1917.18381,0.03010
1915.25505,0.03017
1913.32629,0.03023
1911.39754,0.03014
1909.46878,0.02996
1907.54002,0.02968
1905.61127,0.02938
1903.68251,0.02918
1901.75376,0.02909
1899.82500,0.02900
1897.89624,0.02890
1895.96749,0.02877
1894.03873,0.02864
1892.10997,0.02860
1890.18122,0.02851
1888.25246,0.02823
1886.32370,0.02790
1884.39495,0.02769
1882.46619,0.02754
1880.53744,0.02739
1878.60868,0.02722
1876.67992,0.02708
1874.75117,0.02706
1872.82241,0.02714
1870.89365,0.02711
1868.96490,0.02683
1867.03614,0.02650
1865.10738,0.02639
1863.17863,0.02638
1861.24987,0.02633
1859.32112,0.02628
1857.39236,0.02625
1855.46360,0.02626
1853.53485,0.02631
1851.60609,0.02628
1849.67733,0.02610
1847.74858,0.02600
1845.81982,0.02597
1843.89106,0.02580
1841.96231,0.02567
1840.03355,0.02578
1838.10480,0.02603
1836.17604,0.02630
1834.24728,0.02650
1832.31853,0.02651
1830.38977,0.02637
1828.46101,0.02630
1826.53226,0.02625
1824.60350,0.02614
1822.67475,0.02610
1820.74599,0.02605
1818.81723,0.02582
1816.88848,0.02553
1814.95972,0.02540
1813.03096,0.02533
1811.10221,0.02522
1809.17345,0.02509
1807.24469,0.02497
1805.31594,0.02475
1803.38718,0.02447
1801.45843,0.02422
1799.52967,0.02397
1797.60091,0.02370
1795.67216,0.02341
1793.74340,0.02316
1791.81464,0.02283
1789.88589,0.02251
1787.95713,0.02234
1786.02837,0.02220
1784.09962,0.02191
1782.17086,0.02156
1780.24211,0.02133
1778.31335,0.02118
1776.38459,0.02105
1774.45584,0.02085
1772.52708,0.02053
1770.59832,0.02023
1768.66957,0.02010
1766.74081,0.02007
1764.81205,0.02007
1762.88330,0.02012
1760.95454,0.02026
1759.02579,0.02063
1757.09703,0.02130
1755.16827,0.02213
1753.23952,0.02322
1751.31076,0.02512
1749.38200,0.02848
1747.45325,0.03324
1745.52449,0.03937
1743.59573,0.04698
1741.66698,0.05609
1739.73822,0.06692
1737.80947,0.07740
1735.88071,0.08724
1733.95195,0.10044
1732.02320,0.11453
1730.09444,0.12599
1728.16568,0.13716
1726.23693,0.14830
1724.30817,0.15969
1722.37942,0.17099
1720.45066,0.18132
1718.52190,0.19239
1716.59315,0.20423
1714.66439,0.21178
1712.73563,0.21453
1710.80688,0.21353
1708.87812,0.20919
1706.94936,0.20145
1705.02061,0.19115
1703.09185,0.18180
1701.16310,0.17141
1699.23434,0.15873
1697.30558,0.14885
1695.37683,0.14021
1693.44807,0.13324
1691.51931,0.12834
1689.59056,0.12368
1687.66180,0.11980
1685.73304,0.11649
1683.80429,0.11209
1681.87553,0.10841
1679.94678,0.10599
1678.01802,0.10352
1676.08926,0.10049
1674.16051,0.09721
1672.23175,0.09470
1670.30299,0.09208
1668.37424,0.08873
1666.44548,0.08614
1664.51672,0.08397
1662.58797,0.08130
1660.65921,0.07870
1658.73046,0.07689
1656.80170,0.07563
1654.87294,0.07405
1652.94419,0.07109
1651.01543,0.06918
1649.08667,0.06866
1647.15792,0.06751
1645.22916,0.06598
1643.30041,0.06515
1641.37165,0.06452
1639.44289,0.06393
1637.51414,0.06319
1635.58538,0.06186
1633.65662,0.06063
1631.72787,0.06005
1629.79911,0.05946
1627.87035,0.05864
1625.94160,0.05796
1624.01284,0.05734
1622.08409,0.05675
1620.15533,0.05657
1618.22657,0.05664
1616.29782,0.05661
1614.36906,0.05654
1612.44030,0.05633
1610.51155,0.05566
1608.58279,0.05460
1606.65403,0.05346
1604.72528,0.05242
1602.79652,0.05143
1600.86777,0.05047
1598.93901,0.04966
1597.01025,0.04902
1595.08150,0.04846
1593.15274,0.04797
1591.22398,0.04771
1589.29523,0.04766
1587.36647,0.04776
1585.43771,0.04819
1583.50896,0.04922
1581.58020,0.05080
1579.65145,0.05239
1577.72269,0.05319
1575.79393,0.05236
1573.86518,0.05079
1571.93642,0.04952
1570.00766,0.04799
1568.07891,0.04647
1566.15015,0.04559
1564.22139,0.04506
1562.29264,0.04474
1560.36388,0.04431
1558.43513,0.04308
1556.50637,0.04227
1554.57761,0.04206
1552.64886,0.04184
1550.72010,0.04152
1548.79134,0.04114
1546.86259,0.04085
1544.93383,0.04057
1543.00508,0.04016
1541.07632,0.03959
1539.14756,0.03890
1537.21881,0.03872
1535.29005,0.03886
1533.36129,0.03895
1531.43254,0.03904
1529.50378,0.03921
1527.57502,0.03924
1525.64627,0.03909
1523.71751,0.03889
1521.78876,0.03843
1519.86000,0.03778
1517.93124,0.03726
1516.00249,0.03692
1514.07373,0.03708
1512.14497,0.03807
1510.21622,0.04029
1508.28746,0.04516
1506.35870,0.05305
1504.42995,0.05609
1502.50119,0.05370
1500.57244,0.04912
1498.64368,0.04409
1496.71492,0.04002
1494.78617,0.03772
1492.85741,0.03679
1490.92865,0.03654
1488.99990,0.03687
1487.07114,0.03776
1485.14238,0.03907
1483.21363,0.04075
1481.28487,0.04274
1479.35612,0.04475
1477.42736,0.04674
1475.49860,0.04895
1473.56985,0.05128
1471.64109,0.05263
1469.71233,0.05229
1467.78358,0.05119
1465.85482,0.05009
1463.92607,0.04957
1461.99731,0.04981
1460.06855,0.05037
1458.13980,0.05105
1456.21104,0.05175
1454.28228,0.05214
1452.35353,0.05207
1450.42477,0.05158
1448.49601,0.05076
1446.56726,0.04981
1444.63850,0.04894
1442.70975,0.04817
1440.78099,0.04751
1438.85223,0.04683
1436.92348,0.04557
1434.99472,0.04383
1433.06596,0.04226
1431.13721,0.04072
1429.20845,0.03915
1427.27969,0.03787
1425.35094,0.03709
1423.42218,0.03699
1421.49343,0.03794
1419.56467,0.04087
1417.63591,0.04701
1415.70716,0.05591
1413.77840,0.06743
1411.84964,0.08065
1409.92089,0.09158
1407.99213,0.09609
1406.06337,0.09331
1404.13462,0.08560
1402.20586,0.07730
1400.27711,0.07006
1398.34835,0.06370
1396.41959,0.05877
1394.49084,0.05508
1392.56208,0.05259
1390.63332,0.05135
1388.70457,0.05077
1386.77581,0.05049
1384.84705,0.05033
1382.91830,0.05017
1380.98954,0.05008
1379.06079,0.05019
1377.13203,0.05053
1375.20327,0.05103
1373.27452,0.05156
1371.34576,0.05183
1369.41700,0.05148
1367.48825,0.05023
1365.55949,0.04827
1363.63074,0.04595
1361.70198,0.04373
1359.77322,0.04222
1357.84447,0.04152
1355.91571,0.04158
1353.98695,0.04251
1352.05820,0.04458
1350.12944,0.04832
1348.20068,0.05445
1346.27193,0.06339
1344.34317,0.07447
1342.41442,0.08584
1340.48566,0.09492
1338.55690,0.09855
1336.62815,0.09515
1334.69939,0.08642
1332.77063,0.07509
1330.84188,0.06389
1328.91312,0.05503
1326.98436,0.04936
1325.05561,0.04641
1323.12685,0.04533
1321.19810,0.04540
1319.26934,0.04616
1317.34058,0.04730
1315.41183,0.04869
1313.48307,0.05033
1311.55431,0.05218
1309.62556,0.05416
1307.69680,0.05624
1305.76804,0.05838
1303.83929,0.06083
1301.91053,0.06403
1299.98178,0.06817
1298.05302,0.07310
1296.12426,0.07856
1294.19551,0.08425
1292.26675,0.08994
1290.33799,0.09550
1288.40924,0.10087
1286.48048,0.10613
1284.55173,0.11130
1282.62297,0.11638
1280.69421,0.12131
1278.76546,0.12620
1276.83670,0.13124
1274.90794,0.13670
1272.97919,0.14287
1271.05043,0.14988
1269.12167,0.15747
1267.19292,0.16516
1265.26416,0.17261
1263.33541,0.17938
1261.40665,0.18500
1259.47789,0.18932
1257.54914,0.19273
1255.62038,0.19586
1253.69162,0.19935
1251.76287,0.20354
1249.83411,0.20837
1247.90535,0.21347
1245.97660,0.21827
1244.04784,0.22220
1242.11909,0.22470
1240.19033,0.22525
1238.26157,0.22358
1236.33282,0.21966
1234.40406,0.21383
1232.47530,0.20670
1230.54655,0.19903
1228.61779,0.19163
1226.68903,0.18505
1224.76028,0.17925
1222.83152,0.17380
1220.90277,0.16826
1218.97401,0.16243
1217.04525,0.15642
1215.11650,0.15059
1213.18774,0.14521
1211.25898,0.14029
1209.33023,0.13579
1207.40147,0.13163
1205.47271,0.12766
1203.54396,0.12363
1201.61520,0.11942
1199.68645,0.11505
1197.75769,0.11063
1195.82893,0.10638
1193.90018,0.10232
1191.97142,0.09838
1190.04266,0.09478
1188.11391,0.09181
1186.18515,0.08950
1184.25640,0.08791
1182.32764,0.08708
1180.39888,0.08684
1178.47013,0.08702
1176.54137,0.08726
1174.61261,0.08701
1172.68386,0.08582
1170.75510,0.08357
1168.82634,0.08061
1166.89759,0.07772
1164.96883,0.07545
1163.04008,0.07375
1161.11132,0.07229
1159.18256,0.07095
1157.25381,0.06988
1155.32505,0.06931
1153.39629,0.06946
1151.46754,0.07032
1149.53878,0.07177
1147.61002,0.07381
1145.68127,0.07659
1143.75251,0.08024
1141.82376,0.08483
1139.89500,0.09045
1137.96624,0.09722
1136.03749,0.10530
1134.10873,0.11463
1132.17997,0.12483
1130.25122,0.13547
1128.32246,0.14607
1126.39370,0.15595
1124.46495,0.16459
1122.53619,0.17180
1120.60744,0.17756
1118.67868,0.18171
1116.74992,0.18425
1114.82117,0.18563
1112.89241,0.18701
1110.96365,0.18969
1109.03490,0.19443
1107.10614,0.20104
1105.17739,0.20848
1103.24863,0.21568
1101.31987,0.22202
1099.39112,0.22701
1097.46236,0.23032
1095.53360,0.23200
1093.60485,0.23222
1091.67609,0.23121
1089.74733,0.22946
1087.81858,0.22737
1085.88982,0.22478
1083.96107,0.22131
1082.03231,0.21675
1080.10355,0.21116
1078.17480,0.20464
1076.24604,0.19762
1074.31728,0.19075
1072.38853,0.18450
1070.45977,0.17897
1068.53101,0.17414
1066.60226,0.17005
1064.67350,0.16674
1062.74475,0.16413
1060.81599,0.16197
1058.88723,0.15997
1056.95848,0.15810
1055.02972,0.15651
1053.10096,0.15521
1051.17221,0.15403
1049.24345,0.15293
1047.31469,0.15185
1045.38594,0.15053
1043.45718,0.14892
1041.52843,0.14730
1039.59967,0.14583
1037.67091,0.14432
1035.74216,0.14246
1033.81340,0.14003
1031.88464,0.13716
1029.95589,0.13472
1028.02713,0.13482
1026.09838,0.14011
1024.16962,0.15108
1022.24086,0.16548
1020.31211,0.18032
1018.38335,0.19213
1016.45459,0.19669
1014.52584,0.19231
1012.59708,0.18222
1010.66832,0.17144
1008.73957,0.16274
1006.81081,0.15618
1004.88206,0.15121
1002.95330,0.14754
1001.02454,0.14471
999.09579,0.14212
997.16703,0.13966
995.23827,0.13760
993.30952,0.13603
991.38076,0.13489
989.45200,0.13419
987.52325,0.13380
985.59449,0.13352
983.66574,0.13341
981.73698,0.13352
979.80822,0.13409
977.87947,0.13541
975.95071,0.13727
974.02195,0.13927
972.09320,0.14101
970.16444,0.14198
968.23568,0.14181
966.30693,0.14043
964.37817,0.13808
962.44942,0.13517
960.52066,0.13224
958.59190,0.12961
956.66315,0.12723
954.73439,0.12497
952.80563,0.12279
950.87688,0.12069
948.94812,0.11875
947.01936,0.11705
945.09061,0.11549
943.16185,0.11397
941.23310,0.11249
939.30434,0.11113
937.37558,0.10988
935.44683,0.10868
933.51807,0.10749
931.58931,0.10632
929.66056,0.10507
927.73180,0.10380
925.80305,0.10276
923.87429,0.10195
921.94553,0.10113
920.01678,0.10034
918.08802,0.09977
916.15926,0.09937
914.23051,0.09906
912.30175,0.09890
910.37299,0.09900
908.44424,0.09961
906.51548,0.10067
904.58673,0.10178
902.65797,0.10267
900.72921,0.10338
898.80046,0.10381
896.87170,0.10373
894.94294,0.10312
893.01419,0.10217
891.08543,0.10129
889.15667,0.10085
887.22792,0.10103
885.29916,0.10225
883.37041,0.10527
881.44165,0.11041
879.51289,0.11747
877.58414,0.12674
875.65538,0.13919
873.72662,0.15307
871.79787,0.16098
869.86911,0.15723
867.94035,0.14620
866.01160,0.13578
864.08284,0.12897
862.15409,0.12504
860.22533,0.12303
858.29657,0.12236
856.36782,0.12244
854.43906,0.12309
852.51030,0.12479
850.58155,0.12766
848.65279,0.13063
846.72404,0.13211
844.79528,0.13156
842.86652,0.12951
840.93777,0.12668
839.00901,0.12363
837.08025,0.12057
835.15150,0.11744
833.22274,0.11439
831.29398,0.11174
829.36523,0.10948
827.43647,0.10749
825.50772,0.10582
823.57896,0.10427
821.65020,0.10293
819.72145,0.10212
817.79269,0.10162
815.86393,0.10096
813.93518,0.10008
812.00642,0.09931
810.07766,0.09879
808.14891,0.09831
806.22015,0.09775
804.29140,0.09719
802.36264,0.09651
800.43388,0.09589
798.50513,0.09637
796.57637,0.09901
794.64761,0.10299
792.71886,0.10569
790.79010,0.10536
788.86134,0.10280
786.93259,0.09965
785.00383,0.09669
783.07508,0.09395
781.14632,0.09132
779.21756,0.08900
777.28881,0.08716
775.36005,0.08557
773.43129,0.08395
771.50254,0.08207
769.57378,0.07992
767.64502,0.07770
765.71627,0.07551
763.78751,0.07344
761.85876,0.07162
759.93000,0.06985
758.00124,0.06805
756.07249,0.06649
754.14373,0.06515
752.21497,0.06387
750.28622,0.06266
748.35746,0.06156
746.42871,0.06104
744.49995,0.06213
742.57119,0.06601
740.64244,0.07413
738.71368,0.08808
736.78492,0.10829
734.85617,0.13339
732.92741,0.16120
730.99865,0.19029
729.06990,0.21997
727.14114,0.24900
725.21239,0.27368
723.28363,0.28824
721.35487,0.28998
719.42612,0.28216
717.49736,0.27022
715.56860,0.25749
713.63985,0.24558
711.71109,0.23544
709.78233,0.22683
707.85358,0.21915
705.92482,0.21219
703.99607,0.20570
702.06731,0.19939
700.13855,0.19271
698.20980,0.18553
696.28104,0.17885
694.35228,0.17346
692.42353,0.16913
690.49477,0.16552
688.56601,0.16266
686.63726,0.16034
684.70850,0.15835
682.77975,0.15720
680.85099,0.15692
678.92223,0.15624
676.99348,0.15449
675.06472,0.15263
673.13596,0.15148
671.20721,0.15089
669.27845,0.15024
667.34970,0.14925
665.42094,0.14845
663.49218,0.14756
661.56343,0.14611
659.63467,0.14437
657.70591,0.14286
655.77716,0.14161
653.84840,0.14022
651.91964,0.13844
649.99089,0.13669
648.06213,0.13594
646.13338,0.13595
644.20462,0.13543
642.27586,0.13442
640.34711,0.13396
638.41835,0.13430
636.48959,0.13527
634.56084,0.13667
632.63208,0.13736
630.70332,0.13693
628.77457,0.13692
626.84581,0.13768
624.91706,0.13761
622.98830,0.13624
621.05954,0.13450
619.13079,0.13281
617.20203,0.13170
615.27327,0.13226
613.34452,0.13368
611.41576,0.13287
609.48700,0.12975
607.55825,0.12784
605.62949,0.12837
603.70074,0.13052
601.77198,0.13332
599.84322,0.13456
