12493.60475,0.09121
12489.74751,0.09047
12485.89027,0.09424
12482.03303,0.09701
12478.17579,0.09492
12474.31855,0.09117
12470.46130,0.09000
12466.60406,0.09218
12462.74682,0.09608
12458.88958,0.09831
12455.03234,0.09559
12451.17510,0.09040
12447.31786,0.08818
12443.46062,0.08809
12439.60337,0.08826
12435.74613,0.08998
12431.88889,0.09072
12428.03165,0.08905
12424.17441,0.08930
12420.31717,0.09129
12416.45993,0.09142
12412.60268,0.09187
12408.74544,0.09382
12404.88820,0.09464
12401.03096,0.09646
12397.17372,0.10015
12393.31648,0.10028
12389.45924,0.09631
12385.60199,0.09358
12381.74475,0.09332
12377.88751,0.09296
12374.03027,0.09269
12370.17303,0.09324
12366.31579,0.09302
12362.45855,0.09130
12358.60131,0.08955
12354.74406,0.09021
12350.88682,0.09272
12347.02958,0.09367
12343.17234,0.09323
12339.31510,0.09337
12335.45786,0.09336
12331.60062,0.09246
12327.74337,0.09211
12323.88613,0.09331
12320.02889,0.09384
12316.17165,0.09084
12312.31441,0.08684
12308.45717,0.08686
12304.59993,0.09130
12300.74268,0.09676
12296.88544,0.09871
12293.02820,0.09533
12289.17096,0.09060
12285.31372,0.08936
12281.45648,0.09161
12277.59924,0.09370
12273.74200,0.09378
12269.88475,0.09332
12266.02751,0.09345
12262.17027,0.09368
12258.31303,0.09379
12254.45579,0.09347
12250.59855,0.09200
12246.74131,0.09066
12242.88406,0.09038
12239.02682,0.09027
12235.16958,0.09131
12231.31234,0.09415
12227.45510,0.09535
12223.59786,0.09261
12219.74062,0.08933
12215.88338,0.08922
12212.02613,0.09131
12208.16889,0.09226
12204.31165,0.09135
12200.45441,0.09002
12196.59717,0.08863
12192.73993,0.08824
12188.88269,0.08960
12185.02544,0.09086
12181.16820,0.09131
12177.31096,0.09154
12173.45372,0.09150
12169.59648,0.09144
12165.73924,0.09214
12161.88200,0.09342
12158.02475,0.09304
12154.16751,0.09102
12150.31027,0.09107
12146.45303,0.09373
12142.59579,0.09573
12138.73855,0.09505
12134.88131,0.09175
12131.02407,0.08773
12127.16682,0.08487
12123.30958,0.08395
12119.45234,0.08575
12115.59510,0.08820
12111.73786,0.08841
12107.88062,0.08715
12104.02338,0.08653
12100.16613,0.08775
12096.30889,0.08996
12092.45165,0.09075
12088.59441,0.08998
12084.73717,0.08999
12080.87993,0.09165
12077.02269,0.09384
12073.16544,0.09455
12069.30820,0.09226
12065.45096,0.08964
12061.59372,0.08964
12057.73648,0.08974
12053.87924,0.08802
12050.02200,0.08675
12046.16476,0.08708
12042.30751,0.08815
12038.45027,0.08950
12034.59303,0.09049
12030.73579,0.09101
12026.87855,0.09202
12023.02131,0.09346
12019.16407,0.09458
12015.30682,0.09577
12011.44958,0.09728
12007.59234,0.09743
12003.73510,0.09512
11999.87786,0.09288
11996.02062,0.09331
11992.16338,0.09525
11988.30614,0.09662
11984.44889,0.09620
11980.59165,0.09428
11976.73441,0.09370
11972.87717,0.09510
11969.01993,0.09633
11965.16269,0.09677
11961.30545,0.09652
11957.44820,0.09617
11953.59096,0.09632
11949.73372,0.09556
11945.87648,0.09360
11942.01924,0.09291
11938.16200,0.09419
11934.30476,0.09526
11930.44751,0.09495
11926.59027,0.09403
11922.73303,0.09332
11918.87579,0.09401
11915.01855,0.09631
11911.16131,0.09697
11907.30407,0.09473
11903.44683,0.09310
11899.58958,0.09343
11895.73234,0.09461
11891.87510,0.09642
11888.01786,0.09783
11884.16062,0.09790
11880.30338,0.09686
11876.44614,0.09584
11872.58889,0.09663
11868.73165,0.09889
11864.87441,0.10000
11861.01717,0.09899
11857.15993,0.09763
11853.30269,0.09699
11849.44545,0.09606
11845.58820,0.09513
11841.73096,0.09615
11837.87372,0.09949
11834.01648,0.10287
11830.15924,0.10298
11826.30200,0.09973
11822.44476,0.09695
11818.58752,0.09683
11814.73027,0.09813
11810.87303,0.09929
11807.01579,0.09935
11803.15855,0.09855
11799.30131,0.09852
11795.44407,0.09934
11791.58683,0.09923
11787.72958,0.09810
11783.87234,0.09745
11780.01510,0.09807
11776.15786,0.09930
11772.30062,0.09982
11768.44338,0.09980
11764.58614,0.10016
11760.72890,0.10039
11756.87165,0.09995
11753.01441,0.09923
11749.15717,0.09860
11745.29993,0.09848
11741.44269,0.09902
11737.58545,0.09955
11733.72821,0.09942
11729.87096,0.09911
11726.01372,0.09941
11722.15648,0.10001
11718.29924,0.10037
11714.44200,0.10102
11710.58476,0.10228
11706.72752,0.10322
11702.87027,0.10335
11699.01303,0.10325
11695.15579,0.10277
11691.29855,0.10097
11687.44131,0.09897
11683.58407,0.09964
11679.72683,0.10237
11675.86959,0.10345
11672.01234,0.10236
11668.15510,0.10177
11664.29786,0.10197
11660.44062,0.10112
11656.58338,0.09988
11652.72614,0.09970
11648.86890,0.09980
11645.01165,0.09949
11641.15441,0.09926
11637.29717,0.09926
11633.43993,0.09903
11629.58269,0.09838
11625.72545,0.09864
11621.86821,0.10078
11618.01096,0.10214
11614.15372,0.10040
11610.29648,0.09830
11606.43924,0.09837
11602.58200,0.09875
11598.72476,0.09813
11594.86752,0.09795
11591.01028,0.09871
11587.15303,0.09892
11583.29579,0.09809
11579.43855,0.09742
11575.58131,0.09802
11571.72407,0.09943
11567.86683,0.09984
11564.00959,0.09892
11560.15234,0.09884
11556.29510,0.10101
11552.43786,0.10287
11548.58062,0.10139
11544.72338,0.09849
11540.86614,0.09828
11537.00890,0.10092
11533.15166,0.10252
11529.29441,0.10039
11525.43717,0.09769
11521.57993,0.09900
11517.72269,0.10258
11513.86545,0.10373
11510.00821,0.10191
11506.15097,0.10027
11502.29372,0.10058
11498.43648,0.10064
11494.57924,0.09926
11490.72200,0.09931
11486.86476,0.10098
11483.00752,0.10082
11479.15028,0.09907
11475.29303,0.09823
11471.43579,0.09840
11467.57855,0.09879
11463.72131,0.09782
11459.86407,0.09527
11456.00683,0.09467
11452.14959,0.09711
11448.29235,0.09881
11444.43510,0.09776
11440.57786,0.09561
11436.72062,0.09413
11432.86338,0.09394
11429.00614,0.09468
11425.14890,0.09516
11421.29166,0.09505
11417.43441,0.09540
11413.57717,0.09626
11409.71993,0.09563
11405.86269,0.09365
11402.00545,0.09321
11398.14821,0.09449
11394.29097,0.09608
11390.43372,0.09737
11386.57648,0.09722
11382.71924,0.09623
11378.86200,0.09588
11375.00476,0.09565
11371.14752,0.09529
11367.29028,0.09565
11363.43304,0.09694
11359.57579,0.09811
11355.71855,0.09766
11351.86131,0.09604
11348.00407,0.09527
11344.14683,0.09566
11340.28959,0.09640
11336.43235,0.09697
11332.57510,0.09654
11328.71786,0.09554
11324.86062,0.09546
11321.00338,0.09579
11317.14614,0.09555
11313.28890,0.09542
11309.43166,0.09560
11305.57442,0.09517
11301.71717,0.09388
11297.85993,0.09297
11294.00269,0.09353
11290.14545,0.09492
11286.28821,0.09683
11282.43097,0.09891
11278.57373,0.09998
11274.71648,0.10064
11270.85924,0.10114
11267.00200,0.10058
11263.14476,0.10020
11259.28752,0.10081
11255.43028,0.10096
11251.57304,0.10007
11247.71579,0.09853
11243.85855,0.09663
11240.00131,0.09526
11236.14407,0.09497
11232.28683,0.09525
11228.42959,0.09525
11224.57235,0.09491
11220.71511,0.09536
11216.85786,0.09658
11213.00062,0.09723
11209.14338,0.09727
11205.28614,0.09743
11201.42890,0.09782
11197.57166,0.09783
11193.71442,0.09718
11189.85717,0.09685
11185.99993,0.09692
11182.14269,0.09651
11178.28545,0.09596
11174.42821,0.09562
11170.57097,0.09521
11166.71373,0.09479
11162.85648,0.09454
11158.99924,0.09508
11155.14200,0.09644
11151.28476,0.09717
11147.42752,0.09712
11143.57028,0.09742
11139.71304,0.09788
11135.85580,0.09815
11131.99855,0.09806
11128.14131,0.09692
11124.28407,0.09569
11120.42683,0.09570
11116.56959,0.09619
11112.71235,0.09646
11108.85511,0.09642
11104.99786,0.09577
11101.14062,0.09501
11097.28338,0.09506
11093.42614,0.09608
11089.56890,0.09741
11085.71166,0.09819
11081.85442,0.09814
11077.99718,0.09785
11074.13993,0.09772
11070.28269,0.09778
11066.42545,0.09809
11062.56821,0.09800
11058.71097,0.09714
11054.85373,0.09673
11050.99649,0.09720
11047.13924,0.09772
11043.28200,0.09815
11039.42476,0.09838
11035.56752,0.09795
11031.71028,0.09722
11027.85304,0.09695
11023.99580,0.09727
11020.13855,0.09793
11016.28131,0.09834
11012.42407,0.09818
11008.56683,0.09784
11004.70959,0.09754
11000.85235,0.09745
10996.99511,0.09781
10993.13787,0.09827
10989.28062,0.09820
10985.42338,0.09732
10981.56614,0.09617
10977.70890,0.09566
10973.85166,0.09604
10969.99442,0.09672
10966.13718,0.09712
10962.27993,0.09726
10958.42269,0.09724
10954.56545,0.09742
10950.70821,0.09798
10946.85097,0.09805
10942.99373,0.09756
10939.13649,0.09759
10935.27924,0.09815
10931.42200,0.09823
10927.56476,0.09783
10923.70752,0.09786
10919.85028,0.09794
10915.99304,0.09707
10912.13580,0.09609
10908.27856,0.09603
10904.42131,0.09638
10900.56407,0.09616
10896.70683,0.09570
10892.84959,0.09611
10888.99235,0.09684
10885.13511,0.09679
10881.27787,0.09617
10877.42062,0.09520
10873.56338,0.09443
10869.70614,0.09502
10865.84890,0.09660
10861.99166,0.09746
10858.13442,0.09681
10854.27718,0.09552
10850.41993,0.09469
10846.56269,0.09452
10842.70545,0.09449
10838.84821,0.09432
10834.99097,0.09442
10831.13373,0.09506
10827.27649,0.09579
10823.41925,0.09605
10819.56200,0.09553
10815.70476,0.09440
10811.84752,0.09370
10807.99028,0.09405
10804.13304,0.09446
10800.27580,0.09417
10796.41856,0.09380
10792.56131,0.09413
10788.70407,0.09469
10784.84683,0.09459
10780.98959,0.09439
10777.13235,0.09496
10773.27511,0.09570
10769.41787,0.09589
10765.56063,0.09559
10761.70338,0.09482
10757.84614,0.09413
10753.98890,0.09396
10750.13166,0.09383
10746.27442,0.09363
10742.41718,0.09349
10738.55994,0.09326
10734.70269,0.09301
10730.84545,0.09300
10726.98821,0.09348
10723.13097,0.09445
10719.27373,0.09531
10715.41649,0.09551
10711.55925,0.09524
10707.70200,0.09505
10703.84476,0.09507
10699.98752,0.09514
10696.13028,0.09534
10692.27304,0.09566
10688.41580,0.09538
10684.55856,0.09449
10680.70132,0.09415
10676.84407,0.09442
10672.98683,0.09444
10669.12959,0.09424
10665.27235,0.09422
10661.41511,0.09425
10657.55787,0.09419
10653.70063,0.09402
10649.84338,0.09365
10645.98614,0.09322
10642.12890,0.09313
10638.27166,0.09352
10634.41442,0.09406
10630.55718,0.09427
10626.69994,0.09419
10622.84269,0.09426
10618.98545,0.09438
10615.12821,0.09408
10611.27097,0.09351
10607.41373,0.09317
10603.55649,0.09315
10599.69925,0.09304
10595.84201,0.09288
10591.98476,0.09289
10588.12752,0.09312
10584.27028,0.09367
10580.41304,0.09398
10576.55580,0.09380
10572.69856,0.09374
10568.84132,0.09372
10564.98407,0.09340
10561.12683,0.09305
10557.26959,0.09302
10553.41235,0.09313
10549.55511,0.09296
10545.69787,0.09249
10541.84063,0.09207
10537.98339,0.09208
10534.12614,0.09255
10530.26890,0.09292
10526.41166,0.09264
10522.55442,0.09175
10518.69718,0.09086
10514.83994,0.09047
10510.98270,0.09045
10507.12545,0.09051
10503.26821,0.09078
10499.41097,0.09136
10495.55373,0.09177
10491.69649,0.09161
10487.83925,0.09101
10483.98201,0.09045
10480.12476,0.09043
10476.26752,0.09067
10472.41028,0.09061
10468.55304,0.09041
10464.69580,0.09015
10460.83856,0.08997
10456.98132,0.09047
10453.12408,0.09126
10449.26683,0.09140
10445.40959,0.09102
10441.55235,0.09079
10437.69511,0.09090
10433.83787,0.09106
10429.98063,0.09083
10426.12339,0.09033
10422.26614,0.09019
10418.40890,0.09046
10414.55166,0.09093
10410.69442,0.09134
10406.83718,0.09119
10402.97994,0.09075
10399.12270,0.09070
10395.26545,0.09077
10391.40821,0.09073
10387.55097,0.09074
10383.69373,0.09068
10379.83649,0.09069
10375.97925,0.09104
10372.12201,0.09170
10368.26477,0.09231
10364.40752,0.09217
10360.55028,0.09140
10356.69304,0.09110
10352.83580,0.09144
10348.97856,0.09183
10345.12132,0.09209
10341.26408,0.09218
10337.40683,0.09186
10333.54959,0.09140
10329.69235,0.09127
10325.83511,0.09131
10321.97787,0.09132
10318.12063,0.09171
10314.26339,0.09257
10310.40615,0.09317
10306.54890,0.09293
10302.69166,0.09250
10298.83442,0.09238
10294.97718,0.09218
10291.11994,0.09208
10287.26270,0.09263
10283.40546,0.09341
10279.54821,0.09345
10275.69097,0.09289
10271.83373,0.09266
10267.97649,0.09298
10264.11925,0.09330
10260.26201,0.09317
10256.40477,0.09285
10252.54752,0.09273
10248.69028,0.09282
10244.83304,0.09308
10240.97580,0.09336
10237.11856,0.09344
10233.26132,0.09324
10229.40408,0.09286
10225.54684,0.09264
10221.68959,0.09285
10217.83235,0.09338
10213.97511,0.09396
10210.11787,0.09418
10206.26063,0.09378
10202.40339,0.09314
10198.54615,0.09294
10194.68890,0.09324
10190.83166,0.09351
10186.97442,0.09359
10183.11718,0.09365
10179.25994,0.09363
10175.40270,0.09388
10171.54546,0.09442
10167.68821,0.09466
10163.83097,0.09464
10159.97373,0.09504
10156.11649,0.09582
10152.25925,0.09619
10148.40201,0.09596
10144.54477,0.09569
10140.68753,0.09551
10136.83028,0.09526
10132.97304,0.09526
10129.11580,0.09537
10125.25856,0.09519
10121.40132,0.09487
10117.54408,0.09471
10113.68684,0.09474
10109.82959,0.09471
10105.97235,0.09452
10102.11511,0.09461
10098.25787,0.09495
10094.40063,0.09499
10090.54339,0.09482
10086.68615,0.09493
10082.82891,0.09530
10078.97166,0.09555
10075.11442,0.09549
10071.25718,0.09527
10067.39994,0.09526
10063.54270,0.09554
10059.68546,0.09568
10055.82822,0.09551
10051.97097,0.09553
10048.11373,0.09588
10044.25649,0.09613
10040.39925,0.09611
10036.54201,0.09579
10032.68477,0.09526
10028.82753,0.09494
10024.97028,0.09512
10021.11304,0.09556
10017.25580,0.09575
10013.39856,0.09565
10009.54132,0.09550
10005.68408,0.09542
10001.82684,0.09541
9997.96960,0.09531
9994.11235,0.09507
9990.25511,0.09502
9986.39787,0.09539
9982.54063,0.09578
9978.68339,0.09577
9974.82615,0.09558
9970.96891,0.09551
9967.11166,0.09564
9963.25442,0.09601
9959.39718,0.09632
9955.53994,0.09621
9951.68270,0.09605
9947.82546,0.09629
9943.96822,0.09656
9940.11097,0.09652
9936.25373,0.09648
9932.39649,0.09667
9928.53925,0.09679
9924.68201,0.09660
9920.82477,0.09636
9916.96753,0.09627
9913.11029,0.09638
9909.25304,0.09650
9905.39580,0.09627
9901.53856,0.09600
9897.68132,0.09633
9893.82408,0.09685
9889.96684,0.09692
9886.10960,0.09678
9882.25235,0.09680
9878.39511,0.09681
9874.53787,0.09652
9870.68063,0.09616
9866.82339,0.09602
9862.96615,0.09611
9859.10891,0.09638
9855.25167,0.09654
9851.39442,0.09636
9847.53718,0.09609
9843.67994,0.09600
9839.82270,0.09615
9835.96546,0.09646
9832.10822,0.09668
9828.25098,0.09657
9824.39373,0.09625
9820.53649,0.09596
9816.67925,0.09583
9812.82201,0.09589
9808.96477,0.09599
9805.10753,0.09600
9801.25029,0.09596
9797.39304,0.09597
9793.53580,0.09595
9789.67856,0.09606
9785.82132,0.09632
9781.96408,0.09643
9778.10684,0.09634
9774.24960,0.09619
9770.39236,0.09608
9766.53511,0.09599
9762.67787,0.09597
9758.82063,0.09612
9754.96339,0.09630
9751.10615,0.09643
9747.24891,0.09652
9743.39167,0.09638
9739.53442,0.09597
9735.67718,0.09560
9731.81994,0.09561
9727.96270,0.09587
9724.10546,0.09589
9720.24822,0.09552
9716.39098,0.09526
9712.53373,0.09529
9708.67649,0.09529
9704.81925,0.09548
9700.96201,0.09581
9697.10477,0.09583
9693.24753,0.09568
9689.39029,0.09578
9685.53305,0.09595
9681.67580,0.09576
9677.81856,0.09529
9673.96132,0.09486
9670.10408,0.09479
9666.24684,0.09504
9662.38960,0.09516
9658.53236,0.09510
9654.67511,0.09503
9650.81787,0.09487
9646.96063,0.09459
9643.10339,0.09437
9639.24615,0.09448
9635.38891,0.09469
9631.53167,0.09445
9627.67443,0.09400
9623.81718,0.09397
9619.95994,0.09425
9616.10270,0.09435
9612.24546,0.09420
9608.38822,0.09397
9604.53098,0.09391
9600.67374,0.09407
9596.81649,0.09424
9592.95925,0.09424
9589.10201,0.09418
9585.24477,0.09415
9581.38753,0.09408
9577.53029,0.09401
9573.67305,0.09398
9569.81580,0.09403
9565.95856,0.09411
9562.10132,0.09394
9558.24408,0.09354
9554.38684,0.09331
9550.52960,0.09322
9546.67236,0.09314
9542.81512,0.09326
9538.95787,0.09343
9535.10063,0.09338
9531.24339,0.09344
9527.38615,0.09385
9523.52891,0.09419
9519.67167,0.09407
9515.81443,0.09371
9511.95718,0.09342
9508.09994,0.09318
9504.24270,0.09298
9500.38546,0.09294
9496.52822,0.09294
9492.67098,0.09283
9488.81374,0.09273
9484.95649,0.09284
9481.09925,0.09297
9477.24201,0.09301
9473.38477,0.09320
9469.52753,0.09342
9465.67029,0.09328
9461.81305,0.09286
9457.95581,0.09249
9454.09856,0.09234
9450.24132,0.09247
9446.38408,0.09275
9442.52684,0.09299
9438.66960,0.09313
9434.81236,0.09319
9430.95512,0.09313
9427.09787,0.09300
9423.24063,0.09291
9419.38339,0.09263
9415.52615,0.09210
9411.66891,0.09183
9407.81167,0.09209
9403.95443,0.09248
9400.09719,0.09244
9396.23994,0.09207
9392.38270,0.09203
9388.52546,0.09235
9384.66822,0.09247
9380.81098,0.09232
9376.95374,0.09212
9373.09650,0.09201
9369.23925,0.09204
9365.38201,0.09216
9361.52477,0.09229
9357.66753,0.09240
9353.81029,0.09252
9349.95305,0.09268
9346.09581,0.09270
9342.23856,0.09256
9338.38132,0.09240
9334.52408,0.09220
9330.66684,0.09201
9326.80960,0.09195
9322.95236,0.09192
9319.09512,0.09176
9315.23788,0.09158
9311.38063,0.09156
9307.52339,0.09177
9303.66615,0.09202
9299.80891,0.09204
9295.95167,0.09176
9292.09443,0.09142
9288.23719,0.09128
9284.37994,0.09142
9280.52270,0.09171
9276.66546,0.09178
9272.80822,0.09163
9268.95098,0.09173
9265.09374,0.09204
9261.23650,0.09206
9257.37925,0.09187
9253.52201,0.09178
9249.66477,0.09176
9245.80753,0.09163
9241.95029,0.09141
9238.09305,0.09128
9234.23581,0.09141
9230.37857,0.09166
9226.52132,0.09180
9222.66408,0.09188
9218.80684,0.09202
9214.94960,0.09202
9211.09236,0.09175
9207.23512,0.09152
9203.37788,0.09157
9199.52063,0.09161
9195.66339,0.09149
9191.80615,0.09145
9187.94891,0.09160
9184.09167,0.09171
9180.23443,0.09162
9176.37719,0.09156
9172.51995,0.09177
9168.66270,0.09207
9164.80546,0.09208
9160.94822,0.09166
9157.09098,0.09128
9153.23374,0.09137
9149.37650,0.09172
9145.51926,0.09187
9141.66201,0.09173
9137.80477,0.09166
9133.94753,0.09172
9130.09029,0.09166
9126.23305,0.09158
9122.37581,0.09170
9118.51857,0.09174
9114.66132,0.09159
9110.80408,0.09156
9106.94684,0.09166
9103.08960,0.09177
9099.23236,0.09187
9095.37512,0.09187
9091.51788,0.09190
9087.66064,0.09206
9083.80339,0.09213
9079.94615,0.09209
9076.08891,0.09216
9072.23167,0.09232
9068.37443,0.09248
9064.51719,0.09265
9060.65995,0.09279
9056.80270,0.09276
9052.94546,0.09259
9049.08822,0.09259
9045.23098,0.09290
9041.37374,0.09328
9037.51650,0.09358
9033.65926,0.09387
9029.80201,0.09408
9025.94477,0.09420
9022.08753,0.09430
9018.23029,0.09447
9014.37305,0.09477
9010.51581,0.09517
9006.65857,0.09556
9002.80133,0.09588
8998.94408,0.09611
8995.08684,0.09632
8991.22960,0.09670
8987.37236,0.09724
8983.51512,0.09775
8979.65788,0.09819
8975.80064,0.09859
8971.94339,0.09893
8968.08615,0.09948
8964.22891,0.10034
8960.37167,0.10120
8956.51443,0.10201
8952.65719,0.10274
8948.79995,0.10334
8944.94271,0.10405
8941.08546,0.10494
8937.22822,0.10583
8933.37098,0.10667
8929.51374,0.10746
8925.65650,0.10828
8921.79926,0.10919
8917.94202,0.11022
8914.08477,0.11135
8910.22753,0.11247
8906.37029,0.11350
8902.51305,0.11456
8898.65581,0.11583
8894.79857,0.11727
8890.94133,0.11863
8887.08408,0.11984
8883.22684,0.12102
8879.36960,0.12226
8875.51236,0.12349
8871.65512,0.12451
8867.79788,0.12522
8863.94064,0.12563
8860.08340,0.12581
8856.22615,0.12591
8852.36891,0.12588
8848.51167,0.12561
8844.65443,0.12513
8840.79719,0.12450
8836.93995,0.12382
8833.08271,0.12317
8829.22546,0.12236
8825.36822,0.12141
8821.51098,0.12052
8817.65374,0.11964
8813.79650,0.11852
8809.93926,0.11727
8806.08202,0.11617
8802.22477,0.11523
8798.36753,0.11427
8794.51029,0.11310
8790.65305,0.11183
8786.79581,0.11080
8782.93857,0.10999
8779.08133,0.10923
8775.22409,0.10845
8771.36684,0.10766
8767.50960,0.10699
8763.65236,0.10657
8759.79512,0.10618
8755.93788,0.10577
8752.08064,0.10556
8748.22340,0.10556
8744.36615,0.10554
8740.50891,0.10542
8736.65167,0.10528
8732.79443,0.10521
8728.93719,0.10518
8725.07995,0.10524
8721.22271,0.10538
8717.36547,0.10551
8713.50822,0.10571
8709.65098,0.10597
8705.79374,0.10625
8701.93650,0.10662
8698.07926,0.10703
8694.22202,0.10730
8690.36478,0.10750
8686.50753,0.10778
8682.65029,0.10798
8678.79305,0.10806
8674.93581,0.10823
8671.07857,0.10854
8667.22133,0.10892
8663.36409,0.10934
8659.50684,0.10964
8655.64960,0.10972
8651.79236,0.10980
8647.93512,0.11011
8644.07788,0.11062
8640.22064,0.11112
8636.36340,0.11147
8632.50616,0.11172
8628.64891,0.11207
8624.79167,0.11258
8620.93443,0.11309
8617.07719,0.11348
8613.21995,0.11382
8609.36271,0.11409
8605.50547,0.11430
8601.64822,0.11465
8597.79098,0.11506
8593.93374,0.11537
8590.07650,0.11573
8586.21926,0.11621
8582.36202,0.11667
8578.50478,0.11707
8574.64753,0.11747
8570.79029,0.11772
8566.93305,0.11784
8563.07581,0.11802
8559.21857,0.11829
8555.36133,0.11854
8551.50409,0.11872
8547.64685,0.11896
8543.78960,0.11938
8539.93236,0.11980
8536.07512,0.12007
8532.21788,0.12023
8528.36064,0.12044
8524.50340,0.12075
8520.64616,0.12102
8516.78891,0.12121
8512.93167,0.12144
8509.07443,0.12181
8505.21719,0.12223
8501.35995,0.12253
8497.50271,0.12259
8493.64547,0.12251
8489.78822,0.12251
8485.93098,0.12260
8482.07374,0.12264
8478.21650,0.12267
8474.35926,0.12268
8470.50202,0.12264
8466.64478,0.12265
8462.78754,0.12278
8458.93029,0.12293
8455.07305,0.12292
8451.21581,0.12272
8447.35857,0.12248
8443.50133,0.12231
8439.64409,0.12224
8435.78685,0.12220
8431.92960,0.12212
8428.07236,0.12207
8424.21512,0.12202
8420.35788,0.12204
8416.50064,0.12219
8412.64340,0.12223
8408.78616,0.12207
8404.92892,0.12191
8401.07167,0.12181
8397.21443,0.12164
8393.35719,0.12137
8389.49995,0.12110
8385.64271,0.12093
8381.78547,0.12076
8377.92823,0.12061
8374.07098,0.12055
8370.21374,0.12057
8366.35650,0.12066
8362.49926,0.12069
8358.64202,0.12065
8354.78478,0.12063
8350.92754,0.12056
8347.07029,0.12049
8343.21305,0.12059
8339.35581,0.12068
8335.49857,0.12059
8331.64133,0.12045
8327.78409,0.12035
8323.92685,0.12036
8320.06961,0.12037
8316.21236,0.12034
8312.35512,0.12033
8308.49788,0.12034
8304.64064,0.12039
8300.78340,0.12039
8296.92616,0.12029
8293.06892,0.12020
8289.21167,0.12018
8285.35443,0.12027
8281.49719,0.12042
8277.63995,0.12048
8273.78271,0.12048
8269.92547,0.12054
8266.06823,0.12067
8262.21098,0.12078
8258.35374,0.12082
8254.49650,0.12075
8250.63926,0.12068
8246.78202,0.12068
8242.92478,0.12076
8239.06754,0.12085
8235.21030,0.12094
8231.35305,0.12099
8227.49581,0.12097
8223.63857,0.12092
8219.78133,0.12094
8215.92409,0.12095
8212.06685,0.12078
8208.20961,0.12053
8204.35236,0.12041
8200.49512,0.12045
8196.63788,0.12046
8192.78064,0.12033
8188.92340,0.12013
8185.06616,0.11989
8181.20892,0.11965
8177.35168,0.11955
8173.49443,0.11952
8169.63719,0.11936
8165.77995,0.11913
8161.92271,0.11893
8158.06547,0.11880
8154.20823,0.11873
8150.35099,0.11869
8146.49374,0.11865
8142.63650,0.11856
8138.77926,0.11839
8134.92202,0.11819
8131.06478,0.11799
8127.20754,0.11776
8123.35030,0.11743
8119.49305,0.11706
8115.63581,0.11684
8111.77857,0.11680
8107.92133,0.11677
8104.06409,0.11658
8100.20685,0.11628
8096.34961,0.11601
8092.49237,0.11584
8088.63512,0.11572
8084.77788,0.11558
8080.92064,0.11535
8077.06340,0.11490
8073.20616,0.11438
8069.34892,0.11415
8065.49168,0.11422
8061.63443,0.11426
8057.77719,0.11415
8053.91995,0.11397
8050.06271,0.11377
8046.20547,0.11353
8042.34823,0.11332
8038.49099,0.11322
8034.63374,0.11309
8030.77650,0.11282
8026.91926,0.11258
8023.06202,0.11255
8019.20478,0.11264
8015.34754,0.11261
8011.49030,0.11242
8007.63306,0.11220
8003.77581,0.11203
7999.91857,0.11196
7996.06133,0.11200
7992.20409,0.11203
7988.34685,0.11199
7984.48961,0.11193
7980.63237,0.11184
7976.77512,0.11169
7972.91788,0.11157
7969.06064,0.11152
7965.20340,0.11154
7961.34616,0.11160
7957.48892,0.11151
7953.63168,0.11133
7949.77444,0.11128
7945.91719,0.11139
7942.05995,0.11142
7938.20271,0.11126
7934.34547,0.11108
7930.48823,0.11097
7926.63099,0.11090
7922.77375,0.11086
7918.91650,0.11084
7915.05926,0.11078
7911.20202,0.11071
7907.34478,0.11071
7903.48754,0.11082
7899.63030,0.11093
7895.77306,0.11095
7891.91581,0.11092
7888.05857,0.11098
7884.20133,0.11111
7880.34409,0.11118
7876.48685,0.11114
7872.62961,0.11112
7868.77237,0.11121
7864.91513,0.11126
7861.05788,0.11111
7857.20064,0.11094
7853.34340,0.11100
7849.48616,0.11110
7845.62892,0.11098
7841.77168,0.11080
7837.91444,0.11064
7834.05719,0.11039
7830.19995,0.11019
7826.34271,0.11012
7822.48547,0.10990
7818.62823,0.10963
7814.77099,0.10960
7810.91375,0.10969
7807.05650,0.10967
7803.19926,0.10958
7799.34202,0.10946
7795.48478,0.10916
7791.62754,0.10877
7787.77030,0.10859
7783.91306,0.10853
7780.05582,0.10838
7776.19857,0.10829
7772.34133,0.10832
7768.48409,0.10825
7764.62685,0.10808
7760.76961,0.10796
7756.91237,0.10784
7753.05513,0.10773
7749.19788,0.10761
7745.34064,0.10739
7741.48340,0.10705
7737.62616,0.10668
7733.76892,0.10648
7729.91168,0.10645
7726.05444,0.10636
7722.19720,0.10611
7718.33995,0.10582
7714.48271,0.10567
7710.62547,0.10580
7706.76823,0.10596
7702.91099,0.10582
7699.05375,0.10552
7695.19651,0.10535
7691.33926,0.10532
7687.48202,0.10532
7683.62478,0.10540
7679.76754,0.10556
7675.91030,0.10567
7672.05306,0.10566
7668.19582,0.10561
7664.33857,0.10556
7660.48133,0.10548
7656.62409,0.10551
7652.76685,0.10566
7648.90961,0.10583
7645.05237,0.10604
7641.19513,0.10615
7637.33789,0.10615
7633.48064,0.10614
7629.62340,0.10604
7625.76616,0.10588
7621.90892,0.10591
7618.05168,0.10617
7614.19444,0.10645
7610.33720,0.10668
7606.47995,0.10690
7602.62271,0.10699
7598.76547,0.10688
7594.90823,0.10684
7591.05099,0.10695
7587.19375,0.10704
7583.33651,0.10714
7579.47926,0.10733
7575.62202,0.10758
7571.76478,0.10778
7567.90754,0.10791
7564.05030,0.10803
7560.19306,0.10821
7556.33582,0.10856
7552.47858,0.10904
7548.62133,0.10950
7544.76409,0.10993
7540.90685,0.11035
7537.04961,0.11076
7533.19237,0.11106
7529.33513,0.11117
7525.47789,0.11122
7521.62064,0.11136
7517.76340,0.11160
7513.90616,0.11185
7510.04892,0.11208
7506.19168,0.11233
7502.33444,0.11260
7498.47720,0.11290
7494.61996,0.11330
7490.76271,0.11377
7486.90547,0.11414
7483.04823,0.11447
7479.19099,0.11502
7475.33375,0.11572
7471.47651,0.11630
7467.61927,0.11675
7463.76202,0.11731
7459.90478,0.11807
7456.04754,0.11885
7452.19030,0.11962
7448.33306,0.12047
7444.47582,0.12132
7440.61858,0.12209
7436.76133,0.12292
7432.90409,0.12388
7429.04685,0.12491
7425.18961,0.12603
7421.33237,0.12721
7417.47513,0.12829
7413.61789,0.12917
7409.76065,0.12995
7405.90340,0.13080
7402.04616,0.13179
7398.18892,0.13288
7394.33168,0.13404
7390.47444,0.13516
7386.61720,0.13618
7382.75996,0.13725
7378.90271,0.13847
7375.04547,0.13978
7371.18823,0.14100
7367.33099,0.14211
7363.47375,0.14312
7359.61651,0.14404
7355.75927,0.14499
7351.90202,0.14599
7348.04478,0.14702
7344.18754,0.14798
7340.33030,0.14880
7336.47306,0.14948
7332.61582,0.15018
7328.75858,0.15092
7324.90134,0.15154
7321.04409,0.15197
7317.18685,0.15233
7313.32961,0.15263
7309.47237,0.15286
7305.61513,0.15306
7301.75789,0.15334
7297.90065,0.15370
7294.04340,0.15406
7290.18616,0.15438
7286.32892,0.15462
7282.47168,0.15485
7278.61444,0.15516
7274.75720,0.15556
7270.89996,0.15596
7267.04272,0.15632
7263.18547,0.15663
7259.32823,0.15699
7255.47099,0.15749
7251.61375,0.15805
7247.75651,0.15846
7243.89927,0.15873
7240.04203,0.15893
7236.18478,0.15915
7232.32754,0.15944
7228.47030,0.15978
7224.61306,0.16011
7220.75582,0.16038
7216.89858,0.16066
7213.04134,0.16102
7209.18409,0.16132
7205.32685,0.16152
7201.46961,0.16179
7197.61237,0.16216
7193.75513,0.16242
7189.89789,0.16269
7186.04065,0.16325
7182.18341,0.16398
7178.32616,0.16459
7174.46892,0.16514
7170.61168,0.16585
7166.75444,0.16669
7162.89720,0.16757
7159.03996,0.16854
7155.18272,0.16968
7151.32547,0.17092
7147.46823,0.17214
7143.61099,0.17339
7139.75375,0.17479
7135.89651,0.17632
7132.03927,0.17783
7128.18203,0.17925
7124.32478,0.18066
7120.46754,0.18213
7116.61030,0.18361
7112.75306,0.18499
7108.89582,0.18637
7105.03858,0.18778
7101.18134,0.18913
7097.32410,0.19056
7093.46685,0.19220
7089.60961,0.19393
7085.75237,0.19571
7081.89513,0.19752
7078.03789,0.19931
7074.18065,0.20108
7070.32341,0.20284
7066.46616,0.20460
7062.60892,0.20633
7058.75168,0.20806
7054.89444,0.20983
7051.03720,0.21152
7047.17996,0.21306
7043.32272,0.21460
7039.46548,0.21626
7035.60823,0.21791
7031.75099,0.21935
7027.89375,0.22065
7024.03651,0.22198
7020.17927,0.22328
7016.32203,0.22439
7012.46479,0.22537
7008.60754,0.22633
7004.75030,0.22732
7000.89306,0.22831
6997.03582,0.22925
6993.17858,0.23021
6989.32134,0.23120
6985.46410,0.23211
6981.60685,0.23297
6977.74961,0.23385
6973.89237,0.23469
6970.03513,0.23545
6966.17789,0.23613
6962.32065,0.23675
6958.46341,0.23735
6954.60617,0.23793
6950.74892,0.23843
6946.89168,0.23890
6943.03444,0.23942
6939.17720,0.23996
6935.31996,0.24047
6931.46272,0.24103
6927.60548,0.24163
6923.74823,0.24212
6919.89099,0.24250
6916.03375,0.24292
6912.17651,0.24341
6908.31927,0.24389
6904.46203,0.24435
6900.60479,0.24480
6896.74754,0.24530
6892.89030,0.24588
6889.03306,0.24645
6885.17582,0.24693
6881.31858,0.24741
6877.46134,0.24798
6873.60410,0.24862
6869.74686,0.24928
6865.88961,0.25001
6862.03237,0.25086
6858.17513,0.25169
6854.31789,0.25241
6850.46065,0.25309
6846.60341,0.25380
6842.74617,0.25457
6838.88892,0.25540
6835.03168,0.25621
6831.17444,0.25699
6827.31720,0.25777
6823.45996,0.25859
6819.60272,0.25943
6815.74548,0.26023
6811.88824,0.26100
6808.03099,0.26185
6804.17375,0.26277
6800.31651,0.26370
6796.45927,0.26460
6792.60203,0.26551
6788.74479,0.26640
6784.88755,0.26731
6781.03030,0.26823
6777.17306,0.26906
6773.31582,0.26981
6769.45858,0.27052
6765.60134,0.27116
6761.74410,0.27173
6757.88686,0.27228
6754.02961,0.27281
6750.17237,0.27327
6746.31513,0.27363
6742.45789,0.27393
6738.60065,0.27422
6734.74341,0.27444
6730.88617,0.27452
6727.02893,0.27452
6723.17168,0.27459
6719.31444,0.27478
6715.45720,0.27490
6711.59996,0.27492
6707.74272,0.27491
6703.88548,0.27491
6700.02824,0.27493
6696.17099,0.27500
6692.31375,0.27504
6688.45651,0.27497
6684.59927,0.27480
6680.74203,0.27457
6676.88479,0.27424
6673.02755,0.27384
6669.17030,0.27354
6665.31306,0.27331
6661.45582,0.27304
6657.59858,0.27268
6653.74134,0.27225
6649.88410,0.27178
6646.02686,0.27129
6642.16962,0.27081
6638.31237,0.27036
6634.45513,0.26992
6630.59789,0.26946
6626.74065,0.26893
6622.88341,0.26832
6619.02617,0.26770
6615.16893,0.26709
6611.31168,0.26652
6607.45444,0.26600
6603.59720,0.26552
6599.73996,0.26507
6595.88272,0.26469
6592.02548,0.26430
6588.16824,0.26389
6584.31100,0.26354
6580.45375,0.26326
6576.59651,0.26300
6572.73927,0.26282
6568.88203,0.26279
6565.02479,0.26284
6561.16755,0.26288
6557.31031,0.26290
6553.45306,0.26300
6549.59582,0.26315
6545.73858,0.26327
6541.88134,0.26335
6538.02410,0.26348
6534.16686,0.26366
6530.30962,0.26385
6526.45237,0.26403
6522.59513,0.26421
6518.73789,0.26438
6514.88065,0.26454
6511.02341,0.26469
6507.16617,0.26482
6503.30893,0.26486
6499.45169,0.26487
6495.59444,0.26493
6491.73720,0.26499
6487.87996,0.26498
6484.02272,0.26494
6480.16548,0.26491
6476.30824,0.26486
6472.45100,0.26472
6468.59375,0.26448
6464.73651,0.26418
6460.87927,0.26385
6457.02203,0.26356
6453.16479,0.26332
6449.30755,0.26307
6445.45031,0.26276
6441.59306,0.26238
6437.73582,0.26198
6433.87858,0.26159
6430.02134,0.26122
6426.16410,0.26077
6422.30686,0.26031
6418.44962,0.25990
6414.59238,0.25952
6410.73513,0.25920
6406.87789,0.25894
6403.02065,0.25865
6399.16341,0.25835
6395.30617,0.25814
6391.44893,0.25800
6387.59169,0.25784
6383.73444,0.25768
6379.87720,0.25749
6376.01996,0.25723
6372.16272,0.25691
6368.30548,0.25661
6364.44824,0.25638
6360.59100,0.25620
6356.73376,0.25601
6352.87651,0.25581
6349.01927,0.25558
6345.16203,0.25538
6341.30479,0.25535
6337.44755,0.25543
6333.59031,0.25547
6329.73307,0.25546
6325.87582,0.25540
6322.01858,0.25530
6318.16134,0.25518
6314.30410,0.25507
6310.44686,0.25495
6306.58962,0.25479
6302.73238,0.25459
6298.87513,0.25431
6295.01789,0.25394
6291.16065,0.25350
6287.30341,0.25298
6283.44617,0.25242
6279.58893,0.25177
6275.73169,0.25100
6271.87445,0.25015
6268.01720,0.24927
6264.15996,0.24842
6260.30272,0.24756
6256.44548,0.24660
6252.58824,0.24562
6248.73100,0.24467
6244.87376,0.24370
6241.01651,0.24268
6237.15927,0.24153
6233.30203,0.24030
6229.44479,0.23914
6225.58755,0.23811
6221.73031,0.23721
6217.87307,0.23651
6214.01582,0.23605
6210.15858,0.23583
6206.30134,0.23581
6202.44410,0.23589
6198.58686,0.23586
6194.72962,0.23543
6190.87238,0.23447
6187.01514,0.23314
6183.15789,0.23166
6179.30065,0.23028
6175.44341,0.22910
6171.58617,0.22815
6167.72893,0.22742
6163.87169,0.22694
6160.01445,0.22678
6156.15720,0.22696
6152.29996,0.22731
6148.44272,0.22764
6144.58548,0.22772
6140.72824,0.22742
6136.87100,0.22688
6133.01376,0.22633
6129.15652,0.22605
6125.29927,0.22625
6121.44203,0.22703
6117.58479,0.22838
6113.72755,0.23034
6109.87031,0.23295
6106.01307,0.23618
6102.15583,0.23994
6098.29858,0.24409
6094.44134,0.24841
6090.58410,0.25267
6086.72686,0.25668
6082.86962,0.26039
6079.01238,0.26401
6075.15514,0.26791
6071.29789,0.27255
6067.44065,0.27809
6063.58341,0.28422
6059.72617,0.29025
6055.86893,0.29566
6052.01169,0.30029
6048.15445,0.30443
6044.29721,0.30854
6040.43996,0.31306
6036.58272,0.31814
6032.72548,0.32348
6028.86824,0.32840
6025.01100,0.33225
6021.15376,0.33432
6017.29652,0.33394
6013.43927,0.33093
6009.58203,0.32572
6005.72479,0.31903
6001.86755,0.31162
5998.01031,0.30428
5994.15307,0.29784
5990.29583,0.29281
5986.43858,0.28929
5982.58134,0.28696
5978.72410,0.28514
5974.86686,0.28288
5971.00962,0.27963
5967.15238,0.27579
5963.29514,0.27225
5959.43790,0.26960
5955.58065,0.26793
5951.72341,0.26708
5947.86617,0.26668
5944.00893,0.26615
5940.15169,0.26490
5936.29445,0.26257
5932.43721,0.25920
5928.57996,0.25527
5924.72272,0.25135
5920.86548,0.24774
5917.00824,0.24451
5913.15100,0.24183
5909.29376,0.23995
5905.43652,0.23898
5901.57927,0.23901
5897.72203,0.24003
5893.86479,0.24189
5890.00755,0.24430
5886.15031,0.24700
5882.29307,0.24970
5878.43583,0.25218
5874.57859,0.25443
5870.72134,0.25638
5866.86410,0.25782
5863.00686,0.25851
5859.14962,0.25844
5855.29238,0.25778
5851.43514,0.25683
5847.57790,0.25591
5843.72065,0.25520
5839.86341,0.25472
5836.00617,0.25447
5832.14893,0.25445
5828.29169,0.25463
5824.43445,0.25486
5820.57721,0.25511
5816.71997,0.25539
5812.86272,0.25565
5809.00548,0.25579
5805.14824,0.25575
5801.29100,0.25560
5797.43376,0.25536
5793.57652,0.25504
5789.71928,0.25474
5785.86203,0.25450
5782.00479,0.25426
5778.14755,0.25397
5774.29031,0.25364
5770.43307,0.25316
5766.57583,0.25243
5762.71859,0.25145
5758.86134,0.25023
5755.00410,0.24881
5751.14686,0.24724
5747.28962,0.24554
5743.43238,0.24381
5739.57514,0.24219
5735.71790,0.24077
5731.86066,0.23956
5728.00341,0.23861
5724.14617,0.23803
5720.28893,0.23785
5716.43169,0.23794
5712.57445,0.23814
5708.71721,0.23836
5704.85997,0.23845
5701.00272,0.23839
5697.14548,0.23826
5693.28824,0.23808
5689.43100,0.23785
5685.57376,0.23762
5681.71652,0.23746
5677.85928,0.23743
5674.00203,0.23760
5670.14479,0.23798
5666.28755,0.23852
5662.43031,0.23912
5658.57307,0.23960
5654.71583,0.23983
5650.85859,0.23976
5647.00135,0.23937
5643.14410,0.23871
5639.28686,0.23790
5635.42962,0.23701
5631.57238,0.23612
5627.71514,0.23533
5623.85790,0.23475
5620.00066,0.23437
5616.14341,0.23417
5612.28617,0.23415
5608.42893,0.23419
5604.57169,0.23429
5600.71445,0.23448
5596.85721,0.23477
5592.99997,0.23516
5589.14273,0.23567
5585.28548,0.23620
5581.42824,0.23673
5577.57100,0.23728
5573.71376,0.23780
5569.85652,0.23821
5565.99928,0.23850
5562.14204,0.23863
5558.28479,0.23856
5554.42755,0.23842
5550.57031,0.23835
5546.71307,0.23835
5542.85583,0.23837
5538.99859,0.23834
5535.14135,0.23828
5531.28410,0.23819
5527.42686,0.23805
5523.56962,0.23783
5519.71238,0.23754
5515.85514,0.23718
5511.99790,0.23686
5508.14066,0.23671
5504.28342,0.23679
5500.42617,0.23702
5496.56893,0.23740
5492.71169,0.23797
5488.85445,0.23861
5484.99721,0.23906
5481.13997,0.23922
5477.28273,0.23912
5473.42548,0.23877
5469.56824,0.23821
5465.71100,0.23752
5461.85376,0.23668
5457.99652,0.23571
5454.13928,0.23460
5450.28204,0.23333
5446.42479,0.23189
5442.56755,0.23033
5438.71031,0.22879
5434.85307,0.22735
5430.99583,0.22604
5427.13859,0.22492
5423.28135,0.22403
5419.42411,0.22329
5415.56686,0.22269
5411.70962,0.22228
5407.85238,0.22208
5403.99514,0.22193
5400.13790,0.22176
5396.28066,0.22163
5392.42342,0.22155
5388.56617,0.22152
5384.70893,0.22157
5380.85169,0.22172
5376.99445,0.22205
5373.13721,0.22259
5369.27997,0.22318
5365.42273,0.22378
5361.56549,0.22446
5357.70824,0.22517
5353.85100,0.22591
5349.99376,0.22663
5346.13652,0.22727
5342.27928,0.22788
5338.42204,0.22859
5334.56480,0.22943
5330.70755,0.23035
5326.85031,0.23150
5322.99307,0.23299
5319.13583,0.23481
5315.27859,0.23703
5311.42135,0.23962
5307.56411,0.24259
5303.70686,0.24595
5299.84962,0.24964
5295.99238,0.25370
5292.13514,0.25833
5288.27790,0.26368
5284.42066,0.26956
5280.56342,0.27591
5276.70618,0.28271
5272.84893,0.28971
5268.99169,0.29678
5265.13445,0.30395
5261.27721,0.31083
5257.41997,0.31692
5253.56273,0.32231
5249.70549,0.32719
5245.84824,0.33173
5241.99100,0.33573
5238.13376,0.33895
5234.27652,0.34166
5230.41928,0.34408
5226.56204,0.34623
5222.70480,0.34807
5218.84755,0.34964
5214.99031,0.35085
5211.13307,0.35173
5207.27583,0.35262
5203.41859,0.35353
5199.56135,0.35422
5195.70411,0.35470
5191.84687,0.35508
5187.98962,0.35534
5184.13238,0.35548
5180.27514,0.35552
5176.41790,0.35544
5172.56066,0.35527
5168.70342,0.35498
5164.84618,0.35458
5160.98893,0.35415
5157.13169,0.35369
5153.27445,0.35315
5149.41721,0.35255
5145.55997,0.35188
5141.70273,0.35115
5137.84549,0.35042
5133.98825,0.34972
5130.13100,0.34901
5126.27376,0.34825
5122.41652,0.34730
5118.55928,0.34591
5114.70204,0.34390
5110.84480,0.34132
5106.98756,0.33840
5103.13031,0.33537
5099.27307,0.33239
5095.41583,0.32952
5091.55859,0.32682
5087.70135,0.32438
5083.84411,0.32216
5079.98687,0.32005
5076.12962,0.31804
5072.27238,0.31610
5068.41514,0.31422
5064.55790,0.31238
5060.70066,0.31062
5056.84342,0.30899
5052.98618,0.30749
5049.12894,0.30601
5045.27169,0.30457
5041.41445,0.30326
5037.55721,0.30202
5033.69997,0.30078
5029.84273,0.29959
5025.98549,0.29848
5022.12825,0.29743
5018.27100,0.29641
5014.41376,0.29545
5010.55652,0.29457
5006.69928,0.29372
5002.84204,0.29282
4998.98480,0.29193
4995.12756,0.29114
4991.27031,0.29046
4987.41307,0.28987
4983.55583,0.28944
4979.69859,0.28923
4975.84135,0.28927
4971.98411,0.28947
4968.12687,0.28978
4964.26963,0.29035
4960.41238,0.29121
4956.55514,0.29223
4952.69790,0.29341
4948.84066,0.29483
4944.98342,0.29646
4941.12618,0.29823
4937.26894,0.30011
4933.41169,0.30206
4929.55445,0.30413
4925.69721,0.30639
4921.83997,0.30879
4917.98273,0.31136
4914.12549,0.31409
4910.26825,0.31693
4906.41101,0.31993
4902.55376,0.32311
4898.69652,0.32645
4894.83928,0.32993
4890.98204,0.33354
4887.12480,0.33727
4883.26756,0.34107
4879.41032,0.34491
4875.55307,0.34867
4871.69583,0.35229
4867.83859,0.35578
4863.98135,0.35917
4860.12411,0.36243
4856.26687,0.36559
4852.40963,0.36880
4848.55238,0.37227
4844.69514,0.37600
4840.83790,0.37990
4836.98066,0.38399
4833.12342,0.38829
4829.26618,0.39266
4825.40894,0.39693
4821.55170,0.40101
4817.69445,0.40480
4813.83721,0.40831
4809.97997,0.41156
4806.12273,0.41447
4802.26549,0.41700
4798.40825,0.41914
4794.55101,0.42090
4790.69376,0.42223
4786.83652,0.42318
4782.97928,0.42385
4779.12204,0.42442
4775.26480,0.42504
4771.40756,0.42576
4767.55032,0.42669
4763.69307,0.42803
4759.83583,0.42984
4755.97859,0.43201
4752.12135,0.43433
4748.26411,0.43654
4744.40687,0.43848
4740.54963,0.44015
4736.69239,0.44193
4732.83514,0.44437
4728.97790,0.44752
4725.12066,0.45074
4721.26342,0.45316
4717.40618,0.45427
4713.54894,0.45446
4709.69170,0.45493
4705.83445,0.45687
4701.97721,0.46062
4698.11997,0.46539
4694.26273,0.46930
4690.40549,0.47027
4686.54825,0.46733
4682.69101,0.46097
4678.83377,0.45256
4674.97652,0.44381
4671.11928,0.43642
4667.26204,0.43119
4663.40480,0.42784
4659.54756,0.42574
4655.69032,0.42479
4651.83308,0.42544
4647.97583,0.42803
4644.11859,0.43213
4640.26135,0.43637
4636.40411,0.43856
4632.54687,0.43671
4628.68963,0.43037
4624.83239,0.42112
4620.97514,0.41140
4617.11790,0.40315
4613.26066,0.39714
4609.40342,0.39344
4605.54618,0.39185
4601.68894,0.39223
4597.83170,0.39412
4593.97446,0.39648
4590.11721,0.39843
4586.25997,0.39994
4582.40273,0.40069
4578.54549,0.39914
4574.68825,0.39401
4570.83101,0.38616
4566.97377,0.37800
4563.11652,0.37158
4559.25928,0.36746
4555.40204,0.36504
4551.54480,0.36354
4547.68756,0.36248
4543.83032,0.36161
4539.97308,0.36085
4536.11583,0.36033
4532.25859,0.36020
4528.40135,0.36048
4524.54411,0.36126
4520.68687,0.36263
4516.82963,0.36464
4512.97239,0.36746
4509.11515,0.37141
4505.25790,0.37678
4501.40066,0.38375
4497.54342,0.39211
4493.68618,0.40085
4489.82894,0.40850
4485.97170,0.41448
4482.11446,0.41953
4478.25721,0.42510
4474.39997,0.43263
4470.54273,0.44316
4466.68549,0.45663
4462.82825,0.47094
4458.97101,0.48255
4455.11377,0.48950
4451.25653,0.49334
4447.39928,0.49709
4443.54204,0.50213
4439.68480,0.50782
4435.82756,0.51267
4431.97032,0.51516
4428.11308,0.51447
4424.25584,0.51130
4420.39859,0.50786
4416.54135,0.50625
4412.68411,0.50713
4408.82687,0.50957
4404.96963,0.51171
4401.11239,0.51182
4397.25515,0.50942
4393.39790,0.50531
4389.54066,0.50059
4385.68342,0.49608
4381.82618,0.49232
4377.96894,0.48950
4374.11170,0.48764
4370.25446,0.48680
4366.39722,0.48715
4362.53997,0.48848
4358.68273,0.49016
4354.82549,0.49180
4350.96825,0.49362
4347.11101,0.49601
4343.25377,0.49895
4339.39653,0.50206
4335.53928,0.50483
4331.68204,0.50717
4327.82480,0.50945
4323.96756,0.51196
4320.11032,0.51477
4316.25308,0.51814
4312.39584,0.52244
4308.53859,0.52771
4304.68135,0.53351
4300.82411,0.53913
4296.96687,0.54391
4293.10963,0.54741
4289.25239,0.54943
4285.39515,0.55006
4281.53791,0.54977
4277.68066,0.54903
4273.82342,0.54792
4269.96618,0.54626
4266.10894,0.54412
4262.25170,0.54204
4258.39446,0.54069
4254.53722,0.54029
4250.67997,0.54055
4246.82273,0.54082
4242.96549,0.54036
4239.10825,0.53898
4235.25101,0.53734
4231.39377,0.53614
4227.53653,0.53523
4223.67929,0.53393
4219.82204,0.53179
4215.96480,0.52896
4212.10756,0.52604
4208.25032,0.52344
4204.39308,0.52122
4200.53584,0.51938
4196.67860,0.51833
4192.82135,0.51876
4188.96411,0.52110
4185.10687,0.52508
4181.24963,0.52926
4177.39239,0.53118
4173.53515,0.52921
4169.67791,0.52402
4165.82066,0.51785
4161.96342,0.51270
4158.10618,0.50948
4154.24894,0.50820
4150.39170,0.50853
4146.53446,0.51040
4142.67722,0.51374
4138.81998,0.51796
4134.96273,0.52215
4131.10549,0.52566
4127.24825,0.52849
4123.39101,0.53136
4119.53377,0.53515
4115.67653,0.54044
4111.81929,0.54747
4107.96204,0.55650
4104.10480,0.56816
4100.24756,0.58333
4096.39032,0.60097
4092.53308,0.61576
4088.67584,0.62172
4084.81860,0.61818
4080.96135,0.60901
4077.10411,0.59856
4073.24687,0.59021
4069.38963,0.58540
4065.53239,0.58360
4061.67515,0.58387
4057.81791,0.58565
4053.96067,0.58843
4050.10342,0.59157
4046.24618,0.59446
4042.38894,0.59678
4038.53170,0.59856
4034.67446,0.59993
4030.81722,0.60091
4026.95998,0.60153
4023.10273,0.60181
4019.24549,0.60172
4015.38825,0.60110
4011.53101,0.59975
4007.67377,0.59771
4003.81653,0.59530
3999.95929,0.59265
3996.10205,0.58962
3992.24480,0.58639
3988.38756,0.58351
3984.53032,0.58129
3980.67308,0.57967
3976.81584,0.57825
3972.95860,0.57673
3969.10136,0.57490
3965.24411,0.57255
3961.38687,0.56968
3957.52963,0.56679
3953.67239,0.56409
3949.81515,0.56119
3945.95791,0.55813
3942.10067,0.55524
3938.24342,0.55262
3934.38618,0.55005
3930.52894,0.54758
3926.67170,0.54556
3922.81446,0.54378
3918.95722,0.54182
3915.09998,0.53979
3911.24274,0.53776
3907.38549,0.53523
3903.52825,0.53157
3899.67101,0.52769
3895.81377,0.52469
3891.95653,0.52195
3888.09929,0.51935
3884.24205,0.51722
3880.38480,0.51568
3876.52756,0.51428
3872.67032,0.51203
3868.81308,0.50872
3864.95584,0.50528
3861.09860,0.50235
3857.24136,0.49958
3853.38411,0.49634
3849.52687,0.49410
3845.66963,0.49302
3841.81239,0.49172
3837.95515,0.49034
3834.09791,0.48986
3830.24067,0.48993
3826.38343,0.49016
3822.52618,0.49103
3818.66894,0.49354
3814.81170,0.49697
3810.95446,0.49949
3807.09722,0.50059
3803.23998,0.50011
3799.38274,0.49853
3795.52549,0.49719
3791.66825,0.49654
3787.81101,0.49645
3783.95377,0.49705
3780.09653,0.49859
3776.23929,0.50078
3772.38205,0.50328
3768.52481,0.50636
3764.66756,0.50969
3760.81032,0.51229
3756.95308,0.51354
3753.09584,0.51294
3749.23860,0.51113
3745.38136,0.51092
3741.52412,0.51289
3737.66687,0.51651
3733.80963,0.52183
3729.95239,0.52605
3726.09515,0.52834
3722.23791,0.53085
3718.38067,0.53444
3714.52343,0.53941
3710.66618,0.54763
3706.80894,0.55819
3702.95170,0.56981
3699.09446,0.58366
3695.23722,0.59890
3691.37998,0.61904
3687.52274,0.64512
3683.66550,0.66409
3679.80825,0.67687
3675.95101,0.69348
3672.09377,0.71966
3668.23653,0.74774
3664.37929,0.77038
3660.52205,0.78967
3656.66481,0.80895
3652.80756,0.82983
3648.95032,0.85557
3645.09308,0.88095
3641.23584,0.89823
3637.37860,0.91304
3633.52136,0.92643
3629.66412,0.93806
3625.80687,0.95108
3621.94963,0.96297
3618.09239,0.97397
3614.23515,0.98283
3610.37791,0.99121
3606.52067,0.99903
3602.66343,1.00487
3598.80619,1.01362
