12493.60475,0.13945
12489.74751,0.14076
12485.89027,0.14163
12482.03303,0.14001
12478.17579,0.13792
12474.31855,0.13795
12470.46130,0.13858
12466.60406,0.13788
12462.74682,0.13725
12458.88958,0.13738
12455.03234,0.13858
12451.17510,0.14101
12447.31786,0.14202
12443.46062,0.14159
12439.60337,0.14288
12435.74613,0.14466
12431.88889,0.14395
12428.03165,0.14164
12424.17441,0.13951
12420.31717,0.13847
12416.45993,0.13953
12412.60268,0.14121
12408.74544,0.14109
12404.88820,0.14095
12401.03096,0.14308
12397.17372,0.14457
12393.31648,0.14300
12389.45924,0.14092
12385.60199,0.13910
12381.74475,0.13783
12377.88751,0.13982
12374.03027,0.14267
12370.17303,0.14242
12366.31579,0.14002
12362.45855,0.13760
12358.60131,0.13632
12354.74406,0.13694
12350.88682,0.13932
12347.02958,0.14106
12343.17234,0.14027
12339.31510,0.13876
12335.45786,0.13808
12331.60062,0.13809
12327.74337,0.13895
12323.88613,0.13987
12320.02889,0.13996
12316.17165,0.14040
12312.31441,0.14220
12308.45717,0.14304
12304.59993,0.14073
12300.74268,0.13820
12296.88544,0.13922
12293.02820,0.14175
12289.17096,0.14202
12285.31372,0.14045
12281.45648,0.13965
12277.59924,0.13978
12273.74200,0.13898
12269.88475,0.13819
12266.02751,0.13891
12262.17027,0.13928
12258.31303,0.13786
12254.45579,0.13548
12250.59855,0.13435
12246.74131,0.13660
12242.88406,0.14015
12239.02682,0.14093
12235.16958,0.13951
12231.31234,0.13917
12227.45510,0.13975
12223.59786,0.13911
12219.74062,0.13790
12215.88338,0.13809
12212.02613,0.13868
12208.16889,0.13733
12204.31165,0.13524
12200.45441,0.13444
12196.59717,0.13376
12192.73993,0.13317
12188.88269,0.13357
12185.02544,0.13405
12181.16820,0.13533
12177.31096,0.13766
12173.45372,0.13837
12169.59648,0.13739
12165.73924,0.13763
12161.88200,0.13897
12158.02475,0.13952
12154.16751,0.13934
12150.31027,0.13909
12146.45303,0.13903
12142.59579,0.13858
12138.73855,0.13716
12134.88131,0.13599
12131.02407,0.13617
12127.16682,0.13746
12123.30958,0.13874
12119.45234,0.13834
12115.59510,0.13742
12111.73786,0.13858
12107.88062,0.13961
12104.02338,0.13811
12100.16613,0.13717
12096.30889,0.13771
12092.45165,0.13685
12088.59441,0.13551
12084.73717,0.13603
12080.87993,0.13794
12077.02269,0.14016
12073.16544,0.14043
12069.30820,0.13732
12065.45096,0.13475
12061.59372,0.13647
12057.73648,0.13912
12053.87924,0.13907
12050.02200,0.13742
12046.16476,0.13552
12042.30751,0.13436
12038.45027,0.13432
12034.59303,0.13439
12030.73579,0.13456
12026.87855,0.13541
12023.02131,0.13632
12019.16407,0.13755
12015.30682,0.14020
12011.44958,0.14190
12007.59234,0.14000
12003.73510,0.13681
11999.87786,0.13566
11996.02062,0.13710
11992.16338,0.13937
11988.30614,0.14021
11984.44889,0.13964
11980.59165,0.13902
11976.73441,0.13923
11972.87717,0.14042
11969.01993,0.14135
11965.16269,0.14093
11961.30545,0.14045
11957.44820,0.14136
11953.59096,0.14181
11949.73372,0.14023
11945.87648,0.13914
11942.01924,0.14028
11938.16200,0.14126
11934.30476,0.14053
11930.44751,0.14009
11926.59027,0.14137
11922.73303,0.14292
11918.87579,0.14277
11915.01855,0.14036
11911.16131,0.13751
11907.30407,0.13704
11903.44683,0.13919
11899.58958,0.14189
11895.73234,0.14340
11891.87510,0.14372
11888.01786,0.14349
11884.16062,0.14284
11880.30338,0.14245
11876.44614,0.14278
11872.58889,0.14309
11868.73165,0.14254
11864.87441,0.14112
11861.01717,0.14002
11857.15993,0.14024
11853.30269,0.14151
11849.44545,0.14312
11845.58820,0.14404
11841.73096,0.14366
11837.87372,0.14312
11834.01648,0.14376
11830.15924,0.14534
11826.30200,0.14694
11822.44476,0.14712
11818.58752,0.14540
11814.73027,0.14414
11810.87303,0.14486
11807.01579,0.14623
11803.15855,0.14698
11799.30131,0.14691
11795.44407,0.14620
11791.58683,0.14565
11787.72958,0.14565
11783.87234,0.14520
11780.01510,0.14434
11776.15786,0.14479
11772.30062,0.14611
11768.44338,0.14624
11764.58614,0.14556
11760.72890,0.14518
11756.87165,0.14485
11753.01441,0.14509
11749.15717,0.14621
11745.29993,0.14621
11741.44269,0.14375
11737.58545,0.14141
11733.72821,0.14111
11729.87096,0.14121
11726.01372,0.14189
11722.15648,0.14426
11718.29924,0.14582
11714.44200,0.14509
11710.58476,0.14396
11706.72752,0.14366
11702.87027,0.14454
11699.01303,0.14623
11695.15579,0.14666
11691.29855,0.14515
11687.44131,0.14399
11683.58407,0.14457
11679.72683,0.14576
11675.86959,0.14669
11672.01234,0.14710
11668.15510,0.14656
11664.29786,0.14588
11660.44062,0.14581
11656.58338,0.14625
11652.72614,0.14692
11648.86890,0.14659
11645.01165,0.14511
11641.15441,0.14389
11637.29717,0.14334
11633.43993,0.14310
11629.58269,0.14334
11625.72545,0.14424
11621.86821,0.14518
11618.01096,0.14492
11614.15372,0.14353
11610.29648,0.14309
11606.43924,0.14478
11602.58200,0.14623
11598.72476,0.14567
11594.86752,0.14466
11591.01028,0.14434
11587.15303,0.14423
11583.29579,0.14431
11579.43855,0.14487
11575.58131,0.14547
11571.72407,0.14504
11567.86683,0.14320
11564.00959,0.14130
11560.15234,0.14143
11556.29510,0.14357
11552.43786,0.14578
11548.58062,0.14606
11544.72338,0.14374
11540.86614,0.14137
11537.00890,0.14246
11533.15166,0.14541
11529.29441,0.14585
11525.43717,0.14420
11521.57993,0.14413
11517.72269,0.14596
11513.86545,0.14733
11510.00821,0.14715
11506.15097,0.14661
11502.29372,0.14714
11498.43648,0.14760
11494.57924,0.14624
11490.72200,0.14496
11486.86476,0.14623
11483.00752,0.14781
11479.15028,0.14718
11475.29303,0.14574
11471.43579,0.14529
11467.57855,0.14571
11463.72131,0.14562
11459.86407,0.14444
11456.00683,0.14406
11452.14959,0.14574
11448.29235,0.14686
11444.43510,0.14490
11440.57786,0.14249
11436.72062,0.14225
11432.86338,0.14202
11429.00614,0.14074
11425.14890,0.14020
11421.29166,0.14090
11417.43441,0.14141
11413.57717,0.14022
11409.71993,0.13845
11405.86269,0.13889
11402.00545,0.14152
11398.14821,0.14356
11394.29097,0.14337
11390.43372,0.14223
11386.57648,0.14165
11382.71924,0.14162
11378.86200,0.14173
11375.00476,0.14138
11371.14752,0.14053
11367.29028,0.13995
11363.43304,0.14029
11359.57579,0.14224
11355.71855,0.14448
11351.86131,0.14454
11348.00407,0.14316
11344.14683,0.14221
11340.28959,0.14167
11336.43235,0.14127
11332.57510,0.14114
11328.71786,0.14145
11324.86062,0.14199
11321.00338,0.14193
11317.14614,0.14072
11313.28890,0.13926
11309.43166,0.13908
11305.57442,0.14024
11301.71717,0.14151
11297.85993,0.14196
11294.00269,0.14180
11290.14545,0.14222
11286.28821,0.14366
11282.43097,0.14466
11278.57373,0.14379
11274.71648,0.14210
11270.85924,0.14112
11267.00200,0.14041
11263.14476,0.14025
11259.28752,0.14127
11255.43028,0.14176
11251.57304,0.14109
11247.71579,0.14087
11243.85855,0.14114
11240.00131,0.14068
11236.14407,0.14000
11232.28683,0.14032
11228.42959,0.14153
11224.57235,0.14267
11220.71511,0.14283
11216.85786,0.14199
11213.00062,0.14104
11209.14338,0.14065
11205.28614,0.14104
11201.42890,0.14155
11197.57166,0.14125
11193.71442,0.14065
11189.85717,0.14080
11185.99993,0.14148
11182.14269,0.14138
11178.28545,0.14055
11174.42821,0.14020
11170.57097,0.14038
11166.71373,0.14054
11162.85648,0.14046
11158.99924,0.14005
11155.14200,0.13955
11151.28476,0.13893
11147.42752,0.13841
11143.57028,0.13878
11139.71304,0.14014
11135.85580,0.14131
11131.99855,0.14163
11128.14131,0.14207
11124.28407,0.14291
11120.42683,0.14281
11116.56959,0.14149
11112.71235,0.14032
11108.85511,0.14034
11104.99786,0.14106
11101.14062,0.14131
11097.28338,0.14114
11093.42614,0.14115
11089.56890,0.14144
11085.71166,0.14200
11081.85442,0.14233
11077.99718,0.14213
11074.13993,0.14183
11070.28269,0.14191
11066.42545,0.14244
11062.56821,0.14285
11058.71097,0.14228
11054.85373,0.14084
11050.99649,0.13985
11047.13924,0.14016
11043.28200,0.14137
11039.42476,0.14270
11035.56752,0.14307
11031.71028,0.14245
11027.85304,0.14212
11023.99580,0.14198
11020.13855,0.14165
11016.28131,0.14184
11012.42407,0.14236
11008.56683,0.14276
11004.70959,0.14292
11000.85235,0.14222
10996.99511,0.14098
10993.13787,0.14064
10989.28062,0.14155
10985.42338,0.14249
10981.56614,0.14240
10977.70890,0.14165
10973.85166,0.14129
10969.99442,0.14150
10966.13718,0.14174
10962.27993,0.14148
10958.42269,0.14055
10954.56545,0.13983
10950.70821,0.14028
10946.85097,0.14124
10942.99373,0.14153
10939.13649,0.14130
10935.27924,0.14097
10931.42200,0.14028
10927.56476,0.13953
10923.70752,0.13939
10919.85028,0.13970
10915.99304,0.13973
10912.13580,0.13911
10908.27856,0.13827
10904.42131,0.13798
10900.56407,0.13787
10896.70683,0.13742
10892.84959,0.13739
10888.99235,0.13800
10885.13511,0.13809
10881.27787,0.13751
10877.42062,0.13762
10873.56338,0.13881
10869.70614,0.13967
10865.84890,0.13908
10861.99166,0.13794
10858.13442,0.13744
10854.27718,0.13744
10850.41993,0.13743
10846.56269,0.13720
10842.70545,0.13698
10838.84821,0.13727
10834.99097,0.13814
10831.13373,0.13888
10827.27649,0.13866
10823.41925,0.13755
10819.56200,0.13696
10815.70476,0.13775
10811.84752,0.13883
10807.99028,0.13935
10804.13304,0.13939
10800.27580,0.13889
10796.41856,0.13828
10792.56131,0.13798
10788.70407,0.13804
10784.84683,0.13834
10780.98959,0.13867
10777.13235,0.13881
10773.27511,0.13840
10769.41787,0.13753
10765.56063,0.13703
10761.70338,0.13718
10757.84614,0.13768
10753.98890,0.13813
10750.13166,0.13784
10746.27442,0.13682
10742.41718,0.13637
10738.55994,0.13692
10734.70269,0.13748
10730.84545,0.13774
10726.98821,0.13790
10723.13097,0.13758
10719.27373,0.13680
10715.41649,0.13645
10711.55925,0.13678
10707.70200,0.13733
10703.84476,0.13792
10699.98752,0.13813
10696.13028,0.13774
10692.27304,0.13748
10688.41580,0.13763
10684.55856,0.13748
10680.70132,0.13708
10676.84407,0.13684
10672.98683,0.13643
10669.12959,0.13587
10665.27235,0.13592
10661.41511,0.13682
10657.55787,0.13781
10653.70063,0.13830
10649.84338,0.13826
10645.98614,0.13769
10642.12890,0.13687
10638.27166,0.13642
10634.41442,0.13652
10630.55718,0.13689
10626.69994,0.13705
10622.84269,0.13646
10618.98545,0.13563
10615.12821,0.13603
10611.27097,0.13721
10607.41373,0.13719
10603.55649,0.13593
10599.69925,0.13491
10595.84201,0.13476
10591.98476,0.13535
10588.12752,0.13613
10584.27028,0.13654
10580.41304,0.13673
10576.55580,0.13699
10572.69856,0.13716
10568.84132,0.13713
10564.98407,0.13675
10561.12683,0.13596
10557.26959,0.13528
10553.41235,0.13514
10549.55511,0.13501
10545.69787,0.13468
10541.84063,0.13450
10537.98339,0.13428
10534.12614,0.13396
10530.26890,0.13376
10526.41166,0.13358
10522.55442,0.13350
10518.69718,0.13384
10514.83994,0.13421
10510.98270,0.13418
10507.12545,0.13400
10503.26821,0.13390
10499.41097,0.13395
10495.55373,0.13403
10491.69649,0.13382
10487.83925,0.13334
10483.98201,0.13289
10480.12476,0.13280
10476.26752,0.13310
10472.41028,0.13330
10468.55304,0.13311
10464.69580,0.13270
10460.83856,0.13245
10456.98132,0.13288
10453.12408,0.13386
10449.26683,0.13432
10445.40959,0.13396
10441.55235,0.13377
10437.69511,0.13393
10433.83787,0.13371
10429.98063,0.13314
10426.12339,0.13318
10422.26614,0.13406
10418.40890,0.13472
10414.55166,0.13461
10410.69442,0.13424
10406.83718,0.13394
10402.97994,0.13384
10399.12270,0.13405
10395.26545,0.13439
10391.40821,0.13460
10387.55097,0.13455
10383.69373,0.13435
10379.83649,0.13421
10375.97925,0.13433
10372.12201,0.13456
10368.26477,0.13442
10364.40752,0.13397
10360.55028,0.13384
10356.69304,0.13420
10352.83580,0.13465
10348.97856,0.13478
10345.12132,0.13441
10341.26408,0.13404
10337.40683,0.13414
10333.54959,0.13439
10329.69235,0.13441
10325.83511,0.13419
10321.97787,0.13428
10318.12063,0.13501
10314.26339,0.13537
10310.40615,0.13467
10306.54890,0.13377
10302.69166,0.13350
10298.83442,0.13377
10294.97718,0.13421
10291.11994,0.13467
10287.26270,0.13499
10283.40546,0.13501
10279.54821,0.13471
10275.69097,0.13455
10271.83373,0.13488
10267.97649,0.13523
10264.11925,0.13542
10260.26201,0.13590
10256.40477,0.13632
10252.54752,0.13609
10248.69028,0.13555
10244.83304,0.13539
10240.97580,0.13566
10237.11856,0.13608
10233.26132,0.13661
10229.40408,0.13695
10225.54684,0.13685
10221.68959,0.13658
10217.83235,0.13645
10213.97511,0.13638
10210.11787,0.13615
10206.26063,0.13610
10202.40339,0.13644
10198.54615,0.13647
10194.68890,0.13607
10190.83166,0.13595
10186.97442,0.13624
10183.11718,0.13655
10179.25994,0.13667
10175.40270,0.13672
10171.54546,0.13681
10167.68821,0.13684
10163.83097,0.13671
10159.97373,0.13653
10156.11649,0.13661
10152.25925,0.13691
10148.40201,0.13715
10144.54477,0.13744
10140.68753,0.13767
10136.83028,0.13755
10132.97304,0.13738
10129.11580,0.13743
10125.25856,0.13752
10121.40132,0.13725
10117.54408,0.13677
10113.68684,0.13688
10109.82959,0.13743
10105.97235,0.13748
10102.11511,0.13725
10098.25787,0.13743
10094.40063,0.13772
10090.54339,0.13755
10086.68615,0.13709
10082.82891,0.13683
10078.97166,0.13703
10075.11442,0.13750
10071.25718,0.13799
10067.39994,0.13827
10063.54270,0.13792
10059.68546,0.13719
10055.82822,0.13693
10051.97097,0.13736
10048.11373,0.13802
10044.25649,0.13847
10040.39925,0.13850
10036.54201,0.13830
10032.68477,0.13826
10028.82753,0.13848
10024.97028,0.13875
10021.11304,0.13885
10017.25580,0.13864
10013.39856,0.13835
10009.54132,0.13845
10005.68408,0.13876
10001.82684,0.13893
9997.96960,0.13907
9994.11235,0.13911
9990.25511,0.13886
9986.39787,0.13872
9982.54063,0.13897
9978.68339,0.13898
9974.82615,0.13833
9970.96891,0.13777
9967.11166,0.13790
9963.25442,0.13825
9959.39718,0.13834
9955.53994,0.13834
9951.68270,0.13838
9947.82546,0.13839
9943.96822,0.13840
9940.11097,0.13843
9936.25373,0.13845
9932.39649,0.13842
9928.53925,0.13838
9924.68201,0.13849
9920.82477,0.13863
9916.96753,0.13846
9913.11029,0.13826
9909.25304,0.13844
9905.39580,0.13879
9901.53856,0.13905
9897.68132,0.13910
9893.82408,0.13884
9889.96684,0.13850
9886.10960,0.13826
9882.25235,0.13797
9878.39511,0.13757
9874.53787,0.13736
9870.68063,0.13760
9866.82339,0.13817
9862.96615,0.13882
9859.10891,0.13923
9855.25167,0.13916
9851.39442,0.13879
9847.53718,0.13852
9843.67994,0.13835
9839.82270,0.13822
9835.96546,0.13816
9832.10822,0.13804
9828.25098,0.13783
9824.39373,0.13783
9820.53649,0.13835
9816.67925,0.13914
9812.82201,0.13957
9808.96477,0.13958
9805.10753,0.13940
9801.25029,0.13899
9797.39304,0.13846
9793.53580,0.13828
9789.67856,0.13837
9785.82132,0.13831
9781.96408,0.13822
9778.10684,0.13822
9774.24960,0.13819
9770.39236,0.13812
9766.53511,0.13807
9762.67787,0.13793
9758.82063,0.13763
9754.96339,0.13741
9751.10615,0.13755
9747.24891,0.13804
9743.39167,0.13855
9739.53442,0.13888
9735.67718,0.13887
9731.81994,0.13849
9727.96270,0.13798
9724.10546,0.13765
9720.24822,0.13759
9716.39098,0.13772
9712.53373,0.13789
9708.67649,0.13802
9704.81925,0.13793
9700.96201,0.13777
9697.10477,0.13780
9693.24753,0.13770
9689.39029,0.13720
9685.53305,0.13691
9681.67580,0.13688
9677.81856,0.13649
9673.96132,0.13605
9670.10408,0.13616
9666.24684,0.13656
9662.38960,0.13679
9658.53236,0.13689
9654.67511,0.13702
9650.81787,0.13695
9646.96063,0.13646
9643.10339,0.13604
9639.24615,0.13605
9635.38891,0.13625
9631.53167,0.13651
9627.67443,0.13680
9623.81718,0.13683
9619.95994,0.13649
9616.10270,0.13605
9612.24546,0.13583
9608.38822,0.13587
9604.53098,0.13593
9600.67374,0.13586
9596.81649,0.13582
9592.95925,0.13603
9589.10201,0.13625
9585.24477,0.13619
9581.38753,0.13601
9577.53029,0.13576
9573.67305,0.13546
9569.81580,0.13529
9565.95856,0.13526
9562.10132,0.13529
9558.24408,0.13540
9554.38684,0.13544
9550.52960,0.13528
9546.67236,0.13515
9542.81512,0.13535
9538.95787,0.13569
9535.10063,0.13583
9531.24339,0.13575
9527.38615,0.13557
9523.52891,0.13527
9519.67167,0.13498
9515.81443,0.13488
9511.95718,0.13477
9508.09994,0.13442
9504.24270,0.13431
9500.38546,0.13471
9496.52822,0.13515
9492.67098,0.13524
9488.81374,0.13498
9484.95649,0.13461
9481.09925,0.13435
9477.24201,0.13419
9473.38477,0.13419
9469.52753,0.13439
9465.67029,0.13461
9461.81305,0.13463
9457.95581,0.13445
9454.09856,0.13417
9450.24132,0.13385
9446.38408,0.13368
9442.52684,0.13379
9438.66960,0.13396
9434.81236,0.13398
9430.95512,0.13388
9427.09787,0.13368
9423.24063,0.13345
9419.38339,0.13345
9415.52615,0.13360
9411.66891,0.13354
9407.81167,0.13346
9403.95443,0.13366
9400.09719,0.13384
9396.23994,0.13369
9392.38270,0.13341
9388.52546,0.13338
9384.66822,0.13366
9380.81098,0.13386
9376.95374,0.13368
9373.09650,0.13334
9369.23925,0.13316
9365.38201,0.13320
9361.52477,0.13327
9357.66753,0.13332
9353.81029,0.13337
9349.95305,0.13345
9346.09581,0.13358
9342.23856,0.13366
9338.38132,0.13358
9334.52408,0.13341
9330.66684,0.13336
9326.80960,0.13342
9322.95236,0.13340
9319.09512,0.13328
9315.23788,0.13321
9311.38063,0.13324
9307.52339,0.13319
9303.66615,0.13294
9299.80891,0.13270
9295.95167,0.13268
9292.09443,0.13286
9288.23719,0.13295
9284.37994,0.13284
9280.52270,0.13284
9276.66546,0.13316
9272.80822,0.13343
9268.95098,0.13335
9265.09374,0.13321
9261.23650,0.13323
9257.37925,0.13325
9253.52201,0.13312
9249.66477,0.13288
9245.80753,0.13278
9241.95029,0.13283
9238.09305,0.13285
9234.23581,0.13291
9230.37857,0.13304
9226.52132,0.13309
9222.66408,0.13296
9218.80684,0.13284
9214.94960,0.13282
9211.09236,0.13277
9207.23512,0.13272
9203.37788,0.13277
9199.52063,0.13287
9195.66339,0.13306
9191.80615,0.13326
9187.94891,0.13322
9184.09167,0.13304
9180.23443,0.13294
9176.37719,0.13296
9172.51995,0.13290
9168.66270,0.13273
9164.80546,0.13267
9160.94822,0.13300
9157.09098,0.13345
9153.23374,0.13351
9149.37650,0.13326
9145.51926,0.13315
9141.66201,0.13337
9137.80477,0.13376
9133.94753,0.13389
9130.09029,0.13358
9126.23305,0.13328
9122.37581,0.13344
9118.51857,0.13384
9114.66132,0.13401
9110.80408,0.13402
9106.94684,0.13415
9103.08960,0.13422
9099.23236,0.13410
9095.37512,0.13401
9091.51788,0.13398
9087.66064,0.13396
9083.80339,0.13411
9079.94615,0.13455
9076.08891,0.13506
9072.23167,0.13520
9068.37443,0.13503
9064.51719,0.13483
9060.65995,0.13476
9056.80270,0.13486
9052.94546,0.13514
9049.08822,0.13544
9045.23098,0.13567
9041.37374,0.13596
9037.51650,0.13636
9033.65926,0.13667
9029.80201,0.13677
9025.94477,0.13688
9022.08753,0.13728
9018.23029,0.13788
9014.37305,0.13840
9010.51581,0.13876
9006.65857,0.13902
9002.80133,0.13930
8998.94408,0.13970
8995.08684,0.14023
8991.22960,0.14082
8987.37236,0.14137
8983.51512,0.14182
8979.65788,0.14241
8975.80064,0.14318
8971.94339,0.14383
8968.08615,0.14443
8964.22891,0.14522
8960.37167,0.14612
8956.51443,0.14706
8952.65719,0.14800
8948.79995,0.14897
8944.94271,0.14998
8941.08546,0.15099
8937.22822,0.15207
8933.37098,0.15329
8929.51374,0.15446
8925.65650,0.15544
8921.79926,0.15640
8917.94202,0.15759
8914.08477,0.15904
8910.22753,0.16050
8906.37029,0.16193
8902.51305,0.16335
8898.65581,0.16472
8894.79857,0.16619
8890.94133,0.16795
8887.08408,0.16978
8883.22684,0.17138
8879.36960,0.17276
8875.51236,0.17399
8871.65512,0.17501
8867.79788,0.17575
8863.94064,0.17622
8860.08340,0.17647
8856.22615,0.17653
8852.36891,0.17647
8848.51167,0.17631
8844.65443,0.17580
8840.79719,0.17497
8836.93995,0.17415
8833.08271,0.17342
8829.22546,0.17262
8825.36822,0.17165
8821.51098,0.17048
8817.65374,0.16919
8813.79650,0.16779
8809.93926,0.16634
8806.08202,0.16496
8802.22477,0.16367
8798.36753,0.16242
8794.51029,0.16105
8790.65305,0.15952
8786.79581,0.15803
8782.93857,0.15672
8779.08133,0.15552
8775.22409,0.15437
8771.36684,0.15348
8767.50960,0.15286
8763.65236,0.15231
8759.79512,0.15184
8755.93788,0.15142
8752.08064,0.15100
8748.22340,0.15069
8744.36615,0.15057
8740.50891,0.15046
8736.65167,0.15029
8732.79443,0.15019
8728.93719,0.15019
8725.07995,0.15024
8721.22271,0.15039
8717.36547,0.15061
8713.50822,0.15075
8709.65098,0.15080
8705.79374,0.15089
8701.93650,0.15116
8698.07926,0.15157
8694.22202,0.15189
8690.36478,0.15201
8686.50753,0.15207
8682.65029,0.15219
8678.79305,0.15236
8674.93581,0.15249
8671.07857,0.15258
8667.22133,0.15271
8663.36409,0.15304
8659.50684,0.15345
8655.64960,0.15375
8651.79236,0.15406
8647.93512,0.15466
8644.07788,0.15539
8640.22064,0.15573
8636.36340,0.15571
8632.50616,0.15588
8628.64891,0.15642
8624.79167,0.15702
8620.93443,0.15742
8617.07719,0.15763
8613.21995,0.15780
8609.36271,0.15806
8605.50547,0.15841
8601.64822,0.15884
8597.79098,0.15942
8593.93374,0.16003
8590.07650,0.16054
8586.21926,0.16101
8582.36202,0.16137
8578.50478,0.16153
8574.64753,0.16175
8570.79029,0.16225
8566.93305,0.16278
8563.07581,0.16307
8559.21857,0.16324
8555.36133,0.16353
8551.50409,0.16393
8547.64685,0.16424
8543.78960,0.16443
8539.93236,0.16481
8536.07512,0.16535
8532.21788,0.16574
8528.36064,0.16598
8524.50340,0.16615
8520.64616,0.16634
8516.78891,0.16659
8512.93167,0.16674
8509.07443,0.16668
8505.21719,0.16671
8501.35995,0.16692
8497.50271,0.16696
8493.64547,0.16686
8489.78822,0.16687
8485.93098,0.16698
8482.07374,0.16705
8478.21650,0.16705
8474.35926,0.16702
8470.50202,0.16689
8466.64478,0.16662
8462.78754,0.16636
8458.93029,0.16626
8455.07305,0.16619
8451.21581,0.16597
8447.35857,0.16570
8443.50133,0.16554
8439.64409,0.16539
8435.78685,0.16508
8431.92960,0.16468
8428.07236,0.16439
8424.21512,0.16422
8420.35788,0.16406
8416.50064,0.16386
8412.64340,0.16370
8408.78616,0.16356
8404.92892,0.16327
8401.07167,0.16290
8397.21443,0.16267
8393.35719,0.16248
8389.49995,0.16222
8385.64271,0.16197
8381.78547,0.16166
8377.92823,0.16126
8374.07098,0.16099
8370.21374,0.16092
8366.35650,0.16076
8362.49926,0.16041
8358.64202,0.16016
8354.78478,0.16009
8350.92754,0.16005
8347.07029,0.16000
8343.21305,0.15989
8339.35581,0.15978
8335.49857,0.15973
8331.64133,0.15966
8327.78409,0.15949
8323.92685,0.15926
8320.06961,0.15910
8316.21236,0.15901
8312.35512,0.15892
8308.49788,0.15890
8304.64064,0.15896
8300.78340,0.15892
8296.92616,0.15879
8293.06892,0.15870
8289.21167,0.15864
8285.35443,0.15858
8281.49719,0.15847
8277.63995,0.15832
8273.78271,0.15839
8269.92547,0.15868
8266.06823,0.15883
8262.21098,0.15871
8258.35374,0.15855
8254.49650,0.15854
8250.63926,0.15868
8246.78202,0.15880
8242.92478,0.15875
8239.06754,0.15861
8235.21030,0.15856
8231.35305,0.15849
8227.49581,0.15845
8223.63857,0.15860
8219.78133,0.15875
8215.92409,0.15863
8212.06685,0.15838
8208.20961,0.15822
8204.35236,0.15813
8200.49512,0.15802
8196.63788,0.15794
8192.78064,0.15788
8188.92340,0.15773
8185.06616,0.15746
8181.20892,0.15722
8177.35168,0.15711
8173.49443,0.15708
8169.63719,0.15699
8165.77995,0.15685
8161.92271,0.15673
8158.06547,0.15661
8154.20823,0.15643
8150.35099,0.15624
8146.49374,0.15612
8142.63650,0.15602
8138.77926,0.15587
8134.92202,0.15565
8131.06478,0.15535
8127.20754,0.15508
8123.35030,0.15493
8119.49305,0.15480
8115.63581,0.15458
8111.77857,0.15429
8107.92133,0.15407
8104.06409,0.15397
8100.20685,0.15387
8096.34961,0.15366
8092.49237,0.15337
8088.63512,0.15307
8084.77788,0.15281
8080.92064,0.15264
8077.06340,0.15256
8073.20616,0.15253
8069.34892,0.15238
8065.49168,0.15204
8061.63443,0.15170
8057.77719,0.15152
8053.91995,0.15148
8050.06271,0.15136
8046.20547,0.15103
8042.34823,0.15076
8038.49099,0.15080
8034.63374,0.15086
8030.77650,0.15069
8026.91926,0.15046
8023.06202,0.15034
8019.20478,0.15028
8015.34754,0.15022
8011.49030,0.15009
8007.63306,0.14994
8003.77581,0.14992
7999.91857,0.15000
7996.06133,0.14994
7992.20409,0.14971
7988.34685,0.14953
7984.48961,0.14944
7980.63237,0.14936
7976.77512,0.14929
7972.91788,0.14924
7969.06064,0.14918
7965.20340,0.14911
7961.34616,0.14906
7957.48892,0.14907
7953.63168,0.14909
7949.77444,0.14907
7945.91719,0.14899
7942.05995,0.14889
7938.20271,0.14887
7934.34547,0.14893
7930.48823,0.14896
7926.63099,0.14896
7922.77375,0.14902
7918.91650,0.14905
7915.05926,0.14897
7911.20202,0.14887
7907.34478,0.14884
7903.48754,0.14889
7899.63030,0.14899
7895.77306,0.14907
7891.91581,0.14907
7888.05857,0.14903
7884.20133,0.14902
7880.34409,0.14899
7876.48685,0.14895
7872.62961,0.14896
7868.77237,0.14896
7864.91513,0.14884
7861.05788,0.14865
7857.20064,0.14853
7853.34340,0.14859
7849.48616,0.14871
7845.62892,0.14864
7841.77168,0.14846
7837.91444,0.14843
7834.05719,0.14842
7830.19995,0.14828
7826.34271,0.14813
7822.48547,0.14791
7818.62823,0.14761
7814.77099,0.14745
7810.91375,0.14752
7807.05650,0.14763
7803.19926,0.14766
7799.34202,0.14765
7795.48478,0.14748
7791.62754,0.14720
7787.77030,0.14708
7783.91306,0.14700
7780.05582,0.14681
7776.19857,0.14679
7772.34133,0.14692
7768.48409,0.14679
7764.62685,0.14645
7760.76961,0.14624
7756.91237,0.14616
7753.05513,0.14607
7749.19788,0.14604
7745.34064,0.14607
7741.48340,0.14598
7737.62616,0.14564
7733.76892,0.14526
7729.91168,0.14502
7726.05444,0.14483
7722.19720,0.14450
7718.33995,0.14410
7714.48271,0.14401
7710.62547,0.14436
7706.76823,0.14470
7702.91099,0.14460
7699.05375,0.14434
7695.19651,0.14418
7691.33926,0.14407
7687.48202,0.14397
7683.62478,0.14397
7679.76754,0.14413
7675.91030,0.14433
7672.05306,0.14433
7668.19582,0.14418
7664.33857,0.14408
7660.48133,0.14409
7656.62409,0.14427
7652.76685,0.14446
7648.90961,0.14453
7645.05237,0.14462
7641.19513,0.14472
7637.33789,0.14473
7633.48064,0.14479
7629.62340,0.14491
7625.76616,0.14503
7621.90892,0.14521
7618.05168,0.14540
7614.19444,0.14548
7610.33720,0.14557
7606.47995,0.14589
7602.62271,0.14624
7598.76547,0.14630
7594.90823,0.14616
7591.05099,0.14606
7587.19375,0.14599
7583.33651,0.14603
7579.47926,0.14627
7575.62202,0.14650
7571.76478,0.14664
7567.90754,0.14678
7564.05030,0.14692
7560.19306,0.14713
7556.33582,0.14752
7552.47858,0.14804
7548.62133,0.14855
7544.76409,0.14900
7540.90685,0.14931
7537.04961,0.14954
7533.19237,0.14984
7529.33513,0.15005
7525.47789,0.15012
7521.62064,0.15018
7517.76340,0.15031
7513.90616,0.15046
7510.04892,0.15060
7506.19168,0.15079
7502.33444,0.15107
7498.47720,0.15142
7494.61996,0.15187
7490.76271,0.15226
7486.90547,0.15245
7483.04823,0.15267
7479.19099,0.15313
7475.33375,0.15371
7471.47651,0.15422
7467.61927,0.15471
7463.76202,0.15539
7459.90478,0.15625
7456.04754,0.15710
7452.19030,0.15797
7448.33306,0.15892
7444.47582,0.15982
7440.61858,0.16066
7436.76133,0.16164
7432.90409,0.16282
7429.04685,0.16411
7425.18961,0.16538
7421.33237,0.16656
7417.47513,0.16760
7413.61789,0.16853
7409.76065,0.16949
7405.90340,0.17051
7402.04616,0.17148
7398.18892,0.17241
7394.33168,0.17340
7390.47444,0.17446
7386.61720,0.17562
7382.75996,0.17690
7378.90271,0.17821
7375.04547,0.17946
7371.18823,0.18072
7367.33099,0.18203
7363.47375,0.18328
7359.61651,0.18434
7355.75927,0.18520
7351.90202,0.18594
7348.04478,0.18672
7344.18754,0.18755
7340.33030,0.18823
7336.47306,0.18879
7332.61582,0.18943
7328.75858,0.19004
7324.90134,0.19044
7321.04409,0.19068
7317.18685,0.19085
7313.32961,0.19102
7309.47237,0.19120
7305.61513,0.19137
7301.75789,0.19156
7297.90065,0.19181
7294.04340,0.19211
7290.18616,0.19238
7286.32892,0.19253
7282.47168,0.19270
7278.61444,0.19299
7274.75720,0.19337
7270.89996,0.19381
7267.04272,0.19423
7263.18547,0.19457
7259.32823,0.19496
7255.47099,0.19541
7251.61375,0.19577
7247.75651,0.19599
7243.89927,0.19611
7240.04203,0.19624
7236.18478,0.19649
7232.32754,0.19673
7228.47030,0.19684
7224.61306,0.19695
7220.75582,0.19720
7216.89858,0.19752
7213.04134,0.19780
7209.18409,0.19803
7205.32685,0.19825
7201.46961,0.19836
7197.61237,0.19839
7193.75513,0.19847
7189.89789,0.19863
7186.04065,0.19884
7182.18341,0.19917
7178.32616,0.19967
7174.46892,0.20022
7170.61168,0.20070
7166.75444,0.20119
7162.89720,0.20183
7159.03996,0.20262
7155.18272,0.20351
7151.32547,0.20443
7147.46823,0.20538
7143.61099,0.20639
7139.75375,0.20749
7135.89651,0.20864
7132.03927,0.20979
7128.18203,0.21092
7124.32478,0.21200
7120.46754,0.21303
7116.61030,0.21406
7112.75306,0.21509
7108.89582,0.21616
7105.03858,0.21728
7101.18134,0.21839
7097.32410,0.21957
7093.46685,0.22092
7089.60961,0.22230
7085.75237,0.22365
7081.89513,0.22503
7078.03789,0.22656
7074.18065,0.22819
7070.32341,0.22978
7066.46616,0.23130
7062.60892,0.23281
7058.75168,0.23435
7054.89444,0.23587
7051.03720,0.23728
7047.17996,0.23860
7043.32272,0.23989
7039.46548,0.24112
7035.60823,0.24234
7031.75099,0.24359
7027.89375,0.24479
7024.03651,0.24587
7020.17927,0.24680
7016.32203,0.24767
7012.46479,0.24858
7008.60754,0.24948
7004.75030,0.25028
7000.89306,0.25100
6997.03582,0.25175
6993.17858,0.25254
6989.32134,0.25329
6985.46410,0.25390
6981.60685,0.25444
6977.74961,0.25505
6973.89237,0.25570
6970.03513,0.25632
6966.17789,0.25688
6962.32065,0.25733
6958.46341,0.25767
6954.60617,0.25803
6950.74892,0.25840
6946.89168,0.25869
6943.03444,0.25896
6939.17720,0.25931
6935.31996,0.25972
6931.46272,0.26007
6927.60548,0.26033
6923.74823,0.26063
6919.89099,0.26100
6916.03375,0.26137
6912.17651,0.26168
6908.31927,0.26197
6904.46203,0.26225
6900.60479,0.26255
6896.74754,0.26283
6892.89030,0.26309
6889.03306,0.26346
6885.17582,0.26399
6881.31858,0.26459
6877.46134,0.26516
6873.60410,0.26573
6869.74686,0.26628
6865.88961,0.26680
6862.03237,0.26734
6858.17513,0.26798
6854.31789,0.26867
6850.46065,0.26929
6846.60341,0.26979
6842.74617,0.27033
6838.88892,0.27102
6835.03168,0.27179
6831.17444,0.27250
6827.31720,0.27320
6823.45996,0.27396
6819.60272,0.27472
6815.74548,0.27539
6811.88824,0.27605
6808.03099,0.27676
6804.17375,0.27749
6800.31651,0.27824
6796.45927,0.27903
6792.60203,0.27990
6788.74479,0.28077
6784.88755,0.28154
6781.03030,0.28227
6777.17306,0.28307
6773.31582,0.28386
6769.45858,0.28449
6765.60134,0.28499
6761.74410,0.28551
6757.88686,0.28605
6754.02961,0.28646
6750.17237,0.28679
6746.31513,0.28712
6742.45789,0.28737
6738.60065,0.28752
6734.74341,0.28769
6730.88617,0.28792
6727.02893,0.28811
6723.17168,0.28826
6719.31444,0.28843
6715.45720,0.28859
6711.59996,0.28865
6707.74272,0.28862
6703.88548,0.28859
6700.02824,0.28863
6696.17099,0.28867
6692.31375,0.28869
6688.45651,0.28867
6684.59927,0.28853
6680.74203,0.28833
6676.88479,0.28811
6673.02755,0.28785
6669.17030,0.28753
6665.31306,0.28723
6661.45582,0.28694
6657.59858,0.28659
6653.74134,0.28623
6649.88410,0.28590
6646.02686,0.28552
6642.16962,0.28512
6638.31237,0.28475
6634.45513,0.28431
6630.59789,0.28381
6626.74065,0.28335
6622.88341,0.28287
6619.02617,0.28224
6615.16893,0.28157
6611.31168,0.28107
6607.45444,0.28068
6603.59720,0.28027
6599.73996,0.27986
6595.88272,0.27945
6592.02548,0.27901
6588.16824,0.27864
6584.31100,0.27841
6580.45375,0.27825
6576.59651,0.27809
6572.73927,0.27798
6568.88203,0.27798
6565.02479,0.27800
6561.16755,0.27792
6557.31031,0.27785
6553.45306,0.27788
6549.59582,0.27801
6545.73858,0.27818
6541.88134,0.27836
6538.02410,0.27856
6534.16686,0.27877
6530.30962,0.27895
6526.45237,0.27912
6522.59513,0.27927
6518.73789,0.27940
6514.88065,0.27953
6511.02341,0.27968
6507.16617,0.27984
6503.30893,0.27994
6499.45169,0.27999
6495.59444,0.28004
6491.73720,0.28009
6487.87996,0.28009
6484.02272,0.28006
6480.16548,0.27994
6476.30824,0.27977
6472.45100,0.27965
6468.59375,0.27958
6464.73651,0.27944
6460.87927,0.27921
6457.02203,0.27898
6453.16479,0.27884
6449.30755,0.27868
6445.45031,0.27843
6441.59306,0.27816
6437.73582,0.27787
6433.87858,0.27753
6430.02134,0.27715
6426.16410,0.27679
6422.30686,0.27647
6418.44962,0.27619
6414.59238,0.27589
6410.73513,0.27559
6406.87789,0.27533
6403.02065,0.27509
6399.16341,0.27487
6395.30617,0.27467
6391.44893,0.27450
6387.59169,0.27439
6383.73444,0.27427
6379.87720,0.27411
6376.01996,0.27390
6372.16272,0.27363
6368.30548,0.27336
6364.44824,0.27315
6360.59100,0.27291
6356.73376,0.27266
6352.87651,0.27253
6349.01927,0.27251
6345.16203,0.27256
6341.30479,0.27257
6337.44755,0.27252
6333.59031,0.27251
6329.73307,0.27249
6325.87582,0.27246
6322.01858,0.27247
6318.16134,0.27248
6314.30410,0.27245
6310.44686,0.27236
6306.58962,0.27222
6302.73238,0.27204
6298.87513,0.27179
6295.01789,0.27143
6291.16065,0.27104
6287.30341,0.27063
6283.44617,0.27013
6279.58893,0.26956
6275.73169,0.26900
6271.87445,0.26845
6268.01720,0.26783
6264.15996,0.26715
6260.30272,0.26639
6256.44548,0.26562
6252.58824,0.26489
6248.73100,0.26417
6244.87376,0.26339
6241.01651,0.26252
6237.15927,0.26161
6233.30203,0.26069
6229.44479,0.25979
6225.58755,0.25904
6221.73031,0.25850
6217.87307,0.25819
6214.01582,0.25822
6210.15858,0.25861
6206.30134,0.25925
6202.44410,0.26000
6198.58686,0.26062
6194.72962,0.26063
6190.87238,0.25990
6187.01514,0.25870
6183.15789,0.25731
6179.30065,0.25594
6175.44341,0.25480
6171.58617,0.25406
6167.72893,0.25372
6163.87169,0.25376
6160.01445,0.25418
6156.15720,0.25498
6152.29996,0.25596
6148.44272,0.25683
6144.58548,0.25737
6140.72824,0.25752
6136.87100,0.25736
6133.01376,0.25708
6129.15652,0.25703
6125.29927,0.25757
6121.44203,0.25896
6117.58479,0.26126
6113.72755,0.26438
6109.87031,0.26828
6106.01307,0.27294
6102.15583,0.27817
6098.29858,0.28382
6094.44134,0.28974
6090.58410,0.29559
6086.72686,0.30102
6082.86962,0.30599
6079.01238,0.31078
6075.15514,0.31590
6071.29789,0.32192
6067.44065,0.32903
6063.58341,0.33677
6059.72617,0.34436
6055.86893,0.35114
6052.01169,0.35696
6048.15445,0.36220
6044.29721,0.36739
6040.43996,0.37292
6036.58272,0.37891
6032.72548,0.38524
6028.86824,0.39131
6025.01100,0.39609
6021.15376,0.39862
6017.29652,0.39830
6013.43927,0.39499
6009.58203,0.38901
6005.72479,0.38119
6001.86755,0.37251
5998.01031,0.36395
5994.15307,0.35637
5990.29583,0.35039
5986.43858,0.34619
5982.58134,0.34341
5978.72410,0.34121
5974.86686,0.33850
5971.00962,0.33464
5967.15238,0.33005
5963.29514,0.32577
5959.43790,0.32254
5955.58065,0.32057
5951.72341,0.31963
5947.86617,0.31917
5944.00893,0.31845
5940.15169,0.31679
5936.29445,0.31376
5932.43721,0.30948
5928.57996,0.30456
5924.72272,0.29958
5920.86548,0.29493
5917.00824,0.29077
5913.15100,0.28724
5909.29376,0.28456
5905.43652,0.28306
5901.57927,0.28287
5897.72203,0.28389
5893.86479,0.28594
5890.00755,0.28865
5886.15031,0.29160
5882.29307,0.29446
5878.43583,0.29705
5874.57859,0.29935
5870.72134,0.30141
5866.86410,0.30308
5863.00686,0.30398
5859.14962,0.30395
5855.29238,0.30319
5851.43514,0.30214
5847.57790,0.30109
5843.72065,0.30023
5839.86341,0.29970
5836.00617,0.29946
5832.14893,0.29940
5828.29169,0.29946
5824.43445,0.29969
5820.57721,0.30006
5816.71997,0.30047
5812.86272,0.30078
5809.00548,0.30095
5805.14824,0.30092
5801.29100,0.30064
5797.43376,0.30017
5793.57652,0.29969
5789.71928,0.29926
5785.86203,0.29883
5782.00479,0.29835
5778.14755,0.29780
5774.29031,0.29717
5770.43307,0.29638
5766.57583,0.29533
5762.71859,0.29400
5758.86134,0.29235
5755.00410,0.29041
5751.14686,0.28831
5747.28962,0.28605
5743.43238,0.28372
5739.57514,0.28148
5735.71790,0.27940
5731.86066,0.27759
5728.00341,0.27623
5724.14617,0.27540
5720.28893,0.27514
5716.43169,0.27526
5712.57445,0.27548
5708.71721,0.27557
5704.85997,0.27550
5701.00272,0.27525
5697.14548,0.27490
5693.28824,0.27446
5689.43100,0.27388
5685.57376,0.27329
5681.71652,0.27289
5677.85928,0.27270
5674.00203,0.27266
5670.14479,0.27280
5666.28755,0.27317
5662.43031,0.27368
5658.57307,0.27409
5654.71583,0.27426
5650.85859,0.27405
5647.00135,0.27342
5643.14410,0.27246
5639.28686,0.27129
5635.42962,0.26998
5631.57238,0.26868
5627.71514,0.26757
5623.85790,0.26674
5620.00066,0.26614
5616.14341,0.26574
5612.28617,0.26556
5608.42893,0.26561
5604.57169,0.26584
5600.71445,0.26619
5596.85721,0.26663
5592.99997,0.26714
5589.14273,0.26771
5585.28548,0.26840
5581.42824,0.26922
5577.57100,0.27014
5573.71376,0.27105
5569.85652,0.27176
5565.99928,0.27214
5562.14204,0.27229
5558.28479,0.27231
5554.42755,0.27226
5550.57031,0.27221
5546.71307,0.27219
5542.85583,0.27217
5538.99859,0.27217
5535.14135,0.27216
5531.28410,0.27207
5527.42686,0.27184
5523.56962,0.27150
5519.71238,0.27109
5515.85514,0.27063
5511.99790,0.27019
5508.14066,0.26992
5504.28342,0.26995
5500.42617,0.27028
5496.56893,0.27087
5492.71169,0.27165
5488.85445,0.27242
5484.99721,0.27296
5481.13997,0.27324
5477.28273,0.27322
5473.42548,0.27287
5469.56824,0.27228
5465.71100,0.27153
5461.85376,0.27057
5457.99652,0.26943
5454.13928,0.26815
5450.28204,0.26674
5446.42479,0.26513
5442.56755,0.26331
5438.71031,0.26142
5434.85307,0.25966
5430.99583,0.25814
5427.13859,0.25686
5423.28135,0.25585
5419.42411,0.25517
5415.56686,0.25472
5411.70962,0.25436
5407.85238,0.25407
5403.99514,0.25393
5400.13790,0.25386
5396.28066,0.25372
5392.42342,0.25351
5388.56617,0.25339
5384.70893,0.25341
5380.85169,0.25354
5376.99445,0.25373
5373.13721,0.25397
5369.27997,0.25434
5365.42273,0.25487
5361.56549,0.25545
5357.70824,0.25602
5353.85100,0.25657
5349.99376,0.25704
5346.13652,0.25737
5342.27928,0.25758
5338.42204,0.25767
5334.56480,0.25769
5330.70755,0.25785
5326.85031,0.25826
5322.99307,0.25902
5319.13583,0.26014
5315.27859,0.26158
5311.42135,0.26330
5307.56411,0.26534
5303.70686,0.26765
5299.84962,0.27027
5295.99238,0.27329
5292.13514,0.27675
5288.27790,0.28069
5284.42066,0.28512
5280.56342,0.29006
5276.70618,0.29549
5272.84893,0.30125
5268.99169,0.30703
5265.13445,0.31266
5261.27721,0.31795
5257.41997,0.32272
5253.56273,0.32692
5249.70549,0.33057
5245.84824,0.33370
5241.99100,0.33632
5238.13376,0.33842
5234.27652,0.34019
5230.41928,0.34173
5226.56204,0.34303
5222.70480,0.34413
5218.84755,0.34503
5214.99031,0.34572
5211.13307,0.34623
5207.27583,0.34660
5203.41859,0.34692
5199.56135,0.34722
5195.70411,0.34745
5191.84687,0.34767
5187.98962,0.34791
5184.13238,0.34813
5180.27514,0.34821
5176.41790,0.34818
5172.56066,0.34817
5168.70342,0.34819
5164.84618,0.34819
5160.98893,0.34819
5157.13169,0.34824
5153.27445,0.34831
5149.41721,0.34832
5145.55997,0.34834
5141.70273,0.34844
5137.84549,0.34858
5133.98825,0.34872
5130.13100,0.34891
5126.27376,0.34916
5122.41652,0.34915
5118.55928,0.34839
5114.70204,0.34653
5110.84480,0.34371
5106.98756,0.34039
5103.13031,0.33697
5099.27307,0.33369
5095.41583,0.33062
5091.55859,0.32778
5087.70135,0.32520
5083.84411,0.32286
5079.98687,0.32073
5076.12962,0.31883
5072.27238,0.31713
5068.41514,0.31558
5064.55790,0.31414
5060.70066,0.31278
5056.84342,0.31152
5052.98618,0.31040
5049.12894,0.30941
5045.27169,0.30847
5041.41445,0.30757
5037.55721,0.30678
5033.69997,0.30611
5029.84273,0.30552
5025.98549,0.30497
5022.12825,0.30443
5018.27100,0.30387
5014.41376,0.30333
5010.55652,0.30284
5006.69928,0.30236
5002.84204,0.30179
4998.98480,0.30119
4995.12756,0.30067
4991.27031,0.30024
4987.41307,0.29991
4983.55583,0.29974
4979.69859,0.29978
4975.84135,0.30005
4971.98411,0.30051
4968.12687,0.30122
4964.26963,0.30226
4960.41238,0.30363
4956.55514,0.30520
4952.69790,0.30697
4948.84066,0.30893
4944.98342,0.31097
4941.12618,0.31297
4937.26894,0.31499
4933.41169,0.31709
4929.55445,0.31935
4925.69721,0.32178
4921.83997,0.32438
4917.98273,0.32710
4914.12549,0.32986
4910.26825,0.33271
4906.41101,0.33574
4902.55376,0.33890
4898.69652,0.34214
4894.83928,0.34545
4890.98204,0.34878
4887.12480,0.35215
4883.26756,0.35564
4879.41032,0.35923
4875.55307,0.36277
4871.69583,0.36615
4867.83859,0.36935
4863.98135,0.37242
4860.12411,0.37552
4856.26687,0.37866
4852.40963,0.38183
4848.55238,0.38522
4844.69514,0.38902
4840.83790,0.39321
4836.98066,0.39764
4833.12342,0.40222
4829.26618,0.40681
4825.40894,0.41128
4821.55170,0.41546
4817.69445,0.41925
4813.83721,0.42279
4809.97997,0.42614
4806.12273,0.42918
4802.26549,0.43179
4798.40825,0.43394
4794.55101,0.43561
4790.69376,0.43673
4786.83652,0.43732
4782.97928,0.43758
4779.12204,0.43769
4775.26480,0.43782
4771.40756,0.43815
4767.55032,0.43890
4763.69307,0.44031
4759.83583,0.44245
4755.97859,0.44513
4752.12135,0.44810
4748.26411,0.45115
4744.40687,0.45415
4740.54963,0.45715
4736.69239,0.46045
4732.83514,0.46454
4728.97790,0.46961
4725.12066,0.47497
4721.26342,0.47929
4717.40618,0.48161
4713.54894,0.48244
4709.69170,0.48361
4705.83445,0.48698
4701.97721,0.49309
4698.11997,0.50060
4694.26273,0.50682
4690.40549,0.50909
4686.54825,0.50611
4682.69101,0.49835
4678.83377,0.48763
4674.97652,0.47646
4671.11928,0.46710
4667.26204,0.46059
4663.40480,0.45666
4659.54756,0.45456
4655.69032,0.45401
4651.83308,0.45564
4647.97583,0.46003
4644.11859,0.46653
4640.26135,0.47305
4636.40411,0.47670
4632.54687,0.47494
4628.68963,0.46722
4624.83239,0.45543
4620.97514,0.44283
4617.11790,0.43220
4613.26066,0.42471
4609.40342,0.42026
4605.54618,0.41864
4601.68894,0.41989
4597.83170,0.42344
4593.97446,0.42763
4590.11721,0.43107
4586.25997,0.43386
4582.40273,0.43569
4578.54549,0.43441
4574.68825,0.42828
4570.83101,0.41854
4566.97377,0.40835
4563.11652,0.40029
4559.25928,0.39523
4555.40204,0.39262
4551.54480,0.39142
4547.68756,0.39072
4543.83032,0.39009
4539.97308,0.38956
4536.11583,0.38938
4532.25859,0.38970
4528.40135,0.39061
4524.54411,0.39216
4520.68687,0.39439
4516.82963,0.39738
4512.97239,0.40137
4509.11515,0.40679
4505.25790,0.41407
4501.40066,0.42341
4497.54342,0.43436
4493.68618,0.44564
4489.82894,0.45552
4485.97170,0.46318
4482.11446,0.46946
4478.25721,0.47632
4474.39997,0.48564
4470.54273,0.49862
4466.68549,0.51512
4462.82825,0.53260
4458.97101,0.54651
4455.11377,0.55428
4451.25653,0.55804
4447.39928,0.56177
4443.54204,0.56714
4439.68480,0.57321
4435.82756,0.57801
4431.97032,0.57968
4428.11308,0.57726
4424.25584,0.57160
4420.39859,0.56531
4416.54135,0.56111
4412.68411,0.56003
4408.82687,0.56103
4404.96963,0.56186
4401.11239,0.56055
4397.25515,0.55677
4393.39790,0.55154
4389.54066,0.54612
4385.68342,0.54135
4381.82618,0.53761
4377.96894,0.53494
4374.11170,0.53332
4370.25446,0.53292
4366.39722,0.53384
4362.53997,0.53566
4358.68273,0.53752
4354.82549,0.53911
4350.96825,0.54097
4347.11101,0.54361
4343.25377,0.54683
4339.39653,0.55003
4335.53928,0.55268
4331.68204,0.55472
4327.82480,0.55661
4323.96756,0.55876
4320.11032,0.56145
4316.25308,0.56503
4312.39584,0.56986
4308.53859,0.57587
4304.68135,0.58246
4300.82411,0.58881
4296.96687,0.59414
4293.10963,0.59784
4289.25239,0.59958
4285.39515,0.59961
4281.53791,0.59868
4277.68066,0.59736
4273.82342,0.59553
4269.96618,0.59297
4266.10894,0.59001
4262.25170,0.58743
4258.39446,0.58591
4254.53722,0.58566
4250.67997,0.58620
4246.82273,0.58668
4242.96549,0.58626
4239.10825,0.58482
4235.25101,0.58319
4231.39377,0.58209
4227.53653,0.58112
4223.67929,0.57926
4219.82204,0.57614
4215.96480,0.57237
4212.10756,0.56891
4208.25032,0.56613
4204.39308,0.56391
4200.53584,0.56213
4196.67860,0.56115
4192.82135,0.56186
4188.96411,0.56486
4185.10687,0.56990
4181.24963,0.57531
4177.39239,0.57797
4173.53515,0.57564
4169.67791,0.56921
4165.82066,0.56152
4161.96342,0.55494
4158.10618,0.55047
4154.24894,0.54816
4150.39170,0.54791
4146.53446,0.54977
4142.67722,0.55376
4138.81998,0.55913
4134.96273,0.56439
4131.10549,0.56844
4127.24825,0.57144
4123.39101,0.57441
4119.53377,0.57833
4115.67653,0.58404
4111.81929,0.59208
4107.96204,0.60265
4104.10480,0.61637
4100.24756,0.63456
4096.39032,0.65603
4092.53308,0.67371
4088.67584,0.67957
4084.81860,0.67297
4080.96135,0.65917
4077.10411,0.64340
4073.24687,0.62971
4069.38963,0.62048
4065.53239,0.61548
4061.67515,0.61323
4057.81791,0.61270
4053.96067,0.61329
4050.10342,0.61434
4046.24618,0.61524
4042.38894,0.61563
4038.53170,0.61555
4034.67446,0.61536
4030.81722,0.61531
4026.95998,0.61537
4023.10273,0.61542
4019.24549,0.61535
4015.38825,0.61489
4011.53101,0.61367
4007.67377,0.61165
4003.81653,0.60917
3999.95929,0.60655
3996.10205,0.60375
3992.24480,0.60077
3988.38756,0.59791
3984.53032,0.59560
3980.67308,0.59400
3976.81584,0.59278
3972.95860,0.59131
3969.10136,0.58913
3965.24411,0.58634
3961.38687,0.58326
3957.52963,0.58019
3953.67239,0.57719
3949.81515,0.57418
3945.95791,0.57123
3942.10067,0.56839
3938.24342,0.56587
3934.38618,0.56372
3930.52894,0.56177
3926.67170,0.55994
3922.81446,0.55821
3918.95722,0.55643
3915.09998,0.55437
3911.24274,0.55200
3907.38549,0.54909
3903.52825,0.54514
3899.67101,0.54059
3895.81377,0.53665
3891.95653,0.53329
3888.09929,0.53036
3884.24205,0.52801
3880.38480,0.52621
3876.52756,0.52450
3872.67032,0.52218
3868.81308,0.51896
3864.95584,0.51548
3861.09860,0.51251
3857.24136,0.50984
3853.38411,0.50689
3849.52687,0.50466
3845.66963,0.50342
3841.81239,0.50236
3837.95515,0.50150
3834.09791,0.50112
3830.24067,0.50093
3826.38343,0.50103
3822.52618,0.50220
3818.66894,0.50515
3814.81170,0.50893
3810.95446,0.51182
3807.09722,0.51318
3803.23998,0.51265
3799.38274,0.51029
3795.52549,0.50749
3791.66825,0.50555
3787.81101,0.50482
3783.95377,0.50523
3780.09653,0.50668
3776.23929,0.50892
3772.38205,0.51171
3768.52481,0.51514
3764.66756,0.51902
3760.81032,0.52221
3756.95308,0.52305
3753.09584,0.52047
3749.23860,0.51589
3745.38136,0.51319
3741.52412,0.51384
3737.66687,0.51702
3733.80963,0.52163
3729.95239,0.52456
3726.09515,0.52489
3722.23791,0.52481
3718.38067,0.52606
3714.52343,0.52934
3710.66618,0.53602
3706.80894,0.54574
3702.95170,0.55724
3699.09446,0.57087
3695.23722,0.58658
3691.37998,0.60689
3687.52274,0.63025
3683.66550,0.64583
3679.80825,0.65391
3675.95101,0.66245
3672.09377,0.67715
3668.23653,0.69582
3664.37929,0.71390
3660.52205,0.73112
3656.66481,0.74803
3652.80756,0.76509
3648.95032,0.78466
3645.09308,0.80358
3641.23584,0.81668
3637.37860,0.82771
3633.52136,0.83902
3629.66412,0.84952
3625.80687,0.85734
3621.94963,0.86308
3618.09239,0.86988
3614.23515,0.87562
3610.37791,0.88155
3606.52067,0.89131
3602.66343,0.90163
3598.80619,0.90971
