12493.60475,0.10073
12489.74751,0.10045
12485.89027,0.10094
12482.03303,0.10158
12478.17579,0.10208
12474.31855,0.10209
12470.46130,0.10100
12466.60406,0.10038
12462.74682,0.10125
12458.88958,0.10218
12455.03234,0.10358
12451.17510,0.10616
12447.31786,0.10716
12443.46062,0.10543
12439.60337,0.10392
12435.74613,0.10352
12431.88889,0.10244
12428.03165,0.10203
12424.17441,0.10409
12420.31717,0.10610
12416.45993,0.10493
12412.60268,0.10151
12408.74544,0.09986
12404.88820,0.10157
12401.03096,0.10453
12397.17372,0.10555
12393.31648,0.10398
12389.45924,0.10444
12385.60199,0.10837
12381.74475,0.10925
12377.88751,0.10450
12374.03027,0.10034
12370.17303,0.10103
12366.31579,0.10359
12362.45855,0.10475
12358.60131,0.10421
12354.74406,0.10280
12350.88682,0.10165
12347.02958,0.10079
12343.17234,0.10061
12339.31510,0.10133
12335.45786,0.10091
12331.60062,0.09977
12327.74337,0.10038
12323.88613,0.10261
12320.02889,0.10477
12316.17165,0.10478
12312.31441,0.10228
12308.45717,0.10033
12304.59993,0.10163
12300.74268,0.10597
12296.88544,0.10942
12293.02820,0.10797
12289.17096,0.10431
12285.31372,0.10350
12281.45648,0.10583
12277.59924,0.10788
12273.74200,0.10800
12269.88475,0.10767
12266.02751,0.10736
12262.17027,0.10640
12258.31303,0.10526
12254.45579,0.10465
12250.59855,0.10445
12246.74131,0.10327
12242.88406,0.10079
12239.02682,0.09964
12235.16958,0.10190
12231.31234,0.10478
12227.45510,0.10416
12223.59786,0.10082
12219.74062,0.09834
12215.88338,0.09861
12212.02613,0.10088
12208.16889,0.10292
12204.31165,0.10354
12200.45441,0.10322
12196.59717,0.10307
12192.73993,0.10279
12188.88269,0.10189
12185.02544,0.10188
12181.16820,0.10201
12177.31096,0.10057
12173.45372,0.09949
12169.59648,0.09973
12165.73924,0.10063
12161.88200,0.10269
12158.02475,0.10423
12154.16751,0.10353
12150.31027,0.10199
12146.45303,0.10106
12142.59579,0.10145
12138.73855,0.10239
12134.88131,0.10208
12131.02407,0.10125
12127.16682,0.10081
12123.30958,0.10015
12119.45234,0.10007
12115.59510,0.10116
12111.73786,0.10216
12107.88062,0.10164
12104.02338,0.10015
12100.16613,0.09974
12096.30889,0.09982
12092.45165,0.09920
12088.59441,0.09831
12084.73717,0.09760
12080.87993,0.09841
12077.02269,0.10085
12073.16544,0.10226
12069.30820,0.10137
12065.45096,0.09951
12061.59372,0.09795
12057.73648,0.09716
12053.87924,0.09784
12050.02200,0.10016
12046.16476,0.10204
12042.30751,0.10201
12038.45027,0.10152
12034.59303,0.10190
12030.73579,0.10175
12026.87855,0.09959
12023.02131,0.09787
12019.16407,0.09924
12015.30682,0.10178
12011.44958,0.10303
12007.59234,0.10305
12003.73510,0.10267
11999.87786,0.10267
11996.02062,0.10363
11992.16338,0.10476
11988.30614,0.10469
11984.44889,0.10417
11980.59165,0.10412
11976.73441,0.10380
11972.87717,0.10356
11969.01993,0.10372
11965.16269,0.10356
11961.30545,0.10320
11957.44820,0.10315
11953.59096,0.10326
11949.73372,0.10339
11945.87648,0.10386
11942.01924,0.10470
11938.16200,0.10588
11934.30476,0.10770
11930.44751,0.10944
11926.59027,0.11032
11922.73303,0.11033
11918.87579,0.10927
11915.01855,0.10772
11911.16131,0.10672
11907.30407,0.10575
11903.44683,0.10422
11899.58958,0.10330
11895.73234,0.10348
11891.87510,0.10393
11888.01786,0.10458
11884.16062,0.10487
11880.30338,0.10486
11876.44614,0.10618
11872.58889,0.10749
11868.73165,0.10733
11864.87441,0.10763
11861.01717,0.10820
11857.15993,0.10745
11853.30269,0.10646
11849.44545,0.10696
11845.58820,0.10853
11841.73096,0.10909
11837.87372,0.10879
11834.01648,0.10892
11830.15924,0.10817
11826.30200,0.10708
11822.44476,0.10790
11818.58752,0.10901
11814.73027,0.10903
11810.87303,0.10902
11807.01579,0.10842
11803.15855,0.10701
11799.30131,0.10636
11795.44407,0.10729
11791.58683,0.10975
11787.72958,0.11193
11783.87234,0.11100
11780.01510,0.10771
11776.15786,0.10575
11772.30062,0.10606
11768.44338,0.10714
11764.58614,0.10814
11760.72890,0.10869
11756.87165,0.10899
11753.01441,0.10948
11749.15717,0.11015
11745.29993,0.11095
11741.44269,0.11154
11737.58545,0.11092
11733.72821,0.10892
11729.87096,0.10736
11726.01372,0.10715
11722.15648,0.10729
11718.29924,0.10751
11714.44200,0.10801
11710.58476,0.10863
11706.72752,0.10955
11702.87027,0.11081
11699.01303,0.11194
11695.15579,0.11193
11691.29855,0.11003
11687.44131,0.10764
11683.58407,0.10704
11679.72683,0.10824
11675.86959,0.10959
11672.01234,0.11029
11668.15510,0.11095
11664.29786,0.11165
11660.44062,0.11120
11656.58338,0.10981
11652.72614,0.10896
11648.86890,0.10849
11645.01165,0.10765
11641.15441,0.10738
11637.29717,0.10852
11633.43993,0.10978
11629.58269,0.10943
11625.72545,0.10796
11621.86821,0.10708
11618.01096,0.10714
11614.15372,0.10727
11610.29648,0.10677
11606.43924,0.10621
11602.58200,0.10598
11598.72476,0.10529
11594.86752,0.10461
11591.01028,0.10548
11587.15303,0.10751
11583.29579,0.10850
11579.43855,0.10763
11575.58131,0.10673
11571.72407,0.10706
11567.86683,0.10728
11564.00959,0.10569
11560.15234,0.10360
11556.29510,0.10439
11552.43786,0.10745
11548.58062,0.10875
11544.72338,0.10790
11540.86614,0.10764
11537.00890,0.10910
11533.15166,0.11038
11529.29441,0.10863
11525.43717,0.10558
11521.57993,0.10498
11517.72269,0.10542
11513.86545,0.10491
11510.00821,0.10563
11506.15097,0.10902
11502.29372,0.11264
11498.43648,0.11270
11494.57924,0.10951
11490.72200,0.10811
11486.86476,0.10987
11483.00752,0.11037
11479.15028,0.10828
11475.29303,0.10727
11471.43579,0.10871
11467.57855,0.10970
11463.72131,0.10868
11459.86407,0.10703
11456.00683,0.10641
11452.14959,0.10725
11448.29235,0.10788
11444.43510,0.10701
11440.57786,0.10632
11436.72062,0.10724
11432.86338,0.10847
11429.00614,0.10840
11425.14890,0.10724
11421.29166,0.10622
11417.43441,0.10577
11413.57717,0.10540
11409.71993,0.10493
11405.86269,0.10454
11402.00545,0.10447
11398.14821,0.10502
11394.29097,0.10596
11390.43372,0.10634
11386.57648,0.10560
11382.71924,0.10502
11378.86200,0.10510
11375.00476,0.10396
11371.14752,0.10195
11367.29028,0.10165
11363.43304,0.10294
11359.57579,0.10425
11355.71855,0.10537
11351.86131,0.10632
11348.00407,0.10661
11344.14683,0.10628
11340.28959,0.10626
11336.43235,0.10680
11332.57510,0.10645
11328.71786,0.10516
11324.86062,0.10492
11321.00338,0.10600
11317.14614,0.10660
11313.28890,0.10579
11309.43166,0.10486
11305.57442,0.10493
11301.71717,0.10516
11297.85993,0.10480
11294.00269,0.10473
11290.14545,0.10628
11286.28821,0.10882
11282.43097,0.10999
11278.57373,0.10892
11274.71648,0.10735
11270.85924,0.10673
11267.00200,0.10683
11263.14476,0.10746
11259.28752,0.10762
11255.43028,0.10631
11251.57304,0.10521
11247.71579,0.10524
11243.85855,0.10472
11240.00131,0.10320
11236.14407,0.10206
11232.28683,0.10231
11228.42959,0.10357
11224.57235,0.10443
11220.71511,0.10466
11216.85786,0.10469
11213.00062,0.10401
11209.14338,0.10296
11205.28614,0.10246
11201.42890,0.10254
11197.57166,0.10298
11193.71442,0.10345
11189.85717,0.10389
11185.99993,0.10415
11182.14269,0.10381
11178.28545,0.10333
11174.42821,0.10294
11170.57097,0.10207
11166.71373,0.10134
11162.85648,0.10151
11158.99924,0.10202
11155.14200,0.10272
11151.28476,0.10366
11147.42752,0.10395
11143.57028,0.10371
11139.71304,0.10384
11135.85580,0.10418
11131.99855,0.10475
11128.14131,0.10607
11124.28407,0.10732
11120.42683,0.10736
11116.56959,0.10663
11112.71235,0.10683
11108.85511,0.10805
11104.99786,0.10812
11101.14062,0.10664
11097.28338,0.10574
11093.42614,0.10618
11089.56890,0.10633
11085.71166,0.10556
11081.85442,0.10455
11077.99718,0.10378
11074.13993,0.10373
11070.28269,0.10387
11066.42545,0.10378
11062.56821,0.10417
11058.71097,0.10505
11054.85373,0.10615
11050.99649,0.10727
11047.13924,0.10744
11043.28200,0.10646
11039.42476,0.10565
11035.56752,0.10560
11031.71028,0.10585
11027.85304,0.10659
11023.99580,0.10731
11020.13855,0.10668
11016.28131,0.10550
11012.42407,0.10527
11008.56683,0.10558
11004.70959,0.10567
11000.85235,0.10568
10996.99511,0.10586
10993.13787,0.10634
10989.28062,0.10660
10985.42338,0.10637
10981.56614,0.10601
10977.70890,0.10529
10973.85166,0.10437
10969.99442,0.10413
10966.13718,0.10460
10962.27993,0.10521
10958.42269,0.10552
10954.56545,0.10536
10950.70821,0.10536
10946.85097,0.10552
10942.99373,0.10506
10939.13649,0.10449
10935.27924,0.10455
10931.42200,0.10467
10927.56476,0.10425
10923.70752,0.10366
10919.85028,0.10338
10915.99304,0.10351
10912.13580,0.10382
10908.27856,0.10367
10904.42131,0.10310
10900.56407,0.10289
10896.70683,0.10291
10892.84959,0.10254
10888.99235,0.10196
10885.13511,0.10172
10881.27787,0.10175
10877.42062,0.10196
10873.56338,0.10226
10869.70614,0.10223
10865.84890,0.10235
10861.99166,0.10305
10858.13442,0.10351
10854.27718,0.10358
10850.41993,0.10347
10846.56269,0.10276
10842.70545,0.10177
10838.84821,0.10122
10834.99097,0.10122
10831.13373,0.10165
10827.27649,0.10171
10823.41925,0.10105
10819.56200,0.10069
10815.70476,0.10108
10811.84752,0.10158
10807.99028,0.10195
10804.13304,0.10228
10800.27580,0.10226
10796.41856,0.10190
10792.56131,0.10178
10788.70407,0.10232
10784.84683,0.10301
10780.98959,0.10298
10777.13235,0.10216
10773.27511,0.10108
10769.41787,0.10074
10765.56063,0.10160
10761.70338,0.10249
10757.84614,0.10241
10753.98890,0.10202
10750.13166,0.10184
10746.27442,0.10118
10742.41718,0.10048
10738.55994,0.10101
10734.70269,0.10187
10730.84545,0.10170
10726.98821,0.10104
10723.13097,0.10078
10719.27373,0.10083
10715.41649,0.10076
10711.55925,0.10062
10707.70200,0.10074
10703.84476,0.10140
10699.98752,0.10236
10696.13028,0.10272
10692.27304,0.10234
10688.41580,0.10194
10684.55856,0.10195
10680.70132,0.10227
10676.84407,0.10256
10672.98683,0.10247
10669.12959,0.10198
10665.27235,0.10155
10661.41511,0.10160
10657.55787,0.10179
10653.70063,0.10162
10649.84338,0.10132
10645.98614,0.10115
10642.12890,0.10099
10638.27166,0.10067
10634.41442,0.10036
10630.55718,0.10070
10626.69994,0.10157
10622.84269,0.10169
10618.98545,0.10083
10615.12821,0.10029
10611.27097,0.10082
10607.41373,0.10166
10603.55649,0.10191
10599.69925,0.10177
10595.84201,0.10165
10591.98476,0.10148
10588.12752,0.10141
10584.27028,0.10153
10580.41304,0.10150
10576.55580,0.10133
10572.69856,0.10105
10568.84132,0.10044
10564.98407,0.09957
10561.12683,0.09852
10557.26959,0.09769
10553.41235,0.09765
10549.55511,0.09822
10545.69787,0.09859
10541.84063,0.09819
10537.98339,0.09747
10534.12614,0.09748
10530.26890,0.09827
10526.41166,0.09863
10522.55442,0.09804
10518.69718,0.09738
10514.83994,0.09778
10510.98270,0.09878
10507.12545,0.09891
10503.26821,0.09846
10499.41097,0.09830
10495.55373,0.09820
10491.69649,0.09829
10487.83925,0.09872
10483.98201,0.09899
10480.12476,0.09894
10476.26752,0.09888
10472.41028,0.09879
10468.55304,0.09811
10464.69580,0.09682
10460.83856,0.09596
10456.98132,0.09647
10453.12408,0.09791
10449.26683,0.09879
10445.40959,0.09850
10441.55235,0.09785
10437.69511,0.09769
10433.83787,0.09777
10429.98063,0.09752
10426.12339,0.09746
10422.26614,0.09791
10418.40890,0.09820
10414.55166,0.09810
10410.69442,0.09809
10406.83718,0.09821
10402.97994,0.09824
10399.12270,0.09828
10395.26545,0.09847
10391.40821,0.09866
10387.55097,0.09867
10383.69373,0.09823
10379.83649,0.09765
10375.97925,0.09768
10372.12201,0.09818
10368.26477,0.09857
10364.40752,0.09880
10360.55028,0.09874
10356.69304,0.09846
10352.83580,0.09847
10348.97856,0.09889
10345.12132,0.09947
10341.26408,0.09989
10337.40683,0.09981
10333.54959,0.09953
10329.69235,0.09954
10325.83511,0.09961
10321.97787,0.09939
10318.12063,0.09918
10314.26339,0.09957
10310.40615,0.10022
10306.54890,0.10042
10302.69166,0.10033
10298.83442,0.10029
10294.97718,0.10027
10291.11994,0.10037
10287.26270,0.10058
10283.40546,0.10051
10279.54821,0.10004
10275.69097,0.09987
10271.83373,0.10030
10267.97649,0.10063
10264.11925,0.10054
10260.26201,0.10049
10256.40477,0.10070
10252.54752,0.10103
10248.69028,0.10126
10244.83304,0.10117
10240.97580,0.10076
10237.11856,0.10050
10233.26132,0.10079
10229.40408,0.10143
10225.54684,0.10176
10221.68959,0.10133
10217.83235,0.10076
10213.97511,0.10103
10210.11787,0.10174
10206.26063,0.10180
10202.40339,0.10117
10198.54615,0.10057
10194.68890,0.10036
10190.83166,0.10038
10186.97442,0.10038
10183.11718,0.10039
10179.25994,0.10061
10175.40270,0.10094
10171.54546,0.10124
10167.68821,0.10157
10163.83097,0.10186
10159.97373,0.10193
10156.11649,0.10195
10152.25925,0.10191
10148.40201,0.10165
10144.54477,0.10167
10140.68753,0.10199
10136.83028,0.10194
10132.97304,0.10177
10129.11580,0.10197
10125.25856,0.10196
10121.40132,0.10168
10117.54408,0.10186
10113.68684,0.10248
10109.82959,0.10291
10105.97235,0.10316
10102.11511,0.10348
10098.25787,0.10344
10094.40063,0.10293
10090.54339,0.10251
10086.68615,0.10220
10082.82891,0.10180
10078.97166,0.10169
10075.11442,0.10186
10071.25718,0.10189
10067.39994,0.10166
10063.54270,0.10132
10059.68546,0.10115
10055.82822,0.10153
10051.97097,0.10221
10048.11373,0.10250
10044.25649,0.10233
10040.39925,0.10218
10036.54201,0.10207
10032.68477,0.10197
10028.82753,0.10229
10024.97028,0.10263
10021.11304,0.10230
10017.25580,0.10195
10013.39856,0.10228
10009.54132,0.10269
10005.68408,0.10251
10001.82684,0.10218
9997.96960,0.10227
9994.11235,0.10256
9990.25511,0.10264
9986.39787,0.10270
9982.54063,0.10304
9978.68339,0.10342
9974.82615,0.10360
9970.96891,0.10360
9967.11166,0.10348
9963.25442,0.10331
9959.39718,0.10326
9955.53994,0.10339
9951.68270,0.10371
9947.82546,0.10414
9943.96822,0.10421
9940.11097,0.10373
9936.25373,0.10338
9932.39649,0.10352
9928.53925,0.10354
9924.68201,0.10319
9920.82477,0.10300
9916.96753,0.10307
9913.11029,0.10311
9909.25304,0.10331
9905.39580,0.10359
9901.53856,0.10355
9897.68132,0.10324
9893.82408,0.10294
9889.96684,0.10272
9886.10960,0.10269
9882.25235,0.10281
9878.39511,0.10305
9874.53787,0.10352
9870.68063,0.10404
9866.82339,0.10409
9862.96615,0.10381
9859.10891,0.10374
9855.25167,0.10371
9851.39442,0.10362
9847.53718,0.10373
9843.67994,0.10393
9839.82270,0.10415
9835.96546,0.10417
9832.10822,0.10378
9828.25098,0.10330
9824.39373,0.10311
9820.53649,0.10311
9816.67925,0.10321
9812.82201,0.10342
9808.96477,0.10366
9805.10753,0.10388
9801.25029,0.10394
9797.39304,0.10367
9793.53580,0.10329
9789.67856,0.10306
9785.82132,0.10302
9781.96408,0.10308
9778.10684,0.10317
9774.24960,0.10319
9770.39236,0.10306
9766.53511,0.10289
9762.67787,0.10288
9758.82063,0.10299
9754.96339,0.10284
9751.10615,0.10260
9747.24891,0.10274
9743.39167,0.10299
9739.53442,0.10299
9735.67718,0.10274
9731.81994,0.10229
9727.96270,0.10193
9724.10546,0.10200
9720.24822,0.10241
9716.39098,0.10288
9712.53373,0.10316
9708.67649,0.10308
9704.81925,0.10278
9700.96201,0.10263
9697.10477,0.10267
9693.24753,0.10260
9689.39029,0.10235
9685.53305,0.10228
9681.67580,0.10243
9677.81856,0.10236
9673.96132,0.10204
9670.10408,0.10183
9666.24684,0.10174
9662.38960,0.10156
9658.53236,0.10126
9654.67511,0.10118
9650.81787,0.10156
9646.96063,0.10189
9643.10339,0.10176
9639.24615,0.10141
9635.38891,0.10123
9631.53167,0.10124
9627.67443,0.10115
9623.81718,0.10090
9619.95994,0.10080
9616.10270,0.10094
9612.24546,0.10114
9608.38822,0.10130
9604.53098,0.10122
9600.67374,0.10088
9596.81649,0.10086
9592.95925,0.10139
9589.10201,0.10176
9585.24477,0.10132
9581.38753,0.10039
9577.53029,0.09977
9573.67305,0.09981
9569.81580,0.10026
9565.95856,0.10062
9562.10132,0.10074
9558.24408,0.10088
9554.38684,0.10090
9550.52960,0.10060
9546.67236,0.10037
9542.81512,0.10042
9538.95787,0.10057
9535.10063,0.10067
9531.24339,0.10069
9527.38615,0.10065
9523.52891,0.10056
9519.67167,0.10040
9515.81443,0.10016
9511.95718,0.10003
9508.09994,0.10000
9504.24270,0.10005
9500.38546,0.10021
9496.52822,0.10026
9492.67098,0.10010
9488.81374,0.09985
9484.95649,0.09954
9481.09925,0.09932
9477.24201,0.09940
9473.38477,0.09971
9469.52753,0.09990
9465.67029,0.09978
9461.81305,0.09961
9457.95581,0.09950
9454.09856,0.09928
9450.24132,0.09921
9446.38408,0.09941
9442.52684,0.09947
9438.66960,0.09944
9434.81236,0.09962
9430.95512,0.09985
9427.09787,0.09992
9423.24063,0.09985
9419.38339,0.09964
9415.52615,0.09930
9411.66891,0.09909
9407.81167,0.09916
9403.95443,0.09913
9400.09719,0.09882
9396.23994,0.09858
9392.38270,0.09865
9388.52546,0.09890
9384.66822,0.09904
9380.81098,0.09906
9376.95374,0.09902
9373.09650,0.09885
9369.23925,0.09861
9365.38201,0.09858
9361.52477,0.09862
9357.66753,0.09862
9353.81029,0.09874
9349.95305,0.09886
9346.09581,0.09868
9342.23856,0.09851
9338.38132,0.09862
9334.52408,0.09876
9330.66684,0.09890
9326.80960,0.09906
9322.95236,0.09908
9319.09512,0.09909
9315.23788,0.09915
9311.38063,0.09908
9307.52339,0.09879
9303.66615,0.09857
9299.80891,0.09862
9295.95167,0.09874
9292.09443,0.09867
9288.23719,0.09844
9284.37994,0.09833
9280.52270,0.09834
9276.66546,0.09834
9272.80822,0.09842
9268.95098,0.09858
9265.09374,0.09869
9261.23650,0.09887
9257.37925,0.09912
9253.52201,0.09910
9249.66477,0.09871
9245.80753,0.09831
9241.95029,0.09810
9238.09305,0.09805
9234.23581,0.09825
9230.37857,0.09861
9226.52132,0.09867
9222.66408,0.09837
9218.80684,0.09820
9214.94960,0.09834
9211.09236,0.09844
9207.23512,0.09841
9203.37788,0.09839
9199.52063,0.09842
9195.66339,0.09846
9191.80615,0.09849
9187.94891,0.09851
9184.09167,0.09856
9180.23443,0.09859
9176.37719,0.09859
9172.51995,0.09865
9168.66270,0.09874
9164.80546,0.09873
9160.94822,0.09860
9157.09098,0.09848
9153.23374,0.09857
9149.37650,0.09881
9145.51926,0.09893
9141.66201,0.09893
9137.80477,0.09894
9133.94753,0.09892
9130.09029,0.09890
9126.23305,0.09886
9122.37581,0.09881
9118.51857,0.09883
9114.66132,0.09884
9110.80408,0.09892
9106.94684,0.09916
9103.08960,0.09927
9099.23236,0.09909
9095.37512,0.09899
9091.51788,0.09917
9087.66064,0.09934
9083.80339,0.09939
9079.94615,0.09947
9076.08891,0.09956
9072.23167,0.09959
9068.37443,0.09971
9064.51719,0.09982
9060.65995,0.09971
9056.80270,0.09956
9052.94546,0.09978
9049.08822,0.10034
9045.23098,0.10083
9041.37374,0.10104
9037.51650,0.10106
9033.65926,0.10115
9029.80201,0.10136
9025.94477,0.10157
9022.08753,0.10181
9018.23029,0.10216
9014.37305,0.10262
9010.51581,0.10315
9006.65857,0.10368
9002.80133,0.10409
8998.94408,0.10433
8995.08684,0.10459
8991.22960,0.10500
8987.37236,0.10548
8983.51512,0.10599
8979.65788,0.10655
8975.80064,0.10715
8971.94339,0.10770
8968.08615,0.10823
8964.22891,0.10885
8960.37167,0.10962
8956.51443,0.11056
8952.65719,0.11158
8948.79995,0.11251
8944.94271,0.11337
8941.08546,0.11416
8937.22822,0.11483
8933.37098,0.11555
8929.51374,0.11649
8925.65650,0.11761
8921.79926,0.11884
8917.94202,0.12011
8914.08477,0.12134
8910.22753,0.12260
8906.37029,0.12397
8902.51305,0.12550
8898.65581,0.12706
8894.79857,0.12848
8890.94133,0.12970
8887.08408,0.13084
8883.22684,0.13210
8879.36960,0.13357
8875.51236,0.13493
8871.65512,0.13586
8867.79788,0.13650
8863.94064,0.13711
8860.08340,0.13753
8856.22615,0.13749
8852.36891,0.13718
8848.51167,0.13690
8844.65443,0.13658
8840.79719,0.13598
8836.93995,0.13521
8833.08271,0.13456
8829.22546,0.13397
8825.36822,0.13317
8821.51098,0.13210
8817.65374,0.13100
8813.79650,0.12988
8809.93926,0.12861
8806.08202,0.12723
8802.22477,0.12574
8798.36753,0.12431
8794.51029,0.12311
8790.65305,0.12199
8786.79581,0.12091
8782.93857,0.11989
8779.08133,0.11890
8775.22409,0.11793
8771.36684,0.11697
8767.50960,0.11620
8763.65236,0.11564
8759.79512,0.11502
8755.93788,0.11433
8752.08064,0.11390
8748.22340,0.11385
8744.36615,0.11395
8740.50891,0.11382
8736.65167,0.11348
8732.79443,0.11329
8728.93719,0.11336
8725.07995,0.11372
8721.22271,0.11419
8717.36547,0.11433
8713.50822,0.11421
8709.65098,0.11433
8705.79374,0.11471
8701.93650,0.11509
8698.07926,0.11529
8694.22202,0.11532
8690.36478,0.11534
8686.50753,0.11541
8682.65029,0.11546
8678.79305,0.11557
8674.93581,0.11585
8671.07857,0.11611
8667.22133,0.11626
8663.36409,0.11645
8659.50684,0.11681
8655.64960,0.11722
8651.79236,0.11763
8647.93512,0.11812
8644.07788,0.11868
8640.22064,0.11916
8636.36340,0.11952
8632.50616,0.11976
8628.64891,0.11993
8624.79167,0.12022
8620.93443,0.12056
8617.07719,0.12086
8613.21995,0.12122
8609.36271,0.12170
8605.50547,0.12220
8601.64822,0.12267
8597.79098,0.12306
8593.93374,0.12349
8590.07650,0.12399
8586.21926,0.12440
8582.36202,0.12478
8578.50478,0.12518
8574.64753,0.12537
8570.79029,0.12541
8566.93305,0.12557
8563.07581,0.12597
8559.21857,0.12647
8555.36133,0.12681
8551.50409,0.12704
8547.64685,0.12740
8543.78960,0.12780
8539.93236,0.12809
8536.07512,0.12828
8532.21788,0.12845
8528.36064,0.12871
8524.50340,0.12909
8520.64616,0.12945
8516.78891,0.12971
8512.93167,0.12992
8509.07443,0.13011
8505.21719,0.13014
8501.35995,0.13008
8497.50271,0.13013
8493.64547,0.13024
8489.78822,0.13028
8485.93098,0.13027
8482.07374,0.13038
8478.21650,0.13062
8474.35926,0.13082
8470.50202,0.13088
8466.64478,0.13074
8462.78754,0.13053
8458.93029,0.13037
8455.07305,0.13018
8451.21581,0.12992
8447.35857,0.12972
8443.50133,0.12953
8439.64409,0.12931
8435.78685,0.12911
8431.92960,0.12907
8428.07236,0.12914
8424.21512,0.12916
8420.35788,0.12890
8416.50064,0.12845
8412.64340,0.12816
8408.78616,0.12814
8404.92892,0.12819
8401.07167,0.12819
8397.21443,0.12796
8393.35719,0.12751
8389.49995,0.12715
8385.64271,0.12697
8381.78547,0.12685
8377.92823,0.12672
8374.07098,0.12663
8370.21374,0.12656
8366.35650,0.12639
8362.49926,0.12613
8358.64202,0.12594
8354.78478,0.12594
8350.92754,0.12604
8347.07029,0.12598
8343.21305,0.12582
8339.35581,0.12576
8335.49857,0.12573
8331.64133,0.12562
8327.78409,0.12542
8323.92685,0.12517
8320.06961,0.12505
8316.21236,0.12520
8312.35512,0.12540
8308.49788,0.12539
8304.64064,0.12529
8300.78340,0.12523
8296.92616,0.12516
8293.06892,0.12506
8289.21167,0.12497
8285.35443,0.12488
8281.49719,0.12487
8277.63995,0.12493
8273.78271,0.12495
8269.92547,0.12492
8266.06823,0.12492
8262.21098,0.12494
8258.35374,0.12499
8254.49650,0.12512
8250.63926,0.12527
8246.78202,0.12528
8242.92478,0.12522
8239.06754,0.12524
8235.21030,0.12534
8231.35305,0.12543
8227.49581,0.12548
8223.63857,0.12545
8219.78133,0.12537
8215.92409,0.12526
8212.06685,0.12520
8208.20961,0.12516
8204.35236,0.12506
8200.49512,0.12491
8196.63788,0.12477
8192.78064,0.12469
8188.92340,0.12471
8185.06616,0.12474
8181.20892,0.12457
8177.35168,0.12423
8173.49443,0.12391
8169.63719,0.12370
8165.77995,0.12355
8161.92271,0.12343
8158.06547,0.12334
8154.20823,0.12318
8150.35099,0.12300
8146.49374,0.12284
8142.63650,0.12265
8138.77926,0.12246
8134.92202,0.12237
8131.06478,0.12233
8127.20754,0.12223
8123.35030,0.12199
8119.49305,0.12163
8115.63581,0.12131
8111.77857,0.12111
8107.92133,0.12096
8104.06409,0.12076
8100.20685,0.12046
8096.34961,0.12017
8092.49237,0.11997
8088.63512,0.11971
8084.77788,0.11939
8080.92064,0.11922
8077.06340,0.11927
8073.20616,0.11933
8069.34892,0.11925
8065.49168,0.11902
8061.63443,0.11871
8057.77719,0.11845
8053.91995,0.11827
8050.06271,0.11812
8046.20547,0.11793
8042.34823,0.11780
8038.49099,0.11775
8034.63374,0.11768
8030.77650,0.11754
8026.91926,0.11741
8023.06202,0.11731
8019.20478,0.11730
8015.34754,0.11731
8011.49030,0.11721
8007.63306,0.11700
8003.77581,0.11686
7999.91857,0.11683
7996.06133,0.11676
7992.20409,0.11659
7988.34685,0.11646
7984.48961,0.11635
7980.63237,0.11615
7976.77512,0.11607
7972.91788,0.11618
7969.06064,0.11620
7965.20340,0.11603
7961.34616,0.11585
7957.48892,0.11575
7953.63168,0.11569
7949.77444,0.11574
7945.91719,0.11583
7942.05995,0.11580
7938.20271,0.11559
7934.34547,0.11531
7930.48823,0.11514
7926.63099,0.11515
7922.77375,0.11533
7918.91650,0.11554
7915.05926,0.11564
7911.20202,0.11562
7907.34478,0.11555
7903.48754,0.11554
7899.63030,0.11564
7895.77306,0.11567
7891.91581,0.11557
7888.05857,0.11552
7884.20133,0.11567
7880.34409,0.11582
7876.48685,0.11575
7872.62961,0.11565
7868.77237,0.11575
7864.91513,0.11588
7861.05788,0.11584
7857.20064,0.11570
7853.34340,0.11561
7849.48616,0.11552
7845.62892,0.11534
7841.77168,0.11516
7837.91444,0.11509
7834.05719,0.11501
7830.19995,0.11486
7826.34271,0.11474
7822.48547,0.11464
7818.62823,0.11446
7814.77099,0.11427
7810.91375,0.11419
7807.05650,0.11417
7803.19926,0.11414
7799.34202,0.11404
7795.48478,0.11381
7791.62754,0.11357
7787.77030,0.11355
7783.91306,0.11350
7780.05582,0.11324
7776.19857,0.11311
7772.34133,0.11320
7768.48409,0.11318
7764.62685,0.11302
7760.76961,0.11290
7756.91237,0.11279
7753.05513,0.11260
7749.19788,0.11243
7745.34064,0.11235
7741.48340,0.11224
7737.62616,0.11200
7733.76892,0.11176
7729.91168,0.11156
7726.05444,0.11135
7722.19720,0.11111
7718.33995,0.11083
7714.48271,0.11070
7710.62547,0.11092
7706.76823,0.11117
7702.91099,0.11095
7699.05375,0.11053
7695.19651,0.11033
7691.33926,0.11025
7687.48202,0.11022
7683.62478,0.11034
7679.76754,0.11053
7675.91030,0.11061
7672.05306,0.11053
7668.19582,0.11038
7664.33857,0.11032
7660.48133,0.11045
7656.62409,0.11071
7652.76685,0.11091
7648.90961,0.11103
7645.05237,0.11115
7641.19513,0.11119
7637.33789,0.11117
7633.48064,0.11119
7629.62340,0.11116
7625.76616,0.11111
7621.90892,0.11119
7618.05168,0.11137
7614.19444,0.11150
7610.33720,0.11165
7606.47995,0.11191
7602.62271,0.11211
7598.76547,0.11214
7594.90823,0.11215
7591.05099,0.11220
7587.19375,0.11221
7583.33651,0.11223
7579.47926,0.11242
7575.62202,0.11260
7571.76478,0.11265
7567.90754,0.11274
7564.05030,0.11293
7560.19306,0.11322
7556.33582,0.11365
7552.47858,0.11414
7548.62133,0.11454
7544.76409,0.11480
7540.90685,0.11493
7537.04961,0.11516
7533.19237,0.11559
7529.33513,0.11594
7525.47789,0.11605
7521.62064,0.11612
7517.76340,0.11626
7513.90616,0.11649
7510.04892,0.11673
7506.19168,0.11697
7502.33444,0.11719
7498.47720,0.11742
7494.61996,0.11778
7490.76271,0.11825
7486.90547,0.11859
7483.04823,0.11884
7479.19099,0.11924
7475.33375,0.11982
7471.47651,0.12042
7467.61927,0.12094
7463.76202,0.12145
7459.90478,0.12211
7456.04754,0.12293
7452.19030,0.12377
7448.33306,0.12463
7444.47582,0.12550
7440.61858,0.12634
7436.76133,0.12723
7432.90409,0.12828
7429.04685,0.12948
7425.18961,0.13070
7421.33237,0.13184
7417.47513,0.13286
7413.61789,0.13377
7409.76065,0.13470
7405.90340,0.13571
7402.04616,0.13677
7398.18892,0.13784
7394.33168,0.13888
7390.47444,0.13998
7386.61720,0.14121
7382.75996,0.14245
7378.90271,0.14361
7375.04547,0.14477
7371.18823,0.14599
7367.33099,0.14718
7363.47375,0.14832
7359.61651,0.14949
7355.75927,0.15059
7351.90202,0.15144
7348.04478,0.15211
7344.18754,0.15276
7340.33030,0.15343
7336.47306,0.15410
7332.61582,0.15485
7328.75858,0.15561
7324.90134,0.15616
7321.04409,0.15647
7317.18685,0.15674
7313.32961,0.15703
7309.47237,0.15727
7305.61513,0.15742
7301.75789,0.15756
7297.90065,0.15775
7294.04340,0.15805
7290.18616,0.15838
7286.32892,0.15863
7282.47168,0.15888
7278.61444,0.15919
7274.75720,0.15950
7270.89996,0.15978
7267.04272,0.16006
7263.18547,0.16038
7259.32823,0.16081
7255.47099,0.16126
7251.61375,0.16156
7247.75651,0.16173
7243.89927,0.16192
7240.04203,0.16223
7236.18478,0.16253
7232.32754,0.16273
7228.47030,0.16288
7224.61306,0.16300
7220.75582,0.16317
7216.89858,0.16347
7213.04134,0.16376
7209.18409,0.16390
7205.32685,0.16394
7201.46961,0.16402
7197.61237,0.16419
7193.75513,0.16442
7189.89789,0.16469
7186.04065,0.16505
7182.18341,0.16544
7178.32616,0.16580
7174.46892,0.16620
7170.61168,0.16672
7166.75444,0.16734
7162.89720,0.16804
7159.03996,0.16888
7155.18272,0.16983
7151.32547,0.17074
7147.46823,0.17163
7143.61099,0.17268
7139.75375,0.17392
7135.89651,0.17515
7132.03927,0.17634
7128.18203,0.17746
7124.32478,0.17855
7120.46754,0.17970
7116.61030,0.18089
7112.75306,0.18208
7108.89582,0.18325
7105.03858,0.18440
7101.18134,0.18558
7097.32410,0.18692
7093.46685,0.18838
7089.60961,0.18984
7085.75237,0.19133
7081.89513,0.19285
7078.03789,0.19441
7074.18065,0.19602
7070.32341,0.19769
7066.46616,0.19942
7062.60892,0.20115
7058.75168,0.20275
7054.89444,0.20426
7051.03720,0.20580
7047.17996,0.20736
7043.32272,0.20891
7039.46548,0.21043
7035.60823,0.21184
7031.75099,0.21316
7027.89375,0.21442
7024.03651,0.21557
7020.17927,0.21663
7016.32203,0.21766
7012.46479,0.21871
7008.60754,0.21976
7004.75030,0.22074
7000.89306,0.22163
6997.03582,0.22246
6993.17858,0.22327
6989.32134,0.22408
6985.46410,0.22483
6981.60685,0.22554
6977.74961,0.22632
6973.89237,0.22709
6970.03513,0.22771
6966.17789,0.22825
6962.32065,0.22881
6958.46341,0.22938
6954.60617,0.22986
6950.74892,0.23019
6946.89168,0.23048
6943.03444,0.23084
6939.17720,0.23126
6935.31996,0.23172
6931.46272,0.23221
6927.60548,0.23267
6923.74823,0.23312
6919.89099,0.23361
6916.03375,0.23407
6912.17651,0.23440
6908.31927,0.23465
6904.46203,0.23497
6900.60479,0.23540
6896.74754,0.23588
6892.89030,0.23641
6889.03306,0.23694
6885.17582,0.23744
6881.31858,0.23789
6877.46134,0.23836
6873.60410,0.23889
6869.74686,0.23950
6865.88961,0.24021
6862.03237,0.24093
6858.17513,0.24157
6854.31789,0.24220
6850.46065,0.24288
6846.60341,0.24360
6842.74617,0.24439
6838.88892,0.24517
6835.03168,0.24589
6831.17444,0.24654
6827.31720,0.24720
6823.45996,0.24793
6819.60272,0.24867
6815.74548,0.24938
6811.88824,0.25017
6808.03099,0.25101
6804.17375,0.25186
6800.31651,0.25273
6796.45927,0.25363
6792.60203,0.25454
6788.74479,0.25542
6784.88755,0.25633
6781.03030,0.25721
6777.17306,0.25798
6773.31582,0.25871
6769.45858,0.25949
6765.60134,0.26025
6761.74410,0.26085
6757.88686,0.26131
6754.02961,0.26173
6750.17237,0.26216
6746.31513,0.26255
6742.45789,0.26287
6738.60065,0.26312
6734.74341,0.26331
6730.88617,0.26351
6727.02893,0.26373
6723.17168,0.26388
6719.31444,0.26396
6715.45720,0.26395
6711.59996,0.26386
6707.74272,0.26376
6703.88548,0.26375
6700.02824,0.26383
6696.17099,0.26392
6692.31375,0.26394
6688.45651,0.26384
6684.59927,0.26371
6680.74203,0.26362
6676.88479,0.26345
6673.02755,0.26313
6669.17030,0.26273
6665.31306,0.26245
6661.45582,0.26223
6657.59858,0.26190
6653.74134,0.26145
6649.88410,0.26107
6646.02686,0.26075
6642.16962,0.26040
6638.31237,0.25997
6634.45513,0.25952
6630.59789,0.25900
6626.74065,0.25844
6622.88341,0.25786
6619.02617,0.25727
6615.16893,0.25678
6611.31168,0.25637
6607.45444,0.25594
6603.59720,0.25543
6599.73996,0.25495
6595.88272,0.25456
6592.02548,0.25420
6588.16824,0.25380
6584.31100,0.25349
6580.45375,0.25331
6576.59651,0.25320
6572.73927,0.25314
6568.88203,0.25308
6565.02479,0.25301
6561.16755,0.25297
6557.31031,0.25301
6553.45306,0.25307
6549.59582,0.25314
6545.73858,0.25328
6541.88134,0.25351
6538.02410,0.25371
6534.16686,0.25387
6530.30962,0.25404
6526.45237,0.25418
6522.59513,0.25427
6518.73789,0.25438
6514.88065,0.25451
6511.02341,0.25465
6507.16617,0.25479
6503.30893,0.25490
6499.45169,0.25497
6495.59444,0.25504
6491.73720,0.25516
6487.87996,0.25523
6484.02272,0.25514
6480.16548,0.25495
6476.30824,0.25486
6472.45100,0.25483
6468.59375,0.25472
6464.73651,0.25452
6460.87927,0.25424
6457.02203,0.25391
6453.16479,0.25369
6449.30755,0.25353
6445.45031,0.25331
6441.59306,0.25303
6437.73582,0.25273
6433.87858,0.25236
6430.02134,0.25192
6426.16410,0.25150
6422.30686,0.25116
6418.44962,0.25086
6414.59238,0.25057
6410.73513,0.25028
6406.87789,0.24999
6403.02065,0.24977
6399.16341,0.24959
6395.30617,0.24940
6391.44893,0.24919
6387.59169,0.24899
6383.73444,0.24883
6379.87720,0.24871
6376.01996,0.24856
6372.16272,0.24838
6368.30548,0.24820
6364.44824,0.24798
6360.59100,0.24773
6356.73376,0.24748
6352.87651,0.24729
6349.01927,0.24722
6345.16203,0.24722
6341.30479,0.24721
6337.44755,0.24717
6333.59031,0.24712
6329.73307,0.24710
6325.87582,0.24710
6322.01858,0.24712
6318.16134,0.24713
6314.30410,0.24708
6310.44686,0.24694
6306.58962,0.24675
6302.73238,0.24657
6298.87513,0.24639
6295.01789,0.24612
6291.16065,0.24573
6287.30341,0.24527
6283.44617,0.24471
6279.58893,0.24400
6275.73169,0.24326
6271.87445,0.24256
6268.01720,0.24184
6264.15996,0.24105
6260.30272,0.24018
6256.44548,0.23931
6252.58824,0.23854
6248.73100,0.23783
6244.87376,0.23702
6241.01651,0.23609
6237.15927,0.23511
6233.30203,0.23413
6229.44479,0.23316
6225.58755,0.23224
6221.73031,0.23148
6217.87307,0.23096
6214.01582,0.23075
6210.15858,0.23086
6206.30134,0.23125
6202.44410,0.23178
6198.58686,0.23214
6194.72962,0.23202
6190.87238,0.23124
6187.01514,0.22994
6183.15789,0.22845
6179.30065,0.22702
6175.44341,0.22585
6171.58617,0.22505
6167.72893,0.22462
6163.87169,0.22450
6160.01445,0.22468
6156.15720,0.22514
6152.29996,0.22579
6148.44272,0.22640
6144.58548,0.22671
6140.72824,0.22669
6136.87100,0.22650
6133.01376,0.22629
6129.15652,0.22625
6125.29927,0.22665
6121.44203,0.22773
6117.58479,0.22955
6113.72755,0.23217
6109.87031,0.23562
6106.01307,0.23986
6102.15583,0.24463
6098.29858,0.24971
6094.44134,0.25505
6090.58410,0.26036
6086.72686,0.26533
6082.86962,0.26993
6079.01238,0.27441
6075.15514,0.27923
6071.29789,0.28487
6067.44065,0.29145
6063.58341,0.29857
6059.72617,0.30557
6055.86893,0.31187
6052.01169,0.31730
6048.15445,0.32215
6044.29721,0.32689
6040.43996,0.33191
6036.58272,0.33748
6032.72548,0.34349
6028.86824,0.34924
6025.01100,0.35378
6021.15376,0.35635
6017.29652,0.35636
6013.43927,0.35341
6009.58203,0.34775
6005.72479,0.34023
6001.86755,0.33186
5998.01031,0.32354
5994.15307,0.31611
5990.29583,0.31022
5986.43858,0.30604
5982.58134,0.30312
5978.72410,0.30068
5974.86686,0.29790
5971.00962,0.29434
5967.15238,0.29022
5963.29514,0.28636
5959.43790,0.28341
5955.58065,0.28157
5951.72341,0.28066
5947.86617,0.28024
5944.00893,0.27966
5940.15169,0.27821
5936.29445,0.27546
5932.43721,0.27150
5928.57996,0.26689
5924.72272,0.26220
5920.86548,0.25787
5917.00824,0.25407
5913.15100,0.25084
5909.29376,0.24845
5905.43652,0.24716
5901.57927,0.24703
5897.72203,0.24798
5893.86479,0.24983
5890.00755,0.25232
5886.15031,0.25515
5882.29307,0.25799
5878.43583,0.26054
5874.57859,0.26273
5870.72134,0.26460
5866.86410,0.26606
5863.00686,0.26686
5859.14962,0.26692
5855.29238,0.26641
5851.43514,0.26558
5847.57790,0.26468
5843.72065,0.26398
5839.86341,0.26359
5836.00617,0.26343
5832.14893,0.26344
5828.29169,0.26359
5824.43445,0.26377
5820.57721,0.26398
5816.71997,0.26431
5812.86272,0.26467
5809.00548,0.26484
5805.14824,0.26473
5801.29100,0.26439
5797.43376,0.26396
5793.57652,0.26362
5789.71928,0.26335
5785.86203,0.26301
5782.00479,0.26256
5778.14755,0.26204
5774.29031,0.26141
5770.43307,0.26062
5766.57583,0.25965
5762.71859,0.25843
5758.86134,0.25696
5755.00410,0.25527
5751.14686,0.25335
5747.28962,0.25130
5743.43238,0.24927
5739.57514,0.24733
5735.71790,0.24549
5731.86066,0.24386
5728.00341,0.24265
5724.14617,0.24193
5720.28893,0.24166
5716.43169,0.24175
5712.57445,0.24200
5708.71721,0.24218
5704.85997,0.24215
5701.00272,0.24192
5697.14548,0.24156
5693.28824,0.24117
5689.43100,0.24078
5685.57376,0.24036
5681.71652,0.23995
5677.85928,0.23971
5674.00203,0.23974
5670.14479,0.24001
5666.28755,0.24041
5662.43031,0.24089
5658.57307,0.24141
5654.71583,0.24174
5650.85859,0.24165
5647.00135,0.24110
5643.14410,0.24020
5639.28686,0.23910
5635.42962,0.23795
5631.57238,0.23688
5627.71514,0.23588
5623.85790,0.23504
5620.00066,0.23448
5616.14341,0.23417
5612.28617,0.23403
5608.42893,0.23404
5604.57169,0.23417
5600.71445,0.23438
5596.85721,0.23475
5592.99997,0.23527
5589.14273,0.23585
5585.28548,0.23650
5581.42824,0.23724
5577.57100,0.23802
5573.71376,0.23871
5569.85652,0.23929
5565.99928,0.23969
5562.14204,0.23986
5558.28479,0.23982
5554.42755,0.23969
5550.57031,0.23957
5546.71307,0.23953
5542.85583,0.23957
5538.99859,0.23964
5535.14135,0.23966
5531.28410,0.23957
5527.42686,0.23939
5523.56962,0.23911
5519.71238,0.23871
5515.85514,0.23825
5511.99790,0.23785
5508.14066,0.23760
5504.28342,0.23762
5500.42617,0.23793
5496.56893,0.23846
5492.71169,0.23910
5488.85445,0.23975
5484.99721,0.24028
5481.13997,0.24056
5477.28273,0.24057
5473.42548,0.24029
5469.56824,0.23975
5465.71100,0.23897
5461.85376,0.23799
5457.99652,0.23692
5454.13928,0.23577
5450.28204,0.23444
5446.42479,0.23284
5442.56755,0.23113
5438.71031,0.22951
5434.85307,0.22796
5430.99583,0.22648
5427.13859,0.22513
5423.28135,0.22403
5419.42411,0.22327
5415.56686,0.22282
5411.70962,0.22251
5407.85238,0.22222
5403.99514,0.22197
5400.13790,0.22180
5396.28066,0.22163
5392.42342,0.22144
5388.56617,0.22132
5384.70893,0.22128
5380.85169,0.22133
5376.99445,0.22150
5373.13721,0.22181
5369.27997,0.22220
5365.42273,0.22265
5361.56549,0.22315
5357.70824,0.22372
5353.85100,0.22430
5349.99376,0.22477
5346.13652,0.22515
5342.27928,0.22542
5338.42204,0.22562
5334.56480,0.22585
5330.70755,0.22624
5326.85031,0.22687
5322.99307,0.22778
5319.13583,0.22899
5315.27859,0.23048
5311.42135,0.23225
5307.56411,0.23436
5303.70686,0.23678
5299.84962,0.23950
5295.99238,0.24259
5292.13514,0.24616
5288.27790,0.25023
5284.42066,0.25479
5280.56342,0.25983
5276.70618,0.26528
5272.84893,0.27096
5268.99169,0.27676
5265.13445,0.28259
5261.27721,0.28812
5257.41997,0.29304
5253.56273,0.29737
5249.70549,0.30120
5245.84824,0.30463
5241.99100,0.30764
5238.13376,0.31020
5234.27652,0.31244
5230.41928,0.31438
5226.56204,0.31604
5222.70480,0.31748
5218.84755,0.31868
5214.99031,0.31963
5211.13307,0.32039
5207.27583,0.32109
5203.41859,0.32172
5199.56135,0.32224
5195.70411,0.32265
5191.84687,0.32299
5187.98962,0.32327
5184.13238,0.32349
5180.27514,0.32365
5176.41790,0.32371
5172.56066,0.32368
5168.70342,0.32356
5164.84618,0.32342
5160.98893,0.32336
5157.13169,0.32337
5153.27445,0.32334
5149.41721,0.32322
5145.55997,0.32298
5141.70273,0.32275
5137.84549,0.32262
5133.98825,0.32261
5130.13100,0.32262
5126.27376,0.32251
5122.41652,0.32206
5118.55928,0.32102
5114.70204,0.31922
5110.84480,0.31663
5106.98756,0.31348
5103.13031,0.31017
5099.27307,0.30705
5095.41583,0.30415
5091.55859,0.30143
5087.70135,0.29895
5083.84411,0.29675
5079.98687,0.29476
5076.12962,0.29294
5072.27238,0.29121
5068.41514,0.28958
5064.55790,0.28803
5060.70066,0.28658
5056.84342,0.28527
5052.98618,0.28412
5049.12894,0.28304
5045.27169,0.28201
5041.41445,0.28110
5037.55721,0.28028
5033.69997,0.27946
5029.84273,0.27865
5025.98549,0.27794
5022.12825,0.27732
5018.27100,0.27674
5014.41376,0.27622
5010.55652,0.27572
5006.69928,0.27517
5002.84204,0.27456
4998.98480,0.27394
4995.12756,0.27337
4991.27031,0.27291
4987.41307,0.27263
4983.55583,0.27251
4979.69859,0.27254
4975.84135,0.27273
4971.98411,0.27317
4968.12687,0.27395
4964.26963,0.27503
4960.41238,0.27634
4956.55514,0.27784
4952.69790,0.27953
4948.84066,0.28143
4944.98342,0.28345
4941.12618,0.28556
4937.26894,0.28775
4933.41169,0.29001
4929.55445,0.29232
4925.69721,0.29474
4921.83997,0.29739
4917.98273,0.30019
4914.12549,0.30310
4910.26825,0.30611
4906.41101,0.30923
4902.55376,0.31248
4898.69652,0.31589
4894.83928,0.31940
4890.98204,0.32298
4887.12480,0.32665
4883.26756,0.33038
4879.41032,0.33411
4875.55307,0.33777
4871.69583,0.34133
4867.83859,0.34476
4863.98135,0.34808
4860.12411,0.35133
4856.26687,0.35454
4852.40963,0.35781
4848.55238,0.36129
4844.69514,0.36507
4840.83790,0.36921
4836.98066,0.37359
4833.12342,0.37805
4829.26618,0.38252
4825.40894,0.38691
4821.55170,0.39104
4817.69445,0.39477
4813.83721,0.39818
4809.97997,0.40135
4806.12273,0.40432
4802.26549,0.40697
4798.40825,0.40919
4794.55101,0.41091
4790.69376,0.41211
4786.83652,0.41285
4782.97928,0.41326
4779.12204,0.41350
4775.26480,0.41374
4771.40756,0.41419
4767.55032,0.41502
4763.69307,0.41643
4759.83583,0.41844
4755.97859,0.42087
4752.12135,0.42353
4748.26411,0.42625
4744.40687,0.42891
4740.54963,0.43148
4736.69239,0.43419
4732.83514,0.43760
4728.97790,0.44199
4725.12066,0.44671
4721.26342,0.45042
4717.40618,0.45227
4713.54894,0.45288
4709.69170,0.45386
4705.83445,0.45663
4701.97721,0.46168
4698.11997,0.46807
4694.26273,0.47350
4690.40549,0.47547
4686.54825,0.47262
4682.69101,0.46535
4678.83377,0.45546
4674.97652,0.44516
4671.11928,0.43638
4667.26204,0.43020
4663.40480,0.42643
4659.54756,0.42436
4655.69032,0.42380
4651.83308,0.42516
4647.97583,0.42886
4644.11859,0.43445
4640.26135,0.44020
4636.40411,0.44341
4632.54687,0.44177
4628.68963,0.43467
4624.83239,0.42382
4620.97514,0.41223
4617.11790,0.40242
4613.26066,0.39537
4609.40342,0.39109
4605.54618,0.38948
4601.68894,0.39039
4597.83170,0.39320
4593.97446,0.39663
4590.11721,0.39958
4586.25997,0.40193
4582.40273,0.40335
4578.54549,0.40205
4574.68825,0.39645
4570.83101,0.38753
4566.97377,0.37813
4563.11652,0.37067
4559.25928,0.36588
4555.40204,0.36325
4551.54480,0.36193
4547.68756,0.36114
4543.83032,0.36047
4539.97308,0.35988
4536.11583,0.35956
4532.25859,0.35968
4528.40135,0.36029
4524.54411,0.36147
4520.68687,0.36331
4516.82963,0.36595
4512.97239,0.36957
4509.11515,0.37453
4505.25790,0.38121
4501.40066,0.38977
4497.54342,0.39981
4493.68618,0.41011
4489.82894,0.41910
4485.97170,0.42618
4482.11446,0.43216
4478.25721,0.43871
4474.39997,0.44741
4470.54273,0.45931
4466.68549,0.47429
4462.82825,0.49016
4458.97101,0.50315
4455.11377,0.51110
4451.25653,0.51570
4447.39928,0.52012
4443.54204,0.52576
4439.68480,0.53181
4435.82756,0.53656
4431.97032,0.53832
4428.11308,0.53629
4424.25584,0.53145
4420.39859,0.52624
4416.54135,0.52301
4412.68411,0.52256
4408.82687,0.52395
4404.96963,0.52516
4401.11239,0.52438
4397.25515,0.52110
4393.39790,0.51615
4389.54066,0.51078
4385.68342,0.50592
4381.82618,0.50205
4377.96894,0.49931
4374.11170,0.49766
4370.25446,0.49719
4366.39722,0.49794
4362.53997,0.49956
4358.68273,0.50137
4354.82549,0.50301
4350.96825,0.50471
4347.11101,0.50699
4343.25377,0.50997
4339.39653,0.51308
4335.53928,0.51577
4331.68204,0.51806
4327.82480,0.52032
4323.96756,0.52283
4320.11032,0.52575
4316.25308,0.52929
4312.39584,0.53379
4308.53859,0.53937
4304.68135,0.54556
4300.82411,0.55157
4296.96687,0.55669
4293.10963,0.56036
4289.25239,0.56228
4285.39515,0.56267
4281.53791,0.56215
4277.68066,0.56119
4273.82342,0.55976
4269.96618,0.55762
4266.10894,0.55503
4262.25170,0.55265
4258.39446,0.55105
4254.53722,0.55051
4250.67997,0.55077
4246.82273,0.55103
4242.96549,0.55051
4239.10825,0.54912
4235.25101,0.54748
4231.39377,0.54616
4227.53653,0.54501
4223.67929,0.54333
4219.82204,0.54061
4215.96480,0.53724
4212.10756,0.53404
4208.25032,0.53137
4204.39308,0.52914
4200.53584,0.52733
4196.67860,0.52643
4192.82135,0.52714
4188.96411,0.52990
4185.10687,0.53442
4181.24963,0.53920
4177.39239,0.54160
4173.53515,0.53964
4169.67791,0.53387
4165.82066,0.52675
4161.96342,0.52060
4158.10618,0.51650
4154.24894,0.51454
4150.39170,0.51450
4146.53446,0.51625
4142.67722,0.51970
4138.81998,0.52433
4134.96273,0.52905
4131.10549,0.53296
4127.24825,0.53613
4123.39101,0.53935
4119.53377,0.54347
4115.67653,0.54910
4111.81929,0.55679
4107.96204,0.56688
4104.10480,0.57983
4100.24756,0.59664
4096.39032,0.61636
4092.53308,0.63301
4088.67584,0.63948
4084.81860,0.63463
4080.96135,0.62268
4077.10411,0.60851
4073.24687,0.59625
4069.38963,0.58814
4065.53239,0.58396
4061.67515,0.58241
4057.81791,0.58256
4053.96067,0.58385
4050.10342,0.58557
4046.24618,0.58700
4042.38894,0.58781
4038.53170,0.58810
4034.67446,0.58825
4030.81722,0.58854
4026.95998,0.58891
4023.10273,0.58916
4019.24549,0.58910
4015.38825,0.58849
4011.53101,0.58724
4007.67377,0.58544
4003.81653,0.58322
3999.95929,0.58068
3996.10205,0.57782
3992.24480,0.57479
3988.38756,0.57206
3984.53032,0.56992
3980.67308,0.56823
3976.81584,0.56672
3972.95860,0.56507
3969.10136,0.56302
3965.24411,0.56047
3961.38687,0.55756
3957.52963,0.55455
3953.67239,0.55159
3949.81515,0.54858
3945.95791,0.54554
3942.10067,0.54269
3938.24342,0.54023
3934.38618,0.53806
3930.52894,0.53604
3926.67170,0.53411
3922.81446,0.53215
3918.95722,0.53011
3915.09998,0.52803
3911.24274,0.52585
3907.38549,0.52316
3903.52825,0.51947
3899.67101,0.51530
3895.81377,0.51173
3891.95653,0.50862
3888.09929,0.50581
3884.24205,0.50358
3880.38480,0.50192
3876.52756,0.50026
3872.67032,0.49785
3868.81308,0.49454
3864.95584,0.49108
3861.09860,0.48809
3857.24136,0.48528
3853.38411,0.48222
3849.52687,0.48004
3845.66963,0.47888
3841.81239,0.47779
3837.95515,0.47684
3834.09791,0.47626
3830.24067,0.47589
3826.38343,0.47585
3822.52618,0.47675
3818.66894,0.47939
3814.81170,0.48301
3810.95446,0.48586
3807.09722,0.48711
3803.23998,0.48642
3799.38274,0.48416
3795.52549,0.48176
3791.66825,0.48011
3787.81101,0.47939
3783.95377,0.47974
3780.09653,0.48125
3776.23929,0.48350
3772.38205,0.48607
3768.52481,0.48920
3764.66756,0.49281
3760.81032,0.49587
3756.95308,0.49691
3753.09584,0.49474
3749.23860,0.49056
3745.38136,0.48826
3741.52412,0.48933
3737.66687,0.49266
3733.80963,0.49710
3729.95239,0.49989
3726.09515,0.50042
3722.23791,0.50090
3718.38067,0.50283
3714.52343,0.50671
3710.66618,0.51364
3706.80894,0.52307
3702.95170,0.53404
3699.09446,0.54713
3695.23722,0.56203
3691.37998,0.58097
3687.52274,0.60296
3683.66550,0.61831
3679.80825,0.62728
3675.95101,0.63741
3672.09377,0.65329
3668.23653,0.67178
3664.37929,0.68910
3660.52205,0.70583
3656.66481,0.72312
3652.80756,0.74123
3648.95032,0.76173
3645.09308,0.78168
3641.23584,0.79541
3637.37860,0.80543
3633.52136,0.81451
3629.66412,0.82375
3625.80687,0.83305
3621.94963,0.84009
3618.09239,0.84631
3614.23515,0.85388
3610.37791,0.86288
3606.52067,0.87005
3602.66343,0.87463
3598.80619,0.88042
