12493.60475,0.12258
12489.74751,0.12278
12485.89027,0.12221
12482.03303,0.12204
12478.17579,0.12225
12474.31855,0.12183
12470.46130,0.12181
12466.60406,0.12299
12462.74682,0.12277
12458.88958,0.12195
12455.03234,0.12377
12451.17510,0.12608
12447.31786,0.12566
12443.46062,0.12378
12439.60337,0.12363
12435.74613,0.12562
12431.88889,0.12674
12428.03165,0.12634
12424.17441,0.12703
12420.31717,0.12794
12416.45993,0.12641
12412.60268,0.12339
12408.74544,0.12096
12404.88820,0.12076
12401.03096,0.12366
12397.17372,0.12650
12393.31648,0.12673
12389.45924,0.12598
12385.60199,0.12425
12381.74475,0.12180
12377.88751,0.12279
12374.03027,0.12682
12370.17303,0.12835
12366.31579,0.12529
12362.45855,0.12107
12358.60131,0.12092
12354.74406,0.12439
12350.88682,0.12640
12347.02958,0.12584
12343.17234,0.12437
12339.31510,0.12265
12335.45786,0.12167
12331.60062,0.12296
12327.74337,0.12632
12323.88613,0.12880
12320.02889,0.12870
12316.17165,0.12723
12312.31441,0.12508
12308.45717,0.12263
12304.59993,0.12070
12300.74268,0.12028
12296.88544,0.12183
12293.02820,0.12307
12289.17096,0.12201
12285.31372,0.12100
12281.45648,0.12229
12277.59924,0.12328
12273.74200,0.12214
12269.88475,0.12192
12266.02751,0.12322
12262.17027,0.12345
12258.31303,0.12384
12254.45579,0.12561
12250.59855,0.12633
12246.74131,0.12528
12242.88406,0.12354
12239.02682,0.12263
12235.16958,0.12416
12231.31234,0.12548
12227.45510,0.12371
12223.59786,0.12141
12219.74062,0.12030
12215.88338,0.11935
12212.02613,0.11927
12208.16889,0.12054
12204.31165,0.12195
12200.45441,0.12271
12196.59717,0.12255
12192.73993,0.12215
12188.88269,0.12249
12185.02544,0.12319
12181.16820,0.12361
12177.31096,0.12309
12173.45372,0.12130
12169.59648,0.11989
12165.73924,0.11972
12161.88200,0.11959
12158.02475,0.12000
12154.16751,0.12130
12150.31027,0.12112
12146.45303,0.11917
12142.59579,0.11842
12138.73855,0.11977
12134.88131,0.12052
12131.02407,0.11868
12127.16682,0.11624
12123.30958,0.11531
12119.45234,0.11531
12115.59510,0.11580
12111.73786,0.11663
12107.88062,0.11725
12104.02338,0.11722
12100.16613,0.11672
12096.30889,0.11603
12092.45165,0.11492
12088.59441,0.11456
12084.73717,0.11588
12080.87993,0.11728
12077.02269,0.11791
12073.16544,0.11820
12069.30820,0.11759
12065.45096,0.11528
12061.59372,0.11253
12057.73648,0.11210
12053.87924,0.11453
12050.02200,0.11752
12046.16476,0.11971
12042.30751,0.12042
12038.45027,0.11847
12034.59303,0.11578
12030.73579,0.11570
12026.87855,0.11763
12023.02131,0.11866
12019.16407,0.11907
12015.30682,0.12052
12011.44958,0.12188
12007.59234,0.12204
12003.73510,0.12096
11999.87786,0.11968
11996.02062,0.12014
11992.16338,0.12136
11988.30614,0.12202
11984.44889,0.12267
11980.59165,0.12282
11976.73441,0.12173
11972.87717,0.12005
11969.01993,0.11923
11965.16269,0.12032
11961.30545,0.12304
11957.44820,0.12548
11953.59096,0.12544
11949.73372,0.12376
11945.87648,0.12275
11942.01924,0.12222
11938.16200,0.12150
11934.30476,0.12046
11930.44751,0.11869
11926.59027,0.11743
11922.73303,0.11765
11918.87579,0.11877
11915.01855,0.12054
11911.16131,0.12128
11907.30407,0.12031
11903.44683,0.12032
11899.58958,0.12179
11895.73234,0.12274
11891.87510,0.12285
11888.01786,0.12275
11884.16062,0.12315
11880.30338,0.12408
11876.44614,0.12373
11872.58889,0.12202
11868.73165,0.12120
11864.87441,0.12096
11861.01717,0.12038
11857.15993,0.12106
11853.30269,0.12294
11849.44545,0.12406
11845.58820,0.12410
11841.73096,0.12373
11837.87372,0.12389
11834.01648,0.12480
11830.15924,0.12545
11826.30200,0.12598
11822.44476,0.12598
11818.58752,0.12457
11814.73027,0.12400
11810.87303,0.12496
11807.01579,0.12542
11803.15855,0.12575
11799.30131,0.12655
11795.44407,0.12686
11791.58683,0.12704
11787.72958,0.12749
11783.87234,0.12706
11780.01510,0.12604
11776.15786,0.12645
11772.30062,0.12798
11768.44338,0.12834
11764.58614,0.12789
11760.72890,0.12826
11756.87165,0.12844
11753.01441,0.12772
11749.15717,0.12817
11745.29993,0.12954
11741.44269,0.12896
11737.58545,0.12686
11733.72821,0.12595
11729.87096,0.12589
11726.01372,0.12552
11722.15648,0.12637
11718.29924,0.12811
11714.44200,0.12780
11710.58476,0.12602
11706.72752,0.12544
11702.87027,0.12655
11699.01303,0.12782
11695.15579,0.12729
11691.29855,0.12567
11687.44131,0.12553
11683.58407,0.12708
11679.72683,0.12859
11675.86959,0.12824
11672.01234,0.12619
11668.15510,0.12567
11664.29786,0.12717
11660.44062,0.12676
11656.58338,0.12503
11652.72614,0.12586
11648.86890,0.12765
11645.01165,0.12726
11641.15441,0.12601
11637.29717,0.12600
11633.43993,0.12626
11629.58269,0.12520
11625.72545,0.12446
11621.86821,0.12594
11618.01096,0.12754
11614.15372,0.12705
11610.29648,0.12574
11606.43924,0.12542
11602.58200,0.12658
11598.72476,0.12761
11594.86752,0.12667
11591.01028,0.12550
11587.15303,0.12599
11583.29579,0.12591
11579.43855,0.12372
11575.58131,0.12241
11571.72407,0.12352
11567.86683,0.12435
11564.00959,0.12392
11560.15234,0.12390
11556.29510,0.12546
11552.43786,0.12811
11548.58062,0.12910
11544.72338,0.12677
11540.86614,0.12412
11537.00890,0.12497
11533.15166,0.12728
11529.29441,0.12681
11525.43717,0.12554
11521.57993,0.12672
11517.72269,0.12787
11513.86545,0.12673
11510.00821,0.12565
11506.15097,0.12684
11502.29372,0.12923
11498.43648,0.13020
11494.57924,0.12844
11490.72200,0.12614
11486.86476,0.12657
11483.00752,0.12838
11479.15028,0.12798
11475.29303,0.12562
11471.43579,0.12418
11467.57855,0.12454
11463.72131,0.12520
11459.86407,0.12487
11456.00683,0.12396
11452.14959,0.12394
11448.29235,0.12475
11444.43510,0.12487
11440.57786,0.12441
11436.72062,0.12467
11432.86338,0.12517
11429.00614,0.12503
11425.14890,0.12488
11421.29166,0.12518
11417.43441,0.12525
11413.57717,0.12496
11409.71993,0.12489
11405.86269,0.12474
11402.00545,0.12394
11398.14821,0.12306
11394.29097,0.12266
11390.43372,0.12252
11386.57648,0.12300
11382.71924,0.12437
11378.86200,0.12492
11375.00476,0.12343
11371.14752,0.12151
11367.29028,0.12072
11363.43304,0.12171
11359.57579,0.12476
11355.71855,0.12754
11351.86131,0.12742
11348.00407,0.12598
11344.14683,0.12568
11340.28959,0.12605
11336.43235,0.12598
11332.57510,0.12537
11328.71786,0.12492
11324.86062,0.12556
11321.00338,0.12654
11317.14614,0.12613
11313.28890,0.12461
11309.43166,0.12384
11305.57442,0.12430
11301.71717,0.12499
11297.85993,0.12539
11294.00269,0.12553
11290.14545,0.12570
11286.28821,0.12588
11282.43097,0.12562
11278.57373,0.12525
11274.71648,0.12536
11270.85924,0.12566
11267.00200,0.12564
11263.14476,0.12573
11259.28752,0.12654
11255.43028,0.12673
11251.57304,0.12480
11247.71579,0.12266
11243.85855,0.12211
11240.00131,0.12203
11236.14407,0.12219
11232.28683,0.12319
11228.42959,0.12378
11224.57235,0.12334
11220.71511,0.12311
11216.85786,0.12360
11213.00062,0.12353
11209.14338,0.12218
11205.28614,0.12109
11201.42890,0.12153
11197.57166,0.12228
11193.71442,0.12190
11189.85717,0.12097
11185.99993,0.12027
11182.14269,0.11997
11178.28545,0.12038
11174.42821,0.12111
11170.57097,0.12171
11166.71373,0.12249
11162.85648,0.12319
11158.99924,0.12304
11155.14200,0.12250
11151.28476,0.12203
11147.42752,0.12151
11143.57028,0.12164
11139.71304,0.12240
11135.85580,0.12233
11131.99855,0.12167
11128.14131,0.12173
11124.28407,0.12214
11120.42683,0.12216
11116.56959,0.12220
11112.71235,0.12252
11108.85511,0.12285
11104.99786,0.12289
11101.14062,0.12256
11097.28338,0.12235
11093.42614,0.12247
11089.56890,0.12247
11085.71166,0.12279
11081.85442,0.12371
11077.99718,0.12422
11074.13993,0.12408
11070.28269,0.12378
11066.42545,0.12359
11062.56821,0.12387
11058.71097,0.12410
11054.85373,0.12390
11050.99649,0.12369
11047.13924,0.12339
11043.28200,0.12298
11039.42476,0.12291
11035.56752,0.12296
11031.71028,0.12287
11027.85304,0.12289
11023.99580,0.12280
11020.13855,0.12246
11016.28131,0.12268
11012.42407,0.12313
11008.56683,0.12260
11004.70959,0.12167
11000.85235,0.12146
10996.99511,0.12206
10993.13787,0.12296
10989.28062,0.12290
10985.42338,0.12180
10981.56614,0.12110
10977.70890,0.12133
10973.85166,0.12206
10969.99442,0.12249
10966.13718,0.12229
10962.27993,0.12196
10958.42269,0.12172
10954.56545,0.12183
10950.70821,0.12252
10946.85097,0.12306
10942.99373,0.12296
10939.13649,0.12283
10935.27924,0.12307
10931.42200,0.12293
10927.56476,0.12229
10923.70752,0.12212
10919.85028,0.12235
10915.99304,0.12246
10912.13580,0.12249
10908.27856,0.12224
10904.42131,0.12165
10900.56407,0.12113
10896.70683,0.12059
10892.84959,0.11982
10888.99235,0.11893
10885.13511,0.11809
10881.27787,0.11793
10877.42062,0.11865
10873.56338,0.11927
10869.70614,0.11938
10865.84890,0.11925
10861.99166,0.11891
10858.13442,0.11864
10854.27718,0.11882
10850.41993,0.11954
10846.56269,0.12062
10842.70545,0.12094
10838.84821,0.11975
10834.99097,0.11853
10831.13373,0.11855
10827.27649,0.11858
10823.41925,0.11802
10819.56200,0.11805
10815.70476,0.11864
10811.84752,0.11869
10807.99028,0.11846
10804.13304,0.11864
10800.27580,0.11892
10796.41856,0.11887
10792.56131,0.11857
10788.70407,0.11816
10784.84683,0.11780
10780.98959,0.11788
10777.13235,0.11864
10773.27511,0.11935
10769.41787,0.11953
10765.56063,0.11935
10761.70338,0.11882
10757.84614,0.11843
10753.98890,0.11843
10750.13166,0.11835
10746.27442,0.11851
10742.41718,0.11927
10738.55994,0.11951
10734.70269,0.11867
10730.84545,0.11825
10726.98821,0.11875
10723.13097,0.11878
10719.27373,0.11809
10715.41649,0.11786
10711.55925,0.11867
10707.70200,0.11977
10703.84476,0.11993
10699.98752,0.11875
10696.13028,0.11736
10692.27304,0.11732
10688.41580,0.11853
10684.55856,0.11958
10680.70132,0.11977
10676.84407,0.11946
10672.98683,0.11910
10669.12959,0.11897
10665.27235,0.11911
10661.41511,0.11934
10657.55787,0.11961
10653.70063,0.11941
10649.84338,0.11834
10645.98614,0.11741
10642.12890,0.11760
10638.27166,0.11843
10634.41442,0.11898
10630.55718,0.11885
10626.69994,0.11816
10622.84269,0.11745
10618.98545,0.11721
10615.12821,0.11754
10611.27097,0.11829
10607.41373,0.11859
10603.55649,0.11792
10599.69925,0.11723
10595.84201,0.11714
10591.98476,0.11734
10588.12752,0.11764
10584.27028,0.11782
10580.41304,0.11796
10576.55580,0.11826
10572.69856,0.11811
10568.84132,0.11737
10564.98407,0.11700
10561.12683,0.11714
10557.26959,0.11712
10553.41235,0.11702
10549.55511,0.11717
10545.69787,0.11728
10541.84063,0.11685
10537.98339,0.11620
10534.12614,0.11615
10530.26890,0.11642
10526.41166,0.11624
10522.55442,0.11572
10518.69718,0.11523
10514.83994,0.11537
10510.98270,0.11616
10507.12545,0.11666
10503.26821,0.11647
10499.41097,0.11601
10495.55373,0.11586
10491.69649,0.11621
10487.83925,0.11630
10483.98201,0.11566
10480.12476,0.11530
10476.26752,0.11571
10472.41028,0.11617
10468.55304,0.11613
10464.69580,0.11582
10460.83856,0.11557
10456.98132,0.11540
10453.12408,0.11539
10449.26683,0.11556
10445.40959,0.11546
10441.55235,0.11508
10437.69511,0.11499
10433.83787,0.11510
10429.98063,0.11506
10426.12339,0.11524
10422.26614,0.11577
10418.40890,0.11591
10414.55166,0.11538
10410.69442,0.11474
10406.83718,0.11435
10402.97994,0.11420
10399.12270,0.11434
10395.26545,0.11478
10391.40821,0.11556
10387.55097,0.11655
10383.69373,0.11685
10379.83649,0.11625
10375.97925,0.11580
10372.12201,0.11566
10368.26477,0.11524
10364.40752,0.11497
10360.55028,0.11521
10356.69304,0.11552
10352.83580,0.11577
10348.97856,0.11609
10345.12132,0.11636
10341.26408,0.11654
10337.40683,0.11658
10333.54959,0.11630
10329.69235,0.11582
10325.83511,0.11535
10321.97787,0.11503
10318.12063,0.11479
10314.26339,0.11478
10310.40615,0.11514
10306.54890,0.11525
10302.69166,0.11497
10298.83442,0.11490
10294.97718,0.11516
10291.11994,0.11543
10287.26270,0.11563
10283.40546,0.11595
10279.54821,0.11647
10275.69097,0.11684
10271.83373,0.11678
10267.97649,0.11624
10264.11925,0.11573
10260.26201,0.11567
10256.40477,0.11574
10252.54752,0.11585
10248.69028,0.11624
10244.83304,0.11656
10240.97580,0.11658
10237.11856,0.11651
10233.26132,0.11631
10229.40408,0.11602
10225.54684,0.11592
10221.68959,0.11595
10217.83235,0.11592
10213.97511,0.11615
10210.11787,0.11676
10206.26063,0.11729
10202.40339,0.11702
10198.54615,0.11607
10194.68890,0.11571
10190.83166,0.11607
10186.97442,0.11626
10183.11718,0.11626
10179.25994,0.11638
10175.40270,0.11661
10171.54546,0.11691
10167.68821,0.11713
10163.83097,0.11701
10159.97373,0.11668
10156.11649,0.11666
10152.25925,0.11683
10148.40201,0.11676
10144.54477,0.11666
10140.68753,0.11673
10136.83028,0.11689
10132.97304,0.11690
10129.11580,0.11672
10125.25856,0.11680
10121.40132,0.11727
10117.54408,0.11772
10113.68684,0.11766
10109.82959,0.11714
10105.97235,0.11691
10102.11511,0.11713
10098.25787,0.11712
10094.40063,0.11685
10090.54339,0.11654
10086.68615,0.11614
10082.82891,0.11609
10078.97166,0.11657
10075.11442,0.11716
10071.25718,0.11771
10067.39994,0.11810
10063.54270,0.11788
10059.68546,0.11722
10055.82822,0.11676
10051.97097,0.11673
10048.11373,0.11705
10044.25649,0.11748
10040.39925,0.11780
10036.54201,0.11781
10032.68477,0.11758
10028.82753,0.11747
10024.97028,0.11754
10021.11304,0.11740
10017.25580,0.11696
10013.39856,0.11678
10009.54132,0.11716
10005.68408,0.11743
10001.82684,0.11715
9997.96960,0.11677
9994.11235,0.11672
9990.25511,0.11692
9986.39787,0.11724
9982.54063,0.11759
9978.68339,0.11791
9974.82615,0.11808
9970.96891,0.11808
9967.11166,0.11802
9963.25442,0.11809
9959.39718,0.11823
9955.53994,0.11826
9951.68270,0.11816
9947.82546,0.11797
9943.96822,0.11775
9940.11097,0.11764
9936.25373,0.11767
9932.39649,0.11762
9928.53925,0.11736
9924.68201,0.11701
9920.82477,0.11690
9916.96753,0.11719
9913.11029,0.11758
9909.25304,0.11778
9905.39580,0.11769
9901.53856,0.11729
9897.68132,0.11685
9893.82408,0.11654
9889.96684,0.11640
9886.10960,0.11647
9882.25235,0.11656
9878.39511,0.11651
9874.53787,0.11647
9870.68063,0.11657
9866.82339,0.11676
9862.96615,0.11687
9859.10891,0.11675
9855.25167,0.11673
9851.39442,0.11711
9847.53718,0.11764
9843.67994,0.11797
9839.82270,0.11810
9835.96546,0.11792
9832.10822,0.11748
9828.25098,0.11720
9824.39373,0.11714
9820.53649,0.11700
9816.67925,0.11688
9812.82201,0.11712
9808.96477,0.11764
9805.10753,0.11767
9801.25029,0.11695
9797.39304,0.11632
9793.53580,0.11663
9789.67856,0.11737
9785.82132,0.11739
9781.96408,0.11674
9778.10684,0.11647
9774.24960,0.11687
9770.39236,0.11725
9766.53511,0.11717
9762.67787,0.11703
9758.82063,0.11700
9754.96339,0.11681
9751.10615,0.11662
9747.24891,0.11673
9743.39167,0.11695
9739.53442,0.11698
9735.67718,0.11674
9731.81994,0.11638
9727.96270,0.11637
9724.10546,0.11674
9720.24822,0.11693
9716.39098,0.11683
9712.53373,0.11698
9708.67649,0.11732
9704.81925,0.11742
9700.96201,0.11718
9697.10477,0.11677
9693.24753,0.11653
9689.39029,0.11659
9685.53305,0.11646
9681.67580,0.11590
9677.81856,0.11528
9673.96132,0.11502
9670.10408,0.11500
9666.24684,0.11494
9662.38960,0.11497
9658.53236,0.11504
9654.67511,0.11493
9650.81787,0.11506
9646.96063,0.11563
9643.10339,0.11580
9639.24615,0.11545
9635.38891,0.11542
9631.53167,0.11559
9627.67443,0.11547
9623.81718,0.11531
9619.95994,0.11528
9616.10270,0.11519
9612.24546,0.11505
9608.38822,0.11495
9604.53098,0.11482
9600.67374,0.11476
9596.81649,0.11493
9592.95925,0.11515
9589.10201,0.11526
9585.24477,0.11505
9581.38753,0.11443
9577.53029,0.11396
9573.67305,0.11412
9569.81580,0.11459
9565.95856,0.11483
9562.10132,0.11473
9558.24408,0.11446
9554.38684,0.11416
9550.52960,0.11408
9546.67236,0.11428
9542.81512,0.11440
9538.95787,0.11446
9535.10063,0.11474
9531.24339,0.11506
9527.38615,0.11509
9523.52891,0.11493
9519.67167,0.11472
9515.81443,0.11432
9511.95718,0.11381
9508.09994,0.11351
9504.24270,0.11345
9500.38546,0.11351
9496.52822,0.11379
9492.67098,0.11413
9488.81374,0.11416
9484.95649,0.11389
9481.09925,0.11352
9477.24201,0.11348
9473.38477,0.11386
9469.52753,0.11403
9465.67029,0.11385
9461.81305,0.11371
9457.95581,0.11362
9454.09856,0.11343
9450.24132,0.11321
9446.38408,0.11321
9442.52684,0.11342
9438.66960,0.11352
9434.81236,0.11343
9430.95512,0.11328
9427.09787,0.11314
9423.24063,0.11306
9419.38339,0.11313
9415.52615,0.11328
9411.66891,0.11332
9407.81167,0.11326
9403.95443,0.11321
9400.09719,0.11308
9396.23994,0.11288
9392.38270,0.11286
9388.52546,0.11290
9384.66822,0.11271
9380.81098,0.11256
9376.95374,0.11267
9373.09650,0.11278
9369.23925,0.11278
9365.38201,0.11265
9361.52477,0.11238
9357.66753,0.11224
9353.81029,0.11246
9349.95305,0.11279
9346.09581,0.11293
9342.23856,0.11300
9338.38132,0.11320
9334.52408,0.11336
9330.66684,0.11336
9326.80960,0.11330
9322.95236,0.11303
9319.09512,0.11267
9315.23788,0.11262
9311.38063,0.11285
9307.52339,0.11303
9303.66615,0.11309
9299.80891,0.11318
9295.95167,0.11326
9292.09443,0.11319
9288.23719,0.11299
9284.37994,0.11275
9280.52270,0.11244
9276.66546,0.11230
9272.80822,0.11240
9268.95098,0.11254
9265.09374,0.11262
9261.23650,0.11262
9257.37925,0.11267
9253.52201,0.11296
9249.66477,0.11322
9245.80753,0.11310
9241.95029,0.11289
9238.09305,0.11292
9234.23581,0.11303
9230.37857,0.11306
9226.52132,0.11313
9222.66408,0.11325
9218.80684,0.11327
9214.94960,0.11307
9211.09236,0.11277
9207.23512,0.11265
9203.37788,0.11279
9199.52063,0.11293
9195.66339,0.11285
9191.80615,0.11268
9187.94891,0.11267
9184.09167,0.11283
9180.23443,0.11294
9176.37719,0.11298
9172.51995,0.11308
9168.66270,0.11323
9164.80546,0.11315
9160.94822,0.11280
9157.09098,0.11259
9153.23374,0.11274
9149.37650,0.11299
9145.51926,0.11312
9141.66201,0.11325
9137.80477,0.11340
9133.94753,0.11328
9130.09029,0.11298
9126.23305,0.11285
9122.37581,0.11312
9118.51857,0.11355
9114.66132,0.11371
9110.80408,0.11365
9106.94684,0.11364
9103.08960,0.11365
9099.23236,0.11361
9095.37512,0.11361
9091.51788,0.11375
9087.66064,0.11404
9083.80339,0.11440
9079.94615,0.11464
9076.08891,0.11453
9072.23167,0.11424
9068.37443,0.11416
9064.51719,0.11427
9060.65995,0.11430
9056.80270,0.11418
9052.94546,0.11416
9049.08822,0.11444
9045.23098,0.11481
9041.37374,0.11507
9037.51650,0.11519
9033.65926,0.11516
9029.80201,0.11524
9025.94477,0.11555
9022.08753,0.11581
9018.23029,0.11587
9014.37305,0.11597
9010.51581,0.11632
9006.65857,0.11680
9002.80133,0.11723
8998.94408,0.11753
8995.08684,0.11774
8991.22960,0.11793
8987.37236,0.11799
8983.51512,0.11797
8979.65788,0.11821
8975.80064,0.11886
8971.94339,0.11964
8968.08615,0.12022
8964.22891,0.12061
8960.37167,0.12105
8956.51443,0.12177
8952.65719,0.12261
8948.79995,0.12327
8944.94271,0.12374
8941.08546,0.12429
8937.22822,0.12512
8933.37098,0.12595
8929.51374,0.12648
8925.65650,0.12693
8921.79926,0.12766
8917.94202,0.12869
8914.08477,0.12980
8910.22753,0.13089
8906.37029,0.13202
8902.51305,0.13324
8898.65581,0.13453
8894.79857,0.13571
8890.94133,0.13670
8887.08408,0.13771
8883.22684,0.13889
8879.36960,0.14011
8875.51236,0.14121
8871.65512,0.14204
8867.79788,0.14253
8863.94064,0.14282
8860.08340,0.14306
8856.22615,0.14324
8852.36891,0.14324
8848.51167,0.14296
8844.65443,0.14244
8840.79719,0.14183
8836.93995,0.14127
8833.08271,0.14087
8829.22546,0.14046
8825.36822,0.13977
8821.51098,0.13888
8817.65374,0.13792
8813.79650,0.13682
8809.93926,0.13560
8806.08202,0.13443
8802.22477,0.13342
8798.36753,0.13249
8794.51029,0.13141
8790.65305,0.13019
8786.79581,0.12908
8782.93857,0.12813
8779.08133,0.12721
8775.22409,0.12635
8771.36684,0.12577
8767.50960,0.12535
8763.65236,0.12488
8759.79512,0.12443
8755.93788,0.12408
8752.08064,0.12379
8748.22340,0.12371
8744.36615,0.12368
8740.50891,0.12352
8736.65167,0.12341
8732.79443,0.12335
8728.93719,0.12316
8725.07995,0.12293
8721.22271,0.12275
8717.36547,0.12266
8713.50822,0.12277
8709.65098,0.12300
8705.79374,0.12321
8701.93650,0.12341
8698.07926,0.12365
8694.22202,0.12382
8690.36478,0.12390
8686.50753,0.12395
8682.65029,0.12387
8678.79305,0.12371
8674.93581,0.12373
8671.07857,0.12391
8667.22133,0.12404
8663.36409,0.12416
8659.50684,0.12447
8655.64960,0.12490
8651.79236,0.12525
8647.93512,0.12546
8644.07788,0.12564
8640.22064,0.12577
8636.36340,0.12585
8632.50616,0.12606
8628.64891,0.12642
8624.79167,0.12675
8620.93443,0.12698
8617.07719,0.12729
8613.21995,0.12765
8609.36271,0.12785
8605.50547,0.12794
8601.64822,0.12813
8597.79098,0.12843
8593.93374,0.12868
8590.07650,0.12879
8586.21926,0.12889
8582.36202,0.12912
8578.50478,0.12938
8574.64753,0.12964
8570.79029,0.12989
8566.93305,0.13010
8563.07581,0.13032
8559.21857,0.13056
8555.36133,0.13068
8551.50409,0.13071
8547.64685,0.13092
8543.78960,0.13138
8539.93236,0.13174
8536.07512,0.13180
8532.21788,0.13179
8528.36064,0.13196
8524.50340,0.13234
8520.64616,0.13274
8516.78891,0.13296
8512.93167,0.13299
8509.07443,0.13286
8505.21719,0.13275
8501.35995,0.13274
8497.50271,0.13267
8493.64547,0.13252
8489.78822,0.13235
8485.93098,0.13222
8482.07374,0.13220
8478.21650,0.13232
8474.35926,0.13238
8470.50202,0.13220
8466.64478,0.13189
8462.78754,0.13165
8458.93029,0.13137
8455.07305,0.13099
8451.21581,0.13065
8447.35857,0.13038
8443.50133,0.13009
8439.64409,0.12978
8435.78685,0.12953
8431.92960,0.12939
8428.07236,0.12932
8424.21512,0.12919
8420.35788,0.12896
8416.50064,0.12864
8412.64340,0.12829
8408.78616,0.12793
8404.92892,0.12755
8401.07167,0.12713
8397.21443,0.12665
8393.35719,0.12628
8389.49995,0.12612
8385.64271,0.12601
8381.78547,0.12585
8377.92823,0.12566
8374.07098,0.12546
8370.21374,0.12525
8366.35650,0.12502
8362.49926,0.12478
8358.64202,0.12456
8354.78478,0.12439
8350.92754,0.12428
8347.07029,0.12423
8343.21305,0.12421
8339.35581,0.12412
8335.49857,0.12397
8331.64133,0.12379
8327.78409,0.12357
8323.92685,0.12337
8320.06961,0.12327
8316.21236,0.12323
8312.35512,0.12315
8308.49788,0.12301
8304.64064,0.12278
8300.78340,0.12265
8296.92616,0.12267
8293.06892,0.12259
8289.21167,0.12241
8285.35443,0.12234
8281.49719,0.12233
8277.63995,0.12225
8273.78271,0.12210
8269.92547,0.12190
8266.06823,0.12177
8262.21098,0.12181
8258.35374,0.12183
8254.49650,0.12177
8250.63926,0.12175
8246.78202,0.12182
8242.92478,0.12192
8239.06754,0.12196
8235.21030,0.12188
8231.35305,0.12176
8227.49581,0.12169
8223.63857,0.12168
8219.78133,0.12164
8215.92409,0.12147
8212.06685,0.12126
8208.20961,0.12113
8204.35236,0.12108
8200.49512,0.12102
8196.63788,0.12086
8192.78064,0.12062
8188.92340,0.12050
8185.06616,0.12046
8181.20892,0.12034
8177.35168,0.12019
8173.49443,0.12014
8169.63719,0.12022
8165.77995,0.12034
8161.92271,0.12040
8158.06547,0.12025
8154.20823,0.11998
8150.35099,0.11979
8146.49374,0.11976
8142.63650,0.11975
8138.77926,0.11968
8134.92202,0.11962
8131.06478,0.11951
8127.20754,0.11940
8123.35030,0.11943
8119.49305,0.11950
8115.63581,0.11944
8111.77857,0.11922
8107.92133,0.11889
8104.06409,0.11862
8100.20685,0.11854
8096.34961,0.11857
8092.49237,0.11853
8088.63512,0.11840
8084.77788,0.11824
8080.92064,0.11808
8077.06340,0.11801
8073.20616,0.11805
8069.34892,0.11815
8065.49168,0.11820
8061.63443,0.11816
8057.77719,0.11806
8053.91995,0.11800
8050.06271,0.11798
8046.20547,0.11794
8042.34823,0.11784
8038.49099,0.11776
8034.63374,0.11767
8030.77650,0.11753
8026.91926,0.11737
8023.06202,0.11735
8019.20478,0.11739
8015.34754,0.11733
8011.49030,0.11718
8007.63306,0.11711
8003.77581,0.11715
7999.91857,0.11711
7996.06133,0.11697
7992.20409,0.11683
7988.34685,0.11670
7984.48961,0.11658
7980.63237,0.11653
7976.77512,0.11665
7972.91788,0.11684
7969.06064,0.11692
7965.20340,0.11689
7961.34616,0.11694
7957.48892,0.11700
7953.63168,0.11694
7949.77444,0.11681
7945.91719,0.11665
7942.05995,0.11650
7938.20271,0.11637
7934.34547,0.11636
7930.48823,0.11650
7926.63099,0.11660
7922.77375,0.11662
7918.91650,0.11663
7915.05926,0.11653
7911.20202,0.11636
7907.34478,0.11634
7903.48754,0.11649
7899.63030,0.11660
7895.77306,0.11656
7891.91581,0.11653
7888.05857,0.11663
7884.20133,0.11672
7880.34409,0.11667
7876.48685,0.11658
7872.62961,0.11662
7868.77237,0.11665
7864.91513,0.11655
7861.05788,0.11642
7857.20064,0.11637
7853.34340,0.11651
7849.48616,0.11664
7845.62892,0.11652
7841.77168,0.11633
7837.91444,0.11633
7834.05719,0.11638
7830.19995,0.11627
7826.34271,0.11613
7822.48547,0.11597
7818.62823,0.11589
7814.77099,0.11603
7810.91375,0.11625
7807.05650,0.11632
7803.19926,0.11633
7799.34202,0.11630
7795.48478,0.11608
7791.62754,0.11582
7787.77030,0.11583
7783.91306,0.11604
7780.05582,0.11613
7776.19857,0.11616
7772.34133,0.11624
7768.48409,0.11620
7764.62685,0.11606
7760.76961,0.11605
7756.91237,0.11610
7753.05513,0.11604
7749.19788,0.11598
7745.34064,0.11593
7741.48340,0.11583
7737.62616,0.11573
7733.76892,0.11576
7729.91168,0.11583
7726.05444,0.11574
7722.19720,0.11543
7718.33995,0.11514
7714.48271,0.11510
7710.62547,0.11529
7706.76823,0.11542
7702.91099,0.11538
7699.05375,0.11530
7695.19651,0.11516
7691.33926,0.11493
7687.48202,0.11483
7683.62478,0.11499
7679.76754,0.11528
7675.91030,0.11542
7672.05306,0.11543
7668.19582,0.11543
7664.33857,0.11545
7660.48133,0.11544
7656.62409,0.11545
7652.76685,0.11554
7648.90961,0.11566
7645.05237,0.11574
7641.19513,0.11573
7637.33789,0.11566
7633.48064,0.11571
7629.62340,0.11583
7625.76616,0.11589
7621.90892,0.11592
7618.05168,0.11597
7614.19444,0.11604
7610.33720,0.11612
7606.47995,0.11625
7602.62271,0.11633
7598.76547,0.11632
7594.90823,0.11632
7591.05099,0.11634
7587.19375,0.11624
7583.33651,0.11620
7579.47926,0.11638
7575.62202,0.11659
7571.76478,0.11665
7567.90754,0.11663
7564.05030,0.11668
7560.19306,0.11691
7556.33582,0.11730
7552.47858,0.11763
7548.62133,0.11786
7544.76409,0.11803
7540.90685,0.11812
7537.04961,0.11821
7533.19237,0.11843
7529.33513,0.11858
7525.47789,0.11855
7521.62064,0.11853
7517.76340,0.11860
7513.90616,0.11863
7510.04892,0.11864
7506.19168,0.11876
7502.33444,0.11895
7498.47720,0.11917
7494.61996,0.11952
7490.76271,0.11983
7486.90547,0.11990
7483.04823,0.11989
7479.19099,0.12000
7475.33375,0.12025
7471.47651,0.12061
7467.61927,0.12095
7463.76202,0.12131
7459.90478,0.12181
7456.04754,0.12237
7452.19030,0.12289
7448.33306,0.12341
7444.47582,0.12394
7440.61858,0.12448
7436.76133,0.12507
7432.90409,0.12579
7429.04685,0.12666
7425.18961,0.12753
7421.33237,0.12830
7417.47513,0.12901
7413.61789,0.12966
7409.76065,0.13021
7405.90340,0.13073
7402.04616,0.13132
7398.18892,0.13205
7394.33168,0.13280
7390.47444,0.13351
7386.61720,0.13429
7382.75996,0.13517
7378.90271,0.13603
7375.04547,0.13685
7371.18823,0.13775
7367.33099,0.13865
7363.47375,0.13937
7359.61651,0.14000
7355.75927,0.14068
7351.90202,0.14133
7348.04478,0.14183
7344.18754,0.14212
7340.33030,0.14237
7336.47306,0.14272
7332.61582,0.14305
7328.75858,0.14324
7324.90134,0.14327
7321.04409,0.14321
7317.18685,0.14324
7313.32961,0.14336
7309.47237,0.14335
7305.61513,0.14320
7301.75789,0.14318
7297.90065,0.14334
7294.04340,0.14352
7290.18616,0.14370
7286.32892,0.14393
7282.47168,0.14417
7278.61444,0.14441
7274.75720,0.14471
7270.89996,0.14504
7267.04272,0.14535
7263.18547,0.14561
7259.32823,0.14585
7255.47099,0.14615
7251.61375,0.14646
7247.75651,0.14663
7243.89927,0.14667
7240.04203,0.14674
7236.18478,0.14694
7232.32754,0.14715
7228.47030,0.14722
7224.61306,0.14724
7220.75582,0.14739
7216.89858,0.14762
7213.04134,0.14784
7209.18409,0.14805
7205.32685,0.14819
7201.46961,0.14818
7197.61237,0.14813
7193.75513,0.14817
7189.89789,0.14825
7186.04065,0.14834
7182.18341,0.14849
7178.32616,0.14875
7174.46892,0.14911
7170.61168,0.14953
7166.75444,0.14996
7162.89720,0.15033
7159.03996,0.15068
7155.18272,0.15108
7151.32547,0.15160
7147.46823,0.15229
7143.61099,0.15306
7139.75375,0.15375
7135.89651,0.15436
7132.03927,0.15500
7128.18203,0.15567
7124.32478,0.15630
7120.46754,0.15693
7116.61030,0.15754
7112.75306,0.15807
7108.89582,0.15854
7105.03858,0.15909
7101.18134,0.15974
7097.32410,0.16045
7093.46685,0.16117
7089.60961,0.16195
7085.75237,0.16280
7081.89513,0.16371
7078.03789,0.16467
7074.18065,0.16559
7070.32341,0.16646
7066.46616,0.16733
7062.60892,0.16817
7058.75168,0.16897
7054.89444,0.16974
7051.03720,0.17052
7047.17996,0.17128
7043.32272,0.17204
7039.46548,0.17278
7035.60823,0.17342
7031.75099,0.17397
7027.89375,0.17450
7024.03651,0.17506
7020.17927,0.17557
7016.32203,0.17591
7012.46479,0.17612
7008.60754,0.17632
7004.75030,0.17656
7000.89306,0.17684
6997.03582,0.17718
6993.17858,0.17756
6989.32134,0.17793
6985.46410,0.17821
6981.60685,0.17849
6977.74961,0.17884
6973.89237,0.17913
6970.03513,0.17924
6966.17789,0.17927
6962.32065,0.17932
6958.46341,0.17938
6954.60617,0.17942
6950.74892,0.17947
6946.89168,0.17954
6943.03444,0.17969
6939.17720,0.17981
6935.31996,0.17980
6931.46272,0.17977
6927.60548,0.17988
6923.74823,0.18009
6919.89099,0.18025
6916.03375,0.18030
6912.17651,0.18029
6908.31927,0.18035
6904.46203,0.18049
6900.60479,0.18065
6896.74754,0.18076
6892.89030,0.18080
6889.03306,0.18084
6885.17582,0.18096
6881.31858,0.18115
6877.46134,0.18143
6873.60410,0.18178
6869.74686,0.18214
6865.88961,0.18246
6862.03237,0.18278
6858.17513,0.18311
6854.31789,0.18347
6850.46065,0.18380
6846.60341,0.18414
6842.74617,0.18453
6838.88892,0.18495
6835.03168,0.18529
6831.17444,0.18559
6827.31720,0.18594
6823.45996,0.18630
6819.60272,0.18663
6815.74548,0.18693
6811.88824,0.18730
6808.03099,0.18775
6804.17375,0.18825
6800.31651,0.18879
6796.45927,0.18933
6792.60203,0.18982
6788.74479,0.19030
6784.88755,0.19084
6781.03030,0.19138
6777.17306,0.19190
6773.31582,0.19242
6769.45858,0.19293
6765.60134,0.19336
6761.74410,0.19366
6757.88686,0.19384
6754.02961,0.19400
6750.17237,0.19413
6746.31513,0.19420
6742.45789,0.19425
6738.60065,0.19432
6734.74341,0.19444
6730.88617,0.19460
6727.02893,0.19476
6723.17168,0.19482
6719.31444,0.19478
6715.45720,0.19468
6711.59996,0.19462
6707.74272,0.19464
6703.88548,0.19475
6700.02824,0.19486
6696.17099,0.19486
6692.31375,0.19480
6688.45651,0.19473
6684.59927,0.19466
6680.74203,0.19456
6676.88479,0.19442
6673.02755,0.19426
6669.17030,0.19407
6665.31306,0.19384
6661.45582,0.19360
6657.59858,0.19338
6653.74134,0.19314
6649.88410,0.19283
6646.02686,0.19246
6642.16962,0.19207
6638.31237,0.19171
6634.45513,0.19141
6630.59789,0.19112
6626.74065,0.19077
6622.88341,0.19036
6619.02617,0.18993
6615.16893,0.18951
6611.31168,0.18910
6607.45444,0.18872
6603.59720,0.18837
6599.73996,0.18806
6595.88272,0.18780
6592.02548,0.18754
6588.16824,0.18730
6584.31100,0.18714
6580.45375,0.18702
6576.59651,0.18688
6572.73927,0.18678
6568.88203,0.18677
6565.02479,0.18683
6561.16755,0.18689
6557.31031,0.18691
6553.45306,0.18696
6549.59582,0.18709
6545.73858,0.18725
6541.88134,0.18736
6538.02410,0.18750
6534.16686,0.18765
6530.30962,0.18776
6526.45237,0.18787
6522.59513,0.18803
6518.73789,0.18818
6514.88065,0.18828
6511.02341,0.18831
6507.16617,0.18835
6503.30893,0.18842
6499.45169,0.18851
6495.59444,0.18860
6491.73720,0.18860
6487.87996,0.18852
6484.02272,0.18841
6480.16548,0.18830
6476.30824,0.18823
6472.45100,0.18819
6468.59375,0.18813
6464.73651,0.18804
6460.87927,0.18795
6457.02203,0.18783
6453.16479,0.18767
6449.30755,0.18750
6445.45031,0.18734
6441.59306,0.18719
6437.73582,0.18703
6433.87858,0.18682
6430.02134,0.18655
6426.16410,0.18629
6422.30686,0.18608
6418.44962,0.18581
6414.59238,0.18548
6410.73513,0.18522
6406.87789,0.18501
6403.02065,0.18479
6399.16341,0.18464
6395.30617,0.18462
6391.44893,0.18463
6387.59169,0.18454
6383.73444,0.18441
6379.87720,0.18427
6376.01996,0.18413
6372.16272,0.18400
6368.30548,0.18390
6364.44824,0.18379
6360.59100,0.18367
6356.73376,0.18357
6352.87651,0.18354
6349.01927,0.18361
6345.16203,0.18374
6341.30479,0.18385
6337.44755,0.18392
6333.59031,0.18401
6329.73307,0.18409
6325.87582,0.18411
6322.01858,0.18408
6318.16134,0.18405
6314.30410,0.18406
6310.44686,0.18403
6306.58962,0.18390
6302.73238,0.18373
6298.87513,0.18359
6295.01789,0.18343
6291.16065,0.18320
6287.30341,0.18296
6283.44617,0.18275
6279.58893,0.18256
6275.73169,0.18233
6271.87445,0.18204
6268.01720,0.18173
6264.15996,0.18144
6260.30272,0.18113
6256.44548,0.18076
6252.58824,0.18039
6248.73100,0.18006
6244.87376,0.17970
6241.01651,0.17931
6237.15927,0.17891
6233.30203,0.17848
6229.44479,0.17808
6225.58755,0.17781
6221.73031,0.17775
6217.87307,0.17802
6214.01582,0.17874
6210.15858,0.17991
6206.30134,0.18136
6202.44410,0.18290
6198.58686,0.18423
6194.72962,0.18493
6190.87238,0.18471
6187.01514,0.18374
6183.15789,0.18249
6179.30065,0.18138
6175.44341,0.18067
6171.58617,0.18041
6167.72893,0.18052
6163.87169,0.18101
6160.01445,0.18195
6156.15720,0.18332
6152.29996,0.18487
6148.44272,0.18630
6144.58548,0.18740
6140.72824,0.18807
6136.87100,0.18834
6133.01376,0.18847
6129.15652,0.18886
6125.29927,0.18988
6121.44203,0.19179
6117.58479,0.19467
6113.72755,0.19854
6109.87031,0.20339
6106.01307,0.20909
6102.15583,0.21538
6098.29858,0.22209
6094.44134,0.22907
6090.58410,0.23593
6086.72686,0.24228
6082.86962,0.24811
6079.01238,0.25372
6075.15514,0.25972
6071.29789,0.26667
6067.44065,0.27469
6063.58341,0.28327
6059.72617,0.29157
6055.86893,0.29893
6052.01169,0.30530
6048.15445,0.31112
6044.29721,0.31679
6040.43996,0.32276
6036.58272,0.32932
6032.72548,0.33623
6028.86824,0.34273
6025.01100,0.34790
6021.15376,0.35086
6017.29652,0.35084
6013.43927,0.34758
6009.58203,0.34142
6005.72479,0.33314
6001.86755,0.32383
5998.01031,0.31460
5994.15307,0.30643
5990.29583,0.29996
5986.43858,0.29535
5982.58134,0.29220
5978.72410,0.28965
5974.86686,0.28666
5971.00962,0.28262
5967.15238,0.27784
5963.29514,0.27329
5959.43790,0.26979
5955.58065,0.26761
5951.72341,0.26648
5947.86617,0.26590
5944.00893,0.26513
5940.15169,0.26334
5936.29445,0.26000
5932.43721,0.25528
5928.57996,0.24979
5924.72272,0.24422
5920.86548,0.23904
5917.00824,0.23443
5913.15100,0.23045
5909.29376,0.22735
5905.43652,0.22549
5901.57927,0.22505
5897.72203,0.22588
5893.86479,0.22767
5890.00755,0.23015
5886.15031,0.23303
5882.29307,0.23585
5878.43583,0.23832
5874.57859,0.24048
5870.72134,0.24238
5866.86410,0.24392
5863.00686,0.24488
5859.14962,0.24506
5855.29238,0.24451
5851.43514,0.24355
5847.57790,0.24256
5843.72065,0.24172
5839.86341,0.24112
5836.00617,0.24084
5832.14893,0.24080
5828.29169,0.24090
5824.43445,0.24111
5820.57721,0.24141
5816.71997,0.24173
5812.86272,0.24196
5809.00548,0.24196
5805.14824,0.24165
5801.29100,0.24118
5797.43376,0.24069
5793.57652,0.24020
5789.71928,0.23966
5785.86203,0.23898
5782.00479,0.23822
5778.14755,0.23742
5774.29031,0.23652
5770.43307,0.23547
5766.57583,0.23428
5762.71859,0.23279
5758.86134,0.23093
5755.00410,0.22876
5751.14686,0.22637
5747.28962,0.22381
5743.43238,0.22116
5739.57514,0.21859
5735.71790,0.21618
5731.86066,0.21407
5728.00341,0.21243
5724.14617,0.21136
5720.28893,0.21091
5716.43169,0.21095
5712.57445,0.21118
5708.71721,0.21129
5704.85997,0.21113
5701.00272,0.21070
5697.14548,0.21007
5693.28824,0.20930
5689.43100,0.20848
5685.57376,0.20769
5681.71652,0.20700
5677.85928,0.20645
5674.00203,0.20614
5670.14479,0.20618
5666.28755,0.20651
5662.43031,0.20697
5658.57307,0.20740
5654.71583,0.20761
5650.85859,0.20736
5647.00135,0.20654
5643.14410,0.20529
5639.28686,0.20384
5635.42962,0.20233
5631.57238,0.20090
5627.71514,0.19965
5623.85790,0.19862
5620.00066,0.19785
5616.14341,0.19736
5612.28617,0.19714
5608.42893,0.19717
5604.57169,0.19738
5600.71445,0.19775
5596.85721,0.19828
5592.99997,0.19901
5589.14273,0.19989
5585.28548,0.20083
5581.42824,0.20179
5577.57100,0.20282
5573.71376,0.20384
5569.85652,0.20468
5565.99928,0.20522
5562.14204,0.20542
5558.28479,0.20538
5554.42755,0.20528
5550.57031,0.20527
5546.71307,0.20532
5542.85583,0.20536
5538.99859,0.20540
5535.14135,0.20541
5531.28410,0.20531
5527.42686,0.20502
5523.56962,0.20455
5519.71238,0.20395
5515.85514,0.20329
5511.99790,0.20273
5508.14066,0.20240
5504.28342,0.20241
5500.42617,0.20273
5496.56893,0.20335
5492.71169,0.20423
5488.85445,0.20520
5484.99721,0.20601
5481.13997,0.20647
5477.28273,0.20651
5473.42548,0.20616
5469.56824,0.20554
5465.71100,0.20472
5461.85376,0.20376
5457.99652,0.20263
5454.13928,0.20131
5450.28204,0.19981
5446.42479,0.19812
5442.56755,0.19630
5438.71031,0.19449
5434.85307,0.19280
5430.99583,0.19121
5427.13859,0.18986
5423.28135,0.18891
5419.42411,0.18836
5415.56686,0.18808
5411.70962,0.18795
5407.85238,0.18792
5403.99514,0.18790
5400.13790,0.18787
5396.28066,0.18779
5392.42342,0.18766
5388.56617,0.18761
5384.70893,0.18766
5380.85169,0.18774
5376.99445,0.18787
5373.13721,0.18815
5369.27997,0.18859
5365.42273,0.18912
5361.56549,0.18969
5357.70824,0.19026
5353.85100,0.19072
5349.99376,0.19098
5346.13652,0.19102
5342.27928,0.19089
5338.42204,0.19068
5334.56480,0.19046
5330.70755,0.19031
5326.85031,0.19030
5322.99307,0.19057
5319.13583,0.19114
5315.27859,0.19202
5311.42135,0.19314
5307.56411,0.19452
5303.70686,0.19616
5299.84962,0.19808
5295.99238,0.20030
5292.13514,0.20292
5288.27790,0.20603
5284.42066,0.20966
5280.56342,0.21384
5276.70618,0.21846
5272.84893,0.22325
5268.99169,0.22800
5265.13445,0.23262
5261.27721,0.23688
5257.41997,0.24047
5253.56273,0.24341
5249.70549,0.24580
5245.84824,0.24767
5241.99100,0.24904
5238.13376,0.25001
5234.27652,0.25065
5230.41928,0.25095
5226.56204,0.25102
5222.70480,0.25098
5218.84755,0.25084
5214.99031,0.25054
5211.13307,0.25015
5207.27583,0.24976
5203.41859,0.24942
5199.56135,0.24917
5195.70411,0.24900
5191.84687,0.24892
5187.98962,0.24894
5184.13238,0.24904
5180.27514,0.24915
5176.41790,0.24926
5172.56066,0.24944
5168.70342,0.24970
5164.84618,0.25002
5160.98893,0.25045
5157.13169,0.25106
5153.27445,0.25182
5149.41721,0.25264
5145.55997,0.25346
5141.70273,0.25432
5137.84549,0.25526
5133.98825,0.25632
5130.13100,0.25745
5126.27376,0.25847
5122.41652,0.25906
5118.55928,0.25874
5114.70204,0.25713
5110.84480,0.25431
5106.98756,0.25079
5103.13031,0.24707
5099.27307,0.24347
5095.41583,0.24014
5091.55859,0.23716
5087.70135,0.23454
5083.84411,0.23226
5079.98687,0.23028
5076.12962,0.22858
5072.27238,0.22710
5068.41514,0.22575
5064.55790,0.22450
5060.70066,0.22340
5056.84342,0.22246
5052.98618,0.22173
5049.12894,0.22117
5045.27169,0.22070
5041.41445,0.22025
5037.55721,0.21982
5033.69997,0.21946
5029.84273,0.21913
5025.98549,0.21884
5022.12825,0.21860
5018.27100,0.21844
5014.41376,0.21829
5010.55652,0.21812
5006.69928,0.21782
5002.84204,0.21736
4998.98480,0.21679
4995.12756,0.21623
4991.27031,0.21579
4987.41307,0.21547
4983.55583,0.21527
4979.69859,0.21526
4975.84135,0.21548
4971.98411,0.21595
4968.12687,0.21665
4964.26963,0.21760
4960.41238,0.21876
4956.55514,0.22011
4952.69790,0.22170
4948.84066,0.22348
4944.98342,0.22535
4941.12618,0.22719
4937.26894,0.22899
4933.41169,0.23079
4929.55445,0.23260
4925.69721,0.23447
4921.83997,0.23643
4917.98273,0.23852
4914.12549,0.24072
4910.26825,0.24301
4906.41101,0.24531
4902.55376,0.24764
4898.69652,0.25006
4894.83928,0.25257
4890.98204,0.25507
4887.12480,0.25762
4883.26756,0.26027
4879.41032,0.26296
4875.55307,0.26559
4871.69583,0.26808
4867.83859,0.27043
4863.98135,0.27276
4860.12411,0.27515
4856.26687,0.27760
4852.40963,0.28020
4848.55238,0.28314
4844.69514,0.28654
4840.83790,0.29040
4836.98066,0.29466
4833.12342,0.29919
4829.26618,0.30377
4825.40894,0.30813
4821.55170,0.31213
4817.69445,0.31585
4813.83721,0.31936
4809.97997,0.32264
4806.12273,0.32563
4802.26549,0.32821
4798.40825,0.33024
4794.55101,0.33160
4790.69376,0.33226
4786.83652,0.33229
4782.97928,0.33195
4779.12204,0.33144
4775.26480,0.33094
4771.40756,0.33071
4767.55032,0.33114
4763.69307,0.33252
4759.83583,0.33493
4755.97859,0.33825
4752.12135,0.34222
4748.26411,0.34650
4744.40687,0.35079
4740.54963,0.35513
4736.69239,0.35999
4732.83514,0.36600
4728.97790,0.37325
4725.12066,0.38077
4721.26342,0.38689
4717.40618,0.39052
4713.54894,0.39230
4709.69170,0.39450
4705.83445,0.39932
4701.97721,0.40730
4698.11997,0.41687
4694.26273,0.42499
4690.40549,0.42858
4686.54825,0.42597
4682.69101,0.41756
4678.83377,0.40538
4674.97652,0.39244
4671.11928,0.38155
4667.26204,0.37410
4663.40480,0.36979
4659.54756,0.36776
4655.69032,0.36776
4651.83308,0.37044
4647.97583,0.37640
4644.11859,0.38486
4640.26135,0.39333
4636.40411,0.39836
4632.54687,0.39697
4628.68963,0.38834
4624.83239,0.37470
4620.97514,0.36002
4617.11790,0.34760
4613.26066,0.33885
4609.40342,0.33391
4605.54618,0.33261
4601.68894,0.33487
4597.83170,0.33994
4593.97446,0.34581
4590.11721,0.35073
4586.25997,0.35461
4582.40273,0.35725
4578.54549,0.35639
4574.68825,0.34990
4570.83101,0.33894
4566.97377,0.32718
4563.11652,0.31787
4559.25928,0.31220
4555.40204,0.30954
4551.54480,0.30857
4547.68756,0.30823
4543.83032,0.30803
4539.97308,0.30802
4536.11583,0.30836
4532.25859,0.30918
4528.40135,0.31063
4524.54411,0.31292
4520.68687,0.31607
4516.82963,0.32007
4512.97239,0.32521
4509.11515,0.33196
4505.25790,0.34079
4501.40066,0.35181
4497.54342,0.36454
4493.68618,0.37751
4489.82894,0.38883
4485.97170,0.39761
4482.11446,0.40486
4478.25721,0.41267
4474.39997,0.42294
4470.54273,0.43687
4466.68549,0.45426
4462.82825,0.47254
4458.97101,0.48717
4455.11377,0.49554
4451.25653,0.49973
4447.39928,0.50367
4443.54204,0.50897
4439.68480,0.51457
4435.82756,0.51844
4431.97032,0.51866
4428.11308,0.51431
4424.25584,0.50647
4420.39859,0.49803
4416.54135,0.49186
4412.68411,0.48910
4408.82687,0.48878
4404.96963,0.48852
4401.11239,0.48619
4397.25515,0.48144
4393.39790,0.47547
4389.54066,0.46961
4385.68342,0.46465
4381.82618,0.46097
4377.96894,0.45865
4374.11170,0.45766
4370.25446,0.45798
4366.39722,0.45951
4362.53997,0.46170
4358.68273,0.46372
4354.82549,0.46528
4350.96825,0.46687
4347.11101,0.46915
4343.25377,0.47224
4339.39653,0.47547
4335.53928,0.47803
4331.68204,0.47975
4327.82480,0.48116
4323.96756,0.48285
4320.11032,0.48527
4316.25308,0.48885
4312.39584,0.49387
4308.53859,0.50010
4304.68135,0.50697
4300.82411,0.51369
4296.96687,0.51928
4293.10963,0.52291
4289.25239,0.52427
4285.39515,0.52387
4281.53791,0.52253
4277.68066,0.52080
4273.82342,0.51871
4269.96618,0.51596
4266.10894,0.51269
4262.25170,0.50968
4258.39446,0.50781
4254.53722,0.50736
4250.67997,0.50789
4246.82273,0.50838
4242.96549,0.50790
4239.10825,0.50649
4235.25101,0.50500
4231.39377,0.50405
4227.53653,0.50320
4223.67929,0.50129
4219.82204,0.49778
4215.96480,0.49350
4212.10756,0.48970
4208.25032,0.48691
4204.39308,0.48488
4200.53584,0.48338
4196.67860,0.48280
4192.82135,0.48400
4188.96411,0.48765
4185.10687,0.49354
4181.24963,0.49973
4177.39239,0.50285
4173.53515,0.50051
4169.67791,0.49353
4165.82066,0.48489
4161.96342,0.47729
4158.10618,0.47192
4154.24894,0.46887
4150.39170,0.46810
4146.53446,0.46980
4142.67722,0.47389
4138.81998,0.47958
4134.96273,0.48537
4131.10549,0.48995
4127.24825,0.49317
4123.39101,0.49604
4119.53377,0.49986
4115.67653,0.50564
4111.81929,0.51400
4107.96204,0.52531
4104.10480,0.54014
4100.24756,0.55965
4096.39032,0.58261
4092.53308,0.60163
4088.67584,0.60783
4084.81860,0.59970
4080.96135,0.58259
4077.10411,0.56279
4073.24687,0.54528
4069.38963,0.53259
4065.53239,0.52440
4061.67515,0.51930
4057.81791,0.51627
4053.96067,0.51461
4050.10342,0.51352
4046.24618,0.51236
4042.38894,0.51074
4038.53170,0.50881
4034.67446,0.50705
4030.81722,0.50585
4026.95998,0.50520
4023.10273,0.50488
4019.24549,0.50474
4015.38825,0.50455
4011.53101,0.50390
4007.67377,0.50252
4003.81653,0.50052
3999.95929,0.49817
3996.10205,0.49549
3992.24480,0.49254
3988.38756,0.48977
3984.53032,0.48768
3980.67308,0.48629
3976.81584,0.48530
3972.95860,0.48420
3969.10136,0.48245
3965.24411,0.47991
3961.38687,0.47689
3957.52963,0.47377
3953.67239,0.47067
3949.81515,0.46765
3945.95791,0.46486
3942.10067,0.46239
3938.24342,0.46033
3934.38618,0.45859
3930.52894,0.45719
3926.67170,0.45609
3922.81446,0.45496
3918.95722,0.45349
3915.09998,0.45155
3911.24274,0.44911
3907.38549,0.44596
3903.52825,0.44163
3899.67101,0.43669
3895.81377,0.43228
3891.95653,0.42843
3888.09929,0.42522
3884.24205,0.42283
3880.38480,0.42096
3876.52756,0.41921
3872.67032,0.41692
3868.81308,0.41391
3864.95584,0.41094
3861.09860,0.40854
3857.24136,0.40639
3853.38411,0.40411
3849.52687,0.40248
3845.66963,0.40169
3841.81239,0.40113
3837.95515,0.40070
3834.09791,0.40043
3830.24067,0.40026
3826.38343,0.40055
3822.52618,0.40221
3818.66894,0.40612
3814.81170,0.41099
3810.95446,0.41465
3807.09722,0.41640
3803.23998,0.41576
3799.38274,0.41278
3795.52549,0.40918
3791.66825,0.40657
3787.81101,0.40544
3783.95377,0.40577
3780.09653,0.40745
3776.23929,0.41008
3772.38205,0.41332
3768.52481,0.41742
3764.66756,0.42198
3760.81032,0.42549
3756.95308,0.42606
3753.09584,0.42229
3749.23860,0.41562
3745.38136,0.41100
3741.52412,0.41094
3737.66687,0.41427
3733.80963,0.41884
3729.95239,0.42076
3726.09515,0.41922
3722.23791,0.41680
3718.38067,0.41629
3714.52343,0.41882
3710.66618,0.42512
3706.80894,0.43449
3702.95170,0.44600
3699.09446,0.46023
3695.23722,0.47715
3691.37998,0.49896
3687.52274,0.52274
3683.66550,0.53679
3679.80825,0.54211
3675.95101,0.54652
3672.09377,0.55597
3668.23653,0.57042
3664.37929,0.58589
3660.52205,0.60126
3656.66481,0.61690
3652.80756,0.63239
3648.95032,0.64803
3645.09308,0.66205
3641.23584,0.67183
3637.37860,0.67953
3633.52136,0.68627
3629.66412,0.69146
3625.80687,0.69477
3621.94963,0.69689
3618.09239,0.69990
3614.23515,0.70358
3610.37791,0.70785
3606.52067,0.71232
3602.66343,0.71559
3598.80619,0.71918
