12493.60475,0.12099
12489.74751,0.12023
12485.89027,0.12410
12482.03303,0.12880
12478.17579,0.12978
12474.31855,0.12655
12470.46130,0.12292
12466.60406,0.12363
12462.74682,0.12570
12458.88958,0.12324
12455.03234,0.11975
12451.17510,0.12074
12447.31786,0.12389
12443.46062,0.12582
12439.60337,0.12617
12435.74613,0.12451
12431.88889,0.12255
12428.03165,0.12334
12424.17441,0.12521
12420.31717,0.12493
12416.45993,0.12353
12412.60268,0.12316
12408.74544,0.12327
12404.88820,0.12317
12401.03096,0.12420
12397.17372,0.12522
12393.31648,0.12235
12389.45924,0.11675
12385.60199,0.11540
12381.74475,0.12173
12377.88751,0.12950
12374.03027,0.13112
12370.17303,0.12802
12366.31579,0.12579
12362.45855,0.12631
12358.60131,0.12776
12354.74406,0.12864
12350.88682,0.12884
12347.02958,0.12737
12343.17234,0.12474
12339.31510,0.12305
12335.45786,0.12220
12331.60062,0.12223
12327.74337,0.12432
12323.88613,0.12716
12320.02889,0.12895
12316.17165,0.12990
12312.31441,0.12966
12308.45717,0.12718
12304.59993,0.12295
12300.74268,0.11945
12296.88544,0.11879
12293.02820,0.11953
12289.17096,0.11971
12285.31372,0.12030
12281.45648,0.12203
12277.59924,0.12340
12273.74200,0.12347
12269.88475,0.12353
12266.02751,0.12359
12262.17027,0.12276
12258.31303,0.12206
12254.45579,0.12213
12250.59855,0.12230
12246.74131,0.12249
12242.88406,0.12301
12239.02682,0.12305
12235.16958,0.12278
12231.31234,0.12315
12227.45510,0.12255
12223.59786,0.12080
12219.74062,0.12027
12215.88338,0.12074
12212.02613,0.12020
12208.16889,0.11849
12204.31165,0.11793
12200.45441,0.11918
12196.59717,0.12013
12192.73993,0.11997
12188.88269,0.11856
12185.02544,0.11662
12181.16820,0.11670
12177.31096,0.11875
12173.45372,0.11994
12169.59648,0.12023
12165.73924,0.12162
12161.88200,0.12367
12158.02475,0.12475
12154.16751,0.12422
12150.31027,0.12215
12146.45303,0.12020
12142.59579,0.12018
12138.73855,0.12094
12134.88131,0.12028
12131.02407,0.11814
12127.16682,0.11575
12123.30958,0.11405
12119.45234,0.11336
12115.59510,0.11281
12111.73786,0.11227
12107.88062,0.11337
12104.02338,0.11602
12100.16613,0.11777
12096.30889,0.11663
12092.45165,0.11393
12088.59441,0.11353
12084.73717,0.11567
12080.87993,0.11755
12077.02269,0.11913
12073.16544,0.12045
12069.30820,0.11968
12065.45096,0.11790
12061.59372,0.11784
12057.73648,0.11925
12053.87924,0.11960
12050.02200,0.11803
12046.16476,0.11664
12042.30751,0.11648
12038.45027,0.11695
12034.59303,0.11771
12030.73579,0.11774
12026.87855,0.11737
12023.02131,0.11799
12019.16407,0.11930
12015.30682,0.12038
12011.44958,0.12078
12007.59234,0.12059
12003.73510,0.12067
11999.87786,0.12189
11996.02062,0.12333
11992.16338,0.12352
11988.30614,0.12301
11984.44889,0.12186
11980.59165,0.12023
11976.73441,0.12053
11972.87717,0.12275
11969.01993,0.12397
11965.16269,0.12370
11961.30545,0.12321
11957.44820,0.12328
11953.59096,0.12415
11949.73372,0.12516
11945.87648,0.12608
11942.01924,0.12672
11938.16200,0.12553
11934.30476,0.12292
11930.44751,0.12160
11926.59027,0.12173
11922.73303,0.12142
11918.87579,0.12062
11915.01855,0.12038
11911.16131,0.12070
11907.30407,0.12084
11903.44683,0.12112
11899.58958,0.12256
11895.73234,0.12437
11891.87510,0.12510
11888.01786,0.12493
11884.16062,0.12425
11880.30338,0.12257
11876.44614,0.12052
11872.58889,0.12008
11868.73165,0.12145
11864.87441,0.12314
11861.01717,0.12387
11857.15993,0.12343
11853.30269,0.12380
11849.44545,0.12581
11845.58820,0.12761
11841.73096,0.12851
11837.87372,0.12842
11834.01648,0.12677
11830.15924,0.12487
11826.30200,0.12424
11822.44476,0.12392
11818.58752,0.12424
11814.73027,0.12667
11810.87303,0.12839
11807.01579,0.12716
11803.15855,0.12529
11799.30131,0.12423
11795.44407,0.12353
11791.58683,0.12335
11787.72958,0.12364
11783.87234,0.12386
11780.01510,0.12399
11776.15786,0.12453
11772.30062,0.12565
11768.44338,0.12630
11764.58614,0.12526
11760.72890,0.12319
11756.87165,0.12173
11753.01441,0.12181
11749.15717,0.12295
11745.29993,0.12382
11741.44269,0.12462
11737.58545,0.12543
11733.72821,0.12454
11729.87096,0.12342
11726.01372,0.12622
11722.15648,0.13039
11718.29924,0.13056
11714.44200,0.12854
11710.58476,0.12740
11706.72752,0.12676
11702.87027,0.12648
11699.01303,0.12650
11695.15579,0.12597
11691.29855,0.12426
11687.44131,0.12275
11683.58407,0.12317
11679.72683,0.12397
11675.86959,0.12390
11672.01234,0.12421
11668.15510,0.12485
11664.29786,0.12525
11660.44062,0.12542
11656.58338,0.12465
11652.72614,0.12359
11648.86890,0.12330
11645.01165,0.12285
11641.15441,0.12252
11637.29717,0.12388
11633.43993,0.12546
11629.58269,0.12500
11625.72545,0.12361
11621.86821,0.12299
11618.01096,0.12294
11614.15372,0.12268
11610.29648,0.12197
11606.43924,0.12240
11602.58200,0.12432
11598.72476,0.12458
11594.86752,0.12264
11591.01028,0.12217
11587.15303,0.12353
11583.29579,0.12328
11579.43855,0.12189
11575.58131,0.12264
11571.72407,0.12491
11567.86683,0.12530
11564.00959,0.12319
11560.15234,0.12130
11556.29510,0.12236
11552.43786,0.12535
11548.58062,0.12596
11544.72338,0.12360
11540.86614,0.12222
11537.00890,0.12370
11533.15166,0.12627
11529.29441,0.12635
11525.43717,0.12422
11521.57993,0.12435
11517.72269,0.12626
11513.86545,0.12634
11510.00821,0.12543
11506.15097,0.12620
11502.29372,0.12825
11498.43648,0.12794
11494.57924,0.12470
11490.72200,0.12348
11486.86476,0.12561
11483.00752,0.12647
11479.15028,0.12489
11475.29303,0.12360
11471.43579,0.12340
11467.57855,0.12397
11463.72131,0.12454
11459.86407,0.12404
11456.00683,0.12358
11452.14959,0.12426
11448.29235,0.12463
11444.43510,0.12351
11440.57786,0.12203
11436.72062,0.12125
11432.86338,0.12068
11429.00614,0.12031
11425.14890,0.12060
11421.29166,0.12122
11417.43441,0.12171
11413.57717,0.12153
11409.71993,0.12035
11405.86269,0.11907
11402.00545,0.11869
11398.14821,0.11897
11394.29097,0.12002
11390.43372,0.12139
11386.57648,0.12161
11382.71924,0.12200
11378.86200,0.12362
11375.00476,0.12423
11371.14752,0.12314
11367.29028,0.12184
11363.43304,0.12144
11359.57579,0.12255
11355.71855,0.12413
11351.86131,0.12449
11348.00407,0.12431
11344.14683,0.12433
11340.28959,0.12351
11336.43235,0.12246
11332.57510,0.12198
11328.71786,0.12145
11324.86062,0.12210
11321.00338,0.12442
11317.14614,0.12550
11313.28890,0.12404
11309.43166,0.12231
11305.57442,0.12214
11301.71717,0.12313
11297.85993,0.12388
11294.00269,0.12364
11290.14545,0.12338
11286.28821,0.12419
11282.43097,0.12521
11278.57373,0.12505
11274.71648,0.12378
11270.85924,0.12226
11267.00200,0.12115
11263.14476,0.12118
11259.28752,0.12195
11255.43028,0.12206
11251.57304,0.12150
11247.71579,0.12093
11243.85855,0.12012
11240.00131,0.11925
11236.14407,0.11926
11232.28683,0.11983
11228.42959,0.12007
11224.57235,0.12055
11220.71511,0.12129
11216.85786,0.12137
11213.00062,0.12090
11209.14338,0.12010
11205.28614,0.11910
11201.42890,0.11896
11197.57166,0.11997
11193.71442,0.12108
11189.85717,0.12191
11185.99993,0.12185
11182.14269,0.12072
11178.28545,0.12034
11174.42821,0.12116
11170.57097,0.12158
11166.71373,0.12073
11162.85648,0.11879
11158.99924,0.11663
11155.14200,0.11556
11151.28476,0.11600
11147.42752,0.11727
11143.57028,0.11903
11139.71304,0.12065
11135.85580,0.12101
11131.99855,0.12044
11128.14131,0.12006
11124.28407,0.12035
11120.42683,0.12078
11116.56959,0.12089
11112.71235,0.12133
11108.85511,0.12172
11104.99786,0.12076
11101.14062,0.11930
11097.28338,0.11956
11093.42614,0.12115
11089.56890,0.12204
11085.71166,0.12241
11081.85442,0.12283
11077.99718,0.12250
11074.13993,0.12185
11070.28269,0.12186
11066.42545,0.12205
11062.56821,0.12143
11058.71097,0.12002
11054.85373,0.11912
11050.99649,0.11957
11047.13924,0.12018
11043.28200,0.11992
11039.42476,0.11968
11035.56752,0.12019
11031.71028,0.12060
11027.85304,0.11997
11023.99580,0.11917
11020.13855,0.11941
11016.28131,0.12028
11012.42407,0.12085
11008.56683,0.12064
11004.70959,0.11963
11000.85235,0.11872
10996.99511,0.11908
10993.13787,0.12059
10989.28062,0.12196
10985.42338,0.12221
10981.56614,0.12165
10977.70890,0.12116
10973.85166,0.12065
10969.99442,0.12005
10966.13718,0.11991
10962.27993,0.11996
10958.42269,0.11985
10954.56545,0.12004
10950.70821,0.11997
10946.85097,0.11900
10942.99373,0.11833
10939.13649,0.11881
10935.27924,0.11924
10931.42200,0.11888
10927.56476,0.11875
10923.70752,0.11911
10919.85028,0.11906
10915.99304,0.11880
10912.13580,0.11878
10908.27856,0.11853
10904.42131,0.11821
10900.56407,0.11803
10896.70683,0.11768
10892.84959,0.11745
10888.99235,0.11775
10885.13511,0.11821
10881.27787,0.11829
10877.42062,0.11801
10873.56338,0.11742
10869.70614,0.11653
10865.84890,0.11575
10861.99166,0.11535
10858.13442,0.11505
10854.27718,0.11497
10850.41993,0.11551
10846.56269,0.11593
10842.70545,0.11565
10838.84821,0.11507
10834.99097,0.11447
10831.13373,0.11456
10827.27649,0.11563
10823.41925,0.11644
10819.56200,0.11617
10815.70476,0.11541
10811.84752,0.11499
10807.99028,0.11516
10804.13304,0.11556
10800.27580,0.11544
10796.41856,0.11454
10792.56131,0.11400
10788.70407,0.11455
10784.84683,0.11533
10780.98959,0.11582
10777.13235,0.11657
10773.27511,0.11729
10769.41787,0.11734
10765.56063,0.11697
10761.70338,0.11658
10757.84614,0.11638
10753.98890,0.11646
10750.13166,0.11621
10746.27442,0.11535
10742.41718,0.11529
10738.55994,0.11631
10734.70269,0.11694
10730.84545,0.11679
10726.98821,0.11646
10723.13097,0.11634
10719.27373,0.11622
10715.41649,0.11603
10711.55925,0.11631
10707.70200,0.11663
10703.84476,0.11648
10699.98752,0.11638
10696.13028,0.11645
10692.27304,0.11627
10688.41580,0.11588
10684.55856,0.11549
10680.70132,0.11529
10676.84407,0.11546
10672.98683,0.11574
10669.12959,0.11609
10665.27235,0.11666
10661.41511,0.11697
10657.55787,0.11676
10653.70063,0.11637
10649.84338,0.11611
10645.98614,0.11591
10642.12890,0.11566
10638.27166,0.11555
10634.41442,0.11524
10630.55718,0.11464
10626.69994,0.11450
10622.84269,0.11520
10618.98545,0.11620
10615.12821,0.11653
10611.27097,0.11635
10607.41373,0.11628
10603.55649,0.11598
10599.69925,0.11528
10595.84201,0.11483
10591.98476,0.11513
10588.12752,0.11552
10584.27028,0.11535
10580.41304,0.11524
10576.55580,0.11563
10572.69856,0.11586
10568.84132,0.11552
10564.98407,0.11480
10561.12683,0.11392
10557.26959,0.11326
10553.41235,0.11325
10549.55511,0.11348
10545.69787,0.11350
10541.84063,0.11359
10537.98339,0.11357
10534.12614,0.11319
10530.26890,0.11292
10526.41166,0.11295
10522.55442,0.11321
10518.69718,0.11370
10514.83994,0.11397
10510.98270,0.11371
10507.12545,0.11314
10503.26821,0.11261
10499.41097,0.11251
10495.55373,0.11284
10491.69649,0.11313
10487.83925,0.11335
10483.98201,0.11358
10480.12476,0.11353
10476.26752,0.11318
10472.41028,0.11286
10468.55304,0.11278
10464.69580,0.11273
10460.83856,0.11234
10456.98132,0.11215
10453.12408,0.11294
10449.26683,0.11376
10445.40959,0.11363
10441.55235,0.11317
10437.69511,0.11277
10433.83787,0.11226
10429.98063,0.11177
10426.12339,0.11143
10422.26614,0.11153
10418.40890,0.11197
10414.55166,0.11218
10410.69442,0.11225
10406.83718,0.11253
10402.97994,0.11287
10399.12270,0.11306
10395.26545,0.11291
10391.40821,0.11242
10387.55097,0.11201
10383.69373,0.11213
10379.83649,0.11258
10375.97925,0.11278
10372.12201,0.11289
10368.26477,0.11305
10364.40752,0.11285
10360.55028,0.11249
10356.69304,0.11235
10352.83580,0.11234
10348.97856,0.11234
10345.12132,0.11224
10341.26408,0.11204
10337.40683,0.11199
10333.54959,0.11222
10329.69235,0.11229
10325.83511,0.11204
10321.97787,0.11212
10318.12063,0.11271
10314.26339,0.11325
10310.40615,0.11343
10306.54890,0.11333
10302.69166,0.11315
10298.83442,0.11293
10294.97718,0.11260
10291.11994,0.11246
10287.26270,0.11259
10283.40546,0.11271
10279.54821,0.11267
10275.69097,0.11254
10271.83373,0.11246
10267.97649,0.11246
10264.11925,0.11248
10260.26201,0.11266
10256.40477,0.11313
10252.54752,0.11361
10248.69028,0.11387
10244.83304,0.11391
10240.97580,0.11360
10237.11856,0.11303
10233.26132,0.11263
10229.40408,0.11260
10225.54684,0.11293
10221.68959,0.11322
10217.83235,0.11331
10213.97511,0.11335
10210.11787,0.11317
10206.26063,0.11301
10202.40339,0.11337
10198.54615,0.11382
10194.68890,0.11390
10190.83166,0.11389
10186.97442,0.11410
10183.11718,0.11435
10179.25994,0.11430
10175.40270,0.11389
10171.54546,0.11336
10167.68821,0.11307
10163.83097,0.11329
10159.97373,0.11376
10156.11649,0.11419
10152.25925,0.11447
10148.40201,0.11446
10144.54477,0.11447
10140.68753,0.11480
10136.83028,0.11513
10132.97304,0.11525
10129.11580,0.11516
10125.25856,0.11481
10121.40132,0.11437
10117.54408,0.11409
10113.68684,0.11407
10109.82959,0.11420
10105.97235,0.11439
10102.11511,0.11460
10098.25787,0.11442
10094.40063,0.11355
10090.54339,0.11267
10086.68615,0.11254
10082.82891,0.11299
10078.97166,0.11351
10075.11442,0.11384
10071.25718,0.11390
10067.39994,0.11375
10063.54270,0.11348
10059.68546,0.11335
10055.82822,0.11353
10051.97097,0.11373
10048.11373,0.11392
10044.25649,0.11423
10040.39925,0.11446
10036.54201,0.11452
10032.68477,0.11473
10028.82753,0.11512
10024.97028,0.11529
10021.11304,0.11499
10017.25580,0.11444
10013.39856,0.11404
10009.54132,0.11376
10005.68408,0.11333
10001.82684,0.11296
9997.96960,0.11322
9994.11235,0.11398
9990.25511,0.11451
9986.39787,0.11457
9982.54063,0.11447
9978.68339,0.11430
9974.82615,0.11420
9970.96891,0.11422
9967.11166,0.11438
9963.25442,0.11466
9959.39718,0.11479
9955.53994,0.11488
9951.68270,0.11518
9947.82546,0.11540
9943.96822,0.11540
9940.11097,0.11536
9936.25373,0.11540
9932.39649,0.11554
9928.53925,0.11560
9924.68201,0.11531
9920.82477,0.11465
9916.96753,0.11404
9913.11029,0.11379
9909.25304,0.11361
9905.39580,0.11349
9901.53856,0.11368
9897.68132,0.11404
9893.82408,0.11448
9889.96684,0.11485
9886.10960,0.11478
9882.25235,0.11438
9878.39511,0.11403
9874.53787,0.11383
9870.68063,0.11378
9866.82339,0.11372
9862.96615,0.11345
9859.10891,0.11322
9855.25167,0.11347
9851.39442,0.11423
9847.53718,0.11491
9843.67994,0.11501
9839.82270,0.11477
9835.96546,0.11445
9832.10822,0.11404
9828.25098,0.11374
9824.39373,0.11355
9820.53649,0.11347
9816.67925,0.11374
9812.82201,0.11416
9808.96477,0.11434
9805.10753,0.11432
9801.25029,0.11429
9797.39304,0.11435
9793.53580,0.11453
9789.67856,0.11471
9785.82132,0.11468
9781.96408,0.11450
9778.10684,0.11420
9774.24960,0.11388
9770.39236,0.11362
9766.53511,0.11332
9762.67787,0.11314
9758.82063,0.11311
9754.96339,0.11299
9751.10615,0.11316
9747.24891,0.11377
9743.39167,0.11413
9739.53442,0.11375
9735.67718,0.11299
9731.81994,0.11239
9727.96270,0.11218
9724.10546,0.11217
9720.24822,0.11222
9716.39098,0.11252
9712.53373,0.11309
9708.67649,0.11351
9704.81925,0.11361
9700.96201,0.11366
9697.10477,0.11371
9693.24753,0.11359
9689.39029,0.11324
9685.53305,0.11284
9681.67580,0.11255
9677.81856,0.11216
9673.96132,0.11166
9670.10408,0.11155
9666.24684,0.11185
9662.38960,0.11205
9658.53236,0.11176
9654.67511,0.11121
9650.81787,0.11105
9646.96063,0.11134
9643.10339,0.11160
9639.24615,0.11170
9635.38891,0.11173
9631.53167,0.11164
9627.67443,0.11147
9623.81718,0.11148
9619.95994,0.11168
9616.10270,0.11170
9612.24546,0.11160
9608.38822,0.11144
9604.53098,0.11117
9600.67374,0.11108
9596.81649,0.11127
9592.95925,0.11149
9589.10201,0.11178
9585.24477,0.11198
9581.38753,0.11184
9577.53029,0.11159
9573.67305,0.11145
9569.81580,0.11136
9565.95856,0.11134
9562.10132,0.11147
9558.24408,0.11166
9554.38684,0.11173
9550.52960,0.11157
9546.67236,0.11135
9542.81512,0.11121
9538.95787,0.11120
9535.10063,0.11146
9531.24339,0.11178
9527.38615,0.11182
9523.52891,0.11152
9519.67167,0.11107
9515.81443,0.11077
9511.95718,0.11062
9508.09994,0.11045
9504.24270,0.11033
9500.38546,0.11039
9496.52822,0.11053
9492.67098,0.11070
9488.81374,0.11077
9484.95649,0.11046
9481.09925,0.11009
9477.24201,0.11022
9473.38477,0.11048
9469.52753,0.11038
9465.67029,0.11017
9461.81305,0.11015
9457.95581,0.11014
9454.09856,0.11001
9450.24132,0.10998
9446.38408,0.11011
9442.52684,0.11024
9438.66960,0.11024
9434.81236,0.11028
9430.95512,0.11047
9427.09787,0.11034
9423.24063,0.10986
9419.38339,0.10961
9415.52615,0.10965
9411.66891,0.10977
9407.81167,0.10999
9403.95443,0.11012
9400.09719,0.10995
9396.23994,0.10971
9392.38270,0.10971
9388.52546,0.10980
9384.66822,0.10970
9380.81098,0.10944
9376.95374,0.10920
9373.09650,0.10905
9369.23925,0.10903
9365.38201,0.10919
9361.52477,0.10948
9357.66753,0.10960
9353.81029,0.10947
9349.95305,0.10941
9346.09581,0.10942
9342.23856,0.10932
9338.38132,0.10925
9334.52408,0.10941
9330.66684,0.10972
9326.80960,0.10992
9322.95236,0.10986
9319.09512,0.10970
9315.23788,0.10957
9311.38063,0.10931
9307.52339,0.10906
9303.66615,0.10924
9299.80891,0.10964
9295.95167,0.10977
9292.09443,0.10947
9288.23719,0.10905
9284.37994,0.10894
9280.52270,0.10919
9276.66546,0.10953
9272.80822,0.10980
9268.95098,0.11000
9265.09374,0.11014
9261.23650,0.11019
9257.37925,0.11015
9253.52201,0.10997
9249.66477,0.10971
9245.80753,0.10960
9241.95029,0.10958
9238.09305,0.10952
9234.23581,0.10950
9230.37857,0.10950
9226.52132,0.10944
9222.66408,0.10933
9218.80684,0.10924
9214.94960,0.10934
9211.09236,0.10957
9207.23512,0.10977
9203.37788,0.10987
9199.52063,0.10975
9195.66339,0.10957
9191.80615,0.10949
9187.94891,0.10952
9184.09167,0.10956
9180.23443,0.10968
9176.37719,0.10994
9172.51995,0.11012
9168.66270,0.11014
9164.80546,0.11018
9160.94822,0.11023
9157.09098,0.11010
9153.23374,0.10989
9149.37650,0.10973
9145.51926,0.10965
9141.66201,0.10980
9137.80477,0.11013
9133.94753,0.11035
9130.09029,0.11040
9126.23305,0.11035
9122.37581,0.11017
9118.51857,0.11006
9114.66132,0.11016
9110.80408,0.11030
9106.94684,0.11039
9103.08960,0.11054
9099.23236,0.11071
9095.37512,0.11083
9091.51788,0.11099
9087.66064,0.11112
9083.80339,0.11105
9079.94615,0.11081
9076.08891,0.11066
9072.23167,0.11064
9068.37443,0.11078
9064.51719,0.11105
9060.65995,0.11125
9056.80270,0.11138
9052.94546,0.11154
9049.08822,0.11159
9045.23098,0.11151
9041.37374,0.11157
9037.51650,0.11180
9033.65926,0.11198
9029.80201,0.11209
9025.94477,0.11224
9022.08753,0.11253
9018.23029,0.11282
9014.37305,0.11290
9010.51581,0.11300
9006.65857,0.11334
9002.80133,0.11364
8998.94408,0.11374
8995.08684,0.11388
8991.22960,0.11419
8987.37236,0.11451
8983.51512,0.11474
8979.65788,0.11497
8975.80064,0.11530
8971.94339,0.11584
8968.08615,0.11658
8964.22891,0.11722
8960.37167,0.11760
8956.51443,0.11802
8952.65719,0.11867
8948.79995,0.11937
8944.94271,0.11996
8941.08546,0.12053
8937.22822,0.12124
8933.37098,0.12202
8929.51374,0.12266
8925.65650,0.12322
8921.79926,0.12382
8917.94202,0.12442
8914.08477,0.12524
8910.22753,0.12647
8906.37029,0.12773
8902.51305,0.12880
8898.65581,0.12992
8894.79857,0.13116
8890.94133,0.13231
8887.08408,0.13332
8883.22684,0.13443
8879.36960,0.13564
8875.51236,0.13667
8871.65512,0.13735
8867.79788,0.13778
8863.94064,0.13812
8860.08340,0.13849
8856.22615,0.13882
8852.36891,0.13897
8848.51167,0.13885
8844.65443,0.13846
8840.79719,0.13791
8836.93995,0.13735
8833.08271,0.13689
8829.22546,0.13643
8825.36822,0.13578
8821.51098,0.13482
8817.65374,0.13364
8813.79650,0.13238
8809.93926,0.13117
8806.08202,0.13016
8802.22477,0.12934
8798.36753,0.12837
8794.51029,0.12716
8790.65305,0.12608
8786.79581,0.12528
8782.93857,0.12444
8779.08133,0.12343
8775.22409,0.12251
8771.36684,0.12186
8767.50960,0.12136
8763.65236,0.12091
8759.79512,0.12061
8755.93788,0.12041
8752.08064,0.12026
8748.22340,0.12007
8744.36615,0.11982
8740.50891,0.11956
8736.65167,0.11940
8732.79443,0.11931
8728.93719,0.11914
8725.07995,0.11894
8721.22271,0.11885
8717.36547,0.11885
8713.50822,0.11894
8709.65098,0.11914
8705.79374,0.11939
8701.93650,0.11971
8698.07926,0.11997
8694.22202,0.12009
8690.36478,0.12017
8686.50753,0.12023
8682.65029,0.12019
8678.79305,0.12013
8674.93581,0.12009
8671.07857,0.12011
8667.22133,0.12029
8663.36409,0.12061
8659.50684,0.12093
8655.64960,0.12120
8651.79236,0.12151
8647.93512,0.12182
8644.07788,0.12202
8640.22064,0.12213
8636.36340,0.12225
8632.50616,0.12246
8628.64891,0.12283
8624.79167,0.12320
8620.93443,0.12330
8617.07719,0.12322
8613.21995,0.12329
8609.36271,0.12365
8605.50547,0.12421
8601.64822,0.12477
8597.79098,0.12510
8593.93374,0.12525
8590.07650,0.12532
8586.21926,0.12539
8582.36202,0.12553
8578.50478,0.12572
8574.64753,0.12593
8570.79029,0.12617
8566.93305,0.12645
8563.07581,0.12676
8559.21857,0.12701
8555.36133,0.12718
8551.50409,0.12732
8547.64685,0.12746
8543.78960,0.12759
8539.93236,0.12781
8536.07512,0.12799
8532.21788,0.12806
8528.36064,0.12812
8524.50340,0.12832
8520.64616,0.12867
8516.78891,0.12898
8512.93167,0.12908
8509.07443,0.12906
8505.21719,0.12899
8501.35995,0.12887
8497.50271,0.12884
8493.64547,0.12888
8489.78822,0.12884
8485.93098,0.12879
8482.07374,0.12881
8478.21650,0.12885
8474.35926,0.12891
8470.50202,0.12891
8466.64478,0.12870
8462.78754,0.12844
8458.93029,0.12830
8455.07305,0.12808
8451.21581,0.12757
8447.35857,0.12703
8443.50133,0.12659
8439.64409,0.12614
8435.78685,0.12585
8431.92960,0.12580
8428.07236,0.12581
8424.21512,0.12590
8420.35788,0.12598
8416.50064,0.12579
8412.64340,0.12540
8408.78616,0.12500
8404.92892,0.12468
8401.07167,0.12434
8397.21443,0.12392
8393.35719,0.12358
8389.49995,0.12330
8385.64271,0.12294
8381.78547,0.12262
8377.92823,0.12246
8374.07098,0.12237
8370.21374,0.12232
8366.35650,0.12233
8362.49926,0.12232
8358.64202,0.12220
8354.78478,0.12198
8350.92754,0.12179
8347.07029,0.12164
8343.21305,0.12149
8339.35581,0.12138
8335.49857,0.12128
8331.64133,0.12108
8327.78409,0.12082
8323.92685,0.12059
8320.06961,0.12039
8316.21236,0.12021
8312.35512,0.12010
8308.49788,0.12013
8304.64064,0.12020
8300.78340,0.12019
8296.92616,0.12011
8293.06892,0.11996
8289.21167,0.11971
8285.35443,0.11955
8281.49719,0.11959
8277.63995,0.11965
8273.78271,0.11964
8269.92547,0.11959
8266.06823,0.11947
8262.21098,0.11932
8258.35374,0.11926
8254.49650,0.11930
8250.63926,0.11935
8246.78202,0.11935
8242.92478,0.11942
8239.06754,0.11956
8235.21030,0.11960
8231.35305,0.11947
8227.49581,0.11935
8223.63857,0.11938
8219.78133,0.11946
8215.92409,0.11947
8212.06685,0.11937
8208.20961,0.11909
8204.35236,0.11884
8200.49512,0.11878
8196.63788,0.11877
8192.78064,0.11865
8188.92340,0.11855
8185.06616,0.11848
8181.20892,0.11837
8177.35168,0.11824
8173.49443,0.11815
8169.63719,0.11817
8165.77995,0.11820
8161.92271,0.11808
8158.06547,0.11785
8154.20823,0.11764
8150.35099,0.11749
8146.49374,0.11739
8142.63650,0.11732
8138.77926,0.11725
8134.92202,0.11711
8131.06478,0.11690
8127.20754,0.11674
8123.35030,0.11675
8119.49305,0.11683
8115.63581,0.11683
8111.77857,0.11672
8107.92133,0.11660
8104.06409,0.11655
8100.20685,0.11650
8096.34961,0.11631
8092.49237,0.11609
8088.63512,0.11599
8084.77788,0.11589
8080.92064,0.11573
8077.06340,0.11560
8073.20616,0.11564
8069.34892,0.11575
8065.49168,0.11573
8061.63443,0.11560
8057.77719,0.11548
8053.91995,0.11535
8050.06271,0.11525
8046.20547,0.11515
8042.34823,0.11510
8038.49099,0.11509
8034.63374,0.11498
8030.77650,0.11475
8026.91926,0.11461
8023.06202,0.11464
8019.20478,0.11473
8015.34754,0.11475
8011.49030,0.11470
8007.63306,0.11465
8003.77581,0.11461
7999.91857,0.11454
7996.06133,0.11442
7992.20409,0.11430
7988.34685,0.11420
7984.48961,0.11408
7980.63237,0.11399
7976.77512,0.11404
7972.91788,0.11418
7969.06064,0.11422
7965.20340,0.11418
7961.34616,0.11422
7957.48892,0.11432
7953.63168,0.11433
7949.77444,0.11426
7945.91719,0.11421
7942.05995,0.11414
7938.20271,0.11387
7934.34547,0.11353
7930.48823,0.11337
7926.63099,0.11344
7922.77375,0.11360
7918.91650,0.11374
7915.05926,0.11381
7911.20202,0.11381
7907.34478,0.11378
7903.48754,0.11382
7899.63030,0.11399
7895.77306,0.11422
7891.91581,0.11428
7888.05857,0.11418
7884.20133,0.11415
7880.34409,0.11415
7876.48685,0.11405
7872.62961,0.11393
7868.77237,0.11391
7864.91513,0.11393
7861.05788,0.11388
7857.20064,0.11383
7853.34340,0.11382
7849.48616,0.11375
7845.62892,0.11364
7841.77168,0.11360
7837.91444,0.11360
7834.05719,0.11344
7830.19995,0.11309
7826.34271,0.11287
7822.48547,0.11290
7818.62823,0.11298
7814.77099,0.11313
7810.91375,0.11340
7807.05650,0.11358
7803.19926,0.11356
7799.34202,0.11346
7795.48478,0.11326
7791.62754,0.11302
7787.77030,0.11306
7783.91306,0.11326
7780.05582,0.11325
7776.19857,0.11319
7772.34133,0.11318
7768.48409,0.11306
7764.62685,0.11294
7760.76961,0.11297
7756.91237,0.11296
7753.05513,0.11293
7749.19788,0.11296
7745.34064,0.11297
7741.48340,0.11285
7737.62616,0.11268
7733.76892,0.11258
7729.91168,0.11260
7726.05444,0.11261
7722.19720,0.11243
7718.33995,0.11212
7714.48271,0.11203
7710.62547,0.11234
7706.76823,0.11270
7702.91099,0.11268
7699.05375,0.11237
7695.19651,0.11205
7691.33926,0.11186
7687.48202,0.11187
7683.62478,0.11202
7679.76754,0.11221
7675.91030,0.11229
7672.05306,0.11218
7668.19582,0.11203
7664.33857,0.11197
7660.48133,0.11200
7656.62409,0.11212
7652.76685,0.11231
7648.90961,0.11247
7645.05237,0.11260
7641.19513,0.11265
7637.33789,0.11261
7633.48064,0.11255
7629.62340,0.11242
7625.76616,0.11227
7621.90892,0.11221
7618.05168,0.11236
7614.19444,0.11269
7610.33720,0.11305
7606.47995,0.11331
7602.62271,0.11339
7598.76547,0.11329
7594.90823,0.11321
7591.05099,0.11320
7587.19375,0.11319
7583.33651,0.11321
7579.47926,0.11335
7575.62202,0.11348
7571.76478,0.11355
7567.90754,0.11357
7564.05030,0.11359
7560.19306,0.11368
7556.33582,0.11390
7552.47858,0.11418
7548.62133,0.11445
7544.76409,0.11474
7540.90685,0.11495
7537.04961,0.11504
7533.19237,0.11514
7529.33513,0.11530
7525.47789,0.11539
7521.62064,0.11546
7517.76340,0.11553
7513.90616,0.11559
7510.04892,0.11566
7506.19168,0.11580
7502.33444,0.11600
7498.47720,0.11617
7494.61996,0.11635
7490.76271,0.11650
7486.90547,0.11661
7483.04823,0.11681
7479.19099,0.11715
7475.33375,0.11752
7471.47651,0.11780
7467.61927,0.11798
7463.76202,0.11821
7459.90478,0.11867
7456.04754,0.11931
7452.19030,0.11995
7448.33306,0.12056
7444.47582,0.12115
7440.61858,0.12174
7436.76133,0.12236
7432.90409,0.12300
7429.04685,0.12374
7425.18961,0.12456
7421.33237,0.12539
7417.47513,0.12616
7413.61789,0.12677
7409.76065,0.12727
7405.90340,0.12788
7402.04616,0.12868
7398.18892,0.12952
7394.33168,0.13030
7390.47444,0.13103
7386.61720,0.13178
7382.75996,0.13263
7378.90271,0.13349
7375.04547,0.13425
7371.18823,0.13500
7367.33099,0.13579
7363.47375,0.13652
7359.61651,0.13721
7355.75927,0.13793
7351.90202,0.13858
7348.04478,0.13908
7344.18754,0.13954
7340.33030,0.14002
7336.47306,0.14041
7332.61582,0.14074
7328.75858,0.14102
7324.90134,0.14117
7321.04409,0.14122
7317.18685,0.14128
7313.32961,0.14129
7309.47237,0.14122
7305.61513,0.14120
7301.75789,0.14130
7297.90065,0.14147
7294.04340,0.14168
7290.18616,0.14188
7286.32892,0.14205
7282.47168,0.14225
7278.61444,0.14252
7274.75720,0.14284
7270.89996,0.14314
7267.04272,0.14340
7263.18547,0.14366
7259.32823,0.14397
7255.47099,0.14437
7251.61375,0.14472
7247.75651,0.14490
7243.89927,0.14494
7240.04203,0.14494
7236.18478,0.14502
7232.32754,0.14517
7228.47030,0.14535
7224.61306,0.14556
7220.75582,0.14578
7216.89858,0.14597
7213.04134,0.14609
7209.18409,0.14618
7205.32685,0.14627
7201.46961,0.14632
7197.61237,0.14629
7193.75513,0.14627
7189.89789,0.14638
7186.04065,0.14658
7182.18341,0.14683
7178.32616,0.14715
7174.46892,0.14749
7170.61168,0.14777
7166.75444,0.14805
7162.89720,0.14844
7159.03996,0.14900
7155.18272,0.14963
7151.32547,0.15026
7147.46823,0.15094
7143.61099,0.15167
7139.75375,0.15242
7135.89651,0.15320
7132.03927,0.15393
7128.18203,0.15461
7124.32478,0.15528
7120.46754,0.15598
7116.61030,0.15670
7112.75306,0.15741
7108.89582,0.15808
7105.03858,0.15873
7101.18134,0.15943
7097.32410,0.16014
7093.46685,0.16090
7089.60961,0.16177
7085.75237,0.16278
7081.89513,0.16379
7078.03789,0.16470
7074.18065,0.16555
7070.32341,0.16642
7066.46616,0.16743
7062.60892,0.16853
7058.75168,0.16956
7054.89444,0.17045
7051.03720,0.17128
7047.17996,0.17215
7043.32272,0.17309
7039.46548,0.17399
7035.60823,0.17476
7031.75099,0.17540
7027.89375,0.17597
7024.03651,0.17654
7020.17927,0.17710
7016.32203,0.17758
7012.46479,0.17799
7008.60754,0.17843
7004.75030,0.17893
7000.89306,0.17938
6997.03582,0.17971
6993.17858,0.18005
6989.32134,0.18047
6985.46410,0.18090
6981.60685,0.18131
6977.74961,0.18165
6973.89237,0.18192
6970.03513,0.18213
6966.17789,0.18229
6962.32065,0.18241
6958.46341,0.18250
6954.60617,0.18262
6950.74892,0.18274
6946.89168,0.18283
6943.03444,0.18296
6939.17720,0.18318
6935.31996,0.18336
6931.46272,0.18347
6927.60548,0.18358
6923.74823,0.18376
6919.89099,0.18391
6916.03375,0.18406
6912.17651,0.18430
6908.31927,0.18457
6904.46203,0.18476
6900.60479,0.18487
6896.74754,0.18499
6892.89030,0.18513
6889.03306,0.18528
6885.17582,0.18546
6881.31858,0.18569
6877.46134,0.18597
6873.60410,0.18631
6869.74686,0.18676
6865.88961,0.18726
6862.03237,0.18768
6858.17513,0.18807
6854.31789,0.18849
6850.46065,0.18884
6846.60341,0.18918
6842.74617,0.18961
6838.88892,0.19006
6835.03168,0.19048
6831.17444,0.19093
6827.31720,0.19140
6823.45996,0.19186
6819.60272,0.19230
6815.74548,0.19281
6811.88824,0.19343
6808.03099,0.19403
6804.17375,0.19455
6800.31651,0.19509
6796.45927,0.19566
6792.60203,0.19624
6788.74479,0.19692
6784.88755,0.19767
6781.03030,0.19830
6777.17306,0.19877
6773.31582,0.19924
6769.45858,0.19975
6765.60134,0.20024
6761.74410,0.20070
6757.88686,0.20108
6754.02961,0.20134
6750.17237,0.20156
6746.31513,0.20173
6742.45789,0.20184
6738.60065,0.20197
6734.74341,0.20211
6730.88617,0.20218
6727.02893,0.20220
6723.17168,0.20225
6719.31444,0.20235
6715.45720,0.20244
6711.59996,0.20251
6707.74272,0.20255
6703.88548,0.20254
6700.02824,0.20253
6696.17099,0.20254
6692.31375,0.20253
6688.45651,0.20247
6684.59927,0.20239
6680.74203,0.20230
6676.88479,0.20220
6673.02755,0.20205
6669.17030,0.20177
6665.31306,0.20144
6661.45582,0.20114
6657.59858,0.20085
6653.74134,0.20058
6649.88410,0.20036
6646.02686,0.20009
6642.16962,0.19972
6638.31237,0.19937
6634.45513,0.19907
6630.59789,0.19869
6626.74065,0.19824
6622.88341,0.19783
6619.02617,0.19747
6615.16893,0.19708
6611.31168,0.19663
6607.45444,0.19619
6603.59720,0.19578
6599.73996,0.19536
6595.88272,0.19498
6592.02548,0.19476
6588.16824,0.19462
6584.31100,0.19447
6580.45375,0.19431
6576.59651,0.19418
6572.73927,0.19412
6568.88203,0.19414
6565.02479,0.19421
6561.16755,0.19424
6557.31031,0.19425
6553.45306,0.19429
6549.59582,0.19438
6545.73858,0.19448
6541.88134,0.19457
6538.02410,0.19469
6534.16686,0.19486
6530.30962,0.19508
6526.45237,0.19527
6522.59513,0.19537
6518.73789,0.19546
6514.88065,0.19559
6511.02341,0.19575
6507.16617,0.19586
6503.30893,0.19590
6499.45169,0.19591
6495.59444,0.19592
6491.73720,0.19591
6487.87996,0.19589
6484.02272,0.19581
6480.16548,0.19569
6476.30824,0.19561
6472.45100,0.19556
6468.59375,0.19549
6464.73651,0.19538
6460.87927,0.19524
6457.02203,0.19505
6453.16479,0.19485
6449.30755,0.19468
6445.45031,0.19452
6441.59306,0.19432
6437.73582,0.19410
6433.87858,0.19392
6430.02134,0.19367
6426.16410,0.19332
6422.30686,0.19295
6418.44962,0.19265
6414.59238,0.19240
6410.73513,0.19220
6406.87789,0.19200
6403.02065,0.19180
6399.16341,0.19162
6395.30617,0.19151
6391.44893,0.19142
6387.59169,0.19130
6383.73444,0.19112
6379.87720,0.19093
6376.01996,0.19077
6372.16272,0.19062
6368.30548,0.19049
6364.44824,0.19040
6360.59100,0.19033
6356.73376,0.19025
6352.87651,0.19018
6349.01927,0.19015
6345.16203,0.19020
6341.30479,0.19032
6337.44755,0.19045
6333.59031,0.19054
6329.73307,0.19061
6325.87582,0.19065
6322.01858,0.19065
6318.16134,0.19058
6314.30410,0.19049
6310.44686,0.19037
6306.58962,0.19025
6302.73238,0.19010
6298.87513,0.18992
6295.01789,0.18975
6291.16065,0.18955
6287.30341,0.18925
6283.44617,0.18892
6279.58893,0.18862
6275.73169,0.18826
6271.87445,0.18786
6268.01720,0.18744
6264.15996,0.18699
6260.30272,0.18653
6256.44548,0.18610
6252.58824,0.18570
6248.73100,0.18527
6244.87376,0.18478
6241.01651,0.18425
6237.15927,0.18370
6233.30203,0.18317
6229.44479,0.18271
6225.58755,0.18235
6221.73031,0.18213
6217.87307,0.18220
6214.01582,0.18266
6210.15858,0.18354
6206.30134,0.18477
6202.44410,0.18613
6198.58686,0.18724
6194.72962,0.18772
6190.87238,0.18741
6187.01514,0.18644
6183.15789,0.18517
6179.30065,0.18402
6175.44341,0.18323
6171.58617,0.18284
6167.72893,0.18281
6163.87169,0.18317
6160.01445,0.18395
6156.15720,0.18511
6152.29996,0.18648
6148.44272,0.18776
6144.58548,0.18871
6140.72824,0.18925
6136.87100,0.18941
6133.01376,0.18942
6129.15652,0.18967
6125.29927,0.19052
6121.44203,0.19220
6117.58479,0.19483
6113.72755,0.19851
6109.87031,0.20318
6106.01307,0.20855
6102.15583,0.21446
6098.29858,0.22082
6094.44134,0.22743
6090.58410,0.23397
6086.72686,0.24018
6082.86962,0.24587
6079.01238,0.25121
6075.15514,0.25678
6071.29789,0.26333
6067.44065,0.27105
6063.58341,0.27935
6059.72617,0.28736
6055.86893,0.29452
6052.01169,0.30071
6048.15445,0.30626
6044.29721,0.31167
6040.43996,0.31741
6036.58272,0.32373
6032.72548,0.33043
6028.86824,0.33678
6025.01100,0.34180
6021.15376,0.34461
6017.29652,0.34454
6013.43927,0.34138
6009.58203,0.33539
6005.72479,0.32731
6001.86755,0.31823
5998.01031,0.30931
5994.15307,0.30143
5990.29583,0.29516
5986.43858,0.29064
5982.58134,0.28752
5978.72410,0.28495
5974.86686,0.28198
5971.00962,0.27806
5967.15238,0.27347
5963.29514,0.26910
5959.43790,0.26566
5955.58065,0.26344
5951.72341,0.26234
5947.86617,0.26186
5944.00893,0.26115
5940.15169,0.25941
5936.29445,0.25618
5932.43721,0.25160
5928.57996,0.24628
5924.72272,0.24090
5920.86548,0.23589
5917.00824,0.23144
5913.15100,0.22767
5909.29376,0.22476
5905.43652,0.22300
5901.57927,0.22255
5897.72203,0.22338
5893.86479,0.22528
5890.00755,0.22789
5886.15031,0.23077
5882.29307,0.23352
5878.43583,0.23596
5874.57859,0.23811
5870.72134,0.23999
5866.86410,0.24148
5863.00686,0.24239
5859.14962,0.24254
5855.29238,0.24201
5851.43514,0.24111
5847.57790,0.24013
5843.72065,0.23925
5839.86341,0.23864
5836.00617,0.23835
5832.14893,0.23838
5828.29169,0.23858
5824.43445,0.23883
5820.57721,0.23909
5816.71997,0.23934
5812.86272,0.23947
5809.00548,0.23942
5805.14824,0.23923
5801.29100,0.23888
5797.43376,0.23842
5793.57652,0.23793
5789.71928,0.23740
5785.86203,0.23676
5782.00479,0.23604
5778.14755,0.23530
5774.29031,0.23452
5770.43307,0.23361
5766.57583,0.23248
5762.71859,0.23100
5758.86134,0.22917
5755.00410,0.22709
5751.14686,0.22483
5747.28962,0.22237
5743.43238,0.21981
5739.57514,0.21734
5735.71790,0.21508
5731.86066,0.21310
5728.00341,0.21151
5724.14617,0.21048
5720.28893,0.21008
5716.43169,0.21012
5712.57445,0.21031
5708.71721,0.21041
5704.85997,0.21030
5701.00272,0.20993
5697.14548,0.20940
5693.28824,0.20876
5689.43100,0.20806
5685.57376,0.20733
5681.71652,0.20664
5677.85928,0.20614
5674.00203,0.20593
5670.14479,0.20607
5666.28755,0.20648
5662.43031,0.20696
5658.57307,0.20734
5654.71583,0.20747
5650.85859,0.20721
5647.00135,0.20651
5643.14410,0.20541
5639.28686,0.20402
5635.42962,0.20254
5631.57238,0.20118
5627.71514,0.20003
5623.85790,0.19906
5620.00066,0.19830
5616.14341,0.19781
5612.28617,0.19761
5608.42893,0.19767
5604.57169,0.19794
5600.71445,0.19835
5596.85721,0.19888
5592.99997,0.19952
5589.14273,0.20025
5585.28548,0.20111
5581.42824,0.20209
5577.57100,0.20311
5573.71376,0.20401
5569.85652,0.20474
5565.99928,0.20529
5562.14204,0.20557
5558.28479,0.20558
5554.42755,0.20551
5550.57031,0.20545
5546.71307,0.20539
5542.85583,0.20535
5538.99859,0.20533
5535.14135,0.20531
5531.28410,0.20525
5527.42686,0.20507
5523.56962,0.20471
5519.71238,0.20416
5515.85514,0.20352
5511.99790,0.20299
5508.14066,0.20266
5504.28342,0.20264
5500.42617,0.20299
5496.56893,0.20365
5492.71169,0.20448
5488.85445,0.20537
5484.99721,0.20611
5481.13997,0.20651
5477.28273,0.20651
5473.42548,0.20617
5469.56824,0.20556
5465.71100,0.20477
5461.85376,0.20383
5457.99652,0.20274
5454.13928,0.20149
5450.28204,0.20000
5446.42479,0.19829
5442.56755,0.19648
5438.71031,0.19469
5434.85307,0.19300
5430.99583,0.19145
5427.13859,0.19014
5423.28135,0.18919
5419.42411,0.18859
5415.56686,0.18827
5411.70962,0.18810
5407.85238,0.18798
5403.99514,0.18791
5400.13790,0.18789
5396.28066,0.18783
5392.42342,0.18773
5388.56617,0.18767
5384.70893,0.18769
5380.85169,0.18776
5376.99445,0.18792
5373.13721,0.18820
5369.27997,0.18858
5365.42273,0.18905
5361.56549,0.18959
5357.70824,0.19015
5353.85100,0.19066
5349.99376,0.19098
5346.13652,0.19110
5342.27928,0.19109
5338.42204,0.19093
5334.56480,0.19075
5330.70755,0.19071
5326.85031,0.19087
5322.99307,0.19128
5319.13583,0.19197
5315.27859,0.19294
5311.42135,0.19417
5307.56411,0.19568
5303.70686,0.19749
5299.84962,0.19961
5295.99238,0.20209
5292.13514,0.20496
5288.27790,0.20829
5284.42066,0.21212
5280.56342,0.21651
5276.70618,0.22137
5272.84893,0.22645
5268.99169,0.23153
5265.13445,0.23649
5261.27721,0.24104
5257.41997,0.24492
5253.56273,0.24819
5249.70549,0.25088
5245.84824,0.25301
5241.99100,0.25469
5238.13376,0.25596
5234.27652,0.25688
5230.41928,0.25746
5226.56204,0.25776
5222.70480,0.25791
5218.84755,0.25799
5214.99031,0.25796
5211.13307,0.25783
5207.27583,0.25757
5203.41859,0.25727
5199.56135,0.25705
5195.70411,0.25695
5191.84687,0.25699
5187.98962,0.25708
5184.13238,0.25715
5180.27514,0.25724
5176.41790,0.25736
5172.56066,0.25746
5168.70342,0.25758
5164.84618,0.25777
5160.98893,0.25808
5157.13169,0.25855
5153.27445,0.25911
5149.41721,0.25971
5145.55997,0.26032
5141.70273,0.26100
5137.84549,0.26176
5133.98825,0.26256
5130.13100,0.26340
5126.27376,0.26418
5122.41652,0.26453
5118.55928,0.26395
5114.70204,0.26219
5110.84480,0.25945
5106.98756,0.25610
5103.13031,0.25249
5099.27307,0.24899
5095.41583,0.24580
5091.55859,0.24294
5087.70135,0.24031
5083.84411,0.23797
5079.98687,0.23597
5076.12962,0.23424
5072.27238,0.23267
5068.41514,0.23119
5064.55790,0.22984
5060.70066,0.22867
5056.84342,0.22773
5052.98618,0.22694
5049.12894,0.22623
5045.27169,0.22559
5041.41445,0.22503
5037.55721,0.22451
5033.69997,0.22406
5029.84273,0.22366
5025.98549,0.22330
5022.12825,0.22305
5018.27100,0.22285
5014.41376,0.22262
5010.55652,0.22230
5006.69928,0.22188
5002.84204,0.22138
4998.98480,0.22083
4995.12756,0.22031
4991.27031,0.21986
4987.41307,0.21952
4983.55583,0.21931
4979.69859,0.21930
4975.84135,0.21952
4971.98411,0.21996
4968.12687,0.22066
4964.26963,0.22161
4960.41238,0.22284
4956.55514,0.22431
4952.69790,0.22595
4948.84066,0.22772
4944.98342,0.22955
4941.12618,0.23145
4937.26894,0.23337
4933.41169,0.23526
4929.55445,0.23716
4925.69721,0.23915
4921.83997,0.24128
4917.98273,0.24353
4914.12549,0.24586
4910.26825,0.24824
4906.41101,0.25069
4902.55376,0.25326
4898.69652,0.25592
4894.83928,0.25867
4890.98204,0.26151
4887.12480,0.26437
4883.26756,0.26719
4879.41032,0.27004
4875.55307,0.27295
4871.69583,0.27578
4867.83859,0.27844
4863.98135,0.28102
4860.12411,0.28361
4856.26687,0.28626
4852.40963,0.28904
4848.55238,0.29212
4844.69514,0.29563
4840.83790,0.29957
4836.98066,0.30383
4833.12342,0.30830
4829.26618,0.31283
4825.40894,0.31724
4821.55170,0.32138
4817.69445,0.32517
4813.83721,0.32864
4809.97997,0.33188
4806.12273,0.33491
4802.26549,0.33757
4798.40825,0.33965
4794.55101,0.34107
4790.69376,0.34181
4786.83652,0.34197
4782.97928,0.34178
4779.12204,0.34147
4775.26480,0.34118
4771.40756,0.34114
4767.55032,0.34172
4763.69307,0.34316
4759.83583,0.34549
4755.97859,0.34856
4752.12135,0.35215
4748.26411,0.35601
4744.40687,0.35993
4740.54963,0.36386
4736.69239,0.36818
4732.83514,0.37348
4728.97790,0.37987
4725.12066,0.38656
4721.26342,0.39208
4717.40618,0.39534
4713.54894,0.39684
4709.69170,0.39866
4705.83445,0.40293
4701.97721,0.41020
4698.11997,0.41905
4694.26273,0.42654
4690.40549,0.42971
4686.54825,0.42703
4682.69101,0.41894
4678.83377,0.40743
4674.97652,0.39531
4671.11928,0.38504
4667.26204,0.37787
4663.40480,0.37367
4659.54756,0.37160
4655.69032,0.37140
4651.83308,0.37374
4647.97583,0.37916
4644.11859,0.38688
4640.26135,0.39462
4636.40411,0.39925
4632.54687,0.39796
4628.68963,0.38984
4624.83239,0.37686
4620.97514,0.36284
4617.11790,0.35106
4613.26066,0.34285
4609.40342,0.33815
4605.54618,0.33674
4601.68894,0.33860
4597.83170,0.34307
4593.97446,0.34830
4590.11721,0.35272
4586.25997,0.35625
4582.40273,0.35866
4578.54549,0.35778
4574.68825,0.35152
4570.83101,0.34098
4566.97377,0.32978
4563.11652,0.32098
4559.25928,0.31556
4555.40204,0.31287
4551.54480,0.31178
4547.68756,0.31133
4543.83032,0.31103
4539.97308,0.31089
4536.11583,0.31109
4532.25859,0.31177
4528.40135,0.31303
4524.54411,0.31506
4520.68687,0.31794
4516.82963,0.32172
4512.97239,0.32654
4509.11515,0.33282
4505.25790,0.34109
4501.40066,0.35153
4497.54342,0.36361
4493.68618,0.37595
4489.82894,0.38676
4485.97170,0.39522
4482.11446,0.40222
4478.25721,0.40965
4474.39997,0.41936
4470.54273,0.43262
4466.68549,0.44936
4462.82825,0.46699
4458.97101,0.48117
4455.11377,0.48935
4451.25653,0.49356
4447.39928,0.49762
4443.54204,0.50306
4439.68480,0.50877
4435.82756,0.51266
4431.97032,0.51296
4428.11308,0.50906
4424.25584,0.50200
4420.39859,0.49436
4416.54135,0.48883
4412.68411,0.48657
4408.82687,0.48665
4404.96963,0.48673
4401.11239,0.48483
4397.25515,0.48057
4393.39790,0.47496
4389.54066,0.46928
4385.68342,0.46436
4381.82618,0.46059
4377.96894,0.45813
4374.11170,0.45691
4370.25446,0.45697
4366.39722,0.45828
4362.53997,0.46027
4358.68273,0.46220
4354.82549,0.46379
4350.96825,0.46544
4347.11101,0.46776
4343.25377,0.47084
4339.39653,0.47400
4335.53928,0.47651
4331.68204,0.47830
4327.82480,0.47987
4323.96756,0.48167
4320.11032,0.48413
4316.25308,0.48773
4312.39584,0.49266
4308.53859,0.49875
4304.68135,0.50549
4300.82411,0.51201
4296.96687,0.51741
4293.10963,0.52101
4289.25239,0.52252
4285.39515,0.52227
4281.53791,0.52108
4277.68066,0.51961
4273.82342,0.51775
4269.96618,0.51511
4266.10894,0.51189
4262.25170,0.50891
4258.39446,0.50709
4254.53722,0.50671
4250.67997,0.50727
4246.82273,0.50777
4242.96549,0.50734
4239.10825,0.50593
4235.25101,0.50433
4231.39377,0.50324
4227.53653,0.50238
4223.67929,0.50073
4219.82204,0.49765
4215.96480,0.49359
4212.10756,0.48980
4208.25032,0.48703
4204.39308,0.48500
4200.53584,0.48332
4196.67860,0.48248
4192.82135,0.48344
4188.96411,0.48684
4185.10687,0.49244
4181.24963,0.49848
4177.39239,0.50162
4173.53515,0.49938
4169.67791,0.49260
4165.82066,0.48420
4161.96342,0.47682
4158.10618,0.47170
4154.24894,0.46893
4150.39170,0.46837
4146.53446,0.47005
4142.67722,0.47392
4138.81998,0.47931
4134.96273,0.48477
4131.10549,0.48911
4127.24825,0.49231
4123.39101,0.49529
4119.53377,0.49917
4115.67653,0.50486
4111.81929,0.51294
4107.96204,0.52375
4104.10480,0.53790
4100.24756,0.55657
4096.39032,0.57859
4092.53308,0.59692
4088.67584,0.60324
4084.81860,0.59610
4080.96135,0.58033
4077.10411,0.56184
4073.24687,0.54564
4069.38963,0.53416
4065.53239,0.52698
4061.67515,0.52273
4057.81791,0.52040
4053.96067,0.51938
4050.10342,0.51898
4046.24618,0.51849
4042.38894,0.51747
4038.53170,0.51609
4034.67446,0.51488
4030.81722,0.51418
4026.95998,0.51387
4023.10273,0.51365
4019.24549,0.51337
4015.38825,0.51289
4011.53101,0.51198
4007.67377,0.51053
4003.81653,0.50858
3999.95929,0.50617
3996.10205,0.50328
3992.24480,0.50021
3988.38756,0.49750
3984.53032,0.49557
3980.67308,0.49427
3976.81584,0.49312
3972.95860,0.49172
3969.10136,0.48981
3965.24411,0.48729
3961.38687,0.48434
3957.52963,0.48131
3953.67239,0.47841
3949.81515,0.47553
3945.95791,0.47271
3942.10067,0.47012
3938.24342,0.46794
3934.38618,0.46616
3930.52894,0.46468
3926.67170,0.46341
3922.81446,0.46216
3918.95722,0.46064
3915.09998,0.45868
3911.24274,0.45631
3907.38549,0.45328
3903.52825,0.44902
3899.67101,0.44420
3895.81377,0.44008
3891.95653,0.43657
3888.09929,0.43354
3884.24205,0.43115
3880.38480,0.42926
3876.52756,0.42743
3872.67032,0.42507
3868.81308,0.42209
3864.95584,0.41905
3861.09860,0.41651
3857.24136,0.41431
3853.38411,0.41197
3849.52687,0.41017
3845.66963,0.40917
3841.81239,0.40838
3837.95515,0.40775
3834.09791,0.40753
3830.24067,0.40751
3826.38343,0.40776
3822.52618,0.40912
3818.66894,0.41259
3814.81170,0.41710
3810.95446,0.42056
3807.09722,0.42228
3803.23998,0.42176
3799.38274,0.41902
3795.52549,0.41582
3791.66825,0.41360
3787.81101,0.41260
3783.95377,0.41284
3780.09653,0.41436
3776.23929,0.41677
3772.38205,0.41974
3768.52481,0.42352
3764.66756,0.42772
3760.81032,0.43104
3756.95308,0.43183
3753.09584,0.42869
3749.23860,0.42272
3745.38136,0.41855
3741.52412,0.41865
3737.66687,0.42191
3733.80963,0.42646
3729.95239,0.42878
3726.09515,0.42792
3722.23791,0.42628
3718.38067,0.42633
3714.52343,0.42894
3710.66618,0.43485
3706.80894,0.44381
3702.95170,0.45524
3699.09446,0.46941
3695.23722,0.48591
3691.37998,0.50710
3687.52274,0.53070
3683.66550,0.54533
3679.80825,0.55180
3675.95101,0.55823
3672.09377,0.57029
3668.23653,0.58647
3664.37929,0.60248
3660.52205,0.61758
3656.66481,0.63260
3652.80756,0.64837
3648.95032,0.66590
3645.09308,0.68155
3641.23584,0.69213
3637.37860,0.70058
3633.52136,0.70729
3629.66412,0.71258
3625.80687,0.71885
3621.94963,0.72441
3618.09239,0.72755
3614.23515,0.72844
3610.37791,0.73069
3606.52067,0.73511
3602.66343,0.73851
3598.80619,0.74178
