12493.60475,0.09907
12489.74751,0.09987
12485.89027,0.09821
12482.03303,0.09643
12478.17579,0.09543
12474.31855,0.09580
12470.46130,0.09677
12466.60406,0.09685
12462.74682,0.09694
12458.88958,0.09791
12455.03234,0.09905
12451.17510,0.10025
12447.31786,0.10077
12443.46062,0.09969
12439.60337,0.09823
12435.74613,0.09797
12431.88889,0.10011
12428.03165,0.10288
12424.17441,0.10259
12420.31717,0.10181
12416.45993,0.10329
12412.60268,0.10277
12408.74544,0.09902
12404.88820,0.09716
12401.03096,0.09996
12397.17372,0.10378
12393.31648,0.10380
12389.45924,0.09976
12385.60199,0.09506
12381.74475,0.09377
12377.88751,0.09562
12374.03027,0.09650
12370.17303,0.09572
12366.31579,0.09449
12362.45855,0.09331
12358.60131,0.09377
12354.74406,0.09686
12350.88682,0.10129
12347.02958,0.10317
12343.17234,0.10101
12339.31510,0.09831
12335.45786,0.09701
12331.60062,0.09679
12327.74337,0.09773
12323.88613,0.09923
12320.02889,0.10172
12316.17165,0.10447
12312.31441,0.10461
12308.45717,0.10302
12304.59993,0.10133
12300.74268,0.09759
12296.88544,0.09293
12293.02820,0.09236
12289.17096,0.09566
12285.31372,0.09712
12281.45648,0.09581
12277.59924,0.09578
12273.74200,0.09819
12269.88475,0.10060
12266.02751,0.10068
12262.17027,0.09994
12258.31303,0.10120
12254.45579,0.10278
12250.59855,0.10222
12246.74131,0.10022
12242.88406,0.09829
12239.02682,0.09743
12235.16958,0.09706
12231.31234,0.09651
12227.45510,0.09708
12223.59786,0.09820
12219.74062,0.09803
12215.88338,0.09828
12212.02613,0.09930
12208.16889,0.09899
12204.31165,0.09880
12200.45441,0.09980
12196.59717,0.09958
12192.73993,0.09835
12188.88269,0.09812
12185.02544,0.09838
12181.16820,0.09858
12177.31096,0.09915
12173.45372,0.09966
12169.59648,0.09929
12165.73924,0.09795
12161.88200,0.09711
12158.02475,0.09822
12154.16751,0.10048
12150.31027,0.10198
12146.45303,0.10206
12142.59579,0.10117
12138.73855,0.09939
12134.88131,0.09761
12131.02407,0.09774
12127.16682,0.09905
12123.30958,0.09913
12119.45234,0.09819
12115.59510,0.09747
12111.73786,0.09735
12107.88062,0.09821
12104.02338,0.09871
12100.16613,0.09755
12096.30889,0.09639
12092.45165,0.09659
12088.59441,0.09698
12084.73717,0.09739
12080.87993,0.09931
12077.02269,0.10082
12073.16544,0.09881
12069.30820,0.09543
12065.45096,0.09450
12061.59372,0.09551
12057.73648,0.09606
12053.87924,0.09648
12050.02200,0.09788
12046.16476,0.09915
12042.30751,0.09934
12038.45027,0.09912
12034.59303,0.09960
12030.73579,0.10074
12026.87855,0.10139
12023.02131,0.10176
12019.16407,0.10275
12015.30682,0.10384
12011.44958,0.10458
12007.59234,0.10558
12003.73510,0.10593
11999.87786,0.10422
11996.02062,0.10201
11992.16338,0.10099
11988.30614,0.10104
11984.44889,0.10120
11980.59165,0.10046
11976.73441,0.10015
11972.87717,0.10154
11969.01993,0.10245
11965.16269,0.10182
11961.30545,0.10154
11957.44820,0.10302
11953.59096,0.10517
11949.73372,0.10528
11945.87648,0.10364
11942.01924,0.10284
11938.16200,0.10238
11934.30476,0.10108
11930.44751,0.10057
11926.59027,0.10225
11922.73303,0.10455
11918.87579,0.10531
11915.01855,0.10521
11911.16131,0.10511
11907.30407,0.10400
11903.44683,0.10170
11899.58958,0.09977
11895.73234,0.09973
11891.87510,0.10146
11888.01786,0.10272
11884.16062,0.10172
11880.30338,0.10043
11876.44614,0.10147
11872.58889,0.10353
11868.73165,0.10457
11864.87441,0.10501
11861.01717,0.10550
11857.15993,0.10571
11853.30269,0.10622
11849.44545,0.10739
11845.58820,0.10788
11841.73096,0.10724
11837.87372,0.10586
11834.01648,0.10393
11830.15924,0.10316
11826.30200,0.10369
11822.44476,0.10322
11818.58752,0.10209
11814.73027,0.10166
11810.87303,0.10133
11807.01579,0.10123
11803.15855,0.10162
11799.30131,0.10195
11795.44407,0.10187
11791.58683,0.10166
11787.72958,0.10249
11783.87234,0.10385
11780.01510,0.10448
11776.15786,0.10531
11772.30062,0.10606
11768.44338,0.10567
11764.58614,0.10576
11760.72890,0.10625
11756.87165,0.10483
11753.01441,0.10288
11749.15717,0.10363
11745.29993,0.10603
11741.44269,0.10685
11737.58545,0.10572
11733.72821,0.10422
11729.87096,0.10380
11726.01372,0.10499
11722.15648,0.10608
11718.29924,0.10547
11714.44200,0.10375
11710.58476,0.10221
11706.72752,0.10264
11702.87027,0.10493
11699.01303,0.10626
11695.15579,0.10606
11691.29855,0.10576
11687.44131,0.10563
11683.58407,0.10500
11679.72683,0.10384
11675.86959,0.10410
11672.01234,0.10621
11668.15510,0.10735
11664.29786,0.10648
11660.44062,0.10551
11656.58338,0.10590
11652.72614,0.10688
11648.86890,0.10700
11645.01165,0.10625
11641.15441,0.10515
11637.29717,0.10403
11633.43993,0.10308
11629.58269,0.10223
11625.72545,0.10205
11621.86821,0.10294
11618.01096,0.10349
11614.15372,0.10245
11610.29648,0.10140
11606.43924,0.10276
11602.58200,0.10509
11598.72476,0.10519
11594.86752,0.10390
11591.01028,0.10372
11587.15303,0.10385
11583.29579,0.10222
11579.43855,0.10027
11575.58131,0.10092
11571.72407,0.10274
11567.86683,0.10253
11564.00959,0.10012
11560.15234,0.09792
11556.29510,0.09885
11552.43786,0.10215
11548.58062,0.10383
11544.72338,0.10292
11540.86614,0.10179
11537.00890,0.10258
11533.15166,0.10445
11529.29441,0.10416
11525.43717,0.10176
11521.57993,0.10107
11517.72269,0.10273
11513.86545,0.10387
11510.00821,0.10355
11506.15097,0.10339
11502.29372,0.10412
11498.43648,0.10409
11494.57924,0.10244
11490.72200,0.10158
11486.86476,0.10328
11483.00752,0.10511
11479.15028,0.10443
11475.29303,0.10240
11471.43579,0.10149
11467.57855,0.10182
11463.72131,0.10181
11459.86407,0.10079
11456.00683,0.09991
11452.14959,0.10018
11448.29235,0.10071
11444.43510,0.10053
11440.57786,0.10030
11436.72062,0.10047
11432.86338,0.10091
11429.00614,0.10111
11425.14890,0.10012
11421.29166,0.09896
11417.43441,0.09913
11413.57717,0.10017
11409.71993,0.10100
11405.86269,0.10077
11402.00545,0.09980
11398.14821,0.09930
11394.29097,0.09885
11390.43372,0.09726
11386.57648,0.09591
11382.71924,0.09663
11378.86200,0.09803
11375.00476,0.09803
11371.14752,0.09738
11367.29028,0.09761
11363.43304,0.09875
11359.57579,0.10035
11355.71855,0.10195
11351.86131,0.10230
11348.00407,0.10127
11344.14683,0.10045
11340.28959,0.10093
11336.43235,0.10196
11332.57510,0.10212
11328.71786,0.10150
11324.86062,0.10128
11321.00338,0.10127
11317.14614,0.10065
11313.28890,0.10025
11309.43166,0.10045
11305.57442,0.10010
11301.71717,0.09979
11297.85993,0.10015
11294.00269,0.10040
11290.14545,0.10109
11286.28821,0.10224
11282.43097,0.10218
11278.57373,0.10073
11274.71648,0.09969
11270.85924,0.09990
11267.00200,0.10010
11263.14476,0.09979
11259.28752,0.09986
11255.43028,0.10004
11251.57304,0.09998
11247.71579,0.09993
11243.85855,0.09925
11240.00131,0.09771
11236.14407,0.09661
11232.28683,0.09705
11228.42959,0.09842
11224.57235,0.09942
11220.71511,0.09952
11216.85786,0.09937
11213.00062,0.09934
11209.14338,0.09917
11205.28614,0.09900
11201.42890,0.09911
11197.57166,0.09928
11193.71442,0.09882
11189.85717,0.09810
11185.99993,0.09829
11182.14269,0.09896
11178.28545,0.09903
11174.42821,0.09835
11170.57097,0.09749
11166.71373,0.09718
11162.85648,0.09755
11158.99924,0.09814
11155.14200,0.09839
11151.28476,0.09806
11147.42752,0.09781
11143.57028,0.09861
11139.71304,0.09969
11135.85580,0.09965
11131.99855,0.09902
11128.14131,0.09887
11124.28407,0.09914
11120.42683,0.09916
11116.56959,0.09870
11112.71235,0.09848
11108.85511,0.09899
11104.99786,0.09919
11101.14062,0.09816
11097.28338,0.09753
11093.42614,0.09825
11089.56890,0.09890
11085.71166,0.09913
11081.85442,0.09944
11077.99718,0.09961
11074.13993,0.09965
11070.28269,0.09987
11066.42545,0.10042
11062.56821,0.10132
11058.71097,0.10195
11054.85373,0.10165
11050.99649,0.10137
11047.13924,0.10156
11043.28200,0.10104
11039.42476,0.10014
11035.56752,0.10039
11031.71028,0.10163
11027.85304,0.10254
11023.99580,0.10256
11020.13855,0.10187
11016.28131,0.10103
11012.42407,0.10068
11008.56683,0.10114
11004.70959,0.10201
11000.85235,0.10184
10996.99511,0.10091
10993.13787,0.10080
10989.28062,0.10133
10985.42338,0.10176
10981.56614,0.10169
10977.70890,0.10085
10973.85166,0.09984
10969.99442,0.09939
10966.13718,0.09933
10962.27993,0.09931
10958.42269,0.09911
10954.56545,0.09863
10950.70821,0.09857
10946.85097,0.09943
10942.99373,0.10030
10939.13649,0.10048
10935.27924,0.10027
10931.42200,0.09968
10927.56476,0.09896
10923.70752,0.09898
10919.85028,0.09937
10915.99304,0.09961
10912.13580,0.10021
10908.27856,0.10079
10904.42131,0.10078
10900.56407,0.10051
10896.70683,0.09987
10892.84959,0.09877
10888.99235,0.09775
10885.13511,0.09713
10881.27787,0.09730
10877.42062,0.09843
10873.56338,0.09925
10869.70614,0.09864
10865.84890,0.09750
10861.99166,0.09733
10858.13442,0.09803
10854.27718,0.09829
10850.41993,0.09808
10846.56269,0.09832
10842.70545,0.09852
10838.84821,0.09796
10834.99097,0.09741
10831.13373,0.09772
10827.27649,0.09827
10823.41925,0.09808
10819.56200,0.09762
10815.70476,0.09775
10811.84752,0.09811
10807.99028,0.09819
10804.13304,0.09819
10800.27580,0.09833
10796.41856,0.09848
10792.56131,0.09811
10788.70407,0.09696
10784.84683,0.09614
10780.98959,0.09659
10777.13235,0.09739
10773.27511,0.09739
10769.41787,0.09675
10765.56063,0.09650
10761.70338,0.09708
10757.84614,0.09814
10753.98890,0.09898
10750.13166,0.09867
10746.27442,0.09734
10742.41718,0.09685
10738.55994,0.09765
10734.70269,0.09807
10730.84545,0.09747
10726.98821,0.09678
10723.13097,0.09654
10719.27373,0.09672
10715.41649,0.09728
10711.55925,0.09795
10707.70200,0.09796
10703.84476,0.09722
10699.98752,0.09700
10696.13028,0.09771
10692.27304,0.09853
10688.41580,0.09893
10684.55856,0.09866
10680.70132,0.09781
10676.84407,0.09692
10672.98683,0.09646
10669.12959,0.09679
10665.27235,0.09719
10661.41511,0.09698
10657.55787,0.09695
10653.70063,0.09732
10649.84338,0.09709
10645.98614,0.09617
10642.12890,0.09528
10638.27166,0.09490
10634.41442,0.09503
10630.55718,0.09547
10626.69994,0.09620
10622.84269,0.09703
10618.98545,0.09738
10615.12821,0.09719
10611.27097,0.09717
10607.41373,0.09732
10603.55649,0.09733
10599.69925,0.09724
10595.84201,0.09680
10591.98476,0.09624
10588.12752,0.09595
10584.27028,0.09586
10580.41304,0.09614
10576.55580,0.09645
10572.69856,0.09624
10568.84132,0.09558
10564.98407,0.09483
10561.12683,0.09446
10557.26959,0.09434
10553.41235,0.09402
10549.55511,0.09364
10545.69787,0.09347
10541.84063,0.09362
10537.98339,0.09433
10534.12614,0.09518
10530.26890,0.09515
10526.41166,0.09439
10522.55442,0.09385
10518.69718,0.09352
10514.83994,0.09329
10510.98270,0.09338
10507.12545,0.09337
10503.26821,0.09308
10499.41097,0.09305
10495.55373,0.09323
10491.69649,0.09310
10487.83925,0.09286
10483.98201,0.09320
10480.12476,0.09398
10476.26752,0.09446
10472.41028,0.09479
10468.55304,0.09513
10464.69580,0.09498
10460.83856,0.09423
10456.98132,0.09357
10453.12408,0.09379
10449.26683,0.09431
10445.40959,0.09388
10441.55235,0.09304
10437.69511,0.09302
10433.83787,0.09364
10429.98063,0.09403
10426.12339,0.09410
10422.26614,0.09403
10418.40890,0.09394
10414.55166,0.09420
10410.69442,0.09446
10406.83718,0.09404
10402.97994,0.09330
10399.12270,0.09293
10395.26545,0.09293
10391.40821,0.09301
10387.55097,0.09323
10383.69373,0.09364
10379.83649,0.09380
10375.97925,0.09361
10372.12201,0.09357
10368.26477,0.09375
10364.40752,0.09379
10360.55028,0.09370
10356.69304,0.09364
10352.83580,0.09382
10348.97856,0.09445
10345.12132,0.09507
10341.26408,0.09500
10337.40683,0.09421
10333.54959,0.09361
10329.69235,0.09382
10325.83511,0.09426
10321.97787,0.09442
10318.12063,0.09458
10314.26339,0.09478
10310.40615,0.09493
10306.54890,0.09523
10302.69166,0.09535
10298.83442,0.09495
10294.97718,0.09450
10291.11994,0.09439
10287.26270,0.09459
10283.40546,0.09493
10279.54821,0.09495
10275.69097,0.09482
10271.83373,0.09498
10267.97649,0.09511
10264.11925,0.09499
10260.26201,0.09493
10256.40477,0.09482
10252.54752,0.09460
10248.69028,0.09470
10244.83304,0.09537
10240.97580,0.09622
10237.11856,0.09643
10233.26132,0.09586
10229.40408,0.09510
10225.54684,0.09471
10221.68959,0.09492
10217.83235,0.09551
10213.97511,0.09582
10210.11787,0.09553
10206.26063,0.09534
10202.40339,0.09580
10198.54615,0.09624
10194.68890,0.09621
10190.83166,0.09613
10186.97442,0.09639
10183.11718,0.09680
10179.25994,0.09674
10175.40270,0.09626
10171.54546,0.09626
10167.68821,0.09687
10163.83097,0.09738
10159.97373,0.09747
10156.11649,0.09739
10152.25925,0.09739
10148.40201,0.09769
10144.54477,0.09816
10140.68753,0.09828
10136.83028,0.09798
10132.97304,0.09771
10129.11580,0.09787
10125.25856,0.09818
10121.40132,0.09814
10117.54408,0.09803
10113.68684,0.09815
10109.82959,0.09816
10105.97235,0.09780
10102.11511,0.09733
10098.25787,0.09702
10094.40063,0.09689
10090.54339,0.09713
10086.68615,0.09769
10082.82891,0.09805
10078.97166,0.09804
10075.11442,0.09780
10071.25718,0.09761
10067.39994,0.09763
10063.54270,0.09760
10059.68546,0.09738
10055.82822,0.09727
10051.97097,0.09737
10048.11373,0.09745
10044.25649,0.09731
10040.39925,0.09711
10036.54201,0.09716
10032.68477,0.09746
10028.82753,0.09805
10024.97028,0.09872
10021.11304,0.09872
10017.25580,0.09794
10013.39856,0.09721
10009.54132,0.09693
10005.68408,0.09701
10001.82684,0.09731
9997.96960,0.09759
9994.11235,0.09766
9990.25511,0.09763
9986.39787,0.09775
9982.54063,0.09806
9978.68339,0.09821
9974.82615,0.09806
9970.96891,0.09779
9967.11166,0.09772
9963.25442,0.09790
9959.39718,0.09791
9955.53994,0.09775
9951.68270,0.09804
9947.82546,0.09867
9943.96822,0.09897
9940.11097,0.09899
9936.25373,0.09898
9932.39649,0.09883
9928.53925,0.09862
9924.68201,0.09855
9920.82477,0.09848
9916.96753,0.09818
9913.11029,0.09776
9909.25304,0.09765
9905.39580,0.09808
9901.53856,0.09870
9897.68132,0.09900
9893.82408,0.09911
9889.96684,0.09925
9886.10960,0.09919
9882.25235,0.09902
9878.39511,0.09882
9874.53787,0.09847
9870.68063,0.09820
9866.82339,0.09806
9862.96615,0.09782
9859.10891,0.09769
9855.25167,0.09792
9851.39442,0.09825
9847.53718,0.09854
9843.67994,0.09883
9839.82270,0.09891
9835.96546,0.09860
9832.10822,0.09833
9828.25098,0.09834
9824.39373,0.09822
9820.53649,0.09794
9816.67925,0.09795
9812.82201,0.09795
9808.96477,0.09752
9805.10753,0.09721
9801.25029,0.09749
9797.39304,0.09786
9793.53580,0.09790
9789.67856,0.09783
9785.82132,0.09782
9781.96408,0.09783
9778.10684,0.09778
9774.24960,0.09767
9770.39236,0.09753
9766.53511,0.09746
9762.67787,0.09763
9758.82063,0.09806
9754.96339,0.09845
9751.10615,0.09857
9747.24891,0.09840
9743.39167,0.09811
9739.53442,0.09790
9735.67718,0.09765
9731.81994,0.09714
9727.96270,0.09670
9724.10546,0.09676
9720.24822,0.09712
9716.39098,0.09753
9712.53373,0.09794
9708.67649,0.09806
9704.81925,0.09792
9700.96201,0.09773
9697.10477,0.09749
9693.24753,0.09718
9689.39029,0.09679
9685.53305,0.09657
9681.67580,0.09674
9677.81856,0.09686
9673.96132,0.09659
9670.10408,0.09649
9666.24684,0.09690
9662.38960,0.09723
9658.53236,0.09712
9654.67511,0.09682
9650.81787,0.09671
9646.96063,0.09689
9643.10339,0.09716
9639.24615,0.09732
9635.38891,0.09716
9631.53167,0.09672
9627.67443,0.09635
9623.81718,0.09608
9619.95994,0.09596
9616.10270,0.09615
9612.24546,0.09626
9608.38822,0.09621
9604.53098,0.09628
9600.67374,0.09611
9596.81649,0.09572
9592.95925,0.09571
9589.10201,0.09604
9585.24477,0.09627
9581.38753,0.09617
9577.53029,0.09587
9573.67305,0.09576
9569.81580,0.09585
9565.95856,0.09575
9562.10132,0.09550
9558.24408,0.09543
9554.38684,0.09553
9550.52960,0.09552
9546.67236,0.09529
9542.81512,0.09512
9538.95787,0.09524
9535.10063,0.09551
9531.24339,0.09580
9527.38615,0.09596
9523.52891,0.09586
9519.67167,0.09564
9515.81443,0.09549
9511.95718,0.09524
9508.09994,0.09485
9504.24270,0.09457
9500.38546,0.09464
9496.52822,0.09503
9492.67098,0.09528
9488.81374,0.09506
9484.95649,0.09458
9481.09925,0.09430
9477.24201,0.09442
9473.38477,0.09466
9469.52753,0.09461
9465.67029,0.09429
9461.81305,0.09415
9457.95581,0.09428
9454.09856,0.09427
9450.24132,0.09419
9446.38408,0.09441
9442.52684,0.09480
9438.66960,0.09507
9434.81236,0.09503
9430.95512,0.09479
9427.09787,0.09463
9423.24063,0.09459
9419.38339,0.09453
9415.52615,0.09440
9411.66891,0.09428
9407.81167,0.09421
9403.95443,0.09414
9400.09719,0.09405
9396.23994,0.09389
9392.38270,0.09372
9388.52546,0.09372
9384.66822,0.09397
9380.81098,0.09420
9376.95374,0.09412
9373.09650,0.09387
9369.23925,0.09374
9365.38201,0.09389
9361.52477,0.09410
9357.66753,0.09402
9353.81029,0.09377
9349.95305,0.09370
9346.09581,0.09384
9342.23856,0.09395
9338.38132,0.09389
9334.52408,0.09387
9330.66684,0.09391
9326.80960,0.09385
9322.95236,0.09387
9319.09512,0.09389
9315.23788,0.09358
9311.38063,0.09328
9307.52339,0.09334
9303.66615,0.09368
9299.80891,0.09400
9295.95167,0.09397
9292.09443,0.09349
9288.23719,0.09309
9284.37994,0.09308
9280.52270,0.09323
9276.66546,0.09331
9272.80822,0.09318
9268.95098,0.09281
9265.09374,0.09263
9261.23650,0.09295
9257.37925,0.09333
9253.52201,0.09327
9249.66477,0.09295
9245.80753,0.09290
9241.95029,0.09321
9238.09305,0.09352
9234.23581,0.09357
9230.37857,0.09340
9226.52132,0.09320
9222.66408,0.09310
9218.80684,0.09307
9214.94960,0.09310
9211.09236,0.09315
9207.23512,0.09326
9203.37788,0.09337
9199.52063,0.09324
9195.66339,0.09308
9191.80615,0.09322
9187.94891,0.09343
9184.09167,0.09341
9180.23443,0.09333
9176.37719,0.09332
9172.51995,0.09325
9168.66270,0.09312
9164.80546,0.09315
9160.94822,0.09319
9157.09098,0.09308
9153.23374,0.09294
9149.37650,0.09293
9145.51926,0.09295
9141.66201,0.09294
9137.80477,0.09308
9133.94753,0.09332
9130.09029,0.09340
9126.23305,0.09335
9122.37581,0.09323
9118.51857,0.09301
9114.66132,0.09285
9110.80408,0.09286
9106.94684,0.09298
9103.08960,0.09310
9099.23236,0.09319
9095.37512,0.09328
9091.51788,0.09342
9087.66064,0.09362
9083.80339,0.09372
9079.94615,0.09365
9076.08891,0.09362
9072.23167,0.09387
9068.37443,0.09415
9064.51719,0.09408
9060.65995,0.09374
9056.80270,0.09362
9052.94546,0.09390
9049.08822,0.09415
9045.23098,0.09418
9041.37374,0.09425
9037.51650,0.09452
9033.65926,0.09483
9029.80201,0.09500
9025.94477,0.09510
9022.08753,0.09525
9018.23029,0.09536
9014.37305,0.09539
9010.51581,0.09541
9006.65857,0.09561
9002.80133,0.09606
8998.94408,0.09667
8995.08684,0.09731
8991.22960,0.09782
8987.37236,0.09814
8983.51512,0.09840
8979.65788,0.09872
8975.80064,0.09911
8971.94339,0.09956
8968.08615,0.10002
8964.22891,0.10049
8960.37167,0.10107
8956.51443,0.10167
8952.65719,0.10216
8948.79995,0.10272
8944.94271,0.10354
8941.08546,0.10452
8937.22822,0.10541
8933.37098,0.10604
8929.51374,0.10660
8925.65650,0.10732
8921.79926,0.10822
8917.94202,0.10926
8914.08477,0.11033
8910.22753,0.11146
8906.37029,0.11277
8902.51305,0.11422
8898.65581,0.11550
8894.79857,0.11651
8890.94133,0.11750
8887.08408,0.11857
8883.22684,0.11954
8879.36960,0.12043
8875.51236,0.12131
8871.65512,0.12206
8867.79788,0.12263
8863.94064,0.12308
8860.08340,0.12344
8856.22615,0.12369
8852.36891,0.12380
8848.51167,0.12378
8844.65443,0.12356
8840.79719,0.12307
8836.93995,0.12237
8833.08271,0.12169
8829.22546,0.12117
8825.36822,0.12057
8821.51098,0.11969
8817.65374,0.11874
8813.79650,0.11781
8809.93926,0.11679
8806.08202,0.11564
8802.22477,0.11442
8798.36753,0.11322
8794.51029,0.11215
8790.65305,0.11120
8786.79581,0.11028
8782.93857,0.10926
8779.08133,0.10830
8775.22409,0.10764
8771.36684,0.10718
8767.50960,0.10676
8763.65236,0.10645
8759.79512,0.10618
8755.93788,0.10580
8752.08064,0.10541
8748.22340,0.10526
8744.36615,0.10544
8740.50891,0.10565
8736.65167,0.10556
8732.79443,0.10532
8728.93719,0.10529
8725.07995,0.10554
8721.22271,0.10574
8717.36547,0.10577
8713.50822,0.10586
8709.65098,0.10608
8705.79374,0.10629
8701.93650,0.10647
8698.07926,0.10672
8694.22202,0.10704
8690.36478,0.10736
8686.50753,0.10760
8682.65029,0.10774
8678.79305,0.10781
8674.93581,0.10788
8671.07857,0.10816
8667.22133,0.10873
8663.36409,0.10914
8659.50684,0.10917
8655.64960,0.10926
8651.79236,0.10965
8647.93512,0.11013
8644.07788,0.11053
8640.22064,0.11086
8636.36340,0.11110
8632.50616,0.11135
8628.64891,0.11169
8624.79167,0.11209
8620.93443,0.11252
8617.07719,0.11302
8613.21995,0.11343
8609.36271,0.11359
8605.50547,0.11380
8601.64822,0.11429
8597.79098,0.11482
8593.93374,0.11512
8590.07650,0.11537
8586.21926,0.11571
8582.36202,0.11612
8578.50478,0.11662
8574.64753,0.11710
8570.79029,0.11746
8566.93305,0.11778
8563.07581,0.11804
8559.21857,0.11821
8555.36133,0.11837
8551.50409,0.11858
8547.64685,0.11886
8543.78960,0.11913
8539.93236,0.11934
8536.07512,0.11950
8532.21788,0.11965
8528.36064,0.11999
8524.50340,0.12060
8520.64616,0.12118
8516.78891,0.12149
8512.93167,0.12158
8509.07443,0.12168
8505.21719,0.12186
8501.35995,0.12195
8497.50271,0.12193
8493.64547,0.12192
8489.78822,0.12201
8485.93098,0.12229
8482.07374,0.12280
8478.21650,0.12317
8474.35926,0.12307
8470.50202,0.12283
8466.64478,0.12274
8462.78754,0.12274
8458.93029,0.12277
8455.07305,0.12285
8451.21581,0.12284
8447.35857,0.12272
8443.50133,0.12259
8439.64409,0.12254
8435.78685,0.12260
8431.92960,0.12272
8428.07236,0.12279
8424.21512,0.12279
8420.35788,0.12274
8416.50064,0.12265
8412.64340,0.12255
8408.78616,0.12251
8404.92892,0.12253
8401.07167,0.12257
8397.21443,0.12262
8393.35719,0.12261
8389.49995,0.12252
8385.64271,0.12235
8381.78547,0.12202
8377.92823,0.12168
8374.07098,0.12162
8370.21374,0.12188
8366.35650,0.12218
8362.49926,0.12221
8358.64202,0.12203
8354.78478,0.12196
8350.92754,0.12202
8347.07029,0.12205
8343.21305,0.12203
8339.35581,0.12196
8335.49857,0.12183
8331.64133,0.12172
8327.78409,0.12171
8323.92685,0.12176
8320.06961,0.12185
8316.21236,0.12189
8312.35512,0.12189
8308.49788,0.12189
8304.64064,0.12187
8300.78340,0.12192
8296.92616,0.12197
8293.06892,0.12190
8289.21167,0.12186
8285.35443,0.12198
8281.49719,0.12206
8277.63995,0.12200
8273.78271,0.12202
8269.92547,0.12221
8266.06823,0.12242
8262.21098,0.12260
8258.35374,0.12274
8254.49650,0.12280
8250.63926,0.12279
8246.78202,0.12278
8242.92478,0.12276
8239.06754,0.12276
8235.21030,0.12288
8231.35305,0.12303
8227.49581,0.12307
8223.63857,0.12301
8219.78133,0.12292
8215.92409,0.12288
8212.06685,0.12286
8208.20961,0.12279
8204.35236,0.12264
8200.49512,0.12245
8196.63788,0.12234
8192.78064,0.12236
8188.92340,0.12234
8185.06616,0.12219
8181.20892,0.12192
8177.35168,0.12159
8173.49443,0.12130
8169.63719,0.12120
8165.77995,0.12123
8161.92271,0.12116
8158.06547,0.12087
8154.20823,0.12056
8150.35099,0.12039
8146.49374,0.12035
8142.63650,0.12023
8138.77926,0.11996
8134.92202,0.11972
8131.06478,0.11958
8127.20754,0.11951
8123.35030,0.11943
8119.49305,0.11930
8115.63581,0.11912
8111.77857,0.11895
8107.92133,0.11875
8104.06409,0.11846
8100.20685,0.11810
8096.34961,0.11776
8092.49237,0.11751
8088.63512,0.11739
8084.77788,0.11729
8080.92064,0.11702
8077.06340,0.11664
8073.20616,0.11636
8069.34892,0.11622
8065.49168,0.11607
8061.63443,0.11581
8057.77719,0.11557
8053.91995,0.11547
8050.06271,0.11542
8046.20547,0.11526
8042.34823,0.11505
8038.49099,0.11497
8034.63374,0.11496
8030.77650,0.11479
8026.91926,0.11453
8023.06202,0.11433
8019.20478,0.11419
8015.34754,0.11408
8011.49030,0.11404
8007.63306,0.11402
8003.77581,0.11397
7999.91857,0.11387
7996.06133,0.11372
7992.20409,0.11359
7988.34685,0.11356
7984.48961,0.11353
7980.63237,0.11346
7976.77512,0.11338
7972.91788,0.11327
7969.06064,0.11310
7965.20340,0.11297
7961.34616,0.11290
7957.48892,0.11284
7953.63168,0.11278
7949.77444,0.11275
7945.91719,0.11280
7942.05995,0.11279
7938.20271,0.11267
7934.34547,0.11253
7930.48823,0.11246
7926.63099,0.11246
7922.77375,0.11245
7918.91650,0.11242
7915.05926,0.11239
7911.20202,0.11239
7907.34478,0.11238
7903.48754,0.11241
7899.63030,0.11249
7895.77306,0.11260
7891.91581,0.11268
7888.05857,0.11269
7884.20133,0.11274
7880.34409,0.11284
7876.48685,0.11280
7872.62961,0.11267
7868.77237,0.11262
7864.91513,0.11264
7861.05788,0.11260
7857.20064,0.11247
7853.34340,0.11240
7849.48616,0.11241
7845.62892,0.11237
7841.77168,0.11225
7837.91444,0.11213
7834.05719,0.11197
7830.19995,0.11172
7826.34271,0.11155
7822.48547,0.11144
7818.62823,0.11134
7814.77099,0.11126
7810.91375,0.11120
7807.05650,0.11110
7803.19926,0.11097
7799.34202,0.11081
7795.48478,0.11055
7791.62754,0.11029
7787.77030,0.11017
7783.91306,0.10995
7780.05582,0.10961
7776.19857,0.10951
7772.34133,0.10965
7768.48409,0.10960
7764.62685,0.10928
7760.76961,0.10902
7756.91237,0.10891
7753.05513,0.10876
7749.19788,0.10857
7745.34064,0.10833
7741.48340,0.10799
7737.62616,0.10770
7733.76892,0.10756
7729.91168,0.10753
7726.05444,0.10751
7722.19720,0.10741
7718.33995,0.10725
7714.48271,0.10712
7710.62547,0.10713
7706.76823,0.10714
7702.91099,0.10686
7699.05375,0.10643
7695.19651,0.10613
7691.33926,0.10609
7687.48202,0.10625
7683.62478,0.10643
7679.76754,0.10655
7675.91030,0.10659
7672.05306,0.10653
7668.19582,0.10645
7664.33857,0.10647
7660.48133,0.10655
7656.62409,0.10665
7652.76685,0.10671
7648.90961,0.10671
7645.05237,0.10679
7641.19513,0.10691
7637.33789,0.10691
7633.48064,0.10681
7629.62340,0.10667
7625.76616,0.10662
7621.90892,0.10676
7618.05168,0.10696
7614.19444,0.10713
7610.33720,0.10731
7606.47995,0.10760
7602.62271,0.10784
7598.76547,0.10783
7594.90823,0.10771
7591.05099,0.10774
7587.19375,0.10790
7583.33651,0.10808
7579.47926,0.10829
7575.62202,0.10847
7571.76478,0.10854
7567.90754,0.10861
7564.05030,0.10880
7560.19306,0.10909
7556.33582,0.10952
7552.47858,0.10994
7548.62133,0.11022
7544.76409,0.11051
7540.90685,0.11086
7537.04961,0.11123
7533.19237,0.11166
7529.33513,0.11196
7525.47789,0.11205
7521.62064,0.11213
7517.76340,0.11232
7513.90616,0.11257
7510.04892,0.11286
7506.19168,0.11322
7502.33444,0.11363
7498.47720,0.11393
7494.61996,0.11418
7490.76271,0.11457
7486.90547,0.11502
7483.04823,0.11541
7479.19099,0.11579
7475.33375,0.11621
7471.47651,0.11667
7467.61927,0.11713
7463.76202,0.11772
7459.90478,0.11855
7456.04754,0.11945
7452.19030,0.12030
7448.33306,0.12106
7444.47582,0.12176
7440.61858,0.12251
7436.76133,0.12342
7432.90409,0.12445
7429.04685,0.12559
7425.18961,0.12669
7421.33237,0.12762
7417.47513,0.12844
7413.61789,0.12924
7409.76065,0.13011
7405.90340,0.13116
7402.04616,0.13229
7398.18892,0.13337
7394.33168,0.13445
7390.47444,0.13556
7386.61720,0.13664
7382.75996,0.13771
7378.90271,0.13884
7375.04547,0.13996
7371.18823,0.14103
7367.33099,0.14215
7363.47375,0.14335
7359.61651,0.14450
7355.75927,0.14551
7351.90202,0.14642
7348.04478,0.14738
7344.18754,0.14841
7340.33030,0.14928
7336.47306,0.14996
7332.61582,0.15069
7328.75858,0.15152
7324.90134,0.15214
7321.04409,0.15250
7317.18685,0.15286
7313.32961,0.15331
7309.47237,0.15374
7305.61513,0.15405
7301.75789,0.15433
7297.90065,0.15462
7294.04340,0.15482
7290.18616,0.15494
7286.32892,0.15515
7282.47168,0.15553
7278.61444,0.15593
7274.75720,0.15629
7270.89996,0.15671
7267.04272,0.15715
7263.18547,0.15757
7259.32823,0.15795
7255.47099,0.15835
7251.61375,0.15881
7247.75651,0.15920
7243.89927,0.15947
7240.04203,0.15970
7236.18478,0.15998
7232.32754,0.16028
7228.47030,0.16051
7224.61306,0.16074
7220.75582,0.16109
7216.89858,0.16147
7213.04134,0.16180
7209.18409,0.16210
7205.32685,0.16238
7201.46961,0.16258
7197.61237,0.16278
7193.75513,0.16307
7189.89789,0.16343
7186.04065,0.16384
7182.18341,0.16433
7178.32616,0.16493
7174.46892,0.16559
7170.61168,0.16633
7166.75444,0.16720
7162.89720,0.16814
7159.03996,0.16906
7155.18272,0.17003
7151.32547,0.17117
7147.46823,0.17254
7143.61099,0.17396
7139.75375,0.17527
7135.89651,0.17661
7132.03927,0.17807
7128.18203,0.17955
7124.32478,0.18103
7120.46754,0.18253
7116.61030,0.18397
7112.75306,0.18536
7108.89582,0.18683
7105.03858,0.18839
7101.18134,0.18992
7097.32410,0.19147
7093.46685,0.19308
7089.60961,0.19473
7085.75237,0.19648
7081.89513,0.19832
7078.03789,0.20020
7074.18065,0.20212
7070.32341,0.20409
7066.46616,0.20603
7062.60892,0.20793
7058.75168,0.20981
7054.89444,0.21158
7051.03720,0.21328
7047.17996,0.21504
7043.32272,0.21681
7039.46548,0.21851
7035.60823,0.22013
7031.75099,0.22170
7027.89375,0.22320
7024.03651,0.22468
7020.17927,0.22618
7016.32203,0.22756
7012.46479,0.22877
7008.60754,0.22991
7004.75030,0.23100
7000.89306,0.23202
6997.03582,0.23306
6993.17858,0.23412
6989.32134,0.23513
6985.46410,0.23607
6981.60685,0.23698
6977.74961,0.23788
6973.89237,0.23879
6970.03513,0.23965
6966.17789,0.24042
6962.32065,0.24112
6958.46341,0.24179
6954.60617,0.24246
6950.74892,0.24307
6946.89168,0.24362
6943.03444,0.24415
6939.17720,0.24467
6935.31996,0.24521
6931.46272,0.24577
6927.60548,0.24630
6923.74823,0.24681
6919.89099,0.24736
6916.03375,0.24787
6912.17651,0.24832
6908.31927,0.24884
6904.46203,0.24943
6900.60479,0.24996
6896.74754,0.25043
6892.89030,0.25094
6889.03306,0.25146
6885.17582,0.25194
6881.31858,0.25242
6877.46134,0.25300
6873.60410,0.25372
6869.74686,0.25454
6865.88961,0.25528
6862.03237,0.25595
6858.17513,0.25667
6854.31789,0.25745
6850.46065,0.25827
6846.60341,0.25915
6842.74617,0.26000
6838.88892,0.26072
6835.03168,0.26139
6831.17444,0.26212
6827.31720,0.26299
6823.45996,0.26392
6819.60272,0.26471
6815.74548,0.26545
6811.88824,0.26630
6808.03099,0.26726
6804.17375,0.26820
6800.31651,0.26908
6796.45927,0.26996
6792.60203,0.27089
6788.74479,0.27187
6784.88755,0.27281
6781.03030,0.27367
6777.17306,0.27447
6773.31582,0.27522
6769.45858,0.27598
6765.60134,0.27675
6761.74410,0.27739
6757.88686,0.27788
6754.02961,0.27831
6750.17237,0.27876
6746.31513,0.27918
6742.45789,0.27948
6738.60065,0.27964
6734.74341,0.27973
6730.88617,0.27986
6727.02893,0.28002
6723.17168,0.28008
6719.31444,0.28003
6715.45720,0.28004
6711.59996,0.28013
6707.74272,0.28018
6703.88548,0.28016
6700.02824,0.28009
6696.17099,0.28003
6692.31375,0.27998
6688.45651,0.27986
6684.59927,0.27966
6680.74203,0.27946
6676.88479,0.27926
6673.02755,0.27903
6669.17030,0.27872
6665.31306,0.27838
6661.45582,0.27802
6657.59858,0.27766
6653.74134,0.27729
6649.88410,0.27687
6646.02686,0.27641
6642.16962,0.27591
6638.31237,0.27540
6634.45513,0.27488
6630.59789,0.27433
6626.74065,0.27372
6622.88341,0.27310
6619.02617,0.27255
6615.16893,0.27207
6611.31168,0.27157
6607.45444,0.27095
6603.59720,0.27031
6599.73996,0.26973
6595.88272,0.26926
6592.02548,0.26890
6588.16824,0.26861
6584.31100,0.26833
6580.45375,0.26813
6576.59651,0.26798
6572.73927,0.26782
6568.88203,0.26773
6565.02479,0.26773
6561.16755,0.26781
6557.31031,0.26788
6553.45306,0.26787
6549.59582,0.26786
6545.73858,0.26792
6541.88134,0.26808
6538.02410,0.26823
6534.16686,0.26830
6530.30962,0.26837
6526.45237,0.26847
6522.59513,0.26860
6518.73789,0.26877
6514.88065,0.26896
6511.02341,0.26906
6507.16617,0.26911
6503.30893,0.26926
6499.45169,0.26941
6495.59444,0.26950
6491.73720,0.26957
6487.87996,0.26960
6484.02272,0.26952
6480.16548,0.26929
6476.30824,0.26904
6472.45100,0.26896
6468.59375,0.26892
6464.73651,0.26877
6460.87927,0.26851
6457.02203,0.26819
6453.16479,0.26787
6449.30755,0.26756
6445.45031,0.26722
6441.59306,0.26680
6437.73582,0.26637
6433.87858,0.26602
6430.02134,0.26564
6426.16410,0.26516
6422.30686,0.26470
6418.44962,0.26431
6414.59238,0.26398
6410.73513,0.26364
6406.87789,0.26328
6403.02065,0.26294
6399.16341,0.26272
6395.30617,0.26259
6391.44893,0.26245
6387.59169,0.26228
6383.73444,0.26208
6379.87720,0.26185
6376.01996,0.26161
6372.16272,0.26131
6368.30548,0.26102
6364.44824,0.26082
6360.59100,0.26064
6356.73376,0.26044
6352.87651,0.26020
6349.01927,0.25996
6345.16203,0.25981
6341.30479,0.25976
6337.44755,0.25975
6333.59031,0.25972
6329.73307,0.25964
6325.87582,0.25953
6322.01858,0.25949
6318.16134,0.25952
6314.30410,0.25948
6310.44686,0.25932
6306.58962,0.25909
6302.73238,0.25883
6298.87513,0.25847
6295.01789,0.25802
6291.16065,0.25756
6287.30341,0.25711
6283.44617,0.25654
6279.58893,0.25583
6275.73169,0.25502
6271.87445,0.25412
6268.01720,0.25317
6264.15996,0.25230
6260.30272,0.25144
6256.44548,0.25050
6252.58824,0.24952
6248.73100,0.24850
6244.87376,0.24743
6241.01651,0.24632
6237.15927,0.24520
6233.30203,0.24408
6229.44479,0.24299
6225.58755,0.24199
6221.73031,0.24103
6217.87307,0.24015
6214.01582,0.23951
6210.15858,0.23917
6206.30134,0.23907
6202.44410,0.23904
6198.58686,0.23894
6194.72962,0.23851
6190.87238,0.23757
6187.01514,0.23620
6183.15789,0.23475
6179.30065,0.23336
6175.44341,0.23210
6171.58617,0.23107
6167.72893,0.23033
6163.87169,0.22985
6160.01445,0.22959
6156.15720,0.22957
6152.29996,0.22973
6148.44272,0.22990
6144.58548,0.22992
6140.72824,0.22968
6136.87100,0.22923
6133.01376,0.22872
6129.15652,0.22835
6125.29927,0.22840
6121.44203,0.22905
6117.58479,0.23028
6113.72755,0.23207
6109.87031,0.23442
6106.01307,0.23736
6102.15583,0.24082
6098.29858,0.24464
6094.44134,0.24864
6090.58410,0.25265
6086.72686,0.25646
6082.86962,0.25996
6079.01238,0.26335
6075.15514,0.26703
6071.29789,0.27140
6067.44065,0.27659
6063.58341,0.28229
6059.72617,0.28793
6055.86893,0.29303
6052.01169,0.29749
6048.15445,0.30150
6044.29721,0.30541
6040.43996,0.30956
6036.58272,0.31418
6032.72548,0.31915
6028.86824,0.32392
6025.01100,0.32773
6021.15376,0.32982
6017.29652,0.32970
6013.43927,0.32712
6009.58203,0.32227
6005.72479,0.31581
6001.86755,0.30861
5998.01031,0.30150
5994.15307,0.29519
5990.29583,0.29011
5986.43858,0.28643
5982.58134,0.28391
5978.72410,0.28190
5974.86686,0.27956
5971.00962,0.27647
5967.15238,0.27293
5963.29514,0.26966
5959.43790,0.26722
5955.58065,0.26575
5951.72341,0.26506
5947.86617,0.26477
5944.00893,0.26436
5940.15169,0.26320
5936.29445,0.26093
5932.43721,0.25773
5928.57996,0.25406
5924.72272,0.25038
5920.86548,0.24697
5917.00824,0.24395
5913.15100,0.24146
5909.29376,0.23971
5905.43652,0.23884
5901.57927,0.23886
5897.72203,0.23977
5893.86479,0.24150
5890.00755,0.24384
5886.15031,0.24650
5882.29307,0.24922
5878.43583,0.25167
5874.57859,0.25373
5870.72134,0.25548
5866.86410,0.25683
5863.00686,0.25752
5859.14962,0.25754
5855.29238,0.25706
5851.43514,0.25632
5847.57790,0.25559
5843.72065,0.25501
5839.86341,0.25461
5836.00617,0.25443
5832.14893,0.25444
5828.29169,0.25450
5824.43445,0.25460
5820.57721,0.25479
5816.71997,0.25508
5812.86272,0.25537
5809.00548,0.25552
5805.14824,0.25549
5801.29100,0.25533
5797.43376,0.25512
5793.57652,0.25495
5789.71928,0.25481
5785.86203,0.25467
5782.00479,0.25449
5778.14755,0.25422
5774.29031,0.25376
5770.43307,0.25315
5766.57583,0.25239
5762.71859,0.25147
5758.86134,0.25037
5755.00410,0.24908
5751.14686,0.24765
5747.28962,0.24613
5743.43238,0.24458
5739.57514,0.24307
5735.71790,0.24168
5731.86066,0.24051
5728.00341,0.23969
5724.14617,0.23926
5720.28893,0.23918
5716.43169,0.23933
5712.57445,0.23957
5708.71721,0.23977
5704.85997,0.23980
5701.00272,0.23974
5697.14548,0.23965
5693.28824,0.23951
5689.43100,0.23933
5685.57376,0.23917
5681.71652,0.23905
5677.85928,0.23907
5674.00203,0.23932
5670.14479,0.23972
5666.28755,0.24018
5662.43031,0.24064
5658.57307,0.24107
5654.71583,0.24133
5650.85859,0.24128
5647.00135,0.24094
5643.14410,0.24038
5639.28686,0.23971
5635.42962,0.23899
5631.57238,0.23823
5627.71514,0.23750
5623.85790,0.23691
5620.00066,0.23648
5616.14341,0.23619
5612.28617,0.23604
5608.42893,0.23602
5604.57169,0.23610
5600.71445,0.23629
5596.85721,0.23657
5592.99997,0.23695
5589.14273,0.23735
5585.28548,0.23771
5581.42824,0.23809
5577.57100,0.23860
5573.71376,0.23920
5569.85652,0.23970
5565.99928,0.23997
5562.14204,0.23999
5558.28479,0.23989
5554.42755,0.23979
5550.57031,0.23966
5546.71307,0.23953
5542.85583,0.23945
5538.99859,0.23945
5535.14135,0.23951
5531.28410,0.23955
5527.42686,0.23947
5523.56962,0.23923
5519.71238,0.23890
5515.85514,0.23858
5511.99790,0.23836
5508.14066,0.23828
5504.28342,0.23831
5500.42617,0.23848
5496.56893,0.23877
5492.71169,0.23919
5488.85445,0.23970
5484.99721,0.24012
5481.13997,0.24030
5477.28273,0.24024
5473.42548,0.24000
5469.56824,0.23956
5465.71100,0.23887
5461.85376,0.23795
5457.99652,0.23692
5454.13928,0.23582
5450.28204,0.23459
5446.42479,0.23316
5442.56755,0.23164
5438.71031,0.23018
5434.85307,0.22883
5430.99583,0.22753
5427.13859,0.22633
5423.28135,0.22536
5419.42411,0.22467
5415.56686,0.22414
5411.70962,0.22369
5407.85238,0.22334
5403.99514,0.22311
5400.13790,0.22293
5396.28066,0.22277
5392.42342,0.22268
5388.56617,0.22270
5384.70893,0.22280
5380.85169,0.22296
5376.99445,0.22322
5373.13721,0.22356
5369.27997,0.22400
5365.42273,0.22456
5361.56549,0.22522
5357.70824,0.22591
5353.85100,0.22659
5349.99376,0.22721
5346.13652,0.22779
5342.27928,0.22840
5338.42204,0.22911
5334.56480,0.22992
5330.70755,0.23087
5326.85031,0.23203
5322.99307,0.23350
5319.13583,0.23528
5315.27859,0.23740
5311.42135,0.23988
5307.56411,0.24274
5303.70686,0.24597
5299.84962,0.24952
5295.99238,0.25347
5292.13514,0.25796
5288.27790,0.26306
5284.42066,0.26869
5280.56342,0.27483
5276.70618,0.28139
5272.84893,0.28815
5268.99169,0.29497
5265.13445,0.30188
5261.27721,0.30854
5257.41997,0.31452
5253.56273,0.31985
5249.70549,0.32473
5245.84824,0.32925
5241.99100,0.33334
5238.13376,0.33689
5234.27652,0.34003
5230.41928,0.34278
5226.56204,0.34518
5222.70480,0.34725
5218.84755,0.34905
5214.99031,0.35064
5211.13307,0.35204
5207.27583,0.35325
5203.41859,0.35423
5199.56135,0.35507
5195.70411,0.35582
5191.84687,0.35644
5187.98962,0.35686
5184.13238,0.35713
5180.27514,0.35722
5176.41790,0.35712
5172.56066,0.35690
5168.70342,0.35658
5164.84618,0.35621
5160.98893,0.35580
5157.13169,0.35529
5153.27445,0.35467
5149.41721,0.35406
5145.55997,0.35347
5141.70273,0.35275
5137.84549,0.35186
5133.98825,0.35094
5130.13100,0.35016
5126.27376,0.34937
5122.41652,0.34833
5118.55928,0.34684
5114.70204,0.34477
5110.84480,0.34223
5106.98756,0.33946
5103.13031,0.33662
5099.27307,0.33378
5095.41583,0.33099
5091.55859,0.32836
5087.70135,0.32597
5083.84411,0.32382
5079.98687,0.32176
5076.12962,0.31971
5072.27238,0.31775
5068.41514,0.31596
5064.55790,0.31424
5060.70066,0.31252
5056.84342,0.31088
5052.98618,0.30938
5049.12894,0.30793
5045.27169,0.30655
5041.41445,0.30525
5037.55721,0.30393
5033.69997,0.30261
5029.84273,0.30138
5025.98549,0.30023
5022.12825,0.29913
5018.27100,0.29817
5014.41376,0.29737
5010.55652,0.29660
5006.69928,0.29576
5002.84204,0.29489
4998.98480,0.29405
4995.12756,0.29330
4991.27031,0.29264
4987.41307,0.29209
4983.55583,0.29170
4979.69859,0.29152
4975.84135,0.29158
4971.98411,0.29185
4968.12687,0.29234
4964.26963,0.29309
4960.41238,0.29410
4956.55514,0.29531
4952.69790,0.29668
4948.84066,0.29821
4944.98342,0.29992
4941.12618,0.30177
4937.26894,0.30371
4933.41169,0.30573
4929.55445,0.30794
4925.69721,0.31039
4921.83997,0.31299
4917.98273,0.31570
4914.12549,0.31854
4910.26825,0.32155
4906.41101,0.32477
4902.55376,0.32812
4898.69652,0.33156
4894.83928,0.33516
4890.98204,0.33890
4887.12480,0.34273
4883.26756,0.34663
4879.41032,0.35060
4875.55307,0.35460
4871.69583,0.35844
4867.83859,0.36206
4863.98135,0.36549
4860.12411,0.36881
4856.26687,0.37209
4852.40963,0.37543
4848.55238,0.37896
4844.69514,0.38276
4840.83790,0.38681
4836.98066,0.39100
4833.12342,0.39526
4829.26618,0.39953
4825.40894,0.40375
4821.55170,0.40783
4817.69445,0.41165
4813.83721,0.41516
4809.97997,0.41831
4806.12273,0.42112
4802.26549,0.42367
4798.40825,0.42588
4794.55101,0.42769
4790.69376,0.42909
4786.83652,0.43015
4782.97928,0.43100
4779.12204,0.43169
4775.26480,0.43227
4771.40756,0.43293
4767.55032,0.43388
4763.69307,0.43527
4759.83583,0.43706
4755.97859,0.43906
4752.12135,0.44107
4748.26411,0.44296
4744.40687,0.44466
4740.54963,0.44621
4736.69239,0.44781
4732.83514,0.44977
4728.97790,0.45230
4725.12066,0.45504
4721.26342,0.45718
4717.40618,0.45811
4713.54894,0.45811
4709.69170,0.45826
4705.83445,0.45968
4701.97721,0.46279
4698.11997,0.46685
4694.26273,0.47015
4690.40549,0.47093
4686.54825,0.46819
4682.69101,0.46219
4678.83377,0.45430
4674.97652,0.44625
4671.11928,0.43931
4667.26204,0.43413
4663.40480,0.43065
4659.54756,0.42846
4655.69032,0.42744
4651.83308,0.42790
4647.97583,0.43017
4644.11859,0.43384
4640.26135,0.43753
4636.40411,0.43938
4632.54687,0.43771
4628.68963,0.43194
4624.83239,0.42332
4620.97514,0.41418
4617.11790,0.40636
4613.26066,0.40056
4609.40342,0.39677
4605.54618,0.39491
4601.68894,0.39490
4597.83170,0.39635
4593.97446,0.39831
4590.11721,0.39993
4586.25997,0.40115
4582.40273,0.40173
4578.54549,0.40032
4574.68825,0.39567
4570.83101,0.38843
4566.97377,0.38078
4563.11652,0.37458
4559.25928,0.37047
4555.40204,0.36808
4551.54480,0.36666
4547.68756,0.36560
4543.83032,0.36463
4539.97308,0.36374
4536.11583,0.36309
4532.25859,0.36284
4528.40135,0.36308
4524.54411,0.36377
4520.68687,0.36489
4516.82963,0.36657
4512.97239,0.36909
4509.11515,0.37270
4505.25790,0.37760
4501.40066,0.38403
4497.54342,0.39180
4493.68618,0.39989
4489.82894,0.40701
4485.97170,0.41258
4482.11446,0.41730
4478.25721,0.42254
4474.39997,0.42956
4470.54273,0.43914
4466.68549,0.45132
4462.82825,0.46441
4458.97101,0.47533
4455.11377,0.48226
4451.25653,0.48656
4447.39928,0.49087
4443.54204,0.49625
4439.68480,0.50195
4435.82756,0.50663
4431.97032,0.50908
4428.11308,0.50881
4424.25584,0.50662
4420.39859,0.50434
4416.54135,0.50365
4412.68411,0.50515
4408.82687,0.50799
4404.96963,0.51037
4401.11239,0.51075
4397.25515,0.50863
4393.39790,0.50469
4389.54066,0.50008
4385.68342,0.49574
4381.82618,0.49211
4377.96894,0.48938
4374.11170,0.48754
4370.25446,0.48666
4366.39722,0.48691
4362.53997,0.48810
4358.68273,0.48964
4354.82549,0.49126
4350.96825,0.49316
4347.11101,0.49560
4343.25377,0.49845
4339.39653,0.50141
4335.53928,0.50419
4331.68204,0.50676
4327.82480,0.50937
4323.96756,0.51219
4320.11032,0.51520
4316.25308,0.51852
4312.39584,0.52248
4308.53859,0.52722
4304.68135,0.53242
4300.82411,0.53759
4296.96687,0.54213
4293.10963,0.54557
4289.25239,0.54771
4285.39515,0.54868
4281.53791,0.54883
4277.68066,0.54854
4273.82342,0.54777
4269.96618,0.54630
4266.10894,0.54425
4262.25170,0.54227
4258.39446,0.54095
4254.53722,0.54047
4250.67997,0.54050
4246.82273,0.54042
4242.96549,0.53978
4239.10825,0.53850
4235.25101,0.53695
4231.39377,0.53562
4227.53653,0.53456
4223.67929,0.53324
4219.82204,0.53122
4215.96480,0.52867
4212.10756,0.52611
4208.25032,0.52376
4204.39308,0.52159
4200.53584,0.51970
4196.67860,0.51858
4192.82135,0.51887
4188.96411,0.52095
4185.10687,0.52456
4181.24963,0.52834
4177.39239,0.53011
4173.53515,0.52837
4169.67791,0.52365
4165.82066,0.51802
4161.96342,0.51341
4158.10618,0.51058
4154.24894,0.50943
4150.39170,0.50982
4146.53446,0.51164
4142.67722,0.51471
4138.81998,0.51853
4134.96273,0.52235
4131.10549,0.52561
4127.24825,0.52841
4123.39101,0.53142
4119.53377,0.53535
4115.67653,0.54063
4111.81929,0.54755
4107.96204,0.55636
4104.10480,0.56749
4100.24756,0.58152
4096.39032,0.59761
4092.53308,0.61147
4088.67584,0.61793
4084.81860,0.61594
4080.96135,0.60861
4077.10411,0.59980
4073.24687,0.59257
4069.38963,0.58849
4065.53239,0.58742
4061.67515,0.58836
4057.81791,0.59064
4053.96067,0.59397
4050.10342,0.59777
4046.24618,0.60144
4042.38894,0.60456
4038.53170,0.60690
4034.67446,0.60858
4030.81722,0.60995
4026.95998,0.61102
4023.10273,0.61149
4019.24549,0.61127
4015.38825,0.61039
4011.53101,0.60894
4007.67377,0.60701
4003.81653,0.60458
3999.95929,0.60166
3996.10205,0.59840
3992.24480,0.59515
3988.38756,0.59228
3984.53032,0.58998
3980.67308,0.58823
3976.81584,0.58674
3972.95860,0.58510
3969.10136,0.58305
3965.24411,0.58059
3961.38687,0.57779
3957.52963,0.57490
3953.67239,0.57208
3949.81515,0.56919
3945.95791,0.56623
3942.10067,0.56335
3938.24342,0.56058
3934.38618,0.55783
3930.52894,0.55528
3926.67170,0.55315
3922.81446,0.55115
3918.95722,0.54906
3915.09998,0.54694
3911.24274,0.54479
3907.38549,0.54222
3903.52825,0.53877
3899.67101,0.53511
3895.81377,0.53207
3891.95653,0.52936
3888.09929,0.52692
3884.24205,0.52505
3880.38480,0.52370
3876.52756,0.52224
3872.67032,0.51991
3868.81308,0.51667
3864.95584,0.51314
3861.09860,0.50999
3857.24136,0.50716
3853.38411,0.50418
3849.52687,0.50184
3845.66963,0.50037
3841.81239,0.49895
3837.95515,0.49766
3834.09791,0.49699
3830.24067,0.49680
3826.38343,0.49682
3822.52618,0.49754
3818.66894,0.49987
3814.81170,0.50300
3810.95446,0.50528
3807.09722,0.50637
3803.23998,0.50620
3799.38274,0.50490
3795.52549,0.50338
3791.66825,0.50238
3787.81101,0.50207
3783.95377,0.50260
3780.09653,0.50423
3776.23929,0.50648
3772.38205,0.50879
3768.52481,0.51147
3764.66756,0.51475
3760.81032,0.51786
3756.95308,0.51961
3753.09584,0.51916
3749.23860,0.51759
3745.38136,0.51762
3741.52412,0.51982
3737.66687,0.52355
3733.80963,0.52849
3729.95239,0.53258
3726.09515,0.53520
3722.23791,0.53805
3718.38067,0.54198
3714.52343,0.54745
3710.66618,0.55582
3706.80894,0.56635
3702.95170,0.57813
3699.09446,0.59195
3695.23722,0.60746
3691.37998,0.62730
3687.52274,0.65163
3683.66550,0.67107
3679.80825,0.68550
3675.95101,0.70269
3672.09377,0.72646
3668.23653,0.75152
3664.37929,0.77383
3660.52205,0.79507
3656.66481,0.81669
3652.80756,0.83883
3648.95032,0.86404
3645.09308,0.89022
3641.23584,0.91115
3637.37860,0.93041
3633.52136,0.95008
3629.66412,0.96777
3625.80687,0.98180
3621.94963,0.99287
3618.09239,1.00678
3614.23515,1.02221
3610.37791,1.03318
3606.52067,1.03988
3602.66343,1.04976
3598.80619,1.06852
