12493.60475,0.12207
12489.74751,0.12232
12485.89027,0.12351
12482.03303,0.12244
12478.17579,0.11996
12474.31855,0.11961
12470.46130,0.12270
12466.60406,0.12759
12462.74682,0.12928
12458.88958,0.12493
12455.03234,0.11939
12451.17510,0.11767
12447.31786,0.11881
12443.46062,0.12117
12439.60337,0.12349
12435.74613,0.12382
12431.88889,0.12292
12428.03165,0.12323
12424.17441,0.12519
12420.31717,0.12689
12416.45993,0.12568
12412.60268,0.12191
12408.74544,0.12043
12404.88820,0.12348
12401.03096,0.12597
12397.17372,0.12442
12393.31648,0.12305
12389.45924,0.12485
12385.60199,0.12634
12381.74475,0.12653
12377.88751,0.12865
12374.03027,0.13066
12370.17303,0.12877
12366.31579,0.12616
12362.45855,0.12714
12358.60131,0.12814
12354.74406,0.12427
12350.88682,0.11976
12347.02958,0.11924
12343.17234,0.11980
12339.31510,0.12021
12335.45786,0.12269
12331.60062,0.12496
12327.74337,0.12466
12323.88613,0.12391
12320.02889,0.12396
12316.17165,0.12443
12312.31441,0.12388
12308.45717,0.12161
12304.59993,0.12054
12300.74268,0.12136
12296.88544,0.12234
12293.02820,0.12411
12289.17096,0.12529
12285.31372,0.12334
12281.45648,0.12156
12277.59924,0.12364
12273.74200,0.12624
12269.88475,0.12562
12266.02751,0.12338
12262.17027,0.12243
12258.31303,0.12374
12254.45579,0.12550
12250.59855,0.12500
12246.74131,0.12294
12242.88406,0.12186
12239.02682,0.12248
12235.16958,0.12347
12231.31234,0.12215
12227.45510,0.11874
12223.59786,0.11749
12219.74062,0.11883
12215.88338,0.11866
12212.02613,0.11732
12208.16889,0.11893
12204.31165,0.12254
12200.45441,0.12373
12196.59717,0.12248
12192.73993,0.12216
12188.88269,0.12267
12185.02544,0.12104
12181.16820,0.11879
12177.31096,0.12057
12173.45372,0.12528
12169.59648,0.12735
12165.73924,0.12510
12161.88200,0.12170
12158.02475,0.11995
12154.16751,0.12007
12150.31027,0.12156
12146.45303,0.12370
12142.59579,0.12463
12138.73855,0.12366
12134.88131,0.12221
12131.02407,0.12113
12127.16682,0.12123
12123.30958,0.12250
12119.45234,0.12259
12115.59510,0.12066
12111.73786,0.11921
12107.88062,0.12002
12104.02338,0.12204
12100.16613,0.12388
12096.30889,0.12439
12092.45165,0.12254
12088.59441,0.12052
12084.73717,0.12026
12080.87993,0.12021
12077.02269,0.12032
12073.16544,0.12058
12069.30820,0.11959
12065.45096,0.11888
12061.59372,0.11942
12057.73648,0.11846
12053.87924,0.11672
12050.02200,0.11815
12046.16476,0.12123
12042.30751,0.12195
12038.45027,0.12107
12034.59303,0.12168
12030.73579,0.12457
12026.87855,0.12752
12023.02131,0.12791
12019.16407,0.12575
12015.30682,0.12356
12011.44958,0.12345
12007.59234,0.12462
12003.73510,0.12492
11999.87786,0.12471
11996.02062,0.12682
11992.16338,0.13039
11988.30614,0.13182
11984.44889,0.13053
11980.59165,0.12785
11976.73441,0.12569
11972.87717,0.12539
11969.01993,0.12572
11965.16269,0.12530
11961.30545,0.12495
11957.44820,0.12589
11953.59096,0.12631
11949.73372,0.12424
11945.87648,0.12261
11942.01924,0.12366
11938.16200,0.12435
11934.30476,0.12350
11930.44751,0.12313
11926.59027,0.12388
11922.73303,0.12544
11918.87579,0.12707
11915.01855,0.12794
11911.16131,0.12760
11907.30407,0.12661
11903.44683,0.12651
11899.58958,0.12738
11895.73234,0.12814
11891.87510,0.12861
11888.01786,0.12931
11884.16062,0.13029
11880.30338,0.13055
11876.44614,0.12986
11872.58889,0.12852
11868.73165,0.12692
11864.87441,0.12643
11861.01717,0.12661
11857.15993,0.12595
11853.30269,0.12535
11849.44545,0.12565
11845.58820,0.12636
11841.73096,0.12722
11837.87372,0.12766
11834.01648,0.12668
11830.15924,0.12537
11826.30200,0.12617
11822.44476,0.12844
11818.58752,0.12928
11814.73027,0.12795
11810.87303,0.12613
11807.01579,0.12529
11803.15855,0.12591
11799.30131,0.12779
11795.44407,0.12973
11791.58683,0.13099
11787.72958,0.13162
11783.87234,0.13159
11780.01510,0.13111
11776.15786,0.13032
11772.30062,0.12939
11768.44338,0.12916
11764.58614,0.12978
11760.72890,0.12964
11756.87165,0.12779
11753.01441,0.12625
11749.15717,0.12659
11745.29993,0.12761
11741.44269,0.12796
11737.58545,0.12753
11733.72821,0.12720
11729.87096,0.12736
11726.01372,0.12762
11722.15648,0.12733
11718.29924,0.12641
11714.44200,0.12660
11710.58476,0.12818
11706.72752,0.12916
11702.87027,0.12927
11699.01303,0.12915
11695.15579,0.12888
11691.29855,0.12847
11687.44131,0.12757
11683.58407,0.12710
11679.72683,0.12850
11675.86959,0.13007
11672.01234,0.12961
11668.15510,0.12861
11664.29786,0.12878
11660.44062,0.12915
11656.58338,0.12893
11652.72614,0.12829
11648.86890,0.12690
11645.01165,0.12538
11641.15441,0.12548
11637.29717,0.12694
11633.43993,0.12775
11629.58269,0.12730
11625.72545,0.12668
11621.86821,0.12692
11618.01096,0.12835
11614.15372,0.12966
11610.29648,0.12879
11606.43924,0.12701
11602.58200,0.12645
11598.72476,0.12621
11594.86752,0.12586
11591.01028,0.12610
11587.15303,0.12680
11583.29579,0.12751
11579.43855,0.12722
11575.58131,0.12621
11571.72407,0.12595
11567.86683,0.12585
11564.00959,0.12510
11560.15234,0.12523
11556.29510,0.12707
11552.43786,0.12889
11548.58062,0.12877
11544.72338,0.12628
11540.86614,0.12356
11537.00890,0.12365
11533.15166,0.12580
11529.29441,0.12676
11525.43717,0.12632
11521.57993,0.12653
11517.72269,0.12759
11513.86545,0.12883
11510.00821,0.13016
11506.15097,0.13075
11502.29372,0.13044
11498.43648,0.12900
11494.57924,0.12625
11490.72200,0.12525
11486.86476,0.12755
11483.00752,0.12892
11479.15028,0.12676
11475.29303,0.12489
11471.43579,0.12604
11467.57855,0.12746
11463.72131,0.12731
11459.86407,0.12675
11456.00683,0.12653
11452.14959,0.12654
11448.29235,0.12596
11444.43510,0.12432
11440.57786,0.12332
11436.72062,0.12417
11432.86338,0.12542
11429.00614,0.12575
11425.14890,0.12521
11421.29166,0.12423
11417.43441,0.12345
11413.57717,0.12294
11409.71993,0.12265
11405.86269,0.12277
11402.00545,0.12312
11398.14821,0.12379
11394.29097,0.12464
11390.43372,0.12494
11386.57648,0.12471
11382.71924,0.12491
11378.86200,0.12507
11375.00476,0.12329
11371.14752,0.12029
11367.29028,0.11903
11363.43304,0.12008
11359.57579,0.12233
11355.71855,0.12435
11351.86131,0.12436
11348.00407,0.12309
11344.14683,0.12245
11340.28959,0.12227
11336.43235,0.12212
11332.57510,0.12202
11328.71786,0.12201
11324.86062,0.12271
11321.00338,0.12397
11317.14614,0.12447
11313.28890,0.12371
11309.43166,0.12230
11305.57442,0.12126
11301.71717,0.12124
11297.85993,0.12171
11294.00269,0.12242
11290.14545,0.12404
11286.28821,0.12594
11282.43097,0.12684
11278.57373,0.12653
11274.71648,0.12560
11270.85924,0.12492
11267.00200,0.12453
11263.14476,0.12420
11259.28752,0.12418
11255.43028,0.12401
11251.57304,0.12325
11247.71579,0.12224
11243.85855,0.12115
11240.00131,0.12093
11236.14407,0.12268
11232.28683,0.12439
11228.42959,0.12364
11224.57235,0.12195
11220.71511,0.12119
11216.85786,0.12081
11213.00062,0.12097
11209.14338,0.12228
11205.28614,0.12366
11201.42890,0.12408
11197.57166,0.12392
11193.71442,0.12362
11189.85717,0.12339
11185.99993,0.12345
11182.14269,0.12313
11178.28545,0.12197
11174.42821,0.12101
11170.57097,0.12100
11166.71373,0.12164
11162.85648,0.12247
11158.99924,0.12240
11155.14200,0.12143
11151.28476,0.12092
11147.42752,0.12092
11143.57028,0.12099
11139.71304,0.12133
11135.85580,0.12204
11131.99855,0.12306
11128.14131,0.12345
11124.28407,0.12301
11120.42683,0.12309
11116.56959,0.12373
11112.71235,0.12391
11108.85511,0.12390
11104.99786,0.12412
11101.14062,0.12398
11097.28338,0.12371
11093.42614,0.12429
11089.56890,0.12509
11085.71166,0.12519
11081.85442,0.12489
11077.99718,0.12433
11074.13993,0.12377
11070.28269,0.12383
11066.42545,0.12389
11062.56821,0.12336
11058.71097,0.12278
11054.85373,0.12259
11050.99649,0.12314
11047.13924,0.12409
11043.28200,0.12416
11039.42476,0.12329
11035.56752,0.12269
11031.71028,0.12309
11027.85304,0.12435
11023.99580,0.12536
11020.13855,0.12517
11016.28131,0.12468
11012.42407,0.12460
11008.56683,0.12428
11004.70959,0.12402
11000.85235,0.12455
10996.99511,0.12520
10993.13787,0.12518
10989.28062,0.12487
10985.42338,0.12481
10981.56614,0.12484
10977.70890,0.12445
10973.85166,0.12373
10969.99442,0.12324
10966.13718,0.12294
10962.27993,0.12256
10958.42269,0.12217
10954.56545,0.12197
10950.70821,0.12233
10946.85097,0.12289
10942.99373,0.12279
10939.13649,0.12248
10935.27924,0.12241
10931.42200,0.12198
10927.56476,0.12138
10923.70752,0.12163
10919.85028,0.12260
10915.99304,0.12347
10912.13580,0.12383
10908.27856,0.12309
10904.42131,0.12178
10900.56407,0.12171
10896.70683,0.12273
10892.84959,0.12307
10888.99235,0.12253
10885.13511,0.12212
10881.27787,0.12199
10877.42062,0.12179
10873.56338,0.12159
10869.70614,0.12113
10865.84890,0.12071
10861.99166,0.12142
10858.13442,0.12236
10854.27718,0.12199
10850.41993,0.12100
10846.56269,0.12039
10842.70545,0.12017
10838.84821,0.12004
10834.99097,0.11990
10831.13373,0.12034
10827.27649,0.12127
10823.41925,0.12141
10819.56200,0.12067
10815.70476,0.12002
10811.84752,0.11965
10807.99028,0.11922
10804.13304,0.11877
10800.27580,0.11868
10796.41856,0.11906
10792.56131,0.11972
10788.70407,0.12038
10784.84683,0.12042
10780.98959,0.12014
10777.13235,0.12034
10773.27511,0.12036
10769.41787,0.11963
10765.56063,0.11940
10761.70338,0.12020
10757.84614,0.12103
10753.98890,0.12116
10750.13166,0.12086
10746.27442,0.12080
10742.41718,0.12101
10738.55994,0.12091
10734.70269,0.12005
10730.84545,0.11911
10726.98821,0.11897
10723.13097,0.11913
10719.27373,0.11910
10715.41649,0.11917
10711.55925,0.11952
10707.70200,0.11994
10703.84476,0.12032
10699.98752,0.12078
10696.13028,0.12077
10692.27304,0.12037
10688.41580,0.12028
10684.55856,0.12020
10680.70132,0.12000
10676.84407,0.11949
10672.98683,0.11875
10669.12959,0.11879
10665.27235,0.11955
10661.41511,0.11988
10657.55787,0.11963
10653.70063,0.11920
10649.84338,0.11899
10645.98614,0.11923
10642.12890,0.11925
10638.27166,0.11879
10634.41442,0.11865
10630.55718,0.11901
10626.69994,0.11943
10622.84269,0.11988
10618.98545,0.12058
10615.12821,0.12103
10611.27097,0.12056
10607.41373,0.11949
10603.55649,0.11855
10599.69925,0.11778
10595.84201,0.11712
10591.98476,0.11701
10588.12752,0.11744
10584.27028,0.11799
10580.41304,0.11855
10576.55580,0.11903
10572.69856,0.11929
10568.84132,0.11934
10564.98407,0.11938
10561.12683,0.11937
10557.26959,0.11923
10553.41235,0.11906
10549.55511,0.11852
10545.69787,0.11789
10541.84063,0.11772
10537.98339,0.11766
10534.12614,0.11780
10530.26890,0.11827
10526.41166,0.11827
10522.55442,0.11728
10518.69718,0.11614
10514.83994,0.11614
10510.98270,0.11715
10507.12545,0.11774
10503.26821,0.11749
10499.41097,0.11706
10495.55373,0.11663
10491.69649,0.11631
10487.83925,0.11626
10483.98201,0.11603
10480.12476,0.11569
10476.26752,0.11573
10472.41028,0.11603
10468.55304,0.11622
10464.69580,0.11586
10460.83856,0.11491
10456.98132,0.11430
10453.12408,0.11473
10449.26683,0.11577
10445.40959,0.11648
10441.55235,0.11653
10437.69511,0.11654
10433.83787,0.11672
10429.98063,0.11648
10426.12339,0.11572
10422.26614,0.11528
10418.40890,0.11559
10414.55166,0.11619
10410.69442,0.11653
10406.83718,0.11656
10402.97994,0.11657
10399.12270,0.11646
10395.26545,0.11629
10391.40821,0.11639
10387.55097,0.11647
10383.69373,0.11622
10379.83649,0.11585
10375.97925,0.11592
10372.12201,0.11652
10368.26477,0.11685
10364.40752,0.11661
10360.55028,0.11634
10356.69304,0.11630
10352.83580,0.11650
10348.97856,0.11687
10345.12132,0.11719
10341.26408,0.11727
10337.40683,0.11722
10333.54959,0.11733
10329.69235,0.11747
10325.83511,0.11736
10321.97787,0.11707
10318.12063,0.11698
10314.26339,0.11732
10310.40615,0.11798
10306.54890,0.11862
10302.69166,0.11887
10298.83442,0.11855
10294.97718,0.11809
10291.11994,0.11807
10287.26270,0.11833
10283.40546,0.11829
10279.54821,0.11798
10275.69097,0.11792
10271.83373,0.11808
10267.97649,0.11813
10264.11925,0.11822
10260.26201,0.11854
10256.40477,0.11886
10252.54752,0.11885
10248.69028,0.11836
10244.83304,0.11775
10240.97580,0.11751
10237.11856,0.11774
10233.26132,0.11813
10229.40408,0.11831
10225.54684,0.11835
10221.68959,0.11857
10217.83235,0.11896
10213.97511,0.11922
10210.11787,0.11901
10206.26063,0.11870
10202.40339,0.11869
10198.54615,0.11879
10194.68890,0.11890
10190.83166,0.11893
10186.97442,0.11890
10183.11718,0.11922
10179.25994,0.11967
10175.40270,0.11965
10171.54546,0.11927
10167.68821,0.11894
10163.83097,0.11891
10159.97373,0.11898
10156.11649,0.11910
10152.25925,0.11973
10148.40201,0.12045
10144.54477,0.12048
10140.68753,0.12024
10136.83028,0.12024
10132.97304,0.12015
10129.11580,0.11999
10125.25856,0.12003
10121.40132,0.12006
10117.54408,0.12005
10113.68684,0.12017
10109.82959,0.12019
10105.97235,0.12014
10102.11511,0.12031
10098.25787,0.12044
10094.40063,0.12029
10090.54339,0.12027
10086.68615,0.12060
10082.82891,0.12090
10078.97166,0.12083
10075.11442,0.12054
10071.25718,0.12019
10067.39994,0.11976
10063.54270,0.11942
10059.68546,0.11947
10055.82822,0.11990
10051.97097,0.12034
10048.11373,0.12060
10044.25649,0.12085
10040.39925,0.12098
10036.54201,0.12085
10032.68477,0.12079
10028.82753,0.12075
10024.97028,0.12069
10021.11304,0.12080
10017.25580,0.12083
10013.39856,0.12051
10009.54132,0.12006
10005.68408,0.11986
10001.82684,0.12009
9997.96960,0.12063
9994.11235,0.12103
9990.25511,0.12097
9986.39787,0.12083
9982.54063,0.12104
9978.68339,0.12136
9974.82615,0.12139
9970.96891,0.12122
9967.11166,0.12128
9963.25442,0.12158
9959.39718,0.12167
9955.53994,0.12149
9951.68270,0.12143
9947.82546,0.12162
9943.96822,0.12182
9940.11097,0.12175
9936.25373,0.12154
9932.39649,0.12141
9928.53925,0.12132
9924.68201,0.12139
9920.82477,0.12148
9916.96753,0.12144
9913.11029,0.12133
9909.25304,0.12112
9905.39580,0.12096
9901.53856,0.12086
9897.68132,0.12061
9893.82408,0.12038
9889.96684,0.12038
9886.10960,0.12056
9882.25235,0.12072
9878.39511,0.12078
9874.53787,0.12087
9870.68063,0.12113
9866.82339,0.12140
9862.96615,0.12136
9859.10891,0.12100
9855.25167,0.12083
9851.39442,0.12114
9847.53718,0.12160
9843.67994,0.12197
9839.82270,0.12222
9835.96546,0.12211
9832.10822,0.12176
9828.25098,0.12141
9824.39373,0.12097
9820.53649,0.12082
9816.67925,0.12113
9812.82201,0.12141
9808.96477,0.12146
9805.10753,0.12142
9801.25029,0.12134
9797.39304,0.12111
9793.53580,0.12090
9789.67856,0.12096
9785.82132,0.12098
9781.96408,0.12071
9778.10684,0.12039
9774.24960,0.12041
9770.39236,0.12073
9766.53511,0.12086
9762.67787,0.12072
9758.82063,0.12072
9754.96339,0.12096
9751.10615,0.12112
9747.24891,0.12101
9743.39167,0.12087
9739.53442,0.12068
9735.67718,0.12030
9731.81994,0.11994
9727.96270,0.11990
9724.10546,0.12022
9720.24822,0.12053
9716.39098,0.12048
9712.53373,0.12031
9708.67649,0.12036
9704.81925,0.12054
9700.96201,0.12057
9697.10477,0.12040
9693.24753,0.12019
9689.39029,0.11991
9685.53305,0.11952
9681.67580,0.11925
9677.81856,0.11910
9673.96132,0.11886
9670.10408,0.11874
9666.24684,0.11895
9662.38960,0.11927
9658.53236,0.11939
9654.67511,0.11942
9650.81787,0.11945
9646.96063,0.11923
9643.10339,0.11885
9639.24615,0.11883
9635.38891,0.11919
9631.53167,0.11950
9627.67443,0.11959
9623.81718,0.11943
9619.95994,0.11905
9616.10270,0.11859
9612.24546,0.11811
9608.38822,0.11804
9604.53098,0.11848
9600.67374,0.11871
9596.81649,0.11858
9592.95925,0.11861
9589.10201,0.11875
9585.24477,0.11856
9581.38753,0.11796
9577.53029,0.11759
9573.67305,0.11794
9569.81580,0.11848
9565.95856,0.11860
9562.10132,0.11857
9558.24408,0.11868
9554.38684,0.11882
9550.52960,0.11872
9546.67236,0.11829
9542.81512,0.11789
9538.95787,0.11791
9535.10063,0.11821
9531.24339,0.11839
9527.38615,0.11828
9523.52891,0.11806
9519.67167,0.11783
9515.81443,0.11761
9511.95718,0.11759
9508.09994,0.11767
9504.24270,0.11778
9500.38546,0.11797
9496.52822,0.11798
9492.67098,0.11770
9488.81374,0.11733
9484.95649,0.11707
9481.09925,0.11706
9477.24201,0.11713
9473.38477,0.11715
9469.52753,0.11728
9465.67029,0.11739
9461.81305,0.11723
9457.95581,0.11712
9454.09856,0.11737
9450.24132,0.11765
9446.38408,0.11756
9442.52684,0.11744
9438.66960,0.11754
9434.81236,0.11763
9430.95512,0.11748
9427.09787,0.11712
9423.24063,0.11680
9419.38339,0.11666
9415.52615,0.11669
9411.66891,0.11692
9407.81167,0.11714
9403.95443,0.11709
9400.09719,0.11681
9396.23994,0.11646
9392.38270,0.11620
9388.52546,0.11612
9384.66822,0.11617
9380.81098,0.11623
9376.95374,0.11626
9373.09650,0.11620
9369.23925,0.11606
9365.38201,0.11607
9361.52477,0.11636
9357.66753,0.11655
9353.81029,0.11632
9349.95305,0.11596
9346.09581,0.11588
9342.23856,0.11621
9338.38132,0.11655
9334.52408,0.11644
9330.66684,0.11620
9326.80960,0.11628
9322.95236,0.11642
9319.09512,0.11639
9315.23788,0.11637
9311.38063,0.11629
9307.52339,0.11609
9303.66615,0.11592
9299.80891,0.11584
9295.95167,0.11578
9292.09443,0.11575
9288.23719,0.11568
9284.37994,0.11574
9280.52270,0.11601
9276.66546,0.11614
9272.80822,0.11593
9268.95098,0.11571
9265.09374,0.11570
9261.23650,0.11566
9257.37925,0.11556
9253.52201,0.11563
9249.66477,0.11575
9245.80753,0.11573
9241.95029,0.11569
9238.09305,0.11566
9234.23581,0.11563
9230.37857,0.11561
9226.52132,0.11563
9222.66408,0.11582
9218.80684,0.11611
9214.94960,0.11611
9211.09236,0.11577
9207.23512,0.11561
9203.37788,0.11571
9199.52063,0.11571
9195.66339,0.11561
9191.80615,0.11555
9187.94891,0.11546
9184.09167,0.11550
9180.23443,0.11572
9176.37719,0.11574
9172.51995,0.11549
9168.66270,0.11526
9164.80546,0.11511
9160.94822,0.11506
9157.09098,0.11509
9153.23374,0.11516
9149.37650,0.11529
9145.51926,0.11553
9141.66201,0.11580
9137.80477,0.11583
9133.94753,0.11557
9130.09029,0.11531
9126.23305,0.11519
9122.37581,0.11523
9118.51857,0.11545
9114.66132,0.11560
9110.80408,0.11552
9106.94684,0.11550
9103.08960,0.11564
9099.23236,0.11571
9095.37512,0.11570
9091.51788,0.11576
9087.66064,0.11593
9083.80339,0.11609
9079.94615,0.11619
9076.08891,0.11629
9072.23167,0.11641
9068.37443,0.11648
9064.51719,0.11647
9060.65995,0.11638
9056.80270,0.11632
9052.94546,0.11660
9049.08822,0.11709
9045.23098,0.11720
9041.37374,0.11684
9037.51650,0.11646
9033.65926,0.11650
9029.80201,0.11701
9025.94477,0.11758
9022.08753,0.11789
9018.23029,0.11804
9014.37305,0.11819
9010.51581,0.11837
9006.65857,0.11864
9002.80133,0.11895
8998.94408,0.11925
8995.08684,0.11964
8991.22960,0.12006
8987.37236,0.12040
8983.51512,0.12069
8979.65788,0.12104
8975.80064,0.12162
8971.94339,0.12241
8968.08615,0.12313
8964.22891,0.12366
8960.37167,0.12411
8956.51443,0.12468
8952.65719,0.12542
8948.79995,0.12624
8944.94271,0.12706
8941.08546,0.12779
8937.22822,0.12839
8933.37098,0.12903
8929.51374,0.12975
8925.65650,0.13050
8921.79926,0.13133
8917.94202,0.13235
8914.08477,0.13349
8910.22753,0.13467
8906.37029,0.13585
8902.51305,0.13707
8898.65581,0.13827
8894.79857,0.13950
8890.94133,0.14080
8887.08408,0.14198
8883.22684,0.14300
8879.36960,0.14405
8875.51236,0.14500
8871.65512,0.14577
8867.79788,0.14649
8863.94064,0.14712
8860.08340,0.14757
8856.22615,0.14785
8852.36891,0.14790
8848.51167,0.14762
8844.65443,0.14702
8840.79719,0.14629
8836.93995,0.14562
8833.08271,0.14496
8829.22546,0.14420
8825.36822,0.14347
8821.51098,0.14289
8817.65374,0.14233
8813.79650,0.14140
8809.93926,0.14006
8806.08202,0.13870
8802.22477,0.13756
8798.36753,0.13655
8794.51029,0.13548
8790.65305,0.13447
8786.79581,0.13357
8782.93857,0.13267
8779.08133,0.13184
8775.22409,0.13116
8771.36684,0.13046
8767.50960,0.12977
8763.65236,0.12926
8759.79512,0.12880
8755.93788,0.12838
8752.08064,0.12813
8748.22340,0.12803
8744.36615,0.12803
8740.50891,0.12809
8736.65167,0.12807
8732.79443,0.12796
8728.93719,0.12794
8725.07995,0.12804
8721.22271,0.12813
8717.36547,0.12829
8713.50822,0.12867
8709.65098,0.12914
8705.79374,0.12947
8701.93650,0.12952
8698.07926,0.12952
8694.22202,0.12979
8690.36478,0.13023
8686.50753,0.13039
8682.65029,0.13040
8678.79305,0.13070
8674.93581,0.13114
8671.07857,0.13144
8667.22133,0.13168
8663.36409,0.13195
8659.50684,0.13225
8655.64960,0.13255
8651.79236,0.13284
8647.93512,0.13320
8644.07788,0.13371
8640.22064,0.13424
8636.36340,0.13467
8632.50616,0.13497
8628.64891,0.13514
8624.79167,0.13533
8620.93443,0.13563
8617.07719,0.13603
8613.21995,0.13645
8609.36271,0.13691
8605.50547,0.13732
8601.64822,0.13768
8597.79098,0.13807
8593.93374,0.13845
8590.07650,0.13870
8586.21926,0.13906
8582.36202,0.13960
8578.50478,0.14006
8574.64753,0.14029
8570.79029,0.14044
8566.93305,0.14063
8563.07581,0.14085
8559.21857,0.14106
8555.36133,0.14132
8551.50409,0.14154
8547.64685,0.14170
8543.78960,0.14192
8539.93236,0.14232
8536.07512,0.14290
8532.21788,0.14346
8528.36064,0.14374
8524.50340,0.14376
8520.64616,0.14390
8516.78891,0.14422
8512.93167,0.14443
8509.07443,0.14455
8505.21719,0.14475
8501.35995,0.14496
8497.50271,0.14514
8493.64547,0.14537
8489.78822,0.14553
8485.93098,0.14554
8482.07374,0.14556
8478.21650,0.14563
8474.35926,0.14565
8470.50202,0.14574
8466.64478,0.14591
8462.78754,0.14588
8458.93029,0.14566
8455.07305,0.14554
8451.21581,0.14543
8447.35857,0.14533
8443.50133,0.14532
8439.64409,0.14535
8435.78685,0.14544
8431.92960,0.14559
8428.07236,0.14567
8424.21512,0.14566
8420.35788,0.14561
8416.50064,0.14558
8412.64340,0.14556
8408.78616,0.14552
8404.92892,0.14537
8401.07167,0.14518
8397.21443,0.14511
8393.35719,0.14509
8389.49995,0.14508
8385.64271,0.14506
8381.78547,0.14494
8377.92823,0.14477
8374.07098,0.14470
8370.21374,0.14464
8366.35650,0.14456
8362.49926,0.14457
8358.64202,0.14465
8354.78478,0.14470
8350.92754,0.14474
8347.07029,0.14477
8343.21305,0.14486
8339.35581,0.14492
8335.49857,0.14488
8331.64133,0.14483
8327.78409,0.14476
8323.92685,0.14458
8320.06961,0.14440
8316.21236,0.14443
8312.35512,0.14464
8308.49788,0.14485
8304.64064,0.14499
8300.78340,0.14506
8296.92616,0.14499
8293.06892,0.14484
8289.21167,0.14472
8285.35443,0.14457
8281.49719,0.14450
8277.63995,0.14465
8273.78271,0.14488
8269.92547,0.14492
8266.06823,0.14484
8262.21098,0.14487
8258.35374,0.14503
8254.49650,0.14516
8250.63926,0.14521
8246.78202,0.14523
8242.92478,0.14533
8239.06754,0.14548
8235.21030,0.14561
8231.35305,0.14565
8227.49581,0.14560
8223.63857,0.14551
8219.78133,0.14543
8215.92409,0.14536
8212.06685,0.14531
8208.20961,0.14539
8204.35236,0.14539
8200.49512,0.14511
8196.63788,0.14481
8192.78064,0.14482
8188.92340,0.14493
8185.06616,0.14483
8181.20892,0.14455
8177.35168,0.14427
8173.49443,0.14416
8169.63719,0.14415
8165.77995,0.14401
8161.92271,0.14376
8158.06547,0.14347
8154.20823,0.14310
8150.35099,0.14267
8146.49374,0.14242
8142.63650,0.14241
8138.77926,0.14243
8134.92202,0.14232
8131.06478,0.14219
8127.20754,0.14208
8123.35030,0.14188
8119.49305,0.14160
8115.63581,0.14138
8111.77857,0.14122
8107.92133,0.14106
8104.06409,0.14080
8100.20685,0.14051
8096.34961,0.14032
8092.49237,0.14013
8088.63512,0.13979
8084.77788,0.13947
8080.92064,0.13928
8077.06340,0.13905
8073.20616,0.13872
8069.34892,0.13844
8065.49168,0.13826
8061.63443,0.13817
8057.77719,0.13813
8053.91995,0.13805
8050.06271,0.13793
8046.20547,0.13778
8042.34823,0.13764
8038.49099,0.13749
8034.63374,0.13728
8030.77650,0.13699
8026.91926,0.13681
8023.06202,0.13677
8019.20478,0.13675
8015.34754,0.13667
8011.49030,0.13653
8007.63306,0.13637
8003.77581,0.13619
7999.91857,0.13601
7996.06133,0.13590
7992.20409,0.13592
7988.34685,0.13595
7984.48961,0.13591
7980.63237,0.13580
7976.77512,0.13568
7972.91788,0.13559
7969.06064,0.13547
7965.20340,0.13537
7961.34616,0.13537
7957.48892,0.13533
7953.63168,0.13516
7949.77444,0.13507
7945.91719,0.13509
7942.05995,0.13508
7938.20271,0.13504
7934.34547,0.13491
7930.48823,0.13475
7926.63099,0.13471
7922.77375,0.13482
7918.91650,0.13485
7915.05926,0.13472
7911.20202,0.13463
7907.34478,0.13469
7903.48754,0.13486
7899.63030,0.13501
7895.77306,0.13509
7891.91581,0.13504
7888.05857,0.13488
7884.20133,0.13478
7880.34409,0.13481
7876.48685,0.13485
7872.62961,0.13489
7868.77237,0.13503
7864.91513,0.13504
7861.05788,0.13478
7857.20064,0.13452
7853.34340,0.13454
7849.48616,0.13466
7845.62892,0.13463
7841.77168,0.13453
7837.91444,0.13452
7834.05719,0.13447
7830.19995,0.13425
7826.34271,0.13390
7822.48547,0.13358
7818.62823,0.13342
7814.77099,0.13344
7810.91375,0.13344
7807.05650,0.13335
7803.19926,0.13323
7799.34202,0.13304
7795.48478,0.13266
7791.62754,0.13231
7787.77030,0.13229
7783.91306,0.13228
7780.05582,0.13204
7776.19857,0.13196
7772.34133,0.13206
7768.48409,0.13191
7764.62685,0.13158
7760.76961,0.13140
7756.91237,0.13135
7753.05513,0.13125
7749.19788,0.13109
7745.34064,0.13089
7741.48340,0.13062
7737.62616,0.13035
7733.76892,0.13017
7729.91168,0.13009
7726.05444,0.13004
7722.19720,0.12978
7718.33995,0.12935
7714.48271,0.12918
7710.62547,0.12947
7706.76823,0.12969
7702.91099,0.12942
7699.05375,0.12906
7695.19651,0.12889
7691.33926,0.12877
7687.48202,0.12862
7683.62478,0.12861
7679.76754,0.12873
7675.91030,0.12878
7672.05306,0.12858
7668.19582,0.12834
7664.33857,0.12834
7660.48133,0.12859
7656.62409,0.12885
7652.76685,0.12900
7648.90961,0.12904
7645.05237,0.12913
7641.19513,0.12928
7637.33789,0.12931
7633.48064,0.12924
7629.62340,0.12912
7625.76616,0.12902
7621.90892,0.12908
7618.05168,0.12936
7614.19444,0.12969
7610.33720,0.12996
7606.47995,0.13021
7602.62271,0.13031
7598.76547,0.13024
7594.90823,0.13024
7591.05099,0.13029
7587.19375,0.13024
7583.33651,0.13025
7579.47926,0.13051
7575.62202,0.13080
7571.76478,0.13085
7567.90754,0.13085
7564.05030,0.13101
7560.19306,0.13138
7556.33582,0.13194
7552.47858,0.13247
7548.62133,0.13278
7544.76409,0.13309
7540.90685,0.13341
7537.04961,0.13368
7533.19237,0.13399
7529.33513,0.13417
7525.47789,0.13416
7521.62064,0.13425
7517.76340,0.13456
7513.90616,0.13495
7510.04892,0.13525
7506.19168,0.13548
7502.33444,0.13578
7498.47720,0.13621
7494.61996,0.13669
7490.76271,0.13709
7486.90547,0.13735
7483.04823,0.13760
7479.19099,0.13804
7475.33375,0.13868
7471.47651,0.13934
7467.61927,0.13983
7463.76202,0.14033
7459.90478,0.14105
7456.04754,0.14183
7452.19030,0.14257
7448.33306,0.14335
7444.47582,0.14418
7440.61858,0.14510
7436.76133,0.14611
7432.90409,0.14713
7429.04685,0.14812
7425.18961,0.14914
7421.33237,0.15019
7417.47513,0.15123
7413.61789,0.15214
7409.76065,0.15292
7405.90340,0.15379
7402.04616,0.15486
7398.18892,0.15599
7394.33168,0.15709
7390.47444,0.15816
7386.61720,0.15924
7382.75996,0.16040
7378.90271,0.16160
7375.04547,0.16277
7371.18823,0.16396
7367.33099,0.16517
7363.47375,0.16632
7359.61651,0.16743
7355.75927,0.16851
7351.90202,0.16951
7348.04478,0.17041
7344.18754,0.17127
7340.33030,0.17212
7336.47306,0.17292
7332.61582,0.17366
7328.75858,0.17436
7324.90134,0.17489
7321.04409,0.17528
7317.18685,0.17572
7313.32961,0.17618
7309.47237,0.17652
7305.61513,0.17681
7301.75789,0.17715
7297.90065,0.17748
7294.04340,0.17775
7290.18616,0.17799
7286.32892,0.17827
7282.47168,0.17853
7278.61444,0.17877
7274.75720,0.17907
7270.89996,0.17947
7267.04272,0.17989
7263.18547,0.18031
7259.32823,0.18077
7255.47099,0.18123
7251.61375,0.18167
7247.75651,0.18205
7243.89927,0.18235
7240.04203,0.18253
7236.18478,0.18272
7232.32754,0.18300
7228.47030,0.18326
7224.61306,0.18349
7220.75582,0.18379
7216.89858,0.18414
7213.04134,0.18450
7209.18409,0.18482
7205.32685,0.18505
7201.46961,0.18523
7197.61237,0.18544
7193.75513,0.18576
7189.89789,0.18610
7186.04065,0.18644
7182.18341,0.18690
7178.32616,0.18756
7174.46892,0.18830
7170.61168,0.18912
7166.75444,0.19009
7162.89720,0.19112
7159.03996,0.19212
7155.18272,0.19311
7151.32547,0.19417
7147.46823,0.19539
7143.61099,0.19679
7139.75375,0.19828
7135.89651,0.19965
7132.03927,0.20091
7128.18203,0.20222
7124.32478,0.20364
7120.46754,0.20512
7116.61030,0.20666
7112.75306,0.20818
7108.89582,0.20971
7105.03858,0.21129
7101.18134,0.21279
7097.32410,0.21430
7093.46685,0.21596
7089.60961,0.21768
7085.75237,0.21940
7081.89513,0.22123
7078.03789,0.22309
7074.18065,0.22491
7070.32341,0.22675
7066.46616,0.22864
7062.60892,0.23060
7058.75168,0.23255
7054.89444,0.23436
7051.03720,0.23604
7047.17996,0.23771
7043.32272,0.23947
7039.46548,0.24121
7035.60823,0.24280
7031.75099,0.24431
7027.89375,0.24584
7024.03651,0.24732
7020.17927,0.24865
7016.32203,0.24989
7012.46479,0.25109
7008.60754,0.25226
7004.75030,0.25345
7000.89306,0.25466
6997.03582,0.25585
6993.17858,0.25692
6989.32134,0.25780
6985.46410,0.25859
6981.60685,0.25940
6977.74961,0.26032
6973.89237,0.26135
6970.03513,0.26230
6966.17789,0.26306
6962.32065,0.26368
6958.46341,0.26418
6954.60617,0.26470
6950.74892,0.26536
6946.89168,0.26605
6943.03444,0.26664
6939.17720,0.26709
6935.31996,0.26750
6931.46272,0.26796
6927.60548,0.26852
6923.74823,0.26917
6919.89099,0.26981
6916.03375,0.27043
6912.17651,0.27098
6908.31927,0.27142
6904.46203,0.27182
6900.60479,0.27226
6896.74754,0.27276
6892.89030,0.27327
6889.03306,0.27381
6885.17582,0.27437
6881.31858,0.27496
6877.46134,0.27554
6873.60410,0.27614
6869.74686,0.27682
6865.88961,0.27759
6862.03237,0.27836
6858.17513,0.27907
6854.31789,0.27978
6850.46065,0.28063
6846.60341,0.28157
6842.74617,0.28240
6838.88892,0.28309
6835.03168,0.28378
6831.17444,0.28454
6827.31720,0.28540
6823.45996,0.28624
6819.60272,0.28697
6815.74548,0.28775
6811.88824,0.28873
6808.03099,0.28975
6804.17375,0.29062
6800.31651,0.29143
6796.45927,0.29234
6792.60203,0.29326
6788.74479,0.29415
6784.88755,0.29510
6781.03030,0.29601
6777.17306,0.29680
6773.31582,0.29752
6769.45858,0.29825
6765.60134,0.29901
6761.74410,0.29972
6757.88686,0.30028
6754.02961,0.30071
6750.17237,0.30111
6746.31513,0.30153
6742.45789,0.30196
6738.60065,0.30224
6734.74341,0.30239
6730.88617,0.30253
6727.02893,0.30266
6723.17168,0.30277
6719.31444,0.30285
6715.45720,0.30282
6711.59996,0.30269
6707.74272,0.30263
6703.88548,0.30267
6700.02824,0.30267
6696.17099,0.30261
6692.31375,0.30253
6688.45651,0.30240
6684.59927,0.30217
6680.74203,0.30193
6676.88479,0.30172
6673.02755,0.30143
6669.17030,0.30105
6665.31306,0.30064
6661.45582,0.30028
6657.59858,0.29994
6653.74134,0.29960
6649.88410,0.29922
6646.02686,0.29878
6642.16962,0.29832
6638.31237,0.29788
6634.45513,0.29735
6630.59789,0.29671
6626.74065,0.29608
6622.88341,0.29556
6619.02617,0.29501
6615.16893,0.29443
6611.31168,0.29391
6607.45444,0.29337
6603.59720,0.29277
6599.73996,0.29222
6595.88272,0.29179
6592.02548,0.29141
6588.16824,0.29099
6584.31100,0.29058
6580.45375,0.29029
6576.59651,0.29013
6572.73927,0.29005
6568.88203,0.29002
6565.02479,0.29000
6561.16755,0.29007
6557.31031,0.29021
6553.45306,0.29029
6549.59582,0.29028
6545.73858,0.29027
6541.88134,0.29038
6538.02410,0.29062
6534.16686,0.29086
6530.30962,0.29101
6526.45237,0.29111
6522.59513,0.29121
6518.73789,0.29129
6514.88065,0.29141
6511.02341,0.29157
6507.16617,0.29169
6503.30893,0.29169
6499.45169,0.29165
6495.59444,0.29170
6491.73720,0.29182
6487.87996,0.29191
6484.02272,0.29188
6480.16548,0.29169
6476.30824,0.29143
6472.45100,0.29123
6468.59375,0.29114
6464.73651,0.29105
6460.87927,0.29084
6457.02203,0.29053
6453.16479,0.29019
6449.30755,0.28984
6445.45031,0.28947
6441.59306,0.28911
6437.73582,0.28876
6433.87858,0.28836
6430.02134,0.28790
6426.16410,0.28745
6422.30686,0.28708
6418.44962,0.28671
6414.59238,0.28629
6410.73513,0.28593
6406.87789,0.28564
6403.02065,0.28537
6399.16341,0.28513
6395.30617,0.28494
6391.44893,0.28479
6387.59169,0.28461
6383.73444,0.28438
6379.87720,0.28416
6376.01996,0.28397
6372.16272,0.28379
6368.30548,0.28355
6364.44824,0.28322
6360.59100,0.28288
6356.73376,0.28259
6352.87651,0.28240
6349.01927,0.28229
6345.16203,0.28223
6341.30479,0.28218
6337.44755,0.28213
6333.59031,0.28203
6329.73307,0.28194
6325.87582,0.28193
6322.01858,0.28194
6318.16134,0.28188
6314.30410,0.28173
6310.44686,0.28154
6306.58962,0.28131
6302.73238,0.28105
6298.87513,0.28072
6295.01789,0.28037
6291.16065,0.27999
6287.30341,0.27950
6283.44617,0.27883
6279.58893,0.27807
6275.73169,0.27726
6271.87445,0.27636
6268.01720,0.27545
6264.15996,0.27459
6260.30272,0.27372
6256.44548,0.27277
6252.58824,0.27180
6248.73100,0.27085
6244.87376,0.26987
6241.01651,0.26877
6237.15927,0.26758
6233.30203,0.26638
6229.44479,0.26522
6225.58755,0.26414
6221.73031,0.26315
6217.87307,0.26230
6214.01582,0.26171
6210.15858,0.26144
6206.30134,0.26140
6202.44410,0.26140
6198.58686,0.26128
6194.72962,0.26082
6190.87238,0.25989
6187.01514,0.25855
6183.15789,0.25701
6179.30065,0.25557
6175.44341,0.25438
6171.58617,0.25342
6167.72893,0.25269
6163.87169,0.25218
6160.01445,0.25192
6156.15720,0.25191
6152.29996,0.25211
6148.44272,0.25235
6144.58548,0.25234
6140.72824,0.25207
6136.87100,0.25169
6133.01376,0.25126
6129.15652,0.25092
6125.29927,0.25096
6121.44203,0.25154
6117.58479,0.25275
6113.72755,0.25468
6109.87031,0.25731
6106.01307,0.26047
6102.15583,0.26396
6098.29858,0.26772
6094.44134,0.27171
6090.58410,0.27573
6086.72686,0.27955
6082.86962,0.28314
6079.01238,0.28666
6075.15514,0.29044
6071.29789,0.29485
6067.44065,0.30002
6063.58341,0.30568
6059.72617,0.31132
6055.86893,0.31644
6052.01169,0.32089
6048.15445,0.32490
6044.29721,0.32885
6040.43996,0.33302
6036.58272,0.33760
6032.72548,0.34250
6028.86824,0.34721
6025.01100,0.35098
6021.15376,0.35308
6017.29652,0.35298
6013.43927,0.35036
6009.58203,0.34543
6005.72479,0.33895
6001.86755,0.33176
5998.01031,0.32470
5994.15307,0.31851
5990.29583,0.31358
5986.43858,0.31001
5982.58134,0.30752
5978.72410,0.30552
5974.86686,0.30321
5971.00962,0.30011
5967.15238,0.29646
5963.29514,0.29301
5959.43790,0.29047
5955.58065,0.28905
5951.72341,0.28849
5947.86617,0.28826
5944.00893,0.28775
5940.15169,0.28651
5936.29445,0.28422
5932.43721,0.28099
5928.57996,0.27732
5924.72272,0.27368
5920.86548,0.27024
5917.00824,0.26717
5913.15100,0.26462
5909.29376,0.26277
5905.43652,0.26183
5901.57927,0.26196
5897.72203,0.26303
5893.86479,0.26482
5890.00755,0.26711
5886.15031,0.26975
5882.29307,0.27246
5878.43583,0.27491
5874.57859,0.27697
5870.72134,0.27872
5866.86410,0.28007
5863.00686,0.28082
5859.14962,0.28087
5855.29238,0.28037
5851.43514,0.27960
5847.57790,0.27886
5843.72065,0.27829
5839.86341,0.27787
5836.00617,0.27763
5832.14893,0.27758
5828.29169,0.27767
5824.43445,0.27789
5820.57721,0.27818
5816.71997,0.27844
5812.86272,0.27864
5809.00548,0.27879
5805.14824,0.27878
5801.29100,0.27859
5797.43376,0.27839
5793.57652,0.27825
5789.71928,0.27809
5785.86203,0.27785
5782.00479,0.27761
5778.14755,0.27734
5774.29031,0.27694
5770.43307,0.27636
5766.57583,0.27564
5762.71859,0.27475
5758.86134,0.27366
5755.00410,0.27235
5751.14686,0.27088
5747.28962,0.26930
5743.43238,0.26772
5739.57514,0.26622
5735.71790,0.26489
5731.86066,0.26376
5728.00341,0.26289
5724.14617,0.26235
5720.28893,0.26218
5716.43169,0.26224
5712.57445,0.26243
5708.71721,0.26266
5704.85997,0.26284
5701.00272,0.26286
5697.14548,0.26273
5693.28824,0.26248
5689.43100,0.26219
5685.57376,0.26197
5681.71652,0.26190
5677.85928,0.26196
5674.00203,0.26211
5670.14479,0.26241
5666.28755,0.26293
5662.43031,0.26349
5658.57307,0.26391
5654.71583,0.26416
5650.85859,0.26420
5647.00135,0.26394
5643.14410,0.26334
5639.28686,0.26251
5635.42962,0.26167
5631.57238,0.26089
5627.71514,0.26016
5623.85790,0.25957
5620.00066,0.25913
5616.14341,0.25884
5612.28617,0.25871
5608.42893,0.25877
5604.57169,0.25900
5600.71445,0.25928
5596.85721,0.25952
5592.99997,0.25978
5589.14273,0.26013
5585.28548,0.26057
5581.42824,0.26103
5577.57100,0.26152
5573.71376,0.26204
5569.85652,0.26250
5565.99928,0.26278
5562.14204,0.26283
5558.28479,0.26270
5554.42755,0.26257
5550.57031,0.26251
5546.71307,0.26249
5542.85583,0.26246
5538.99859,0.26244
5535.14135,0.26242
5531.28410,0.26239
5527.42686,0.26226
5523.56962,0.26200
5519.71238,0.26167
5515.85514,0.26133
5511.99790,0.26106
5508.14066,0.26093
5504.28342,0.26100
5500.42617,0.26124
5496.56893,0.26161
5492.71169,0.26208
5488.85445,0.26259
5484.99721,0.26297
5481.13997,0.26309
5477.28273,0.26302
5473.42548,0.26279
5469.56824,0.26234
5465.71100,0.26168
5461.85376,0.26082
5457.99652,0.25982
5454.13928,0.25870
5450.28204,0.25747
5446.42479,0.25610
5442.56755,0.25467
5438.71031,0.25324
5434.85307,0.25184
5430.99583,0.25049
5427.13859,0.24923
5423.28135,0.24819
5419.42411,0.24745
5415.56686,0.24692
5411.70962,0.24649
5407.85238,0.24611
5403.99514,0.24583
5400.13790,0.24566
5396.28066,0.24556
5392.42342,0.24545
5388.56617,0.24533
5384.70893,0.24533
5380.85169,0.24556
5376.99445,0.24590
5373.13721,0.24623
5369.27997,0.24665
5365.42273,0.24726
5361.56549,0.24797
5357.70824,0.24871
5353.85100,0.24947
5349.99376,0.25018
5346.13652,0.25077
5342.27928,0.25133
5338.42204,0.25198
5334.56480,0.25276
5330.70755,0.25363
5326.85031,0.25470
5322.99307,0.25611
5319.13583,0.25787
5315.27859,0.26001
5311.42135,0.26253
5307.56411,0.26535
5303.70686,0.26850
5299.84962,0.27202
5295.99238,0.27602
5292.13514,0.28057
5288.27790,0.28565
5284.42066,0.29120
5280.56342,0.29728
5276.70618,0.30382
5272.84893,0.31058
5268.99169,0.31744
5265.13445,0.32433
5261.27721,0.33090
5257.41997,0.33689
5253.56273,0.34240
5249.70549,0.34747
5245.84824,0.35200
5241.99100,0.35592
5238.13376,0.35928
5234.27652,0.36231
5230.41928,0.36507
5226.56204,0.36750
5222.70480,0.36961
5218.84755,0.37144
5214.99031,0.37298
5211.13307,0.37427
5207.27583,0.37538
5203.41859,0.37634
5199.56135,0.37713
5195.70411,0.37780
5191.84687,0.37840
5187.98962,0.37890
5184.13238,0.37917
5180.27514,0.37922
5176.41790,0.37917
5172.56066,0.37902
5168.70342,0.37874
5164.84618,0.37837
5160.98893,0.37795
5157.13169,0.37745
5153.27445,0.37684
5149.41721,0.37616
5145.55997,0.37545
5141.70273,0.37466
5137.84549,0.37382
5133.98825,0.37298
5130.13100,0.37210
5126.27376,0.37119
5122.41652,0.37019
5118.55928,0.36881
5114.70204,0.36683
5110.84480,0.36429
5106.98756,0.36146
5103.13031,0.35860
5099.27307,0.35580
5095.41583,0.35302
5091.55859,0.35035
5087.70135,0.34789
5083.84411,0.34567
5079.98687,0.34362
5076.12962,0.34166
5072.27238,0.33969
5068.41514,0.33777
5064.55790,0.33595
5060.70066,0.33425
5056.84342,0.33263
5052.98618,0.33109
5049.12894,0.32961
5045.27169,0.32819
5041.41445,0.32690
5037.55721,0.32571
5033.69997,0.32454
5029.84273,0.32335
5025.98549,0.32224
5022.12825,0.32126
5018.27100,0.32035
5014.41376,0.31944
5010.55652,0.31855
5006.69928,0.31767
5002.84204,0.31678
4998.98480,0.31592
4995.12756,0.31516
4991.27031,0.31457
4987.41307,0.31418
4983.55583,0.31393
4979.69859,0.31377
4975.84135,0.31375
4971.98411,0.31401
4968.12687,0.31456
4964.26963,0.31533
4960.41238,0.31629
4956.55514,0.31746
4952.69790,0.31886
4948.84066,0.32048
4944.98342,0.32229
4941.12618,0.32421
4937.26894,0.32619
4933.41169,0.32829
4929.55445,0.33057
4925.69721,0.33303
4921.83997,0.33558
4917.98273,0.33826
4914.12549,0.34117
4910.26825,0.34432
4906.41101,0.34762
4902.55376,0.35101
4898.69652,0.35450
4894.83928,0.35814
4890.98204,0.36189
4887.12480,0.36573
4883.26756,0.36969
4879.41032,0.37370
4875.55307,0.37764
4871.69583,0.38148
4867.83859,0.38520
4863.98135,0.38873
4860.12411,0.39208
4856.26687,0.39535
4852.40963,0.39870
4848.55238,0.40222
4844.69514,0.40596
4840.83790,0.40999
4836.98066,0.41428
4833.12342,0.41868
4829.26618,0.42303
4825.40894,0.42725
4821.55170,0.43132
4817.69445,0.43513
4813.83721,0.43866
4809.97997,0.44190
4806.12273,0.44480
4802.26549,0.44738
4798.40825,0.44958
4794.55101,0.45135
4790.69376,0.45273
4786.83652,0.45383
4782.97928,0.45472
4779.12204,0.45545
4775.26480,0.45608
4771.40756,0.45680
4767.55032,0.45783
4763.69307,0.45924
4759.83583,0.46094
4755.97859,0.46286
4752.12135,0.46490
4748.26411,0.46684
4744.40687,0.46852
4740.54963,0.46996
4736.69239,0.47145
4732.83514,0.47348
4728.97790,0.47620
4725.12066,0.47906
4721.26342,0.48115
4717.40618,0.48195
4713.54894,0.48185
4709.69170,0.48197
4705.83445,0.48341
4701.97721,0.48652
4698.11997,0.49053
4694.26273,0.49380
4690.40549,0.49456
4686.54825,0.49188
4682.69101,0.48598
4678.83377,0.47811
4674.97652,0.46993
4671.11928,0.46290
4667.26204,0.45777
4663.40480,0.45446
4659.54756,0.45239
4655.69032,0.45127
4651.83308,0.45153
4647.97583,0.45365
4644.11859,0.45730
4640.26135,0.46102
4636.40411,0.46289
4632.54687,0.46128
4628.68963,0.45558
4624.83239,0.44702
4620.97514,0.43791
4617.11790,0.43005
4613.26066,0.42420
4609.40342,0.42044
4605.54618,0.41859
4601.68894,0.41857
4597.83170,0.42003
4593.97446,0.42199
4590.11721,0.42359
4586.25997,0.42476
4582.40273,0.42525
4578.54549,0.42374
4574.68825,0.41903
4570.83101,0.41177
4566.97377,0.40413
4563.11652,0.39800
4559.25928,0.39392
4555.40204,0.39147
4551.54480,0.38996
4547.68756,0.38882
4543.83032,0.38783
4539.97308,0.38701
4536.11583,0.38640
4532.25859,0.38611
4528.40135,0.38631
4524.54411,0.38704
4520.68687,0.38826
4516.82963,0.39003
4512.97239,0.39254
4509.11515,0.39612
4505.25790,0.40108
4501.40066,0.40751
4497.54342,0.41520
4493.68618,0.42323
4489.82894,0.43034
4485.97170,0.43595
4482.11446,0.44075
4478.25721,0.44593
4474.39997,0.45276
4470.54273,0.46227
4466.68549,0.47441
4462.82825,0.48737
4458.97101,0.49817
4455.11377,0.50512
4451.25653,0.50955
4447.39928,0.51395
4443.54204,0.51935
4439.68480,0.52505
4435.82756,0.52979
4431.97032,0.53240
4428.11308,0.53230
4424.25584,0.53019
4420.39859,0.52792
4416.54135,0.52721
4412.68411,0.52870
4408.82687,0.53159
4404.96963,0.53405
4401.11239,0.53444
4397.25515,0.53231
4393.39790,0.52841
4389.54066,0.52381
4385.68342,0.51935
4381.82618,0.51568
4377.96894,0.51300
4374.11170,0.51119
4370.25446,0.51032
4366.39722,0.51057
4362.53997,0.51175
4358.68273,0.51339
4354.82549,0.51516
4350.96825,0.51702
4347.11101,0.51928
4343.25377,0.52208
4339.39653,0.52504
4335.53928,0.52782
4331.68204,0.53045
4327.82480,0.53312
4323.96756,0.53587
4320.11032,0.53869
4316.25308,0.54192
4312.39584,0.54608
4308.53859,0.55110
4304.68135,0.55638
4300.82411,0.56136
4296.96687,0.56571
4293.10963,0.56913
4289.25239,0.57131
4285.39515,0.57237
4281.53791,0.57273
4277.68066,0.57259
4273.82342,0.57180
4269.96618,0.57027
4266.10894,0.56825
4262.25170,0.56626
4258.39446,0.56485
4254.53722,0.56431
4250.67997,0.56435
4246.82273,0.56434
4242.96549,0.56370
4239.10825,0.56231
4235.25101,0.56063
4231.39377,0.55928
4227.53653,0.55822
4223.67929,0.55694
4219.82204,0.55502
4215.96480,0.55255
4212.10756,0.54996
4208.25032,0.54752
4204.39308,0.54529
4200.53584,0.54345
4196.67860,0.54243
4192.82135,0.54274
4188.96411,0.54470
4185.10687,0.54818
4181.24963,0.55190
4177.39239,0.55366
4173.53515,0.55193
4169.67791,0.54728
4165.82066,0.54167
4161.96342,0.53698
4158.10618,0.53415
4154.24894,0.53322
4150.39170,0.53379
4146.53446,0.53556
4142.67722,0.53837
4138.81998,0.54194
4134.96273,0.54577
4131.10549,0.54924
4127.24825,0.55227
4123.39101,0.55546
4119.53377,0.55949
4115.67653,0.56474
4111.81929,0.57155
4107.96204,0.58024
4104.10480,0.59124
4100.24756,0.60518
4096.39032,0.62125
4092.53308,0.63513
4088.67584,0.64168
4084.81860,0.63988
4080.96135,0.63266
4077.10411,0.62387
4073.24687,0.61673
4069.38963,0.61281
4065.53239,0.61178
4061.67515,0.61279
4057.81791,0.61528
4053.96067,0.61877
4050.10342,0.62261
4046.24618,0.62632
4042.38894,0.62950
4038.53170,0.63182
4034.67446,0.63342
4030.81722,0.63468
4026.95998,0.63569
4023.10273,0.63629
4019.24549,0.63625
4015.38825,0.63549
4011.53101,0.63408
4007.67377,0.63208
4003.81653,0.62954
3999.95929,0.62665
3996.10205,0.62354
3992.24480,0.62040
3988.38756,0.61756
3984.53032,0.61530
3980.67308,0.61351
3976.81584,0.61180
3972.95860,0.60993
3969.10136,0.60776
3965.24411,0.60523
3961.38687,0.60244
3957.52963,0.59961
3953.67239,0.59676
3949.81515,0.59388
3945.95791,0.59101
3942.10067,0.58808
3938.24342,0.58517
3934.38618,0.58245
3930.52894,0.57996
3926.67170,0.57771
3922.81446,0.57561
3918.95722,0.57353
3915.09998,0.57142
3911.24274,0.56925
3907.38549,0.56669
3903.52825,0.56337
3899.67101,0.55983
3895.81377,0.55678
3891.95653,0.55397
3888.09929,0.55141
3884.24205,0.54939
3880.38480,0.54780
3876.52756,0.54632
3872.67032,0.54422
3868.81308,0.54109
3864.95584,0.53756
3861.09860,0.53442
3857.24136,0.53149
3853.38411,0.52835
3849.52687,0.52597
3845.66963,0.52450
3841.81239,0.52299
3837.95515,0.52158
3834.09791,0.52094
3830.24067,0.52080
3826.38343,0.52091
3822.52618,0.52171
3818.66894,0.52384
3814.81170,0.52669
3810.95446,0.52898
3807.09722,0.53025
3803.23998,0.53027
3799.38274,0.52906
3795.52549,0.52753
3791.66825,0.52644
3787.81101,0.52605
3783.95377,0.52660
3780.09653,0.52825
3776.23929,0.53056
3772.38205,0.53303
3768.52481,0.53578
3764.66756,0.53878
3760.81032,0.54145
3756.95308,0.54298
3753.09584,0.54278
3749.23860,0.54175
3745.38136,0.54199
3741.52412,0.54396
3737.66687,0.54756
3733.80963,0.55259
3729.95239,0.55678
3726.09515,0.55930
3722.23791,0.56190
3718.38067,0.56572
3714.52343,0.57122
3710.66618,0.57950
3706.80894,0.58991
3702.95170,0.60173
3699.09446,0.61562
3695.23722,0.63128
3691.37998,0.65134
3687.52274,0.67552
3683.66550,0.69450
3679.80825,0.70873
3675.95101,0.72571
3672.09377,0.74914
3668.23653,0.77450
3664.37929,0.79749
3660.52205,0.81961
3656.66481,0.84252
3652.80756,0.86574
3648.95032,0.89120
3645.09308,0.91707
3641.23584,0.93709
3637.37860,0.95407
3633.52136,0.97048
3629.66412,0.98681
3625.80687,1.00247
3621.94963,1.01494
3618.09239,1.02844
3614.23515,1.04436
3610.37791,1.06185
3606.52067,1.07930
3602.66343,1.09300
3598.80619,1.10458
