12493.60475,0.10830
12489.74751,0.10569
12485.89027,0.10310
12482.03303,0.10221
12478.17579,0.10214
12474.31855,0.10212
12470.46130,0.10271
12466.60406,0.10544
12462.74682,0.10856
12458.88958,0.10840
12455.03234,0.10715
12451.17510,0.10770
12447.31786,0.10727
12443.46062,0.10557
12439.60337,0.10545
12435.74613,0.10616
12431.88889,0.10620
12428.03165,0.10772
12424.17441,0.11108
12420.31717,0.11290
12416.45993,0.11279
12412.60268,0.11089
12408.74544,0.10671
12404.88820,0.10390
12401.03096,0.10440
12397.17372,0.10501
12393.31648,0.10339
12389.45924,0.10164
12385.60199,0.10252
12381.74475,0.10452
12377.88751,0.10578
12374.03027,0.10740
12370.17303,0.10952
12366.31579,0.11090
12362.45855,0.11173
12358.60131,0.11271
12354.74406,0.11299
12350.88682,0.11211
12347.02958,0.11022
12343.17234,0.10679
12339.31510,0.10344
12335.45786,0.10327
12331.60062,0.10526
12327.74337,0.10641
12323.88613,0.10687
12320.02889,0.10810
12316.17165,0.10883
12312.31441,0.10686
12308.45717,0.10347
12304.59993,0.10216
12300.74268,0.10408
12296.88544,0.10721
12293.02820,0.10999
12289.17096,0.11080
12285.31372,0.10803
12281.45648,0.10484
12277.59924,0.10442
12273.74200,0.10555
12269.88475,0.10687
12266.02751,0.10715
12262.17027,0.10581
12258.31303,0.10429
12254.45579,0.10414
12250.59855,0.10520
12246.74131,0.10685
12242.88406,0.10912
12239.02682,0.11044
12235.16958,0.10889
12231.31234,0.10544
12227.45510,0.10355
12223.59786,0.10448
12219.74062,0.10522
12215.88338,0.10442
12212.02613,0.10351
12208.16889,0.10394
12204.31165,0.10655
12200.45441,0.10922
12196.59717,0.10895
12192.73993,0.10618
12188.88269,0.10338
12185.02544,0.10258
12181.16820,0.10427
12177.31096,0.10683
12173.45372,0.10758
12169.59648,0.10603
12165.73924,0.10565
12161.88200,0.10794
12158.02475,0.10974
12154.16751,0.10977
12150.31027,0.10981
12146.45303,0.10954
12142.59579,0.10806
12138.73855,0.10672
12134.88131,0.10665
12131.02407,0.10732
12127.16682,0.10794
12123.30958,0.10778
12119.45234,0.10631
12115.59510,0.10474
12111.73786,0.10451
12107.88062,0.10500
12104.02338,0.10522
12100.16613,0.10513
12096.30889,0.10482
12092.45165,0.10465
12088.59441,0.10508
12084.73717,0.10565
12080.87993,0.10607
12077.02269,0.10729
12073.16544,0.10857
12069.30820,0.10752
12065.45096,0.10551
12061.59372,0.10505
12057.73648,0.10484
12053.87924,0.10400
12050.02200,0.10388
12046.16476,0.10455
12042.30751,0.10489
12038.45027,0.10522
12034.59303,0.10744
12030.73579,0.11170
12026.87855,0.11537
12023.02131,0.11520
12019.16407,0.11083
12015.30682,0.10674
12011.44958,0.10628
12007.59234,0.10719
12003.73510,0.10706
11999.87786,0.10716
11996.02062,0.10936
11992.16338,0.11238
11988.30614,0.11330
11984.44889,0.11159
11980.59165,0.10932
11976.73441,0.10847
11972.87717,0.10884
11969.01993,0.10877
11965.16269,0.10810
11961.30545,0.10869
11957.44820,0.11043
11953.59096,0.11013
11949.73372,0.10821
11945.87648,0.10901
11942.01924,0.11124
11938.16200,0.11038
11934.30476,0.10806
11930.44751,0.10770
11926.59027,0.10928
11922.73303,0.11171
11918.87579,0.11333
11915.01855,0.11281
11911.16131,0.11152
11907.30407,0.11129
11903.44683,0.11171
11899.58958,0.11109
11895.73234,0.10908
11891.87510,0.10730
11888.01786,0.10719
11884.16062,0.10877
11880.30338,0.11117
11876.44614,0.11297
11872.58889,0.11287
11868.73165,0.11132
11864.87441,0.11062
11861.01717,0.11121
11857.15993,0.11108
11853.30269,0.11058
11849.44545,0.11162
11845.58820,0.11351
11841.73096,0.11491
11837.87372,0.11530
11834.01648,0.11437
11830.15924,0.11307
11826.30200,0.11279
11822.44476,0.11326
11818.58752,0.11335
11814.73027,0.11287
11810.87303,0.11258
11807.01579,0.11258
11803.15855,0.11224
11799.30131,0.11174
11795.44407,0.11167
11791.58683,0.11242
11787.72958,0.11373
11783.87234,0.11437
11780.01510,0.11408
11776.15786,0.11330
11772.30062,0.11197
11768.44338,0.11111
11764.58614,0.11186
11760.72890,0.11287
11756.87165,0.11256
11753.01441,0.11227
11749.15717,0.11337
11745.29993,0.11459
11741.44269,0.11439
11737.58545,0.11295
11733.72821,0.11179
11729.87096,0.11203
11726.01372,0.11284
11722.15648,0.11261
11718.29924,0.11136
11714.44200,0.11054
11710.58476,0.11103
11706.72752,0.11160
11702.87027,0.11092
11699.01303,0.11058
11695.15579,0.11138
11691.29855,0.11085
11687.44131,0.10867
11683.58407,0.10813
11679.72683,0.11054
11675.86959,0.11333
11672.01234,0.11408
11668.15510,0.11361
11664.29786,0.11311
11660.44062,0.11238
11656.58338,0.11210
11652.72614,0.11287
11648.86890,0.11371
11645.01165,0.11364
11641.15441,0.11275
11637.29717,0.11209
11633.43993,0.11187
11629.58269,0.11132
11625.72545,0.11075
11621.86821,0.11081
11618.01096,0.11153
11614.15372,0.11236
11610.29648,0.11243
11606.43924,0.11191
11602.58200,0.11105
11598.72476,0.10996
11594.86752,0.10991
11591.01028,0.11097
11587.15303,0.11204
11583.29579,0.11274
11579.43855,0.11195
11575.58131,0.11058
11571.72407,0.11089
11567.86683,0.11124
11564.00959,0.10972
11560.15234,0.10864
11556.29510,0.11061
11552.43786,0.11422
11548.58062,0.11526
11544.72338,0.11246
11540.86614,0.10968
11537.00890,0.11014
11533.15166,0.11151
11529.29441,0.11024
11525.43717,0.10760
11521.57993,0.10700
11517.72269,0.10846
11513.86545,0.11004
11510.00821,0.11166
11506.15097,0.11405
11502.29372,0.11598
11498.43648,0.11484
11494.57924,0.11169
11490.72200,0.11098
11486.86476,0.11312
11483.00752,0.11389
11479.15028,0.11185
11475.29303,0.10994
11471.43579,0.11002
11467.57855,0.11085
11463.72131,0.11109
11459.86407,0.11029
11456.00683,0.10941
11452.14959,0.10952
11448.29235,0.10947
11444.43510,0.10829
11440.57786,0.10736
11436.72062,0.10743
11432.86338,0.10739
11429.00614,0.10725
11425.14890,0.10686
11421.29166,0.10610
11417.43441,0.10625
11413.57717,0.10680
11409.71993,0.10705
11405.86269,0.10774
11402.00545,0.10835
11398.14821,0.10841
11394.29097,0.10897
11390.43372,0.10990
11386.57648,0.10955
11382.71924,0.10854
11378.86200,0.10797
11375.00476,0.10639
11371.14752,0.10426
11367.29028,0.10395
11363.43304,0.10538
11359.57579,0.10706
11355.71855,0.10800
11351.86131,0.10788
11348.00407,0.10740
11344.14683,0.10702
11340.28959,0.10664
11336.43235,0.10667
11332.57510,0.10706
11328.71786,0.10780
11324.86062,0.10937
11321.00338,0.11057
11317.14614,0.11011
11313.28890,0.10835
11309.43166,0.10637
11305.57442,0.10583
11301.71717,0.10728
11297.85993,0.10864
11294.00269,0.10864
11290.14545,0.10850
11286.28821,0.10886
11282.43097,0.10887
11278.57373,0.10797
11274.71648,0.10698
11270.85924,0.10665
11267.00200,0.10629
11263.14476,0.10624
11259.28752,0.10717
11255.43028,0.10773
11251.57304,0.10743
11247.71579,0.10707
11243.85855,0.10667
11240.00131,0.10653
11236.14407,0.10724
11232.28683,0.10816
11228.42959,0.10829
11224.57235,0.10794
11220.71511,0.10754
11216.85786,0.10678
11213.00062,0.10614
11209.14338,0.10676
11205.28614,0.10844
11201.42890,0.10955
11197.57166,0.10912
11193.71442,0.10809
11189.85717,0.10784
11185.99993,0.10825
11182.14269,0.10814
11178.28545,0.10715
11174.42821,0.10570
11170.57097,0.10442
11166.71373,0.10428
11162.85648,0.10502
11158.99924,0.10511
11155.14200,0.10456
11151.28476,0.10464
11147.42752,0.10531
11143.57028,0.10566
11139.71304,0.10601
11135.85580,0.10704
11131.99855,0.10812
11128.14131,0.10845
11124.28407,0.10810
11120.42683,0.10756
11116.56959,0.10725
11112.71235,0.10741
11108.85511,0.10814
11104.99786,0.10837
11101.14062,0.10756
11097.28338,0.10743
11093.42614,0.10832
11089.56890,0.10888
11085.71166,0.10911
11081.85442,0.10902
11077.99718,0.10812
11074.13993,0.10732
11070.28269,0.10756
11066.42545,0.10840
11062.56821,0.10902
11058.71097,0.10888
11054.85373,0.10813
11050.99649,0.10776
11047.13924,0.10791
11043.28200,0.10751
11039.42476,0.10709
11035.56752,0.10774
11031.71028,0.10859
11027.85304,0.10871
11023.99580,0.10813
11020.13855,0.10757
11016.28131,0.10787
11012.42407,0.10862
11008.56683,0.10894
11004.70959,0.10888
11000.85235,0.10901
10996.99511,0.10917
10993.13787,0.10895
10989.28062,0.10861
10985.42338,0.10806
10981.56614,0.10747
10977.70890,0.10746
10973.85166,0.10782
10969.99442,0.10785
10966.13718,0.10713
10962.27993,0.10637
10958.42269,0.10657
10954.56545,0.10741
10950.70821,0.10812
10946.85097,0.10832
10942.99373,0.10802
10939.13649,0.10803
10935.27924,0.10841
10931.42200,0.10811
10927.56476,0.10715
10923.70752,0.10646
10919.85028,0.10633
10915.99304,0.10657
10912.13580,0.10684
10908.27856,0.10650
10904.42131,0.10569
10900.56407,0.10556
10896.70683,0.10638
10892.84959,0.10708
10888.99235,0.10687
10885.13511,0.10660
10881.27787,0.10694
10877.42062,0.10733
10873.56338,0.10732
10869.70614,0.10694
10865.84890,0.10671
10861.99166,0.10680
10858.13442,0.10657
10854.27718,0.10636
10850.41993,0.10663
10846.56269,0.10658
10842.70545,0.10610
10838.84821,0.10572
10834.99097,0.10558
10831.13373,0.10606
10827.27649,0.10649
10823.41925,0.10592
10819.56200,0.10560
10815.70476,0.10620
10811.84752,0.10644
10807.99028,0.10613
10804.13304,0.10570
10800.27580,0.10502
10796.41856,0.10441
10792.56131,0.10421
10788.70407,0.10399
10784.84683,0.10358
10780.98959,0.10340
10777.13235,0.10377
10773.27511,0.10461
10769.41787,0.10537
10765.56063,0.10580
10761.70338,0.10611
10757.84614,0.10595
10753.98890,0.10522
10750.13166,0.10453
10746.27442,0.10404
10742.41718,0.10404
10738.55994,0.10459
10734.70269,0.10460
10730.84545,0.10399
10726.98821,0.10397
10723.13097,0.10464
10719.27373,0.10507
10715.41649,0.10514
10711.55925,0.10523
10707.70200,0.10536
10703.84476,0.10547
10699.98752,0.10555
10696.13028,0.10552
10692.27304,0.10533
10688.41580,0.10477
10684.55856,0.10437
10680.70132,0.10475
10676.84407,0.10493
10672.98683,0.10432
10669.12959,0.10421
10665.27235,0.10487
10661.41511,0.10513
10657.55787,0.10486
10653.70063,0.10442
10649.84338,0.10396
10645.98614,0.10388
10642.12890,0.10409
10638.27166,0.10405
10634.41442,0.10365
10630.55718,0.10358
10626.69994,0.10416
10622.84269,0.10464
10618.98545,0.10456
10615.12821,0.10421
10611.27097,0.10389
10607.41373,0.10342
10603.55649,0.10245
10599.69925,0.10149
10595.84201,0.10148
10591.98476,0.10215
10588.12752,0.10255
10584.27028,0.10272
10580.41304,0.10315
10576.55580,0.10373
10572.69856,0.10416
10568.84132,0.10409
10564.98407,0.10365
10561.12683,0.10359
10557.26959,0.10394
10553.41235,0.10382
10549.55511,0.10314
10545.69787,0.10280
10541.84063,0.10271
10537.98339,0.10223
10534.12614,0.10159
10530.26890,0.10128
10526.41166,0.10135
10522.55442,0.10126
10518.69718,0.10087
10514.83994,0.10105
10510.98270,0.10164
10507.12545,0.10145
10503.26821,0.10062
10499.41097,0.10042
10495.55373,0.10084
10491.69649,0.10101
10487.83925,0.10089
10483.98201,0.10067
10480.12476,0.10043
10476.26752,0.10054
10472.41028,0.10097
10468.55304,0.10115
10464.69580,0.10072
10460.83856,0.09985
10456.98132,0.09923
10453.12408,0.09928
10449.26683,0.09968
10445.40959,0.10014
10441.55235,0.10045
10437.69511,0.10060
10433.83787,0.10073
10429.98063,0.10072
10426.12339,0.10061
10422.26614,0.10061
10418.40890,0.10082
10414.55166,0.10117
10410.69442,0.10119
10406.83718,0.10079
10402.97994,0.10031
10399.12270,0.10005
10395.26545,0.10044
10391.40821,0.10124
10387.55097,0.10161
10383.69373,0.10162
10379.83649,0.10183
10375.97925,0.10223
10372.12201,0.10217
10368.26477,0.10118
10364.40752,0.10019
10360.55028,0.10018
10356.69304,0.10068
10352.83580,0.10108
10348.97856,0.10119
10345.12132,0.10091
10341.26408,0.10060
10337.40683,0.10065
10333.54959,0.10101
10329.69235,0.10164
10325.83511,0.10225
10321.97787,0.10249
10318.12063,0.10247
10314.26339,0.10244
10310.40615,0.10273
10306.54890,0.10326
10302.69166,0.10325
10298.83442,0.10256
10294.97718,0.10207
10291.11994,0.10220
10287.26270,0.10275
10283.40546,0.10332
10279.54821,0.10321
10275.69097,0.10251
10271.83373,0.10211
10267.97649,0.10230
10264.11925,0.10290
10260.26201,0.10352
10256.40477,0.10353
10252.54752,0.10295
10248.69028,0.10231
10244.83304,0.10193
10240.97580,0.10189
10237.11856,0.10201
10233.26132,0.10220
10229.40408,0.10244
10225.54684,0.10260
10221.68959,0.10283
10217.83235,0.10326
10213.97511,0.10366
10210.11787,0.10373
10206.26063,0.10361
10202.40339,0.10355
10198.54615,0.10355
10194.68890,0.10359
10190.83166,0.10367
10186.97442,0.10359
10183.11718,0.10335
10179.25994,0.10327
10175.40270,0.10335
10171.54546,0.10344
10167.68821,0.10361
10163.83097,0.10375
10159.97373,0.10363
10156.11649,0.10364
10152.25925,0.10419
10148.40201,0.10471
10144.54477,0.10452
10140.68753,0.10400
10136.83028,0.10393
10132.97304,0.10425
10129.11580,0.10461
10125.25856,0.10494
10121.40132,0.10480
10117.54408,0.10435
10113.68684,0.10449
10109.82959,0.10512
10105.97235,0.10545
10102.11511,0.10550
10098.25787,0.10552
10094.40063,0.10530
10090.54339,0.10486
10086.68615,0.10464
10082.82891,0.10459
10078.97166,0.10438
10075.11442,0.10419
10071.25718,0.10424
10067.39994,0.10424
10063.54270,0.10421
10059.68546,0.10446
10055.82822,0.10484
10051.97097,0.10495
10048.11373,0.10502
10044.25649,0.10541
10040.39925,0.10576
10036.54201,0.10565
10032.68477,0.10537
10028.82753,0.10523
10024.97028,0.10520
10021.11304,0.10509
10017.25580,0.10487
10013.39856,0.10470
10009.54132,0.10456
10005.68408,0.10440
10001.82684,0.10443
9997.96960,0.10491
9994.11235,0.10554
9990.25511,0.10573
9986.39787,0.10562
9982.54063,0.10560
9978.68339,0.10569
9974.82615,0.10557
9970.96891,0.10525
9967.11166,0.10522
9963.25442,0.10555
9959.39718,0.10584
9955.53994,0.10596
9951.68270,0.10604
9947.82546,0.10617
9943.96822,0.10618
9940.11097,0.10585
9936.25373,0.10560
9932.39649,0.10592
9928.53925,0.10624
9924.68201,0.10604
9920.82477,0.10579
9916.96753,0.10578
9913.11029,0.10577
9909.25304,0.10584
9905.39580,0.10623
9901.53856,0.10658
9897.68132,0.10633
9893.82408,0.10570
9889.96684,0.10522
9886.10960,0.10501
9882.25235,0.10491
9878.39511,0.10490
9874.53787,0.10504
9870.68063,0.10529
9866.82339,0.10536
9862.96615,0.10506
9859.10891,0.10490
9855.25167,0.10535
9851.39442,0.10600
9847.53718,0.10628
9843.67994,0.10639
9839.82270,0.10659
9835.96546,0.10649
9832.10822,0.10605
9828.25098,0.10562
9824.39373,0.10528
9820.53649,0.10521
9816.67925,0.10547
9812.82201,0.10570
9808.96477,0.10581
9805.10753,0.10581
9801.25029,0.10571
9797.39304,0.10569
9793.53580,0.10578
9789.67856,0.10583
9785.82132,0.10568
9781.96408,0.10549
9778.10684,0.10555
9774.24960,0.10569
9770.39236,0.10561
9766.53511,0.10533
9762.67787,0.10509
9758.82063,0.10488
9754.96339,0.10457
9751.10615,0.10436
9747.24891,0.10445
9743.39167,0.10479
9739.53442,0.10497
9735.67718,0.10480
9731.81994,0.10467
9727.96270,0.10469
9724.10546,0.10480
9720.24822,0.10516
9716.39098,0.10560
9712.53373,0.10564
9708.67649,0.10517
9704.81925,0.10472
9700.96201,0.10482
9697.10477,0.10507
9693.24753,0.10501
9689.39029,0.10482
9685.53305,0.10455
9681.67580,0.10392
9677.81856,0.10321
9673.96132,0.10298
9670.10408,0.10326
9666.24684,0.10372
9662.38960,0.10403
9658.53236,0.10412
9654.67511,0.10427
9650.81787,0.10462
9646.96063,0.10478
9643.10339,0.10449
9639.24615,0.10410
9635.38891,0.10394
9631.53167,0.10386
9627.67443,0.10365
9623.81718,0.10345
9619.95994,0.10354
9616.10270,0.10376
9612.24546,0.10345
9608.38822,0.10293
9604.53098,0.10308
9600.67374,0.10362
9596.81649,0.10397
9592.95925,0.10417
9589.10201,0.10415
9585.24477,0.10372
9581.38753,0.10306
9577.53029,0.10261
9573.67305,0.10265
9569.81580,0.10295
9565.95856,0.10305
9562.10132,0.10282
9558.24408,0.10267
9554.38684,0.10267
9550.52960,0.10248
9546.67236,0.10214
9542.81512,0.10206
9538.95787,0.10232
9535.10063,0.10261
9531.24339,0.10276
9527.38615,0.10280
9523.52891,0.10274
9519.67167,0.10250
9515.81443,0.10212
9511.95718,0.10195
9508.09994,0.10204
9504.24270,0.10221
9500.38546,0.10249
9496.52822,0.10279
9492.67098,0.10282
9488.81374,0.10246
9484.95649,0.10201
9481.09925,0.10186
9477.24201,0.10196
9473.38477,0.10201
9469.52753,0.10200
9465.67029,0.10187
9461.81305,0.10176
9457.95581,0.10193
9454.09856,0.10207
9450.24132,0.10191
9446.38408,0.10183
9442.52684,0.10213
9438.66960,0.10249
9434.81236,0.10261
9430.95512,0.10236
9427.09787,0.10186
9423.24063,0.10145
9419.38339,0.10126
9415.52615,0.10127
9411.66891,0.10150
9407.81167,0.10157
9403.95443,0.10134
9400.09719,0.10122
9396.23994,0.10133
9392.38270,0.10133
9388.52546,0.10123
9384.66822,0.10134
9380.81098,0.10156
9376.95374,0.10153
9373.09650,0.10132
9369.23925,0.10113
9365.38201,0.10107
9361.52477,0.10119
9357.66753,0.10127
9353.81029,0.10111
9349.95305,0.10085
9346.09581,0.10065
9342.23856,0.10069
9338.38132,0.10090
9334.52408,0.10095
9330.66684,0.10086
9326.80960,0.10089
9322.95236,0.10101
9319.09512,0.10098
9315.23788,0.10081
9311.38063,0.10076
9307.52339,0.10098
9303.66615,0.10115
9299.80891,0.10087
9295.95167,0.10032
9292.09443,0.10004
9288.23719,0.10018
9284.37994,0.10044
9280.52270,0.10066
9276.66546,0.10077
9272.80822,0.10068
9268.95098,0.10048
9265.09374,0.10031
9261.23650,0.10019
9257.37925,0.10022
9253.52201,0.10037
9249.66477,0.10034
9245.80753,0.10022
9241.95029,0.10017
9238.09305,0.10009
9234.23581,0.10010
9230.37857,0.10036
9226.52132,0.10059
9222.66408,0.10078
9218.80684,0.10108
9214.94960,0.10128
9211.09236,0.10106
9207.23512,0.10059
9203.37788,0.10040
9199.52063,0.10051
9195.66339,0.10046
9191.80615,0.10006
9187.94891,0.09962
9184.09167,0.09955
9180.23443,0.09975
9176.37719,0.09986
9172.51995,0.09998
9168.66270,0.10005
9164.80546,0.09986
9160.94822,0.09962
9157.09098,0.09961
9153.23374,0.09983
9149.37650,0.10015
9145.51926,0.10040
9141.66201,0.10036
9137.80477,0.10003
9133.94753,0.09979
9130.09029,0.09984
9126.23305,0.09998
9122.37581,0.09998
9118.51857,0.09993
9114.66132,0.10009
9110.80408,0.10030
9106.94684,0.10048
9103.08960,0.10058
9099.23236,0.10045
9095.37512,0.10032
9091.51788,0.10045
9087.66064,0.10051
9083.80339,0.10041
9079.94615,0.10050
9076.08891,0.10071
9072.23167,0.10081
9068.37443,0.10090
9064.51719,0.10102
9060.65995,0.10110
9056.80270,0.10124
9052.94546,0.10134
9049.08822,0.10124
9045.23098,0.10101
9041.37374,0.10091
9037.51650,0.10096
9033.65926,0.10105
9029.80201,0.10134
9025.94477,0.10176
9022.08753,0.10218
9018.23029,0.10261
9014.37305,0.10302
9010.51581,0.10326
9006.65857,0.10333
9002.80133,0.10342
8998.94408,0.10363
8995.08684,0.10397
8991.22960,0.10440
8987.37236,0.10484
8983.51512,0.10531
8979.65788,0.10577
8975.80064,0.10614
8971.94339,0.10658
8968.08615,0.10726
8964.22891,0.10799
8960.37167,0.10855
8956.51443,0.10909
8952.65719,0.10972
8948.79995,0.11034
8944.94271,0.11109
8941.08546,0.11201
8937.22822,0.11278
8933.37098,0.11334
8929.51374,0.11394
8925.65650,0.11473
8921.79926,0.11574
8917.94202,0.11689
8914.08477,0.11799
8910.22753,0.11888
8906.37029,0.11976
8902.51305,0.12088
8898.65581,0.12213
8894.79857,0.12331
8890.94133,0.12444
8887.08408,0.12560
8883.22684,0.12675
8879.36960,0.12786
8875.51236,0.12883
8871.65512,0.12966
8867.79788,0.13034
8863.94064,0.13078
8860.08340,0.13118
8856.22615,0.13159
8852.36891,0.13164
8848.51167,0.13129
8844.65443,0.13072
8840.79719,0.12990
8836.93995,0.12910
8833.08271,0.12853
8829.22546,0.12785
8825.36822,0.12704
8821.51098,0.12636
8817.65374,0.12564
8813.79650,0.12466
8809.93926,0.12354
8806.08202,0.12246
8802.22477,0.12150
8798.36753,0.12060
8794.51029,0.11957
8790.65305,0.11838
8786.79581,0.11735
8782.93857,0.11653
8779.08133,0.11576
8775.22409,0.11508
8771.36684,0.11450
8767.50960,0.11398
8763.65236,0.11351
8759.79512,0.11305
8755.93788,0.11269
8752.08064,0.11249
8748.22340,0.11236
8744.36615,0.11231
8740.50891,0.11240
8736.65167,0.11250
8732.79443,0.11250
8728.93719,0.11247
8725.07995,0.11258
8721.22271,0.11277
8717.36547,0.11294
8713.50822,0.11312
8709.65098,0.11335
8705.79374,0.11360
8701.93650,0.11381
8698.07926,0.11388
8694.22202,0.11400
8690.36478,0.11440
8686.50753,0.11476
8682.65029,0.11491
8678.79305,0.11518
8674.93581,0.11562
8671.07857,0.11594
8667.22133,0.11605
8663.36409,0.11615
8659.50684,0.11641
8655.64960,0.11677
8651.79236,0.11707
8647.93512,0.11737
8644.07788,0.11772
8640.22064,0.11807
8636.36340,0.11837
8632.50616,0.11868
8628.64891,0.11914
8624.79167,0.11970
8620.93443,0.12005
8617.07719,0.12021
8613.21995,0.12035
8609.36271,0.12050
8605.50547,0.12081
8601.64822,0.12141
8597.79098,0.12215
8593.93374,0.12267
8590.07650,0.12294
8586.21926,0.12318
8582.36202,0.12352
8578.50478,0.12386
8574.64753,0.12408
8570.79029,0.12428
8566.93305,0.12466
8563.07581,0.12504
8559.21857,0.12525
8555.36133,0.12539
8551.50409,0.12556
8547.64685,0.12582
8543.78960,0.12618
8539.93236,0.12660
8536.07512,0.12704
8532.21788,0.12745
8528.36064,0.12774
8524.50340,0.12784
8520.64616,0.12793
8516.78891,0.12816
8512.93167,0.12842
8509.07443,0.12862
8505.21719,0.12879
8501.35995,0.12896
8497.50271,0.12916
8493.64547,0.12930
8489.78822,0.12928
8485.93098,0.12922
8482.07374,0.12920
8478.21650,0.12926
8474.35926,0.12940
8470.50202,0.12970
8466.64478,0.13006
8462.78754,0.13013
8458.93029,0.12991
8455.07305,0.12972
8451.21581,0.12967
8447.35857,0.12972
8443.50133,0.12977
8439.64409,0.12973
8435.78685,0.12973
8431.92960,0.12974
8428.07236,0.12970
8424.21512,0.12969
8420.35788,0.12972
8416.50064,0.12982
8412.64340,0.12989
8408.78616,0.12986
8404.92892,0.12981
8401.07167,0.12974
8397.21443,0.12952
8393.35719,0.12918
8389.49995,0.12893
8385.64271,0.12892
8381.78547,0.12904
8377.92823,0.12917
8374.07098,0.12931
8370.21374,0.12933
8366.35650,0.12919
8362.49926,0.12904
8358.64202,0.12892
8354.78478,0.12885
8350.92754,0.12896
8347.07029,0.12909
8343.21305,0.12909
8339.35581,0.12906
8335.49857,0.12908
8331.64133,0.12910
8327.78409,0.12909
8323.92685,0.12899
8320.06961,0.12882
8316.21236,0.12874
8312.35512,0.12876
8308.49788,0.12881
8304.64064,0.12889
8300.78340,0.12904
8296.92616,0.12911
8293.06892,0.12898
8289.21167,0.12878
8285.35443,0.12874
8281.49719,0.12890
8277.63995,0.12913
8273.78271,0.12924
8269.92547,0.12924
8266.06823,0.12919
8262.21098,0.12912
8258.35374,0.12924
8254.49650,0.12954
8250.63926,0.12980
8246.78202,0.13002
8242.92478,0.13016
8239.06754,0.13016
8235.21030,0.13008
8231.35305,0.13005
8227.49581,0.13009
8223.63857,0.13011
8219.78133,0.13001
8215.92409,0.12983
8212.06685,0.12971
8208.20961,0.12970
8204.35236,0.12963
8200.49512,0.12938
8196.63788,0.12903
8192.78064,0.12883
8188.92340,0.12891
8185.06616,0.12900
8181.20892,0.12893
8177.35168,0.12877
8173.49443,0.12854
8169.63719,0.12839
8165.77995,0.12841
8161.92271,0.12842
8158.06547,0.12825
8154.20823,0.12803
8150.35099,0.12783
8146.49374,0.12763
8142.63650,0.12745
8138.77926,0.12728
8134.92202,0.12713
8131.06478,0.12696
8127.20754,0.12671
8123.35030,0.12641
8119.49305,0.12615
8115.63581,0.12597
8111.77857,0.12579
8107.92133,0.12551
8104.06409,0.12518
8100.20685,0.12499
8096.34961,0.12492
8092.49237,0.12476
8088.63512,0.12444
8084.77788,0.12406
8080.92064,0.12371
8077.06340,0.12341
8073.20616,0.12320
8069.34892,0.12310
8065.49168,0.12300
8061.63443,0.12285
8057.77719,0.12268
8053.91995,0.12249
8050.06271,0.12223
8046.20547,0.12197
8042.34823,0.12188
8038.49099,0.12195
8034.63374,0.12186
8030.77650,0.12160
8026.91926,0.12142
8023.06202,0.12140
8019.20478,0.12137
8015.34754,0.12120
8011.49030,0.12093
8007.63306,0.12075
8003.77581,0.12066
7999.91857,0.12054
7996.06133,0.12048
7992.20409,0.12051
7988.34685,0.12054
7984.48961,0.12047
7980.63237,0.12032
7976.77512,0.12021
7972.91788,0.12018
7969.06064,0.12015
7965.20340,0.12006
7961.34616,0.11997
7957.48892,0.11981
7953.63168,0.11962
7949.77444,0.11955
7945.91719,0.11962
7942.05995,0.11971
7938.20271,0.11966
7934.34547,0.11944
7930.48823,0.11920
7926.63099,0.11911
7922.77375,0.11922
7918.91650,0.11931
7915.05926,0.11927
7911.20202,0.11928
7907.34478,0.11946
7903.48754,0.11964
7899.63030,0.11966
7895.77306,0.11961
7891.91581,0.11967
7888.05857,0.11978
7884.20133,0.11986
7880.34409,0.11986
7876.48685,0.11973
7872.62961,0.11957
7868.77237,0.11952
7864.91513,0.11948
7861.05788,0.11931
7857.20064,0.11912
7853.34340,0.11910
7849.48616,0.11921
7845.62892,0.11929
7841.77168,0.11926
7837.91444,0.11921
7834.05719,0.11913
7830.19995,0.11889
7826.34271,0.11857
7822.48547,0.11823
7818.62823,0.11797
7814.77099,0.11792
7810.91375,0.11795
7807.05650,0.11789
7803.19926,0.11775
7799.34202,0.11760
7795.48478,0.11731
7791.62754,0.11695
7787.77030,0.11688
7783.91306,0.11681
7780.05582,0.11648
7776.19857,0.11634
7772.34133,0.11650
7768.48409,0.11653
7764.62685,0.11636
7760.76961,0.11625
7756.91237,0.11615
7753.05513,0.11586
7749.19788,0.11545
7745.34064,0.11514
7741.48340,0.11506
7737.62616,0.11504
7733.76892,0.11491
7729.91168,0.11472
7726.05444,0.11450
7722.19720,0.11425
7718.33995,0.11391
7714.48271,0.11364
7710.62547,0.11373
7706.76823,0.11398
7702.91099,0.11389
7699.05375,0.11357
7695.19651,0.11336
7691.33926,0.11323
7687.48202,0.11316
7683.62478,0.11327
7679.76754,0.11342
7675.91030,0.11344
7672.05306,0.11331
7668.19582,0.11312
7664.33857,0.11301
7660.48133,0.11309
7656.62409,0.11332
7652.76685,0.11354
7648.90961,0.11362
7645.05237,0.11366
7641.19513,0.11375
7637.33789,0.11380
7633.48064,0.11373
7629.62340,0.11357
7625.76616,0.11350
7621.90892,0.11366
7618.05168,0.11399
7614.19444,0.11430
7610.33720,0.11455
7606.47995,0.11483
7602.62271,0.11504
7598.76547,0.11503
7594.90823,0.11495
7591.05099,0.11492
7587.19375,0.11485
7583.33651,0.11485
7579.47926,0.11506
7575.62202,0.11526
7571.76478,0.11532
7567.90754,0.11544
7564.05030,0.11567
7560.19306,0.11596
7556.33582,0.11646
7552.47858,0.11699
7548.62133,0.11733
7544.76409,0.11766
7540.90685,0.11802
7537.04961,0.11823
7533.19237,0.11836
7529.33513,0.11851
7525.47789,0.11868
7521.62064,0.11888
7517.76340,0.11910
7513.90616,0.11939
7510.04892,0.11970
7506.19168,0.11995
7502.33444,0.12024
7498.47720,0.12062
7494.61996,0.12105
7490.76271,0.12146
7486.90547,0.12179
7483.04823,0.12210
7479.19099,0.12248
7475.33375,0.12295
7471.47651,0.12348
7467.61927,0.12404
7463.76202,0.12469
7459.90478,0.12548
7456.04754,0.12630
7452.19030,0.12705
7448.33306,0.12777
7444.47582,0.12853
7440.61858,0.12936
7436.76133,0.13026
7432.90409,0.13120
7429.04685,0.13221
7425.18961,0.13328
7421.33237,0.13428
7417.47513,0.13519
7413.61789,0.13605
7409.76065,0.13696
7405.90340,0.13800
7402.04616,0.13910
7398.18892,0.14018
7394.33168,0.14119
7390.47444,0.14217
7386.61720,0.14322
7382.75996,0.14439
7378.90271,0.14553
7375.04547,0.14661
7371.18823,0.14779
7367.33099,0.14902
7363.47375,0.15015
7359.61651,0.15124
7355.75927,0.15228
7351.90202,0.15317
7348.04478,0.15402
7344.18754,0.15492
7340.33030,0.15581
7336.47306,0.15662
7332.61582,0.15735
7328.75858,0.15801
7324.90134,0.15851
7321.04409,0.15890
7317.18685,0.15934
7313.32961,0.15982
7309.47237,0.16024
7305.61513,0.16062
7301.75789,0.16099
7297.90065,0.16130
7294.04340,0.16161
7290.18616,0.16191
7286.32892,0.16215
7282.47168,0.16242
7278.61444,0.16272
7274.75720,0.16297
7270.89996,0.16320
7267.04272,0.16355
7263.18547,0.16408
7259.32823,0.16465
7255.47099,0.16507
7251.61375,0.16534
7247.75651,0.16561
7243.89927,0.16587
7240.04203,0.16611
7236.18478,0.16642
7232.32754,0.16675
7228.47030,0.16697
7224.61306,0.16725
7220.75582,0.16764
7216.89858,0.16795
7213.04134,0.16813
7209.18409,0.16834
7205.32685,0.16863
7201.46961,0.16898
7197.61237,0.16932
7193.75513,0.16963
7189.89789,0.16998
7186.04065,0.17037
7182.18341,0.17078
7178.32616,0.17127
7174.46892,0.17191
7170.61168,0.17276
7166.75444,0.17374
7162.89720,0.17471
7159.03996,0.17569
7155.18272,0.17678
7151.32547,0.17794
7147.46823,0.17919
7143.61099,0.18054
7139.75375,0.18192
7135.89651,0.18324
7132.03927,0.18456
7128.18203,0.18589
7124.32478,0.18726
7120.46754,0.18876
7116.61030,0.19035
7112.75306,0.19185
7108.89582,0.19333
7105.03858,0.19485
7101.18134,0.19634
7097.32410,0.19787
7093.46685,0.19950
7089.60961,0.20118
7085.75237,0.20288
7081.89513,0.20463
7078.03789,0.20644
7074.18065,0.20831
7070.32341,0.21023
7066.46616,0.21222
7062.60892,0.21425
7058.75168,0.21614
7054.89444,0.21777
7051.03720,0.21942
7047.17996,0.22126
7043.32272,0.22308
7039.46548,0.22472
7035.60823,0.22634
7031.75099,0.22794
7027.89375,0.22942
7024.03651,0.23078
7020.17927,0.23202
7016.32203,0.23324
7012.46479,0.23450
7008.60754,0.23579
7004.75030,0.23703
7000.89306,0.23814
6997.03582,0.23916
6993.17858,0.24012
6989.32134,0.24109
6985.46410,0.24205
6981.60685,0.24291
6977.74961,0.24369
6973.89237,0.24452
6970.03513,0.24541
6966.17789,0.24623
6962.32065,0.24696
6958.46341,0.24764
6954.60617,0.24831
6950.74892,0.24896
6946.89168,0.24952
6943.03444,0.25002
6939.17720,0.25051
6935.31996,0.25107
6931.46272,0.25169
6927.60548,0.25233
6923.74823,0.25292
6919.89099,0.25346
6916.03375,0.25394
6912.17651,0.25437
6908.31927,0.25477
6904.46203,0.25514
6900.60479,0.25558
6896.74754,0.25618
6892.89030,0.25688
6889.03306,0.25751
6885.17582,0.25812
6881.31858,0.25871
6877.46134,0.25925
6873.60410,0.25980
6869.74686,0.26042
6865.88961,0.26110
6862.03237,0.26183
6858.17513,0.26258
6854.31789,0.26333
6850.46065,0.26409
6846.60341,0.26483
6842.74617,0.26562
6838.88892,0.26646
6835.03168,0.26731
6831.17444,0.26811
6827.31720,0.26888
6823.45996,0.26966
6819.60272,0.27041
6815.74548,0.27120
6811.88824,0.27208
6808.03099,0.27301
6804.17375,0.27395
6800.31651,0.27487
6796.45927,0.27573
6792.60203,0.27657
6788.74479,0.27750
6784.88755,0.27849
6781.03030,0.27943
6777.17306,0.28026
6773.31582,0.28097
6769.45858,0.28162
6765.60134,0.28232
6761.74410,0.28300
6757.88686,0.28357
6754.02961,0.28405
6750.17237,0.28445
6746.31513,0.28479
6742.45789,0.28501
6738.60065,0.28517
6734.74341,0.28540
6730.88617,0.28566
6727.02893,0.28579
6723.17168,0.28586
6719.31444,0.28592
6715.45720,0.28591
6711.59996,0.28587
6707.74272,0.28593
6703.88548,0.28606
6700.02824,0.28612
6696.17099,0.28607
6692.31375,0.28596
6688.45651,0.28582
6684.59927,0.28560
6680.74203,0.28530
6676.88479,0.28499
6673.02755,0.28471
6669.17030,0.28441
6665.31306,0.28406
6661.45582,0.28369
6657.59858,0.28328
6653.74134,0.28285
6649.88410,0.28245
6646.02686,0.28203
6642.16962,0.28155
6638.31237,0.28108
6634.45513,0.28062
6630.59789,0.28010
6626.74065,0.27952
6622.88341,0.27895
6619.02617,0.27841
6615.16893,0.27785
6611.31168,0.27726
6607.45444,0.27670
6603.59720,0.27620
6599.73996,0.27569
6595.88272,0.27517
6592.02548,0.27475
6588.16824,0.27439
6584.31100,0.27406
6580.45375,0.27379
6576.59651,0.27367
6572.73927,0.27364
6568.88203,0.27356
6565.02479,0.27346
6561.16755,0.27345
6557.31031,0.27349
6553.45306,0.27350
6549.59582,0.27352
6545.73858,0.27359
6541.88134,0.27374
6538.02410,0.27395
6534.16686,0.27412
6530.30962,0.27425
6526.45237,0.27442
6522.59513,0.27461
6518.73789,0.27470
6514.88065,0.27476
6511.02341,0.27492
6507.16617,0.27508
6503.30893,0.27510
6499.45169,0.27507
6495.59444,0.27510
6491.73720,0.27512
6487.87996,0.27512
6484.02272,0.27512
6480.16548,0.27507
6476.30824,0.27488
6472.45100,0.27458
6468.59375,0.27439
6464.73651,0.27432
6460.87927,0.27414
6457.02203,0.27382
6453.16479,0.27345
6449.30755,0.27308
6445.45031,0.27271
6441.59306,0.27233
6437.73582,0.27191
6433.87858,0.27150
6430.02134,0.27110
6426.16410,0.27068
6422.30686,0.27029
6418.44962,0.26995
6414.59238,0.26963
6410.73513,0.26931
6406.87789,0.26904
6403.02065,0.26882
6399.16341,0.26856
6395.30617,0.26824
6391.44893,0.26799
6387.59169,0.26782
6383.73444,0.26765
6379.87720,0.26747
6376.01996,0.26733
6372.16272,0.26717
6368.30548,0.26692
6364.44824,0.26660
6360.59100,0.26631
6356.73376,0.26611
6352.87651,0.26594
6349.01927,0.26575
6345.16203,0.26556
6341.30479,0.26540
6337.44755,0.26528
6333.59031,0.26523
6329.73307,0.26521
6325.87582,0.26519
6322.01858,0.26526
6318.16134,0.26536
6314.30410,0.26536
6310.44686,0.26524
6306.58962,0.26500
6302.73238,0.26466
6298.87513,0.26424
6295.01789,0.26381
6291.16065,0.26340
6287.30341,0.26288
6283.44617,0.26221
6279.58893,0.26147
6275.73169,0.26067
6271.87445,0.25979
6268.01720,0.25885
6264.15996,0.25792
6260.30272,0.25701
6256.44548,0.25611
6252.58824,0.25516
6248.73100,0.25415
6244.87376,0.25307
6241.01651,0.25198
6237.15927,0.25088
6233.30203,0.24971
6229.44479,0.24854
6225.58755,0.24747
6221.73031,0.24654
6217.87307,0.24576
6214.01582,0.24518
6210.15858,0.24483
6206.30134,0.24467
6202.44410,0.24464
6198.58686,0.24454
6194.72962,0.24404
6190.87238,0.24306
6187.01514,0.24176
6183.15789,0.24035
6179.30065,0.23898
6175.44341,0.23776
6171.58617,0.23681
6167.72893,0.23608
6163.87169,0.23548
6160.01445,0.23510
6156.15720,0.23512
6152.29996,0.23539
6148.44272,0.23553
6144.58548,0.23541
6140.72824,0.23508
6136.87100,0.23466
6133.01376,0.23424
6129.15652,0.23397
6125.29927,0.23402
6121.44203,0.23453
6117.58479,0.23559
6113.72755,0.23729
6109.87031,0.23965
6106.01307,0.24258
6102.15583,0.24593
6098.29858,0.24965
6094.44134,0.25362
6090.58410,0.25756
6086.72686,0.26131
6082.86962,0.26482
6079.01238,0.26817
6075.15514,0.27176
6071.29789,0.27605
6067.44065,0.28110
6063.58341,0.28660
6059.72617,0.29208
6055.86893,0.29703
6052.01169,0.30135
6048.15445,0.30528
6044.29721,0.30914
6040.43996,0.31316
6036.58272,0.31760
6032.72548,0.32247
6028.86824,0.32720
6025.01100,0.33095
6021.15376,0.33298
6017.29652,0.33278
6013.43927,0.33018
6009.58203,0.32541
6005.72479,0.31908
6001.86755,0.31200
5998.01031,0.30502
5994.15307,0.29889
5990.29583,0.29401
5986.43858,0.29046
5982.58134,0.28797
5978.72410,0.28597
5974.86686,0.28374
5971.00962,0.28083
5967.15238,0.27738
5963.29514,0.27406
5959.43790,0.27152
5955.58065,0.27006
5951.72341,0.26949
5947.86617,0.26929
5944.00893,0.26889
5940.15169,0.26777
5936.29445,0.26554
5932.43721,0.26234
5928.57996,0.25873
5924.72272,0.25514
5920.86548,0.25174
5917.00824,0.24875
5913.15100,0.24638
5909.29376,0.24467
5905.43652,0.24375
5901.57927,0.24378
5897.72203,0.24480
5893.86479,0.24659
5890.00755,0.24887
5886.15031,0.25145
5882.29307,0.25400
5878.43583,0.25631
5874.57859,0.25842
5870.72134,0.26029
5866.86410,0.26164
5863.00686,0.26227
5859.14962,0.26226
5855.29238,0.26179
5851.43514,0.26106
5847.57790,0.26028
5843.72065,0.25965
5839.86341,0.25926
5836.00617,0.25909
5832.14893,0.25912
5828.29169,0.25929
5824.43445,0.25950
5820.57721,0.25971
5816.71997,0.25994
5812.86272,0.26019
5809.00548,0.26039
5805.14824,0.26040
5801.29100,0.26020
5797.43376,0.25989
5793.57652,0.25967
5789.71928,0.25957
5785.86203,0.25947
5782.00479,0.25926
5778.14755,0.25896
5774.29031,0.25855
5770.43307,0.25799
5766.57583,0.25726
5762.71859,0.25636
5758.86134,0.25528
5755.00410,0.25404
5751.14686,0.25269
5747.28962,0.25122
5743.43238,0.24968
5739.57514,0.24820
5735.71790,0.24690
5731.86066,0.24585
5728.00341,0.24509
5724.14617,0.24464
5720.28893,0.24446
5716.43169,0.24450
5712.57445,0.24467
5708.71721,0.24490
5704.85997,0.24508
5701.00272,0.24508
5697.14548,0.24490
5693.28824,0.24467
5689.43100,0.24447
5685.57376,0.24429
5681.71652,0.24419
5677.85928,0.24425
5674.00203,0.24449
5670.14479,0.24484
5666.28755,0.24529
5662.43031,0.24579
5658.57307,0.24620
5654.71583,0.24645
5650.85859,0.24646
5647.00135,0.24615
5643.14410,0.24557
5639.28686,0.24486
5635.42962,0.24413
5631.57238,0.24343
5627.71514,0.24280
5623.85790,0.24227
5620.00066,0.24186
5616.14341,0.24156
5612.28617,0.24135
5608.42893,0.24127
5604.57169,0.24137
5600.71445,0.24163
5596.85721,0.24192
5592.99997,0.24222
5589.14273,0.24262
5585.28548,0.24311
5581.42824,0.24364
5577.57100,0.24413
5573.71376,0.24454
5569.85652,0.24487
5565.99928,0.24513
5562.14204,0.24522
5558.28479,0.24510
5554.42755,0.24491
5550.57031,0.24477
5546.71307,0.24469
5542.85583,0.24462
5538.99859,0.24454
5535.14135,0.24449
5531.28410,0.24455
5527.42686,0.24461
5523.56962,0.24450
5519.71238,0.24418
5515.85514,0.24381
5511.99790,0.24350
5508.14066,0.24336
5504.28342,0.24344
5500.42617,0.24368
5496.56893,0.24400
5492.71169,0.24445
5488.85445,0.24496
5484.99721,0.24529
5481.13997,0.24536
5477.28273,0.24527
5473.42548,0.24501
5469.56824,0.24454
5465.71100,0.24391
5461.85376,0.24310
5457.99652,0.24212
5454.13928,0.24105
5450.28204,0.23991
5446.42479,0.23860
5442.56755,0.23712
5438.71031,0.23562
5434.85307,0.23425
5430.99583,0.23296
5427.13859,0.23175
5423.28135,0.23078
5419.42411,0.23004
5415.56686,0.22945
5411.70962,0.22900
5407.85238,0.22872
5403.99514,0.22857
5400.13790,0.22845
5396.28066,0.22831
5392.42342,0.22816
5388.56617,0.22810
5384.70893,0.22816
5380.85169,0.22830
5376.99445,0.22851
5373.13721,0.22885
5369.27997,0.22933
5365.42273,0.22993
5361.56549,0.23062
5357.70824,0.23136
5353.85100,0.23209
5349.99376,0.23276
5346.13652,0.23336
5342.27928,0.23395
5338.42204,0.23460
5334.56480,0.23538
5330.70755,0.23632
5326.85031,0.23752
5322.99307,0.23899
5319.13583,0.24075
5315.27859,0.24286
5311.42135,0.24531
5307.56411,0.24814
5303.70686,0.25135
5299.84962,0.25489
5295.99238,0.25881
5292.13514,0.26326
5288.27790,0.26830
5284.42066,0.27388
5280.56342,0.27997
5276.70618,0.28649
5272.84893,0.29324
5268.99169,0.30011
5265.13445,0.30700
5261.27721,0.31358
5257.41997,0.31950
5253.56273,0.32485
5249.70549,0.32978
5245.84824,0.33432
5241.99100,0.33834
5238.13376,0.34181
5234.27652,0.34492
5230.41928,0.34769
5226.56204,0.35015
5222.70480,0.35232
5218.84755,0.35417
5214.99031,0.35570
5211.13307,0.35699
5207.27583,0.35813
5203.41859,0.35910
5199.56135,0.35992
5195.70411,0.36066
5191.84687,0.36123
5187.98962,0.36160
5184.13238,0.36187
5180.27514,0.36205
5176.41790,0.36201
5172.56066,0.36178
5168.70342,0.36147
5164.84618,0.36114
5160.98893,0.36075
5157.13169,0.36025
5153.27445,0.35966
5149.41721,0.35900
5145.55997,0.35824
5141.70273,0.35740
5137.84549,0.35652
5133.98825,0.35565
5130.13100,0.35477
5126.27376,0.35383
5122.41652,0.35275
5118.55928,0.35132
5114.70204,0.34934
5110.84480,0.34688
5106.98756,0.34409
5103.13031,0.34121
5099.27307,0.33843
5095.41583,0.33575
5091.55859,0.33317
5087.70135,0.33075
5083.84411,0.32851
5079.98687,0.32640
5076.12962,0.32441
5072.27238,0.32252
5068.41514,0.32071
5064.55790,0.31899
5060.70066,0.31733
5056.84342,0.31570
5052.98618,0.31414
5049.12894,0.31266
5045.27169,0.31125
5041.41445,0.30992
5037.55721,0.30869
5033.69997,0.30753
5029.84273,0.30642
5025.98549,0.30531
5022.12825,0.30425
5018.27100,0.30329
5014.41376,0.30239
5010.55652,0.30150
5006.69928,0.30057
5002.84204,0.29966
4998.98480,0.29886
4995.12756,0.29818
4991.27031,0.29758
4987.41307,0.29710
4983.55583,0.29679
4979.69859,0.29664
4975.84135,0.29664
4971.98411,0.29685
4968.12687,0.29729
4964.26963,0.29799
4960.41238,0.29894
4956.55514,0.30011
4952.69790,0.30147
4948.84066,0.30305
4944.98342,0.30477
4941.12618,0.30654
4937.26894,0.30843
4933.41169,0.31053
4929.55445,0.31281
4925.69721,0.31523
4921.83997,0.31779
4917.98273,0.32052
4914.12549,0.32344
4910.26825,0.32648
4906.41101,0.32963
4902.55376,0.33291
4898.69652,0.33634
4894.83928,0.33991
4890.98204,0.34360
4887.12480,0.34740
4883.26756,0.35131
4879.41032,0.35528
4875.55307,0.35922
4871.69583,0.36304
4867.83859,0.36670
4863.98135,0.37017
4860.12411,0.37347
4856.26687,0.37672
4852.40963,0.38007
4848.55238,0.38360
4844.69514,0.38734
4840.83790,0.39131
4836.98066,0.39547
4833.12342,0.39977
4829.26618,0.40408
4825.40894,0.40825
4821.55170,0.41224
4817.69445,0.41602
4813.83721,0.41950
4809.97997,0.42264
4806.12273,0.42550
4802.26549,0.42809
4798.40825,0.43034
4794.55101,0.43219
4790.69376,0.43362
4786.83652,0.43467
4782.97928,0.43543
4779.12204,0.43601
4775.26480,0.43658
4771.40756,0.43732
4767.55032,0.43834
4763.69307,0.43974
4759.83583,0.44148
4755.97859,0.44344
4752.12135,0.44542
4748.26411,0.44723
4744.40687,0.44883
4740.54963,0.45027
4736.69239,0.45172
4732.83514,0.45360
4728.97790,0.45616
4725.12066,0.45895
4721.26342,0.46106
4717.40618,0.46192
4713.54894,0.46188
4709.69170,0.46198
4705.83445,0.46331
4701.97721,0.46632
4698.11997,0.47024
4694.26273,0.47339
4690.40549,0.47413
4686.54825,0.47152
4682.69101,0.46566
4678.83377,0.45773
4674.97652,0.44955
4671.11928,0.44269
4667.26204,0.43778
4663.40480,0.43458
4659.54756,0.43252
4655.69032,0.43143
4651.83308,0.43172
4647.97583,0.43371
4644.11859,0.43713
4640.26135,0.44073
4636.40411,0.44261
4632.54687,0.44105
4628.68963,0.43548
4624.83239,0.42706
4620.97514,0.41801
4617.11790,0.41022
4613.26066,0.40451
4609.40342,0.40083
4605.54618,0.39899
4601.68894,0.39893
4597.83170,0.40034
4593.97446,0.40228
4590.11721,0.40385
4586.25997,0.40496
4582.40273,0.40543
4578.54549,0.40396
4574.68825,0.39934
4570.83101,0.39221
4566.97377,0.38470
4563.11652,0.37869
4559.25928,0.37471
4555.40204,0.37229
4551.54480,0.37078
4547.68756,0.36968
4543.83032,0.36872
4539.97308,0.36782
4536.11583,0.36714
4532.25859,0.36685
4528.40135,0.36704
4524.54411,0.36772
4520.68687,0.36890
4516.82963,0.37063
4512.97239,0.37307
4509.11515,0.37652
4505.25790,0.38135
4501.40066,0.38769
4497.54342,0.39524
4493.68618,0.40306
4489.82894,0.40997
4485.97170,0.41544
4482.11446,0.42007
4478.25721,0.42517
4474.39997,0.43202
4470.54273,0.44144
4466.68549,0.45339
4462.82825,0.46622
4458.97101,0.47695
4455.11377,0.48380
4451.25653,0.48808
4447.39928,0.49235
4443.54204,0.49775
4439.68480,0.50357
4435.82756,0.50837
4431.97032,0.51090
4428.11308,0.51074
4424.25584,0.50869
4420.39859,0.50650
4416.54135,0.50590
4412.68411,0.50749
4408.82687,0.51040
4404.96963,0.51288
4401.11239,0.51338
4397.25515,0.51136
4393.39790,0.50744
4389.54066,0.50277
4385.68342,0.49832
4381.82618,0.49469
4377.96894,0.49207
4374.11170,0.49033
4370.25446,0.48951
4366.39722,0.48973
4362.53997,0.49082
4358.68273,0.49236
4354.82549,0.49402
4350.96825,0.49581
4347.11101,0.49800
4343.25377,0.50069
4339.39653,0.50359
4335.53928,0.50638
4331.68204,0.50901
4327.82480,0.51169
4323.96756,0.51455
4320.11032,0.51754
4316.25308,0.52084
4312.39584,0.52478
4308.53859,0.52945
4304.68135,0.53460
4300.82411,0.53977
4296.96687,0.54435
4293.10963,0.54781
4289.25239,0.54996
4285.39515,0.55101
4281.53791,0.55129
4277.68066,0.55100
4273.82342,0.55015
4269.96618,0.54866
4266.10894,0.54666
4262.25170,0.54467
4258.39446,0.54336
4254.53722,0.54291
4250.67997,0.54290
4246.82273,0.54280
4242.96549,0.54224
4239.10825,0.54107
4235.25101,0.53948
4231.39377,0.53797
4227.53653,0.53678
4223.67929,0.53554
4219.82204,0.53370
4215.96480,0.53131
4212.10756,0.52879
4208.25032,0.52637
4204.39308,0.52412
4200.53584,0.52222
4196.67860,0.52116
4192.82135,0.52153
4188.96411,0.52361
4185.10687,0.52703
4181.24963,0.53063
4177.39239,0.53235
4173.53515,0.53062
4169.67791,0.52595
4165.82066,0.52039
4161.96342,0.51583
4158.10618,0.51312
4154.24894,0.51211
4150.39170,0.51251
4146.53446,0.51427
4142.67722,0.51730
4138.81998,0.52110
4134.96273,0.52489
4131.10549,0.52812
4127.24825,0.53093
4123.39101,0.53403
4119.53377,0.53803
4115.67653,0.54325
4111.81929,0.55002
4107.96204,0.55866
4104.10480,0.56964
4100.24756,0.58354
4096.39032,0.59948
4092.53308,0.61321
4088.67584,0.61965
4084.81860,0.61790
4080.96135,0.61100
4077.10411,0.60252
4073.24687,0.59541
4069.38963,0.59138
4065.53239,0.59037
4061.67515,0.59152
4057.81791,0.59408
4053.96067,0.59756
4050.10342,0.60145
4046.24618,0.60517
4042.38894,0.60820
4038.53170,0.61049
4034.67446,0.61233
4030.81722,0.61373
4026.95998,0.61462
4023.10273,0.61505
4019.24549,0.61497
4015.38825,0.61420
4011.53101,0.61269
4007.67377,0.61067
4003.81653,0.60827
3999.95929,0.60546
3996.10205,0.60231
3992.24480,0.59919
3988.38756,0.59640
3984.53032,0.59405
3980.67308,0.59217
3976.81584,0.59062
3972.95860,0.58900
3969.10136,0.58689
3965.24411,0.58425
3961.38687,0.58139
3957.52963,0.57855
3953.67239,0.57568
3949.81515,0.57270
3945.95791,0.56975
3942.10067,0.56692
3938.24342,0.56426
3934.38618,0.56166
3930.52894,0.55910
3926.67170,0.55681
3922.81446,0.55479
3918.95722,0.55276
3915.09998,0.55064
3911.24274,0.54838
3907.38549,0.54566
3903.52825,0.54223
3899.67101,0.53875
3895.81377,0.53583
3891.95653,0.53318
3888.09929,0.53081
3884.24205,0.52891
3880.38480,0.52740
3876.52756,0.52588
3872.67032,0.52359
3868.81308,0.52040
3864.95584,0.51703
3861.09860,0.51404
3857.24136,0.51124
3853.38411,0.50825
3849.52687,0.50583
3845.66963,0.50416
3841.81239,0.50249
3837.95515,0.50106
3834.09791,0.50047
3830.24067,0.50048
3826.38343,0.50076
3822.52618,0.50162
3818.66894,0.50371
3814.81170,0.50656
3810.95446,0.50878
3807.09722,0.50984
3803.23998,0.50955
3799.38274,0.50811
3795.52549,0.50668
3791.66825,0.50592
3787.81101,0.50580
3783.95377,0.50643
3780.09653,0.50803
3776.23929,0.51029
3772.38205,0.51282
3768.52481,0.51579
3764.66756,0.51909
3760.81032,0.52188
3756.95308,0.52320
3753.09584,0.52266
3749.23860,0.52142
3745.38136,0.52169
3741.52412,0.52378
3737.66687,0.52741
3733.80963,0.53237
3729.95239,0.53638
3726.09515,0.53893
3722.23791,0.54183
3718.38067,0.54581
3714.52343,0.55126
3710.66618,0.55954
3706.80894,0.56998
3702.95170,0.58174
3699.09446,0.59563
3695.23722,0.61111
3691.37998,0.63058
3687.52274,0.65422
3683.66550,0.67329
3679.80825,0.68797
3675.95101,0.70559
3672.09377,0.72956
3668.23653,0.75526
3664.37929,0.77882
3660.52205,0.80126
3656.66481,0.82346
3652.80756,0.84461
3648.95032,0.86753
3645.09308,0.89254
3641.23584,0.91329
3637.37860,0.93160
3633.52136,0.94964
3629.66412,0.96670
3625.80687,0.98218
3621.94963,0.99659
3618.09239,1.01352
3614.23515,1.02833
3610.37791,1.03900
3606.52067,1.05184
3602.66343,1.06823
3598.80619,1.08301
