12493.60475,0.13591
12489.74751,0.13310
12485.89027,0.13539
12482.03303,0.13793
12478.17579,0.13820
12474.31855,0.13800
12470.46130,0.13789
12466.60406,0.13685
12462.74682,0.13569
12458.88958,0.13602
12455.03234,0.13710
12451.17510,0.13809
12447.31786,0.13937
12443.46062,0.13977
12439.60337,0.13913
12435.74613,0.13866
12431.88889,0.13649
12428.03165,0.13344
12424.17441,0.13497
12420.31717,0.14045
12416.45993,0.14443
12412.60268,0.14576
12408.74544,0.14419
12404.88820,0.13926
12401.03096,0.13626
12397.17372,0.13907
12393.31648,0.14154
12389.45924,0.14027
12385.60199,0.14090
12381.74475,0.14391
12377.88751,0.14419
12374.03027,0.14185
12370.17303,0.14002
12366.31579,0.13972
12362.45855,0.14057
12358.60131,0.14206
12354.74406,0.14281
12350.88682,0.14226
12347.02958,0.14185
12343.17234,0.14139
12339.31510,0.13989
12335.45786,0.13923
12331.60062,0.14084
12327.74337,0.14335
12323.88613,0.14536
12320.02889,0.14509
12316.17165,0.14187
12312.31441,0.13899
12308.45717,0.13839
12304.59993,0.13875
12300.74268,0.13951
12296.88544,0.14115
12293.02820,0.14400
12289.17096,0.14673
12285.31372,0.14644
12281.45648,0.14374
12277.59924,0.14194
12273.74200,0.14103
12269.88475,0.14035
12266.02751,0.13961
12262.17027,0.13837
12258.31303,0.13983
12254.45579,0.14426
12250.59855,0.14615
12246.74131,0.14405
12242.88406,0.14134
12239.02682,0.13940
12235.16958,0.13799
12231.31234,0.13790
12227.45510,0.13858
12223.59786,0.13846
12219.74062,0.13794
12215.88338,0.13852
12212.02613,0.13980
12208.16889,0.13936
12204.31165,0.13770
12200.45441,0.13755
12196.59717,0.13828
12192.73993,0.13775
12188.88269,0.13688
12185.02544,0.13854
12181.16820,0.14159
12177.31096,0.14187
12173.45372,0.13990
12169.59648,0.13933
12165.73924,0.14060
12161.88200,0.14155
12158.02475,0.14045
12154.16751,0.13757
12150.31027,0.13602
12146.45303,0.13789
12142.59579,0.14116
12138.73855,0.14320
12134.88131,0.14330
12131.02407,0.14301
12127.16682,0.14355
12123.30958,0.14306
12119.45234,0.14140
12115.59510,0.14117
12111.73786,0.14228
12107.88062,0.14306
12104.02338,0.14377
12100.16613,0.14472
12096.30889,0.14423
12092.45165,0.14239
12088.59441,0.14189
12084.73717,0.14279
12080.87993,0.14281
12077.02269,0.14181
12073.16544,0.14094
12069.30820,0.14025
12065.45096,0.13938
12061.59372,0.13890
12057.73648,0.13941
12053.87924,0.13978
12050.02200,0.13890
12046.16476,0.13930
12042.30751,0.14249
12038.45027,0.14504
12034.59303,0.14541
12030.73579,0.14580
12026.87855,0.14702
12023.02131,0.14820
12019.16407,0.14912
12015.30682,0.14965
12011.44958,0.14883
12007.59234,0.14640
12003.73510,0.14339
11999.87786,0.14126
11996.02062,0.14150
11992.16338,0.14413
11988.30614,0.14695
11984.44889,0.14745
11980.59165,0.14606
11976.73441,0.14513
11972.87717,0.14388
11969.01993,0.14137
11965.16269,0.14050
11961.30545,0.14203
11957.44820,0.14372
11953.59096,0.14430
11949.73372,0.14361
11945.87648,0.14390
11942.01924,0.14600
11938.16200,0.14708
11934.30476,0.14687
11930.44751,0.14670
11926.59027,0.14691
11922.73303,0.14761
11918.87579,0.14829
11915.01855,0.14914
11911.16131,0.14961
11907.30407,0.14852
11903.44683,0.14665
11899.58958,0.14609
11895.73234,0.14812
11891.87510,0.15050
11888.01786,0.15007
11884.16062,0.14793
11880.30338,0.14726
11876.44614,0.14828
11872.58889,0.14881
11868.73165,0.14932
11864.87441,0.15095
11861.01717,0.15212
11857.15993,0.15299
11853.30269,0.15463
11849.44545,0.15476
11845.58820,0.15281
11841.73096,0.15207
11837.87372,0.15277
11834.01648,0.15169
11830.15924,0.14954
11826.30200,0.14925
11822.44476,0.15031
11818.58752,0.15127
11814.73027,0.15168
11810.87303,0.15128
11807.01579,0.15074
11803.15855,0.15094
11799.30131,0.15217
11795.44407,0.15367
11791.58683,0.15460
11787.72958,0.15472
11783.87234,0.15333
11780.01510,0.15108
11776.15786,0.15051
11772.30062,0.15114
11768.44338,0.15096
11764.58614,0.15137
11760.72890,0.15335
11756.87165,0.15478
11753.01441,0.15491
11749.15717,0.15421
11745.29993,0.15230
11741.44269,0.15030
11737.58545,0.15036
11733.72821,0.15214
11729.87096,0.15362
11726.01372,0.15361
11722.15648,0.15280
11718.29924,0.15282
11714.44200,0.15434
11710.58476,0.15571
11706.72752,0.15429
11702.87027,0.15149
11699.01303,0.15138
11695.15579,0.15390
11691.29855,0.15574
11687.44131,0.15603
11683.58407,0.15625
11679.72683,0.15615
11675.86959,0.15486
11672.01234,0.15351
11668.15510,0.15324
11664.29786,0.15333
11660.44062,0.15283
11656.58338,0.15220
11652.72614,0.15157
11648.86890,0.15015
11645.01165,0.14846
11641.15441,0.14769
11637.29717,0.14761
11633.43993,0.14760
11629.58269,0.14750
11625.72545,0.14729
11621.86821,0.14779
11618.01096,0.14899
11614.15372,0.14953
11610.29648,0.14982
11606.43924,0.15073
11602.58200,0.15145
11598.72476,0.15124
11594.86752,0.15032
11591.01028,0.14969
11587.15303,0.15002
11583.29579,0.15019
11579.43855,0.14909
11575.58131,0.14784
11571.72407,0.14830
11567.86683,0.14991
11564.00959,0.14967
11560.15234,0.14765
11556.29510,0.14806
11552.43786,0.15058
11548.58062,0.15067
11544.72338,0.14925
11540.86614,0.15025
11537.00890,0.15288
11533.15166,0.15408
11529.29441,0.15278
11525.43717,0.15071
11521.57993,0.15031
11517.72269,0.15151
11513.86545,0.15239
11510.00821,0.15155
11506.15097,0.15074
11502.29372,0.15213
11498.43648,0.15272
11494.57924,0.15036
11490.72200,0.14845
11486.86476,0.14891
11483.00752,0.14953
11479.15028,0.14838
11475.29303,0.14678
11471.43579,0.14734
11467.57855,0.14965
11463.72131,0.15020
11459.86407,0.14809
11456.00683,0.14679
11452.14959,0.14728
11448.29235,0.14693
11444.43510,0.14547
11440.57786,0.14481
11436.72062,0.14532
11432.86338,0.14583
11429.00614,0.14540
11425.14890,0.14416
11421.29166,0.14340
11417.43441,0.14438
11413.57717,0.14638
11409.71993,0.14755
11405.86269,0.14778
11402.00545,0.14773
11398.14821,0.14665
11394.29097,0.14517
11390.43372,0.14510
11386.57648,0.14611
11382.71924,0.14758
11378.86200,0.14816
11375.00476,0.14641
11371.14752,0.14486
11367.29028,0.14614
11363.43304,0.14843
11359.57579,0.14920
11355.71855,0.14843
11351.86131,0.14742
11348.00407,0.14687
11344.14683,0.14673
11340.28959,0.14701
11336.43235,0.14750
11332.57510,0.14741
11328.71786,0.14696
11324.86062,0.14752
11321.00338,0.14815
11317.14614,0.14666
11313.28890,0.14384
11309.43166,0.14274
11305.57442,0.14398
11301.71717,0.14508
11297.85993,0.14501
11294.00269,0.14460
11290.14545,0.14440
11286.28821,0.14528
11282.43097,0.14707
11278.57373,0.14844
11274.71648,0.14886
11270.85924,0.14769
11267.00200,0.14537
11263.14476,0.14447
11259.28752,0.14565
11255.43028,0.14685
11251.57304,0.14696
11247.71579,0.14607
11243.85855,0.14457
11240.00131,0.14384
11236.14407,0.14465
11232.28683,0.14538
11228.42959,0.14482
11224.57235,0.14384
11220.71511,0.14363
11216.85786,0.14478
11213.00062,0.14666
11209.14338,0.14769
11205.28614,0.14717
11201.42890,0.14630
11197.57166,0.14615
11193.71442,0.14613
11189.85717,0.14594
11185.99993,0.14552
11182.14269,0.14485
11178.28545,0.14490
11174.42821,0.14555
11170.57097,0.14595
11166.71373,0.14610
11162.85648,0.14568
11158.99924,0.14542
11155.14200,0.14632
11151.28476,0.14673
11147.42752,0.14580
11143.57028,0.14499
11139.71304,0.14477
11135.85580,0.14494
11131.99855,0.14557
11128.14131,0.14622
11124.28407,0.14689
11120.42683,0.14797
11116.56959,0.14881
11112.71235,0.14868
11108.85511,0.14771
11104.99786,0.14637
11101.14062,0.14571
11097.28338,0.14582
11093.42614,0.14572
11089.56890,0.14542
11085.71166,0.14510
11081.85442,0.14476
11077.99718,0.14505
11074.13993,0.14575
11070.28269,0.14583
11066.42545,0.14578
11062.56821,0.14626
11058.71097,0.14625
11054.85373,0.14573
11050.99649,0.14561
11047.13924,0.14583
11043.28200,0.14647
11039.42476,0.14765
11035.56752,0.14835
11031.71028,0.14785
11027.85304,0.14683
11023.99580,0.14595
11020.13855,0.14561
11016.28131,0.14555
11012.42407,0.14500
11008.56683,0.14489
11004.70959,0.14579
11000.85235,0.14600
10996.99511,0.14533
10993.13787,0.14530
10989.28062,0.14556
10985.42338,0.14534
10981.56614,0.14538
10977.70890,0.14577
10973.85166,0.14581
10969.99442,0.14543
10966.13718,0.14496
10962.27993,0.14491
10958.42269,0.14515
10954.56545,0.14515
10950.70821,0.14508
10946.85097,0.14491
10942.99373,0.14429
10939.13649,0.14360
10935.27924,0.14333
10931.42200,0.14350
10927.56476,0.14405
10923.70752,0.14468
10919.85028,0.14484
10915.99304,0.14447
10912.13580,0.14423
10908.27856,0.14448
10904.42131,0.14473
10900.56407,0.14481
10896.70683,0.14487
10892.84959,0.14487
10888.99235,0.14498
10885.13511,0.14483
10881.27787,0.14380
10877.42062,0.14292
10873.56338,0.14302
10869.70614,0.14314
10865.84890,0.14265
10861.99166,0.14184
10858.13442,0.14144
10854.27718,0.14149
10850.41993,0.14121
10846.56269,0.14086
10842.70545,0.14107
10838.84821,0.14198
10834.99097,0.14293
10831.13373,0.14295
10827.27649,0.14254
10823.41925,0.14233
10819.56200,0.14176
10815.70476,0.14107
10811.84752,0.14098
10807.99028,0.14105
10804.13304,0.14100
10800.27580,0.14133
10796.41856,0.14191
10792.56131,0.14223
10788.70407,0.14235
10784.84683,0.14205
10780.98959,0.14130
10777.13235,0.14078
10773.27511,0.14045
10769.41787,0.14057
10765.56063,0.14154
10761.70338,0.14222
10757.84614,0.14203
10753.98890,0.14207
10750.13166,0.14265
10746.27442,0.14311
10742.41718,0.14320
10738.55994,0.14315
10734.70269,0.14305
10730.84545,0.14281
10726.98821,0.14265
10723.13097,0.14270
10719.27373,0.14251
10715.41649,0.14197
10711.55925,0.14172
10707.70200,0.14171
10703.84476,0.14139
10699.98752,0.14111
10696.13028,0.14146
10692.27304,0.14201
10688.41580,0.14202
10684.55856,0.14153
10680.70132,0.14144
10676.84407,0.14172
10672.98683,0.14153
10669.12959,0.14138
10665.27235,0.14184
10661.41511,0.14213
10657.55787,0.14180
10653.70063,0.14098
10649.84338,0.14021
10645.98614,0.14047
10642.12890,0.14140
10638.27166,0.14166
10634.41442,0.14119
10630.55718,0.14064
10626.69994,0.14046
10622.84269,0.14081
10618.98545,0.14108
10615.12821,0.14076
10611.27097,0.14038
10607.41373,0.14041
10603.55649,0.14041
10599.69925,0.14011
10595.84201,0.13963
10591.98476,0.13920
10588.12752,0.13936
10584.27028,0.14002
10580.41304,0.14035
10576.55580,0.14014
10572.69856,0.13979
10568.84132,0.13936
10564.98407,0.13889
10561.12683,0.13858
10557.26959,0.13839
10553.41235,0.13811
10549.55511,0.13813
10545.69787,0.13884
10541.84063,0.13947
10537.98339,0.13941
10534.12614,0.13929
10530.26890,0.13969
10526.41166,0.13997
10522.55442,0.13912
10518.69718,0.13774
10514.83994,0.13736
10510.98270,0.13798
10507.12545,0.13835
10503.26821,0.13814
10499.41097,0.13793
10495.55373,0.13792
10491.69649,0.13792
10487.83925,0.13780
10483.98201,0.13754
10480.12476,0.13724
10476.26752,0.13694
10472.41028,0.13685
10468.55304,0.13712
10464.69580,0.13712
10460.83856,0.13642
10456.98132,0.13621
10453.12408,0.13733
10449.26683,0.13840
10445.40959,0.13836
10441.55235,0.13783
10437.69511,0.13752
10433.83787,0.13743
10429.98063,0.13745
10426.12339,0.13733
10422.26614,0.13702
10418.40890,0.13726
10414.55166,0.13817
10410.69442,0.13870
10406.83718,0.13835
10402.97994,0.13786
10399.12270,0.13781
10395.26545,0.13800
10391.40821,0.13814
10387.55097,0.13789
10383.69373,0.13722
10379.83649,0.13688
10375.97925,0.13706
10372.12201,0.13724
10368.26477,0.13707
10364.40752,0.13660
10360.55028,0.13613
10356.69304,0.13606
10352.83580,0.13633
10348.97856,0.13652
10345.12132,0.13661
10341.26408,0.13694
10337.40683,0.13752
10333.54959,0.13799
10329.69235,0.13814
10325.83511,0.13812
10321.97787,0.13822
10318.12063,0.13837
10314.26339,0.13835
10310.40615,0.13845
10306.54890,0.13876
10302.69166,0.13879
10298.83442,0.13860
10294.97718,0.13859
10291.11994,0.13842
10287.26270,0.13805
10283.40546,0.13818
10279.54821,0.13867
10275.69097,0.13892
10271.83373,0.13914
10267.97649,0.13965
10264.11925,0.14015
10260.26201,0.14022
10256.40477,0.13961
10252.54752,0.13872
10248.69028,0.13874
10244.83304,0.13978
10240.97580,0.14018
10237.11856,0.13932
10233.26132,0.13859
10229.40408,0.13842
10225.54684,0.13835
10221.68959,0.13872
10217.83235,0.13949
10213.97511,0.14004
10210.11787,0.14028
10206.26063,0.14015
10202.40339,0.13941
10198.54615,0.13862
10194.68890,0.13886
10190.83166,0.13983
10186.97442,0.14017
10183.11718,0.13988
10179.25994,0.13976
10175.40270,0.13990
10171.54546,0.13999
10167.68821,0.13986
10163.83097,0.13989
10159.97373,0.14044
10156.11649,0.14089
10152.25925,0.14075
10148.40201,0.14037
10144.54477,0.13996
10140.68753,0.13981
10136.83028,0.14008
10132.97304,0.14043
10129.11580,0.14072
10125.25856,0.14108
10121.40132,0.14135
10117.54408,0.14119
10113.68684,0.14056
10109.82959,0.14006
10105.97235,0.14031
10102.11511,0.14095
10098.25787,0.14120
10094.40063,0.14103
10090.54339,0.14074
10086.68615,0.14040
10082.82891,0.14025
10078.97166,0.14054
10075.11442,0.14117
10071.25718,0.14178
10067.39994,0.14183
10063.54270,0.14128
10059.68546,0.14074
10055.82822,0.14081
10051.97097,0.14121
10048.11373,0.14151
10044.25649,0.14162
10040.39925,0.14157
10036.54201,0.14156
10032.68477,0.14166
10028.82753,0.14187
10024.97028,0.14233
10021.11304,0.14259
10017.25580,0.14232
10013.39856,0.14197
10009.54132,0.14184
10005.68408,0.14177
10001.82684,0.14172
9997.96960,0.14196
9994.11235,0.14245
9990.25511,0.14258
9986.39787,0.14216
9982.54063,0.14168
9978.68339,0.14148
9974.82615,0.14172
9970.96891,0.14211
9967.11166,0.14204
9963.25442,0.14172
9959.39718,0.14172
9955.53994,0.14187
9951.68270,0.14206
9947.82546,0.14247
9943.96822,0.14271
9940.11097,0.14249
9936.25373,0.14222
9932.39649,0.14226
9928.53925,0.14233
9924.68201,0.14185
9920.82477,0.14117
9916.96753,0.14130
9913.11029,0.14200
9909.25304,0.14230
9905.39580,0.14211
9901.53856,0.14199
9897.68132,0.14207
9893.82408,0.14203
9889.96684,0.14190
9886.10960,0.14190
9882.25235,0.14179
9878.39511,0.14152
9874.53787,0.14133
9870.68063,0.14128
9866.82339,0.14133
9862.96615,0.14143
9859.10891,0.14155
9855.25167,0.14177
9851.39442,0.14206
9847.53718,0.14199
9843.67994,0.14157
9839.82270,0.14143
9835.96546,0.14178
9832.10822,0.14227
9828.25098,0.14264
9824.39373,0.14266
9820.53649,0.14228
9816.67925,0.14193
9812.82201,0.14194
9808.96477,0.14189
9805.10753,0.14162
9801.25029,0.14142
9797.39304,0.14123
9793.53580,0.14099
9789.67856,0.14098
9785.82132,0.14137
9781.96408,0.14192
9778.10684,0.14229
9774.24960,0.14230
9770.39236,0.14187
9766.53511,0.14139
9762.67787,0.14130
9758.82063,0.14142
9754.96339,0.14151
9751.10615,0.14170
9747.24891,0.14190
9743.39167,0.14184
9739.53442,0.14141
9735.67718,0.14089
9731.81994,0.14079
9727.96270,0.14090
9724.10546,0.14056
9720.24822,0.14011
9716.39098,0.14016
9712.53373,0.14055
9708.67649,0.14074
9704.81925,0.14073
9700.96201,0.14072
9697.10477,0.14048
9693.24753,0.14021
9689.39029,0.14047
9685.53305,0.14090
9681.67580,0.14090
9677.81856,0.14068
9673.96132,0.14059
9670.10408,0.14047
9666.24684,0.14017
9662.38960,0.13989
9658.53236,0.14003
9654.67511,0.14037
9650.81787,0.14031
9646.96063,0.13992
9643.10339,0.13970
9639.24615,0.13978
9635.38891,0.13989
9631.53167,0.13979
9627.67443,0.13959
9623.81718,0.13946
9619.95994,0.13930
9616.10270,0.13904
9612.24546,0.13890
9608.38822,0.13902
9604.53098,0.13914
9600.67374,0.13906
9596.81649,0.13906
9592.95925,0.13932
9589.10201,0.13946
9585.24477,0.13903
9581.38753,0.13852
9577.53029,0.13872
9573.67305,0.13928
9569.81580,0.13953
9565.95856,0.13951
9562.10132,0.13933
9558.24408,0.13919
9554.38684,0.13918
9550.52960,0.13913
9546.67236,0.13906
9542.81512,0.13920
9538.95787,0.13936
9535.10063,0.13941
9531.24339,0.13960
9527.38615,0.13985
9523.52891,0.13986
9519.67167,0.13954
9515.81443,0.13889
9511.95718,0.13823
9508.09994,0.13792
9504.24270,0.13806
9500.38546,0.13849
9496.52822,0.13896
9492.67098,0.13919
9488.81374,0.13916
9484.95649,0.13893
9481.09925,0.13848
9477.24201,0.13798
9473.38477,0.13784
9469.52753,0.13812
9465.67029,0.13843
9461.81305,0.13847
9457.95581,0.13832
9454.09856,0.13812
9450.24132,0.13785
9446.38408,0.13762
9442.52684,0.13752
9438.66960,0.13757
9434.81236,0.13788
9430.95512,0.13833
9427.09787,0.13850
9423.24063,0.13850
9419.38339,0.13853
9415.52615,0.13832
9411.66891,0.13794
9407.81167,0.13791
9403.95443,0.13803
9400.09719,0.13769
9396.23994,0.13724
9392.38270,0.13716
9388.52546,0.13718
9384.66822,0.13703
9380.81098,0.13691
9376.95374,0.13693
9373.09650,0.13707
9369.23925,0.13729
9365.38201,0.13752
9361.52477,0.13767
9357.66753,0.13770
9353.81029,0.13762
9349.95305,0.13760
9346.09581,0.13766
9342.23856,0.13762
9338.38132,0.13767
9334.52408,0.13786
9330.66684,0.13775
9326.80960,0.13741
9322.95236,0.13731
9319.09512,0.13749
9315.23788,0.13772
9311.38063,0.13783
9307.52339,0.13779
9303.66615,0.13762
9299.80891,0.13748
9295.95167,0.13742
9292.09443,0.13736
9288.23719,0.13745
9284.37994,0.13763
9280.52270,0.13761
9276.66546,0.13743
9272.80822,0.13723
9268.95098,0.13707
9265.09374,0.13705
9261.23650,0.13715
9257.37925,0.13727
9253.52201,0.13738
9249.66477,0.13740
9245.80753,0.13718
9241.95029,0.13687
9238.09305,0.13679
9234.23581,0.13687
9230.37857,0.13683
9226.52132,0.13685
9222.66408,0.13700
9218.80684,0.13704
9214.94960,0.13690
9211.09236,0.13670
9207.23512,0.13661
9203.37788,0.13663
9199.52063,0.13669
9195.66339,0.13678
9191.80615,0.13698
9187.94891,0.13718
9184.09167,0.13721
9180.23443,0.13702
9176.37719,0.13674
9172.51995,0.13659
9168.66270,0.13657
9164.80546,0.13651
9160.94822,0.13650
9157.09098,0.13666
9153.23374,0.13674
9149.37650,0.13668
9145.51926,0.13672
9141.66201,0.13696
9137.80477,0.13724
9133.94753,0.13746
9130.09029,0.13765
9126.23305,0.13775
9122.37581,0.13754
9118.51857,0.13728
9114.66132,0.13728
9110.80408,0.13732
9106.94684,0.13723
9103.08960,0.13720
9099.23236,0.13735
9095.37512,0.13750
9091.51788,0.13747
9087.66064,0.13743
9083.80339,0.13749
9079.94615,0.13766
9076.08891,0.13787
9072.23167,0.13793
9068.37443,0.13786
9064.51719,0.13791
9060.65995,0.13798
9056.80270,0.13794
9052.94546,0.13794
9049.08822,0.13799
9045.23098,0.13808
9041.37374,0.13824
9037.51650,0.13841
9033.65926,0.13857
9029.80201,0.13864
9025.94477,0.13863
9022.08753,0.13864
9018.23029,0.13886
9014.37305,0.13932
9010.51581,0.13967
9006.65857,0.13981
9002.80133,0.14001
8998.94408,0.14024
8995.08684,0.14048
8991.22960,0.14082
8987.37236,0.14123
8983.51512,0.14172
8979.65788,0.14218
8975.80064,0.14237
8971.94339,0.14248
8968.08615,0.14286
8964.22891,0.14341
8960.37167,0.14394
8956.51443,0.14444
8952.65719,0.14488
8948.79995,0.14538
8944.94271,0.14613
8941.08546,0.14702
8937.22822,0.14777
8933.37098,0.14841
8929.51374,0.14899
8925.65650,0.14952
8921.79926,0.15019
8917.94202,0.15108
8914.08477,0.15209
8910.22753,0.15320
8906.37029,0.15433
8902.51305,0.15540
8898.65581,0.15644
8894.79857,0.15747
8890.94133,0.15842
8887.08408,0.15931
8883.22684,0.16021
8879.36960,0.16119
8875.51236,0.16209
8871.65512,0.16278
8867.79788,0.16342
8863.94064,0.16392
8860.08340,0.16413
8856.22615,0.16411
8852.36891,0.16393
8848.51167,0.16366
8844.65443,0.16344
8840.79719,0.16326
8836.93995,0.16291
8833.08271,0.16238
8829.22546,0.16173
8825.36822,0.16095
8821.51098,0.16013
8817.65374,0.15933
8813.79650,0.15842
8809.93926,0.15740
8806.08202,0.15645
8802.22477,0.15566
8798.36753,0.15492
8794.51029,0.15407
8790.65305,0.15306
8786.79581,0.15190
8782.93857,0.15081
8779.08133,0.14999
8775.22409,0.14940
8771.36684,0.14893
8767.50960,0.14852
8763.65236,0.14810
8759.79512,0.14763
8755.93788,0.14721
8752.08064,0.14694
8748.22340,0.14687
8744.36615,0.14691
8740.50891,0.14692
8736.65167,0.14690
8732.79443,0.14693
8728.93719,0.14697
8725.07995,0.14702
8721.22271,0.14708
8717.36547,0.14721
8713.50822,0.14756
8709.65098,0.14786
8705.79374,0.14781
8701.93650,0.14773
8698.07926,0.14791
8694.22202,0.14822
8690.36478,0.14850
8686.50753,0.14871
8682.65029,0.14885
8678.79305,0.14901
8674.93581,0.14924
8671.07857,0.14939
8667.22133,0.14952
8663.36409,0.14980
8659.50684,0.15002
8655.64960,0.15013
8651.79236,0.15042
8647.93512,0.15092
8644.07788,0.15134
8640.22064,0.15162
8636.36340,0.15180
8632.50616,0.15195
8628.64891,0.15231
8624.79167,0.15276
8620.93443,0.15298
8617.07719,0.15311
8613.21995,0.15336
8609.36271,0.15367
8605.50547,0.15397
8601.64822,0.15434
8597.79098,0.15482
8593.93374,0.15527
8590.07650,0.15552
8586.21926,0.15573
8582.36202,0.15607
8578.50478,0.15641
8574.64753,0.15675
8570.79029,0.15711
8566.93305,0.15745
8563.07581,0.15772
8559.21857,0.15787
8555.36133,0.15808
8551.50409,0.15849
8547.64685,0.15897
8543.78960,0.15926
8539.93236,0.15931
8536.07512,0.15944
8532.21788,0.15975
8528.36064,0.16002
8524.50340,0.16022
8520.64616,0.16047
8516.78891,0.16081
8512.93167,0.16121
8509.07443,0.16156
8505.21719,0.16170
8501.35995,0.16170
8497.50271,0.16171
8493.64547,0.16176
8489.78822,0.16187
8485.93098,0.16198
8482.07374,0.16201
8478.21650,0.16202
8474.35926,0.16214
8470.50202,0.16232
8466.64478,0.16250
8462.78754,0.16270
8458.93029,0.16278
8455.07305,0.16271
8451.21581,0.16262
8447.35857,0.16255
8443.50133,0.16254
8439.64409,0.16262
8435.78685,0.16266
8431.92960,0.16261
8428.07236,0.16248
8424.21512,0.16231
8420.35788,0.16224
8416.50064,0.16228
8412.64340,0.16232
8408.78616,0.16225
8404.92892,0.16218
8401.07167,0.16219
8397.21443,0.16214
8393.35719,0.16208
8389.49995,0.16217
8385.64271,0.16232
8381.78547,0.16230
8377.92823,0.16213
8374.07098,0.16195
8370.21374,0.16180
8366.35650,0.16165
8362.49926,0.16159
8358.64202,0.16165
8354.78478,0.16171
8350.92754,0.16171
8347.07029,0.16171
8343.21305,0.16169
8339.35581,0.16165
8335.49857,0.16167
8331.64133,0.16178
8327.78409,0.16186
8323.92685,0.16187
8320.06961,0.16193
8316.21236,0.16201
8312.35512,0.16199
8308.49788,0.16187
8304.64064,0.16180
8300.78340,0.16183
8296.92616,0.16191
8293.06892,0.16199
8289.21167,0.16209
8285.35443,0.16222
8281.49719,0.16241
8277.63995,0.16249
8273.78271,0.16239
8269.92547,0.16229
8266.06823,0.16232
8262.21098,0.16253
8258.35374,0.16265
8254.49650,0.16254
8250.63926,0.16244
8246.78202,0.16256
8242.92478,0.16281
8239.06754,0.16291
8235.21030,0.16278
8231.35305,0.16266
8227.49581,0.16267
8223.63857,0.16265
8219.78133,0.16255
8215.92409,0.16244
8212.06685,0.16244
8208.20961,0.16250
8204.35236,0.16244
8200.49512,0.16220
8196.63788,0.16197
8192.78064,0.16189
8188.92340,0.16193
8185.06616,0.16192
8181.20892,0.16182
8177.35168,0.16168
8173.49443,0.16147
8169.63719,0.16121
8165.77995,0.16109
8161.92271,0.16110
8158.06547,0.16107
8154.20823,0.16093
8150.35099,0.16072
8146.49374,0.16049
8142.63650,0.16031
8138.77926,0.16022
8134.92202,0.16019
8131.06478,0.16007
8127.20754,0.15990
8123.35030,0.15979
8119.49305,0.15962
8115.63581,0.15941
8111.77857,0.15925
8107.92133,0.15911
8104.06409,0.15887
8100.20685,0.15851
8096.34961,0.15812
8092.49237,0.15789
8088.63512,0.15778
8084.77788,0.15767
8080.92064,0.15754
8077.06340,0.15741
8073.20616,0.15720
8069.34892,0.15689
8065.49168,0.15658
8061.63443,0.15639
8057.77719,0.15635
8053.91995,0.15640
8050.06271,0.15639
8046.20547,0.15620
8042.34823,0.15593
8038.49099,0.15574
8034.63374,0.15552
8030.77650,0.15529
8026.91926,0.15520
8023.06202,0.15519
8019.20478,0.15503
8015.34754,0.15480
8011.49030,0.15471
8007.63306,0.15474
8003.77581,0.15471
7999.91857,0.15457
7996.06133,0.15449
7992.20409,0.15451
7988.34685,0.15450
7984.48961,0.15433
7980.63237,0.15417
7976.77512,0.15418
7972.91788,0.15430
7969.06064,0.15433
7965.20340,0.15423
7961.34616,0.15413
7957.48892,0.15398
7953.63168,0.15375
7949.77444,0.15365
7945.91719,0.15376
7942.05995,0.15386
7938.20271,0.15379
7934.34547,0.15361
7930.48823,0.15341
7926.63099,0.15327
7922.77375,0.15328
7918.91650,0.15327
7915.05926,0.15317
7911.20202,0.15312
7907.34478,0.15322
7903.48754,0.15341
7899.63030,0.15362
7895.77306,0.15370
7891.91581,0.15352
7888.05857,0.15327
7884.20133,0.15327
7880.34409,0.15346
7876.48685,0.15362
7872.62961,0.15365
7868.77237,0.15368
7864.91513,0.15368
7861.05788,0.15357
7857.20064,0.15343
7853.34340,0.15335
7849.48616,0.15327
7845.62892,0.15312
7841.77168,0.15304
7837.91444,0.15305
7834.05719,0.15299
7830.19995,0.15279
7826.34271,0.15255
7822.48547,0.15232
7818.62823,0.15220
7814.77099,0.15226
7810.91375,0.15239
7807.05650,0.15232
7803.19926,0.15207
7799.34202,0.15176
7795.48478,0.15137
7791.62754,0.15110
7787.77030,0.15112
7783.91306,0.15108
7780.05582,0.15080
7776.19857,0.15069
7772.34133,0.15078
7768.48409,0.15073
7764.62685,0.15050
7760.76961,0.15034
7756.91237,0.15019
7753.05513,0.14996
7749.19788,0.14979
7745.34064,0.14970
7741.48340,0.14947
7737.62616,0.14906
7733.76892,0.14877
7729.91168,0.14867
7726.05444,0.14856
7722.19720,0.14827
7718.33995,0.14790
7714.48271,0.14778
7710.62547,0.14800
7706.76823,0.14823
7702.91099,0.14810
7699.05375,0.14776
7695.19651,0.14753
7691.33926,0.14751
7687.48202,0.14763
7683.62478,0.14773
7679.76754,0.14774
7675.91030,0.14770
7672.05306,0.14765
7668.19582,0.14753
7664.33857,0.14743
7660.48133,0.14750
7656.62409,0.14762
7652.76685,0.14763
7648.90961,0.14763
7645.05237,0.14778
7641.19513,0.14791
7637.33789,0.14790
7633.48064,0.14785
7629.62340,0.14774
7625.76616,0.14763
7621.90892,0.14769
7618.05168,0.14795
7614.19444,0.14824
7610.33720,0.14841
7606.47995,0.14849
7602.62271,0.14850
7598.76547,0.14840
7594.90823,0.14837
7591.05099,0.14849
7587.19375,0.14855
7583.33651,0.14855
7579.47926,0.14864
7575.62202,0.14883
7571.76478,0.14899
7567.90754,0.14908
7564.05030,0.14917
7560.19306,0.14933
7556.33582,0.14967
7552.47858,0.15007
7548.62133,0.15037
7544.76409,0.15070
7540.90685,0.15112
7537.04961,0.15154
7533.19237,0.15182
7529.33513,0.15190
7525.47789,0.15187
7521.62064,0.15192
7517.76340,0.15212
7513.90616,0.15233
7510.04892,0.15251
7506.19168,0.15277
7502.33444,0.15311
7498.47720,0.15341
7494.61996,0.15370
7490.76271,0.15403
7486.90547,0.15423
7483.04823,0.15435
7479.19099,0.15468
7475.33375,0.15529
7471.47651,0.15594
7467.61927,0.15640
7463.76202,0.15683
7459.90478,0.15743
7456.04754,0.15812
7452.19030,0.15881
7448.33306,0.15955
7444.47582,0.16030
7440.61858,0.16109
7436.76133,0.16186
7432.90409,0.16260
7429.04685,0.16358
7425.18961,0.16472
7421.33237,0.16568
7417.47513,0.16647
7413.61789,0.16727
7409.76065,0.16806
7405.90340,0.16883
7402.04616,0.16968
7398.18892,0.17070
7394.33168,0.17182
7390.47444,0.17286
7386.61720,0.17385
7382.75996,0.17489
7378.90271,0.17597
7375.04547,0.17708
7371.18823,0.17824
7367.33099,0.17936
7363.47375,0.18043
7359.61651,0.18148
7355.75927,0.18245
7351.90202,0.18329
7348.04478,0.18414
7344.18754,0.18501
7340.33030,0.18580
7336.47306,0.18641
7332.61582,0.18692
7328.75858,0.18754
7324.90134,0.18828
7321.04409,0.18888
7317.18685,0.18928
7313.32961,0.18956
7309.47237,0.18974
7305.61513,0.18993
7301.75789,0.19025
7297.90065,0.19063
7294.04340,0.19097
7290.18616,0.19121
7286.32892,0.19139
7282.47168,0.19158
7278.61444,0.19187
7274.75720,0.19221
7270.89996,0.19244
7267.04272,0.19259
7263.18547,0.19280
7259.32823,0.19312
7255.47099,0.19353
7251.61375,0.19393
7247.75651,0.19418
7243.89927,0.19431
7240.04203,0.19438
7236.18478,0.19448
7232.32754,0.19467
7228.47030,0.19492
7224.61306,0.19511
7220.75582,0.19529
7216.89858,0.19544
7213.04134,0.19557
7209.18409,0.19574
7205.32685,0.19596
7201.46961,0.19613
7197.61237,0.19624
7193.75513,0.19633
7189.89789,0.19645
7186.04065,0.19665
7182.18341,0.19693
7178.32616,0.19733
7174.46892,0.19787
7170.61168,0.19849
7166.75444,0.19916
7162.89720,0.19986
7159.03996,0.20059
7155.18272,0.20139
7151.32547,0.20225
7147.46823,0.20320
7143.61099,0.20422
7139.75375,0.20526
7135.89651,0.20638
7132.03927,0.20762
7128.18203,0.20876
7124.32478,0.20976
7120.46754,0.21081
7116.61030,0.21203
7112.75306,0.21324
7108.89582,0.21445
7105.03858,0.21581
7101.18134,0.21731
7097.32410,0.21879
7093.46685,0.22021
7089.60961,0.22163
7085.75237,0.22318
7081.89513,0.22490
7078.03789,0.22676
7074.18065,0.22864
7070.32341,0.23045
7066.46616,0.23227
7062.60892,0.23415
7058.75168,0.23601
7054.89444,0.23784
7051.03720,0.23970
7047.17996,0.24153
7043.32272,0.24332
7039.46548,0.24504
7035.60823,0.24671
7031.75099,0.24829
7027.89375,0.24980
7024.03651,0.25136
7020.17927,0.25282
7016.32203,0.25409
7012.46479,0.25536
7008.60754,0.25669
7004.75030,0.25792
7000.89306,0.25906
6997.03582,0.26025
6993.17858,0.26142
6989.32134,0.26249
6985.46410,0.26345
6981.60685,0.26441
6977.74961,0.26535
6973.89237,0.26625
6970.03513,0.26709
6966.17789,0.26788
6962.32065,0.26865
6958.46341,0.26940
6954.60617,0.27007
6950.74892,0.27064
6946.89168,0.27113
6943.03444,0.27166
6939.17720,0.27223
6935.31996,0.27278
6931.46272,0.27332
6927.60548,0.27389
6923.74823,0.27446
6919.89099,0.27503
6916.03375,0.27561
6912.17651,0.27610
6908.31927,0.27654
6904.46203,0.27705
6900.60479,0.27764
6896.74754,0.27817
6892.89030,0.27861
6889.03306,0.27908
6885.17582,0.27969
6881.31858,0.28032
6877.46134,0.28088
6873.60410,0.28145
6869.74686,0.28207
6865.88961,0.28273
6862.03237,0.28352
6858.17513,0.28441
6854.31789,0.28528
6850.46065,0.28609
6846.60341,0.28683
6842.74617,0.28751
6838.88892,0.28828
6835.03168,0.28912
6831.17444,0.28992
6827.31720,0.29072
6823.45996,0.29161
6819.60272,0.29253
6815.74548,0.29342
6811.88824,0.29430
6808.03099,0.29519
6804.17375,0.29613
6800.31651,0.29713
6796.45927,0.29806
6792.60203,0.29892
6788.74479,0.29983
6784.88755,0.30077
6781.03030,0.30162
6777.17306,0.30242
6773.31582,0.30324
6769.45858,0.30409
6765.60134,0.30491
6761.74410,0.30561
6757.88686,0.30621
6754.02961,0.30669
6750.17237,0.30707
6746.31513,0.30744
6742.45789,0.30781
6738.60065,0.30814
6734.74341,0.30842
6730.88617,0.30862
6727.02893,0.30876
6723.17168,0.30891
6719.31444,0.30904
6715.45720,0.30911
6711.59996,0.30918
6707.74272,0.30924
6703.88548,0.30922
6700.02824,0.30916
6696.17099,0.30911
6692.31375,0.30904
6688.45651,0.30896
6684.59927,0.30891
6680.74203,0.30880
6676.88479,0.30859
6673.02755,0.30834
6669.17030,0.30806
6665.31306,0.30769
6661.45582,0.30724
6657.59858,0.30683
6653.74134,0.30651
6649.88410,0.30617
6646.02686,0.30578
6642.16962,0.30536
6638.31237,0.30490
6634.45513,0.30432
6630.59789,0.30365
6626.74065,0.30297
6622.88341,0.30242
6619.02617,0.30202
6615.16893,0.30156
6611.31168,0.30100
6607.45444,0.30038
6603.59720,0.29972
6599.73996,0.29911
6595.88272,0.29870
6592.02548,0.29840
6588.16824,0.29808
6584.31100,0.29778
6580.45375,0.29756
6576.59651,0.29741
6572.73927,0.29734
6568.88203,0.29731
6565.02479,0.29721
6561.16755,0.29710
6557.31031,0.29709
6553.45306,0.29723
6549.59582,0.29741
6545.73858,0.29758
6541.88134,0.29770
6538.02410,0.29774
6534.16686,0.29773
6530.30962,0.29783
6526.45237,0.29800
6522.59513,0.29817
6518.73789,0.29834
6514.88065,0.29857
6511.02341,0.29882
6507.16617,0.29894
6503.30893,0.29892
6499.45169,0.29890
6495.59444,0.29894
6491.73720,0.29894
6487.87996,0.29889
6484.02272,0.29884
6480.16548,0.29881
6476.30824,0.29878
6472.45100,0.29866
6468.59375,0.29840
6464.73651,0.29815
6460.87927,0.29801
6457.02203,0.29789
6453.16479,0.29771
6449.30755,0.29740
6445.45031,0.29706
6441.59306,0.29675
6437.73582,0.29645
6433.87858,0.29618
6430.02134,0.29590
6426.16410,0.29552
6422.30686,0.29508
6418.44962,0.29468
6414.59238,0.29434
6410.73513,0.29403
6406.87789,0.29375
6403.02065,0.29349
6399.16341,0.29329
6395.30617,0.29314
6391.44893,0.29296
6387.59169,0.29275
6383.73444,0.29254
6379.87720,0.29231
6376.01996,0.29214
6372.16272,0.29200
6368.30548,0.29179
6364.44824,0.29148
6360.59100,0.29118
6356.73376,0.29099
6352.87651,0.29086
6349.01927,0.29070
6345.16203,0.29056
6341.30479,0.29050
6337.44755,0.29046
6333.59031,0.29041
6329.73307,0.29038
6325.87582,0.29033
6322.01858,0.29022
6318.16134,0.29011
6314.30410,0.29003
6310.44686,0.28989
6306.58962,0.28969
6302.73238,0.28946
6298.87513,0.28918
6295.01789,0.28881
6291.16065,0.28840
6287.30341,0.28793
6283.44617,0.28731
6279.58893,0.28653
6275.73169,0.28573
6271.87445,0.28495
6268.01720,0.28412
6264.15996,0.28324
6260.30272,0.28233
6256.44548,0.28142
6252.58824,0.28054
6248.73100,0.27962
6244.87376,0.27862
6241.01651,0.27751
6237.15927,0.27628
6233.30203,0.27510
6229.44479,0.27404
6225.58755,0.27300
6221.73031,0.27199
6217.87307,0.27117
6214.01582,0.27062
6210.15858,0.27032
6206.30134,0.27019
6202.44410,0.27016
6198.58686,0.27004
6194.72962,0.26958
6190.87238,0.26863
6187.01514,0.26729
6183.15789,0.26579
6179.30065,0.26434
6175.44341,0.26314
6171.58617,0.26227
6167.72893,0.26159
6163.87169,0.26106
6160.01445,0.26078
6156.15720,0.26080
6152.29996,0.26100
6148.44272,0.26119
6144.58548,0.26119
6140.72824,0.26091
6136.87100,0.26042
6133.01376,0.25998
6129.15652,0.25973
6125.29927,0.25977
6121.44203,0.26025
6117.58479,0.26132
6113.72755,0.26307
6109.87031,0.26545
6106.01307,0.26840
6102.15583,0.27183
6098.29858,0.27560
6094.44134,0.27949
6090.58410,0.28331
6086.72686,0.28698
6082.86962,0.29045
6079.01238,0.29378
6075.15514,0.29732
6071.29789,0.30155
6067.44065,0.30661
6063.58341,0.31214
6059.72617,0.31760
6055.86893,0.32253
6052.01169,0.32684
6048.15445,0.33077
6044.29721,0.33468
6040.43996,0.33882
6036.58272,0.34338
6032.72548,0.34826
6028.86824,0.35290
6025.01100,0.35655
6021.15376,0.35854
6017.29652,0.35840
6013.43927,0.35590
6009.58203,0.35123
6005.72479,0.34494
6001.86755,0.33787
5998.01031,0.33089
5994.15307,0.32472
5990.29583,0.31984
5986.43858,0.31634
5982.58134,0.31394
5978.72410,0.31198
5974.86686,0.30967
5971.00962,0.30659
5967.15238,0.30308
5963.29514,0.29986
5959.43790,0.29750
5955.58065,0.29615
5951.72341,0.29556
5947.86617,0.29525
5944.00893,0.29476
5940.15169,0.29365
5936.29445,0.29157
5932.43721,0.28852
5928.57996,0.28490
5924.72272,0.28125
5920.86548,0.27792
5917.00824,0.27502
5913.15100,0.27264
5909.29376,0.27094
5905.43652,0.27009
5901.57927,0.27018
5897.72203,0.27112
5893.86479,0.27281
5890.00755,0.27509
5886.15031,0.27771
5882.29307,0.28029
5878.43583,0.28260
5874.57859,0.28460
5870.72134,0.28628
5866.86410,0.28752
5863.00686,0.28819
5859.14962,0.28827
5855.29238,0.28791
5851.43514,0.28729
5847.57790,0.28658
5843.72065,0.28599
5839.86341,0.28564
5836.00617,0.28546
5832.14893,0.28541
5828.29169,0.28550
5824.43445,0.28565
5820.57721,0.28583
5816.71997,0.28613
5812.86272,0.28647
5809.00548,0.28664
5805.14824,0.28663
5801.29100,0.28652
5797.43376,0.28635
5793.57652,0.28612
5789.71928,0.28593
5785.86203,0.28582
5782.00479,0.28569
5778.14755,0.28541
5774.29031,0.28493
5770.43307,0.28431
5766.57583,0.28359
5762.71859,0.28269
5758.86134,0.28157
5755.00410,0.28026
5751.14686,0.27880
5747.28962,0.27720
5743.43238,0.27561
5739.57514,0.27420
5735.71790,0.27299
5731.86066,0.27191
5728.00341,0.27106
5724.14617,0.27058
5720.28893,0.27047
5716.43169,0.27060
5712.57445,0.27081
5708.71721,0.27094
5704.85997,0.27094
5701.00272,0.27086
5697.14548,0.27068
5693.28824,0.27044
5689.43100,0.27020
5685.57376,0.27000
5681.71652,0.26990
5677.85928,0.26993
5674.00203,0.27010
5670.14479,0.27042
5666.28755,0.27088
5662.43031,0.27142
5658.57307,0.27190
5654.71583,0.27213
5650.85859,0.27204
5647.00135,0.27165
5643.14410,0.27101
5639.28686,0.27023
5635.42962,0.26946
5631.57238,0.26875
5627.71514,0.26810
5623.85790,0.26756
5620.00066,0.26711
5616.14341,0.26676
5612.28617,0.26658
5608.42893,0.26657
5604.57169,0.26664
5600.71445,0.26680
5596.85721,0.26704
5592.99997,0.26739
5589.14273,0.26784
5585.28548,0.26827
5581.42824,0.26869
5577.57100,0.26914
5573.71376,0.26959
5569.85652,0.26996
5565.99928,0.27021
5562.14204,0.27031
5558.28479,0.27028
5554.42755,0.27018
5550.57031,0.27005
5546.71307,0.26993
5542.85583,0.26988
5538.99859,0.26987
5535.14135,0.26988
5531.28410,0.26989
5527.42686,0.26982
5523.56962,0.26964
5519.71238,0.26941
5515.85514,0.26916
5511.99790,0.26893
5508.14066,0.26877
5504.28342,0.26875
5500.42617,0.26892
5496.56893,0.26930
5492.71169,0.26984
5488.85445,0.27044
5484.99721,0.27090
5481.13997,0.27111
5477.28273,0.27101
5473.42548,0.27061
5469.56824,0.27002
5465.71100,0.26935
5461.85376,0.26856
5457.99652,0.26760
5454.13928,0.26651
5450.28204,0.26529
5446.42479,0.26387
5442.56755,0.26236
5438.71031,0.26095
5434.85307,0.25964
5430.99583,0.25834
5427.13859,0.25716
5423.28135,0.25622
5419.42411,0.25546
5415.56686,0.25484
5411.70962,0.25438
5407.85238,0.25406
5403.99514,0.25379
5400.13790,0.25346
5396.28066,0.25314
5392.42342,0.25294
5388.56617,0.25288
5384.70893,0.25287
5380.85169,0.25284
5376.99445,0.25287
5373.13721,0.25298
5369.27997,0.25319
5365.42273,0.25355
5361.56549,0.25405
5357.70824,0.25459
5353.85100,0.25506
5349.99376,0.25542
5346.13652,0.25576
5342.27928,0.25614
5338.42204,0.25647
5334.56480,0.25677
5330.70755,0.25723
5326.85031,0.25795
5322.99307,0.25895
5319.13583,0.26015
5315.27859,0.26158
5311.42135,0.26331
5307.56411,0.26538
5303.70686,0.26771
5299.84962,0.27027
5295.99238,0.27309
5292.13514,0.27630
5288.27790,0.28000
5284.42066,0.28413
5280.56342,0.28870
5276.70618,0.29370
5272.84893,0.29892
5268.99169,0.30429
5265.13445,0.30983
5261.27721,0.31528
5257.41997,0.32028
5253.56273,0.32490
5249.70549,0.32921
5245.84824,0.33324
5241.99100,0.33684
5238.13376,0.33993
5234.27652,0.34275
5230.41928,0.34538
5226.56204,0.34782
5222.70480,0.35003
5218.84755,0.35191
5214.99031,0.35348
5211.13307,0.35482
5207.27583,0.35609
5203.41859,0.35720
5199.56135,0.35813
5195.70411,0.35890
5191.84687,0.35953
5187.98962,0.36008
5184.13238,0.36061
5180.27514,0.36092
5176.41790,0.36090
5172.56066,0.36071
5168.70342,0.36047
5164.84618,0.36024
5160.98893,0.35999
5157.13169,0.35969
5153.27445,0.35935
5149.41721,0.35897
5145.55997,0.35855
5141.70273,0.35803
5137.84549,0.35745
5133.98825,0.35689
5130.13100,0.35639
5126.27376,0.35587
5122.41652,0.35515
5118.55928,0.35394
5114.70204,0.35210
5110.84480,0.34973
5106.98756,0.34705
5103.13031,0.34430
5099.27307,0.34163
5095.41583,0.33908
5091.55859,0.33668
5087.70135,0.33449
5083.84411,0.33252
5079.98687,0.33069
5076.12962,0.32892
5072.27238,0.32725
5068.41514,0.32570
5064.55790,0.32424
5060.70066,0.32285
5056.84342,0.32149
5052.98618,0.32016
5049.12894,0.31895
5045.27169,0.31785
5041.41445,0.31683
5037.55721,0.31592
5033.69997,0.31511
5029.84273,0.31436
5025.98549,0.31359
5022.12825,0.31282
5018.27100,0.31214
5014.41376,0.31160
5010.55652,0.31111
5006.69928,0.31059
5002.84204,0.31005
4998.98480,0.30953
4995.12756,0.30909
4991.27031,0.30882
4987.41307,0.30873
4983.55583,0.30880
4979.69859,0.30900
4975.84135,0.30937
4971.98411,0.31000
4968.12687,0.31094
4964.26963,0.31214
4960.41238,0.31353
4956.55514,0.31514
4952.69790,0.31698
4948.84066,0.31897
4944.98342,0.32109
4941.12618,0.32338
4937.26894,0.32581
4933.41169,0.32837
4929.55445,0.33103
4925.69721,0.33381
4921.83997,0.33676
4917.98273,0.33992
4914.12549,0.34323
4910.26825,0.34663
4906.41101,0.35015
4902.55376,0.35382
4898.69652,0.35763
4894.83928,0.36159
4890.98204,0.36568
4887.12480,0.36984
4883.26756,0.37404
4879.41032,0.37819
4875.55307,0.38223
4871.69583,0.38617
4867.83859,0.39001
4863.98135,0.39371
4860.12411,0.39725
4856.26687,0.40068
4852.40963,0.40414
4848.55238,0.40778
4844.69514,0.41167
4840.83790,0.41582
4836.98066,0.42015
4833.12342,0.42455
4829.26618,0.42892
4825.40894,0.43317
4821.55170,0.43718
4817.69445,0.44091
4813.83721,0.44442
4809.97997,0.44773
4806.12273,0.45070
4802.26549,0.45325
4798.40825,0.45544
4794.55101,0.45729
4790.69376,0.45876
4786.83652,0.45980
4782.97928,0.46056
4779.12204,0.46120
4775.26480,0.46184
4771.40756,0.46256
4767.55032,0.46359
4763.69307,0.46503
4759.83583,0.46676
4755.97859,0.46860
4752.12135,0.47049
4748.26411,0.47235
4744.40687,0.47401
4740.54963,0.47546
4736.69239,0.47699
4732.83514,0.47898
4728.97790,0.48156
4725.12066,0.48432
4721.26342,0.48639
4717.40618,0.48716
4713.54894,0.48703
4709.69170,0.48712
4705.83445,0.48845
4701.97721,0.49145
4698.11997,0.49544
4694.26273,0.49872
4690.40549,0.49945
4686.54825,0.49674
4682.69101,0.49088
4678.83377,0.48306
4674.97652,0.47493
4671.11928,0.46798
4667.26204,0.46285
4663.40480,0.45939
4659.54756,0.45720
4655.69032,0.45615
4651.83308,0.45653
4647.97583,0.45868
4644.11859,0.46231
4640.26135,0.46612
4636.40411,0.46803
4632.54687,0.46630
4628.68963,0.46051
4624.83239,0.45192
4620.97514,0.44279
4617.11790,0.43502
4613.26066,0.42927
4609.40342,0.42550
4605.54618,0.42364
4601.68894,0.42366
4597.83170,0.42519
4593.97446,0.42722
4590.11721,0.42883
4586.25997,0.42993
4582.40273,0.43035
4578.54549,0.42884
4574.68825,0.42423
4570.83101,0.41712
4566.97377,0.40957
4563.11652,0.40343
4559.25928,0.39933
4555.40204,0.39688
4551.54480,0.39543
4547.68756,0.39438
4543.83032,0.39336
4539.97308,0.39245
4536.11583,0.39183
4532.25859,0.39157
4528.40135,0.39174
4524.54411,0.39242
4520.68687,0.39359
4516.82963,0.39532
4512.97239,0.39783
4509.11515,0.40136
4505.25790,0.40616
4501.40066,0.41250
4497.54342,0.42014
4493.68618,0.42808
4489.82894,0.43502
4485.97170,0.44044
4482.11446,0.44503
4478.25721,0.45018
4474.39997,0.45718
4470.54273,0.46682
4466.68549,0.47892
4462.82825,0.49177
4458.97101,0.50250
4455.11377,0.50944
4451.25653,0.51388
4447.39928,0.51823
4443.54204,0.52359
4439.68480,0.52933
4435.82756,0.53415
4431.97032,0.53680
4428.11308,0.53677
4424.25584,0.53477
4420.39859,0.53258
4416.54135,0.53189
4412.68411,0.53331
4408.82687,0.53609
4404.96963,0.53847
4401.11239,0.53888
4397.25515,0.53693
4393.39790,0.53324
4389.54066,0.52877
4385.68342,0.52436
4381.82618,0.52063
4377.96894,0.51778
4374.11170,0.51584
4370.25446,0.51501
4366.39722,0.51540
4362.53997,0.51664
4358.68273,0.51811
4354.82549,0.51967
4350.96825,0.52153
4347.11101,0.52391
4343.25377,0.52677
4339.39653,0.52967
4335.53928,0.53238
4331.68204,0.53500
4327.82480,0.53762
4323.96756,0.54033
4320.11032,0.54327
4316.25308,0.54659
4312.39584,0.55050
4308.53859,0.55521
4304.68135,0.56049
4300.82411,0.56568
4296.96687,0.57012
4293.10963,0.57346
4289.25239,0.57556
4285.39515,0.57653
4281.53791,0.57676
4277.68066,0.57652
4273.82342,0.57571
4269.96618,0.57418
4266.10894,0.57210
4262.25170,0.57007
4258.39446,0.56866
4254.53722,0.56811
4250.67997,0.56821
4246.82273,0.56826
4242.96549,0.56758
4239.10825,0.56608
4235.25101,0.56435
4231.39377,0.56297
4227.53653,0.56187
4223.67929,0.56052
4219.82204,0.55852
4215.96480,0.55596
4212.10756,0.55328
4208.25032,0.55083
4204.39308,0.54858
4200.53584,0.54666
4196.67860,0.54563
4192.82135,0.54604
4188.96411,0.54804
4185.10687,0.55140
4181.24963,0.55497
4177.39239,0.55666
4173.53515,0.55494
4169.67791,0.55026
4165.82066,0.54455
4161.96342,0.53977
4158.10618,0.53681
4154.24894,0.53562
4150.39170,0.53601
4146.53446,0.53787
4142.67722,0.54091
4138.81998,0.54466
4134.96273,0.54850
4131.10549,0.55184
4127.24825,0.55468
4123.39101,0.55763
4119.53377,0.56150
4115.67653,0.56689
4111.81929,0.57394
4107.96204,0.58271
4104.10480,0.59370
4100.24756,0.60768
4096.39032,0.62376
4092.53308,0.63754
4088.67584,0.64391
4084.81860,0.64199
4080.96135,0.63487
4077.10411,0.62624
4073.24687,0.61916
4069.38963,0.61529
4065.53239,0.61443
4061.67515,0.61557
4057.81791,0.61803
4053.96067,0.62142
4050.10342,0.62528
4046.24618,0.62902
4042.38894,0.63215
4038.53170,0.63443
4034.67446,0.63598
4030.81722,0.63708
4026.95998,0.63788
4023.10273,0.63829
4019.24549,0.63822
4015.38825,0.63748
4011.53101,0.63593
4007.67377,0.63378
4003.81653,0.63129
3999.95929,0.62851
3996.10205,0.62543
3992.24480,0.62222
3988.38756,0.61929
3984.53032,0.61685
3980.67308,0.61482
3976.81584,0.61300
3972.95860,0.61116
3969.10136,0.60895
3965.24411,0.60625
3961.38687,0.60318
3957.52963,0.60011
3953.67239,0.59716
3949.81515,0.59414
3945.95791,0.59107
3942.10067,0.58802
3938.24342,0.58516
3934.38618,0.58252
3930.52894,0.58002
3926.67170,0.57768
3922.81446,0.57545
3918.95722,0.57326
3915.09998,0.57109
3911.24274,0.56889
3907.38549,0.56621
3903.52825,0.56249
3899.67101,0.55850
3895.81377,0.55537
3891.95653,0.55262
3888.09929,0.55004
3884.24205,0.54781
3880.38480,0.54602
3876.52756,0.54441
3872.67032,0.54214
3868.81308,0.53870
3864.95584,0.53500
3861.09860,0.53196
3857.24136,0.52912
3853.38411,0.52553
3849.52687,0.52268
3845.66963,0.52106
3841.81239,0.51941
3837.95515,0.51783
3834.09791,0.51704
3830.24067,0.51665
3826.38343,0.51638
3822.52618,0.51687
3818.66894,0.51915
3814.81170,0.52212
3810.95446,0.52412
3807.09722,0.52490
3803.23998,0.52426
3799.38274,0.52252
3795.52549,0.52094
3791.66825,0.51987
3787.81101,0.51932
3783.95377,0.51960
3780.09653,0.52077
3776.23929,0.52242
3772.38205,0.52429
3768.52481,0.52679
3764.66756,0.52980
3760.81032,0.53234
3756.95308,0.53347
3753.09584,0.53261
3749.23860,0.53057
3745.38136,0.52988
3741.52412,0.53113
3737.66687,0.53410
3733.80963,0.53877
3729.95239,0.54238
3726.09515,0.54417
3722.23791,0.54603
3718.38067,0.54886
3714.52343,0.55310
3710.66618,0.56036
3706.80894,0.56981
3702.95170,0.58007
3699.09446,0.59181
3695.23722,0.60439
3691.37998,0.62103
3687.52274,0.64267
3683.66550,0.65842
3679.80825,0.66868
3675.95101,0.68141
3672.09377,0.70087
3668.23653,0.72181
3664.37929,0.74001
3660.52205,0.75748
3656.66481,0.77642
3652.80756,0.79744
3648.95032,0.82267
3645.09308,0.84689
3641.23584,0.86427
3637.37860,0.88019
3633.52136,0.89589
3629.66412,0.91280
3625.80687,0.93182
3621.94963,0.94704
3618.09239,0.96349
3614.23515,0.98304
3610.37791,0.99794
3606.52067,1.00729
3602.66343,1.01916
3598.80619,1.03989
