12493.60475,0.16475
12489.74751,0.16210
12485.89027,0.16276
12482.03303,0.16396
12478.17579,0.16334
12474.31855,0.16240
12470.46130,0.16258
12466.60406,0.16263
12462.74682,0.16298
12458.88958,0.16630
12455.03234,0.17132
12451.17510,0.17310
12447.31786,0.17113
12443.46062,0.16902
12439.60337,0.16743
12435.74613,0.16526
12431.88889,0.16347
12428.03165,0.16427
12424.17441,0.16824
12420.31717,0.17290
12416.45993,0.17548
12412.60268,0.17558
12408.74544,0.17273
12404.88820,0.16730
12401.03096,0.16453
12397.17372,0.16588
12393.31648,0.16585
12389.45924,0.16532
12385.60199,0.16822
12381.74475,0.17141
12377.88751,0.17167
12374.03027,0.16986
12370.17303,0.16811
12366.31579,0.16802
12362.45855,0.16820
12358.60131,0.16788
12354.74406,0.16846
12350.88682,0.16934
12347.02958,0.16940
12343.17234,0.16844
12339.31510,0.16641
12335.45786,0.16555
12331.60062,0.16764
12327.74337,0.17051
12323.88613,0.17195
12320.02889,0.17210
12316.17165,0.17114
12312.31441,0.16913
12308.45717,0.16776
12304.59993,0.16863
12300.74268,0.17006
12296.88544,0.16969
12293.02820,0.16825
12289.17096,0.16735
12285.31372,0.16769
12281.45648,0.16969
12277.59924,0.17190
12273.74200,0.17144
12269.88475,0.16811
12266.02751,0.16460
12262.17027,0.16334
12258.31303,0.16480
12254.45579,0.16679
12250.59855,0.16699
12246.74131,0.16580
12242.88406,0.16474
12239.02682,0.16415
12235.16958,0.16397
12231.31234,0.16443
12227.45510,0.16481
12223.59786,0.16445
12219.74062,0.16389
12215.88338,0.16384
12212.02613,0.16474
12208.16889,0.16596
12204.31165,0.16595
12200.45441,0.16505
12196.59717,0.16423
12192.73993,0.16316
12188.88269,0.16401
12185.02544,0.16785
12181.16820,0.16942
12177.31096,0.16733
12173.45372,0.16582
12169.59648,0.16506
12165.73924,0.16429
12161.88200,0.16475
12158.02475,0.16539
12154.16751,0.16498
12150.31027,0.16513
12146.45303,0.16677
12142.59579,0.16802
12138.73855,0.16774
12134.88131,0.16648
12131.02407,0.16516
12127.16682,0.16498
12123.30958,0.16579
12119.45234,0.16636
12115.59510,0.16592
12111.73786,0.16493
12107.88062,0.16515
12104.02338,0.16755
12100.16613,0.17021
12096.30889,0.17034
12092.45165,0.16821
12088.59441,0.16714
12084.73717,0.16826
12080.87993,0.16838
12077.02269,0.16729
12073.16544,0.16773
12069.30820,0.16775
12065.45096,0.16521
12061.59372,0.16273
12057.73648,0.16280
12053.87924,0.16456
12050.02200,0.16595
12046.16476,0.16693
12042.30751,0.16774
12038.45027,0.16784
12034.59303,0.16794
12030.73579,0.16923
12026.87855,0.17150
12023.02131,0.17268
12019.16407,0.17260
12015.30682,0.17377
12011.44958,0.17585
12007.59234,0.17574
12003.73510,0.17274
11999.87786,0.16949
11996.02062,0.16829
11992.16338,0.16885
11988.30614,0.16977
11984.44889,0.17009
11980.59165,0.17029
11976.73441,0.17158
11972.87717,0.17278
11969.01993,0.17191
11965.16269,0.16972
11961.30545,0.16828
11957.44820,0.16866
11953.59096,0.16917
11949.73372,0.16767
11945.87648,0.16680
11942.01924,0.16910
11938.16200,0.17151
11934.30476,0.17125
11930.44751,0.16923
11926.59027,0.16805
11922.73303,0.16924
11918.87579,0.17109
11915.01855,0.17158
11911.16131,0.17098
11907.30407,0.17024
11903.44683,0.16958
11899.58958,0.16957
11895.73234,0.17137
11891.87510,0.17421
11888.01786,0.17535
11884.16062,0.17407
11880.30338,0.17288
11876.44614,0.17396
11872.58889,0.17611
11868.73165,0.17720
11864.87441,0.17687
11861.01717,0.17615
11857.15993,0.17543
11853.30269,0.17462
11849.44545,0.17455
11845.58820,0.17598
11841.73096,0.17868
11837.87372,0.18079
11834.01648,0.18057
11830.15924,0.17914
11826.30200,0.17793
11822.44476,0.17692
11818.58752,0.17678
11814.73027,0.17798
11810.87303,0.17897
11807.01579,0.17815
11803.15855,0.17699
11799.30131,0.17815
11795.44407,0.18099
11791.58683,0.18291
11787.72958,0.18264
11783.87234,0.17995
11780.01510,0.17674
11776.15786,0.17604
11772.30062,0.17680
11768.44338,0.17684
11764.58614,0.17741
11760.72890,0.17873
11756.87165,0.17935
11753.01441,0.17981
11749.15717,0.18021
11745.29993,0.17954
11741.44269,0.17867
11737.58545,0.17804
11733.72821,0.17698
11729.87096,0.17616
11726.01372,0.17661
11722.15648,0.17799
11718.29924,0.17895
11714.44200,0.17929
11710.58476,0.17934
11706.72752,0.17812
11702.87027,0.17641
11699.01303,0.17691
11695.15579,0.17934
11691.29855,0.18118
11687.44131,0.18183
11683.58407,0.18154
11679.72683,0.17960
11675.86959,0.17683
11672.01234,0.17570
11668.15510,0.17661
11664.29786,0.17672
11660.44062,0.17475
11656.58338,0.17339
11652.72614,0.17356
11648.86890,0.17329
11645.01165,0.17233
11641.15441,0.17207
11637.29717,0.17325
11633.43993,0.17520
11629.58269,0.17622
11625.72545,0.17619
11621.86821,0.17646
11618.01096,0.17621
11614.15372,0.17455
11610.29648,0.17378
11606.43924,0.17524
11602.58200,0.17702
11598.72476,0.17768
11594.86752,0.17724
11591.01028,0.17602
11587.15303,0.17487
11583.29579,0.17391
11579.43855,0.17242
11575.58131,0.17151
11571.72407,0.17327
11567.86683,0.17632
11564.00959,0.17687
11560.15234,0.17520
11556.29510,0.17454
11552.43786,0.17441
11548.58062,0.17260
11544.72338,0.17088
11540.86614,0.17231
11537.00890,0.17548
11533.15166,0.17673
11529.29441,0.17495
11525.43717,0.17251
11521.57993,0.17240
11517.72269,0.17429
11513.86545,0.17558
11510.00821,0.17572
11506.15097,0.17647
11502.29372,0.17797
11498.43648,0.17767
11494.57924,0.17541
11490.72200,0.17404
11486.86476,0.17443
11483.00752,0.17461
11479.15028,0.17333
11475.29303,0.17215
11471.43579,0.17256
11467.57855,0.17350
11463.72131,0.17329
11459.86407,0.17159
11456.00683,0.17030
11452.14959,0.17108
11448.29235,0.17181
11444.43510,0.17052
11440.57786,0.16939
11436.72062,0.17002
11432.86338,0.17104
11429.00614,0.17158
11425.14890,0.17101
11421.29166,0.16938
11417.43441,0.16906
11413.57717,0.17088
11409.71993,0.17271
11405.86269,0.17276
11402.00545,0.17094
11398.14821,0.16854
11394.29097,0.16768
11390.43372,0.16865
11386.57648,0.16946
11382.71924,0.16976
11378.86200,0.17000
11375.00476,0.16959
11371.14752,0.16966
11367.29028,0.17072
11363.43304,0.17165
11359.57579,0.17244
11355.71855,0.17246
11351.86131,0.17122
11348.00407,0.17043
11344.14683,0.17060
11340.28959,0.17069
11336.43235,0.17068
11332.57510,0.17016
11328.71786,0.16891
11324.86062,0.16837
11321.00338,0.16884
11317.14614,0.16865
11313.28890,0.16718
11309.43166,0.16624
11305.57442,0.16652
11301.71717,0.16672
11297.85993,0.16670
11294.00269,0.16699
11290.14545,0.16769
11286.28821,0.16907
11282.43097,0.17008
11278.57373,0.17026
11274.71648,0.17152
11270.85924,0.17279
11267.00200,0.17177
11263.14476,0.17093
11259.28752,0.17134
11255.43028,0.17058
11251.57304,0.16924
11247.71579,0.16868
11243.85855,0.16796
11240.00131,0.16717
11236.14407,0.16717
11232.28683,0.16725
11228.42959,0.16694
11224.57235,0.16696
11220.71511,0.16766
11216.85786,0.16874
11213.00062,0.16991
11209.14338,0.17053
11205.28614,0.17000
11201.42890,0.16932
11197.57166,0.16960
11193.71442,0.16975
11189.85717,0.16889
11185.99993,0.16795
11182.14269,0.16783
11178.28545,0.16822
11174.42821,0.16822
11170.57097,0.16831
11166.71373,0.16949
11162.85648,0.17036
11158.99924,0.17025
11155.14200,0.17059
11151.28476,0.17104
11147.42752,0.17037
11143.57028,0.16904
11139.71304,0.16832
11135.85580,0.16850
11131.99855,0.16860
11128.14131,0.16865
11124.28407,0.16975
11120.42683,0.17086
11116.56959,0.17021
11112.71235,0.16937
11108.85511,0.16990
11104.99786,0.17032
11101.14062,0.17000
11097.28338,0.17002
11093.42614,0.17044
11089.56890,0.17096
11085.71166,0.17141
11081.85442,0.17130
11077.99718,0.17077
11074.13993,0.17017
11070.28269,0.16975
11066.42545,0.16999
11062.56821,0.17046
11058.71097,0.17007
11054.85373,0.16900
11050.99649,0.16875
11047.13924,0.16971
11043.28200,0.17050
11039.42476,0.17070
11035.56752,0.17068
11031.71028,0.17020
11027.85304,0.16961
11023.99580,0.16939
11020.13855,0.16981
11016.28131,0.17079
11012.42407,0.17114
11008.56683,0.17073
11004.70959,0.17067
11000.85235,0.17082
10996.99511,0.17036
10993.13787,0.16913
10989.28062,0.16802
10985.42338,0.16813
10981.56614,0.16921
10977.70890,0.16983
10973.85166,0.16947
10969.99442,0.16887
10966.13718,0.16858
10962.27993,0.16863
10958.42269,0.16864
10954.56545,0.16820
10950.70821,0.16763
10946.85097,0.16738
10942.99373,0.16762
10939.13649,0.16817
10935.27924,0.16838
10931.42200,0.16803
10927.56476,0.16773
10923.70752,0.16802
10919.85028,0.16855
10915.99304,0.16853
10912.13580,0.16828
10908.27856,0.16856
10904.42131,0.16874
10900.56407,0.16786
10896.70683,0.16721
10892.84959,0.16818
10888.99235,0.16927
10885.13511,0.16881
10881.27787,0.16749
10877.42062,0.16661
10873.56338,0.16643
10869.70614,0.16645
10865.84890,0.16642
10861.99166,0.16649
10858.13442,0.16673
10854.27718,0.16682
10850.41993,0.16654
10846.56269,0.16622
10842.70545,0.16589
10838.84821,0.16555
10834.99097,0.16561
10831.13373,0.16610
10827.27649,0.16631
10823.41925,0.16575
10819.56200,0.16472
10815.70476,0.16395
10811.84752,0.16379
10807.99028,0.16373
10804.13304,0.16384
10800.27580,0.16465
10796.41856,0.16538
10792.56131,0.16535
10788.70407,0.16529
10784.84683,0.16561
10780.98959,0.16594
10777.13235,0.16580
10773.27511,0.16513
10769.41787,0.16473
10765.56063,0.16501
10761.70338,0.16533
10757.84614,0.16538
10753.98890,0.16537
10750.13166,0.16565
10746.27442,0.16621
10742.41718,0.16663
10738.55994,0.16666
10734.70269,0.16632
10730.84545,0.16588
10726.98821,0.16566
10723.13097,0.16567
10719.27373,0.16550
10715.41649,0.16504
10711.55925,0.16476
10707.70200,0.16486
10703.84476,0.16514
10699.98752,0.16517
10696.13028,0.16495
10692.27304,0.16533
10688.41580,0.16591
10684.55856,0.16564
10680.70132,0.16549
10676.84407,0.16610
10672.98683,0.16637
10669.12959,0.16611
10665.27235,0.16627
10661.41511,0.16656
10657.55787,0.16601
10653.70063,0.16475
10649.84338,0.16388
10645.98614,0.16392
10642.12890,0.16428
10638.27166,0.16455
10634.41442,0.16482
10630.55718,0.16485
10626.69994,0.16465
10622.84269,0.16499
10618.98545,0.16553
10615.12821,0.16524
10611.27097,0.16452
10607.41373,0.16398
10603.55649,0.16351
10599.69925,0.16301
10595.84201,0.16260
10591.98476,0.16293
10588.12752,0.16396
10584.27028,0.16459
10580.41304,0.16451
10576.55580,0.16418
10572.69856,0.16380
10568.84132,0.16344
10564.98407,0.16307
10561.12683,0.16274
10557.26959,0.16240
10553.41235,0.16191
10549.55511,0.16182
10545.69787,0.16248
10541.84063,0.16286
10537.98339,0.16273
10534.12614,0.16302
10530.26890,0.16372
10526.41166,0.16378
10522.55442,0.16245
10518.69718,0.16062
10514.83994,0.16013
10510.98270,0.16098
10507.12545,0.16141
10503.26821,0.16121
10499.41097,0.16140
10495.55373,0.16193
10491.69649,0.16225
10487.83925,0.16207
10483.98201,0.16148
10480.12476,0.16075
10476.26752,0.15973
10472.41028,0.15885
10468.55304,0.15901
10464.69580,0.15959
10460.83856,0.15961
10456.98132,0.15974
10453.12408,0.16069
10449.26683,0.16139
10445.40959,0.16101
10441.55235,0.16051
10437.69511,0.16056
10433.83787,0.16055
10429.98063,0.16045
10426.12339,0.16052
10422.26614,0.16048
10418.40890,0.16044
10414.55166,0.16083
10410.69442,0.16123
10406.83718,0.16085
10402.97994,0.16022
10399.12270,0.16037
10395.26545,0.16089
10391.40821,0.16084
10387.55097,0.16017
10383.69373,0.15945
10379.83649,0.15923
10375.97925,0.15962
10372.12201,0.16034
10368.26477,0.16081
10364.40752,0.16078
10360.55028,0.16063
10356.69304,0.16075
10352.83580,0.16094
10348.97856,0.16073
10345.12132,0.16044
10341.26408,0.16039
10337.40683,0.16045
10333.54959,0.16084
10329.69235,0.16151
10325.83511,0.16184
10321.97787,0.16191
10318.12063,0.16191
10314.26339,0.16180
10310.40615,0.16187
10306.54890,0.16216
10302.69166,0.16218
10298.83442,0.16182
10294.97718,0.16143
10291.11994,0.16122
10287.26270,0.16121
10283.40546,0.16171
10279.54821,0.16259
10275.69097,0.16309
10271.83373,0.16306
10267.97649,0.16291
10264.11925,0.16290
10260.26201,0.16289
10256.40477,0.16266
10252.54752,0.16244
10248.69028,0.16259
10244.83304,0.16306
10240.97580,0.16339
10237.11856,0.16332
10233.26132,0.16318
10229.40408,0.16302
10225.54684,0.16276
10221.68959,0.16277
10217.83235,0.16309
10213.97511,0.16327
10210.11787,0.16338
10206.26063,0.16344
10202.40339,0.16297
10198.54615,0.16238
10194.68890,0.16262
10190.83166,0.16336
10186.97442,0.16370
10183.11718,0.16368
10179.25994,0.16364
10175.40270,0.16339
10171.54546,0.16318
10167.68821,0.16333
10163.83097,0.16380
10159.97373,0.16444
10156.11649,0.16476
10152.25925,0.16470
10148.40201,0.16458
10144.54477,0.16414
10140.68753,0.16339
10136.83028,0.16296
10132.97304,0.16331
10129.11580,0.16396
10125.25856,0.16425
10121.40132,0.16429
10117.54408,0.16432
10113.68684,0.16423
10109.82959,0.16406
10105.97235,0.16406
10102.11511,0.16415
10098.25787,0.16393
10094.40063,0.16362
10090.54339,0.16371
10086.68615,0.16401
10082.82891,0.16428
10078.97166,0.16465
10075.11442,0.16497
10071.25718,0.16483
10067.39994,0.16430
10063.54270,0.16396
10059.68546,0.16407
10055.82822,0.16437
10051.97097,0.16449
10048.11373,0.16444
10044.25649,0.16452
10040.39925,0.16448
10036.54201,0.16410
10032.68477,0.16386
10028.82753,0.16417
10024.97028,0.16466
10021.11304,0.16486
10017.25580,0.16484
10013.39856,0.16506
10009.54132,0.16547
10005.68408,0.16543
10001.82684,0.16498
9997.96960,0.16485
9994.11235,0.16540
9990.25511,0.16588
9986.39787,0.16548
9982.54063,0.16459
9978.68339,0.16435
9974.82615,0.16491
9970.96891,0.16540
9967.11166,0.16538
9963.25442,0.16509
9959.39718,0.16494
9955.53994,0.16497
9951.68270,0.16490
9947.82546,0.16496
9943.96822,0.16541
9940.11097,0.16572
9936.25373,0.16578
9932.39649,0.16589
9928.53925,0.16572
9924.68201,0.16504
9920.82477,0.16434
9916.96753,0.16432
9913.11029,0.16491
9909.25304,0.16542
9905.39580,0.16551
9901.53856,0.16546
9897.68132,0.16565
9893.82408,0.16583
9889.96684,0.16547
9886.10960,0.16483
9882.25235,0.16456
9878.39511,0.16479
9874.53787,0.16501
9870.68063,0.16480
9866.82339,0.16438
9862.96615,0.16425
9859.10891,0.16445
9855.25167,0.16476
9851.39442,0.16508
9847.53718,0.16510
9843.67994,0.16487
9839.82270,0.16480
9835.96546,0.16490
9832.10822,0.16502
9828.25098,0.16517
9824.39373,0.16532
9820.53649,0.16544
9816.67925,0.16561
9812.82201,0.16570
9808.96477,0.16544
9805.10753,0.16505
9801.25029,0.16464
9797.39304,0.16416
9793.53580,0.16395
9789.67856,0.16427
9785.82132,0.16486
9781.96408,0.16525
9778.10684,0.16536
9774.24960,0.16541
9770.39236,0.16537
9766.53511,0.16515
9762.67787,0.16483
9758.82063,0.16441
9754.96339,0.16415
9751.10615,0.16441
9747.24891,0.16496
9743.39167,0.16521
9739.53442,0.16474
9735.67718,0.16391
9731.81994,0.16371
9727.96270,0.16400
9724.10546,0.16374
9720.24822,0.16310
9716.39098,0.16300
9712.53373,0.16344
9708.67649,0.16365
9704.81925,0.16360
9700.96201,0.16377
9697.10477,0.16393
9693.24753,0.16366
9689.39029,0.16338
9685.53305,0.16335
9681.67580,0.16337
9677.81856,0.16338
9673.96132,0.16345
9670.10408,0.16348
9666.24684,0.16321
9662.38960,0.16278
9658.53236,0.16281
9654.67511,0.16322
9650.81787,0.16332
9646.96063,0.16303
9643.10339,0.16282
9639.24615,0.16294
9635.38891,0.16322
9631.53167,0.16338
9627.67443,0.16333
9623.81718,0.16303
9619.95994,0.16246
9616.10270,0.16200
9612.24546,0.16209
9608.38822,0.16251
9604.53098,0.16264
9600.67374,0.16237
9596.81649,0.16224
9592.95925,0.16260
9589.10201,0.16306
9585.24477,0.16298
9581.38753,0.16247
9577.53029,0.16201
9573.67305,0.16154
9569.81580,0.16122
9565.95856,0.16136
9562.10132,0.16154
9558.24408,0.16153
9554.38684,0.16156
9550.52960,0.16150
9546.67236,0.16148
9542.81512,0.16181
9538.95787,0.16224
9535.10063,0.16250
9531.24339,0.16270
9527.38615,0.16274
9523.52891,0.16240
9519.67167,0.16199
9515.81443,0.16184
9511.95718,0.16164
9508.09994,0.16143
9504.24270,0.16164
9500.38546,0.16200
9496.52822,0.16207
9492.67098,0.16203
9488.81374,0.16196
9484.95649,0.16162
9481.09925,0.16113
9477.24201,0.16088
9473.38477,0.16106
9469.52753,0.16149
9465.67029,0.16182
9461.81305,0.16182
9457.95581,0.16154
9454.09856,0.16124
9450.24132,0.16106
9446.38408,0.16086
9442.52684,0.16046
9438.66960,0.16017
9434.81236,0.16036
9430.95512,0.16065
9427.09787,0.16068
9423.24063,0.16063
9419.38339,0.16065
9415.52615,0.16069
9411.66891,0.16070
9407.81167,0.16079
9403.95443,0.16086
9400.09719,0.16064
9396.23994,0.16029
9392.38270,0.16030
9388.52546,0.16065
9384.66822,0.16084
9380.81098,0.16065
9376.95374,0.16043
9373.09650,0.16034
9369.23925,0.16029
9365.38201,0.16039
9361.52477,0.16056
9357.66753,0.16048
9353.81029,0.16023
9349.95305,0.16020
9346.09581,0.16032
9342.23856,0.16029
9338.38132,0.16033
9334.52408,0.16050
9330.66684,0.16037
9326.80960,0.16007
9322.95236,0.15984
9319.09512,0.15970
9315.23788,0.15981
9311.38063,0.16003
9307.52339,0.16020
9303.66615,0.16034
9299.80891,0.16037
9295.95167,0.16025
9292.09443,0.16000
9288.23719,0.15978
9284.37994,0.15975
9280.52270,0.15982
9276.66546,0.15985
9272.80822,0.15977
9268.95098,0.15969
9265.09374,0.15987
9261.23650,0.16016
9257.37925,0.16021
9253.52201,0.16018
9249.66477,0.16013
9245.80753,0.15991
9241.95029,0.15968
9238.09305,0.15962
9234.23581,0.15960
9230.37857,0.15954
9226.52132,0.15958
9222.66408,0.15972
9218.80684,0.15984
9214.94960,0.15989
9211.09236,0.15971
9207.23512,0.15949
9203.37788,0.15948
9199.52063,0.15947
9195.66339,0.15938
9191.80615,0.15947
9187.94891,0.15957
9184.09167,0.15953
9180.23443,0.15964
9176.37719,0.15979
9172.51995,0.15982
9168.66270,0.15986
9164.80546,0.15989
9160.94822,0.15973
9157.09098,0.15950
9153.23374,0.15947
9149.37650,0.15956
9145.51926,0.15972
9141.66201,0.16005
9137.80477,0.16033
9133.94753,0.16040
9130.09029,0.16038
9126.23305,0.16023
9122.37581,0.15998
9118.51857,0.15981
9114.66132,0.15981
9110.80408,0.15981
9106.94684,0.15977
9103.08960,0.15981
9099.23236,0.16000
9095.37512,0.16015
9091.51788,0.16019
9087.66064,0.16023
9083.80339,0.16021
9079.94615,0.16013
9076.08891,0.16020
9072.23167,0.16030
9068.37443,0.16027
9064.51719,0.16033
9060.65995,0.16047
9056.80270,0.16047
9052.94546,0.16045
9049.08822,0.16043
9045.23098,0.16045
9041.37374,0.16060
9037.51650,0.16081
9033.65926,0.16103
9029.80201,0.16123
9025.94477,0.16137
9022.08753,0.16148
9018.23029,0.16167
9014.37305,0.16200
9010.51581,0.16228
9006.65857,0.16244
9002.80133,0.16259
8998.94408,0.16265
8995.08684,0.16276
8991.22960,0.16307
8987.37236,0.16352
8983.51512,0.16407
8979.65788,0.16463
8975.80064,0.16507
8971.94339,0.16551
8968.08615,0.16606
8964.22891,0.16649
8960.37167,0.16686
8956.51443,0.16745
8952.65719,0.16801
8948.79995,0.16838
8944.94271,0.16897
8941.08546,0.16982
8937.22822,0.17051
8933.37098,0.17106
8929.51374,0.17164
8925.65650,0.17227
8921.79926,0.17308
8917.94202,0.17420
8914.08477,0.17546
8910.22753,0.17659
8906.37029,0.17741
8902.51305,0.17815
8898.65581,0.17920
8894.79857,0.18037
8890.94133,0.18136
8887.08408,0.18229
8883.22684,0.18334
8879.36960,0.18435
8875.51236,0.18506
8871.65512,0.18551
8867.79788,0.18588
8863.94064,0.18621
8860.08340,0.18650
8856.22615,0.18663
8852.36891,0.18651
8848.51167,0.18625
8844.65443,0.18618
8840.79719,0.18613
8836.93995,0.18568
8833.08271,0.18498
8829.22546,0.18436
8825.36822,0.18370
8821.51098,0.18288
8817.65374,0.18205
8813.79650,0.18131
8809.93926,0.18052
8806.08202,0.17959
8802.22477,0.17864
8798.36753,0.17771
8794.51029,0.17666
8790.65305,0.17554
8786.79581,0.17454
8782.93857,0.17363
8779.08133,0.17281
8775.22409,0.17220
8771.36684,0.17174
8767.50960,0.17127
8763.65236,0.17074
8759.79512,0.17029
8755.93788,0.17014
8752.08064,0.17022
8748.22340,0.17024
8744.36615,0.17000
8740.50891,0.16963
8736.65167,0.16938
8732.79443,0.16933
8728.93719,0.16932
8725.07995,0.16924
8721.22271,0.16921
8717.36547,0.16939
8713.50822,0.16978
8709.65098,0.17021
8705.79374,0.17047
8701.93650,0.17063
8698.07926,0.17088
8694.22202,0.17111
8690.36478,0.17126
8686.50753,0.17144
8682.65029,0.17168
8678.79305,0.17192
8674.93581,0.17209
8671.07857,0.17212
8667.22133,0.17222
8663.36409,0.17252
8659.50684,0.17277
8655.64960,0.17284
8651.79236,0.17300
8647.93512,0.17339
8644.07788,0.17379
8640.22064,0.17404
8636.36340,0.17418
8632.50616,0.17439
8628.64891,0.17475
8624.79167,0.17515
8620.93443,0.17549
8617.07719,0.17582
8613.21995,0.17617
8609.36271,0.17653
8605.50547,0.17695
8601.64822,0.17734
8597.79098,0.17760
8593.93374,0.17786
8590.07650,0.17820
8586.21926,0.17854
8582.36202,0.17886
8578.50478,0.17916
8574.64753,0.17942
8570.79029,0.17970
8566.93305,0.18004
8563.07581,0.18039
8559.21857,0.18067
8555.36133,0.18094
8551.50409,0.18115
8547.64685,0.18128
8543.78960,0.18146
8539.93236,0.18179
8536.07512,0.18221
8532.21788,0.18256
8528.36064,0.18270
8524.50340,0.18267
8520.64616,0.18276
8516.78891,0.18310
8512.93167,0.18358
8509.07443,0.18400
8505.21719,0.18421
8501.35995,0.18430
8497.50271,0.18442
8493.64547,0.18455
8489.78822,0.18459
8485.93098,0.18448
8482.07374,0.18442
8478.21650,0.18456
8474.35926,0.18483
8470.50202,0.18503
8466.64478,0.18509
8462.78754,0.18518
8458.93029,0.18530
8455.07305,0.18533
8451.21581,0.18530
8447.35857,0.18528
8443.50133,0.18527
8439.64409,0.18518
8435.78685,0.18497
8431.92960,0.18482
8428.07236,0.18478
8424.21512,0.18479
8420.35788,0.18483
8416.50064,0.18491
8412.64340,0.18491
8408.78616,0.18484
8404.92892,0.18488
8401.07167,0.18504
8397.21443,0.18505
8393.35719,0.18480
8389.49995,0.18453
8385.64271,0.18452
8381.78547,0.18457
8377.92823,0.18438
8374.07098,0.18415
8370.21374,0.18411
8366.35650,0.18411
8362.49926,0.18413
8358.64202,0.18422
8354.78478,0.18432
8350.92754,0.18439
8347.07029,0.18444
8343.21305,0.18440
8339.35581,0.18424
8335.49857,0.18411
8331.64133,0.18409
8327.78409,0.18407
8323.92685,0.18403
8320.06961,0.18404
8316.21236,0.18412
8312.35512,0.18421
8308.49788,0.18425
8304.64064,0.18435
8300.78340,0.18447
8296.92616,0.18449
8293.06892,0.18450
8289.21167,0.18456
8285.35443,0.18462
8281.49719,0.18463
8277.63995,0.18457
8273.78271,0.18454
8269.92547,0.18454
8266.06823,0.18462
8262.21098,0.18487
8258.35374,0.18505
8254.49650,0.18496
8250.63926,0.18489
8246.78202,0.18498
8242.92478,0.18507
8239.06754,0.18510
8235.21030,0.18515
8231.35305,0.18527
8227.49581,0.18543
8223.63857,0.18546
8219.78133,0.18534
8215.92409,0.18520
8212.06685,0.18514
8208.20961,0.18515
8204.35236,0.18505
8200.49512,0.18473
8196.63788,0.18438
8192.78064,0.18428
8188.92340,0.18434
8185.06616,0.18433
8181.20892,0.18423
8177.35168,0.18412
8173.49443,0.18397
8169.63719,0.18372
8165.77995,0.18343
8161.92271,0.18327
8158.06547,0.18325
8154.20823,0.18326
8150.35099,0.18322
8146.49374,0.18315
8142.63650,0.18298
8138.77926,0.18271
8134.92202,0.18250
8131.06478,0.18240
8127.20754,0.18233
8123.35030,0.18222
8119.49305,0.18201
8115.63581,0.18176
8111.77857,0.18151
8107.92133,0.18126
8104.06409,0.18102
8100.20685,0.18079
8096.34961,0.18058
8092.49237,0.18039
8088.63512,0.18020
8084.77788,0.17997
8080.92064,0.17976
8077.06340,0.17964
8073.20616,0.17949
8069.34892,0.17925
8065.49168,0.17899
8061.63443,0.17873
8057.77719,0.17852
8053.91995,0.17847
8050.06271,0.17859
8046.20547,0.17857
8042.34823,0.17831
8038.49099,0.17803
8034.63374,0.17782
8030.77650,0.17762
8026.91926,0.17748
8023.06202,0.17748
8019.20478,0.17747
8015.34754,0.17734
8011.49030,0.17717
8007.63306,0.17707
8003.77581,0.17702
7999.91857,0.17698
7996.06133,0.17695
7992.20409,0.17694
7988.34685,0.17687
7984.48961,0.17665
7980.63237,0.17643
7976.77512,0.17636
7972.91788,0.17639
7969.06064,0.17640
7965.20340,0.17634
7961.34616,0.17624
7957.48892,0.17605
7953.63168,0.17583
7949.77444,0.17581
7945.91719,0.17598
7942.05995,0.17611
7938.20271,0.17608
7934.34547,0.17591
7930.48823,0.17564
7926.63099,0.17541
7922.77375,0.17546
7918.91650,0.17560
7915.05926,0.17559
7911.20202,0.17550
7907.34478,0.17549
7903.48754,0.17555
7899.63030,0.17563
7895.77306,0.17565
7891.91581,0.17568
7888.05857,0.17582
7884.20133,0.17589
7880.34409,0.17577
7876.48685,0.17559
7872.62961,0.17551
7868.77237,0.17558
7864.91513,0.17562
7861.05788,0.17552
7857.20064,0.17539
7853.34340,0.17535
7849.48616,0.17532
7845.62892,0.17525
7841.77168,0.17523
7837.91444,0.17517
7834.05719,0.17502
7830.19995,0.17492
7826.34271,0.17487
7822.48547,0.17466
7818.62823,0.17439
7814.77099,0.17437
7810.91375,0.17450
7807.05650,0.17447
7803.19926,0.17429
7799.34202,0.17404
7795.48478,0.17361
7791.62754,0.17325
7787.77030,0.17327
7783.91306,0.17331
7780.05582,0.17304
7776.19857,0.17279
7772.34133,0.17273
7768.48409,0.17267
7764.62685,0.17257
7760.76961,0.17259
7756.91237,0.17256
7753.05513,0.17234
7749.19788,0.17205
7745.34064,0.17184
7741.48340,0.17162
7737.62616,0.17131
7733.76892,0.17111
7729.91168,0.17109
7726.05444,0.17093
7722.19720,0.17048
7718.33995,0.16997
7714.48271,0.16978
7710.62547,0.17002
7706.76823,0.17028
7702.91099,0.17014
7699.05375,0.16978
7695.19651,0.16956
7691.33926,0.16953
7687.48202,0.16959
7683.62478,0.16969
7679.76754,0.16981
7675.91030,0.16990
7672.05306,0.16990
7668.19582,0.16976
7664.33857,0.16959
7660.48133,0.16957
7656.62409,0.16966
7652.76685,0.16973
7648.90961,0.16979
7645.05237,0.16991
7641.19513,0.17000
7637.33789,0.16999
7633.48064,0.16993
7629.62340,0.16983
7625.76616,0.16982
7621.90892,0.16990
7618.05168,0.17005
7614.19444,0.17029
7610.33720,0.17051
7606.47995,0.17061
7602.62271,0.17065
7598.76547,0.17064
7594.90823,0.17063
7591.05099,0.17067
7587.19375,0.17070
7583.33651,0.17069
7579.47926,0.17076
7575.62202,0.17094
7571.76478,0.17113
7567.90754,0.17128
7564.05030,0.17137
7560.19306,0.17148
7556.33582,0.17176
7552.47858,0.17215
7548.62133,0.17245
7544.76409,0.17270
7540.90685,0.17303
7537.04961,0.17340
7533.19237,0.17372
7529.33513,0.17386
7525.47789,0.17384
7521.62064,0.17385
7517.76340,0.17402
7513.90616,0.17426
7510.04892,0.17451
7506.19168,0.17479
7502.33444,0.17507
7498.47720,0.17532
7494.61996,0.17560
7490.76271,0.17593
7486.90547,0.17621
7483.04823,0.17647
7479.19099,0.17688
7475.33375,0.17743
7471.47651,0.17801
7467.61927,0.17848
7463.76202,0.17893
7459.90478,0.17946
7456.04754,0.18004
7452.19030,0.18068
7448.33306,0.18144
7444.47582,0.18227
7440.61858,0.18307
7436.76133,0.18386
7432.90409,0.18471
7429.04685,0.18572
7425.18961,0.18676
7421.33237,0.18765
7417.47513,0.18845
7413.61789,0.18924
7409.76065,0.19000
7405.90340,0.19082
7402.04616,0.19181
7398.18892,0.19284
7394.33168,0.19380
7390.47444,0.19478
7386.61720,0.19594
7382.75996,0.19715
7378.90271,0.19823
7375.04547,0.19927
7371.18823,0.20035
7367.33099,0.20142
7363.47375,0.20241
7359.61651,0.20335
7355.75927,0.20426
7351.90202,0.20513
7348.04478,0.20601
7344.18754,0.20692
7340.33030,0.20777
7336.47306,0.20844
7332.61582,0.20898
7328.75858,0.20953
7324.90134,0.21014
7321.04409,0.21062
7317.18685,0.21102
7313.32961,0.21142
7309.47237,0.21168
7305.61513,0.21181
7301.75789,0.21201
7297.90065,0.21232
7294.04340,0.21261
7290.18616,0.21281
7286.32892,0.21300
7282.47168,0.21322
7278.61444,0.21351
7274.75720,0.21390
7270.89996,0.21429
7267.04272,0.21460
7263.18547,0.21489
7259.32823,0.21519
7255.47099,0.21556
7251.61375,0.21590
7247.75651,0.21604
7243.89927,0.21605
7240.04203,0.21609
7236.18478,0.21623
7232.32754,0.21644
7228.47030,0.21669
7224.61306,0.21694
7220.75582,0.21716
7216.89858,0.21733
7213.04134,0.21746
7209.18409,0.21758
7205.32685,0.21770
7201.46961,0.21783
7197.61237,0.21794
7193.75513,0.21805
7189.89789,0.21823
7186.04065,0.21849
7182.18341,0.21878
7178.32616,0.21922
7174.46892,0.21976
7170.61168,0.22034
7166.75444,0.22098
7162.89720,0.22165
7159.03996,0.22226
7155.18272,0.22288
7151.32547,0.22368
7147.46823,0.22469
7143.61099,0.22580
7139.75375,0.22698
7135.89651,0.22818
7132.03927,0.22932
7128.18203,0.23038
7124.32478,0.23138
7120.46754,0.23235
7116.61030,0.23344
7112.75306,0.23464
7108.89582,0.23585
7105.03858,0.23714
7101.18134,0.23856
7097.32410,0.24012
7093.46685,0.24169
7089.60961,0.24323
7085.75237,0.24482
7081.89513,0.24652
7078.03789,0.24830
7074.18065,0.25011
7070.32341,0.25193
7066.46616,0.25377
7062.60892,0.25561
7058.75168,0.25743
7054.89444,0.25924
7051.03720,0.26108
7047.17996,0.26295
7043.32272,0.26480
7039.46548,0.26660
7035.60823,0.26831
7031.75099,0.26982
7027.89375,0.27116
7024.03651,0.27253
7020.17927,0.27398
7016.32203,0.27539
7012.46479,0.27672
7008.60754,0.27799
7004.75030,0.27920
7000.89306,0.28034
6997.03582,0.28150
6993.17858,0.28268
6989.32134,0.28376
6985.46410,0.28466
6981.60685,0.28549
6977.74961,0.28640
6973.89237,0.28733
6970.03513,0.28816
6966.17789,0.28887
6962.32065,0.28958
6958.46341,0.29038
6954.60617,0.29117
6950.74892,0.29185
6946.89168,0.29241
6943.03444,0.29295
6939.17720,0.29346
6935.31996,0.29387
6931.46272,0.29425
6927.60548,0.29476
6923.74823,0.29538
6919.89099,0.29600
6916.03375,0.29659
6912.17651,0.29716
6908.31927,0.29771
6904.46203,0.29819
6900.60479,0.29867
6896.74754,0.29918
6892.89030,0.29966
6889.03306,0.30015
6885.17582,0.30072
6881.31858,0.30135
6877.46134,0.30195
6873.60410,0.30251
6869.74686,0.30316
6865.88961,0.30390
6862.03237,0.30465
6858.17513,0.30539
6854.31789,0.30612
6850.46065,0.30686
6846.60341,0.30761
6842.74617,0.30838
6838.88892,0.30916
6835.03168,0.30995
6831.17444,0.31074
6827.31720,0.31155
6823.45996,0.31239
6819.60272,0.31332
6815.74548,0.31425
6811.88824,0.31505
6808.03099,0.31580
6804.17375,0.31672
6800.31651,0.31776
6796.45927,0.31868
6792.60203,0.31945
6788.74479,0.32024
6784.88755,0.32113
6781.03030,0.32211
6777.17306,0.32310
6773.31582,0.32400
6769.45858,0.32476
6765.60134,0.32541
6761.74410,0.32609
6757.88686,0.32675
6754.02961,0.32730
6750.17237,0.32774
6746.31513,0.32805
6742.45789,0.32829
6738.60065,0.32852
6734.74341,0.32869
6730.88617,0.32883
6727.02893,0.32909
6723.17168,0.32944
6719.31444,0.32963
6715.45720,0.32965
6711.59996,0.32970
6707.74272,0.32970
6703.88548,0.32957
6700.02824,0.32941
6696.17099,0.32935
6692.31375,0.32939
6688.45651,0.32943
6684.59927,0.32940
6680.74203,0.32923
6676.88479,0.32895
6673.02755,0.32863
6669.17030,0.32830
6665.31306,0.32797
6661.45582,0.32762
6657.59858,0.32719
6653.74134,0.32674
6649.88410,0.32633
6646.02686,0.32599
6642.16962,0.32568
6638.31237,0.32529
6634.45513,0.32476
6630.59789,0.32416
6626.74065,0.32352
6622.88341,0.32288
6619.02617,0.32229
6615.16893,0.32176
6611.31168,0.32124
6607.45444,0.32067
6603.59720,0.32007
6599.73996,0.31957
6595.88272,0.31922
6592.02548,0.31893
6588.16824,0.31862
6584.31100,0.31835
6580.45375,0.31812
6576.59651,0.31791
6572.73927,0.31776
6568.88203,0.31769
6565.02479,0.31763
6561.16755,0.31755
6557.31031,0.31751
6553.45306,0.31761
6549.59582,0.31774
6545.73858,0.31782
6541.88134,0.31791
6538.02410,0.31808
6534.16686,0.31820
6530.30962,0.31823
6526.45237,0.31833
6522.59513,0.31852
6518.73789,0.31868
6514.88065,0.31880
6511.02341,0.31898
6507.16617,0.31918
6503.30893,0.31928
6499.45169,0.31931
6495.59444,0.31933
6491.73720,0.31937
6487.87996,0.31937
6484.02272,0.31929
6480.16548,0.31918
6476.30824,0.31905
6472.45100,0.31891
6468.59375,0.31872
6464.73651,0.31855
6460.87927,0.31843
6457.02203,0.31828
6453.16479,0.31804
6449.30755,0.31777
6445.45031,0.31747
6441.59306,0.31711
6437.73582,0.31674
6433.87858,0.31638
6430.02134,0.31603
6426.16410,0.31568
6422.30686,0.31534
6418.44962,0.31502
6414.59238,0.31473
6410.73513,0.31442
6406.87789,0.31410
6403.02065,0.31380
6399.16341,0.31354
6395.30617,0.31329
6391.44893,0.31306
6387.59169,0.31289
6383.73444,0.31273
6379.87720,0.31257
6376.01996,0.31244
6372.16272,0.31231
6368.30548,0.31212
6364.44824,0.31186
6360.59100,0.31156
6356.73376,0.31130
6352.87651,0.31112
6349.01927,0.31098
6345.16203,0.31086
6341.30479,0.31079
6337.44755,0.31078
6333.59031,0.31079
6329.73307,0.31076
6325.87582,0.31067
6322.01858,0.31056
6318.16134,0.31050
6314.30410,0.31043
6310.44686,0.31027
6306.58962,0.31006
6302.73238,0.30984
6298.87513,0.30956
6295.01789,0.30919
6291.16065,0.30872
6287.30341,0.30814
6283.44617,0.30754
6279.58893,0.30693
6275.73169,0.30622
6271.87445,0.30537
6268.01720,0.30446
6264.15996,0.30361
6260.30272,0.30276
6256.44548,0.30183
6252.58824,0.30082
6248.73100,0.29982
6244.87376,0.29887
6241.01651,0.29788
6237.15927,0.29671
6233.30203,0.29551
6229.44479,0.29444
6225.58755,0.29342
6221.73031,0.29246
6217.87307,0.29171
6214.01582,0.29115
6210.15858,0.29075
6206.30134,0.29055
6202.44410,0.29047
6198.58686,0.29032
6194.72962,0.28990
6190.87238,0.28909
6187.01514,0.28786
6183.15789,0.28635
6179.30065,0.28484
6175.44341,0.28361
6171.58617,0.28275
6167.72893,0.28218
6163.87169,0.28177
6160.01445,0.28149
6156.15720,0.28138
6152.29996,0.28145
6148.44272,0.28160
6144.58548,0.28162
6140.72824,0.28134
6136.87100,0.28083
6133.01376,0.28035
6129.15652,0.28011
6125.29927,0.28020
6121.44203,0.28070
6117.58479,0.28179
6113.72755,0.28361
6109.87031,0.28607
6106.01307,0.28896
6102.15583,0.29222
6098.29858,0.29582
6094.44134,0.29966
6090.58410,0.30353
6086.72686,0.30718
6082.86962,0.31052
6079.01238,0.31372
6075.15514,0.31719
6071.29789,0.32136
6067.44065,0.32639
6063.58341,0.33197
6059.72617,0.33749
6055.86893,0.34241
6052.01169,0.34660
6048.15445,0.35030
6044.29721,0.35393
6040.43996,0.35791
6036.58272,0.36245
6032.72548,0.36730
6028.86824,0.37182
6025.01100,0.37534
6021.15376,0.37729
6017.29652,0.37716
6013.43927,0.37473
6009.58203,0.37017
6005.72479,0.36403
6001.86755,0.35713
5998.01031,0.35033
5994.15307,0.34429
5990.29583,0.33946
5986.43858,0.33595
5982.58134,0.33352
5978.72410,0.33157
5974.86686,0.32933
5971.00962,0.32634
5967.15238,0.32293
5963.29514,0.31981
5959.43790,0.31750
5955.58065,0.31615
5951.72341,0.31552
5947.86617,0.31517
5944.00893,0.31466
5940.15169,0.31354
5936.29445,0.31147
5932.43721,0.30846
5928.57996,0.30495
5924.72272,0.30142
5920.86548,0.29818
5917.00824,0.29533
5913.15100,0.29298
5909.29376,0.29131
5905.43652,0.29041
5901.57927,0.29040
5897.72203,0.29133
5893.86479,0.29303
5890.00755,0.29526
5886.15031,0.29780
5882.29307,0.30034
5878.43583,0.30263
5874.57859,0.30463
5870.72134,0.30630
5866.86410,0.30751
5863.00686,0.30815
5859.14962,0.30820
5855.29238,0.30781
5851.43514,0.30722
5847.57790,0.30653
5843.72065,0.30587
5839.86341,0.30543
5836.00617,0.30528
5832.14893,0.30536
5828.29169,0.30556
5824.43445,0.30572
5820.57721,0.30585
5816.71997,0.30606
5812.86272,0.30633
5809.00548,0.30649
5805.14824,0.30649
5801.29100,0.30640
5797.43376,0.30628
5793.57652,0.30611
5789.71928,0.30592
5785.86203,0.30573
5782.00479,0.30553
5778.14755,0.30522
5774.29031,0.30477
5770.43307,0.30418
5766.57583,0.30348
5762.71859,0.30263
5758.86134,0.30158
5755.00410,0.30033
5751.14686,0.29890
5747.28962,0.29733
5743.43238,0.29575
5739.57514,0.29429
5735.71790,0.29300
5731.86066,0.29193
5728.00341,0.29117
5724.14617,0.29074
5720.28893,0.29058
5716.43169,0.29065
5712.57445,0.29086
5708.71721,0.29101
5704.85997,0.29103
5701.00272,0.29095
5697.14548,0.29083
5693.28824,0.29063
5689.43100,0.29037
5685.57376,0.29013
5681.71652,0.29001
5677.85928,0.29004
5674.00203,0.29018
5670.14479,0.29043
5666.28755,0.29086
5662.43031,0.29142
5658.57307,0.29188
5654.71583,0.29209
5650.85859,0.29203
5647.00135,0.29170
5643.14410,0.29106
5639.28686,0.29023
5635.42962,0.28942
5631.57238,0.28867
5627.71514,0.28797
5623.85790,0.28739
5620.00066,0.28697
5616.14341,0.28668
5612.28617,0.28653
5608.42893,0.28654
5604.57169,0.28667
5600.71445,0.28687
5596.85721,0.28709
5592.99997,0.28736
5589.14273,0.28771
5585.28548,0.28813
5581.42824,0.28858
5577.57100,0.28907
5573.71376,0.28955
5569.85652,0.28994
5565.99928,0.29018
5562.14204,0.29026
5558.28479,0.29018
5554.42755,0.29001
5550.57031,0.28986
5546.71307,0.28981
5542.85583,0.28981
5538.99859,0.28982
5535.14135,0.28987
5531.28410,0.28993
5527.42686,0.28986
5523.56962,0.28961
5519.71238,0.28925
5515.85514,0.28892
5511.99790,0.28869
5508.14066,0.28856
5504.28342,0.28855
5500.42617,0.28871
5496.56893,0.28902
5492.71169,0.28947
5488.85445,0.28999
5484.99721,0.29047
5481.13997,0.29073
5477.28273,0.29064
5473.42548,0.29024
5469.56824,0.28971
5465.71100,0.28907
5461.85376,0.28827
5457.99652,0.28734
5454.13928,0.28631
5450.28204,0.28514
5446.42479,0.28376
5442.56755,0.28229
5438.71031,0.28091
5434.85307,0.27956
5430.99583,0.27817
5427.13859,0.27692
5423.28135,0.27601
5419.42411,0.27533
5415.56686,0.27475
5411.70962,0.27425
5407.85238,0.27392
5403.99514,0.27369
5400.13790,0.27343
5396.28066,0.27313
5392.42342,0.27286
5388.56617,0.27269
5384.70893,0.27259
5380.85169,0.27256
5376.99445,0.27258
5373.13721,0.27269
5369.27997,0.27300
5365.42273,0.27347
5361.56549,0.27394
5357.70824,0.27434
5353.85100,0.27470
5349.99376,0.27511
5346.13652,0.27554
5342.27928,0.27592
5338.42204,0.27622
5334.56480,0.27652
5330.70755,0.27693
5326.85031,0.27754
5322.99307,0.27847
5319.13583,0.27966
5315.27859,0.28109
5311.42135,0.28280
5307.56411,0.28483
5303.70686,0.28711
5299.84962,0.28963
5295.99238,0.29239
5292.13514,0.29549
5288.27790,0.29908
5284.42066,0.30318
5280.56342,0.30776
5276.70618,0.31268
5272.84893,0.31776
5268.99169,0.32302
5265.13445,0.32849
5261.27721,0.33383
5257.41997,0.33863
5253.56273,0.34302
5249.70549,0.34717
5245.84824,0.35114
5241.99100,0.35476
5238.13376,0.35782
5234.27652,0.36052
5230.41928,0.36302
5226.56204,0.36542
5222.70480,0.36769
5218.84755,0.36966
5214.99031,0.37128
5211.13307,0.37261
5207.27583,0.37377
5203.41859,0.37480
5199.56135,0.37568
5195.70411,0.37643
5191.84687,0.37705
5187.98962,0.37758
5184.13238,0.37800
5180.27514,0.37822
5176.41790,0.37826
5172.56066,0.37816
5168.70342,0.37796
5164.84618,0.37769
5160.98893,0.37741
5157.13169,0.37710
5153.27445,0.37671
5149.41721,0.37629
5145.55997,0.37589
5141.70273,0.37546
5137.84549,0.37499
5133.98825,0.37450
5130.13100,0.37403
5126.27376,0.37350
5122.41652,0.37271
5118.55928,0.37153
5114.70204,0.36978
5110.84480,0.36747
5106.98756,0.36487
5103.13031,0.36219
5099.27307,0.35952
5095.41583,0.35691
5091.55859,0.35450
5087.70135,0.35233
5083.84411,0.35040
5079.98687,0.34862
5076.12962,0.34695
5072.27238,0.34535
5068.41514,0.34379
5064.55790,0.34231
5060.70066,0.34091
5056.84342,0.33957
5052.98618,0.33829
5049.12894,0.33711
5045.27169,0.33601
5041.41445,0.33506
5037.55721,0.33422
5033.69997,0.33340
5029.84273,0.33258
5025.98549,0.33182
5022.12825,0.33115
5018.27100,0.33055
5014.41376,0.32998
5010.55652,0.32945
5006.69928,0.32891
5002.84204,0.32833
4998.98480,0.32779
4995.12756,0.32737
4991.27031,0.32711
4987.41307,0.32701
4983.55583,0.32708
4979.69859,0.32735
4975.84135,0.32780
4971.98411,0.32848
4968.12687,0.32940
4964.26963,0.33052
4960.41238,0.33188
4956.55514,0.33351
4952.69790,0.33532
4948.84066,0.33728
4944.98342,0.33945
4941.12618,0.34178
4937.26894,0.34417
4933.41169,0.34665
4929.55445,0.34928
4925.69721,0.35205
4921.83997,0.35495
4917.98273,0.35803
4914.12549,0.36130
4910.26825,0.36477
4906.41101,0.36837
4902.55376,0.37204
4898.69652,0.37577
4894.83928,0.37960
4890.98204,0.38353
4887.12480,0.38760
4883.26756,0.39176
4879.41032,0.39589
4875.55307,0.39988
4871.69583,0.40374
4867.83859,0.40749
4863.98135,0.41111
4860.12411,0.41460
4856.26687,0.41799
4852.40963,0.42139
4848.55238,0.42495
4844.69514,0.42869
4840.83790,0.43266
4836.98066,0.43688
4833.12342,0.44124
4829.26618,0.44554
4825.40894,0.44971
4821.55170,0.45372
4817.69445,0.45745
4813.83721,0.46088
4809.97997,0.46410
4806.12273,0.46703
4802.26549,0.46956
4798.40825,0.47169
4794.55101,0.47345
4790.69376,0.47482
4786.83652,0.47585
4782.97928,0.47660
4779.12204,0.47724
4775.26480,0.47784
4771.40756,0.47855
4767.55032,0.47954
4763.69307,0.48090
4759.83583,0.48256
4755.97859,0.48443
4752.12135,0.48636
4748.26411,0.48811
4744.40687,0.48962
4740.54963,0.49099
4736.69239,0.49244
4732.83514,0.49430
4728.97790,0.49676
4725.12066,0.49941
4721.26342,0.50140
4717.40618,0.50219
4713.54894,0.50212
4709.69170,0.50222
4705.83445,0.50355
4701.97721,0.50648
4698.11997,0.51031
4694.26273,0.51342
4690.40549,0.51414
4686.54825,0.51154
4682.69101,0.50575
4678.83377,0.49798
4674.97652,0.48997
4671.11928,0.48320
4667.26204,0.47830
4663.40480,0.47503
4659.54756,0.47286
4655.69032,0.47173
4651.83308,0.47208
4647.97583,0.47418
4644.11859,0.47765
4640.26135,0.48122
4636.40411,0.48302
4632.54687,0.48138
4628.68963,0.47579
4624.83239,0.46746
4620.97514,0.45860
4617.11790,0.45104
4613.26066,0.44542
4609.40342,0.44169
4605.54618,0.43981
4601.68894,0.43982
4597.83170,0.44126
4593.97446,0.44316
4590.11721,0.44472
4586.25997,0.44581
4582.40273,0.44624
4578.54549,0.44478
4574.68825,0.44022
4570.83101,0.43324
4566.97377,0.42587
4563.11652,0.41988
4559.25928,0.41583
4555.40204,0.41341
4551.54480,0.41193
4547.68756,0.41083
4543.83032,0.40987
4539.97308,0.40903
4536.11583,0.40839
4532.25859,0.40813
4528.40135,0.40832
4524.54411,0.40898
4520.68687,0.41015
4516.82963,0.41191
4512.97239,0.41437
4509.11515,0.41777
4505.25790,0.42240
4501.40066,0.42848
4497.54342,0.43579
4493.68618,0.44345
4489.82894,0.45028
4485.97170,0.45576
4482.11446,0.46043
4478.25721,0.46545
4474.39997,0.47213
4470.54273,0.48143
4466.68549,0.49320
4462.82825,0.50569
4458.97101,0.51615
4455.11377,0.52301
4451.25653,0.52744
4447.39928,0.53174
4443.54204,0.53690
4439.68480,0.54239
4435.82756,0.54698
4431.97032,0.54952
4428.11308,0.54955
4424.25584,0.54774
4420.39859,0.54565
4416.54135,0.54495
4412.68411,0.54640
4408.82687,0.54920
4404.96963,0.55155
4401.11239,0.55197
4397.25515,0.55007
4393.39790,0.54641
4389.54066,0.54199
4385.68342,0.53774
4381.82618,0.53420
4377.96894,0.53152
4374.11170,0.52966
4370.25446,0.52873
4366.39722,0.52893
4362.53997,0.53013
4358.68273,0.53169
4354.82549,0.53320
4350.96825,0.53492
4347.11101,0.53715
4343.25377,0.53990
4339.39653,0.54282
4335.53928,0.54556
4331.68204,0.54812
4327.82480,0.55072
4323.96756,0.55344
4320.11032,0.55626
4316.25308,0.55946
4312.39584,0.56345
4308.53859,0.56823
4304.68135,0.57332
4300.82411,0.57815
4296.96687,0.58233
4293.10963,0.58556
4289.25239,0.58765
4285.39515,0.58874
4281.53791,0.58911
4277.68066,0.58887
4273.82342,0.58798
4269.96618,0.58648
4266.10894,0.58454
4262.25170,0.58256
4258.39446,0.58114
4254.53722,0.58056
4250.67997,0.58052
4246.82273,0.58041
4242.96549,0.57972
4239.10825,0.57837
4235.25101,0.57681
4231.39377,0.57555
4227.53653,0.57448
4223.67929,0.57307
4219.82204,0.57102
4215.96480,0.56850
4212.10756,0.56596
4208.25032,0.56361
4204.39308,0.56149
4200.53584,0.55971
4196.67860,0.55861
4192.82135,0.55873
4188.96411,0.56049
4185.10687,0.56372
4181.24963,0.56719
4177.39239,0.56888
4173.53515,0.56727
4169.67791,0.56273
4165.82066,0.55717
4161.96342,0.55252
4158.10618,0.54966
4154.24894,0.54853
4150.39170,0.54896
4146.53446,0.55075
4142.67722,0.55366
4138.81998,0.55724
4134.96273,0.56089
4131.10549,0.56413
4127.24825,0.56705
4123.39101,0.57013
4119.53377,0.57399
4115.67653,0.57915
4111.81929,0.58589
4107.96204,0.59440
4104.10480,0.60512
4100.24756,0.61870
4096.39032,0.63433
4092.53308,0.64779
4088.67584,0.65410
4084.81860,0.65239
4080.96135,0.64551
4077.10411,0.63707
4073.24687,0.63018
4069.38963,0.62646
4065.53239,0.62569
4061.67515,0.62688
4057.81791,0.62936
4053.96067,0.63277
4050.10342,0.63660
4046.24618,0.64021
4042.38894,0.64316
4038.53170,0.64537
4034.67446,0.64702
4030.81722,0.64832
4026.95998,0.64923
4023.10273,0.64962
4019.24549,0.64949
4015.38825,0.64879
4011.53101,0.64736
4007.67377,0.64524
4003.81653,0.64258
3999.95929,0.63953
3996.10205,0.63634
3992.24480,0.63333
3988.38756,0.63062
3984.53032,0.62825
3980.67308,0.62621
3976.81584,0.62442
3972.95860,0.62268
3969.10136,0.62065
3965.24411,0.61803
3961.38687,0.61488
3957.52963,0.61176
3953.67239,0.60886
3949.81515,0.60592
3945.95791,0.60292
3942.10067,0.60003
3938.24342,0.59726
3934.38618,0.59450
3930.52894,0.59179
3926.67170,0.58942
3922.81446,0.58733
3918.95722,0.58524
3915.09998,0.58311
3911.24274,0.58088
3907.38549,0.57813
3903.52825,0.57445
3899.67101,0.57091
3895.81377,0.56816
3891.95653,0.56534
3888.09929,0.56252
3884.24205,0.56023
3880.38480,0.55861
3876.52756,0.55713
3872.67032,0.55478
3868.81308,0.55128
3864.95584,0.54758
3861.09860,0.54447
3857.24136,0.54153
3853.38411,0.53811
3849.52687,0.53561
3845.66963,0.53403
3841.81239,0.53218
3837.95515,0.53051
3834.09791,0.52996
3830.24067,0.52987
3826.38343,0.52968
3822.52618,0.53001
3818.66894,0.53202
3814.81170,0.53489
3810.95446,0.53684
3807.09722,0.53751
3803.23998,0.53676
3799.38274,0.53503
3795.52549,0.53353
3791.66825,0.53253
3787.81101,0.53203
3783.95377,0.53227
3780.09653,0.53343
3776.23929,0.53512
3772.38205,0.53690
3768.52481,0.53921
3764.66756,0.54208
3760.81032,0.54448
3756.95308,0.54541
3753.09584,0.54429
3749.23860,0.54202
3745.38136,0.54144
3741.52412,0.54294
3737.66687,0.54580
3733.80963,0.55018
3729.95239,0.55378
3726.09515,0.55569
3722.23791,0.55780
3718.38067,0.56088
3714.52343,0.56503
3710.66618,0.57199
3706.80894,0.58120
3702.95170,0.59093
3699.09446,0.60189
3695.23722,0.61408
3691.37998,0.63080
3687.52274,0.65248
3683.66550,0.66780
3679.80825,0.67715
3675.95101,0.68868
3672.09377,0.70798
3668.23653,0.72957
3664.37929,0.74731
3660.52205,0.76352
3656.66481,0.78114
3652.80756,0.80040
3648.95032,0.82473
3645.09308,0.85157
3641.23584,0.87117
3637.37860,0.88689
3633.52136,0.90131
3629.66412,0.91610
3625.80687,0.93301
3621.94963,0.94902
3618.09239,0.96655
3614.23515,0.98255
3610.37791,0.99425
3606.52067,1.00711
3602.66343,1.02172
3598.80619,1.03584
