12493.60475,0.18230
12489.74751,0.18203
12485.89027,0.18009
12482.03303,0.17902
12478.17579,0.17946
12474.31855,0.17983
12470.46130,0.18001
12466.60406,0.17982
12462.74682,0.17971
12458.88958,0.18240
12455.03234,0.18715
12451.17510,0.18900
12447.31786,0.18712
12443.46062,0.18457
12439.60337,0.18305
12435.74613,0.18299
12431.88889,0.18376
12428.03165,0.18368
12424.17441,0.18212
12420.31717,0.18067
12416.45993,0.17948
12412.60268,0.17661
12408.74544,0.17348
12404.88820,0.17386
12401.03096,0.17691
12397.17372,0.17854
12393.31648,0.17923
12389.45924,0.18154
12385.60199,0.18370
12381.74475,0.18346
12377.88751,0.18108
12374.03027,0.17914
12370.17303,0.18058
12366.31579,0.18323
12362.45855,0.18287
12358.60131,0.17969
12354.74406,0.17720
12350.88682,0.17819
12347.02958,0.18083
12343.17234,0.18115
12339.31510,0.17941
12335.45786,0.17769
12331.60062,0.17530
12327.74337,0.17257
12323.88613,0.17200
12320.02889,0.17432
12316.17165,0.17777
12312.31441,0.18034
12308.45717,0.18136
12304.59993,0.18164
12300.74268,0.18132
12296.88544,0.17968
12293.02820,0.17827
12289.17096,0.17852
12285.31372,0.17876
12281.45648,0.17931
12277.59924,0.18129
12273.74200,0.18213
12269.88475,0.18022
12266.02751,0.17720
12262.17027,0.17559
12258.31303,0.17643
12254.45579,0.17842
12250.59855,0.17996
12246.74131,0.17954
12242.88406,0.17722
12239.02682,0.17597
12235.16958,0.17737
12231.31234,0.17880
12227.45510,0.17848
12223.59786,0.17799
12219.74062,0.17785
12215.88338,0.17683
12212.02613,0.17473
12208.16889,0.17303
12204.31165,0.17328
12200.45441,0.17493
12196.59717,0.17676
12192.73993,0.17757
12188.88269,0.17661
12185.02544,0.17591
12181.16820,0.17717
12177.31096,0.17829
12173.45372,0.17674
12169.59648,0.17437
12165.73924,0.17410
12161.88200,0.17497
12158.02475,0.17578
12154.16751,0.17707
12150.31027,0.17794
12146.45303,0.17742
12142.59579,0.17610
12138.73855,0.17466
12134.88131,0.17360
12131.02407,0.17343
12127.16682,0.17412
12123.30958,0.17474
12119.45234,0.17458
12115.59510,0.17438
12111.73786,0.17394
12107.88062,0.17324
12104.02338,0.17423
12100.16613,0.17599
12096.30889,0.17613
12092.45165,0.17565
12088.59441,0.17677
12084.73717,0.17835
12080.87993,0.17752
12077.02269,0.17547
12073.16544,0.17547
12069.30820,0.17741
12065.45096,0.17922
12061.59372,0.18006
12057.73648,0.18013
12053.87924,0.17945
12050.02200,0.17867
12046.16476,0.17807
12042.30751,0.17725
12038.45027,0.17686
12034.59303,0.17681
12030.73579,0.17679
12026.87855,0.17793
12023.02131,0.17937
12019.16407,0.17947
12015.30682,0.17926
12011.44958,0.17946
12007.59234,0.17948
12003.73510,0.17899
11999.87786,0.17791
11996.02062,0.17745
11992.16338,0.17782
11988.30614,0.17724
11984.44889,0.17622
11980.59165,0.17713
11976.73441,0.17875
11972.87717,0.17776
11969.01993,0.17598
11965.16269,0.17699
11961.30545,0.17835
11957.44820,0.17689
11953.59096,0.17569
11949.73372,0.17743
11945.87648,0.17903
11942.01924,0.17813
11938.16200,0.17635
11934.30476,0.17571
11930.44751,0.17688
11926.59027,0.17924
11922.73303,0.18160
11918.87579,0.18212
11915.01855,0.18032
11911.16131,0.17825
11907.30407,0.17738
11903.44683,0.17717
11899.58958,0.17712
11895.73234,0.17833
11891.87510,0.18088
11888.01786,0.18252
11884.16062,0.18159
11880.30338,0.17907
11876.44614,0.17775
11872.58889,0.17869
11868.73165,0.18065
11864.87441,0.18148
11861.01717,0.18021
11857.15993,0.17941
11853.30269,0.18087
11849.44545,0.18269
11845.58820,0.18303
11841.73096,0.18129
11837.87372,0.17867
11834.01648,0.17773
11830.15924,0.17883
11826.30200,0.18054
11822.44476,0.18169
11818.58752,0.18268
11814.73027,0.18437
11810.87303,0.18454
11807.01579,0.18183
11803.15855,0.17884
11799.30131,0.17786
11795.44407,0.17885
11791.58683,0.18001
11787.72958,0.18019
11783.87234,0.17998
11780.01510,0.17937
11776.15786,0.17865
11772.30062,0.17903
11768.44338,0.18016
11764.58614,0.18063
11760.72890,0.18005
11756.87165,0.17928
11753.01441,0.17960
11749.15717,0.17984
11745.29993,0.17843
11741.44269,0.17712
11737.58545,0.17743
11733.72821,0.17814
11729.87096,0.17802
11726.01372,0.17753
11722.15648,0.17766
11718.29924,0.17866
11714.44200,0.17926
11710.58476,0.17834
11706.72752,0.17765
11702.87027,0.17883
11699.01303,0.17984
11695.15579,0.17876
11691.29855,0.17716
11687.44131,0.17666
11683.58407,0.17718
11679.72683,0.17833
11675.86959,0.17891
11672.01234,0.17845
11668.15510,0.17788
11664.29786,0.17778
11660.44062,0.17831
11656.58338,0.17921
11652.72614,0.18024
11648.86890,0.18079
11645.01165,0.18067
11641.15441,0.18092
11637.29717,0.18066
11633.43993,0.17928
11629.58269,0.17906
11625.72545,0.18014
11621.86821,0.17979
11618.01096,0.17842
11614.15372,0.17836
11610.29648,0.17874
11606.43924,0.17847
11602.58200,0.17868
11598.72476,0.17923
11594.86752,0.17900
11591.01028,0.17859
11587.15303,0.17854
11583.29579,0.17823
11579.43855,0.17801
11575.58131,0.17842
11571.72407,0.17866
11567.86683,0.17832
11564.00959,0.17816
11560.15234,0.17824
11556.29510,0.17875
11552.43786,0.18058
11548.58062,0.18149
11544.72338,0.17916
11540.86614,0.17654
11537.00890,0.17675
11533.15166,0.17832
11529.29441,0.17867
11525.43717,0.17772
11521.57993,0.17627
11517.72269,0.17455
11513.86545,0.17342
11510.00821,0.17399
11506.15097,0.17586
11502.29372,0.17738
11498.43648,0.17784
11494.57924,0.17720
11490.72200,0.17586
11486.86476,0.17566
11483.00752,0.17698
11479.15028,0.17811
11475.29303,0.17842
11471.43579,0.17822
11467.57855,0.17737
11463.72131,0.17652
11459.86407,0.17705
11456.00683,0.17809
11452.14959,0.17819
11448.29235,0.17767
11444.43510,0.17678
11440.57786,0.17567
11436.72062,0.17544
11432.86338,0.17615
11429.00614,0.17586
11425.14890,0.17456
11421.29166,0.17424
11417.43441,0.17460
11413.57717,0.17453
11409.71993,0.17519
11405.86269,0.17685
11402.00545,0.17764
11398.14821,0.17727
11394.29097,0.17648
11390.43372,0.17538
11386.57648,0.17475
11382.71924,0.17470
11378.86200,0.17430
11375.00476,0.17405
11371.14752,0.17468
11367.29028,0.17515
11363.43304,0.17485
11359.57579,0.17535
11355.71855,0.17711
11351.86131,0.17802
11348.00407,0.17718
11344.14683,0.17596
11340.28959,0.17500
11336.43235,0.17419
11332.57510,0.17418
11328.71786,0.17493
11324.86062,0.17501
11321.00338,0.17365
11317.14614,0.17222
11313.28890,0.17243
11309.43166,0.17387
11305.57442,0.17514
11301.71717,0.17578
11297.85993,0.17543
11294.00269,0.17352
11290.14545,0.17104
11286.28821,0.17016
11282.43097,0.17099
11278.57373,0.17142
11274.71648,0.17078
11270.85924,0.17094
11267.00200,0.17205
11263.14476,0.17285
11259.28752,0.17403
11255.43028,0.17574
11251.57304,0.17671
11247.71579,0.17638
11243.85855,0.17546
11240.00131,0.17518
11236.14407,0.17541
11232.28683,0.17524
11228.42959,0.17475
11224.57235,0.17412
11220.71511,0.17321
11216.85786,0.17211
11213.00062,0.17102
11209.14338,0.17058
11205.28614,0.17124
11201.42890,0.17176
11197.57166,0.17098
11193.71442,0.16998
11189.85717,0.16956
11185.99993,0.16940
11182.14269,0.16992
11178.28545,0.17111
11174.42821,0.17187
11170.57097,0.17196
11166.71373,0.17183
11162.85648,0.17184
11158.99924,0.17218
11155.14200,0.17265
11151.28476,0.17315
11147.42752,0.17353
11143.57028,0.17296
11139.71304,0.17170
11135.85580,0.17121
11131.99855,0.17143
11128.14131,0.17147
11124.28407,0.17133
11120.42683,0.17103
11116.56959,0.17078
11112.71235,0.17109
11108.85511,0.17176
11104.99786,0.17222
11101.14062,0.17226
11097.28338,0.17239
11093.42614,0.17336
11089.56890,0.17460
11085.71166,0.17499
11081.85442,0.17446
11077.99718,0.17364
11074.13993,0.17318
11070.28269,0.17315
11066.42545,0.17283
11062.56821,0.17233
11058.71097,0.17276
11054.85373,0.17390
11050.99649,0.17462
11047.13924,0.17493
11043.28200,0.17481
11039.42476,0.17400
11035.56752,0.17315
11031.71028,0.17306
11027.85304,0.17364
11023.99580,0.17403
11020.13855,0.17351
11016.28131,0.17257
11012.42407,0.17238
11008.56683,0.17277
11004.70959,0.17297
11000.85235,0.17316
10996.99511,0.17321
10993.13787,0.17249
10989.28062,0.17156
10985.42338,0.17145
10981.56614,0.17215
10977.70890,0.17292
10973.85166,0.17310
10969.99442,0.17270
10966.13718,0.17240
10962.27993,0.17208
10958.42269,0.17147
10954.56545,0.17178
10950.70821,0.17309
10946.85097,0.17329
10942.99373,0.17173
10939.13649,0.17014
10935.27924,0.16970
10931.42200,0.17008
10927.56476,0.17068
10923.70752,0.17115
10919.85028,0.17133
10915.99304,0.17137
10912.13580,0.17132
10908.27856,0.17100
10904.42131,0.17058
10900.56407,0.17035
10896.70683,0.17012
10892.84959,0.16970
10888.99235,0.16936
10885.13511,0.16948
10881.27787,0.16981
10877.42062,0.16996
10873.56338,0.16994
10869.70614,0.16993
10865.84890,0.17006
10861.99166,0.17033
10858.13442,0.17054
10854.27718,0.17045
10850.41993,0.16997
10846.56269,0.16955
10842.70545,0.16984
10838.84821,0.17034
10834.99097,0.17038
10831.13373,0.17023
10827.27649,0.17004
10823.41925,0.16971
10819.56200,0.16942
10815.70476,0.16924
10811.84752,0.16918
10807.99028,0.16900
10804.13304,0.16857
10800.27580,0.16816
10796.41856,0.16787
10792.56131,0.16773
10788.70407,0.16798
10784.84683,0.16848
10780.98959,0.16873
10777.13235,0.16845
10773.27511,0.16815
10769.41787,0.16839
10765.56063,0.16877
10761.70338,0.16893
10757.84614,0.16907
10753.98890,0.16910
10750.13166,0.16872
10746.27442,0.16819
10742.41718,0.16806
10738.55994,0.16855
10734.70269,0.16938
10730.84545,0.16995
10726.98821,0.16992
10723.13097,0.16946
10719.27373,0.16896
10715.41649,0.16883
10711.55925,0.16901
10707.70200,0.16928
10703.84476,0.16963
10699.98752,0.16979
10696.13028,0.16977
10692.27304,0.16982
10688.41580,0.16973
10684.55856,0.16957
10680.70132,0.16974
10676.84407,0.16975
10672.98683,0.16913
10669.12959,0.16835
10665.27235,0.16791
10661.41511,0.16801
10657.55787,0.16834
10653.70063,0.16841
10649.84338,0.16828
10645.98614,0.16815
10642.12890,0.16806
10638.27166,0.16800
10634.41442,0.16812
10630.55718,0.16854
10626.69994,0.16904
10622.84269,0.16925
10618.98545,0.16889
10615.12821,0.16825
10611.27097,0.16800
10607.41373,0.16771
10603.55649,0.16681
10599.69925,0.16604
10595.84201,0.16599
10591.98476,0.16633
10588.12752,0.16660
10584.27028,0.16675
10580.41304,0.16715
10576.55580,0.16754
10572.69856,0.16732
10568.84132,0.16668
10564.98407,0.16614
10561.12683,0.16586
10557.26959,0.16586
10553.41235,0.16608
10549.55511,0.16623
10545.69787,0.16624
10541.84063,0.16625
10537.98339,0.16612
10534.12614,0.16586
10530.26890,0.16569
10526.41166,0.16539
10522.55442,0.16499
10518.69718,0.16520
10514.83994,0.16581
10510.98270,0.16577
10507.12545,0.16524
10503.26821,0.16493
10499.41097,0.16474
10495.55373,0.16449
10491.69649,0.16427
10487.83925,0.16424
10483.98201,0.16445
10480.12476,0.16453
10476.26752,0.16418
10472.41028,0.16401
10468.55304,0.16438
10464.69580,0.16476
10460.83856,0.16477
10456.98132,0.16454
10453.12408,0.16404
10449.26683,0.16328
10445.40959,0.16271
10441.55235,0.16278
10437.69511,0.16334
10433.83787,0.16367
10429.98063,0.16353
10426.12339,0.16343
10422.26614,0.16358
10418.40890,0.16376
10414.55166,0.16362
10410.69442,0.16331
10406.83718,0.16324
10402.97994,0.16337
10399.12270,0.16363
10395.26545,0.16410
10391.40821,0.16466
10387.55097,0.16514
10383.69373,0.16533
10379.83649,0.16525
10375.97925,0.16503
10372.12201,0.16473
10368.26477,0.16438
10364.40752,0.16425
10360.55028,0.16449
10356.69304,0.16468
10352.83580,0.16454
10348.97856,0.16447
10345.12132,0.16446
10341.26408,0.16442
10337.40683,0.16456
10333.54959,0.16449
10329.69235,0.16417
10325.83511,0.16441
10321.97787,0.16503
10318.12063,0.16519
10314.26339,0.16497
10310.40615,0.16484
10306.54890,0.16497
10302.69166,0.16525
10298.83442,0.16551
10294.97718,0.16553
10291.11994,0.16532
10287.26270,0.16490
10283.40546,0.16436
10279.54821,0.16431
10275.69097,0.16501
10271.83373,0.16583
10267.97649,0.16609
10264.11925,0.16562
10260.26201,0.16504
10256.40477,0.16496
10252.54752,0.16523
10248.69028,0.16538
10244.83304,0.16518
10240.97580,0.16506
10237.11856,0.16526
10233.26132,0.16530
10229.40408,0.16510
10225.54684,0.16495
10221.68959,0.16500
10217.83235,0.16537
10213.97511,0.16571
10210.11787,0.16568
10206.26063,0.16560
10202.40339,0.16565
10198.54615,0.16574
10194.68890,0.16569
10190.83166,0.16562
10186.97442,0.16617
10183.11718,0.16707
10179.25994,0.16716
10175.40270,0.16648
10171.54546,0.16616
10167.68821,0.16650
10163.83097,0.16705
10159.97373,0.16717
10156.11649,0.16664
10152.25925,0.16620
10148.40201,0.16621
10144.54477,0.16619
10140.68753,0.16603
10136.83028,0.16603
10132.97304,0.16619
10129.11580,0.16642
10125.25856,0.16662
10121.40132,0.16676
10117.54408,0.16684
10113.68684,0.16678
10109.82959,0.16674
10105.97235,0.16689
10102.11511,0.16699
10098.25787,0.16697
10094.40063,0.16707
10090.54339,0.16712
10086.68615,0.16705
10082.82891,0.16712
10078.97166,0.16725
10075.11442,0.16740
10071.25718,0.16758
10067.39994,0.16754
10063.54270,0.16712
10059.68546,0.16659
10055.82822,0.16642
10051.97097,0.16674
10048.11373,0.16718
10044.25649,0.16740
10040.39925,0.16741
10036.54201,0.16740
10032.68477,0.16753
10028.82753,0.16763
10024.97028,0.16746
10021.11304,0.16722
10017.25580,0.16720
10013.39856,0.16718
10009.54132,0.16698
10005.68408,0.16702
10001.82684,0.16743
9997.96960,0.16767
9994.11235,0.16750
9990.25511,0.16714
9986.39787,0.16698
9982.54063,0.16731
9978.68339,0.16779
9974.82615,0.16790
9970.96891,0.16776
9967.11166,0.16792
9963.25442,0.16834
9959.39718,0.16858
9955.53994,0.16842
9951.68270,0.16808
9947.82546,0.16780
9943.96822,0.16742
9940.11097,0.16712
9936.25373,0.16722
9932.39649,0.16733
9928.53925,0.16716
9924.68201,0.16713
9920.82477,0.16719
9916.96753,0.16704
9913.11029,0.16698
9909.25304,0.16714
9905.39580,0.16741
9901.53856,0.16777
9897.68132,0.16800
9893.82408,0.16796
9889.96684,0.16781
9886.10960,0.16756
9882.25235,0.16727
9878.39511,0.16710
9874.53787,0.16712
9870.68063,0.16726
9866.82339,0.16738
9862.96615,0.16731
9859.10891,0.16718
9855.25167,0.16735
9851.39442,0.16758
9847.53718,0.16737
9843.67994,0.16698
9839.82270,0.16692
9835.96546,0.16715
9832.10822,0.16742
9828.25098,0.16766
9824.39373,0.16775
9820.53649,0.16746
9816.67925,0.16703
9812.82201,0.16698
9808.96477,0.16726
9805.10753,0.16742
9801.25029,0.16738
9797.39304,0.16735
9793.53580,0.16730
9789.67856,0.16711
9785.82132,0.16685
9781.96408,0.16684
9778.10684,0.16696
9774.24960,0.16682
9770.39236,0.16660
9766.53511,0.16661
9762.67787,0.16675
9758.82063,0.16687
9754.96339,0.16697
9751.10615,0.16698
9747.24891,0.16688
9743.39167,0.16677
9739.53442,0.16642
9735.67718,0.16606
9731.81994,0.16614
9727.96270,0.16640
9724.10546,0.16650
9720.24822,0.16662
9716.39098,0.16674
9712.53373,0.16678
9708.67649,0.16687
9704.81925,0.16682
9700.96201,0.16655
9697.10477,0.16634
9693.24753,0.16626
9689.39029,0.16615
9685.53305,0.16588
9681.67580,0.16546
9677.81856,0.16518
9673.96132,0.16541
9670.10408,0.16607
9666.24684,0.16642
9662.38960,0.16607
9658.53236,0.16541
9654.67511,0.16506
9650.81787,0.16533
9646.96063,0.16585
9643.10339,0.16604
9639.24615,0.16584
9635.38891,0.16559
9631.53167,0.16550
9627.67443,0.16540
9623.81718,0.16510
9619.95994,0.16466
9616.10270,0.16421
9612.24546,0.16395
9608.38822,0.16414
9604.53098,0.16450
9600.67374,0.16453
9596.81649,0.16429
9592.95925,0.16411
9589.10201,0.16398
9585.24477,0.16385
9581.38753,0.16389
9577.53029,0.16422
9573.67305,0.16464
9569.81580,0.16457
9565.95856,0.16393
9562.10132,0.16356
9558.24408,0.16379
9554.38684,0.16405
9550.52960,0.16406
9546.67236,0.16410
9542.81512,0.16432
9538.95787,0.16445
9535.10063,0.16435
9531.24339,0.16410
9527.38615,0.16370
9523.52891,0.16330
9519.67167,0.16312
9515.81443,0.16322
9511.95718,0.16347
9508.09994,0.16361
9504.24270,0.16361
9500.38546,0.16357
9496.52822,0.16351
9492.67098,0.16344
9488.81374,0.16342
9484.95649,0.16341
9481.09925,0.16326
9477.24201,0.16295
9473.38477,0.16279
9469.52753,0.16294
9465.67029,0.16305
9461.81305,0.16297
9457.95581,0.16294
9454.09856,0.16291
9450.24132,0.16287
9446.38408,0.16298
9442.52684,0.16300
9438.66960,0.16276
9434.81236,0.16262
9430.95512,0.16270
9427.09787,0.16278
9423.24063,0.16293
9419.38339,0.16310
9415.52615,0.16290
9411.66891,0.16242
9407.81167,0.16223
9403.95443,0.16239
9400.09719,0.16251
9396.23994,0.16238
9392.38270,0.16210
9388.52546,0.16196
9384.66822,0.16221
9380.81098,0.16258
9376.95374,0.16260
9373.09650,0.16214
9369.23925,0.16167
9365.38201,0.16161
9361.52477,0.16183
9357.66753,0.16199
9353.81029,0.16205
9349.95305,0.16199
9346.09581,0.16191
9342.23856,0.16192
9338.38132,0.16190
9334.52408,0.16183
9330.66684,0.16180
9326.80960,0.16179
9322.95236,0.16182
9319.09512,0.16189
9315.23788,0.16176
9311.38063,0.16138
9307.52339,0.16106
9303.66615,0.16098
9299.80891,0.16108
9295.95167,0.16134
9292.09443,0.16152
9288.23719,0.16134
9284.37994,0.16122
9280.52270,0.16137
9276.66546,0.16136
9272.80822,0.16129
9268.95098,0.16150
9265.09374,0.16165
9261.23650,0.16145
9257.37925,0.16124
9253.52201,0.16118
9249.66477,0.16118
9245.80753,0.16122
9241.95029,0.16121
9238.09305,0.16112
9234.23581,0.16119
9230.37857,0.16141
9226.52132,0.16148
9222.66408,0.16134
9218.80684,0.16113
9214.94960,0.16097
9211.09236,0.16096
9207.23512,0.16104
9203.37788,0.16109
9199.52063,0.16102
9195.66339,0.16085
9191.80615,0.16067
9187.94891,0.16054
9184.09167,0.16056
9180.23443,0.16078
9176.37719,0.16092
9172.51995,0.16081
9168.66270,0.16071
9164.80546,0.16086
9160.94822,0.16113
9157.09098,0.16123
9153.23374,0.16117
9149.37650,0.16111
9145.51926,0.16103
9141.66201,0.16087
9137.80477,0.16067
9133.94753,0.16064
9130.09029,0.16086
9126.23305,0.16124
9122.37581,0.16148
9118.51857,0.16149
9114.66132,0.16146
9110.80408,0.16153
9106.94684,0.16170
9103.08960,0.16172
9099.23236,0.16137
9095.37512,0.16093
9091.51788,0.16097
9087.66064,0.16154
9083.80339,0.16201
9079.94615,0.16207
9076.08891,0.16195
9072.23167,0.16186
9068.37443,0.16187
9064.51719,0.16204
9060.65995,0.16224
9056.80270,0.16223
9052.94546,0.16208
9049.08822,0.16210
9045.23098,0.16231
9041.37374,0.16254
9037.51650,0.16265
9033.65926,0.16274
9029.80201,0.16297
9025.94477,0.16334
9022.08753,0.16368
9018.23029,0.16385
9014.37305,0.16397
9010.51581,0.16419
9006.65857,0.16458
9002.80133,0.16506
8998.94408,0.16549
8995.08684,0.16581
8991.22960,0.16612
8987.37236,0.16640
8983.51512,0.16658
8979.65788,0.16694
8975.80064,0.16761
8971.94339,0.16834
8968.08615,0.16895
8964.22891,0.16935
8960.37167,0.16976
8956.51443,0.17042
8952.65719,0.17110
8948.79995,0.17168
8944.94271,0.17248
8941.08546,0.17345
8937.22822,0.17423
8933.37098,0.17488
8929.51374,0.17560
8925.65650,0.17643
8921.79926,0.17746
8917.94202,0.17865
8914.08477,0.17973
8910.22753,0.18067
8906.37029,0.18170
8902.51305,0.18302
8898.65581,0.18439
8894.79857,0.18551
8890.94133,0.18657
8887.08408,0.18775
8883.22684,0.18897
8879.36960,0.19020
8875.51236,0.19129
8871.65512,0.19206
8867.79788,0.19264
8863.94064,0.19311
8860.08340,0.19341
8856.22615,0.19352
8852.36891,0.19343
8848.51167,0.19313
8844.65443,0.19269
8840.79719,0.19217
8836.93995,0.19157
8833.08271,0.19085
8829.22546,0.19017
8825.36822,0.18962
8821.51098,0.18897
8817.65374,0.18795
8813.79650,0.18665
8809.93926,0.18546
8806.08202,0.18445
8802.22477,0.18344
8798.36753,0.18236
8794.51029,0.18122
8790.65305,0.18010
8786.79581,0.17915
8782.93857,0.17829
8779.08133,0.17734
8775.22409,0.17641
8771.36684,0.17578
8767.50960,0.17548
8763.65236,0.17519
8759.79512,0.17480
8755.93788,0.17439
8752.08064,0.17404
8748.22340,0.17380
8744.36615,0.17361
8740.50891,0.17345
8736.65167,0.17346
8732.79443,0.17355
8728.93719,0.17361
8725.07995,0.17382
8721.22271,0.17414
8717.36547,0.17434
8713.50822,0.17448
8709.65098,0.17469
8705.79374,0.17489
8701.93650,0.17505
8698.07926,0.17527
8694.22202,0.17556
8690.36478,0.17585
8686.50753,0.17607
8682.65029,0.17624
8678.79305,0.17647
8674.93581,0.17675
8671.07857,0.17700
8667.22133,0.17728
8663.36409,0.17755
8659.50684,0.17781
8655.64960,0.17816
8651.79236,0.17861
8647.93512,0.17904
8644.07788,0.17935
8640.22064,0.17957
8636.36340,0.17985
8632.50616,0.18017
8628.64891,0.18040
8624.79167,0.18066
8620.93443,0.18113
8617.07719,0.18160
8613.21995,0.18185
8609.36271,0.18203
8605.50547,0.18238
8601.64822,0.18289
8597.79098,0.18336
8593.93374,0.18373
8590.07650,0.18405
8586.21926,0.18435
8582.36202,0.18464
8578.50478,0.18497
8574.64753,0.18535
8570.79029,0.18572
8566.93305,0.18607
8563.07581,0.18635
8559.21857,0.18654
8555.36133,0.18674
8551.50409,0.18692
8547.64685,0.18708
8543.78960,0.18730
8539.93236,0.18765
8536.07512,0.18807
8532.21788,0.18838
8528.36064,0.18850
8524.50340,0.18866
8520.64616,0.18897
8516.78891,0.18934
8512.93167,0.18960
8509.07443,0.18964
8505.21719,0.18956
8501.35995,0.18956
8497.50271,0.18968
8493.64547,0.18975
8489.78822,0.18981
8485.93098,0.19000
8482.07374,0.19031
8478.21650,0.19057
8474.35926,0.19062
8470.50202,0.19044
8466.64478,0.19022
8462.78754,0.19018
8458.93029,0.19028
8455.07305,0.19040
8451.21581,0.19043
8447.35857,0.19036
8443.50133,0.19025
8439.64409,0.19016
8435.78685,0.19010
8431.92960,0.19010
8428.07236,0.19009
8424.21512,0.19007
8420.35788,0.18999
8416.50064,0.18973
8412.64340,0.18942
8408.78616,0.18924
8404.92892,0.18915
8401.07167,0.18906
8397.21443,0.18897
8393.35719,0.18887
8389.49995,0.18873
8385.64271,0.18860
8381.78547,0.18852
8377.92823,0.18845
8374.07098,0.18836
8370.21374,0.18827
8366.35650,0.18822
8362.49926,0.18820
8358.64202,0.18813
8354.78478,0.18802
8350.92754,0.18795
8347.07029,0.18786
8343.21305,0.18775
8339.35581,0.18769
8335.49857,0.18764
8331.64133,0.18754
8327.78409,0.18748
8323.92685,0.18748
8320.06961,0.18748
8316.21236,0.18757
8312.35512,0.18782
8308.49788,0.18791
8304.64064,0.18775
8300.78340,0.18758
8296.92616,0.18749
8293.06892,0.18744
8289.21167,0.18749
8285.35443,0.18755
8281.49719,0.18754
8277.63995,0.18753
8273.78271,0.18754
8269.92547,0.18754
8266.06823,0.18755
8262.21098,0.18769
8258.35374,0.18788
8254.49650,0.18793
8250.63926,0.18792
8246.78202,0.18804
8242.92478,0.18823
8239.06754,0.18831
8235.21030,0.18828
8231.35305,0.18823
8227.49581,0.18816
8223.63857,0.18809
8219.78133,0.18807
8215.92409,0.18809
8212.06685,0.18805
8208.20961,0.18787
8204.35236,0.18767
8200.49512,0.18759
8196.63788,0.18756
8192.78064,0.18745
8188.92340,0.18730
8185.06616,0.18714
8181.20892,0.18701
8177.35168,0.18695
8173.49443,0.18681
8169.63719,0.18659
8165.77995,0.18651
8161.92271,0.18650
8158.06547,0.18635
8154.20823,0.18608
8150.35099,0.18580
8146.49374,0.18556
8142.63650,0.18533
8138.77926,0.18515
8134.92202,0.18507
8131.06478,0.18502
8127.20754,0.18489
8123.35030,0.18469
8119.49305,0.18443
8115.63581,0.18416
8111.77857,0.18394
8107.92133,0.18368
8104.06409,0.18332
8100.20685,0.18306
8096.34961,0.18296
8092.49237,0.18286
8088.63512,0.18261
8084.77788,0.18227
8080.92064,0.18205
8077.06340,0.18200
8073.20616,0.18193
8069.34892,0.18170
8065.49168,0.18138
8061.63443,0.18110
8057.77719,0.18095
8053.91995,0.18089
8050.06271,0.18071
8046.20547,0.18045
8042.34823,0.18029
8038.49099,0.18022
8034.63374,0.18014
8030.77650,0.18005
8026.91926,0.17997
8023.06202,0.17990
8019.20478,0.17980
8015.34754,0.17962
8011.49030,0.17948
8007.63306,0.17947
8003.77581,0.17947
7999.91857,0.17932
7996.06133,0.17912
7992.20409,0.17898
7988.34685,0.17895
7984.48961,0.17893
7980.63237,0.17882
7976.77512,0.17872
7972.91788,0.17865
7969.06064,0.17856
7965.20340,0.17845
7961.34616,0.17840
7957.48892,0.17837
7953.63168,0.17829
7949.77444,0.17821
7945.91719,0.17817
7942.05995,0.17808
7938.20271,0.17796
7934.34547,0.17794
7930.48823,0.17795
7926.63099,0.17781
7922.77375,0.17767
7918.91650,0.17772
7915.05926,0.17791
7911.20202,0.17808
7907.34478,0.17808
7903.48754,0.17791
7899.63030,0.17780
7895.77306,0.17789
7891.91581,0.17805
7888.05857,0.17812
7884.20133,0.17821
7880.34409,0.17838
7876.48685,0.17843
7872.62961,0.17828
7868.77237,0.17816
7864.91513,0.17821
7861.05788,0.17819
7857.20064,0.17804
7853.34340,0.17795
7849.48616,0.17792
7845.62892,0.17783
7841.77168,0.17766
7837.91444,0.17760
7834.05719,0.17772
7830.19995,0.17769
7826.34271,0.17738
7822.48547,0.17706
7818.62823,0.17689
7814.77099,0.17680
7810.91375,0.17677
7807.05650,0.17673
7803.19926,0.17659
7799.34202,0.17642
7795.48478,0.17615
7791.62754,0.17583
7787.77030,0.17571
7783.91306,0.17567
7780.05582,0.17548
7776.19857,0.17531
7772.34133,0.17527
7768.48409,0.17515
7764.62685,0.17497
7760.76961,0.17494
7756.91237,0.17492
7753.05513,0.17466
7749.19788,0.17433
7745.34064,0.17418
7741.48340,0.17410
7737.62616,0.17393
7733.76892,0.17368
7729.91168,0.17345
7726.05444,0.17332
7722.19720,0.17318
7718.33995,0.17292
7714.48271,0.17277
7710.62547,0.17290
7706.76823,0.17300
7702.91099,0.17281
7699.05375,0.17259
7695.19651,0.17252
7691.33926,0.17240
7687.48202,0.17221
7683.62478,0.17219
7679.76754,0.17239
7675.91030,0.17260
7672.05306,0.17274
7668.19582,0.17279
7664.33857,0.17273
7660.48133,0.17273
7656.62409,0.17287
7652.76685,0.17296
7648.90961,0.17297
7645.05237,0.17307
7641.19513,0.17315
7637.33789,0.17314
7633.48064,0.17312
7629.62340,0.17308
7625.76616,0.17306
7621.90892,0.17320
7618.05168,0.17344
7614.19444,0.17361
7610.33720,0.17382
7606.47995,0.17410
7602.62271,0.17424
7598.76547,0.17420
7594.90823,0.17421
7591.05099,0.17432
7587.19375,0.17435
7583.33651,0.17435
7579.47926,0.17453
7575.62202,0.17472
7571.76478,0.17481
7567.90754,0.17499
7564.05030,0.17536
7560.19306,0.17578
7556.33582,0.17613
7552.47858,0.17644
7548.62133,0.17674
7544.76409,0.17699
7540.90685,0.17718
7537.04961,0.17748
7533.19237,0.17796
7529.33513,0.17837
7525.47789,0.17858
7521.62064,0.17871
7517.76340,0.17886
7513.90616,0.17904
7510.04892,0.17925
7506.19168,0.17950
7502.33444,0.17977
7498.47720,0.18003
7494.61996,0.18040
7490.76271,0.18089
7486.90547,0.18130
7483.04823,0.18166
7479.19099,0.18207
7475.33375,0.18253
7471.47651,0.18305
7467.61927,0.18357
7463.76202,0.18411
7459.90478,0.18474
7456.04754,0.18548
7452.19030,0.18630
7448.33306,0.18708
7444.47582,0.18781
7440.61858,0.18860
7436.76133,0.18952
7432.90409,0.19053
7429.04685,0.19158
7425.18961,0.19265
7421.33237,0.19360
7417.47513,0.19446
7413.61789,0.19534
7409.76065,0.19627
7405.90340,0.19723
7402.04616,0.19824
7398.18892,0.19922
7394.33168,0.20015
7390.47444,0.20107
7386.61720,0.20204
7382.75996,0.20313
7378.90271,0.20427
7375.04547,0.20540
7371.18823,0.20656
7367.33099,0.20777
7363.47375,0.20891
7359.61651,0.20992
7355.75927,0.21083
7351.90202,0.21172
7348.04478,0.21263
7344.18754,0.21353
7340.33030,0.21428
7336.47306,0.21488
7332.61582,0.21555
7328.75858,0.21628
7324.90134,0.21679
7321.04409,0.21711
7317.18685,0.21746
7313.32961,0.21782
7309.47237,0.21807
7305.61513,0.21833
7301.75789,0.21871
7297.90065,0.21909
7294.04340,0.21938
7290.18616,0.21966
7286.32892,0.21998
7282.47168,0.22026
7278.61444,0.22051
7274.75720,0.22088
7270.89996,0.22139
7267.04272,0.22186
7263.18547,0.22223
7259.32823,0.22256
7255.47099,0.22288
7251.61375,0.22318
7247.75651,0.22357
7243.89927,0.22400
7240.04203,0.22433
7236.18478,0.22460
7232.32754,0.22495
7228.47030,0.22535
7224.61306,0.22572
7220.75582,0.22608
7216.89858,0.22641
7213.04134,0.22672
7209.18409,0.22703
7205.32685,0.22736
7201.46961,0.22763
7197.61237,0.22784
7193.75513,0.22810
7189.89789,0.22853
7186.04065,0.22914
7182.18341,0.22977
7178.32616,0.23037
7174.46892,0.23103
7170.61168,0.23183
7166.75444,0.23279
7162.89720,0.23382
7159.03996,0.23486
7155.18272,0.23592
7151.32547,0.23709
7147.46823,0.23848
7143.61099,0.24003
7139.75375,0.24150
7135.89651,0.24281
7132.03927,0.24414
7128.18203,0.24556
7124.32478,0.24704
7120.46754,0.24857
7116.61030,0.25008
7112.75306,0.25148
7108.89582,0.25284
7105.03858,0.25422
7101.18134,0.25564
7097.32410,0.25717
7093.46685,0.25878
7089.60961,0.26040
7085.75237,0.26201
7081.89513,0.26359
7078.03789,0.26522
7074.18065,0.26694
7070.32341,0.26874
7066.46616,0.27049
7062.60892,0.27211
7058.75168,0.27371
7054.89444,0.27536
7051.03720,0.27696
7047.17996,0.27852
7043.32272,0.28011
7039.46548,0.28166
7035.60823,0.28308
7031.75099,0.28436
7027.89375,0.28561
7024.03651,0.28687
7020.17927,0.28804
7016.32203,0.28907
7012.46479,0.29004
7008.60754,0.29098
7004.75030,0.29187
7000.89306,0.29279
6997.03582,0.29376
6993.17858,0.29473
6989.32134,0.29564
6985.46410,0.29643
6981.60685,0.29711
6977.74961,0.29779
6973.89237,0.29854
6970.03513,0.29923
6966.17789,0.29976
6962.32065,0.30026
6958.46341,0.30083
6954.60617,0.30141
6950.74892,0.30189
6946.89168,0.30232
6943.03444,0.30280
6939.17720,0.30327
6935.31996,0.30371
6931.46272,0.30420
6927.60548,0.30474
6923.74823,0.30525
6919.89099,0.30569
6916.03375,0.30608
6912.17651,0.30646
6908.31927,0.30687
6904.46203,0.30727
6900.60479,0.30769
6896.74754,0.30814
6892.89030,0.30864
6889.03306,0.30916
6885.17582,0.30967
6881.31858,0.31023
6877.46134,0.31086
6873.60410,0.31151
6869.74686,0.31213
6865.88961,0.31275
6862.03237,0.31340
6858.17513,0.31407
6854.31789,0.31467
6850.46065,0.31525
6846.60341,0.31596
6842.74617,0.31680
6838.88892,0.31763
6835.03168,0.31845
6831.17444,0.31921
6827.31720,0.31988
6823.45996,0.32060
6819.60272,0.32143
6815.74548,0.32221
6811.88824,0.32296
6808.03099,0.32382
6804.17375,0.32472
6800.31651,0.32553
6796.45927,0.32634
6792.60203,0.32723
6788.74479,0.32812
6784.88755,0.32895
6781.03030,0.32973
6777.17306,0.33047
6773.31582,0.33117
6769.45858,0.33185
6765.60134,0.33250
6761.74410,0.33315
6757.88686,0.33376
6754.02961,0.33425
6750.17237,0.33453
6746.31513,0.33469
6742.45789,0.33488
6738.60065,0.33515
6734.74341,0.33538
6730.88617,0.33551
6727.02893,0.33565
6723.17168,0.33579
6719.31444,0.33587
6715.45720,0.33590
6711.59996,0.33591
6707.74272,0.33592
6703.88548,0.33585
6700.02824,0.33571
6696.17099,0.33559
6692.31375,0.33556
6688.45651,0.33558
6684.59927,0.33552
6680.74203,0.33534
6676.88479,0.33509
6673.02755,0.33489
6669.17030,0.33467
6665.31306,0.33438
6661.45582,0.33402
6657.59858,0.33358
6653.74134,0.33307
6649.88410,0.33259
6646.02686,0.33219
6642.16962,0.33181
6638.31237,0.33136
6634.45513,0.33086
6630.59789,0.33036
6626.74065,0.32987
6622.88341,0.32934
6619.02617,0.32876
6615.16893,0.32813
6611.31168,0.32756
6607.45444,0.32708
6603.59720,0.32657
6599.73996,0.32607
6595.88272,0.32569
6592.02548,0.32537
6588.16824,0.32500
6584.31100,0.32464
6580.45375,0.32438
6576.59651,0.32419
6572.73927,0.32406
6568.88203,0.32402
6565.02479,0.32400
6561.16755,0.32398
6557.31031,0.32402
6553.45306,0.32416
6549.59582,0.32430
6545.73858,0.32441
6541.88134,0.32454
6538.02410,0.32472
6534.16686,0.32488
6530.30962,0.32496
6526.45237,0.32503
6522.59513,0.32514
6518.73789,0.32529
6514.88065,0.32544
6511.02341,0.32552
6507.16617,0.32560
6503.30893,0.32573
6499.45169,0.32588
6495.59444,0.32599
6491.73720,0.32598
6487.87996,0.32586
6484.02272,0.32570
6480.16548,0.32557
6476.30824,0.32549
6472.45100,0.32541
6468.59375,0.32526
6464.73651,0.32502
6460.87927,0.32471
6457.02203,0.32438
6453.16479,0.32410
6449.30755,0.32384
6445.45031,0.32351
6441.59306,0.32308
6437.73582,0.32264
6433.87858,0.32222
6430.02134,0.32182
6426.16410,0.32148
6422.30686,0.32114
6418.44962,0.32072
6414.59238,0.32030
6410.73513,0.31995
6406.87789,0.31958
6403.02065,0.31925
6399.16341,0.31905
6395.30617,0.31890
6391.44893,0.31866
6387.59169,0.31840
6383.73444,0.31825
6379.87720,0.31810
6376.01996,0.31784
6372.16272,0.31757
6368.30548,0.31733
6364.44824,0.31706
6360.59100,0.31676
6356.73376,0.31648
6352.87651,0.31628
6349.01927,0.31619
6345.16203,0.31616
6341.30479,0.31609
6337.44755,0.31600
6333.59031,0.31598
6329.73307,0.31604
6325.87582,0.31605
6322.01858,0.31594
6318.16134,0.31579
6314.30410,0.31570
6310.44686,0.31558
6306.58962,0.31537
6302.73238,0.31510
6298.87513,0.31483
6295.01789,0.31453
6291.16065,0.31415
6287.30341,0.31364
6283.44617,0.31297
6279.58893,0.31222
6275.73169,0.31145
6271.87445,0.31067
6268.01720,0.30984
6264.15996,0.30902
6260.30272,0.30822
6256.44548,0.30738
6252.58824,0.30646
6248.73100,0.30546
6244.87376,0.30443
6241.01651,0.30341
6237.15927,0.30240
6233.30203,0.30137
6229.44479,0.30028
6225.58755,0.29920
6221.73031,0.29827
6217.87307,0.29761
6214.01582,0.29723
6210.15858,0.29705
6206.30134,0.29705
6202.44410,0.29713
6198.58686,0.29706
6194.72962,0.29662
6190.87238,0.29576
6187.01514,0.29452
6183.15789,0.29304
6179.30065,0.29159
6175.44341,0.29044
6171.58617,0.28960
6167.72893,0.28892
6163.87169,0.28845
6160.01445,0.28835
6156.15720,0.28856
6152.29996,0.28888
6148.44272,0.28913
6144.58548,0.28915
6140.72824,0.28893
6136.87100,0.28858
6133.01376,0.28822
6129.15652,0.28799
6125.29927,0.28811
6121.44203,0.28878
6117.58479,0.29008
6113.72755,0.29208
6109.87031,0.29477
6106.01307,0.29801
6102.15583,0.30167
6098.29858,0.30569
6094.44134,0.30993
6090.58410,0.31415
6086.72686,0.31819
6082.86962,0.32197
6079.01238,0.32564
6075.15514,0.32955
6071.29789,0.33410
6067.44065,0.33943
6063.58341,0.34528
6059.72617,0.35109
6055.86893,0.35635
6052.01169,0.36095
6048.15445,0.36512
6044.29721,0.36920
6040.43996,0.37351
6036.58272,0.37832
6032.72548,0.38345
6028.86824,0.38831
6025.01100,0.39218
6021.15376,0.39430
6017.29652,0.39402
6013.43927,0.39121
6009.58203,0.38622
6005.72479,0.37965
6001.86755,0.37230
5998.01031,0.36507
5994.15307,0.35876
5990.29583,0.35380
5986.43858,0.35025
5982.58134,0.34783
5978.72410,0.34589
5974.86686,0.34354
5971.00962,0.34033
5967.15238,0.33663
5963.29514,0.33318
5959.43790,0.33061
5955.58065,0.32913
5951.72341,0.32849
5947.86617,0.32819
5944.00893,0.32767
5940.15169,0.32643
5936.29445,0.32415
5932.43721,0.32089
5928.57996,0.31707
5924.72272,0.31319
5920.86548,0.30958
5917.00824,0.30639
5913.15100,0.30372
5909.29376,0.30177
5905.43652,0.30078
5901.57927,0.30083
5897.72203,0.30180
5893.86479,0.30353
5890.00755,0.30586
5886.15031,0.30852
5882.29307,0.31118
5878.43583,0.31358
5874.57859,0.31565
5870.72134,0.31742
5866.86410,0.31874
5863.00686,0.31939
5859.14962,0.31937
5855.29238,0.31885
5851.43514,0.31807
5847.57790,0.31728
5843.72065,0.31662
5839.86341,0.31610
5836.00617,0.31580
5832.14893,0.31577
5828.29169,0.31592
5824.43445,0.31613
5820.57721,0.31639
5816.71997,0.31671
5812.86272,0.31700
5809.00548,0.31713
5805.14824,0.31708
5801.29100,0.31686
5797.43376,0.31653
5793.57652,0.31624
5789.71928,0.31605
5785.86203,0.31587
5782.00479,0.31559
5778.14755,0.31525
5774.29031,0.31485
5770.43307,0.31431
5766.57583,0.31359
5762.71859,0.31267
5758.86134,0.31156
5755.00410,0.31024
5751.14686,0.30869
5747.28962,0.30698
5743.43238,0.30527
5739.57514,0.30369
5735.71790,0.30228
5731.86066,0.30107
5728.00341,0.30015
5724.14617,0.29962
5720.28893,0.29955
5716.43169,0.29978
5712.57445,0.30002
5708.71721,0.30014
5704.85997,0.30010
5701.00272,0.29997
5697.14548,0.29983
5693.28824,0.29969
5689.43100,0.29947
5685.57376,0.29923
5681.71652,0.29910
5677.85928,0.29912
5674.00203,0.29930
5670.14479,0.29966
5666.28755,0.30017
5662.43031,0.30073
5658.57307,0.30121
5654.71583,0.30147
5650.85859,0.30139
5647.00135,0.30096
5643.14410,0.30026
5639.28686,0.29942
5635.42962,0.29856
5631.57238,0.29778
5627.71514,0.29713
5623.85790,0.29663
5620.00066,0.29622
5616.14341,0.29589
5612.28617,0.29564
5608.42893,0.29557
5604.57169,0.29573
5600.71445,0.29605
5596.85721,0.29640
5592.99997,0.29680
5589.14273,0.29731
5585.28548,0.29786
5581.42824,0.29838
5577.57100,0.29888
5573.71376,0.29936
5569.85652,0.29980
5565.99928,0.30010
5562.14204,0.30024
5558.28479,0.30020
5554.42755,0.30006
5550.57031,0.29993
5546.71307,0.29987
5542.85583,0.29987
5538.99859,0.29986
5535.14135,0.29982
5531.28410,0.29974
5527.42686,0.29960
5523.56962,0.29939
5519.71238,0.29909
5515.85514,0.29872
5511.99790,0.29840
5508.14066,0.29825
5504.28342,0.29832
5500.42617,0.29860
5496.56893,0.29905
5492.71169,0.29958
5488.85445,0.30009
5484.99721,0.30049
5481.13997,0.30072
5477.28273,0.30068
5473.42548,0.30030
5469.56824,0.29970
5465.71100,0.29899
5461.85376,0.29819
5457.99652,0.29729
5454.13928,0.29626
5450.28204,0.29504
5446.42479,0.29362
5442.56755,0.29212
5438.71031,0.29067
5434.85307,0.28933
5430.99583,0.28805
5427.13859,0.28683
5423.28135,0.28580
5419.42411,0.28512
5415.56686,0.28471
5411.70962,0.28443
5407.85238,0.28426
5403.99514,0.28417
5400.13790,0.28405
5396.28066,0.28391
5392.42342,0.28379
5388.56617,0.28379
5384.70893,0.28393
5380.85169,0.28421
5376.99445,0.28457
5373.13721,0.28500
5369.27997,0.28556
5365.42273,0.28625
5361.56549,0.28703
5357.70824,0.28786
5353.85100,0.28871
5349.99376,0.28952
5346.13652,0.29024
5342.27928,0.29094
5338.42204,0.29170
5334.56480,0.29256
5330.70755,0.29358
5326.85031,0.29489
5322.99307,0.29654
5319.13583,0.29857
5315.27859,0.30095
5311.42135,0.30366
5307.56411,0.30677
5303.70686,0.31029
5299.84962,0.31419
5295.99238,0.31857
5292.13514,0.32353
5288.27790,0.32905
5284.42066,0.33507
5280.56342,0.34161
5276.70618,0.34860
5272.84893,0.35586
5268.99169,0.36314
5265.13445,0.37027
5261.27721,0.37704
5257.41997,0.38320
5253.56273,0.38871
5249.70549,0.39362
5245.84824,0.39798
5241.99100,0.40174
5238.13376,0.40489
5234.27652,0.40753
5230.41928,0.40984
5226.56204,0.41194
5222.70480,0.41374
5218.84755,0.41512
5214.99031,0.41620
5211.13307,0.41710
5207.27583,0.41781
5203.41859,0.41838
5199.56135,0.41889
5195.70411,0.41934
5191.84687,0.41971
5187.98962,0.41996
5184.13238,0.42008
5180.27514,0.42006
5176.41790,0.41990
5172.56066,0.41963
5168.70342,0.41931
5164.84618,0.41897
5160.98893,0.41858
5157.13169,0.41806
5153.27445,0.41744
5149.41721,0.41677
5145.55997,0.41606
5141.70273,0.41529
5137.84549,0.41453
5133.98825,0.41382
5130.13100,0.41309
5126.27376,0.41223
5122.41652,0.41112
5118.55928,0.40963
5114.70204,0.40761
5110.84480,0.40505
5106.98756,0.40221
5103.13031,0.39932
5099.27307,0.39642
5095.41583,0.39360
5091.55859,0.39094
5087.70135,0.38847
5083.84411,0.38622
5079.98687,0.38414
5076.12962,0.38210
5072.27238,0.38013
5068.41514,0.37827
5064.55790,0.37647
5060.70066,0.37474
5056.84342,0.37309
5052.98618,0.37151
5049.12894,0.36994
5045.27169,0.36845
5041.41445,0.36708
5037.55721,0.36583
5033.69997,0.36464
5029.84273,0.36348
5025.98549,0.36235
5022.12825,0.36128
5018.27100,0.36026
5014.41376,0.35923
5010.55652,0.35818
5006.69928,0.35717
5002.84204,0.35620
4998.98480,0.35520
4995.12756,0.35427
4991.27031,0.35355
4987.41307,0.35299
4983.55583,0.35250
4979.69859,0.35214
4975.84135,0.35200
4971.98411,0.35211
4968.12687,0.35246
4964.26963,0.35295
4960.41238,0.35358
4956.55514,0.35445
4952.69790,0.35562
4948.84066,0.35698
4944.98342,0.35843
4941.12618,0.35994
4937.26894,0.36155
4933.41169,0.36330
4929.55445,0.36520
4925.69721,0.36721
4921.83997,0.36941
4917.98273,0.37186
4914.12549,0.37445
4910.26825,0.37709
4906.41101,0.37985
4902.55376,0.38280
4898.69652,0.38590
4894.83928,0.38913
4890.98204,0.39254
4887.12480,0.39609
4883.26756,0.39969
4879.41032,0.40328
4875.55307,0.40686
4871.69583,0.41038
4867.83859,0.41375
4863.98135,0.41696
4860.12411,0.42007
4856.26687,0.42317
4852.40963,0.42634
4848.55238,0.42966
4844.69514,0.43324
4840.83790,0.43717
4836.98066,0.44137
4833.12342,0.44564
4829.26618,0.44989
4825.40894,0.45404
4821.55170,0.45798
4817.69445,0.46162
4813.83721,0.46501
4809.97997,0.46820
4806.12273,0.47112
4802.26549,0.47365
4798.40825,0.47575
4794.55101,0.47746
4790.69376,0.47877
4786.83652,0.47969
4782.97928,0.48034
4779.12204,0.48090
4775.26480,0.48149
4771.40756,0.48221
4767.55032,0.48316
4763.69307,0.48450
4759.83583,0.48631
4755.97859,0.48838
4752.12135,0.49053
4748.26411,0.49266
4744.40687,0.49458
4740.54963,0.49629
4736.69239,0.49812
4732.83514,0.50050
4728.97790,0.50358
4725.12066,0.50679
4721.26342,0.50920
4717.40618,0.51028
4713.54894,0.51042
4709.69170,0.51076
4705.83445,0.51255
4701.97721,0.51624
4698.11997,0.52088
4694.26273,0.52467
4690.40549,0.52580
4686.54825,0.52316
4682.69101,0.51698
4678.83377,0.50864
4674.97652,0.50003
4671.11928,0.49275
4667.26204,0.48750
4663.40480,0.48412
4659.54756,0.48208
4655.69032,0.48117
4651.83308,0.48181
4647.97583,0.48441
4644.11859,0.48852
4640.26135,0.49266
4636.40411,0.49481
4632.54687,0.49319
4628.68963,0.48729
4624.83239,0.47835
4620.97514,0.46869
4617.11790,0.46037
4613.26066,0.45436
4609.40342,0.45064
4605.54618,0.44891
4601.68894,0.44910
4597.83170,0.45090
4593.97446,0.45323
4590.11721,0.45516
4586.25997,0.45666
4582.40273,0.45739
4578.54549,0.45589
4574.68825,0.45098
4570.83101,0.44346
4566.97377,0.43556
4563.11652,0.42921
4559.25928,0.42503
4555.40204,0.42261
4551.54480,0.42123
4547.68756,0.42028
4543.83032,0.41941
4539.97308,0.41861
4536.11583,0.41807
4532.25859,0.41794
4528.40135,0.41829
4524.54411,0.41918
4520.68687,0.42063
4516.82963,0.42266
4512.97239,0.42548
4509.11515,0.42938
4505.25790,0.43459
4501.40066,0.44131
4497.54342,0.44938
4493.68618,0.45783
4489.82894,0.46534
4485.97170,0.47129
4482.11446,0.47638
4478.25721,0.48192
4474.39997,0.48926
4470.54273,0.49936
4466.68549,0.51220
4462.82825,0.52591
4458.97101,0.53724
4455.11377,0.54432
4451.25653,0.54854
4447.39928,0.55264
4443.54204,0.55783
4439.68480,0.56348
4435.82756,0.56818
4431.97032,0.57054
4428.11308,0.56991
4424.25584,0.56704
4420.39859,0.56388
4416.54135,0.56238
4412.68411,0.56331
4408.82687,0.56583
4404.96963,0.56797
4401.11239,0.56803
4397.25515,0.56558
4393.39790,0.56142
4389.54066,0.55676
4385.68342,0.55241
4381.82618,0.54876
4377.96894,0.54587
4374.11170,0.54381
4370.25446,0.54290
4366.39722,0.54329
4362.53997,0.54464
4358.68273,0.54637
4354.82549,0.54805
4350.96825,0.54978
4347.11101,0.55198
4343.25377,0.55482
4339.39653,0.55791
4335.53928,0.56068
4331.68204,0.56306
4327.82480,0.56545
4323.96756,0.56807
4320.11032,0.57095
4316.25308,0.57431
4312.39584,0.57845
4308.53859,0.58342
4304.68135,0.58892
4300.82411,0.59438
4296.96687,0.59916
4293.10963,0.60270
4289.25239,0.60479
4285.39515,0.60556
4281.53791,0.60544
4277.68066,0.60479
4273.82342,0.60372
4269.96618,0.60208
4266.10894,0.59992
4262.25170,0.59781
4258.39446,0.59644
4254.53722,0.59602
4250.67997,0.59618
4246.82273,0.59632
4242.96549,0.59585
4239.10825,0.59454
4235.25101,0.59286
4231.39377,0.59163
4227.53653,0.59084
4223.67929,0.58964
4219.82204,0.58754
4215.96480,0.58490
4212.10756,0.58222
4208.25032,0.57972
4204.39308,0.57747
4200.53584,0.57562
4196.67860,0.57463
4192.82135,0.57516
4188.96411,0.57752
4185.10687,0.58137
4181.24963,0.58537
4177.39239,0.58727
4173.53515,0.58547
4169.67791,0.58051
4165.82066,0.57444
4161.96342,0.56925
4158.10618,0.56601
4154.24894,0.56481
4150.39170,0.56523
4146.53446,0.56701
4142.67722,0.57006
4138.81998,0.57404
4134.96273,0.57817
4131.10549,0.58168
4127.24825,0.58454
4123.39101,0.58759
4119.53377,0.59161
4115.67653,0.59688
4111.81929,0.60371
4107.96204,0.61264
4104.10480,0.62422
4100.24756,0.63906
4096.39032,0.65616
4092.53308,0.67077
4088.67584,0.67713
4084.81860,0.67420
4080.96135,0.66548
4077.10411,0.65527
4073.24687,0.64696
4069.38963,0.64215
4065.53239,0.64044
4061.67515,0.64083
4057.81791,0.64271
4053.96067,0.64560
4050.10342,0.64883
4046.24618,0.65184
4042.38894,0.65429
4038.53170,0.65613
4034.67446,0.65757
4030.81722,0.65872
4026.95998,0.65950
4023.10273,0.65972
4019.24549,0.65931
4015.38825,0.65836
4011.53101,0.65688
4007.67377,0.65490
4003.81653,0.65255
3999.95929,0.64989
3996.10205,0.64694
3992.24480,0.64384
3988.38756,0.64101
3984.53032,0.63879
3980.67308,0.63706
3976.81584,0.63560
3972.95860,0.63409
3969.10136,0.63211
3965.24411,0.62955
3961.38687,0.62666
3957.52963,0.62376
3953.67239,0.62096
3949.81515,0.61821
3945.95791,0.61542
3942.10067,0.61265
3938.24342,0.61000
3934.38618,0.60752
3930.52894,0.60519
3926.67170,0.60308
3922.81446,0.60114
3918.95722,0.59924
3915.09998,0.59729
3911.24274,0.59511
3907.38549,0.59241
3903.52825,0.58912
3899.67101,0.58581
3895.81377,0.58287
3891.95653,0.58009
3888.09929,0.57762
3884.24205,0.57574
3880.38480,0.57426
3876.52756,0.57263
3872.67032,0.57044
3868.81308,0.56761
3864.95584,0.56449
3861.09860,0.56153
3857.24136,0.55880
3853.38411,0.55614
3849.52687,0.55396
3845.66963,0.55237
3841.81239,0.55113
3837.95515,0.55035
3834.09791,0.55004
3830.24067,0.54990
3826.38343,0.55002
3822.52618,0.55097
3818.66894,0.55326
3814.81170,0.55629
3810.95446,0.55880
3807.09722,0.56014
3803.23998,0.56013
3799.38274,0.55908
3795.52549,0.55778
3791.66825,0.55690
3787.81101,0.55678
3783.95377,0.55760
3780.09653,0.55935
3776.23929,0.56168
3772.38205,0.56439
3768.52481,0.56774
3764.66756,0.57150
3760.81032,0.57475
3756.95308,0.57649
3753.09584,0.57621
3749.23860,0.57496
3745.38136,0.57506
3741.52412,0.57745
3737.66687,0.58174
3733.80963,0.58717
3729.95239,0.59172
3726.09515,0.59490
3722.23791,0.59855
3718.38067,0.60380
3714.52343,0.61099
3710.66618,0.62101
3706.80894,0.63345
3702.95170,0.64761
3699.09446,0.66408
3695.23722,0.68285
3691.37998,0.70530
3687.52274,0.73070
3683.66550,0.75280
3679.80825,0.77131
3675.95101,0.79165
3672.09377,0.81636
3668.23653,0.84221
3664.37929,0.86593
3660.52205,0.88857
3656.66481,0.91216
3652.80756,0.93673
3648.95032,0.96180
3645.09308,0.98498
3641.23584,1.00348
3637.37860,1.01997
3633.52136,1.03597
3629.66412,1.05111
3625.80687,1.06579
3621.94963,1.07765
3618.09239,1.08580
3614.23515,1.09193
3610.37791,1.10121
3606.52067,1.11447
3602.66343,1.12866
3598.80619,1.14226
