12493.60475,0.20193
12489.74751,0.20452
12485.89027,0.20510
12482.03303,0.20423
12478.17579,0.20345
12474.31855,0.20334
12470.46130,0.20359
12466.60406,0.20292
12462.74682,0.20120
12458.88958,0.19963
12455.03234,0.19910
12451.17510,0.20112
12447.31786,0.20475
12443.46062,0.20649
12439.60337,0.20604
12435.74613,0.20490
12431.88889,0.20295
12428.03165,0.20031
12424.17441,0.19856
12420.31717,0.19922
12416.45993,0.20191
12412.60268,0.20480
12408.74544,0.20562
12404.88820,0.20425
12401.03096,0.20423
12397.17372,0.20643
12393.31648,0.20689
12389.45924,0.20399
12385.60199,0.20063
12381.74475,0.19953
12377.88751,0.20052
12374.03027,0.20259
12370.17303,0.20490
12366.31579,0.20588
12362.45855,0.20556
12358.60131,0.20478
12354.74406,0.20275
12350.88682,0.20079
12347.02958,0.20109
12343.17234,0.20185
12339.31510,0.20059
12335.45786,0.19885
12331.60062,0.19954
12327.74337,0.20149
12323.88613,0.20259
12320.02889,0.20355
12316.17165,0.20352
12312.31441,0.20211
12308.45717,0.20169
12304.59993,0.20188
12300.74268,0.20237
12296.88544,0.20437
12293.02820,0.20559
12289.17096,0.20396
12285.31372,0.20131
12281.45648,0.20053
12277.59924,0.20227
12273.74200,0.20331
12269.88475,0.20210
12266.02751,0.20140
12262.17027,0.20166
12258.31303,0.20163
12254.45579,0.20194
12250.59855,0.20261
12246.74131,0.20249
12242.88406,0.20165
12239.02682,0.20065
12235.16958,0.19976
12231.31234,0.20010
12227.45510,0.20132
12223.59786,0.20190
12219.74062,0.20172
12215.88338,0.20129
12212.02613,0.20151
12208.16889,0.20197
12204.31165,0.20142
12200.45441,0.20124
12196.59717,0.20266
12192.73993,0.20444
12188.88269,0.20541
12185.02544,0.20461
12181.16820,0.20136
12177.31096,0.19875
12173.45372,0.20019
12169.59648,0.20243
12165.73924,0.20176
12161.88200,0.20040
12158.02475,0.20034
12154.16751,0.20066
12150.31027,0.20048
12146.45303,0.19914
12142.59579,0.19753
12138.73855,0.19666
12134.88131,0.19517
12131.02407,0.19317
12127.16682,0.19254
12123.30958,0.19455
12119.45234,0.19812
12115.59510,0.19894
12111.73786,0.19684
12107.88062,0.19581
12104.02338,0.19564
12100.16613,0.19476
12096.30889,0.19410
12092.45165,0.19425
12088.59441,0.19445
12084.73717,0.19405
12080.87993,0.19398
12077.02269,0.19532
12073.16544,0.19729
12069.30820,0.19784
12065.45096,0.19550
12061.59372,0.19179
12057.73648,0.19012
12053.87924,0.19149
12050.02200,0.19479
12046.16476,0.19817
12042.30751,0.20046
12038.45027,0.20167
12034.59303,0.20143
12030.73579,0.20065
12026.87855,0.20043
12023.02131,0.19970
12019.16407,0.19875
12015.30682,0.19903
12011.44958,0.20021
12007.59234,0.20046
12003.73510,0.19796
11999.87786,0.19438
11996.02062,0.19383
11992.16338,0.19583
11988.30614,0.19704
11984.44889,0.19741
11980.59165,0.19816
11976.73441,0.19873
11972.87717,0.19841
11969.01993,0.19803
11965.16269,0.19803
11961.30545,0.19727
11957.44820,0.19642
11953.59096,0.19669
11949.73372,0.19730
11945.87648,0.19835
11942.01924,0.19996
11938.16200,0.20084
11934.30476,0.20035
11930.44751,0.19852
11926.59027,0.19629
11922.73303,0.19540
11918.87579,0.19596
11915.01855,0.19720
11911.16131,0.19846
11907.30407,0.19950
11903.44683,0.20072
11899.58958,0.20128
11895.73234,0.20119
11891.87510,0.20179
11888.01786,0.20199
11884.16062,0.20063
11880.30338,0.19912
11876.44614,0.19898
11872.58889,0.20088
11868.73165,0.20348
11864.87441,0.20449
11861.01717,0.20423
11857.15993,0.20424
11853.30269,0.20406
11849.44545,0.20275
11845.58820,0.20107
11841.73096,0.20085
11837.87372,0.20243
11834.01648,0.20377
11830.15924,0.20321
11826.30200,0.20221
11822.44476,0.20297
11818.58752,0.20413
11814.73027,0.20290
11810.87303,0.20019
11807.01579,0.19889
11803.15855,0.19980
11799.30131,0.20190
11795.44407,0.20333
11791.58683,0.20266
11787.72958,0.20084
11783.87234,0.20025
11780.01510,0.20183
11776.15786,0.20382
11772.30062,0.20379
11768.44338,0.20192
11764.58614,0.20102
11760.72890,0.20206
11756.87165,0.20335
11753.01441,0.20366
11749.15717,0.20275
11745.29993,0.20133
11741.44269,0.20083
11737.58545,0.20150
11733.72821,0.20241
11729.87096,0.20289
11726.01372,0.20304
11722.15648,0.20329
11718.29924,0.20402
11714.44200,0.20536
11710.58476,0.20671
11706.72752,0.20686
11702.87027,0.20570
11699.01303,0.20462
11695.15579,0.20430
11691.29855,0.20332
11687.44131,0.20179
11683.58407,0.20218
11679.72683,0.20388
11675.86959,0.20388
11672.01234,0.20246
11668.15510,0.20216
11664.29786,0.20308
11660.44062,0.20311
11656.58338,0.20225
11652.72614,0.20213
11648.86890,0.20266
11645.01165,0.20235
11641.15441,0.20086
11637.29717,0.19976
11633.43993,0.19967
11629.58269,0.19994
11625.72545,0.20101
11621.86821,0.20299
11618.01096,0.20400
11614.15372,0.20217
11610.29648,0.19885
11606.43924,0.19731
11602.58200,0.19813
11598.72476,0.19952
11594.86752,0.20017
11591.01028,0.20023
11587.15303,0.20103
11583.29579,0.20248
11579.43855,0.20230
11575.58131,0.20046
11571.72407,0.20019
11567.86683,0.20175
11564.00959,0.20191
11560.15234,0.20131
11556.29510,0.20343
11552.43786,0.20657
11548.58062,0.20644
11544.72338,0.20358
11540.86614,0.20184
11537.00890,0.20245
11533.15166,0.20305
11529.29441,0.20150
11525.43717,0.19917
11521.57993,0.19954
11517.72269,0.20253
11513.86545,0.20375
11510.00821,0.20137
11506.15097,0.19914
11502.29372,0.19989
11498.43648,0.20092
11494.57924,0.20020
11490.72200,0.19982
11486.86476,0.20089
11483.00752,0.20167
11479.15028,0.20028
11475.29303,0.19771
11471.43579,0.19664
11467.57855,0.19686
11463.72131,0.19659
11459.86407,0.19566
11456.00683,0.19546
11452.14959,0.19627
11448.29235,0.19630
11444.43510,0.19530
11440.57786,0.19506
11436.72062,0.19573
11432.86338,0.19618
11429.00614,0.19654
11425.14890,0.19715
11421.29166,0.19720
11417.43441,0.19712
11413.57717,0.19803
11409.71993,0.19854
11405.86269,0.19762
11402.00545,0.19640
11398.14821,0.19525
11394.29097,0.19479
11390.43372,0.19591
11386.57648,0.19692
11382.71924,0.19688
11378.86200,0.19691
11375.00476,0.19688
11371.14752,0.19701
11367.29028,0.19834
11363.43304,0.19973
11359.57579,0.19926
11355.71855,0.19678
11351.86131,0.19440
11348.00407,0.19440
11344.14683,0.19591
11340.28959,0.19726
11336.43235,0.19800
11332.57510,0.19711
11328.71786,0.19518
11324.86062,0.19451
11321.00338,0.19528
11317.14614,0.19551
11313.28890,0.19431
11309.43166,0.19310
11305.57442,0.19260
11301.71717,0.19226
11297.85993,0.19283
11294.00269,0.19455
11290.14545,0.19611
11286.28821,0.19702
11282.43097,0.19734
11278.57373,0.19725
11274.71648,0.19725
11270.85924,0.19669
11267.00200,0.19595
11263.14476,0.19687
11259.28752,0.19817
11255.43028,0.19747
11251.57304,0.19586
11247.71579,0.19479
11243.85855,0.19359
11240.00131,0.19275
11236.14407,0.19301
11232.28683,0.19314
11228.42959,0.19266
11224.57235,0.19274
11220.71511,0.19407
11216.85786,0.19612
11213.00062,0.19804
11209.14338,0.19872
11205.28614,0.19769
11201.42890,0.19649
11197.57166,0.19589
11193.71442,0.19536
11189.85717,0.19537
11185.99993,0.19584
11182.14269,0.19584
11178.28545,0.19567
11174.42821,0.19569
11170.57097,0.19560
11166.71373,0.19557
11162.85648,0.19543
11158.99924,0.19540
11155.14200,0.19597
11151.28476,0.19632
11147.42752,0.19607
11143.57028,0.19539
11139.71304,0.19430
11135.85580,0.19380
11131.99855,0.19437
11128.14131,0.19470
11124.28407,0.19412
11120.42683,0.19389
11116.56959,0.19457
11112.71235,0.19500
11108.85511,0.19495
11104.99786,0.19532
11101.14062,0.19631
11097.28338,0.19698
11093.42614,0.19685
11089.56890,0.19642
11085.71166,0.19586
11081.85442,0.19521
11077.99718,0.19498
11074.13993,0.19516
11070.28269,0.19512
11066.42545,0.19492
11062.56821,0.19487
11058.71097,0.19501
11054.85373,0.19526
11050.99649,0.19494
11047.13924,0.19414
11043.28200,0.19389
11039.42476,0.19417
11035.56752,0.19424
11031.71028,0.19428
11027.85304,0.19457
11023.99580,0.19482
11020.13855,0.19494
11016.28131,0.19475
11012.42407,0.19415
11008.56683,0.19388
11004.70959,0.19394
11000.85235,0.19402
10996.99511,0.19444
10993.13787,0.19493
10989.28062,0.19482
10985.42338,0.19410
10981.56614,0.19316
10977.70890,0.19251
10973.85166,0.19234
10969.99442,0.19242
10966.13718,0.19265
10962.27993,0.19288
10958.42269,0.19287
10954.56545,0.19294
10950.70821,0.19304
10946.85097,0.19291
10942.99373,0.19332
10939.13649,0.19427
10935.27924,0.19458
10931.42200,0.19410
10927.56476,0.19365
10923.70752,0.19371
10919.85028,0.19401
10915.99304,0.19401
10912.13580,0.19344
10908.27856,0.19276
10904.42131,0.19288
10900.56407,0.19349
10896.70683,0.19332
10892.84959,0.19260
10888.99235,0.19254
10885.13511,0.19330
10881.27787,0.19371
10877.42062,0.19305
10873.56338,0.19234
10869.70614,0.19257
10865.84890,0.19279
10861.99166,0.19212
10858.13442,0.19105
10854.27718,0.19054
10850.41993,0.19111
10846.56269,0.19195
10842.70545,0.19201
10838.84821,0.19166
10834.99097,0.19153
10831.13373,0.19159
10827.27649,0.19162
10823.41925,0.19160
10819.56200,0.19132
10815.70476,0.19067
10811.84752,0.19041
10807.99028,0.19094
10804.13304,0.19137
10800.27580,0.19117
10796.41856,0.19080
10792.56131,0.19061
10788.70407,0.19052
10784.84683,0.19062
10780.98959,0.19103
10777.13235,0.19128
10773.27511,0.19120
10769.41787,0.19167
10765.56063,0.19238
10761.70338,0.19194
10757.84614,0.19087
10753.98890,0.19069
10750.13166,0.19133
10746.27442,0.19177
10742.41718,0.19177
10738.55994,0.19183
10734.70269,0.19185
10730.84545,0.19170
10726.98821,0.19171
10723.13097,0.19152
10719.27373,0.19067
10715.41649,0.19007
10711.55925,0.19033
10707.70200,0.19085
10703.84476,0.19137
10699.98752,0.19183
10696.13028,0.19150
10692.27304,0.19051
10688.41580,0.18980
10684.55856,0.18943
10680.70132,0.18941
10676.84407,0.18998
10672.98683,0.19059
10669.12959,0.19100
10665.27235,0.19155
10661.41511,0.19213
10657.55787,0.19223
10653.70063,0.19141
10649.84338,0.18997
10645.98614,0.18924
10642.12890,0.18989
10638.27166,0.19064
10634.41442,0.19038
10630.55718,0.18984
10626.69994,0.18992
10622.84269,0.19042
10618.98545,0.19057
10615.12821,0.18990
10611.27097,0.18910
10607.41373,0.18899
10603.55649,0.18909
10599.69925,0.18876
10595.84201,0.18838
10591.98476,0.18838
10588.12752,0.18874
10584.27028,0.18935
10580.41304,0.19011
10576.55580,0.19066
10572.69856,0.19050
10568.84132,0.18961
10564.98407,0.18845
10561.12683,0.18732
10557.26959,0.18689
10553.41235,0.18761
10549.55511,0.18866
10545.69787,0.18891
10541.84063,0.18823
10537.98339,0.18749
10534.12614,0.18723
10530.26890,0.18733
10526.41166,0.18767
10522.55442,0.18764
10518.69718,0.18681
10514.83994,0.18588
10510.98270,0.18569
10507.12545,0.18619
10503.26821,0.18666
10499.41097,0.18689
10495.55373,0.18735
10491.69649,0.18796
10487.83925,0.18779
10483.98201,0.18691
10480.12476,0.18642
10476.26752,0.18638
10472.41028,0.18611
10468.55304,0.18581
10464.69580,0.18580
10460.83856,0.18597
10456.98132,0.18634
10453.12408,0.18671
10449.26683,0.18646
10445.40959,0.18573
10441.55235,0.18530
10437.69511,0.18544
10433.83787,0.18570
10429.98063,0.18590
10426.12339,0.18621
10422.26614,0.18644
10418.40890,0.18626
10414.55166,0.18582
10410.69442,0.18552
10406.83718,0.18534
10402.97994,0.18522
10399.12270,0.18518
10395.26545,0.18500
10391.40821,0.18489
10387.55097,0.18542
10383.69373,0.18619
10379.83649,0.18632
10375.97925,0.18614
10372.12201,0.18635
10368.26477,0.18661
10364.40752,0.18650
10360.55028,0.18627
10356.69304,0.18625
10352.83580,0.18649
10348.97856,0.18690
10345.12132,0.18727
10341.26408,0.18728
10337.40683,0.18699
10333.54959,0.18691
10329.69235,0.18715
10325.83511,0.18724
10321.97787,0.18694
10318.12063,0.18662
10314.26339,0.18671
10310.40615,0.18706
10306.54890,0.18707
10302.69166,0.18667
10298.83442,0.18652
10294.97718,0.18674
10291.11994,0.18692
10287.26270,0.18687
10283.40546,0.18666
10279.54821,0.18651
10275.69097,0.18652
10271.83373,0.18665
10267.97649,0.18698
10264.11925,0.18742
10260.26201,0.18763
10256.40477,0.18756
10252.54752,0.18734
10248.69028,0.18708
10244.83304,0.18693
10240.97580,0.18710
10237.11856,0.18756
10233.26132,0.18794
10229.40408,0.18791
10225.54684,0.18759
10221.68959,0.18738
10217.83235,0.18741
10213.97511,0.18749
10210.11787,0.18764
10206.26063,0.18784
10202.40339,0.18786
10198.54615,0.18785
10194.68890,0.18805
10190.83166,0.18840
10186.97442,0.18873
10183.11718,0.18876
10179.25994,0.18849
10175.40270,0.18835
10171.54546,0.18866
10167.68821,0.18900
10163.83097,0.18879
10159.97373,0.18835
10156.11649,0.18834
10152.25925,0.18873
10148.40201,0.18919
10144.54477,0.18941
10140.68753,0.18912
10136.83028,0.18861
10132.97304,0.18833
10129.11580,0.18819
10125.25856,0.18812
10121.40132,0.18819
10117.54408,0.18818
10113.68684,0.18817
10109.82959,0.18841
10105.97235,0.18888
10102.11511,0.18927
10098.25787,0.18921
10094.40063,0.18884
10090.54339,0.18844
10086.68615,0.18799
10082.82891,0.18795
10078.97166,0.18837
10075.11442,0.18858
10071.25718,0.18849
10067.39994,0.18855
10063.54270,0.18892
10059.68546,0.18919
10055.82822,0.18896
10051.97097,0.18872
10048.11373,0.18895
10044.25649,0.18914
10040.39925,0.18888
10036.54201,0.18853
10032.68477,0.18837
10028.82753,0.18842
10024.97028,0.18874
10021.11304,0.18907
10017.25580,0.18896
10013.39856,0.18863
10009.54132,0.18872
10005.68408,0.18925
10001.82684,0.18968
9997.96960,0.18977
9994.11235,0.18960
9990.25511,0.18939
9986.39787,0.18943
9982.54063,0.18962
9978.68339,0.18953
9974.82615,0.18927
9970.96891,0.18934
9967.11166,0.18959
9963.25442,0.18972
9959.39718,0.18986
9955.53994,0.18983
9951.68270,0.18956
9947.82546,0.18957
9943.96822,0.18977
9940.11097,0.18951
9936.25373,0.18895
9932.39649,0.18872
9928.53925,0.18893
9924.68201,0.18925
9920.82477,0.18946
9916.96753,0.18948
9913.11029,0.18934
9909.25304,0.18930
9905.39580,0.18922
9901.53856,0.18890
9897.68132,0.18878
9893.82408,0.18919
9889.96684,0.18957
9886.10960,0.18949
9882.25235,0.18936
9878.39511,0.18942
9874.53787,0.18938
9870.68063,0.18929
9866.82339,0.18953
9862.96615,0.18999
9859.10891,0.19014
9855.25167,0.18990
9851.39442,0.18947
9847.53718,0.18897
9843.67994,0.18872
9839.82270,0.18893
9835.96546,0.18922
9832.10822,0.18915
9828.25098,0.18893
9824.39373,0.18885
9820.53649,0.18879
9816.67925,0.18867
9812.82201,0.18863
9808.96477,0.18868
9805.10753,0.18874
9801.25029,0.18886
9797.39304,0.18908
9793.53580,0.18914
9789.67856,0.18901
9785.82132,0.18906
9781.96408,0.18916
9778.10684,0.18902
9774.24960,0.18898
9770.39236,0.18929
9766.53511,0.18960
9762.67787,0.18955
9758.82063,0.18918
9754.96339,0.18893
9751.10615,0.18883
9747.24891,0.18845
9743.39167,0.18803
9739.53442,0.18803
9735.67718,0.18823
9731.81994,0.18836
9727.96270,0.18828
9724.10546,0.18783
9720.24822,0.18724
9716.39098,0.18696
9712.53373,0.18712
9708.67649,0.18762
9704.81925,0.18808
9700.96201,0.18826
9697.10477,0.18821
9693.24753,0.18785
9689.39029,0.18747
9685.53305,0.18750
9681.67580,0.18756
9677.81856,0.18725
9673.96132,0.18698
9670.10408,0.18715
9666.24684,0.18747
9662.38960,0.18741
9658.53236,0.18698
9654.67511,0.18665
9650.81787,0.18660
9646.96063,0.18667
9643.10339,0.18683
9639.24615,0.18703
9635.38891,0.18714
9631.53167,0.18700
9627.67443,0.18668
9623.81718,0.18651
9619.95994,0.18656
9616.10270,0.18669
9612.24546,0.18672
9608.38822,0.18662
9604.53098,0.18656
9600.67374,0.18658
9596.81649,0.18655
9592.95925,0.18647
9589.10201,0.18659
9585.24477,0.18675
9581.38753,0.18654
9577.53029,0.18622
9573.67305,0.18605
9569.81580,0.18584
9565.95856,0.18556
9562.10132,0.18555
9558.24408,0.18582
9554.38684,0.18594
9550.52960,0.18585
9546.67236,0.18590
9542.81512,0.18605
9538.95787,0.18597
9535.10063,0.18569
9531.24339,0.18562
9527.38615,0.18578
9523.52891,0.18594
9519.67167,0.18587
9515.81443,0.18565
9511.95718,0.18550
9508.09994,0.18550
9504.24270,0.18563
9500.38546,0.18564
9496.52822,0.18551
9492.67098,0.18557
9488.81374,0.18566
9484.95649,0.18558
9481.09925,0.18556
9477.24201,0.18559
9473.38477,0.18548
9469.52753,0.18545
9465.67029,0.18567
9461.81305,0.18575
9457.95581,0.18538
9454.09856,0.18487
9450.24132,0.18464
9446.38408,0.18469
9442.52684,0.18476
9438.66960,0.18480
9434.81236,0.18494
9430.95512,0.18522
9427.09787,0.18527
9423.24063,0.18481
9419.38339,0.18421
9415.52615,0.18397
9411.66891,0.18408
9407.81167,0.18432
9403.95443,0.18443
9400.09719,0.18436
9396.23994,0.18428
9392.38270,0.18436
9388.52546,0.18457
9384.66822,0.18462
9380.81098,0.18441
9376.95374,0.18418
9373.09650,0.18427
9369.23925,0.18451
9365.38201,0.18453
9361.52477,0.18420
9357.66753,0.18381
9353.81029,0.18379
9349.95305,0.18408
9346.09581,0.18417
9342.23856,0.18404
9338.38132,0.18410
9334.52408,0.18435
9330.66684,0.18435
9326.80960,0.18416
9322.95236,0.18423
9319.09512,0.18426
9315.23788,0.18392
9311.38063,0.18362
9307.52339,0.18368
9303.66615,0.18388
9299.80891,0.18395
9295.95167,0.18386
9292.09443,0.18381
9288.23719,0.18382
9284.37994,0.18372
9280.52270,0.18356
9276.66546,0.18359
9272.80822,0.18376
9268.95098,0.18391
9265.09374,0.18404
9261.23650,0.18413
9257.37925,0.18404
9253.52201,0.18371
9249.66477,0.18337
9245.80753,0.18332
9241.95029,0.18343
9238.09305,0.18342
9234.23581,0.18347
9230.37857,0.18355
9226.52132,0.18340
9222.66408,0.18321
9218.80684,0.18332
9214.94960,0.18368
9211.09236,0.18392
9207.23512,0.18388
9203.37788,0.18367
9199.52063,0.18348
9195.66339,0.18340
9191.80615,0.18339
9187.94891,0.18348
9184.09167,0.18366
9180.23443,0.18371
9176.37719,0.18360
9172.51995,0.18354
9168.66270,0.18346
9164.80546,0.18319
9160.94822,0.18290
9157.09098,0.18286
9153.23374,0.18304
9149.37650,0.18316
9145.51926,0.18319
9141.66201,0.18336
9137.80477,0.18361
9133.94753,0.18370
9130.09029,0.18365
9126.23305,0.18362
9122.37581,0.18368
9118.51857,0.18375
9114.66132,0.18378
9110.80408,0.18379
9106.94684,0.18368
9103.08960,0.18349
9099.23236,0.18343
9095.37512,0.18352
9091.51788,0.18376
9087.66064,0.18421
9083.80339,0.18450
9079.94615,0.18440
9076.08891,0.18417
9072.23167,0.18404
9068.37443,0.18402
9064.51719,0.18408
9060.65995,0.18419
9056.80270,0.18431
9052.94546,0.18442
9049.08822,0.18465
9045.23098,0.18501
9041.37374,0.18523
9037.51650,0.18525
9033.65926,0.18522
9029.80201,0.18525
9025.94477,0.18540
9022.08753,0.18570
9018.23029,0.18613
9014.37305,0.18655
9010.51581,0.18677
9006.65857,0.18686
9002.80133,0.18703
8998.94408,0.18734
8995.08684,0.18771
8991.22960,0.18804
8987.37236,0.18832
8983.51512,0.18869
8979.65788,0.18924
8975.80064,0.18988
8971.94339,0.19054
8968.08615,0.19111
8964.22891,0.19146
8960.37167,0.19182
8956.51443,0.19248
8952.65719,0.19329
8948.79995,0.19401
8944.94271,0.19476
8941.08546,0.19553
8937.22822,0.19626
8933.37098,0.19703
8929.51374,0.19781
8925.65650,0.19849
8921.79926,0.19919
8917.94202,0.20006
8914.08477,0.20115
8910.22753,0.20230
8906.37029,0.20327
8902.51305,0.20424
8898.65581,0.20553
8894.79857,0.20703
8890.94133,0.20841
8887.08408,0.20957
8883.22684,0.21063
8879.36960,0.21167
8875.51236,0.21257
8871.65512,0.21329
8867.79788,0.21394
8863.94064,0.21445
8860.08340,0.21475
8856.22615,0.21486
8852.36891,0.21464
8848.51167,0.21414
8844.65443,0.21367
8840.79719,0.21330
8836.93995,0.21277
8833.08271,0.21204
8829.22546,0.21132
8825.36822,0.21072
8821.51098,0.21013
8817.65374,0.20942
8813.79650,0.20858
8809.93926,0.20755
8806.08202,0.20629
8802.22477,0.20500
8798.36753,0.20395
8794.51029,0.20298
8790.65305,0.20186
8786.79581,0.20075
8782.93857,0.19979
8779.08133,0.19896
8775.22409,0.19838
8771.36684,0.19798
8767.50960,0.19744
8763.65236,0.19679
8759.79512,0.19637
8755.93788,0.19609
8752.08064,0.19575
8748.22340,0.19549
8744.36615,0.19544
8740.50891,0.19540
8736.65167,0.19527
8732.79443,0.19518
8728.93719,0.19523
8725.07995,0.19546
8721.22271,0.19578
8717.36547,0.19610
8713.50822,0.19642
8709.65098,0.19666
8705.79374,0.19664
8701.93650,0.19652
8698.07926,0.19664
8694.22202,0.19699
8690.36478,0.19733
8686.50753,0.19749
8682.65029,0.19747
8678.79305,0.19754
8674.93581,0.19779
8671.07857,0.19802
8667.22133,0.19831
8663.36409,0.19881
8659.50684,0.19933
8655.64960,0.19961
8651.79236,0.19971
8647.93512,0.19988
8644.07788,0.20021
8640.22064,0.20056
8636.36340,0.20079
8632.50616,0.20095
8628.64891,0.20131
8624.79167,0.20189
8620.93443,0.20235
8617.07719,0.20256
8613.21995,0.20270
8609.36271,0.20287
8605.50547,0.20308
8601.64822,0.20352
8597.79098,0.20401
8593.93374,0.20429
8590.07650,0.20460
8586.21926,0.20516
8582.36202,0.20568
8578.50478,0.20589
8574.64753,0.20599
8570.79029,0.20626
8566.93305,0.20662
8563.07581,0.20683
8559.21857,0.20694
8555.36133,0.20710
8551.50409,0.20732
8547.64685,0.20755
8543.78960,0.20785
8539.93236,0.20825
8536.07512,0.20864
8532.21788,0.20895
8528.36064,0.20919
8524.50340,0.20944
8520.64616,0.20965
8516.78891,0.20986
8512.93167,0.21012
8509.07443,0.21034
8505.21719,0.21050
8501.35995,0.21060
8497.50271,0.21061
8493.64547,0.21063
8489.78822,0.21079
8485.93098,0.21096
8482.07374,0.21102
8478.21650,0.21100
8474.35926,0.21094
8470.50202,0.21082
8466.64478,0.21072
8462.78754,0.21077
8458.93029,0.21083
8455.07305,0.21081
8451.21581,0.21074
8447.35857,0.21059
8443.50133,0.21039
8439.64409,0.21030
8435.78685,0.21034
8431.92960,0.21035
8428.07236,0.21018
8424.21512,0.20994
8420.35788,0.20977
8416.50064,0.20971
8412.64340,0.20966
8408.78616,0.20958
8404.92892,0.20953
8401.07167,0.20952
8397.21443,0.20944
8393.35719,0.20924
8389.49995,0.20897
8385.64271,0.20869
8381.78547,0.20850
8377.92823,0.20845
8374.07098,0.20844
8370.21374,0.20833
8366.35650,0.20812
8362.49926,0.20799
8358.64202,0.20804
8354.78478,0.20813
8350.92754,0.20813
8347.07029,0.20812
8343.21305,0.20822
8339.35581,0.20831
8335.49857,0.20827
8331.64133,0.20823
8327.78409,0.20817
8323.92685,0.20796
8320.06961,0.20776
8316.21236,0.20776
8312.35512,0.20780
8308.49788,0.20775
8304.64064,0.20770
8300.78340,0.20770
8296.92616,0.20774
8293.06892,0.20780
8289.21167,0.20786
8285.35443,0.20792
8281.49719,0.20795
8277.63995,0.20792
8273.78271,0.20784
8269.92547,0.20778
8266.06823,0.20786
8262.21098,0.20797
8258.35374,0.20800
8254.49650,0.20798
8250.63926,0.20801
8246.78202,0.20798
8242.92478,0.20785
8239.06754,0.20779
8235.21030,0.20789
8231.35305,0.20801
8227.49581,0.20802
8223.63857,0.20797
8219.78133,0.20787
8215.92409,0.20772
8212.06685,0.20764
8208.20961,0.20769
8204.35236,0.20778
8200.49512,0.20777
8196.63788,0.20762
8192.78064,0.20748
8188.92340,0.20734
8185.06616,0.20708
8181.20892,0.20678
8177.35168,0.20656
8173.49443,0.20647
8169.63719,0.20651
8165.77995,0.20656
8161.92271,0.20651
8158.06547,0.20635
8154.20823,0.20615
8150.35099,0.20599
8146.49374,0.20587
8142.63650,0.20567
8138.77926,0.20539
8134.92202,0.20515
8131.06478,0.20504
8127.20754,0.20494
8123.35030,0.20472
8119.49305,0.20449
8115.63581,0.20430
8111.77857,0.20409
8107.92133,0.20391
8104.06409,0.20381
8100.20685,0.20373
8096.34961,0.20358
8092.49237,0.20331
8088.63512,0.20305
8084.77788,0.20291
8080.92064,0.20277
8077.06340,0.20255
8073.20616,0.20221
8069.34892,0.20182
8065.49168,0.20160
8061.63443,0.20157
8057.77719,0.20150
8053.91995,0.20142
8050.06271,0.20139
8046.20547,0.20131
8042.34823,0.20117
8038.49099,0.20101
8034.63374,0.20084
8030.77650,0.20061
8026.91926,0.20036
8023.06202,0.20023
8019.20478,0.20024
8015.34754,0.20024
8011.49030,0.20019
8007.63306,0.20007
8003.77581,0.19996
7999.91857,0.19990
7996.06133,0.19987
7992.20409,0.19991
7988.34685,0.19996
7984.48961,0.19988
7980.63237,0.19960
7976.77512,0.19934
7972.91788,0.19934
7969.06064,0.19952
7965.20340,0.19959
7961.34616,0.19943
7957.48892,0.19917
7953.63168,0.19902
7949.77444,0.19907
7945.91719,0.19923
7942.05995,0.19922
7938.20271,0.19899
7934.34547,0.19879
7930.48823,0.19876
7926.63099,0.19882
7922.77375,0.19887
7918.91650,0.19882
7915.05926,0.19875
7911.20202,0.19872
7907.34478,0.19872
7903.48754,0.19877
7899.63030,0.19890
7895.77306,0.19907
7891.91581,0.19909
7888.05857,0.19898
7884.20133,0.19888
7880.34409,0.19887
7876.48685,0.19892
7872.62961,0.19898
7868.77237,0.19891
7864.91513,0.19874
7861.05788,0.19860
7857.20064,0.19862
7853.34340,0.19872
7849.48616,0.19877
7845.62892,0.19871
7841.77168,0.19861
7837.91444,0.19856
7834.05719,0.19847
7830.19995,0.19832
7826.34271,0.19817
7822.48547,0.19797
7818.62823,0.19778
7814.77099,0.19773
7810.91375,0.19771
7807.05650,0.19763
7803.19926,0.19766
7799.34202,0.19764
7795.48478,0.19726
7791.62754,0.19682
7787.77030,0.19673
7783.91306,0.19674
7780.05582,0.19659
7776.19857,0.19657
7772.34133,0.19672
7768.48409,0.19663
7764.62685,0.19634
7760.76961,0.19613
7756.91237,0.19597
7753.05513,0.19583
7749.19788,0.19578
7745.34064,0.19573
7741.48340,0.19548
7737.62616,0.19510
7733.76892,0.19485
7729.91168,0.19481
7726.05444,0.19475
7722.19720,0.19445
7718.33995,0.19403
7714.48271,0.19386
7710.62547,0.19405
7706.76823,0.19421
7702.91099,0.19403
7699.05375,0.19370
7695.19651,0.19358
7691.33926,0.19364
7687.48202,0.19376
7683.62478,0.19387
7679.76754,0.19392
7675.91030,0.19392
7672.05306,0.19389
7668.19582,0.19383
7664.33857,0.19380
7660.48133,0.19392
7656.62409,0.19409
7652.76685,0.19417
7648.90961,0.19420
7645.05237,0.19430
7641.19513,0.19438
7637.33789,0.19438
7633.48064,0.19441
7629.62340,0.19443
7625.76616,0.19443
7621.90892,0.19456
7618.05168,0.19480
7614.19444,0.19494
7610.33720,0.19503
7606.47995,0.19522
7602.62271,0.19536
7598.76547,0.19534
7594.90823,0.19532
7591.05099,0.19536
7587.19375,0.19543
7583.33651,0.19561
7579.47926,0.19587
7575.62202,0.19606
7571.76478,0.19611
7567.90754,0.19614
7564.05030,0.19623
7560.19306,0.19645
7556.33582,0.19688
7552.47858,0.19739
7548.62133,0.19780
7544.76409,0.19814
7540.90685,0.19844
7537.04961,0.19870
7533.19237,0.19896
7529.33513,0.19913
7525.47789,0.19918
7521.62064,0.19933
7517.76340,0.19961
7513.90616,0.19989
7510.04892,0.20016
7506.19168,0.20035
7502.33444,0.20049
7498.47720,0.20074
7494.61996,0.20109
7490.76271,0.20142
7486.90547,0.20166
7483.04823,0.20197
7479.19099,0.20244
7475.33375,0.20306
7471.47651,0.20369
7467.61927,0.20422
7463.76202,0.20472
7459.90478,0.20527
7456.04754,0.20587
7452.19030,0.20660
7448.33306,0.20741
7444.47582,0.20820
7440.61858,0.20895
7436.76133,0.20974
7432.90409,0.21061
7429.04685,0.21159
7425.18961,0.21260
7421.33237,0.21355
7417.47513,0.21444
7413.61789,0.21530
7409.76065,0.21618
7405.90340,0.21711
7402.04616,0.21801
7398.18892,0.21886
7394.33168,0.21974
7390.47444,0.22067
7386.61720,0.22164
7382.75996,0.22272
7378.90271,0.22384
7375.04547,0.22494
7371.18823,0.22598
7367.33099,0.22698
7363.47375,0.22798
7359.61651,0.22889
7355.75927,0.22968
7351.90202,0.23047
7348.04478,0.23130
7344.18754,0.23205
7340.33030,0.23275
7336.47306,0.23350
7332.61582,0.23428
7328.75858,0.23488
7324.90134,0.23529
7321.04409,0.23572
7317.18685,0.23612
7313.32961,0.23643
7309.47237,0.23664
7305.61513,0.23688
7301.75789,0.23720
7297.90065,0.23745
7294.04340,0.23760
7290.18616,0.23787
7286.32892,0.23827
7282.47168,0.23861
7278.61444,0.23884
7274.75720,0.23910
7270.89996,0.23956
7267.04272,0.24010
7263.18547,0.24059
7259.32823,0.24097
7255.47099,0.24128
7251.61375,0.24160
7247.75651,0.24193
7243.89927,0.24216
7240.04203,0.24235
7236.18478,0.24255
7232.32754,0.24265
7228.47030,0.24284
7224.61306,0.24320
7220.75582,0.24360
7216.89858,0.24402
7213.04134,0.24438
7209.18409,0.24463
7205.32685,0.24488
7201.46961,0.24515
7197.61237,0.24543
7193.75513,0.24575
7189.89789,0.24618
7186.04065,0.24667
7182.18341,0.24716
7178.32616,0.24772
7174.46892,0.24841
7170.61168,0.24917
7166.75444,0.24995
7162.89720,0.25083
7159.03996,0.25185
7155.18272,0.25291
7151.32547,0.25396
7147.46823,0.25497
7143.61099,0.25602
7139.75375,0.25726
7135.89651,0.25872
7132.03927,0.26022
7128.18203,0.26160
7124.32478,0.26288
7120.46754,0.26413
7116.61030,0.26544
7112.75306,0.26679
7108.89582,0.26809
7105.03858,0.26944
7101.18134,0.27088
7097.32410,0.27231
7093.46685,0.27376
7089.60961,0.27527
7085.75237,0.27685
7081.89513,0.27850
7078.03789,0.28020
7074.18065,0.28183
7070.32341,0.28339
7066.46616,0.28493
7062.60892,0.28651
7058.75168,0.28813
7054.89444,0.28971
7051.03720,0.29119
7047.17996,0.29259
7043.32272,0.29400
7039.46548,0.29547
7035.60823,0.29695
7031.75099,0.29829
7027.89375,0.29941
7024.03651,0.30052
7020.17927,0.30171
7016.32203,0.30283
7012.46479,0.30377
7008.60754,0.30463
7004.75030,0.30549
7000.89306,0.30636
6997.03582,0.30722
6993.17858,0.30808
6989.32134,0.30894
6985.46410,0.30973
6981.60685,0.31049
6977.74961,0.31122
6973.89237,0.31185
6970.03513,0.31240
6966.17789,0.31292
6962.32065,0.31344
6958.46341,0.31396
6954.60617,0.31446
6950.74892,0.31495
6946.89168,0.31547
6943.03444,0.31597
6939.17720,0.31646
6935.31996,0.31685
6931.46272,0.31717
6927.60548,0.31756
6923.74823,0.31802
6919.89099,0.31844
6916.03375,0.31886
6912.17651,0.31930
6908.31927,0.31971
6904.46203,0.32010
6900.60479,0.32049
6896.74754,0.32092
6892.89030,0.32136
6889.03306,0.32180
6885.17582,0.32230
6881.31858,0.32284
6877.46134,0.32338
6873.60410,0.32391
6869.74686,0.32450
6865.88961,0.32516
6862.03237,0.32584
6858.17513,0.32656
6854.31789,0.32729
6850.46065,0.32795
6846.60341,0.32859
6842.74617,0.32925
6838.88892,0.32990
6835.03168,0.33055
6831.17444,0.33125
6827.31720,0.33199
6823.45996,0.33275
6819.60272,0.33351
6815.74548,0.33422
6811.88824,0.33494
6808.03099,0.33580
6804.17375,0.33673
6800.31651,0.33758
6796.45927,0.33834
6792.60203,0.33910
6788.74479,0.33985
6784.88755,0.34063
6781.03030,0.34146
6777.17306,0.34226
6773.31582,0.34297
6769.45858,0.34361
6765.60134,0.34426
6761.74410,0.34491
6757.88686,0.34544
6754.02961,0.34579
6750.17237,0.34608
6746.31513,0.34640
6742.45789,0.34669
6738.60065,0.34688
6734.74341,0.34703
6730.88617,0.34718
6727.02893,0.34735
6723.17168,0.34753
6719.31444,0.34765
6715.45720,0.34765
6711.59996,0.34759
6707.74272,0.34751
6703.88548,0.34742
6700.02824,0.34744
6696.17099,0.34750
6692.31375,0.34744
6688.45651,0.34734
6684.59927,0.34727
6680.74203,0.34715
6676.88479,0.34689
6673.02755,0.34658
6669.17030,0.34628
6665.31306,0.34600
6661.45582,0.34572
6657.59858,0.34536
6653.74134,0.34493
6649.88410,0.34453
6646.02686,0.34416
6642.16962,0.34367
6638.31237,0.34310
6634.45513,0.34254
6630.59789,0.34201
6626.74065,0.34152
6622.88341,0.34106
6619.02617,0.34056
6615.16893,0.34002
6611.31168,0.33947
6607.45444,0.33896
6603.59720,0.33848
6599.73996,0.33802
6595.88272,0.33759
6592.02548,0.33724
6588.16824,0.33696
6584.31100,0.33675
6580.45375,0.33657
6576.59651,0.33638
6572.73927,0.33623
6568.88203,0.33617
6565.02479,0.33618
6561.16755,0.33618
6557.31031,0.33617
6553.45306,0.33622
6549.59582,0.33634
6545.73858,0.33648
6541.88134,0.33660
6538.02410,0.33668
6534.16686,0.33673
6530.30962,0.33686
6526.45237,0.33701
6522.59513,0.33713
6518.73789,0.33727
6514.88065,0.33746
6511.02341,0.33764
6507.16617,0.33778
6503.30893,0.33787
6499.45169,0.33792
6495.59444,0.33793
6491.73720,0.33787
6487.87996,0.33780
6484.02272,0.33780
6480.16548,0.33779
6476.30824,0.33763
6472.45100,0.33739
6468.59375,0.33716
6464.73651,0.33694
6460.87927,0.33669
6457.02203,0.33639
6453.16479,0.33609
6449.30755,0.33582
6445.45031,0.33557
6441.59306,0.33525
6437.73582,0.33485
6433.87858,0.33447
6430.02134,0.33412
6426.16410,0.33374
6422.30686,0.33334
6418.44962,0.33296
6414.59238,0.33260
6410.73513,0.33228
6406.87789,0.33199
6403.02065,0.33174
6399.16341,0.33150
6395.30617,0.33128
6391.44893,0.33108
6387.59169,0.33092
6383.73444,0.33077
6379.87720,0.33062
6376.01996,0.33043
6372.16272,0.33022
6368.30548,0.33000
6364.44824,0.32971
6360.59100,0.32936
6356.73376,0.32906
6352.87651,0.32890
6349.01927,0.32882
6345.16203,0.32874
6341.30479,0.32866
6337.44755,0.32864
6333.59031,0.32864
6329.73307,0.32859
6325.87582,0.32850
6322.01858,0.32839
6318.16134,0.32826
6314.30410,0.32817
6310.44686,0.32814
6306.58962,0.32809
6302.73238,0.32791
6298.87513,0.32758
6295.01789,0.32718
6291.16065,0.32675
6287.30341,0.32625
6283.44617,0.32572
6279.58893,0.32512
6275.73169,0.32438
6271.87445,0.32354
6268.01720,0.32271
6264.15996,0.32197
6260.30272,0.32127
6256.44548,0.32048
6252.58824,0.31965
6248.73100,0.31877
6244.87376,0.31779
6241.01651,0.31674
6237.15927,0.31567
6233.30203,0.31458
6229.44479,0.31350
6225.58755,0.31250
6221.73031,0.31166
6217.87307,0.31107
6214.01582,0.31075
6210.15858,0.31066
6206.30134,0.31074
6202.44410,0.31090
6198.58686,0.31095
6194.72962,0.31059
6190.87238,0.30970
6187.01514,0.30845
6183.15789,0.30710
6179.30065,0.30581
6175.44341,0.30472
6171.58617,0.30387
6167.72893,0.30329
6163.87169,0.30293
6160.01445,0.30279
6156.15720,0.30294
6152.29996,0.30337
6148.44272,0.30384
6144.58548,0.30406
6140.72824,0.30389
6136.87100,0.30346
6133.01376,0.30305
6129.15652,0.30286
6125.29927,0.30306
6121.44203,0.30380
6117.58479,0.30518
6113.72755,0.30723
6109.87031,0.30989
6106.01307,0.31309
6102.15583,0.31681
6098.29858,0.32094
6094.44134,0.32526
6090.58410,0.32952
6086.72686,0.33354
6082.86962,0.33723
6079.01238,0.34077
6075.15514,0.34461
6071.29789,0.34920
6067.44065,0.35468
6063.58341,0.36068
6059.72617,0.36652
6055.86893,0.37175
6052.01169,0.37629
6048.15445,0.38039
6044.29721,0.38443
6040.43996,0.38877
6036.58272,0.39359
6032.72548,0.39872
6028.86824,0.40354
6025.01100,0.40730
6021.15376,0.40931
6017.29652,0.40906
6013.43927,0.40645
6009.58203,0.40166
6005.72479,0.39520
6001.86755,0.38789
5998.01031,0.38070
5994.15307,0.37440
5990.29583,0.36949
5986.43858,0.36603
5982.58134,0.36367
5978.72410,0.36168
5974.86686,0.35933
5971.00962,0.35623
5967.15238,0.35262
5963.29514,0.34915
5959.43790,0.34652
5955.58065,0.34501
5951.72341,0.34437
5947.86617,0.34405
5944.00893,0.34354
5940.15169,0.34235
5936.29445,0.34010
5932.43721,0.33684
5928.57996,0.33305
5924.72272,0.32922
5920.86548,0.32564
5917.00824,0.32248
5913.15100,0.31988
5909.29376,0.31794
5905.43652,0.31687
5901.57927,0.31685
5897.72203,0.31782
5893.86479,0.31956
5890.00755,0.32188
5886.15031,0.32447
5882.29307,0.32703
5878.43583,0.32937
5874.57859,0.33146
5870.72134,0.33324
5866.86410,0.33454
5863.00686,0.33518
5859.14962,0.33513
5855.29238,0.33457
5851.43514,0.33373
5847.57790,0.33295
5843.72065,0.33239
5839.86341,0.33196
5836.00617,0.33166
5832.14893,0.33156
5828.29169,0.33173
5824.43445,0.33199
5820.57721,0.33219
5816.71997,0.33236
5812.86272,0.33258
5809.00548,0.33276
5805.14824,0.33279
5801.29100,0.33261
5797.43376,0.33230
5793.57652,0.33203
5789.71928,0.33183
5785.86203,0.33163
5782.00479,0.33136
5778.14755,0.33107
5774.29031,0.33069
5770.43307,0.33012
5766.57583,0.32935
5762.71859,0.32835
5758.86134,0.32716
5755.00410,0.32579
5751.14686,0.32425
5747.28962,0.32257
5743.43238,0.32084
5739.57514,0.31918
5735.71790,0.31773
5731.86066,0.31655
5728.00341,0.31566
5724.14617,0.31507
5720.28893,0.31485
5716.43169,0.31498
5712.57445,0.31524
5708.71721,0.31545
5704.85997,0.31552
5701.00272,0.31545
5697.14548,0.31527
5693.28824,0.31506
5689.43100,0.31480
5685.57376,0.31448
5681.71652,0.31424
5677.85928,0.31425
5674.00203,0.31447
5670.14479,0.31479
5666.28755,0.31520
5662.43031,0.31568
5658.57307,0.31615
5654.71583,0.31646
5650.85859,0.31646
5647.00135,0.31611
5643.14410,0.31545
5639.28686,0.31457
5635.42962,0.31363
5631.57238,0.31279
5627.71514,0.31209
5623.85790,0.31149
5620.00066,0.31103
5616.14341,0.31073
5612.28617,0.31057
5608.42893,0.31056
5604.57169,0.31069
5600.71445,0.31095
5596.85721,0.31129
5592.99997,0.31164
5589.14273,0.31201
5585.28548,0.31252
5581.42824,0.31314
5577.57100,0.31377
5573.71376,0.31430
5569.85652,0.31472
5565.99928,0.31500
5562.14204,0.31510
5558.28479,0.31504
5554.42755,0.31493
5550.57031,0.31486
5546.71307,0.31484
5542.85583,0.31487
5538.99859,0.31491
5535.14135,0.31490
5531.28410,0.31484
5527.42686,0.31471
5523.56962,0.31446
5519.71238,0.31413
5515.85514,0.31378
5511.99790,0.31345
5508.14066,0.31320
5504.28342,0.31317
5500.42617,0.31342
5496.56893,0.31386
5492.71169,0.31438
5488.85445,0.31494
5484.99721,0.31541
5481.13997,0.31564
5477.28273,0.31555
5473.42548,0.31523
5469.56824,0.31473
5465.71100,0.31404
5461.85376,0.31315
5457.99652,0.31217
5454.13928,0.31116
5450.28204,0.31004
5446.42479,0.30863
5442.56755,0.30709
5438.71031,0.30568
5434.85307,0.30434
5430.99583,0.30291
5427.13859,0.30169
5423.28135,0.30094
5419.42411,0.30044
5415.56686,0.29988
5411.70962,0.29937
5407.85238,0.29915
5403.99514,0.29912
5400.13790,0.29906
5396.28066,0.29894
5392.42342,0.29887
5388.56617,0.29889
5384.70893,0.29898
5380.85169,0.29916
5376.99445,0.29946
5373.13721,0.29987
5369.27997,0.30040
5365.42273,0.30102
5361.56549,0.30168
5357.70824,0.30233
5353.85100,0.30295
5349.99376,0.30358
5346.13652,0.30417
5342.27928,0.30479
5338.42204,0.30548
5334.56480,0.30624
5330.70755,0.30715
5326.85031,0.30837
5322.99307,0.30994
5319.13583,0.31180
5315.27859,0.31396
5311.42135,0.31644
5307.56411,0.31932
5303.70686,0.32262
5299.84962,0.32625
5295.99238,0.33018
5292.13514,0.33457
5288.27790,0.33961
5284.42066,0.34527
5280.56342,0.35150
5276.70618,0.35806
5272.84893,0.36465
5268.99169,0.37120
5265.13445,0.37784
5261.27721,0.38433
5257.41997,0.39011
5253.56273,0.39512
5249.70549,0.39952
5245.84824,0.40371
5241.99100,0.40759
5238.13376,0.41073
5234.27652,0.41322
5230.41928,0.41531
5226.56204,0.41723
5222.70480,0.41907
5218.84755,0.42066
5214.99031,0.42179
5211.13307,0.42250
5207.27583,0.42310
5203.41859,0.42382
5199.56135,0.42451
5195.70411,0.42502
5191.84687,0.42536
5187.98962,0.42561
5184.13238,0.42578
5180.27514,0.42581
5176.41790,0.42569
5172.56066,0.42548
5168.70342,0.42516
5164.84618,0.42472
5160.98893,0.42423
5157.13169,0.42378
5153.27445,0.42334
5149.41721,0.42280
5145.55997,0.42215
5141.70273,0.42146
5137.84549,0.42081
5133.98825,0.42018
5130.13100,0.41953
5126.27376,0.41883
5122.41652,0.41793
5118.55928,0.41661
5114.70204,0.41467
5110.84480,0.41219
5106.98756,0.40937
5103.13031,0.40642
5099.27307,0.40349
5095.41583,0.40068
5091.55859,0.39807
5087.70135,0.39569
5083.84411,0.39349
5079.98687,0.39144
5076.12962,0.38948
5072.27238,0.38756
5068.41514,0.38574
5064.55790,0.38403
5060.70066,0.38236
5056.84342,0.38076
5052.98618,0.37928
5049.12894,0.37793
5045.27169,0.37664
5041.41445,0.37539
5037.55721,0.37423
5033.69997,0.37313
5029.84273,0.37201
5025.98549,0.37090
5022.12825,0.36990
5018.27100,0.36904
5014.41376,0.36821
5010.55652,0.36734
5006.69928,0.36645
5002.84204,0.36558
4998.98480,0.36477
4995.12756,0.36401
4991.27031,0.36329
4987.41307,0.36264
4983.55583,0.36217
4979.69859,0.36194
4975.84135,0.36191
4971.98411,0.36208
4968.12687,0.36246
4964.26963,0.36304
4960.41238,0.36383
4956.55514,0.36484
4952.69790,0.36606
4948.84066,0.36746
4944.98342,0.36898
4941.12618,0.37062
4937.26894,0.37238
4933.41169,0.37423
4929.55445,0.37613
4925.69721,0.37813
4921.83997,0.38033
4917.98273,0.38275
4914.12549,0.38536
4910.26825,0.38811
4906.41101,0.39096
4902.55376,0.39393
4898.69652,0.39707
4894.83928,0.40033
4890.98204,0.40363
4887.12480,0.40704
4883.26756,0.41059
4879.41032,0.41424
4875.55307,0.41784
4871.69583,0.42134
4867.83859,0.42476
4863.98135,0.42802
4860.12411,0.43108
4856.26687,0.43409
4852.40963,0.43721
4848.55238,0.44057
4844.69514,0.44422
4840.83790,0.44815
4836.98066,0.45227
4833.12342,0.45651
4829.26618,0.46081
4825.40894,0.46501
4821.55170,0.46893
4817.69445,0.47256
4813.83721,0.47599
4809.97997,0.47917
4806.12273,0.48205
4802.26549,0.48463
4798.40825,0.48688
4794.55101,0.48867
4790.69376,0.48994
4786.83652,0.49078
4782.97928,0.49137
4779.12204,0.49181
4775.26480,0.49226
4771.40756,0.49285
4767.55032,0.49379
4763.69307,0.49520
4759.83583,0.49707
4755.97859,0.49922
4752.12135,0.50142
4748.26411,0.50349
4744.40687,0.50541
4740.54963,0.50721
4736.69239,0.50913
4732.83514,0.51159
4728.97790,0.51474
4725.12066,0.51808
4721.26342,0.52060
4717.40618,0.52167
4713.54894,0.52179
4709.69170,0.52225
4705.83445,0.52422
4701.97721,0.52799
4698.11997,0.53272
4694.26273,0.53663
4690.40549,0.53778
4686.54825,0.53517
4682.69101,0.52904
4678.83377,0.52070
4674.97652,0.51199
4671.11928,0.50457
4667.26204,0.49927
4663.40480,0.49589
4659.54756,0.49385
4655.69032,0.49300
4651.83308,0.49369
4647.97583,0.49631
4644.11859,0.50048
4640.26135,0.50473
4636.40411,0.50694
4632.54687,0.50530
4628.68963,0.49930
4624.83239,0.49025
4620.97514,0.48056
4617.11790,0.47231
4613.26066,0.46633
4609.40342,0.46252
4605.54618,0.46072
4601.68894,0.46100
4597.83170,0.46301
4593.97446,0.46556
4590.11721,0.46761
4586.25997,0.46916
4582.40273,0.47001
4578.54549,0.46859
4574.68825,0.46362
4570.83101,0.45593
4566.97377,0.44785
4563.11652,0.44138
4559.25928,0.43718
4555.40204,0.43481
4551.54480,0.43350
4547.68756,0.43259
4543.83032,0.43178
4539.97308,0.43110
4536.11583,0.43068
4532.25859,0.43063
4528.40135,0.43093
4524.54411,0.43169
4520.68687,0.43309
4516.82963,0.43520
4512.97239,0.43809
4509.11515,0.44203
4505.25790,0.44738
4501.40066,0.45433
4497.54342,0.46258
4493.68618,0.47119
4489.82894,0.47883
4485.97170,0.48477
4482.11446,0.48968
4478.25721,0.49509
4474.39997,0.50245
4470.54273,0.51267
4466.68549,0.52564
4462.82825,0.53942
4458.97101,0.55069
4455.11377,0.55761
4451.25653,0.56179
4447.39928,0.56603
4443.54204,0.57139
4439.68480,0.57708
4435.82756,0.58161
4431.97032,0.58366
4428.11308,0.58281
4424.25584,0.57990
4420.39859,0.57673
4416.54135,0.57512
4412.68411,0.57585
4408.82687,0.57821
4404.96963,0.58036
4401.11239,0.58057
4397.25515,0.57833
4393.39790,0.57420
4389.54066,0.56927
4385.68342,0.56463
4381.82618,0.56088
4377.96894,0.55811
4374.11170,0.55629
4370.25446,0.55554
4366.39722,0.55598
4362.53997,0.55733
4358.68273,0.55894
4354.82549,0.56051
4350.96825,0.56228
4347.11101,0.56463
4343.25377,0.56753
4339.39653,0.57055
4335.53928,0.57326
4331.68204,0.57562
4327.82480,0.57789
4323.96756,0.58042
4320.11032,0.58335
4316.25308,0.58678
4312.39584,0.59095
4308.53859,0.59595
4304.68135,0.60145
4300.82411,0.60686
4296.96687,0.61156
4293.10963,0.61504
4289.25239,0.61704
4285.39515,0.61777
4281.53791,0.61776
4277.68066,0.61728
4273.82342,0.61619
4269.96618,0.61440
4266.10894,0.61221
4262.25170,0.61019
4258.39446,0.60882
4254.53722,0.60830
4250.67997,0.60840
4246.82273,0.60849
4242.96549,0.60795
4239.10825,0.60667
4235.25101,0.60517
4231.39377,0.60403
4227.53653,0.60311
4223.67929,0.60181
4219.82204,0.59971
4215.96480,0.59701
4212.10756,0.59424
4208.25032,0.59180
4204.39308,0.58971
4200.53584,0.58786
4196.67860,0.58670
4192.82135,0.58716
4188.96411,0.58964
4185.10687,0.59365
4181.24963,0.59772
4177.39239,0.59962
4173.53515,0.59776
4169.67791,0.59266
4165.82066,0.58650
4161.96342,0.58133
4158.10618,0.57808
4154.24894,0.57672
4150.39170,0.57703
4146.53446,0.57889
4142.67722,0.58209
4138.81998,0.58609
4134.96273,0.59010
4131.10549,0.59353
4127.24825,0.59631
4123.39101,0.59915
4119.53377,0.60295
4115.67653,0.60831
4111.81929,0.61542
4107.96204,0.62447
4104.10480,0.63605
4100.24756,0.65096
4096.39032,0.66829
4092.53308,0.68307
4088.67584,0.68938
4084.81860,0.68621
4080.96135,0.67728
4077.10411,0.66693
4073.24687,0.65845
4069.38963,0.65341
4065.53239,0.65148
4061.67515,0.65170
4057.81791,0.65350
4053.96067,0.65643
4050.10342,0.65973
4046.24618,0.66270
4042.38894,0.66508
4038.53170,0.66687
4034.67446,0.66820
4030.81722,0.66918
4026.95998,0.66991
4023.10273,0.67030
4019.24549,0.67016
4015.38825,0.66925
4011.53101,0.66758
4007.67377,0.66546
4003.81653,0.66309
3999.95929,0.66042
3996.10205,0.65735
3992.24480,0.65417
3988.38756,0.65139
3984.53032,0.64920
3980.67308,0.64745
3976.81584,0.64593
3972.95860,0.64439
3969.10136,0.64255
3965.24411,0.64009
3961.38687,0.63699
3957.52963,0.63386
3953.67239,0.63104
3949.81515,0.62811
3945.95791,0.62507
3942.10067,0.62225
3938.24342,0.61980
3934.38618,0.61741
3930.52894,0.61497
3926.67170,0.61282
3922.81446,0.61088
3918.95722,0.60883
3915.09998,0.60677
3911.24274,0.60482
3907.38549,0.60228
3903.52825,0.59829
3899.67101,0.59417
3895.81377,0.59138
3891.95653,0.58890
3888.09929,0.58641
3884.24205,0.58431
3880.38480,0.58285
3876.52756,0.58154
3872.67032,0.57928
3868.81308,0.57578
3864.95584,0.57226
3861.09860,0.56946
3857.24136,0.56676
3853.38411,0.56345
3849.52687,0.56130
3845.66963,0.56033
3841.81239,0.55904
3837.95515,0.55772
3834.09791,0.55745
3830.24067,0.55764
3826.38343,0.55777
3822.52618,0.55845
3818.66894,0.56110
3814.81170,0.56478
3810.95446,0.56731
3807.09722,0.56829
3803.23998,0.56767
3799.38274,0.56617
3795.52549,0.56515
3791.66825,0.56473
3787.81101,0.56471
3783.95377,0.56534
3780.09653,0.56696
3776.23929,0.56929
3772.38205,0.57187
3768.52481,0.57504
3764.66756,0.57861
3760.81032,0.58142
3756.95308,0.58272
3753.09584,0.58210
3749.23860,0.58032
3745.38136,0.58002
3741.52412,0.58176
3737.66687,0.58549
3733.80963,0.59179
3729.95239,0.59694
3726.09515,0.59987
3722.23791,0.60341
3718.38067,0.60828
3714.52343,0.61473
3710.66618,0.62548
3706.80894,0.63903
3702.95170,0.65309
3699.09446,0.66872
3695.23722,0.68482
3691.37998,0.70586
3687.52274,0.73370
3683.66550,0.75346
3679.80825,0.76652
3675.95101,0.78423
3672.09377,0.81187
3668.23653,0.83980
3664.37929,0.86194
3660.52205,0.88157
3656.66481,0.90197
3652.80756,0.92413
3648.95032,0.95017
3645.09308,0.97492
3641.23584,0.99253
3637.37860,1.00781
3633.52136,1.02114
3629.66412,1.03443
3625.80687,1.04964
3621.94963,1.06004
3618.09239,1.06895
3614.23515,1.08072
3610.37791,1.09387
3606.52067,1.10367
3602.66343,1.10969
3598.80619,1.11615
