12493.60475,0.17549
12489.74751,0.17609
12485.89027,0.17823
12482.03303,0.17924
12478.17579,0.17843
12474.31855,0.17668
12470.46130,0.17428
12466.60406,0.17187
12462.74682,0.17076
12458.88958,0.17118
12455.03234,0.17200
12451.17510,0.17237
12447.31786,0.17224
12443.46062,0.17268
12439.60337,0.17454
12435.74613,0.17647
12431.88889,0.17614
12428.03165,0.17325
12424.17441,0.17076
12420.31717,0.17085
12416.45993,0.17226
12412.60268,0.17335
12408.74544,0.17344
12404.88820,0.17336
12401.03096,0.17424
12397.17372,0.17498
12393.31648,0.17469
12389.45924,0.17424
12385.60199,0.17454
12381.74475,0.17546
12377.88751,0.17548
12374.03027,0.17389
12370.17303,0.17269
12366.31579,0.17385
12362.45855,0.17585
12358.60131,0.17500
12354.74406,0.17146
12350.88682,0.16928
12347.02958,0.17037
12343.17234,0.17249
12339.31510,0.17332
12335.45786,0.17370
12331.60062,0.17496
12327.74337,0.17625
12323.88613,0.17645
12320.02889,0.17465
12316.17165,0.17144
12312.31441,0.16950
12308.45717,0.16963
12304.59993,0.17135
12300.74268,0.17421
12296.88544,0.17526
12293.02820,0.17306
12289.17096,0.17041
12285.31372,0.16912
12281.45648,0.16931
12277.59924,0.17118
12273.74200,0.17296
12269.88475,0.17266
12266.02751,0.17214
12262.17027,0.17371
12258.31303,0.17504
12254.45579,0.17337
12250.59855,0.17025
12246.74131,0.16822
12242.88406,0.16856
12239.02682,0.17067
12235.16958,0.17196
12231.31234,0.17238
12227.45510,0.17304
12223.59786,0.17252
12219.74062,0.17102
12215.88338,0.17148
12212.02613,0.17422
12208.16889,0.17547
12204.31165,0.17383
12200.45441,0.17262
12196.59717,0.17273
12192.73993,0.17193
12188.88269,0.17044
12185.02544,0.16945
12181.16820,0.16839
12177.31096,0.16707
12173.45372,0.16675
12169.59648,0.16788
12165.73924,0.17005
12161.88200,0.17282
12158.02475,0.17451
12154.16751,0.17404
12150.31027,0.17254
12146.45303,0.17097
12142.59579,0.16992
12138.73855,0.16910
12134.88131,0.16725
12131.02407,0.16522
12127.16682,0.16382
12123.30958,0.16256
12119.45234,0.16294
12115.59510,0.16456
12111.73786,0.16533
12107.88062,0.16613
12104.02338,0.16778
12100.16613,0.16963
12096.30889,0.17137
12092.45165,0.17193
12088.59441,0.17088
12084.73717,0.17019
12080.87993,0.17079
12077.02269,0.17087
12073.16544,0.16941
12069.30820,0.16708
12065.45096,0.16523
12061.59372,0.16497
12057.73648,0.16514
12053.87924,0.16468
12050.02200,0.16474
12046.16476,0.16530
12042.30751,0.16617
12038.45027,0.16807
12034.59303,0.16950
12030.73579,0.16946
12026.87855,0.16982
12023.02131,0.17113
12019.16407,0.17249
12015.30682,0.17363
12011.44958,0.17383
12007.59234,0.17204
12003.73510,0.16915
11999.87786,0.16764
11996.02062,0.16873
11992.16338,0.17126
11988.30614,0.17340
11984.44889,0.17348
11980.59165,0.17219
11976.73441,0.17256
11972.87717,0.17255
11969.01993,0.16859
11965.16269,0.16523
11961.30545,0.16689
11957.44820,0.17054
11953.59096,0.17159
11949.73372,0.16936
11945.87648,0.16774
11942.01924,0.16942
11938.16200,0.17190
11934.30476,0.17268
11930.44751,0.17225
11926.59027,0.17121
11922.73303,0.17013
11918.87579,0.17043
11915.01855,0.17180
11911.16131,0.17213
11907.30407,0.17116
11903.44683,0.17054
11899.58958,0.17059
11895.73234,0.17136
11891.87510,0.17280
11888.01786,0.17324
11884.16062,0.17245
11880.30338,0.17222
11876.44614,0.17330
11872.58889,0.17474
11868.73165,0.17508
11864.87441,0.17440
11861.01717,0.17431
11857.15993,0.17542
11853.30269,0.17647
11849.44545,0.17666
11845.58820,0.17662
11841.73096,0.17644
11837.87372,0.17553
11834.01648,0.17383
11830.15924,0.17262
11826.30200,0.17267
11822.44476,0.17245
11818.58752,0.17114
11814.73027,0.17027
11810.87303,0.17133
11807.01579,0.17344
11803.15855,0.17454
11799.30131,0.17458
11795.44407,0.17454
11791.58683,0.17376
11787.72958,0.17248
11783.87234,0.17245
11780.01510,0.17322
11776.15786,0.17291
11772.30062,0.17185
11768.44338,0.17219
11764.58614,0.17447
11760.72890,0.17626
11756.87165,0.17597
11753.01441,0.17492
11749.15717,0.17480
11745.29993,0.17526
11741.44269,0.17521
11737.58545,0.17477
11733.72821,0.17433
11729.87096,0.17427
11726.01372,0.17534
11722.15648,0.17688
11718.29924,0.17760
11714.44200,0.17848
11710.58476,0.18010
11706.72752,0.17986
11702.87027,0.17770
11699.01303,0.17722
11695.15579,0.17859
11691.29855,0.17879
11687.44131,0.17734
11683.58407,0.17641
11679.72683,0.17661
11675.86959,0.17674
11672.01234,0.17655
11668.15510,0.17650
11664.29786,0.17653
11660.44062,0.17646
11656.58338,0.17652
11652.72614,0.17638
11648.86890,0.17569
11645.01165,0.17520
11641.15441,0.17517
11637.29717,0.17534
11633.43993,0.17542
11629.58269,0.17485
11625.72545,0.17426
11621.86821,0.17494
11618.01096,0.17599
11614.15372,0.17564
11610.29648,0.17421
11606.43924,0.17321
11602.58200,0.17307
11598.72476,0.17310
11594.86752,0.17283
11591.01028,0.17270
11587.15303,0.17318
11583.29579,0.17339
11579.43855,0.17257
11575.58131,0.17270
11571.72407,0.17450
11567.86683,0.17471
11564.00959,0.17283
11560.15234,0.17224
11556.29510,0.17361
11552.43786,0.17482
11548.58062,0.17488
11544.72338,0.17462
11540.86614,0.17487
11537.00890,0.17552
11533.15166,0.17568
11529.29441,0.17437
11525.43717,0.17303
11521.57993,0.17425
11517.72269,0.17693
11513.86545,0.17734
11510.00821,0.17467
11506.15097,0.17315
11502.29372,0.17533
11498.43648,0.17727
11494.57924,0.17650
11490.72200,0.17551
11486.86476,0.17503
11483.00752,0.17359
11479.15028,0.17188
11475.29303,0.17138
11471.43579,0.17202
11467.57855,0.17289
11463.72131,0.17284
11459.86407,0.17144
11456.00683,0.16985
11452.14959,0.16888
11448.29235,0.16810
11444.43510,0.16802
11440.57786,0.16921
11436.72062,0.17002
11432.86338,0.16998
11429.00614,0.17072
11425.14890,0.17155
11421.29166,0.17130
11417.43441,0.17093
11413.57717,0.17062
11409.71993,0.16985
11405.86269,0.16974
11402.00545,0.17071
11398.14821,0.17113
11394.29097,0.17091
11390.43372,0.17158
11386.57648,0.17255
11382.71924,0.17234
11378.86200,0.17091
11375.00476,0.16987
11371.14752,0.17043
11367.29028,0.17133
11363.43304,0.17173
11359.57579,0.17197
11355.71855,0.17094
11351.86131,0.16897
11348.00407,0.16889
11344.14683,0.17095
11340.28959,0.17263
11336.43235,0.17294
11332.57510,0.17245
11328.71786,0.17125
11324.86062,0.17024
11321.00338,0.17054
11317.14614,0.17048
11313.28890,0.16858
11309.43166,0.16670
11305.57442,0.16617
11301.71717,0.16631
11297.85993,0.16709
11294.00269,0.16860
11290.14545,0.17027
11286.28821,0.17169
11282.43097,0.17244
11278.57373,0.17287
11274.71648,0.17376
11270.85924,0.17396
11267.00200,0.17286
11263.14476,0.17184
11259.28752,0.17093
11255.43028,0.16989
11251.57304,0.16969
11247.71579,0.16993
11243.85855,0.16894
11240.00131,0.16722
11236.14407,0.16712
11232.28683,0.16864
11228.42959,0.16952
11224.57235,0.16892
11220.71511,0.16806
11216.85786,0.16824
11213.00062,0.16897
11209.14338,0.16897
11205.28614,0.16830
11201.42890,0.16831
11197.57166,0.16908
11193.71442,0.16951
11189.85717,0.16946
11185.99993,0.16901
11182.14269,0.16887
11178.28545,0.16951
11174.42821,0.16936
11170.57097,0.16826
11166.71373,0.16789
11162.85648,0.16828
11158.99924,0.16865
11155.14200,0.16927
11151.28476,0.17010
11147.42752,0.17032
11143.57028,0.16992
11139.71304,0.16952
11135.85580,0.16933
11131.99855,0.16926
11128.14131,0.16968
11124.28407,0.17076
11120.42683,0.17127
11116.56959,0.17047
11112.71235,0.16954
11108.85511,0.16942
11104.99786,0.16998
11101.14062,0.17098
11097.28338,0.17118
11093.42614,0.16990
11089.56890,0.16867
11085.71166,0.16833
11081.85442,0.16840
11077.99718,0.16824
11074.13993,0.16766
11070.28269,0.16767
11066.42545,0.16862
11062.56821,0.16957
11058.71097,0.17011
11054.85373,0.17042
11050.99649,0.17036
11047.13924,0.16961
11043.28200,0.16865
11039.42476,0.16850
11035.56752,0.16900
11031.71028,0.16930
11027.85304,0.16946
11023.99580,0.16920
11020.13855,0.16808
11016.28131,0.16723
11012.42407,0.16741
11008.56683,0.16778
11004.70959,0.16807
11000.85235,0.16849
10996.99511,0.16858
10993.13787,0.16829
10989.28062,0.16823
10985.42338,0.16852
10981.56614,0.16868
10977.70890,0.16867
10973.85166,0.16885
10969.99442,0.16896
10966.13718,0.16864
10962.27993,0.16802
10958.42269,0.16743
10954.56545,0.16723
10950.70821,0.16703
10946.85097,0.16642
10942.99373,0.16614
10939.13649,0.16684
10935.27924,0.16782
10931.42200,0.16819
10927.56476,0.16830
10923.70752,0.16857
10919.85028,0.16839
10915.99304,0.16754
10912.13580,0.16649
10908.27856,0.16576
10904.42131,0.16572
10900.56407,0.16620
10896.70683,0.16670
10892.84959,0.16698
10888.99235,0.16688
10885.13511,0.16634
10881.27787,0.16572
10877.42062,0.16529
10873.56338,0.16531
10869.70614,0.16575
10865.84890,0.16585
10861.99166,0.16537
10858.13442,0.16518
10854.27718,0.16555
10850.41993,0.16578
10846.56269,0.16557
10842.70545,0.16519
10838.84821,0.16493
10834.99097,0.16501
10831.13373,0.16507
10827.27649,0.16500
10823.41925,0.16485
10819.56200,0.16423
10815.70476,0.16386
10811.84752,0.16450
10807.99028,0.16529
10804.13304,0.16575
10800.27580,0.16573
10796.41856,0.16511
10792.56131,0.16483
10788.70407,0.16532
10784.84683,0.16568
10780.98959,0.16541
10777.13235,0.16499
10773.27511,0.16487
10769.41787,0.16503
10765.56063,0.16546
10761.70338,0.16579
10757.84614,0.16557
10753.98890,0.16505
10750.13166,0.16465
10746.27442,0.16464
10742.41718,0.16474
10738.55994,0.16444
10734.70269,0.16426
10730.84545,0.16461
10726.98821,0.16483
10723.13097,0.16446
10719.27373,0.16389
10715.41649,0.16378
10711.55925,0.16375
10707.70200,0.16351
10703.84476,0.16366
10699.98752,0.16400
10696.13028,0.16430
10692.27304,0.16513
10688.41580,0.16586
10684.55856,0.16536
10680.70132,0.16434
10676.84407,0.16377
10672.98683,0.16346
10669.12959,0.16367
10665.27235,0.16456
10661.41511,0.16492
10657.55787,0.16406
10653.70063,0.16302
10649.84338,0.16299
10645.98614,0.16354
10642.12890,0.16355
10638.27166,0.16325
10634.41442,0.16334
10630.55718,0.16364
10626.69994,0.16378
10622.84269,0.16378
10618.98545,0.16372
10615.12821,0.16349
10611.27097,0.16331
10607.41373,0.16374
10603.55649,0.16436
10599.69925,0.16431
10595.84201,0.16400
10591.98476,0.16394
10588.12752,0.16350
10584.27028,0.16254
10580.41304,0.16205
10576.55580,0.16238
10572.69856,0.16271
10568.84132,0.16270
10564.98407,0.16250
10561.12683,0.16205
10557.26959,0.16160
10553.41235,0.16148
10549.55511,0.16157
10545.69787,0.16139
10541.84063,0.16064
10537.98339,0.16013
10534.12614,0.16051
10530.26890,0.16118
10526.41166,0.16132
10522.55442,0.16103
10518.69718,0.16077
10514.83994,0.16041
10510.98270,0.15996
10507.12545,0.15998
10503.26821,0.16060
10499.41097,0.16126
10495.55373,0.16149
10491.69649,0.16131
10487.83925,0.16087
10483.98201,0.16029
10480.12476,0.15994
10476.26752,0.15960
10472.41028,0.15922
10468.55304,0.15946
10464.69580,0.16008
10460.83856,0.16031
10456.98132,0.16046
10453.12408,0.16078
10449.26683,0.16080
10445.40959,0.16056
10441.55235,0.16057
10437.69511,0.16065
10433.83787,0.16041
10429.98063,0.15992
10426.12339,0.15957
10422.26614,0.15940
10418.40890,0.15933
10414.55166,0.15966
10410.69442,0.16001
10406.83718,0.15962
10402.97994,0.15916
10399.12270,0.15931
10395.26545,0.15960
10391.40821,0.15976
10387.55097,0.15995
10383.69373,0.16011
10379.83649,0.16021
10375.97925,0.16044
10372.12201,0.16084
10368.26477,0.16104
10364.40752,0.16075
10360.55028,0.16013
10356.69304,0.15965
10352.83580,0.15969
10348.97856,0.16016
10345.12132,0.16073
10341.26408,0.16110
10337.40683,0.16111
10333.54959,0.16113
10329.69235,0.16135
10325.83511,0.16130
10321.97787,0.16091
10318.12063,0.16073
10314.26339,0.16111
10310.40615,0.16172
10306.54890,0.16207
10302.69166,0.16210
10298.83442,0.16194
10294.97718,0.16172
10291.11994,0.16172
10287.26270,0.16200
10283.40546,0.16202
10279.54821,0.16164
10275.69097,0.16141
10271.83373,0.16163
10267.97649,0.16179
10264.11925,0.16141
10260.26201,0.16102
10256.40477,0.16116
10252.54752,0.16129
10248.69028,0.16120
10244.83304,0.16147
10240.97580,0.16199
10237.11856,0.16210
10233.26132,0.16194
10229.40408,0.16198
10225.54684,0.16205
10221.68959,0.16203
10217.83235,0.16205
10213.97511,0.16197
10210.11787,0.16197
10206.26063,0.16199
10202.40339,0.16171
10198.54615,0.16164
10194.68890,0.16204
10190.83166,0.16237
10186.97442,0.16257
10183.11718,0.16279
10179.25994,0.16277
10175.40270,0.16236
10171.54546,0.16197
10167.68821,0.16201
10163.83097,0.16228
10159.97373,0.16243
10156.11649,0.16265
10152.25925,0.16306
10148.40201,0.16344
10144.54477,0.16346
10140.68753,0.16314
10136.83028,0.16294
10132.97304,0.16293
10129.11580,0.16289
10125.25856,0.16300
10121.40132,0.16333
10117.54408,0.16359
10113.68684,0.16365
10109.82959,0.16363
10105.97235,0.16359
10102.11511,0.16349
10098.25787,0.16333
10094.40063,0.16313
10090.54339,0.16285
10086.68615,0.16269
10082.82891,0.16284
10078.97166,0.16311
10075.11442,0.16332
10071.25718,0.16347
10067.39994,0.16371
10063.54270,0.16401
10059.68546,0.16394
10055.82822,0.16348
10051.97097,0.16330
10048.11373,0.16355
10044.25649,0.16374
10040.39925,0.16354
10036.54201,0.16304
10032.68477,0.16280
10028.82753,0.16301
10024.97028,0.16332
10021.11304,0.16354
10017.25580,0.16354
10013.39856,0.16341
10009.54132,0.16324
10005.68408,0.16303
10001.82684,0.16316
9997.96960,0.16372
9994.11235,0.16409
9990.25511,0.16390
9986.39787,0.16345
9982.54063,0.16336
9978.68339,0.16368
9974.82615,0.16396
9970.96891,0.16403
9967.11166,0.16393
9963.25442,0.16377
9959.39718,0.16382
9955.53994,0.16408
9951.68270,0.16429
9947.82546,0.16419
9943.96822,0.16401
9940.11097,0.16423
9936.25373,0.16476
9932.39649,0.16502
9928.53925,0.16492
9924.68201,0.16475
9920.82477,0.16461
9916.96753,0.16445
9913.11029,0.16429
9909.25304,0.16426
9905.39580,0.16434
9901.53856,0.16433
9897.68132,0.16421
9893.82408,0.16409
9889.96684,0.16405
9886.10960,0.16413
9882.25235,0.16423
9878.39511,0.16427
9874.53787,0.16421
9870.68063,0.16403
9866.82339,0.16392
9862.96615,0.16394
9859.10891,0.16392
9855.25167,0.16376
9851.39442,0.16338
9847.53718,0.16282
9843.67994,0.16263
9839.82270,0.16321
9835.96546,0.16409
9832.10822,0.16442
9828.25098,0.16380
9824.39373,0.16303
9820.53649,0.16300
9816.67925,0.16345
9812.82201,0.16376
9808.96477,0.16367
9805.10753,0.16335
9801.25029,0.16311
9797.39304,0.16305
9793.53580,0.16318
9789.67856,0.16350
9785.82132,0.16377
9781.96408,0.16377
9778.10684,0.16374
9774.24960,0.16372
9770.39236,0.16349
9766.53511,0.16318
9762.67787,0.16302
9758.82063,0.16299
9754.96339,0.16304
9751.10615,0.16325
9747.24891,0.16350
9743.39167,0.16355
9739.53442,0.16331
9735.67718,0.16296
9731.81994,0.16275
9727.96270,0.16264
9724.10546,0.16245
9720.24822,0.16223
9716.39098,0.16211
9712.53373,0.16210
9708.67649,0.16200
9704.81925,0.16164
9700.96201,0.16143
9697.10477,0.16176
9693.24753,0.16218
9689.39029,0.16237
9685.53305,0.16253
9681.67580,0.16267
9677.81856,0.16257
9673.96132,0.16224
9670.10408,0.16183
9666.24684,0.16157
9662.38960,0.16153
9658.53236,0.16167
9654.67511,0.16195
9650.81787,0.16217
9646.96063,0.16209
9643.10339,0.16180
9639.24615,0.16155
9635.38891,0.16142
9631.53167,0.16130
9627.67443,0.16119
9623.81718,0.16115
9619.95994,0.16123
9616.10270,0.16133
9612.24546,0.16116
9608.38822,0.16092
9604.53098,0.16102
9600.67374,0.16112
9596.81649,0.16092
9592.95925,0.16077
9589.10201,0.16083
9585.24477,0.16080
9581.38753,0.16069
9577.53029,0.16061
9573.67305,0.16051
9569.81580,0.16055
9565.95856,0.16074
9562.10132,0.16078
9558.24408,0.16059
9554.38684,0.16031
9550.52960,0.16022
9546.67236,0.16040
9542.81512,0.16059
9538.95787,0.16061
9535.10063,0.16053
9531.24339,0.16043
9527.38615,0.16043
9523.52891,0.16071
9519.67167,0.16096
9515.81443,0.16074
9511.95718,0.16023
9508.09994,0.15989
9504.24270,0.15980
9500.38546,0.15978
9496.52822,0.15976
9492.67098,0.15978
9488.81374,0.15982
9484.95649,0.15982
9481.09925,0.15984
9477.24201,0.15991
9473.38477,0.15995
9469.52753,0.15980
9465.67029,0.15962
9461.81305,0.15962
9457.95581,0.15961
9454.09856,0.15944
9450.24132,0.15926
9446.38408,0.15905
9442.52684,0.15895
9438.66960,0.15919
9434.81236,0.15957
9430.95512,0.15968
9427.09787,0.15943
9423.24063,0.15909
9419.38339,0.15873
9415.52615,0.15838
9411.66891,0.15824
9407.81167,0.15833
9403.95443,0.15855
9400.09719,0.15878
9396.23994,0.15893
9392.38270,0.15914
9388.52546,0.15941
9384.66822,0.15941
9380.81098,0.15913
9376.95374,0.15887
9373.09650,0.15858
9369.23925,0.15821
9365.38201,0.15810
9361.52477,0.15826
9357.66753,0.15825
9353.81029,0.15810
9349.95305,0.15793
9346.09581,0.15768
9342.23856,0.15759
9338.38132,0.15780
9334.52408,0.15798
9330.66684,0.15805
9326.80960,0.15817
9322.95236,0.15827
9319.09512,0.15824
9315.23788,0.15808
9311.38063,0.15791
9307.52339,0.15800
9303.66615,0.15832
9299.80891,0.15850
9295.95167,0.15837
9292.09443,0.15806
9288.23719,0.15786
9284.37994,0.15789
9280.52270,0.15807
9276.66546,0.15826
9272.80822,0.15819
9268.95098,0.15789
9265.09374,0.15773
9261.23650,0.15788
9257.37925,0.15810
9253.52201,0.15817
9249.66477,0.15814
9245.80753,0.15800
9241.95029,0.15772
9238.09305,0.15749
9234.23581,0.15757
9230.37857,0.15782
9226.52132,0.15790
9222.66408,0.15789
9218.80684,0.15797
9214.94960,0.15799
9211.09236,0.15789
9207.23512,0.15782
9203.37788,0.15776
9199.52063,0.15763
9195.66339,0.15747
9191.80615,0.15741
9187.94891,0.15744
9184.09167,0.15736
9180.23443,0.15728
9176.37719,0.15728
9172.51995,0.15723
9168.66270,0.15714
9164.80546,0.15709
9160.94822,0.15710
9157.09098,0.15718
9153.23374,0.15728
9149.37650,0.15737
9145.51926,0.15754
9141.66201,0.15776
9137.80477,0.15791
9133.94753,0.15795
9130.09029,0.15789
9126.23305,0.15775
9122.37581,0.15759
9118.51857,0.15754
9114.66132,0.15772
9110.80408,0.15795
9106.94684,0.15808
9103.08960,0.15820
9099.23236,0.15844
9095.37512,0.15853
9091.51788,0.15833
9087.66064,0.15824
9083.80339,0.15827
9079.94615,0.15825
9076.08891,0.15827
9072.23167,0.15842
9068.37443,0.15863
9064.51719,0.15879
9060.65995,0.15882
9056.80270,0.15892
9052.94546,0.15912
9049.08822,0.15932
9045.23098,0.15955
9041.37374,0.15965
9037.51650,0.15961
9033.65926,0.15968
9029.80201,0.15985
9025.94477,0.16006
9022.08753,0.16032
9018.23029,0.16058
9014.37305,0.16075
9010.51581,0.16103
9006.65857,0.16160
9002.80133,0.16210
8998.94408,0.16243
8995.08684,0.16295
8991.22960,0.16354
8987.37236,0.16387
8983.51512,0.16407
8979.65788,0.16450
8975.80064,0.16525
8971.94339,0.16601
8968.08615,0.16649
8964.22891,0.16689
8960.37167,0.16747
8956.51443,0.16830
8952.65719,0.16922
8948.79995,0.16997
8944.94271,0.17055
8941.08546,0.17121
8937.22822,0.17204
8933.37098,0.17296
8929.51374,0.17395
8925.65650,0.17492
8921.79926,0.17580
8917.94202,0.17671
8914.08477,0.17776
8910.22753,0.17901
8906.37029,0.18045
8902.51305,0.18199
8898.65581,0.18350
8894.79857,0.18474
8890.94133,0.18588
8887.08408,0.18710
8883.22684,0.18823
8879.36960,0.18936
8875.51236,0.19049
8871.65512,0.19132
8867.79788,0.19196
8863.94064,0.19257
8860.08340,0.19290
8856.22615,0.19283
8852.36891,0.19254
8848.51167,0.19222
8844.65443,0.19195
8840.79719,0.19166
8836.93995,0.19115
8833.08271,0.19038
8829.22546,0.18958
8825.36822,0.18889
8821.51098,0.18821
8817.65374,0.18736
8813.79650,0.18620
8809.93926,0.18475
8806.08202,0.18325
8802.22477,0.18194
8798.36753,0.18089
8794.51029,0.17985
8790.65305,0.17868
8786.79581,0.17744
8782.93857,0.17621
8779.08133,0.17513
8775.22409,0.17433
8771.36684,0.17370
8767.50960,0.17311
8763.65236,0.17258
8759.79512,0.17224
8755.93788,0.17204
8752.08064,0.17180
8748.22340,0.17150
8744.36615,0.17131
8740.50891,0.17130
8736.65167,0.17134
8732.79443,0.17130
8728.93719,0.17118
8725.07995,0.17107
8721.22271,0.17105
8717.36547,0.17109
8713.50822,0.17111
8709.65098,0.17118
8705.79374,0.17140
8701.93650,0.17172
8698.07926,0.17205
8694.22202,0.17237
8690.36478,0.17276
8686.50753,0.17315
8682.65029,0.17333
8678.79305,0.17335
8674.93581,0.17344
8671.07857,0.17364
8667.22133,0.17397
8663.36409,0.17441
8659.50684,0.17484
8655.64960,0.17517
8651.79236,0.17556
8647.93512,0.17599
8644.07788,0.17629
8640.22064,0.17642
8636.36340,0.17656
8632.50616,0.17681
8628.64891,0.17715
8624.79167,0.17745
8620.93443,0.17770
8617.07719,0.17801
8613.21995,0.17842
8609.36271,0.17879
8605.50547,0.17913
8601.64822,0.17947
8597.79098,0.17976
8593.93374,0.18008
8590.07650,0.18050
8586.21926,0.18100
8582.36202,0.18149
8578.50478,0.18193
8574.64753,0.18229
8570.79029,0.18254
8566.93305,0.18275
8563.07581,0.18297
8559.21857,0.18320
8555.36133,0.18339
8551.50409,0.18358
8547.64685,0.18384
8543.78960,0.18423
8539.93236,0.18468
8536.07512,0.18507
8532.21788,0.18532
8528.36064,0.18547
8524.50340,0.18563
8520.64616,0.18591
8516.78891,0.18628
8512.93167,0.18662
8509.07443,0.18678
8505.21719,0.18681
8501.35995,0.18685
8497.50271,0.18688
8493.64547,0.18681
8489.78822,0.18679
8485.93098,0.18695
8482.07374,0.18717
8478.21650,0.18732
8474.35926,0.18739
8470.50202,0.18740
8466.64478,0.18734
8462.78754,0.18716
8458.93029,0.18681
8455.07305,0.18647
8451.21581,0.18623
8447.35857,0.18603
8443.50133,0.18593
8439.64409,0.18601
8435.78685,0.18605
8431.92960,0.18593
8428.07236,0.18583
8424.21512,0.18582
8420.35788,0.18577
8416.50064,0.18564
8412.64340,0.18542
8408.78616,0.18517
8404.92892,0.18494
8401.07167,0.18485
8397.21443,0.18490
8393.35719,0.18483
8389.49995,0.18454
8385.64271,0.18422
8381.78547,0.18392
8377.92823,0.18363
8374.07098,0.18342
8370.21374,0.18336
8366.35650,0.18339
8362.49926,0.18341
8358.64202,0.18331
8354.78478,0.18307
8350.92754,0.18283
8347.07029,0.18281
8343.21305,0.18295
8339.35581,0.18301
8335.49857,0.18295
8331.64133,0.18283
8327.78409,0.18267
8323.92685,0.18246
8320.06961,0.18238
8316.21236,0.18242
8312.35512,0.18241
8308.49788,0.18237
8304.64064,0.18243
8300.78340,0.18249
8296.92616,0.18249
8293.06892,0.18245
8289.21167,0.18236
8285.35443,0.18238
8281.49719,0.18258
8277.63995,0.18275
8273.78271,0.18276
8269.92547,0.18267
8266.06823,0.18260
8262.21098,0.18256
8258.35374,0.18248
8254.49650,0.18239
8250.63926,0.18242
8246.78202,0.18252
8242.92478,0.18255
8239.06754,0.18255
8235.21030,0.18265
8231.35305,0.18279
8227.49581,0.18282
8223.63857,0.18264
8219.78133,0.18245
8215.92409,0.18241
8212.06685,0.18237
8208.20961,0.18217
8204.35236,0.18199
8200.49512,0.18192
8196.63788,0.18187
8192.78064,0.18176
8188.92340,0.18154
8185.06616,0.18133
8181.20892,0.18118
8177.35168,0.18106
8173.49443,0.18093
8169.63719,0.18082
8165.77995,0.18073
8161.92271,0.18063
8158.06547,0.18047
8154.20823,0.18029
8150.35099,0.18015
8146.49374,0.18002
8142.63650,0.17986
8138.77926,0.17967
8134.92202,0.17953
8131.06478,0.17943
8127.20754,0.17934
8123.35030,0.17920
8119.49305,0.17893
8115.63581,0.17863
8111.77857,0.17840
8107.92133,0.17822
8104.06409,0.17812
8100.20685,0.17804
8096.34961,0.17786
8092.49237,0.17761
8088.63512,0.17739
8084.77788,0.17717
8080.92064,0.17689
8077.06340,0.17657
8073.20616,0.17626
8069.34892,0.17600
8065.49168,0.17583
8061.63443,0.17581
8057.77719,0.17585
8053.91995,0.17574
8050.06271,0.17552
8046.20547,0.17534
8042.34823,0.17514
8038.49099,0.17486
8034.63374,0.17458
8030.77650,0.17439
8026.91926,0.17437
8023.06202,0.17444
8019.20478,0.17453
8015.34754,0.17459
8011.49030,0.17454
8007.63306,0.17436
8003.77581,0.17408
7999.91857,0.17382
7996.06133,0.17374
7992.20409,0.17383
7988.34685,0.17390
7984.48961,0.17377
7980.63237,0.17348
7976.77512,0.17326
7972.91788,0.17320
7969.06064,0.17326
7965.20340,0.17338
7961.34616,0.17338
7957.48892,0.17320
7953.63168,0.17303
7949.77444,0.17301
7945.91719,0.17310
7942.05995,0.17314
7938.20271,0.17300
7934.34547,0.17271
7930.48823,0.17250
7926.63099,0.17257
7922.77375,0.17285
7918.91650,0.17295
7915.05926,0.17281
7911.20202,0.17269
7907.34478,0.17266
7903.48754,0.17264
7899.63030,0.17269
7895.77306,0.17273
7891.91581,0.17269
7888.05857,0.17272
7884.20133,0.17286
7880.34409,0.17293
7876.48685,0.17286
7872.62961,0.17287
7868.77237,0.17294
7864.91513,0.17283
7861.05788,0.17255
7857.20064,0.17238
7853.34340,0.17240
7849.48616,0.17237
7845.62892,0.17220
7841.77168,0.17213
7837.91444,0.17219
7834.05719,0.17214
7830.19995,0.17196
7826.34271,0.17177
7822.48547,0.17160
7818.62823,0.17149
7814.77099,0.17151
7810.91375,0.17153
7807.05650,0.17143
7803.19926,0.17136
7799.34202,0.17138
7795.48478,0.17122
7791.62754,0.17091
7787.77030,0.17079
7783.91306,0.17073
7780.05582,0.17051
7776.19857,0.17032
7772.34133,0.17027
7768.48409,0.17013
7764.62685,0.16991
7760.76961,0.16985
7756.91237,0.16984
7753.05513,0.16973
7749.19788,0.16965
7745.34064,0.16955
7741.48340,0.16924
7737.62616,0.16875
7733.76892,0.16844
7729.91168,0.16844
7726.05444,0.16850
7722.19720,0.16835
7718.33995,0.16801
7714.48271,0.16776
7710.62547,0.16775
7706.76823,0.16776
7702.91099,0.16761
7699.05375,0.16745
7695.19651,0.16739
7691.33926,0.16738
7687.48202,0.16741
7683.62478,0.16748
7679.76754,0.16754
7675.91030,0.16756
7672.05306,0.16754
7668.19582,0.16752
7664.33857,0.16748
7660.48133,0.16751
7656.62409,0.16767
7652.76685,0.16779
7648.90961,0.16782
7645.05237,0.16794
7641.19513,0.16809
7637.33789,0.16811
7633.48064,0.16810
7629.62340,0.16813
7625.76616,0.16819
7621.90892,0.16831
7618.05168,0.16843
7614.19444,0.16852
7610.33720,0.16866
7606.47995,0.16889
7602.62271,0.16905
7598.76547,0.16901
7594.90823,0.16891
7591.05099,0.16893
7587.19375,0.16902
7583.33651,0.16915
7579.47926,0.16934
7575.62202,0.16951
7571.76478,0.16962
7567.90754,0.16977
7564.05030,0.16995
7560.19306,0.17018
7556.33582,0.17050
7552.47858,0.17090
7548.62133,0.17133
7544.76409,0.17177
7540.90685,0.17215
7537.04961,0.17247
7533.19237,0.17277
7529.33513,0.17301
7525.47789,0.17315
7521.62064,0.17329
7517.76340,0.17342
7513.90616,0.17355
7510.04892,0.17369
7506.19168,0.17386
7502.33444,0.17409
7498.47720,0.17439
7494.61996,0.17471
7490.76271,0.17498
7486.90547,0.17523
7483.04823,0.17555
7479.19099,0.17602
7475.33375,0.17660
7471.47651,0.17723
7467.61927,0.17784
7463.76202,0.17839
7459.90478,0.17894
7456.04754,0.17962
7452.19030,0.18050
7448.33306,0.18147
7444.47582,0.18235
7440.61858,0.18319
7436.76133,0.18413
7432.90409,0.18512
7429.04685,0.18611
7425.18961,0.18710
7421.33237,0.18808
7417.47513,0.18906
7413.61789,0.18997
7409.76065,0.19081
7405.90340,0.19173
7402.04616,0.19274
7398.18892,0.19369
7394.33168,0.19464
7390.47444,0.19563
7386.61720,0.19668
7382.75996,0.19778
7378.90271,0.19894
7375.04547,0.20020
7371.18823,0.20143
7367.33099,0.20248
7363.47375,0.20349
7359.61651,0.20457
7355.75927,0.20557
7351.90202,0.20638
7348.04478,0.20713
7344.18754,0.20783
7340.33030,0.20851
7336.47306,0.20923
7332.61582,0.20994
7328.75858,0.21061
7324.90134,0.21115
7321.04409,0.21153
7317.18685,0.21179
7313.32961,0.21195
7309.47237,0.21203
7305.61513,0.21212
7301.75789,0.21238
7297.90065,0.21274
7294.04340,0.21304
7290.18616,0.21327
7286.32892,0.21352
7282.47168,0.21386
7278.61444,0.21424
7274.75720,0.21457
7270.89996,0.21489
7267.04272,0.21532
7263.18547,0.21581
7259.32823,0.21624
7255.47099,0.21660
7251.61375,0.21695
7247.75651,0.21729
7243.89927,0.21757
7240.04203,0.21776
7236.18478,0.21797
7232.32754,0.21817
7228.47030,0.21828
7224.61306,0.21844
7220.75582,0.21870
7216.89858,0.21905
7213.04134,0.21942
7209.18409,0.21973
7205.32685,0.21988
7201.46961,0.21995
7197.61237,0.22011
7193.75513,0.22038
7189.89789,0.22075
7186.04065,0.22121
7182.18341,0.22166
7178.32616,0.22206
7174.46892,0.22249
7170.61168,0.22298
7166.75444,0.22362
7162.89720,0.22451
7159.03996,0.22551
7155.18272,0.22648
7151.32547,0.22751
7147.46823,0.22868
7143.61099,0.22992
7139.75375,0.23115
7135.89651,0.23238
7132.03927,0.23366
7128.18203,0.23495
7124.32478,0.23615
7120.46754,0.23730
7116.61030,0.23849
7112.75306,0.23973
7108.89582,0.24099
7105.03858,0.24231
7101.18134,0.24363
7097.32410,0.24495
7093.46685,0.24632
7089.60961,0.24778
7085.75237,0.24934
7081.89513,0.25099
7078.03789,0.25261
7074.18065,0.25416
7070.32341,0.25581
7066.46616,0.25757
7062.60892,0.25925
7058.75168,0.26080
7054.89444,0.26232
7051.03720,0.26385
7047.17996,0.26536
7043.32272,0.26685
7039.46548,0.26829
7035.60823,0.26962
7031.75099,0.27090
7027.89375,0.27215
7024.03651,0.27333
7020.17927,0.27435
7016.32203,0.27529
7012.46479,0.27627
7008.60754,0.27725
7004.75030,0.27812
7000.89306,0.27895
6997.03582,0.27980
6993.17858,0.28066
6989.32134,0.28152
6985.46410,0.28232
6981.60685,0.28303
6977.74961,0.28370
6973.89237,0.28435
6970.03513,0.28495
6966.17789,0.28553
6962.32065,0.28609
6958.46341,0.28657
6954.60617,0.28700
6950.74892,0.28743
6946.89168,0.28790
6943.03444,0.28838
6939.17720,0.28878
6935.31996,0.28911
6931.46272,0.28949
6927.60548,0.29002
6923.74823,0.29055
6919.89099,0.29097
6916.03375,0.29131
6912.17651,0.29161
6908.31927,0.29191
6904.46203,0.29228
6900.60479,0.29272
6896.74754,0.29320
6892.89030,0.29363
6889.03306,0.29402
6885.17582,0.29441
6881.31858,0.29486
6877.46134,0.29538
6873.60410,0.29594
6869.74686,0.29656
6865.88961,0.29721
6862.03237,0.29785
6858.17513,0.29849
6854.31789,0.29915
6850.46065,0.29981
6846.60341,0.30047
6842.74617,0.30115
6838.88892,0.30183
6835.03168,0.30248
6831.17444,0.30315
6827.31720,0.30384
6823.45996,0.30449
6819.60272,0.30516
6815.74548,0.30590
6811.88824,0.30664
6808.03099,0.30731
6804.17375,0.30807
6800.31651,0.30896
6796.45927,0.30984
6792.60203,0.31065
6788.74479,0.31141
6784.88755,0.31211
6781.03030,0.31281
6777.17306,0.31355
6773.31582,0.31427
6769.45858,0.31494
6765.60134,0.31556
6761.74410,0.31610
6757.88686,0.31659
6754.02961,0.31704
6750.17237,0.31743
6746.31513,0.31773
6742.45789,0.31794
6738.60065,0.31813
6734.74341,0.31830
6730.88617,0.31844
6727.02893,0.31855
6723.17168,0.31864
6719.31444,0.31870
6715.45720,0.31868
6711.59996,0.31864
6707.74272,0.31866
6703.88548,0.31866
6700.02824,0.31862
6696.17099,0.31860
6692.31375,0.31857
6688.45651,0.31849
6684.59927,0.31838
6680.74203,0.31828
6676.88479,0.31815
6673.02755,0.31795
6669.17030,0.31762
6665.31306,0.31722
6661.45582,0.31682
6657.59858,0.31645
6653.74134,0.31611
6649.88410,0.31576
6646.02686,0.31536
6642.16962,0.31490
6638.31237,0.31439
6634.45513,0.31392
6630.59789,0.31348
6626.74065,0.31299
6622.88341,0.31245
6619.02617,0.31191
6615.16893,0.31135
6611.31168,0.31076
6607.45444,0.31022
6603.59720,0.30976
6599.73996,0.30935
6595.88272,0.30896
6592.02548,0.30862
6588.16824,0.30832
6584.31100,0.30801
6580.45375,0.30770
6576.59651,0.30749
6572.73927,0.30740
6568.88203,0.30736
6565.02479,0.30737
6561.16755,0.30738
6557.31031,0.30739
6553.45306,0.30746
6549.59582,0.30757
6545.73858,0.30765
6541.88134,0.30769
6538.02410,0.30776
6534.16686,0.30790
6530.30962,0.30807
6526.45237,0.30821
6522.59513,0.30835
6518.73789,0.30853
6514.88065,0.30868
6511.02341,0.30876
6507.16617,0.30877
6503.30893,0.30874
6499.45169,0.30874
6495.59444,0.30878
6491.73720,0.30880
6487.87996,0.30878
6484.02272,0.30872
6480.16548,0.30862
6476.30824,0.30849
6472.45100,0.30836
6468.59375,0.30826
6464.73651,0.30814
6460.87927,0.30799
6457.02203,0.30782
6453.16479,0.30760
6449.30755,0.30732
6445.45031,0.30701
6441.59306,0.30669
6437.73582,0.30630
6433.87858,0.30593
6430.02134,0.30563
6426.16410,0.30530
6422.30686,0.30491
6418.44962,0.30454
6414.59238,0.30421
6410.73513,0.30387
6406.87789,0.30350
6403.02065,0.30318
6399.16341,0.30293
6395.30617,0.30276
6391.44893,0.30265
6387.59169,0.30255
6383.73444,0.30242
6379.87720,0.30226
6376.01996,0.30206
6372.16272,0.30183
6368.30548,0.30159
6364.44824,0.30134
6360.59100,0.30109
6356.73376,0.30089
6352.87651,0.30076
6349.01927,0.30066
6345.16203,0.30058
6341.30479,0.30052
6337.44755,0.30047
6333.59031,0.30045
6329.73307,0.30048
6325.87582,0.30054
6322.01858,0.30050
6318.16134,0.30038
6314.30410,0.30034
6310.44686,0.30031
6306.58962,0.30015
6302.73238,0.29986
6298.87513,0.29952
6295.01789,0.29918
6291.16065,0.29885
6287.30341,0.29843
6283.44617,0.29780
6279.58893,0.29709
6275.73169,0.29640
6271.87445,0.29572
6268.01720,0.29499
6264.15996,0.29427
6260.30272,0.29354
6256.44548,0.29276
6252.58824,0.29195
6248.73100,0.29112
6244.87376,0.29024
6241.01651,0.28931
6237.15927,0.28835
6233.30203,0.28741
6229.44479,0.28648
6225.58755,0.28553
6221.73031,0.28468
6217.87307,0.28413
6214.01582,0.28396
6210.15858,0.28409
6206.30134,0.28439
6202.44410,0.28478
6198.58686,0.28502
6194.72962,0.28485
6190.87238,0.28414
6187.01514,0.28294
6183.15789,0.28147
6179.30065,0.28006
6175.44341,0.27894
6171.58617,0.27817
6167.72893,0.27770
6163.87169,0.27745
6160.01445,0.27744
6156.15720,0.27776
6152.29996,0.27833
6148.44272,0.27892
6144.58548,0.27928
6140.72824,0.27928
6136.87100,0.27902
6133.01376,0.27874
6129.15652,0.27866
6125.29927,0.27900
6121.44203,0.27998
6117.58479,0.28173
6113.72755,0.28423
6109.87031,0.28746
6106.01307,0.29136
6102.15583,0.29582
6098.29858,0.30071
6094.44134,0.30578
6090.58410,0.31073
6086.72686,0.31542
6082.86962,0.31985
6079.01238,0.32418
6075.15514,0.32878
6071.29789,0.33407
6067.44065,0.34025
6063.58341,0.34702
6059.72617,0.35373
6055.86893,0.35982
6052.01169,0.36512
6048.15445,0.36978
6044.29721,0.37423
6040.43996,0.37900
6036.58272,0.38444
6032.72548,0.39033
6028.86824,0.39592
6025.01100,0.40032
6021.15376,0.40279
6017.29652,0.40281
6013.43927,0.40003
6009.58203,0.39460
6005.72479,0.38727
6001.86755,0.37911
5998.01031,0.37107
5994.15307,0.36388
5990.29583,0.35811
5986.43858,0.35396
5982.58134,0.35113
5978.72410,0.34888
5974.86686,0.34631
5971.00962,0.34291
5967.15238,0.33889
5963.29514,0.33504
5959.43790,0.33212
5955.58065,0.33037
5951.72341,0.32958
5947.86617,0.32926
5944.00893,0.32874
5940.15169,0.32736
5936.29445,0.32475
5932.43721,0.32103
5928.57996,0.31672
5924.72272,0.31235
5920.86548,0.30823
5917.00824,0.30457
5913.15100,0.30154
5909.29376,0.29928
5905.43652,0.29799
5901.57927,0.29783
5897.72203,0.29877
5893.86479,0.30057
5890.00755,0.30293
5886.15031,0.30558
5882.29307,0.30829
5878.43583,0.31084
5874.57859,0.31309
5870.72134,0.31496
5866.86410,0.31633
5863.00686,0.31708
5859.14962,0.31715
5855.29238,0.31670
5851.43514,0.31596
5847.57790,0.31517
5843.72065,0.31451
5839.86341,0.31404
5836.00617,0.31379
5832.14893,0.31380
5828.29169,0.31400
5824.43445,0.31427
5820.57721,0.31454
5816.71997,0.31478
5812.86272,0.31497
5809.00548,0.31509
5805.14824,0.31502
5801.29100,0.31475
5797.43376,0.31435
5793.57652,0.31396
5789.71928,0.31367
5785.86203,0.31345
5782.00479,0.31313
5778.14755,0.31270
5774.29031,0.31211
5770.43307,0.31135
5766.57583,0.31042
5762.71859,0.30927
5758.86134,0.30788
5755.00410,0.30630
5751.14686,0.30457
5747.28962,0.30268
5743.43238,0.30070
5739.57514,0.29877
5735.71790,0.29704
5731.86066,0.29558
5728.00341,0.29451
5724.14617,0.29391
5720.28893,0.29370
5716.43169,0.29373
5712.57445,0.29387
5708.71721,0.29405
5704.85997,0.29409
5701.00272,0.29394
5697.14548,0.29369
5693.28824,0.29337
5689.43100,0.29298
5685.57376,0.29254
5681.71652,0.29215
5677.85928,0.29195
5674.00203,0.29205
5670.14479,0.29235
5666.28755,0.29280
5662.43031,0.29332
5658.57307,0.29374
5654.71583,0.29394
5650.85859,0.29386
5647.00135,0.29342
5643.14410,0.29265
5639.28686,0.29167
5635.42962,0.29062
5631.57238,0.28963
5627.71514,0.28876
5623.85790,0.28806
5620.00066,0.28757
5616.14341,0.28726
5612.28617,0.28709
5608.42893,0.28704
5604.57169,0.28709
5600.71445,0.28728
5596.85721,0.28766
5592.99997,0.28814
5589.14273,0.28867
5585.28548,0.28928
5581.42824,0.28998
5577.57100,0.29071
5573.71376,0.29136
5569.85652,0.29186
5565.99928,0.29219
5562.14204,0.29232
5558.28479,0.29226
5554.42755,0.29211
5550.57031,0.29202
5546.71307,0.29203
5542.85583,0.29206
5538.99859,0.29205
5535.14135,0.29201
5531.28410,0.29195
5527.42686,0.29180
5523.56962,0.29152
5519.71238,0.29112
5515.85514,0.29068
5511.99790,0.29027
5508.14066,0.28998
5504.28342,0.28997
5500.42617,0.29022
5496.56893,0.29061
5492.71169,0.29115
5488.85445,0.29181
5484.99721,0.29241
5481.13997,0.29271
5477.28273,0.29265
5473.42548,0.29230
5469.56824,0.29177
5465.71100,0.29104
5461.85376,0.29015
5457.99652,0.28915
5454.13928,0.28800
5450.28204,0.28664
5446.42479,0.28505
5442.56755,0.28343
5438.71031,0.28193
5434.85307,0.28046
5430.99583,0.27894
5427.13859,0.27768
5423.28135,0.27687
5419.42411,0.27623
5415.56686,0.27560
5411.70962,0.27513
5407.85238,0.27497
5403.99514,0.27493
5400.13790,0.27482
5396.28066,0.27465
5392.42342,0.27450
5388.56617,0.27446
5384.70893,0.27451
5380.85169,0.27466
5376.99445,0.27492
5373.13721,0.27530
5369.27997,0.27576
5365.42273,0.27628
5361.56549,0.27687
5357.70824,0.27747
5353.85100,0.27801
5349.99376,0.27852
5346.13652,0.27900
5342.27928,0.27941
5338.42204,0.27978
5334.56480,0.28027
5330.70755,0.28093
5326.85031,0.28181
5322.99307,0.28298
5319.13583,0.28443
5315.27859,0.28622
5311.42135,0.28840
5307.56411,0.29101
5303.70686,0.29398
5299.84962,0.29721
5295.99238,0.30076
5292.13514,0.30478
5288.27790,0.30940
5284.42066,0.31462
5280.56342,0.32047
5276.70618,0.32674
5272.84893,0.33301
5268.99169,0.33927
5265.13445,0.34574
5261.27721,0.35202
5257.41997,0.35743
5253.56273,0.36207
5249.70549,0.36617
5245.84824,0.36990
5241.99100,0.37321
5238.13376,0.37588
5234.27652,0.37801
5230.41928,0.37974
5226.56204,0.38119
5222.70480,0.38251
5218.84755,0.38365
5214.99031,0.38450
5211.13307,0.38507
5207.27583,0.38553
5203.41859,0.38594
5199.56135,0.38627
5195.70411,0.38654
5191.84687,0.38674
5187.98962,0.38686
5184.13238,0.38694
5180.27514,0.38698
5176.41790,0.38691
5172.56066,0.38675
5168.70342,0.38656
5164.84618,0.38631
5160.98893,0.38596
5157.13169,0.38562
5153.27445,0.38537
5149.41721,0.38510
5145.55997,0.38469
5141.70273,0.38424
5137.84549,0.38385
5133.98825,0.38354
5130.13100,0.38324
5126.27376,0.38285
5122.41652,0.38218
5118.55928,0.38095
5114.70204,0.37898
5110.84480,0.37635
5106.98756,0.37337
5103.13031,0.37031
5099.27307,0.36734
5095.41583,0.36453
5091.55859,0.36190
5087.70135,0.35941
5083.84411,0.35708
5079.98687,0.35488
5076.12962,0.35288
5072.27238,0.35111
5068.41514,0.34945
5064.55790,0.34784
5060.70066,0.34631
5056.84342,0.34489
5052.98618,0.34358
5049.12894,0.34238
5045.27169,0.34125
5041.41445,0.34016
5037.55721,0.33914
5033.69997,0.33822
5029.84273,0.33734
5025.98549,0.33645
5022.12825,0.33562
5018.27100,0.33492
5014.41376,0.33432
5010.55652,0.33371
5006.69928,0.33302
5002.84204,0.33229
4998.98480,0.33156
4995.12756,0.33091
4991.27031,0.33041
4987.41307,0.33006
4983.55583,0.32986
4979.69859,0.32982
4975.84135,0.32997
4971.98411,0.33030
4968.12687,0.33085
4964.26963,0.33164
4960.41238,0.33267
4956.55514,0.33395
4952.69790,0.33548
4948.84066,0.33721
4944.98342,0.33909
4941.12618,0.34104
4937.26894,0.34300
4933.41169,0.34503
4929.55445,0.34718
4925.69721,0.34948
4921.83997,0.35193
4917.98273,0.35457
4914.12549,0.35737
4910.26825,0.36025
4906.41101,0.36319
4902.55376,0.36628
4898.69652,0.36953
4894.83928,0.37292
4890.98204,0.37638
4887.12480,0.37987
4883.26756,0.38343
4879.41032,0.38702
4875.55307,0.39058
4871.69583,0.39405
4867.83859,0.39740
4863.98135,0.40066
4860.12411,0.40382
4856.26687,0.40687
4852.40963,0.40996
4848.55238,0.41330
4844.69514,0.41695
4840.83790,0.42090
4836.98066,0.42509
4833.12342,0.42941
4829.26618,0.43375
4825.40894,0.43795
4821.55170,0.44192
4817.69445,0.44559
4813.83721,0.44895
4809.97997,0.45208
4806.12273,0.45501
4802.26549,0.45763
4798.40825,0.45980
4794.55101,0.46145
4790.69376,0.46260
4786.83652,0.46330
4782.97928,0.46368
4779.12204,0.46395
4775.26480,0.46423
4771.40756,0.46472
4767.55032,0.46560
4763.69307,0.46696
4759.83583,0.46880
4755.97859,0.47109
4752.12135,0.47360
4748.26411,0.47609
4744.40687,0.47841
4740.54963,0.48071
4736.69239,0.48332
4732.83514,0.48660
4728.97790,0.49066
4725.12066,0.49498
4721.26342,0.49845
4717.40618,0.50021
4713.54894,0.50071
4709.69170,0.50152
4705.83445,0.50410
4701.97721,0.50883
4698.11997,0.51479
4694.26273,0.51985
4690.40549,0.52163
4686.54825,0.51895
4682.69101,0.51217
4678.83377,0.50283
4674.97652,0.49304
4671.11928,0.48470
4667.26204,0.47873
4663.40480,0.47493
4659.54756,0.47276
4655.69032,0.47204
4651.83308,0.47313
4647.97583,0.47648
4644.11859,0.48172
4640.26135,0.48721
4636.40411,0.49038
4632.54687,0.48897
4628.68963,0.48230
4624.83239,0.47197
4620.97514,0.46089
4617.11790,0.45149
4613.26066,0.44470
4609.40342,0.44048
4605.54618,0.43868
4601.68894,0.43927
4597.83170,0.44178
4593.97446,0.44497
4590.11721,0.44771
4586.25997,0.44989
4582.40273,0.45123
4578.54549,0.45006
4574.68825,0.44482
4570.83101,0.43638
4566.97377,0.42743
4563.11652,0.42024
4559.25928,0.41556
4555.40204,0.41295
4551.54480,0.41158
4547.68756,0.41079
4543.83032,0.41017
4539.97308,0.40968
4536.11583,0.40948
4532.25859,0.40964
4528.40135,0.41020
4524.54411,0.41127
4520.68687,0.41302
4516.82963,0.41557
4512.97239,0.41900
4509.11515,0.42361
4505.25790,0.42986
4501.40066,0.43800
4497.54342,0.44761
4493.68618,0.45747
4489.82894,0.46607
4485.97170,0.47281
4482.11446,0.47856
4478.25721,0.48485
4474.39997,0.49312
4470.54273,0.50445
4466.68549,0.51887
4462.82825,0.53427
4458.97101,0.54696
4455.11377,0.55484
4451.25653,0.55954
4447.39928,0.56405
4443.54204,0.56962
4439.68480,0.57551
4435.82756,0.58008
4431.97032,0.58174
4428.11308,0.57985
4424.25584,0.57544
4420.39859,0.57069
4416.54135,0.56773
4412.68411,0.56747
4408.82687,0.56899
4404.96963,0.57025
4401.11239,0.56955
4397.25515,0.56644
4393.39790,0.56168
4389.54066,0.55649
4385.68342,0.55182
4381.82618,0.54811
4377.96894,0.54547
4374.11170,0.54387
4370.25446,0.54342
4366.39722,0.54426
4362.53997,0.54591
4358.68273,0.54766
4354.82549,0.54925
4350.96825,0.55089
4347.11101,0.55304
4343.25377,0.55587
4339.39653,0.55894
4335.53928,0.56165
4331.68204,0.56393
4327.82480,0.56612
4323.96756,0.56855
4320.11032,0.57133
4316.25308,0.57472
4312.39584,0.57909
4308.53859,0.58440
4304.68135,0.59020
4300.82411,0.59591
4296.96687,0.60087
4293.10963,0.60449
4289.25239,0.60649
4285.39515,0.60705
4281.53791,0.60673
4277.68066,0.60599
4273.82342,0.60482
4269.96618,0.60295
4266.10894,0.60045
4262.25170,0.59795
4258.39446,0.59626
4254.53722,0.59569
4250.67997,0.59587
4246.82273,0.59601
4242.96549,0.59546
4239.10825,0.59405
4235.25101,0.59239
4231.39377,0.59122
4227.53653,0.59036
4223.67929,0.58890
4219.82204,0.58630
4215.96480,0.58296
4212.10756,0.57978
4208.25032,0.57729
4204.39308,0.57530
4200.53584,0.57362
4196.67860,0.57269
4192.82135,0.57332
4188.96411,0.57603
4185.10687,0.58043
4181.24963,0.58498
4177.39239,0.58723
4173.53515,0.58540
4169.67791,0.57996
4165.82066,0.57314
4161.96342,0.56717
4158.10618,0.56334
4154.24894,0.56167
4150.39170,0.56172
4146.53446,0.56339
4142.67722,0.56670
4138.81998,0.57112
4134.96273,0.57566
4131.10549,0.57951
4127.24825,0.58263
4123.39101,0.58578
4119.53377,0.58988
4115.67653,0.59552
4111.81929,0.60303
4107.96204,0.61275
4104.10480,0.62526
4100.24756,0.64135
4096.39032,0.66004
4092.53308,0.67603
4088.67584,0.68274
4084.81860,0.67866
4080.96135,0.66753
4077.10411,0.65430
4073.24687,0.64307
4069.38963,0.63579
4065.53239,0.63205
4061.67515,0.63068
4057.81791,0.63091
4053.96067,0.63229
4050.10342,0.63416
4046.24618,0.63591
4042.38894,0.63716
4038.53170,0.63785
4034.67446,0.63829
4030.81722,0.63873
4026.95998,0.63911
4023.10273,0.63924
4019.24549,0.63908
4015.38825,0.63856
4011.53101,0.63746
4007.67377,0.63573
4003.81653,0.63359
3999.95929,0.63120
3996.10205,0.62845
3992.24480,0.62552
3988.38756,0.62284
3984.53032,0.62067
3980.67308,0.61889
3976.81584,0.61726
3972.95860,0.61566
3969.10136,0.61383
3965.24411,0.61145
3961.38687,0.60853
3957.52963,0.60547
3953.67239,0.60245
3949.81515,0.59944
3945.95791,0.59660
3942.10067,0.59402
3938.24342,0.59169
3934.38618,0.58936
3930.52894,0.58695
3926.67170,0.58494
3922.81446,0.58334
3918.95722,0.58168
3915.09998,0.57982
3911.24274,0.57783
3907.38549,0.57520
3903.52825,0.57110
3899.67101,0.56661
3895.81377,0.56337
3891.95653,0.56053
3888.09929,0.55774
3884.24205,0.55550
3880.38480,0.55404
3876.52756,0.55270
3872.67032,0.55046
3868.81308,0.54719
3864.95584,0.54397
3861.09860,0.54137
3857.24136,0.53887
3853.38411,0.53585
3849.52687,0.53365
3845.66963,0.53239
3841.81239,0.53095
3837.95515,0.52970
3834.09791,0.52947
3830.24067,0.52965
3826.38343,0.52989
3822.52618,0.53080
3818.66894,0.53352
3814.81170,0.53713
3810.95446,0.53962
3807.09722,0.54060
3803.23998,0.54002
3799.38274,0.53839
3795.52549,0.53705
3791.66825,0.53636
3787.81101,0.53607
3783.95377,0.53643
3780.09653,0.53797
3776.23929,0.54034
3772.38205,0.54298
3768.52481,0.54624
3764.66756,0.55002
3760.81032,0.55312
3756.95308,0.55439
3753.09584,0.55295
3749.23860,0.54959
3745.38136,0.54816
3741.52412,0.54983
3737.66687,0.55355
3733.80963,0.55891
3729.95239,0.56286
3726.09515,0.56477
3722.23791,0.56705
3718.38067,0.57083
3714.52343,0.57657
3710.66618,0.58635
3706.80894,0.59864
3702.95170,0.61180
3699.09446,0.62709
3695.23722,0.64329
3691.37998,0.66410
3687.52274,0.69102
3683.66550,0.71029
3679.80825,0.72221
3675.95101,0.73623
3672.09377,0.75812
3668.23653,0.78161
3664.37929,0.80076
3660.52205,0.81794
3656.66481,0.83521
3652.80756,0.85245
3648.95032,0.87332
3645.09308,0.89638
3641.23584,0.91350
3637.37860,0.92686
3633.52136,0.93715
3629.66412,0.94538
3625.80687,0.95484
3621.94963,0.96394
3618.09239,0.97463
3614.23515,0.98490
3610.37791,0.99148
3606.52067,0.99655
3602.66343,1.00250
3598.80619,1.01033
