12493.60475,0.18209
12489.74751,0.18468
12485.89027,0.18779
12482.03303,0.18689
12478.17579,0.18438
12474.31855,0.18337
12470.46130,0.18264
12466.60406,0.18053
12462.74682,0.17868
12458.88958,0.17927
12455.03234,0.18105
12451.17510,0.18163
12447.31786,0.18055
12443.46062,0.17889
12439.60337,0.17918
12435.74613,0.18234
12431.88889,0.18467
12428.03165,0.18349
12424.17441,0.18144
12420.31717,0.18165
12416.45993,0.18365
12412.60268,0.18561
12408.74544,0.18583
12404.88820,0.18428
12401.03096,0.18463
12397.17372,0.18751
12393.31648,0.18716
12389.45924,0.18262
12385.60199,0.18037
12381.74475,0.18287
12377.88751,0.18543
12374.03027,0.18506
12370.17303,0.18386
12366.31579,0.18393
12362.45855,0.18461
12358.60131,0.18343
12354.74406,0.18075
12350.88682,0.18080
12347.02958,0.18397
12343.17234,0.18621
12339.31510,0.18570
12335.45786,0.18430
12331.60062,0.18411
12327.74337,0.18421
12323.88613,0.18330
12320.02889,0.18260
12316.17165,0.18264
12312.31441,0.18181
12308.45717,0.18006
12304.59993,0.18034
12300.74268,0.18364
12296.88544,0.18690
12293.02820,0.18785
12289.17096,0.18709
12285.31372,0.18533
12281.45648,0.18348
12277.59924,0.18335
12273.74200,0.18402
12269.88475,0.18324
12266.02751,0.18214
12262.17027,0.18125
12258.31303,0.17965
12254.45579,0.17895
12250.59855,0.18016
12246.74131,0.18154
12242.88406,0.18173
12239.02682,0.18205
12235.16958,0.18365
12231.31234,0.18399
12227.45510,0.18268
12223.59786,0.18248
12219.74062,0.18274
12215.88338,0.18242
12212.02613,0.18205
12208.16889,0.18113
12204.31165,0.18015
12200.45441,0.18000
12196.59717,0.18002
12192.73993,0.17939
12188.88269,0.17812
12185.02544,0.17734
12181.16820,0.17801
12177.31096,0.17898
12173.45372,0.17895
12169.59648,0.17870
12165.73924,0.17918
12161.88200,0.18017
12158.02475,0.18087
12154.16751,0.18085
12150.31027,0.18025
12146.45303,0.17896
12142.59579,0.17764
12138.73855,0.17731
12134.88131,0.17749
12131.02407,0.17776
12127.16682,0.17783
12123.30958,0.17738
12119.45234,0.17656
12115.59510,0.17562
12111.73786,0.17621
12107.88062,0.17910
12104.02338,0.18138
12100.16613,0.18100
12096.30889,0.17953
12092.45165,0.17828
12088.59441,0.17750
12084.73717,0.17811
12080.87993,0.17949
12077.02269,0.17977
12073.16544,0.17939
12069.30820,0.17901
12065.45096,0.17776
12061.59372,0.17567
12057.73648,0.17397
12053.87924,0.17393
12050.02200,0.17543
12046.16476,0.17638
12042.30751,0.17634
12038.45027,0.17747
12034.59303,0.17974
12030.73579,0.18089
12026.87855,0.18110
12023.02131,0.18117
12019.16407,0.18030
12015.30682,0.17940
12011.44958,0.18019
12007.59234,0.18105
12003.73510,0.18030
11999.87786,0.17956
11996.02062,0.18006
11992.16338,0.18058
11988.30614,0.18023
11984.44889,0.17935
11980.59165,0.17861
11976.73441,0.17893
11972.87717,0.18064
11969.01993,0.18188
11965.16269,0.18153
11961.30545,0.18109
11957.44820,0.18143
11953.59096,0.18215
11949.73372,0.18268
11945.87648,0.18297
11942.01924,0.18317
11938.16200,0.18281
11934.30476,0.18258
11930.44751,0.18253
11926.59027,0.18113
11922.73303,0.17964
11918.87579,0.17994
11915.01855,0.18037
11911.16131,0.17962
11907.30407,0.17915
11903.44683,0.17953
11899.58958,0.17984
11895.73234,0.18032
11891.87510,0.18156
11888.01786,0.18277
11884.16062,0.18293
11880.30338,0.18261
11876.44614,0.18277
11872.58889,0.18330
11868.73165,0.18396
11864.87441,0.18437
11861.01717,0.18410
11857.15993,0.18337
11853.30269,0.18279
11849.44545,0.18270
11845.58820,0.18298
11841.73096,0.18346
11837.87372,0.18394
11834.01648,0.18431
11830.15924,0.18451
11826.30200,0.18432
11822.44476,0.18408
11818.58752,0.18477
11814.73027,0.18598
11810.87303,0.18598
11807.01579,0.18461
11803.15855,0.18335
11799.30131,0.18296
11795.44407,0.18317
11791.58683,0.18382
11787.72958,0.18447
11783.87234,0.18415
11780.01510,0.18344
11776.15786,0.18412
11772.30062,0.18583
11768.44338,0.18639
11764.58614,0.18578
11760.72890,0.18569
11756.87165,0.18573
11753.01441,0.18515
11749.15717,0.18492
11745.29993,0.18565
11741.44269,0.18634
11737.58545,0.18636
11733.72821,0.18664
11729.87096,0.18737
11726.01372,0.18731
11722.15648,0.18636
11718.29924,0.18576
11714.44200,0.18602
11710.58476,0.18641
11706.72752,0.18571
11702.87027,0.18413
11699.01303,0.18393
11695.15579,0.18539
11691.29855,0.18665
11687.44131,0.18708
11683.58407,0.18642
11679.72683,0.18534
11675.86959,0.18554
11672.01234,0.18609
11668.15510,0.18554
11664.29786,0.18518
11660.44062,0.18573
11656.58338,0.18581
11652.72614,0.18441
11648.86890,0.18299
11645.01165,0.18286
11641.15441,0.18292
11637.29717,0.18333
11633.43993,0.18456
11629.58269,0.18445
11625.72545,0.18333
11621.86821,0.18398
11618.01096,0.18548
11614.15372,0.18487
11610.29648,0.18250
11606.43924,0.18092
11602.58200,0.18109
11598.72476,0.18235
11594.86752,0.18334
11591.01028,0.18311
11587.15303,0.18268
11583.29579,0.18327
11579.43855,0.18376
11575.58131,0.18295
11571.72407,0.18241
11567.86683,0.18309
11564.00959,0.18336
11560.15234,0.18295
11556.29510,0.18362
11552.43786,0.18459
11548.58062,0.18383
11544.72338,0.18300
11540.86614,0.18415
11537.00890,0.18632
11533.15166,0.18798
11529.29441,0.18700
11525.43717,0.18365
11521.57993,0.18224
11517.72269,0.18383
11513.86545,0.18477
11510.00821,0.18376
11506.15097,0.18333
11502.29372,0.18430
11498.43648,0.18420
11494.57924,0.18284
11490.72200,0.18294
11486.86476,0.18449
11483.00752,0.18507
11479.15028,0.18381
11475.29303,0.18136
11471.43579,0.17949
11467.57855,0.17995
11463.72131,0.18094
11459.86407,0.18000
11456.00683,0.17888
11452.14959,0.17926
11448.29235,0.17959
11444.43510,0.17936
11440.57786,0.17968
11436.72062,0.18030
11432.86338,0.18055
11429.00614,0.18039
11425.14890,0.17947
11421.29166,0.17826
11417.43441,0.17798
11413.57717,0.17857
11409.71993,0.17904
11405.86269,0.17932
11402.00545,0.18001
11398.14821,0.18055
11394.29097,0.18054
11390.43372,0.18069
11386.57648,0.18060
11382.71924,0.18034
11378.86200,0.18077
11375.00476,0.18096
11371.14752,0.18001
11367.29028,0.17924
11363.43304,0.17971
11359.57579,0.18007
11355.71855,0.17861
11351.86131,0.17629
11348.00407,0.17570
11344.14683,0.17759
11340.28959,0.18009
11336.43235,0.18119
11332.57510,0.18058
11328.71786,0.17975
11324.86062,0.17963
11321.00338,0.17941
11317.14614,0.17841
11313.28890,0.17719
11309.43166,0.17627
11305.57442,0.17516
11301.71717,0.17394
11297.85993,0.17391
11294.00269,0.17538
11290.14545,0.17721
11286.28821,0.17899
11282.43097,0.18059
11278.57373,0.18167
11274.71648,0.18258
11270.85924,0.18268
11267.00200,0.18118
11263.14476,0.17987
11259.28752,0.17962
11255.43028,0.17937
11251.57304,0.17899
11247.71579,0.17848
11243.85855,0.17757
11240.00131,0.17656
11236.14407,0.17581
11232.28683,0.17571
11228.42959,0.17588
11224.57235,0.17564
11220.71511,0.17581
11216.85786,0.17670
11213.00062,0.17741
11209.14338,0.17780
11205.28614,0.17819
11201.42890,0.17875
11197.57166,0.17912
11193.71442,0.17891
11189.85717,0.17872
11185.99993,0.17867
11182.14269,0.17847
11178.28545,0.17855
11174.42821,0.17850
11170.57097,0.17783
11166.71373,0.17734
11162.85648,0.17719
11158.99924,0.17742
11155.14200,0.17851
11151.28476,0.17964
11147.42752,0.18020
11143.57028,0.18032
11139.71304,0.17986
11135.85580,0.17931
11131.99855,0.17901
11128.14131,0.17897
11124.28407,0.17919
11120.42683,0.17902
11116.56959,0.17825
11112.71235,0.17786
11108.85511,0.17794
11104.99786,0.17770
11101.14062,0.17755
11097.28338,0.17792
11093.42614,0.17855
11089.56890,0.17901
11085.71166,0.17865
11081.85442,0.17832
11077.99718,0.17904
11074.13993,0.17968
11070.28269,0.17931
11066.42545,0.17853
11062.56821,0.17786
11058.71097,0.17745
11054.85373,0.17726
11050.99649,0.17697
11047.13924,0.17674
11043.28200,0.17716
11039.42476,0.17757
11035.56752,0.17716
11031.71028,0.17677
11027.85304,0.17696
11023.99580,0.17757
11020.13855,0.17837
11016.28131,0.17859
11012.42407,0.17788
11008.56683,0.17716
11004.70959,0.17727
11000.85235,0.17806
10996.99511,0.17862
10993.13787,0.17809
10989.28062,0.17705
10985.42338,0.17693
10981.56614,0.17741
10977.70890,0.17729
10973.85166,0.17661
10969.99442,0.17616
10966.13718,0.17626
10962.27993,0.17681
10958.42269,0.17748
10954.56545,0.17770
10950.70821,0.17757
10946.85097,0.17771
10942.99373,0.17791
10939.13649,0.17754
10935.27924,0.17664
10931.42200,0.17570
10927.56476,0.17515
10923.70752,0.17535
10919.85028,0.17593
10915.99304,0.17606
10912.13580,0.17609
10908.27856,0.17665
10904.42131,0.17712
10900.56407,0.17651
10896.70683,0.17538
10892.84959,0.17485
10888.99235,0.17492
10885.13511,0.17554
10881.27787,0.17634
10877.42062,0.17632
10873.56338,0.17576
10869.70614,0.17540
10865.84890,0.17512
10861.99166,0.17456
10858.13442,0.17363
10854.27718,0.17261
10850.41993,0.17212
10846.56269,0.17255
10842.70545,0.17350
10838.84821,0.17457
10834.99097,0.17552
10831.13373,0.17603
10827.27649,0.17614
10823.41925,0.17574
10819.56200,0.17469
10815.70476,0.17395
10811.84752,0.17412
10807.99028,0.17446
10804.13304,0.17458
10800.27580,0.17455
10796.41856,0.17434
10792.56131,0.17415
10788.70407,0.17408
10784.84683,0.17398
10780.98959,0.17390
10777.13235,0.17388
10773.27511,0.17354
10769.41787,0.17287
10765.56063,0.17261
10761.70338,0.17288
10757.84614,0.17318
10753.98890,0.17357
10750.13166,0.17386
10746.27442,0.17368
10742.41718,0.17373
10738.55994,0.17413
10734.70269,0.17406
10730.84545,0.17372
10726.98821,0.17369
10723.13097,0.17367
10719.27373,0.17334
10715.41649,0.17297
10711.55925,0.17297
10707.70200,0.17343
10703.84476,0.17399
10699.98752,0.17418
10696.13028,0.17390
10692.27304,0.17363
10688.41580,0.17358
10684.55856,0.17351
10680.70132,0.17356
10676.84407,0.17383
10672.98683,0.17394
10669.12959,0.17408
10665.27235,0.17454
10661.41511,0.17468
10657.55787,0.17408
10653.70063,0.17331
10649.84338,0.17283
10645.98614,0.17294
10642.12890,0.17347
10638.27166,0.17356
10634.41442,0.17295
10630.55718,0.17235
10626.69994,0.17196
10622.84269,0.17205
10618.98545,0.17303
10615.12821,0.17398
10611.27097,0.17390
10607.41373,0.17321
10603.55649,0.17273
10599.69925,0.17268
10595.84201,0.17273
10591.98476,0.17277
10588.12752,0.17273
10584.27028,0.17254
10580.41304,0.17235
10576.55580,0.17211
10572.69856,0.17173
10568.84132,0.17142
10564.98407,0.17131
10561.12683,0.17115
10557.26959,0.17071
10553.41235,0.17037
10549.55511,0.17046
10545.69787,0.17055
10541.84063,0.17016
10537.98339,0.16962
10534.12614,0.16952
10530.26890,0.17005
10526.41166,0.17076
10522.55442,0.17082
10518.69718,0.16975
10514.83994,0.16823
10510.98270,0.16763
10507.12545,0.16806
10503.26821,0.16857
10499.41097,0.16898
10495.55373,0.16933
10491.69649,0.16936
10487.83925,0.16913
10483.98201,0.16886
10480.12476,0.16841
10476.26752,0.16782
10472.41028,0.16754
10468.55304,0.16755
10464.69580,0.16784
10460.83856,0.16849
10456.98132,0.16919
10453.12408,0.16982
10449.26683,0.16994
10445.40959,0.16931
10441.55235,0.16868
10437.69511,0.16838
10433.83787,0.16818
10429.98063,0.16822
10426.12339,0.16843
10422.26614,0.16865
10418.40890,0.16914
10414.55166,0.16972
10410.69442,0.16978
10406.83718,0.16935
10402.97994,0.16893
10399.12270,0.16869
10395.26545,0.16849
10391.40821,0.16850
10387.55097,0.16880
10383.69373,0.16908
10379.83649,0.16922
10375.97925,0.16932
10372.12201,0.16924
10368.26477,0.16890
10364.40752,0.16876
10360.55028,0.16886
10356.69304,0.16881
10352.83580,0.16908
10348.97856,0.16982
10345.12132,0.17024
10341.26408,0.17023
10337.40683,0.17002
10333.54959,0.16965
10329.69235,0.16938
10325.83511,0.16946
10321.97787,0.16982
10318.12063,0.17007
10314.26339,0.17025
10310.40615,0.17064
10306.54890,0.17094
10302.69166,0.17098
10298.83442,0.17093
10294.97718,0.17081
10291.11994,0.17060
10287.26270,0.17057
10283.40546,0.17101
10279.54821,0.17137
10275.69097,0.17099
10271.83373,0.17028
10267.97649,0.16988
10264.11925,0.16992
10260.26201,0.17037
10256.40477,0.17089
10252.54752,0.17091
10248.69028,0.17040
10244.83304,0.16998
10240.97580,0.17007
10237.11856,0.17058
10233.26132,0.17112
10229.40408,0.17141
10225.54684,0.17145
10221.68959,0.17117
10217.83235,0.17064
10213.97511,0.17019
10210.11787,0.17016
10206.26063,0.17070
10202.40339,0.17120
10198.54615,0.17100
10194.68890,0.17067
10190.83166,0.17081
10186.97442,0.17119
10183.11718,0.17136
10179.25994,0.17101
10175.40270,0.17084
10171.54546,0.17157
10167.68821,0.17224
10163.83097,0.17225
10159.97373,0.17232
10156.11649,0.17254
10152.25925,0.17244
10148.40201,0.17219
10144.54477,0.17221
10140.68753,0.17247
10136.83028,0.17283
10132.97304,0.17314
10129.11580,0.17293
10125.25856,0.17236
10121.40132,0.17221
10117.54408,0.17249
10113.68684,0.17272
10109.82959,0.17267
10105.97235,0.17245
10102.11511,0.17241
10098.25787,0.17265
10094.40063,0.17282
10090.54339,0.17269
10086.68615,0.17241
10082.82891,0.17221
10078.97166,0.17227
10075.11442,0.17261
10071.25718,0.17303
10067.39994,0.17313
10063.54270,0.17274
10059.68546,0.17235
10055.82822,0.17243
10051.97097,0.17284
10048.11373,0.17306
10044.25649,0.17285
10040.39925,0.17255
10036.54201,0.17241
10032.68477,0.17227
10028.82753,0.17234
10024.97028,0.17263
10021.11304,0.17257
10017.25580,0.17223
10013.39856,0.17209
10009.54132,0.17202
10005.68408,0.17193
10001.82684,0.17210
9997.96960,0.17247
9994.11235,0.17281
9990.25511,0.17310
9986.39787,0.17320
9982.54063,0.17308
9978.68339,0.17304
9974.82615,0.17303
9970.96891,0.17287
9967.11166,0.17288
9963.25442,0.17325
9959.39718,0.17357
9955.53994,0.17363
9951.68270,0.17364
9947.82546,0.17376
9943.96822,0.17384
9940.11097,0.17364
9936.25373,0.17350
9932.39649,0.17380
9928.53925,0.17389
9924.68201,0.17332
9920.82477,0.17279
9916.96753,0.17270
9913.11029,0.17274
9909.25304,0.17287
9905.39580,0.17308
9901.53856,0.17308
9897.68132,0.17297
9893.82408,0.17295
9889.96684,0.17300
9886.10960,0.17326
9882.25235,0.17357
9878.39511,0.17358
9874.53787,0.17342
9870.68063,0.17328
9866.82339,0.17304
9862.96615,0.17273
9859.10891,0.17270
9855.25167,0.17299
9851.39442,0.17307
9847.53718,0.17277
9843.67994,0.17277
9839.82270,0.17315
9835.96546,0.17324
9832.10822,0.17291
9828.25098,0.17259
9824.39373,0.17251
9820.53649,0.17241
9816.67925,0.17221
9812.82201,0.17235
9808.96477,0.17291
9805.10753,0.17340
9801.25029,0.17349
9797.39304,0.17310
9793.53580,0.17264
9789.67856,0.17263
9785.82132,0.17276
9781.96408,0.17252
9778.10684,0.17232
9774.24960,0.17249
9770.39236,0.17261
9766.53511,0.17261
9762.67787,0.17286
9758.82063,0.17299
9754.96339,0.17267
9751.10615,0.17234
9747.24891,0.17222
9743.39167,0.17220
9739.53442,0.17218
9735.67718,0.17208
9731.81994,0.17188
9727.96270,0.17167
9724.10546,0.17154
9720.24822,0.17149
9716.39098,0.17143
9712.53373,0.17124
9708.67649,0.17109
9704.81925,0.17123
9700.96201,0.17149
9697.10477,0.17164
9693.24753,0.17174
9689.39029,0.17190
9685.53305,0.17211
9681.67580,0.17206
9677.81856,0.17156
9673.96132,0.17114
9670.10408,0.17123
9666.24684,0.17137
9662.38960,0.17118
9658.53236,0.17095
9654.67511,0.17083
9650.81787,0.17076
9646.96063,0.17076
9643.10339,0.17087
9639.24615,0.17102
9635.38891,0.17105
9631.53167,0.17086
9627.67443,0.17052
9623.81718,0.17022
9619.95994,0.17015
9616.10270,0.17018
9612.24546,0.17021
9608.38822,0.17023
9604.53098,0.17018
9600.67374,0.17005
9596.81649,0.16994
9592.95925,0.17006
9589.10201,0.17030
9585.24477,0.17021
9581.38753,0.16975
9577.53029,0.16935
9573.67305,0.16920
9569.81580,0.16921
9565.95856,0.16923
9562.10132,0.16920
9558.24408,0.16922
9554.38684,0.16945
9550.52960,0.16985
9546.67236,0.17022
9542.81512,0.17023
9538.95787,0.16997
9535.10063,0.16974
9531.24339,0.16960
9527.38615,0.16970
9523.52891,0.16995
9519.67167,0.16987
9515.81443,0.16945
9511.95718,0.16916
9508.09994,0.16907
9504.24270,0.16908
9500.38546,0.16912
9496.52822,0.16905
9492.67098,0.16887
9488.81374,0.16862
9484.95649,0.16841
9481.09925,0.16837
9477.24201,0.16844
9473.38477,0.16853
9469.52753,0.16872
9465.67029,0.16905
9461.81305,0.16917
9457.95581,0.16880
9454.09856,0.16829
9450.24132,0.16799
9446.38408,0.16789
9442.52684,0.16792
9438.66960,0.16800
9434.81236,0.16815
9430.95512,0.16842
9427.09787,0.16869
9423.24063,0.16883
9419.38339,0.16875
9415.52615,0.16846
9411.66891,0.16815
9407.81167,0.16803
9403.95443,0.16804
9400.09719,0.16790
9396.23994,0.16771
9392.38270,0.16787
9388.52546,0.16827
9384.66822,0.16839
9380.81098,0.16811
9376.95374,0.16772
9373.09650,0.16751
9369.23925,0.16754
9365.38201,0.16775
9361.52477,0.16779
9357.66753,0.16757
9353.81029,0.16748
9349.95305,0.16757
9346.09581,0.16760
9342.23856,0.16769
9338.38132,0.16788
9334.52408,0.16791
9330.66684,0.16769
9326.80960,0.16740
9322.95236,0.16727
9319.09512,0.16726
9315.23788,0.16720
9311.38063,0.16716
9307.52339,0.16736
9303.66615,0.16763
9299.80891,0.16762
9295.95167,0.16731
9292.09443,0.16686
9288.23719,0.16662
9284.37994,0.16672
9280.52270,0.16685
9276.66546,0.16693
9272.80822,0.16705
9268.95098,0.16705
9265.09374,0.16689
9261.23650,0.16677
9257.37925,0.16672
9253.52201,0.16666
9249.66477,0.16659
9245.80753,0.16659
9241.95029,0.16672
9238.09305,0.16685
9234.23581,0.16687
9230.37857,0.16686
9226.52132,0.16675
9222.66408,0.16654
9218.80684,0.16648
9214.94960,0.16671
9211.09236,0.16700
9207.23512,0.16705
9203.37788,0.16682
9199.52063,0.16661
9195.66339,0.16656
9191.80615,0.16661
9187.94891,0.16674
9184.09167,0.16686
9180.23443,0.16697
9176.37719,0.16696
9172.51995,0.16670
9168.66270,0.16644
9164.80546,0.16637
9160.94822,0.16638
9157.09098,0.16650
9153.23374,0.16673
9149.37650,0.16690
9145.51926,0.16703
9141.66201,0.16714
9137.80477,0.16713
9133.94753,0.16704
9130.09029,0.16696
9126.23305,0.16690
9122.37581,0.16696
9118.51857,0.16715
9114.66132,0.16726
9110.80408,0.16707
9106.94684,0.16679
9103.08960,0.16677
9099.23236,0.16701
9095.37512,0.16722
9091.51788,0.16727
9087.66064,0.16734
9083.80339,0.16737
9079.94615,0.16733
9076.08891,0.16755
9072.23167,0.16797
9068.37443,0.16812
9064.51719,0.16800
9060.65995,0.16809
9056.80270,0.16829
9052.94546,0.16829
9049.08822,0.16836
9045.23098,0.16866
9041.37374,0.16889
9037.51650,0.16902
9033.65926,0.16919
9029.80201,0.16939
9025.94477,0.16956
9022.08753,0.16973
9018.23029,0.16986
9014.37305,0.17013
9010.51581,0.17072
9006.65857,0.17134
9002.80133,0.17164
8998.94408,0.17183
8995.08684,0.17225
8991.22960,0.17287
8987.37236,0.17351
8983.51512,0.17408
8979.65788,0.17468
8975.80064,0.17532
8971.94339,0.17585
8968.08615,0.17634
8964.22891,0.17695
8960.37167,0.17765
8956.51443,0.17838
8952.65719,0.17916
8948.79995,0.17994
8944.94271,0.18070
8941.08546,0.18150
8937.22822,0.18234
8933.37098,0.18323
8929.51374,0.18413
8925.65650,0.18503
8921.79926,0.18605
8917.94202,0.18727
8914.08477,0.18865
8910.22753,0.18997
8906.37029,0.19119
8902.51305,0.19250
8898.65581,0.19392
8894.79857,0.19532
8890.94133,0.19669
8887.08408,0.19798
8883.22684,0.19924
8879.36960,0.20051
8875.51236,0.20161
8871.65512,0.20252
8867.79788,0.20336
8863.94064,0.20395
8860.08340,0.20418
8856.22615,0.20429
8852.36891,0.20423
8848.51167,0.20384
8844.65443,0.20331
8840.79719,0.20279
8836.93995,0.20213
8833.08271,0.20132
8829.22546,0.20055
8825.36822,0.19981
8821.51098,0.19892
8817.65374,0.19785
8813.79650,0.19664
8809.93926,0.19538
8806.08202,0.19407
8802.22477,0.19263
8798.36753,0.19120
8794.51029,0.18995
8790.65305,0.18890
8786.79581,0.18788
8782.93857,0.18671
8779.08133,0.18564
8775.22409,0.18491
8771.36684,0.18435
8767.50960,0.18367
8763.65236,0.18295
8759.79512,0.18233
8755.93788,0.18185
8752.08064,0.18159
8748.22340,0.18160
8744.36615,0.18168
8740.50891,0.18149
8736.65167,0.18113
8732.79443,0.18090
8728.93719,0.18083
8725.07995,0.18096
8721.22271,0.18135
8717.36547,0.18172
8713.50822,0.18183
8709.65098,0.18177
8705.79374,0.18179
8701.93650,0.18206
8698.07926,0.18248
8694.22202,0.18284
8690.36478,0.18306
8686.50753,0.18318
8682.65029,0.18327
8678.79305,0.18342
8674.93581,0.18362
8671.07857,0.18387
8667.22133,0.18423
8663.36409,0.18464
8659.50684,0.18493
8655.64960,0.18505
8651.79236,0.18526
8647.93512,0.18575
8644.07788,0.18628
8640.22064,0.18662
8636.36340,0.18683
8632.50616,0.18712
8628.64891,0.18755
8624.79167,0.18806
8620.93443,0.18856
8617.07719,0.18903
8613.21995,0.18944
8609.36271,0.18967
8605.50547,0.18980
8601.64822,0.19008
8597.79098,0.19052
8593.93374,0.19087
8590.07650,0.19115
8586.21926,0.19160
8582.36202,0.19211
8578.50478,0.19250
8574.64753,0.19283
8570.79029,0.19313
8566.93305,0.19336
8563.07581,0.19355
8559.21857,0.19375
8555.36133,0.19404
8551.50409,0.19430
8547.64685,0.19448
8543.78960,0.19480
8539.93236,0.19534
8536.07512,0.19576
8532.21788,0.19599
8528.36064,0.19622
8524.50340,0.19645
8520.64616,0.19672
8516.78891,0.19705
8512.93167,0.19725
8509.07443,0.19735
8505.21719,0.19744
8501.35995,0.19749
8497.50271,0.19747
8493.64547,0.19751
8489.78822,0.19762
8485.93098,0.19772
8482.07374,0.19766
8478.21650,0.19756
8474.35926,0.19761
8470.50202,0.19778
8466.64478,0.19781
8462.78754,0.19768
8458.93029,0.19747
8455.07305,0.19728
8451.21581,0.19723
8447.35857,0.19719
8443.50133,0.19690
8439.64409,0.19657
8435.78685,0.19651
8431.92960,0.19662
8428.07236,0.19668
8424.21512,0.19655
8420.35788,0.19623
8416.50064,0.19592
8412.64340,0.19576
8408.78616,0.19565
8404.92892,0.19549
8401.07167,0.19534
8397.21443,0.19510
8393.35719,0.19474
8389.49995,0.19447
8385.64271,0.19435
8381.78547,0.19416
8377.92823,0.19398
8374.07098,0.19395
8370.21374,0.19398
8366.35650,0.19398
8362.49926,0.19392
8358.64202,0.19382
8354.78478,0.19375
8350.92754,0.19363
8347.07029,0.19347
8343.21305,0.19338
8339.35581,0.19335
8335.49857,0.19324
8331.64133,0.19308
8327.78409,0.19297
8323.92685,0.19290
8320.06961,0.19282
8316.21236,0.19276
8312.35512,0.19275
8308.49788,0.19279
8304.64064,0.19287
8300.78340,0.19290
8296.92616,0.19283
8293.06892,0.19282
8289.21167,0.19297
8285.35443,0.19309
8281.49719,0.19296
8277.63995,0.19272
8273.78271,0.19255
8269.92547,0.19249
8266.06823,0.19250
8262.21098,0.19257
8258.35374,0.19268
8254.49650,0.19274
8250.63926,0.19281
8246.78202,0.19289
8242.92478,0.19291
8239.06754,0.19286
8235.21030,0.19286
8231.35305,0.19296
8227.49581,0.19306
8223.63857,0.19309
8219.78133,0.19299
8215.92409,0.19283
8212.06685,0.19277
8208.20961,0.19275
8204.35236,0.19269
8200.49512,0.19255
8196.63788,0.19236
8192.78064,0.19224
8188.92340,0.19213
8185.06616,0.19191
8181.20892,0.19166
8177.35168,0.19149
8173.49443,0.19135
8169.63719,0.19125
8165.77995,0.19119
8161.92271,0.19106
8158.06547,0.19085
8154.20823,0.19068
8150.35099,0.19063
8146.49374,0.19063
8142.63650,0.19046
8138.77926,0.19014
8134.92202,0.18984
8131.06478,0.18955
8127.20754,0.18925
8123.35030,0.18907
8119.49305,0.18904
8115.63581,0.18898
8111.77857,0.18872
8107.92133,0.18837
8104.06409,0.18813
8100.20685,0.18795
8096.34961,0.18776
8092.49237,0.18761
8088.63512,0.18748
8084.77788,0.18726
8080.92064,0.18691
8077.06340,0.18653
8073.20616,0.18626
8069.34892,0.18615
8065.49168,0.18615
8061.63443,0.18616
8057.77719,0.18603
8053.91995,0.18582
8050.06271,0.18567
8046.20547,0.18554
8042.34823,0.18529
8038.49099,0.18508
8034.63374,0.18497
8030.77650,0.18478
8026.91926,0.18446
8023.06202,0.18425
8019.20478,0.18429
8015.34754,0.18444
8011.49030,0.18446
8007.63306,0.18433
8003.77581,0.18417
7999.91857,0.18408
7996.06133,0.18401
7992.20409,0.18390
7988.34685,0.18378
7984.48961,0.18369
7980.63237,0.18354
7976.77512,0.18337
7972.91788,0.18336
7969.06064,0.18342
7965.20340,0.18336
7961.34616,0.18326
7957.48892,0.18321
7953.63168,0.18312
7949.77444,0.18300
7945.91719,0.18298
7942.05995,0.18303
7938.20271,0.18300
7934.34547,0.18284
7930.48823,0.18269
7926.63099,0.18270
7922.77375,0.18277
7918.91650,0.18276
7915.05926,0.18271
7911.20202,0.18270
7907.34478,0.18267
7903.48754,0.18265
7899.63030,0.18274
7895.77306,0.18292
7891.91581,0.18303
7888.05857,0.18302
7884.20133,0.18302
7880.34409,0.18298
7876.48685,0.18288
7872.62961,0.18288
7868.77237,0.18297
7864.91513,0.18297
7861.05788,0.18286
7857.20064,0.18280
7853.34340,0.18278
7849.48616,0.18268
7845.62892,0.18252
7841.77168,0.18240
7837.91444,0.18231
7834.05719,0.18220
7830.19995,0.18211
7826.34271,0.18197
7822.48547,0.18168
7818.62823,0.18141
7814.77099,0.18144
7810.91375,0.18162
7807.05650,0.18161
7803.19926,0.18145
7799.34202,0.18126
7795.48478,0.18100
7791.62754,0.18073
7787.77030,0.18064
7783.91306,0.18059
7780.05582,0.18035
7776.19857,0.18014
7772.34133,0.18011
7768.48409,0.18008
7764.62685,0.17992
7760.76961,0.17987
7756.91237,0.17991
7753.05513,0.17983
7749.19788,0.17960
7745.34064,0.17932
7741.48340,0.17907
7737.62616,0.17885
7733.76892,0.17867
7729.91168,0.17858
7726.05444,0.17849
7722.19720,0.17827
7718.33995,0.17801
7714.48271,0.17785
7710.62547,0.17782
7706.76823,0.17778
7702.91099,0.17765
7699.05375,0.17746
7695.19651,0.17727
7691.33926,0.17720
7687.48202,0.17729
7683.62478,0.17745
7679.76754,0.17758
7675.91030,0.17766
7672.05306,0.17765
7668.19582,0.17758
7664.33857,0.17754
7660.48133,0.17759
7656.62409,0.17770
7652.76685,0.17782
7648.90961,0.17789
7645.05237,0.17794
7641.19513,0.17801
7637.33789,0.17803
7633.48064,0.17803
7629.62340,0.17805
7625.76616,0.17812
7621.90892,0.17827
7618.05168,0.17850
7614.19444,0.17873
7610.33720,0.17888
7606.47995,0.17898
7602.62271,0.17899
7598.76547,0.17893
7594.90823,0.17894
7591.05099,0.17904
7587.19375,0.17913
7583.33651,0.17925
7579.47926,0.17949
7575.62202,0.17970
7571.76478,0.17973
7567.90754,0.17972
7564.05030,0.17988
7560.19306,0.18019
7556.33582,0.18060
7552.47858,0.18110
7548.62133,0.18162
7544.76409,0.18203
7540.90685,0.18233
7537.04961,0.18260
7533.19237,0.18281
7529.33513,0.18296
7525.47789,0.18307
7521.62064,0.18320
7517.76340,0.18346
7513.90616,0.18381
7510.04892,0.18411
7506.19168,0.18429
7502.33444,0.18442
7498.47720,0.18459
7494.61996,0.18484
7490.76271,0.18518
7486.90547,0.18562
7483.04823,0.18614
7479.19099,0.18666
7475.33375,0.18714
7471.47651,0.18766
7467.61927,0.18824
7463.76202,0.18888
7459.90478,0.18959
7456.04754,0.19040
7452.19030,0.19120
7448.33306,0.19198
7444.47582,0.19285
7440.61858,0.19383
7436.76133,0.19483
7432.90409,0.19582
7429.04685,0.19685
7425.18961,0.19794
7421.33237,0.19899
7417.47513,0.20000
7413.61789,0.20096
7409.76065,0.20183
7405.90340,0.20270
7402.04616,0.20374
7398.18892,0.20490
7394.33168,0.20606
7390.47444,0.20717
7386.61720,0.20827
7382.75996,0.20937
7378.90271,0.21049
7375.04547,0.21164
7371.18823,0.21280
7367.33099,0.21393
7363.47375,0.21504
7359.61651,0.21611
7355.75927,0.21709
7351.90202,0.21801
7348.04478,0.21893
7344.18754,0.21981
7340.33030,0.22057
7336.47306,0.22124
7332.61582,0.22189
7328.75858,0.22244
7324.90134,0.22283
7321.04409,0.22323
7317.18685,0.22366
7313.32961,0.22400
7309.47237,0.22416
7305.61513,0.22428
7301.75789,0.22455
7297.90065,0.22492
7294.04340,0.22526
7290.18616,0.22556
7286.32892,0.22580
7282.47168,0.22604
7278.61444,0.22635
7274.75720,0.22671
7270.89996,0.22709
7267.04272,0.22751
7263.18547,0.22798
7259.32823,0.22841
7255.47099,0.22876
7251.61375,0.22912
7247.75651,0.22950
7243.89927,0.22975
7240.04203,0.22988
7236.18478,0.23003
7232.32754,0.23013
7228.47030,0.23026
7224.61306,0.23058
7220.75582,0.23097
7216.89858,0.23132
7213.04134,0.23161
7209.18409,0.23184
7205.32685,0.23201
7201.46961,0.23219
7197.61237,0.23244
7193.75513,0.23267
7189.89789,0.23293
7186.04065,0.23330
7182.18341,0.23378
7178.32616,0.23435
7174.46892,0.23498
7170.61168,0.23562
7166.75444,0.23628
7162.89720,0.23708
7159.03996,0.23812
7155.18272,0.23926
7151.32547,0.24036
7147.46823,0.24147
7143.61099,0.24270
7139.75375,0.24396
7135.89651,0.24530
7132.03927,0.24672
7128.18203,0.24807
7124.32478,0.24933
7120.46754,0.25060
7116.61030,0.25191
7112.75306,0.25317
7108.89582,0.25434
7105.03858,0.25558
7101.18134,0.25691
7097.32410,0.25828
7093.46685,0.25977
7089.60961,0.26134
7085.75237,0.26288
7081.89513,0.26451
7078.03789,0.26628
7074.18065,0.26805
7070.32341,0.26976
7066.46616,0.27147
7062.60892,0.27317
7058.75168,0.27481
7054.89444,0.27643
7051.03720,0.27803
7047.17996,0.27959
7043.32272,0.28112
7039.46548,0.28264
7035.60823,0.28412
7031.75099,0.28548
7027.89375,0.28670
7024.03651,0.28784
7020.17927,0.28888
7016.32203,0.28985
7012.46479,0.29079
7008.60754,0.29173
7004.75030,0.29267
7000.89306,0.29361
6997.03582,0.29453
6993.17858,0.29542
6989.32134,0.29623
6985.46410,0.29703
6981.60685,0.29791
6977.74961,0.29874
6973.89237,0.29941
6970.03513,0.29997
6966.17789,0.30051
6962.32065,0.30102
6958.46341,0.30149
6954.60617,0.30197
6950.74892,0.30250
6946.89168,0.30303
6943.03444,0.30346
6939.17720,0.30377
6935.31996,0.30409
6931.46272,0.30452
6927.60548,0.30499
6923.74823,0.30540
6919.89099,0.30579
6916.03375,0.30623
6912.17651,0.30665
6908.31927,0.30703
6904.46203,0.30743
6900.60479,0.30791
6896.74754,0.30834
6892.89030,0.30869
6889.03306,0.30910
6885.17582,0.30965
6881.31858,0.31025
6877.46134,0.31088
6873.60410,0.31149
6869.74686,0.31204
6865.88961,0.31256
6862.03237,0.31317
6858.17513,0.31387
6854.31789,0.31458
6850.46065,0.31529
6846.60341,0.31605
6842.74617,0.31681
6838.88892,0.31750
6835.03168,0.31817
6831.17444,0.31890
6827.31720,0.31968
6823.45996,0.32044
6819.60272,0.32121
6815.74548,0.32206
6811.88824,0.32287
6808.03099,0.32354
6804.17375,0.32421
6800.31651,0.32503
6796.45927,0.32594
6792.60203,0.32683
6788.74479,0.32769
6784.88755,0.32856
6781.03030,0.32942
6777.17306,0.33016
6773.31582,0.33083
6769.45858,0.33153
6765.60134,0.33221
6761.74410,0.33275
6757.88686,0.33316
6754.02961,0.33355
6750.17237,0.33393
6746.31513,0.33419
6742.45789,0.33438
6738.60065,0.33460
6734.74341,0.33481
6730.88617,0.33493
6727.02893,0.33499
6723.17168,0.33509
6719.31444,0.33525
6715.45720,0.33541
6711.59996,0.33552
6707.74272,0.33554
6703.88548,0.33550
6700.02824,0.33548
6696.17099,0.33544
6692.31375,0.33531
6688.45651,0.33513
6684.59927,0.33496
6680.74203,0.33481
6676.88479,0.33463
6673.02755,0.33440
6669.17030,0.33410
6665.31306,0.33375
6661.45582,0.33344
6657.59858,0.33309
6653.74134,0.33266
6649.88410,0.33225
6646.02686,0.33184
6642.16962,0.33136
6638.31237,0.33087
6634.45513,0.33034
6630.59789,0.32978
6626.74065,0.32926
6622.88341,0.32878
6619.02617,0.32825
6615.16893,0.32766
6611.31168,0.32704
6607.45444,0.32648
6603.59720,0.32598
6599.73996,0.32548
6595.88272,0.32504
6592.02548,0.32467
6588.16824,0.32440
6584.31100,0.32424
6580.45375,0.32410
6576.59651,0.32388
6572.73927,0.32363
6568.88203,0.32351
6565.02479,0.32354
6561.16755,0.32358
6557.31031,0.32360
6553.45306,0.32366
6549.59582,0.32377
6545.73858,0.32388
6541.88134,0.32396
6538.02410,0.32403
6534.16686,0.32416
6530.30962,0.32435
6526.45237,0.32450
6522.59513,0.32458
6518.73789,0.32466
6514.88065,0.32482
6511.02341,0.32501
6507.16617,0.32510
6503.30893,0.32505
6499.45169,0.32501
6495.59444,0.32503
6491.73720,0.32504
6487.87996,0.32504
6484.02272,0.32508
6480.16548,0.32504
6476.30824,0.32487
6472.45100,0.32469
6468.59375,0.32455
6464.73651,0.32436
6460.87927,0.32406
6457.02203,0.32375
6453.16479,0.32353
6449.30755,0.32334
6445.45031,0.32310
6441.59306,0.32280
6437.73582,0.32244
6433.87858,0.32204
6430.02134,0.32161
6426.16410,0.32120
6422.30686,0.32086
6418.44962,0.32057
6414.59238,0.32026
6410.73513,0.31989
6406.87789,0.31955
6403.02065,0.31928
6399.16341,0.31907
6395.30617,0.31890
6391.44893,0.31876
6387.59169,0.31862
6383.73444,0.31843
6379.87720,0.31819
6376.01996,0.31793
6372.16272,0.31768
6368.30548,0.31745
6364.44824,0.31724
6360.59100,0.31705
6356.73376,0.31690
6352.87651,0.31676
6349.01927,0.31659
6345.16203,0.31644
6341.30479,0.31638
6337.44755,0.31644
6333.59031,0.31655
6329.73307,0.31662
6325.87582,0.31659
6322.01858,0.31642
6318.16134,0.31623
6314.30410,0.31617
6310.44686,0.31614
6306.58962,0.31598
6302.73238,0.31570
6298.87513,0.31537
6295.01789,0.31498
6291.16065,0.31454
6287.30341,0.31403
6283.44617,0.31346
6279.58893,0.31286
6275.73169,0.31222
6271.87445,0.31151
6268.01720,0.31072
6264.15996,0.30995
6260.30272,0.30923
6256.44548,0.30844
6252.58824,0.30753
6248.73100,0.30661
6244.87376,0.30568
6241.01651,0.30475
6237.15927,0.30382
6233.30203,0.30285
6229.44479,0.30185
6225.58755,0.30092
6221.73031,0.30015
6217.87307,0.29963
6214.01582,0.29935
6210.15858,0.29933
6206.30134,0.29960
6202.44410,0.30003
6198.58686,0.30029
6194.72962,0.30004
6190.87238,0.29918
6187.01514,0.29786
6183.15789,0.29643
6179.30065,0.29511
6175.44341,0.29404
6171.58617,0.29329
6167.72893,0.29280
6163.87169,0.29251
6160.01445,0.29248
6156.15720,0.29282
6152.29996,0.29345
6148.44272,0.29415
6144.58548,0.29455
6140.72824,0.29449
6136.87100,0.29411
6133.01376,0.29375
6129.15652,0.29371
6125.29927,0.29416
6121.44203,0.29516
6117.58479,0.29686
6113.72755,0.29939
6109.87031,0.30274
6106.01307,0.30677
6102.15583,0.31137
6098.29858,0.31636
6094.44134,0.32156
6090.58410,0.32671
6086.72686,0.33158
6082.86962,0.33614
6079.01238,0.34060
6075.15514,0.34539
6071.29789,0.35095
6067.44065,0.35742
6063.58341,0.36446
6059.72617,0.37143
6055.86893,0.37775
6052.01169,0.38320
6048.15445,0.38801
6044.29721,0.39275
6040.43996,0.39788
6036.58272,0.40354
6032.72548,0.40956
6028.86824,0.41527
6025.01100,0.41975
6021.15376,0.42221
6017.29652,0.42210
6013.43927,0.41916
6009.58203,0.41360
6005.72479,0.40613
6001.86755,0.39769
5998.01031,0.38929
5994.15307,0.38191
5990.29583,0.37615
5986.43858,0.37202
5982.58134,0.36912
5978.72410,0.36676
5974.86686,0.36405
5971.00962,0.36048
5967.15238,0.35635
5963.29514,0.35245
5959.43790,0.34944
5955.58065,0.34757
5951.72341,0.34669
5947.86617,0.34631
5944.00893,0.34569
5940.15169,0.34417
5936.29445,0.34139
5932.43721,0.33752
5928.57996,0.33306
5924.72272,0.32854
5920.86548,0.32426
5917.00824,0.32040
5913.15100,0.31718
5909.29376,0.31483
5905.43652,0.31355
5901.57927,0.31341
5897.72203,0.31437
5893.86479,0.31628
5890.00755,0.31880
5886.15031,0.32161
5882.29307,0.32447
5878.43583,0.32712
5874.57859,0.32936
5870.72134,0.33122
5866.86410,0.33268
5863.00686,0.33353
5859.14962,0.33362
5855.29238,0.33309
5851.43514,0.33228
5847.57790,0.33143
5843.72065,0.33068
5839.86341,0.33014
5836.00617,0.32994
5832.14893,0.33001
5828.29169,0.33012
5824.43445,0.33023
5820.57721,0.33049
5816.71997,0.33087
5812.86272,0.33114
5809.00548,0.33117
5805.14824,0.33100
5801.29100,0.33074
5797.43376,0.33043
5793.57652,0.33010
5789.71928,0.32980
5785.86203,0.32953
5782.00479,0.32916
5778.14755,0.32863
5774.29031,0.32797
5770.43307,0.32718
5766.57583,0.32621
5762.71859,0.32501
5758.86134,0.32359
5755.00410,0.32200
5751.14686,0.32021
5747.28962,0.31824
5743.43238,0.31619
5739.57514,0.31420
5735.71790,0.31242
5731.86066,0.31092
5728.00341,0.30980
5724.14617,0.30915
5720.28893,0.30894
5716.43169,0.30903
5712.57445,0.30924
5708.71721,0.30942
5704.85997,0.30947
5701.00272,0.30934
5697.14548,0.30904
5693.28824,0.30859
5689.43100,0.30812
5685.57376,0.30769
5681.71652,0.30739
5677.85928,0.30732
5674.00203,0.30749
5670.14479,0.30781
5666.28755,0.30823
5662.43031,0.30870
5658.57307,0.30914
5654.71583,0.30942
5650.85859,0.30936
5647.00135,0.30887
5643.14410,0.30802
5639.28686,0.30696
5635.42962,0.30590
5631.57238,0.30494
5627.71514,0.30408
5623.85790,0.30333
5620.00066,0.30276
5616.14341,0.30242
5612.28617,0.30224
5608.42893,0.30221
5604.57169,0.30237
5600.71445,0.30270
5596.85721,0.30308
5592.99997,0.30351
5589.14273,0.30405
5585.28548,0.30470
5581.42824,0.30537
5577.57100,0.30598
5573.71376,0.30656
5569.85652,0.30711
5565.99928,0.30752
5562.14204,0.30772
5558.28479,0.30776
5554.42755,0.30769
5550.57031,0.30758
5546.71307,0.30749
5542.85583,0.30742
5538.99859,0.30737
5535.14135,0.30735
5531.28410,0.30733
5527.42686,0.30723
5523.56962,0.30697
5519.71238,0.30655
5515.85514,0.30608
5511.99790,0.30569
5508.14066,0.30544
5504.28342,0.30545
5500.42617,0.30574
5496.56893,0.30622
5492.71169,0.30686
5488.85445,0.30758
5484.99721,0.30814
5481.13997,0.30836
5477.28273,0.30821
5473.42548,0.30780
5469.56824,0.30728
5465.71100,0.30661
5461.85376,0.30569
5457.99652,0.30458
5454.13928,0.30339
5450.28204,0.30203
5446.42479,0.30039
5442.56755,0.29867
5438.71031,0.29705
5434.85307,0.29547
5430.99583,0.29395
5427.13859,0.29269
5423.28135,0.29182
5419.42411,0.29114
5415.56686,0.29050
5411.70962,0.29000
5407.85238,0.28980
5403.99514,0.28977
5400.13790,0.28972
5396.28066,0.28962
5392.42342,0.28947
5388.56617,0.28938
5384.70893,0.28938
5380.85169,0.28945
5376.99445,0.28966
5373.13721,0.29007
5369.27997,0.29065
5365.42273,0.29130
5361.56549,0.29194
5357.70824,0.29251
5353.85100,0.29303
5349.99376,0.29357
5346.13652,0.29407
5342.27928,0.29449
5338.42204,0.29491
5334.56480,0.29548
5330.70755,0.29622
5326.85031,0.29716
5322.99307,0.29838
5319.13583,0.29988
5315.27859,0.30176
5311.42135,0.30398
5307.56411,0.30658
5303.70686,0.30963
5299.84962,0.31307
5295.99238,0.31684
5292.13514,0.32107
5288.27790,0.32598
5284.42066,0.33154
5280.56342,0.33770
5276.70618,0.34428
5272.84893,0.35093
5268.99169,0.35758
5265.13445,0.36433
5261.27721,0.37084
5257.41997,0.37651
5253.56273,0.38140
5249.70549,0.38568
5245.84824,0.38951
5241.99100,0.39284
5238.13376,0.39551
5234.27652,0.39767
5230.41928,0.39952
5226.56204,0.40111
5222.70480,0.40246
5218.84755,0.40358
5214.99031,0.40443
5211.13307,0.40500
5207.27583,0.40540
5203.41859,0.40576
5199.56135,0.40612
5195.70411,0.40641
5191.84687,0.40658
5187.98962,0.40668
5184.13238,0.40675
5180.27514,0.40674
5176.41790,0.40658
5172.56066,0.40634
5168.70342,0.40611
5164.84618,0.40590
5160.98893,0.40562
5157.13169,0.40527
5153.27445,0.40492
5149.41721,0.40456
5145.55997,0.40415
5141.70273,0.40369
5137.84549,0.40326
5133.98825,0.40293
5130.13100,0.40267
5126.27376,0.40234
5122.41652,0.40171
5118.55928,0.40049
5114.70204,0.39849
5110.84480,0.39581
5106.98756,0.39267
5103.13031,0.38939
5099.27307,0.38624
5095.41583,0.38332
5091.55859,0.38064
5087.70135,0.37813
5083.84411,0.37577
5079.98687,0.37363
5076.12962,0.37170
5072.27238,0.36985
5068.41514,0.36806
5064.55790,0.36637
5060.70066,0.36478
5056.84342,0.36328
5052.98618,0.36188
5049.12894,0.36059
5045.27169,0.35940
5041.41445,0.35829
5037.55721,0.35717
5033.69997,0.35611
5029.84273,0.35519
5025.98549,0.35434
5022.12825,0.35351
5018.27100,0.35275
5014.41376,0.35206
5010.55652,0.35134
5006.69928,0.35060
5002.84204,0.34991
4998.98480,0.34923
4995.12756,0.34860
4991.27031,0.34805
4987.41307,0.34760
4983.55583,0.34727
4979.69859,0.34716
4975.84135,0.34731
4971.98411,0.34769
4968.12687,0.34827
4964.26963,0.34905
4960.41238,0.35012
4956.55514,0.35149
4952.69790,0.35309
4948.84066,0.35484
4944.98342,0.35672
4941.12618,0.35870
4937.26894,0.36076
4933.41169,0.36290
4929.55445,0.36511
4925.69721,0.36744
4921.83997,0.36998
4917.98273,0.37270
4914.12549,0.37554
4910.26825,0.37849
4906.41101,0.38159
4902.55376,0.38483
4898.69652,0.38820
4894.83928,0.39168
4890.98204,0.39521
4887.12480,0.39882
4883.26756,0.40256
4879.41032,0.40632
4875.55307,0.41001
4871.69583,0.41361
4867.83859,0.41707
4863.98135,0.42035
4860.12411,0.42349
4856.26687,0.42662
4852.40963,0.42992
4848.55238,0.43345
4844.69514,0.43722
4840.83790,0.44128
4836.98066,0.44562
4833.12342,0.45012
4829.26618,0.45463
4825.40894,0.45902
4821.55170,0.46317
4817.69445,0.46700
4813.83721,0.47051
4809.97997,0.47378
4806.12273,0.47683
4802.26549,0.47951
4798.40825,0.48174
4794.55101,0.48347
4790.69376,0.48464
4786.83652,0.48536
4782.97928,0.48580
4779.12204,0.48608
4775.26480,0.48638
4771.40756,0.48692
4767.55032,0.48782
4763.69307,0.48916
4759.83583,0.49103
4755.97859,0.49343
4752.12135,0.49614
4748.26411,0.49875
4744.40687,0.50116
4740.54963,0.50361
4736.69239,0.50640
4732.83514,0.50984
4728.97790,0.51404
4725.12066,0.51842
4721.26342,0.52186
4717.40618,0.52361
4713.54894,0.52417
4709.69170,0.52504
4705.83445,0.52770
4701.97721,0.53261
4698.11997,0.53882
4694.26273,0.54408
4690.40549,0.54602
4686.54825,0.54331
4682.69101,0.53628
4678.83377,0.52653
4674.97652,0.51630
4671.11928,0.50758
4667.26204,0.50138
4663.40480,0.49757
4659.54756,0.49544
4655.69032,0.49473
4651.83308,0.49590
4647.97583,0.49943
4644.11859,0.50489
4640.26135,0.51051
4636.40411,0.51366
4632.54687,0.51203
4628.68963,0.50505
4624.83239,0.49441
4620.97514,0.48304
4617.11790,0.47331
4613.26066,0.46627
4609.40342,0.46198
4605.54618,0.46024
4601.68894,0.46098
4597.83170,0.46363
4593.97446,0.46685
4590.11721,0.46959
4586.25997,0.47183
4582.40273,0.47323
4578.54549,0.47199
4574.68825,0.46656
4570.83101,0.45783
4566.97377,0.44857
4563.11652,0.44111
4559.25928,0.43621
4555.40204,0.43350
4551.54480,0.43213
4547.68756,0.43132
4543.83032,0.43068
4539.97308,0.43015
4536.11583,0.42981
4532.25859,0.42983
4528.40135,0.43039
4524.54411,0.43161
4520.68687,0.43351
4516.82963,0.43616
4512.97239,0.43975
4509.11515,0.44460
4505.25790,0.45110
4501.40066,0.45949
4497.54342,0.46938
4493.68618,0.47959
4489.82894,0.48862
4485.97170,0.49574
4482.11446,0.50171
4478.25721,0.50822
4474.39997,0.51689
4470.54273,0.52875
4466.68549,0.54374
4462.82825,0.55975
4458.97101,0.57286
4455.11377,0.58086
4451.25653,0.58551
4447.39928,0.59001
4443.54204,0.59570
4439.68480,0.60172
4435.82756,0.60632
4431.97032,0.60794
4428.11308,0.60592
4424.25584,0.60119
4420.39859,0.59607
4416.54135,0.59295
4412.68411,0.59268
4408.82687,0.59430
4404.96963,0.59571
4401.11239,0.59495
4397.25515,0.59156
4393.39790,0.58654
4389.54066,0.58128
4385.68342,0.57666
4381.82618,0.57293
4377.96894,0.57019
4374.11170,0.56849
4370.25446,0.56791
4366.39722,0.56850
4362.53997,0.57002
4358.68273,0.57191
4354.82549,0.57379
4350.96825,0.57576
4347.11101,0.57815
4343.25377,0.58108
4339.39653,0.58422
4335.53928,0.58706
4331.68204,0.58946
4327.82480,0.59175
4323.96756,0.59423
4320.11032,0.59716
4316.25308,0.60085
4312.39584,0.60551
4308.53859,0.61112
4304.68135,0.61727
4300.82411,0.62321
4296.96687,0.62818
4293.10963,0.63172
4289.25239,0.63369
4285.39515,0.63426
4281.53791,0.63388
4277.68066,0.63301
4273.82342,0.63174
4269.96618,0.62978
4266.10894,0.62719
4262.25170,0.62462
4258.39446,0.62287
4254.53722,0.62229
4250.67997,0.62262
4246.82273,0.62300
4242.96549,0.62253
4239.10825,0.62106
4235.25101,0.61928
4231.39377,0.61787
4227.53653,0.61680
4223.67929,0.61532
4219.82204,0.61280
4215.96480,0.60944
4212.10756,0.60606
4208.25032,0.60329
4204.39308,0.60115
4200.53584,0.59950
4196.67860,0.59858
4192.82135,0.59919
4188.96411,0.60192
4185.10687,0.60648
4181.24963,0.61124
4177.39239,0.61355
4173.53515,0.61153
4169.67791,0.60580
4165.82066,0.59878
4161.96342,0.59271
4158.10618,0.58871
4154.24894,0.58689
4150.39170,0.58705
4146.53446,0.58902
4142.67722,0.59260
4138.81998,0.59720
4134.96273,0.60190
4131.10549,0.60581
4127.24825,0.60896
4123.39101,0.61224
4119.53377,0.61656
4115.67653,0.62245
4111.81929,0.63020
4107.96204,0.64011
4104.10480,0.65298
4100.24756,0.66986
4096.39032,0.68964
4092.53308,0.70637
4088.67584,0.71300
4084.81860,0.70836
4080.96135,0.69667
4077.10411,0.68295
4073.24687,0.67116
4069.38963,0.66335
4065.53239,0.65931
4061.67515,0.65787
4057.81791,0.65813
4053.96067,0.65951
4050.10342,0.66134
4046.24618,0.66308
4042.38894,0.66438
4038.53170,0.66517
4034.67446,0.66575
4030.81722,0.66633
4026.95998,0.66671
4023.10273,0.66675
4019.24549,0.66656
4015.38825,0.66611
4011.53101,0.66512
4007.67377,0.66348
4003.81653,0.66136
3999.95929,0.65888
3996.10205,0.65590
3992.24480,0.65269
3988.38756,0.64988
3984.53032,0.64774
3980.67308,0.64606
3976.81584,0.64448
3972.95860,0.64286
3969.10136,0.64100
3965.24411,0.63861
3961.38687,0.63567
3957.52963,0.63267
3953.67239,0.62985
3949.81515,0.62692
3945.95791,0.62383
3942.10067,0.62092
3938.24342,0.61844
3934.38618,0.61613
3930.52894,0.61395
3926.67170,0.61207
3922.81446,0.61022
3918.95722,0.60820
3915.09998,0.60626
3911.24274,0.60440
3907.38549,0.60186
3903.52825,0.59766
3899.67101,0.59287
3895.81377,0.58933
3891.95653,0.58636
3888.09929,0.58362
3884.24205,0.58131
3880.38480,0.57966
3876.52756,0.57825
3872.67032,0.57593
3868.81308,0.57235
3864.95584,0.56878
3861.09860,0.56611
3857.24136,0.56356
3853.38411,0.56029
3849.52687,0.55825
3845.66963,0.55742
3841.81239,0.55616
3837.95515,0.55478
3834.09791,0.55449
3830.24067,0.55472
3826.38343,0.55499
3822.52618,0.55596
3818.66894,0.55883
3814.81170,0.56263
3810.95446,0.56526
3807.09722,0.56638
3803.23998,0.56578
3799.38274,0.56375
3795.52549,0.56196
3791.66825,0.56111
3787.81101,0.56095
3783.95377,0.56153
3780.09653,0.56317
3776.23929,0.56557
3772.38205,0.56825
3768.52481,0.57157
3764.66756,0.57542
3760.81032,0.57852
3756.95308,0.57970
3753.09584,0.57814
3749.23860,0.57468
3745.38136,0.57325
3741.52412,0.57484
3737.66687,0.57843
3733.80963,0.58402
3729.95239,0.58845
3726.09515,0.59062
3722.23791,0.59311
3718.38067,0.59719
3714.52343,0.60325
3710.66618,0.61355
3706.80894,0.62654
3702.95170,0.63993
3699.09446,0.65498
3695.23722,0.67120
3691.37998,0.69287
3687.52274,0.72100
3683.66550,0.74071
3679.80825,0.75276
3675.95101,0.76742
3672.09377,0.79014
3668.23653,0.81434
3664.37929,0.83468
3660.52205,0.85319
3656.66481,0.87175
3652.80756,0.89065
3648.95032,0.91273
3645.09308,0.93448
3641.23584,0.94896
3637.37860,0.95967
3633.52136,0.96672
3629.66412,0.97102
3625.80687,0.97854
3621.94963,0.98757
3618.09239,0.99750
3614.23515,1.00658
3610.37791,1.01256
3606.52067,1.01588
3602.66343,1.01777
3598.80619,1.02215
