12493.60475,0.17894
12489.74751,0.18301
12485.89027,0.18592
12482.03303,0.18486
12478.17579,0.18128
12474.31855,0.17899
12470.46130,0.17844
12466.60406,0.17790
12462.74682,0.17777
12458.88958,0.17813
12455.03234,0.17750
12451.17510,0.17540
12447.31786,0.17483
12443.46062,0.17865
12439.60337,0.18268
12435.74613,0.18280
12431.88889,0.18135
12428.03165,0.17928
12424.17441,0.17679
12420.31717,0.17756
12416.45993,0.18111
12412.60268,0.18254
12408.74544,0.18117
12404.88820,0.18000
12401.03096,0.18158
12397.17372,0.18489
12393.31648,0.18556
12389.45924,0.18363
12385.60199,0.18328
12381.74475,0.18479
12377.88751,0.18464
12374.03027,0.18189
12370.17303,0.17961
12366.31579,0.17951
12362.45855,0.18003
12358.60131,0.18027
12354.74406,0.18080
12350.88682,0.18172
12347.02958,0.18278
12343.17234,0.18333
12339.31510,0.18163
12335.45786,0.17883
12331.60062,0.17868
12327.74337,0.18119
12323.88613,0.18304
12320.02889,0.18165
12316.17165,0.17802
12312.31441,0.17623
12308.45717,0.17737
12304.59993,0.17866
12300.74268,0.17966
12296.88544,0.18159
12293.02820,0.18271
12289.17096,0.18140
12285.31372,0.18027
12281.45648,0.18155
12277.59924,0.18239
12273.74200,0.18032
12269.88475,0.17856
12266.02751,0.17942
12262.17027,0.18007
12258.31303,0.17967
12254.45579,0.18005
12250.59855,0.18105
12246.74131,0.18147
12242.88406,0.18059
12239.02682,0.17964
12235.16958,0.18040
12231.31234,0.18152
12227.45510,0.18133
12223.59786,0.18068
12219.74062,0.18005
12215.88338,0.17917
12212.02613,0.17887
12208.16889,0.17941
12204.31165,0.17905
12200.45441,0.17747
12196.59717,0.17693
12192.73993,0.17769
12188.88269,0.17776
12185.02544,0.17716
12181.16820,0.17733
12177.31096,0.17774
12173.45372,0.17645
12169.59648,0.17481
12165.73924,0.17608
12161.88200,0.17832
12158.02475,0.17750
12154.16751,0.17480
12150.31027,0.17361
12146.45303,0.17417
12142.59579,0.17500
12138.73855,0.17582
12134.88131,0.17642
12131.02407,0.17564
12127.16682,0.17344
12123.30958,0.17152
12119.45234,0.17107
12115.59510,0.17121
12111.73786,0.17105
12107.88062,0.17169
12104.02338,0.17385
12100.16613,0.17624
12096.30889,0.17776
12092.45165,0.17869
12088.59441,0.17857
12084.73717,0.17680
12080.87993,0.17513
12077.02269,0.17530
12073.16544,0.17621
12069.30820,0.17537
12065.45096,0.17248
12061.59372,0.16997
12057.73648,0.16892
12053.87924,0.16855
12050.02200,0.16866
12046.16476,0.16964
12042.30751,0.17217
12038.45027,0.17521
12034.59303,0.17679
12030.73579,0.17771
12026.87855,0.17904
12023.02131,0.17993
12019.16407,0.18007
12015.30682,0.17924
12011.44958,0.17819
12007.59234,0.17828
12003.73510,0.17792
11999.87786,0.17601
11996.02062,0.17558
11992.16338,0.17755
11988.30614,0.17859
11984.44889,0.17712
11980.59165,0.17547
11976.73441,0.17561
11972.87717,0.17560
11969.01993,0.17429
11965.16269,0.17416
11961.30545,0.17538
11957.44820,0.17630
11953.59096,0.17627
11949.73372,0.17429
11945.87648,0.17215
11942.01924,0.17313
11938.16200,0.17646
11934.30476,0.17933
11930.44751,0.17998
11926.59027,0.17881
11922.73303,0.17785
11918.87579,0.17755
11915.01855,0.17704
11911.16131,0.17641
11907.30407,0.17590
11903.44683,0.17527
11899.58958,0.17489
11895.73234,0.17594
11891.87510,0.17788
11888.01786,0.17839
11884.16062,0.17729
11880.30338,0.17671
11876.44614,0.17763
11872.58889,0.17890
11868.73165,0.17902
11864.87441,0.17798
11861.01717,0.17707
11857.15993,0.17728
11853.30269,0.17821
11849.44545,0.17936
11845.58820,0.18073
11841.73096,0.18218
11837.87372,0.18350
11834.01648,0.18418
11830.15924,0.18400
11826.30200,0.18279
11822.44476,0.18042
11818.58752,0.17863
11814.73027,0.17847
11810.87303,0.17867
11807.01579,0.17841
11803.15855,0.17783
11799.30131,0.17776
11795.44407,0.17857
11791.58683,0.17905
11787.72958,0.17859
11783.87234,0.17813
11780.01510,0.17862
11776.15786,0.18012
11772.30062,0.18121
11768.44338,0.18079
11764.58614,0.18054
11760.72890,0.18140
11756.87165,0.18145
11753.01441,0.18082
11749.15717,0.18168
11745.29993,0.18344
11741.44269,0.18365
11737.58545,0.18234
11733.72821,0.18165
11729.87096,0.18215
11726.01372,0.18251
11722.15648,0.18217
11718.29924,0.18175
11714.44200,0.18133
11710.58476,0.18052
11706.72752,0.17944
11702.87027,0.17879
11699.01303,0.17970
11695.15579,0.18226
11691.29855,0.18387
11687.44131,0.18273
11683.58407,0.18076
11679.72683,0.18012
11675.86959,0.18047
11672.01234,0.18059
11668.15510,0.18065
11664.29786,0.18144
11660.44062,0.18231
11656.58338,0.18230
11652.72614,0.18190
11648.86890,0.18188
11645.01165,0.18125
11641.15441,0.17937
11637.29717,0.17828
11633.43993,0.17872
11629.58269,0.17924
11625.72545,0.18016
11621.86821,0.18227
11618.01096,0.18366
11614.15372,0.18234
11610.29648,0.17950
11606.43924,0.17724
11602.58200,0.17627
11598.72476,0.17689
11594.86752,0.17865
11591.01028,0.17998
11587.15303,0.18047
11583.29579,0.18051
11579.43855,0.17955
11575.58131,0.17820
11571.72407,0.17860
11567.86683,0.18051
11564.00959,0.18107
11560.15234,0.18027
11556.29510,0.18113
11552.43786,0.18267
11548.58062,0.18169
11544.72338,0.17968
11540.86614,0.17970
11537.00890,0.18162
11533.15166,0.18285
11529.29441,0.18107
11525.43717,0.17864
11521.57993,0.17942
11517.72269,0.18196
11513.86545,0.18283
11510.00821,0.18155
11506.15097,0.18017
11502.29372,0.18024
11498.43648,0.17987
11494.57924,0.17813
11490.72200,0.17785
11486.86476,0.17990
11483.00752,0.18122
11479.15028,0.17995
11475.29303,0.17802
11471.43579,0.17748
11467.57855,0.17763
11463.72131,0.17716
11459.86407,0.17601
11456.00683,0.17566
11452.14959,0.17622
11448.29235,0.17570
11444.43510,0.17438
11440.57786,0.17413
11436.72062,0.17477
11432.86338,0.17550
11429.00614,0.17586
11425.14890,0.17513
11421.29166,0.17390
11417.43441,0.17409
11413.57717,0.17575
11409.71993,0.17647
11405.86269,0.17549
11402.00545,0.17480
11398.14821,0.17524
11394.29097,0.17610
11390.43372,0.17684
11386.57648,0.17693
11382.71924,0.17707
11378.86200,0.17773
11375.00476,0.17788
11371.14752,0.17759
11367.29028,0.17736
11363.43304,0.17748
11359.57579,0.17777
11355.71855,0.17693
11351.86131,0.17563
11348.00407,0.17574
11344.14683,0.17683
11340.28959,0.17781
11336.43235,0.17766
11332.57510,0.17568
11328.71786,0.17345
11324.86062,0.17305
11321.00338,0.17414
11317.14614,0.17451
11313.28890,0.17359
11309.43166,0.17338
11305.57442,0.17420
11301.71717,0.17478
11297.85993,0.17541
11294.00269,0.17557
11290.14545,0.17483
11286.28821,0.17505
11282.43097,0.17621
11278.57373,0.17730
11274.71648,0.17876
11270.85924,0.17914
11267.00200,0.17771
11263.14476,0.17688
11259.28752,0.17691
11255.43028,0.17641
11251.57304,0.17564
11247.71579,0.17455
11243.85855,0.17317
11240.00131,0.17274
11236.14407,0.17350
11232.28683,0.17403
11228.42959,0.17357
11224.57235,0.17293
11220.71511,0.17293
11216.85786,0.17342
11213.00062,0.17423
11209.14338,0.17449
11205.28614,0.17350
11201.42890,0.17305
11197.57166,0.17412
11193.71442,0.17508
11189.85717,0.17521
11185.99993,0.17475
11182.14269,0.17401
11178.28545,0.17406
11174.42821,0.17467
11170.57097,0.17482
11166.71373,0.17507
11162.85648,0.17557
11158.99924,0.17543
11155.14200,0.17457
11151.28476,0.17375
11147.42752,0.17368
11143.57028,0.17390
11139.71304,0.17356
11135.85580,0.17302
11131.99855,0.17297
11128.14131,0.17361
11124.28407,0.17440
11120.42683,0.17462
11116.56959,0.17477
11112.71235,0.17505
11108.85511,0.17480
11104.99786,0.17431
11101.14062,0.17435
11097.28338,0.17464
11093.42614,0.17496
11089.56890,0.17558
11085.71166,0.17597
11081.85442,0.17524
11077.99718,0.17376
11074.13993,0.17275
11070.28269,0.17256
11066.42545,0.17275
11062.56821,0.17301
11058.71097,0.17300
11054.85373,0.17319
11050.99649,0.17407
11047.13924,0.17459
11043.28200,0.17441
11039.42476,0.17431
11035.56752,0.17419
11031.71028,0.17411
11027.85304,0.17423
11023.99580,0.17397
11020.13855,0.17356
11016.28131,0.17366
11012.42407,0.17372
11008.56683,0.17337
11004.70959,0.17322
11000.85235,0.17339
10996.99511,0.17365
10993.13787,0.17421
10989.28062,0.17473
10985.42338,0.17419
10981.56614,0.17287
10977.70890,0.17211
10973.85166,0.17227
10969.99442,0.17258
10966.13718,0.17225
10962.27993,0.17152
10958.42269,0.17120
10954.56545,0.17157
10950.70821,0.17232
10946.85097,0.17285
10942.99373,0.17249
10939.13649,0.17155
10935.27924,0.17094
10931.42200,0.17046
10927.56476,0.16993
10923.70752,0.17009
10919.85028,0.17077
10915.99304,0.17142
10912.13580,0.17190
10908.27856,0.17187
10904.42131,0.17129
10900.56407,0.17070
10896.70683,0.17067
10892.84959,0.17108
10888.99235,0.17118
10885.13511,0.17072
10881.27787,0.17035
10877.42062,0.17019
10873.56338,0.16974
10869.70614,0.16917
10865.84890,0.16878
10861.99166,0.16866
10858.13442,0.16868
10854.27718,0.16840
10850.41993,0.16821
10846.56269,0.16885
10842.70545,0.16963
10838.84821,0.16959
10834.99097,0.16938
10831.13373,0.16986
10827.27649,0.17030
10823.41925,0.16977
10819.56200,0.16879
10815.70476,0.16857
10811.84752,0.16885
10807.99028,0.16876
10804.13304,0.16862
10800.27580,0.16873
10796.41856,0.16870
10792.56131,0.16860
10788.70407,0.16851
10784.84683,0.16820
10780.98959,0.16803
10777.13235,0.16826
10773.27511,0.16841
10769.41787,0.16849
10765.56063,0.16849
10761.70338,0.16819
10757.84614,0.16801
10753.98890,0.16832
10750.13166,0.16894
10746.27442,0.16920
10742.41718,0.16894
10738.55994,0.16896
10734.70269,0.16949
10730.84545,0.16975
10726.98821,0.16923
10723.13097,0.16831
10719.27373,0.16762
10715.41649,0.16757
10711.55925,0.16808
10707.70200,0.16883
10703.84476,0.16940
10699.98752,0.16919
10696.13028,0.16847
10692.27304,0.16816
10688.41580,0.16806
10684.55856,0.16786
10680.70132,0.16771
10676.84407,0.16750
10672.98683,0.16751
10669.12959,0.16789
10665.27235,0.16824
10661.41511,0.16857
10657.55787,0.16907
10653.70063,0.16919
10649.84338,0.16852
10645.98614,0.16779
10642.12890,0.16758
10638.27166,0.16734
10634.41442,0.16670
10630.55718,0.16642
10626.69994,0.16711
10622.84269,0.16818
10618.98545,0.16847
10615.12821,0.16766
10611.27097,0.16673
10607.41373,0.16624
10603.55649,0.16589
10599.69925,0.16572
10595.84201,0.16596
10591.98476,0.16661
10588.12752,0.16735
10584.27028,0.16767
10580.41304,0.16733
10576.55580,0.16663
10572.69856,0.16622
10568.84132,0.16630
10564.98407,0.16655
10561.12683,0.16645
10557.26959,0.16577
10553.41235,0.16501
10549.55511,0.16478
10545.69787,0.16512
10541.84063,0.16535
10537.98339,0.16503
10534.12614,0.16445
10530.26890,0.16411
10526.41166,0.16444
10522.55442,0.16486
10518.69718,0.16475
10514.83994,0.16462
10510.98270,0.16468
10507.12545,0.16468
10503.26821,0.16457
10499.41097,0.16462
10495.55373,0.16505
10491.69649,0.16539
10487.83925,0.16524
10483.98201,0.16487
10480.12476,0.16441
10476.26752,0.16398
10472.41028,0.16409
10468.55304,0.16441
10464.69580,0.16427
10460.83856,0.16373
10456.98132,0.16330
10453.12408,0.16354
10449.26683,0.16404
10445.40959,0.16400
10441.55235,0.16363
10437.69511,0.16346
10433.83787,0.16342
10429.98063,0.16312
10426.12339,0.16242
10422.26614,0.16195
10418.40890,0.16249
10414.55166,0.16370
10410.69442,0.16455
10406.83718,0.16461
10402.97994,0.16398
10399.12270,0.16325
10395.26545,0.16317
10391.40821,0.16343
10387.55097,0.16340
10383.69373,0.16337
10379.83649,0.16370
10375.97925,0.16410
10372.12201,0.16435
10368.26477,0.16453
10364.40752,0.16467
10360.55028,0.16472
10356.69304,0.16439
10352.83580,0.16379
10348.97856,0.16356
10345.12132,0.16387
10341.26408,0.16417
10337.40683,0.16428
10333.54959,0.16441
10329.69235,0.16432
10325.83511,0.16376
10321.97787,0.16343
10318.12063,0.16371
10314.26339,0.16408
10310.40615,0.16439
10306.54890,0.16483
10302.69166,0.16491
10298.83442,0.16456
10294.97718,0.16457
10291.11994,0.16500
10287.26270,0.16534
10283.40546,0.16550
10279.54821,0.16544
10275.69097,0.16534
10271.83373,0.16553
10267.97649,0.16582
10264.11925,0.16591
10260.26201,0.16578
10256.40477,0.16559
10252.54752,0.16530
10248.69028,0.16481
10244.83304,0.16462
10240.97580,0.16499
10237.11856,0.16538
10233.26132,0.16535
10229.40408,0.16498
10225.54684,0.16459
10221.68959,0.16453
10217.83235,0.16486
10213.97511,0.16549
10210.11787,0.16603
10206.26063,0.16590
10202.40339,0.16536
10198.54615,0.16504
10194.68890,0.16505
10190.83166,0.16532
10186.97442,0.16556
10183.11718,0.16562
10179.25994,0.16561
10175.40270,0.16548
10171.54546,0.16538
10167.68821,0.16552
10163.83097,0.16576
10159.97373,0.16585
10156.11649,0.16592
10152.25925,0.16618
10148.40201,0.16645
10144.54477,0.16632
10140.68753,0.16588
10136.83028,0.16573
10132.97304,0.16585
10129.11580,0.16594
10125.25856,0.16619
10121.40132,0.16653
10117.54408,0.16649
10113.68684,0.16615
10109.82959,0.16581
10105.97235,0.16552
10102.11511,0.16543
10098.25787,0.16570
10094.40063,0.16610
10090.54339,0.16638
10086.68615,0.16658
10082.82891,0.16668
10078.97166,0.16663
10075.11442,0.16668
10071.25718,0.16675
10067.39994,0.16670
10063.54270,0.16657
10059.68546,0.16623
10055.82822,0.16592
10051.97097,0.16595
10048.11373,0.16620
10044.25649,0.16645
10040.39925,0.16652
10036.54201,0.16652
10032.68477,0.16676
10028.82753,0.16713
10024.97028,0.16716
10021.11304,0.16692
10017.25580,0.16677
10013.39856,0.16666
10009.54132,0.16640
10005.68408,0.16609
10001.82684,0.16603
9997.96960,0.16646
9994.11235,0.16729
9990.25511,0.16791
9986.39787,0.16781
9982.54063,0.16715
9978.68339,0.16666
9974.82615,0.16669
9970.96891,0.16690
9967.11166,0.16709
9963.25442,0.16723
9959.39718,0.16736
9955.53994,0.16751
9951.68270,0.16744
9947.82546,0.16724
9943.96822,0.16727
9940.11097,0.16740
9936.25373,0.16739
9932.39649,0.16743
9928.53925,0.16764
9924.68201,0.16756
9920.82477,0.16723
9916.96753,0.16718
9913.11029,0.16741
9909.25304,0.16766
9905.39580,0.16774
9901.53856,0.16764
9897.68132,0.16756
9893.82408,0.16741
9889.96684,0.16701
9886.10960,0.16670
9882.25235,0.16672
9878.39511,0.16708
9874.53787,0.16742
9870.68063,0.16719
9866.82339,0.16654
9862.96615,0.16617
9859.10891,0.16644
9855.25167,0.16705
9851.39442,0.16742
9847.53718,0.16731
9843.67994,0.16709
9839.82270,0.16694
9835.96546,0.16659
9832.10822,0.16629
9828.25098,0.16645
9824.39373,0.16675
9820.53649,0.16669
9816.67925,0.16649
9812.82201,0.16657
9808.96477,0.16672
9805.10753,0.16674
9801.25029,0.16672
9797.39304,0.16663
9793.53580,0.16640
9789.67856,0.16623
9785.82132,0.16629
9781.96408,0.16661
9778.10684,0.16702
9774.24960,0.16711
9770.39236,0.16695
9766.53511,0.16694
9762.67787,0.16683
9758.82063,0.16649
9754.96339,0.16633
9751.10615,0.16643
9747.24891,0.16655
9743.39167,0.16650
9739.53442,0.16611
9735.67718,0.16552
9731.81994,0.16526
9727.96270,0.16537
9724.10546,0.16537
9720.24822,0.16518
9716.39098,0.16520
9712.53373,0.16539
9708.67649,0.16541
9704.81925,0.16526
9700.96201,0.16537
9697.10477,0.16573
9693.24753,0.16595
9689.39029,0.16600
9685.53305,0.16596
9681.67580,0.16575
9677.81856,0.16532
9673.96132,0.16481
9670.10408,0.16453
9666.24684,0.16462
9662.38960,0.16485
9658.53236,0.16496
9654.67511,0.16484
9650.81787,0.16452
9646.96063,0.16418
9643.10339,0.16409
9639.24615,0.16430
9635.38891,0.16442
9631.53167,0.16417
9627.67443,0.16397
9623.81718,0.16415
9619.95994,0.16428
9616.10270,0.16403
9612.24546,0.16362
9608.38822,0.16335
9604.53098,0.16343
9600.67374,0.16377
9596.81649,0.16408
9592.95925,0.16418
9589.10201,0.16408
9585.24477,0.16389
9581.38753,0.16390
9577.53029,0.16405
9573.67305,0.16398
9569.81580,0.16380
9565.95856,0.16373
9562.10132,0.16356
9558.24408,0.16331
9554.38684,0.16334
9550.52960,0.16372
9546.67236,0.16408
9542.81512,0.16401
9538.95787,0.16352
9535.10063,0.16298
9531.24339,0.16273
9527.38615,0.16294
9523.52891,0.16339
9519.67167,0.16354
9515.81443,0.16317
9511.95718,0.16251
9508.09994,0.16213
9504.24270,0.16230
9500.38546,0.16252
9496.52822,0.16238
9492.67098,0.16222
9488.81374,0.16234
9484.95649,0.16242
9481.09925,0.16230
9477.24201,0.16222
9473.38477,0.16233
9469.52753,0.16237
9465.67029,0.16224
9461.81305,0.16224
9457.95581,0.16232
9454.09856,0.16219
9450.24132,0.16206
9446.38408,0.16203
9442.52684,0.16193
9438.66960,0.16186
9434.81236,0.16202
9430.95512,0.16215
9427.09787,0.16203
9423.24063,0.16192
9419.38339,0.16200
9415.52615,0.16197
9411.66891,0.16175
9407.81167,0.16173
9403.95443,0.16197
9400.09719,0.16195
9396.23994,0.16155
9392.38270,0.16134
9388.52546,0.16156
9384.66822,0.16186
9380.81098,0.16186
9376.95374,0.16158
9373.09650,0.16138
9369.23925,0.16136
9365.38201,0.16133
9361.52477,0.16131
9357.66753,0.16128
9353.81029,0.16111
9349.95305,0.16093
9346.09581,0.16096
9342.23856,0.16118
9338.38132,0.16139
9334.52408,0.16147
9330.66684,0.16142
9326.80960,0.16129
9322.95236,0.16120
9319.09512,0.16117
9315.23788,0.16100
9311.38063,0.16072
9307.52339,0.16078
9303.66615,0.16120
9299.80891,0.16148
9295.95167,0.16145
9292.09443,0.16124
9288.23719,0.16101
9284.37994,0.16088
9280.52270,0.16090
9276.66546,0.16088
9272.80822,0.16080
9268.95098,0.16088
9265.09374,0.16109
9261.23650,0.16118
9257.37925,0.16114
9253.52201,0.16093
9249.66477,0.16052
9245.80753,0.16014
9241.95029,0.16005
9238.09305,0.16025
9234.23581,0.16058
9230.37857,0.16073
9226.52132,0.16066
9222.66408,0.16066
9218.80684,0.16079
9214.94960,0.16083
9211.09236,0.16062
9207.23512,0.16038
9203.37788,0.16034
9199.52063,0.16042
9195.66339,0.16044
9191.80615,0.16036
9187.94891,0.16033
9184.09167,0.16046
9180.23443,0.16064
9176.37719,0.16078
9172.51995,0.16088
9168.66270,0.16090
9164.80546,0.16079
9160.94822,0.16061
9157.09098,0.16051
9153.23374,0.16057
9149.37650,0.16075
9145.51926,0.16083
9141.66201,0.16067
9137.80477,0.16050
9133.94753,0.16072
9130.09029,0.16122
9126.23305,0.16145
9122.37581,0.16125
9118.51857,0.16106
9114.66132,0.16116
9110.80408,0.16129
9106.94684,0.16123
9103.08960,0.16108
9099.23236,0.16098
9095.37512,0.16100
9091.51788,0.16119
9087.66064,0.16144
9083.80339,0.16156
9079.94615,0.16163
9076.08891,0.16184
9072.23167,0.16201
9068.37443,0.16198
9064.51719,0.16184
9060.65995,0.16181
9056.80270,0.16198
9052.94546,0.16214
9049.08822,0.16225
9045.23098,0.16247
9041.37374,0.16275
9037.51650,0.16298
9033.65926,0.16318
9029.80201,0.16348
9025.94477,0.16383
9022.08753,0.16408
9018.23029,0.16426
9014.37305,0.16458
9010.51581,0.16512
9006.65857,0.16567
9002.80133,0.16611
8998.94408,0.16638
8995.08684,0.16659
8991.22960,0.16700
8987.37236,0.16754
8983.51512,0.16796
8979.65788,0.16833
8975.80064,0.16880
8971.94339,0.16938
8968.08615,0.17007
8964.22891,0.17084
8960.37167,0.17162
8956.51443,0.17241
8952.65719,0.17323
8948.79995,0.17404
8944.94271,0.17485
8941.08546,0.17570
8937.22822,0.17657
8933.37098,0.17736
8929.51374,0.17813
8925.65650,0.17911
8921.79926,0.18040
8917.94202,0.18176
8914.08477,0.18302
8910.22753,0.18422
8906.37029,0.18555
8902.51305,0.18705
8898.65581,0.18848
8894.79857,0.18988
8890.94133,0.19140
8887.08408,0.19288
8883.22684,0.19418
8879.36960,0.19542
8875.51236,0.19656
8871.65512,0.19748
8867.79788,0.19827
8863.94064,0.19896
8860.08340,0.19941
8856.22615,0.19943
8852.36891,0.19894
8848.51167,0.19831
8844.65443,0.19796
8840.79719,0.19770
8836.93995,0.19714
8833.08271,0.19634
8829.22546,0.19540
8825.36822,0.19432
8821.51098,0.19321
8817.65374,0.19215
8813.79650,0.19102
8809.93926,0.18971
8806.08202,0.18829
8802.22477,0.18700
8798.36753,0.18597
8794.51029,0.18498
8790.65305,0.18378
8786.79581,0.18252
8782.93857,0.18135
8779.08133,0.18023
8775.22409,0.17923
8771.36684,0.17844
8767.50960,0.17774
8763.65236,0.17701
8759.79512,0.17638
8755.93788,0.17597
8752.08064,0.17575
8748.22340,0.17570
8744.36615,0.17563
8740.50891,0.17534
8736.65167,0.17495
8732.79443,0.17474
8728.93719,0.17483
8725.07995,0.17502
8721.22271,0.17522
8717.36547,0.17542
8713.50822,0.17559
8709.65098,0.17576
8705.79374,0.17588
8701.93650,0.17595
8698.07926,0.17607
8694.22202,0.17619
8690.36478,0.17627
8686.50753,0.17632
8682.65029,0.17639
8678.79305,0.17657
8674.93581,0.17689
8671.07857,0.17727
8667.22133,0.17770
8663.36409,0.17820
8659.50684,0.17869
8655.64960,0.17897
8651.79236,0.17916
8647.93512,0.17946
8644.07788,0.17981
8640.22064,0.18010
8636.36340,0.18037
8632.50616,0.18071
8628.64891,0.18108
8624.79167,0.18134
8620.93443,0.18155
8617.07719,0.18189
8613.21995,0.18237
8609.36271,0.18284
8605.50547,0.18320
8601.64822,0.18341
8597.79098,0.18366
8593.93374,0.18405
8590.07650,0.18452
8586.21926,0.18504
8582.36202,0.18553
8578.50478,0.18580
8574.64753,0.18588
8570.79029,0.18594
8566.93305,0.18608
8563.07581,0.18640
8559.21857,0.18681
8555.36133,0.18710
8551.50409,0.18732
8547.64685,0.18764
8543.78960,0.18810
8539.93236,0.18852
8536.07512,0.18881
8532.21788,0.18912
8528.36064,0.18939
8524.50340,0.18947
8520.64616,0.18963
8516.78891,0.18994
8512.93167,0.19020
8509.07443,0.19030
8505.21719,0.19034
8501.35995,0.19035
8497.50271,0.19038
8493.64547,0.19051
8489.78822,0.19060
8485.93098,0.19052
8482.07374,0.19039
8478.21650,0.19037
8474.35926,0.19044
8470.50202,0.19047
8466.64478,0.19039
8462.78754,0.19015
8458.93029,0.18992
8455.07305,0.18987
8451.21581,0.18980
8447.35857,0.18952
8443.50133,0.18920
8439.64409,0.18896
8435.78685,0.18878
8431.92960,0.18860
8428.07236,0.18845
8424.21512,0.18836
8420.35788,0.18824
8416.50064,0.18803
8412.64340,0.18777
8408.78616,0.18760
8404.92892,0.18754
8401.07167,0.18744
8397.21443,0.18719
8393.35719,0.18675
8389.49995,0.18630
8385.64271,0.18602
8381.78547,0.18585
8377.92823,0.18573
8374.07098,0.18565
8370.21374,0.18557
8366.35650,0.18551
8362.49926,0.18545
8358.64202,0.18534
8354.78478,0.18517
8350.92754,0.18505
8347.07029,0.18496
8343.21305,0.18480
8339.35581,0.18458
8335.49857,0.18446
8331.64133,0.18444
8327.78409,0.18437
8323.92685,0.18423
8320.06961,0.18412
8316.21236,0.18406
8312.35512,0.18392
8308.49788,0.18374
8304.64064,0.18363
8300.78340,0.18363
8296.92616,0.18372
8293.06892,0.18386
8289.21167,0.18388
8285.35443,0.18381
8281.49719,0.18374
8277.63995,0.18368
8273.78271,0.18359
8269.92547,0.18354
8266.06823,0.18360
8262.21098,0.18369
8258.35374,0.18362
8254.49650,0.18350
8250.63926,0.18358
8246.78202,0.18375
8242.92478,0.18378
8239.06754,0.18370
8235.21030,0.18364
8231.35305,0.18366
8227.49581,0.18370
8223.63857,0.18370
8219.78133,0.18364
8215.92409,0.18357
8212.06685,0.18345
8208.20961,0.18324
8204.35236,0.18299
8200.49512,0.18284
8196.63788,0.18279
8192.78064,0.18273
8188.92340,0.18265
8185.06616,0.18255
8181.20892,0.18236
8177.35168,0.18213
8173.49443,0.18194
8169.63719,0.18185
8165.77995,0.18185
8161.92271,0.18181
8158.06547,0.18162
8154.20823,0.18130
8150.35099,0.18094
8146.49374,0.18069
8142.63650,0.18065
8138.77926,0.18064
8134.92202,0.18052
8131.06478,0.18035
8127.20754,0.18018
8123.35030,0.18001
8119.49305,0.17984
8115.63581,0.17965
8111.77857,0.17948
8107.92133,0.17933
8104.06409,0.17912
8100.20685,0.17886
8096.34961,0.17868
8092.49237,0.17862
8088.63512,0.17856
8084.77788,0.17840
8080.92064,0.17817
8077.06340,0.17792
8073.20616,0.17760
8069.34892,0.17726
8065.49168,0.17703
8061.63443,0.17693
8057.77719,0.17681
8053.91995,0.17663
8050.06271,0.17649
8046.20547,0.17633
8042.34823,0.17611
8038.49099,0.17588
8034.63374,0.17572
8030.77650,0.17562
8026.91926,0.17556
8023.06202,0.17553
8019.20478,0.17548
8015.34754,0.17534
8011.49030,0.17520
8007.63306,0.17511
8003.77581,0.17504
7999.91857,0.17498
7996.06133,0.17492
7992.20409,0.17484
7988.34685,0.17474
7984.48961,0.17461
7980.63237,0.17443
7976.77512,0.17428
7972.91788,0.17427
7969.06064,0.17437
7965.20340,0.17451
7961.34616,0.17459
7957.48892,0.17453
7953.63168,0.17430
7949.77444,0.17410
7945.91719,0.17406
7942.05995,0.17408
7938.20271,0.17402
7934.34547,0.17393
7930.48823,0.17390
7926.63099,0.17392
7922.77375,0.17397
7918.91650,0.17392
7915.05926,0.17375
7911.20202,0.17366
7907.34478,0.17367
7903.48754,0.17377
7899.63030,0.17400
7895.77306,0.17427
7891.91581,0.17434
7888.05857,0.17420
7884.20133,0.17411
7880.34409,0.17418
7876.48685,0.17423
7872.62961,0.17414
7868.77237,0.17401
7864.91513,0.17388
7861.05788,0.17376
7857.20064,0.17370
7853.34340,0.17369
7849.48616,0.17363
7845.62892,0.17351
7841.77168,0.17342
7837.91444,0.17334
7834.05719,0.17325
7830.19995,0.17321
7826.34271,0.17320
7822.48547,0.17311
7818.62823,0.17299
7814.77099,0.17296
7810.91375,0.17300
7807.05650,0.17305
7803.19926,0.17305
7799.34202,0.17291
7795.48478,0.17254
7791.62754,0.17216
7787.77030,0.17204
7783.91306,0.17202
7780.05582,0.17190
7776.19857,0.17185
7772.34133,0.17194
7768.48409,0.17189
7764.62685,0.17168
7760.76961,0.17155
7756.91237,0.17145
7753.05513,0.17125
7749.19788,0.17099
7745.34064,0.17075
7741.48340,0.17052
7737.62616,0.17033
7733.76892,0.17026
7729.91168,0.17022
7726.05444,0.16997
7722.19720,0.16959
7718.33995,0.16928
7714.48271,0.16912
7710.62547,0.16915
7706.76823,0.16929
7702.91099,0.16931
7699.05375,0.16910
7695.19651,0.16891
7691.33926,0.16889
7687.48202,0.16904
7683.62478,0.16921
7679.76754,0.16929
7675.91030,0.16928
7672.05306,0.16925
7668.19582,0.16922
7664.33857,0.16916
7660.48133,0.16919
7656.62409,0.16941
7652.76685,0.16960
7648.90961,0.16967
7645.05237,0.16974
7641.19513,0.16976
7637.33789,0.16976
7633.48064,0.16985
7629.62340,0.16992
7625.76616,0.16990
7621.90892,0.16998
7618.05168,0.17020
7614.19444,0.17043
7610.33720,0.17062
7606.47995,0.17070
7602.62271,0.17060
7598.76547,0.17046
7594.90823,0.17054
7591.05099,0.17073
7587.19375,0.17082
7583.33651,0.17074
7579.47926,0.17072
7575.62202,0.17088
7571.76478,0.17104
7567.90754,0.17119
7564.05030,0.17141
7560.19306,0.17172
7556.33582,0.17210
7552.47858,0.17255
7548.62133,0.17302
7544.76409,0.17347
7540.90685,0.17388
7537.04961,0.17425
7533.19237,0.17450
7529.33513,0.17453
7525.47789,0.17449
7521.62064,0.17461
7517.76340,0.17479
7513.90616,0.17490
7510.04892,0.17501
7506.19168,0.17518
7502.33444,0.17534
7498.47720,0.17552
7494.61996,0.17585
7490.76271,0.17628
7486.90547,0.17663
7483.04823,0.17693
7479.19099,0.17733
7475.33375,0.17786
7471.47651,0.17844
7467.61927,0.17895
7463.76202,0.17945
7459.90478,0.18006
7456.04754,0.18083
7452.19030,0.18172
7448.33306,0.18264
7444.47582,0.18349
7440.61858,0.18430
7436.76133,0.18523
7432.90409,0.18627
7429.04685,0.18734
7425.18961,0.18843
7421.33237,0.18950
7417.47513,0.19051
7413.61789,0.19147
7409.76065,0.19236
7405.90340,0.19325
7402.04616,0.19423
7398.18892,0.19528
7394.33168,0.19629
7390.47444,0.19722
7386.61720,0.19818
7382.75996,0.19930
7378.90271,0.20058
7375.04547,0.20184
7371.18823,0.20300
7367.33099,0.20411
7363.47375,0.20519
7359.61651,0.20616
7355.75927,0.20695
7351.90202,0.20766
7348.04478,0.20843
7344.18754,0.20922
7340.33030,0.20995
7336.47306,0.21058
7332.61582,0.21118
7328.75858,0.21180
7324.90134,0.21236
7321.04409,0.21270
7317.18685,0.21285
7313.32961,0.21293
7309.47237,0.21305
7305.61513,0.21323
7301.75789,0.21344
7297.90065,0.21361
7294.04340,0.21379
7290.18616,0.21408
7286.32892,0.21439
7282.47168,0.21461
7278.61444,0.21481
7274.75720,0.21513
7270.89996,0.21556
7267.04272,0.21599
7263.18547,0.21638
7259.32823,0.21680
7255.47099,0.21722
7251.61375,0.21754
7247.75651,0.21777
7243.89927,0.21791
7240.04203,0.21803
7236.18478,0.21820
7232.32754,0.21839
7228.47030,0.21858
7224.61306,0.21882
7220.75582,0.21907
7216.89858,0.21932
7213.04134,0.21961
7209.18409,0.21993
7205.32685,0.22013
7201.46961,0.22016
7197.61237,0.22018
7193.75513,0.22035
7189.89789,0.22058
7186.04065,0.22084
7182.18341,0.22118
7178.32616,0.22160
7174.46892,0.22204
7170.61168,0.22250
7166.75444,0.22300
7162.89720,0.22361
7159.03996,0.22432
7155.18272,0.22511
7151.32547,0.22600
7147.46823,0.22696
7143.61099,0.22800
7139.75375,0.22917
7135.89651,0.23046
7132.03927,0.23170
7128.18203,0.23282
7124.32478,0.23388
7120.46754,0.23495
7116.61030,0.23602
7112.75306,0.23703
7108.89582,0.23797
7105.03858,0.23895
7101.18134,0.24001
7097.32410,0.24117
7093.46685,0.24246
7089.60961,0.24380
7085.75237,0.24511
7081.89513,0.24649
7078.03789,0.24799
7074.18065,0.24954
7070.32341,0.25106
7066.46616,0.25252
7062.60892,0.25393
7058.75168,0.25526
7054.89444,0.25651
7051.03720,0.25781
7047.17996,0.25921
7043.32272,0.26064
7039.46548,0.26203
7035.60823,0.26333
7031.75099,0.26445
7027.89375,0.26546
7024.03651,0.26646
7020.17927,0.26739
7016.32203,0.26831
7012.46479,0.26927
7008.60754,0.27011
7004.75030,0.27073
7000.89306,0.27129
6997.03582,0.27193
6993.17858,0.27263
6989.32134,0.27338
6985.46410,0.27410
6981.60685,0.27472
6977.74961,0.27528
6973.89237,0.27588
6970.03513,0.27644
6966.17789,0.27686
6962.32065,0.27724
6958.46341,0.27765
6954.60617,0.27809
6950.74892,0.27860
6946.89168,0.27907
6943.03444,0.27942
6939.17720,0.27968
6935.31996,0.27991
6931.46272,0.28021
6927.60548,0.28060
6923.74823,0.28102
6919.89099,0.28145
6916.03375,0.28183
6912.17651,0.28214
6908.31927,0.28247
6904.46203,0.28286
6900.60479,0.28323
6896.74754,0.28349
6892.89030,0.28375
6889.03306,0.28415
6885.17582,0.28465
6881.31858,0.28513
6877.46134,0.28561
6873.60410,0.28613
6869.74686,0.28674
6865.88961,0.28743
6862.03237,0.28819
6858.17513,0.28894
6854.31789,0.28960
6850.46065,0.29022
6846.60341,0.29085
6842.74617,0.29149
6838.88892,0.29211
6835.03168,0.29274
6831.17444,0.29339
6827.31720,0.29410
6823.45996,0.29488
6819.60272,0.29566
6815.74548,0.29642
6811.88824,0.29714
6808.03099,0.29789
6804.17375,0.29873
6800.31651,0.29961
6796.45927,0.30043
6792.60203,0.30124
6788.74479,0.30206
6784.88755,0.30286
6781.03030,0.30365
6777.17306,0.30444
6773.31582,0.30521
6769.45858,0.30593
6765.60134,0.30656
6761.74410,0.30716
6757.88686,0.30772
6754.02961,0.30815
6750.17237,0.30846
6746.31513,0.30867
6742.45789,0.30886
6738.60065,0.30908
6734.74341,0.30931
6730.88617,0.30951
6727.02893,0.30966
6723.17168,0.30981
6719.31444,0.30999
6715.45720,0.31008
6711.59996,0.31007
6707.74272,0.31011
6703.88548,0.31020
6700.02824,0.31027
6696.17099,0.31025
6692.31375,0.31019
6688.45651,0.31010
6684.59927,0.30997
6680.74203,0.30979
6676.88479,0.30957
6673.02755,0.30935
6669.17030,0.30908
6665.31306,0.30874
6661.45582,0.30840
6657.59858,0.30809
6653.74134,0.30783
6649.88410,0.30763
6646.02686,0.30740
6642.16962,0.30701
6638.31237,0.30649
6634.45513,0.30594
6630.59789,0.30545
6626.74065,0.30499
6622.88341,0.30451
6619.02617,0.30406
6615.16893,0.30354
6611.31168,0.30295
6607.45444,0.30246
6603.59720,0.30209
6599.73996,0.30173
6595.88272,0.30132
6592.02548,0.30096
6588.16824,0.30070
6584.31100,0.30050
6580.45375,0.30031
6576.59651,0.30008
6572.73927,0.29989
6568.88203,0.29985
6565.02479,0.29992
6561.16755,0.30001
6557.31031,0.30012
6553.45306,0.30027
6549.59582,0.30039
6545.73858,0.30047
6541.88134,0.30057
6538.02410,0.30070
6534.16686,0.30084
6530.30962,0.30100
6526.45237,0.30117
6522.59513,0.30130
6518.73789,0.30138
6514.88065,0.30152
6511.02341,0.30173
6507.16617,0.30188
6503.30893,0.30193
6499.45169,0.30195
6495.59444,0.30196
6491.73720,0.30195
6487.87996,0.30194
6484.02272,0.30193
6480.16548,0.30186
6476.30824,0.30178
6472.45100,0.30171
6468.59375,0.30156
6464.73651,0.30130
6460.87927,0.30103
6457.02203,0.30084
6453.16479,0.30063
6449.30755,0.30032
6445.45031,0.30001
6441.59306,0.29972
6437.73582,0.29940
6433.87858,0.29903
6430.02134,0.29865
6426.16410,0.29827
6422.30686,0.29792
6418.44962,0.29763
6414.59238,0.29732
6410.73513,0.29696
6406.87789,0.29666
6403.02065,0.29647
6399.16341,0.29632
6395.30617,0.29612
6391.44893,0.29587
6387.59169,0.29565
6383.73444,0.29547
6379.87720,0.29529
6376.01996,0.29509
6372.16272,0.29494
6368.30548,0.29481
6364.44824,0.29468
6360.59100,0.29455
6356.73376,0.29443
6352.87651,0.29430
6349.01927,0.29416
6345.16203,0.29405
6341.30479,0.29403
6337.44755,0.29405
6333.59031,0.29407
6329.73307,0.29411
6325.87582,0.29417
6322.01858,0.29421
6318.16134,0.29412
6314.30410,0.29394
6310.44686,0.29376
6306.58962,0.29363
6302.73238,0.29350
6298.87513,0.29330
6295.01789,0.29298
6291.16065,0.29259
6287.30341,0.29214
6283.44617,0.29162
6279.58893,0.29108
6275.73169,0.29053
6271.87445,0.28987
6268.01720,0.28915
6264.15996,0.28845
6260.30272,0.28774
6256.44548,0.28702
6252.58824,0.28631
6248.73100,0.28554
6244.87376,0.28470
6241.01651,0.28382
6237.15927,0.28289
6233.30203,0.28193
6229.44479,0.28106
6225.58755,0.28036
6221.73031,0.27979
6217.87307,0.27939
6214.01582,0.27924
6210.15858,0.27939
6206.30134,0.27987
6202.44410,0.28052
6198.58686,0.28099
6194.72962,0.28092
6190.87238,0.28021
6187.01514,0.27901
6183.15789,0.27760
6179.30065,0.27627
6175.44341,0.27522
6171.58617,0.27457
6167.72893,0.27427
6163.87169,0.27420
6160.01445,0.27439
6156.15720,0.27491
6152.29996,0.27567
6148.44272,0.27639
6144.58548,0.27686
6140.72824,0.27696
6136.87100,0.27674
6133.01376,0.27645
6129.15652,0.27641
6125.29927,0.27689
6121.44203,0.27806
6117.58479,0.27995
6113.72755,0.28262
6109.87031,0.28615
6106.01307,0.29042
6102.15583,0.29521
6098.29858,0.30036
6094.44134,0.30574
6090.58410,0.31107
6086.72686,0.31600
6082.86962,0.32053
6079.01238,0.32496
6075.15514,0.32977
6071.29789,0.33538
6067.44065,0.34193
6063.58341,0.34910
6059.72617,0.35616
6055.86893,0.36246
6052.01169,0.36789
6048.15445,0.37281
6044.29721,0.37766
6040.43996,0.38287
6036.58272,0.38862
6032.72548,0.39466
6028.86824,0.40031
6025.01100,0.40471
6021.15376,0.40702
6017.29652,0.40669
6013.43927,0.40357
6009.58203,0.39801
6005.72479,0.39069
6001.86755,0.38250
5998.01031,0.37447
5994.15307,0.36738
5990.29583,0.36176
5986.43858,0.35781
5982.58134,0.35522
5978.72410,0.35310
5974.86686,0.35050
5971.00962,0.34693
5967.15238,0.34269
5963.29514,0.33869
5959.43790,0.33560
5955.58065,0.33365
5951.72341,0.33268
5947.86617,0.33222
5944.00893,0.33157
5940.15169,0.33003
5936.29445,0.32725
5932.43721,0.32336
5928.57996,0.31887
5924.72272,0.31430
5920.86548,0.30998
5917.00824,0.30615
5913.15100,0.30298
5909.29376,0.30064
5905.43652,0.29929
5901.57927,0.29911
5897.72203,0.30010
5893.86479,0.30199
5890.00755,0.30449
5886.15031,0.30734
5882.29307,0.31019
5878.43583,0.31270
5874.57859,0.31486
5870.72134,0.31674
5866.86410,0.31822
5863.00686,0.31904
5859.14962,0.31907
5855.29238,0.31842
5851.43514,0.31743
5847.57790,0.31644
5843.72065,0.31564
5839.86341,0.31511
5836.00617,0.31485
5832.14893,0.31480
5828.29169,0.31493
5824.43445,0.31518
5820.57721,0.31551
5816.71997,0.31581
5812.86272,0.31596
5809.00548,0.31596
5805.14824,0.31586
5801.29100,0.31566
5797.43376,0.31533
5793.57652,0.31494
5789.71928,0.31457
5785.86203,0.31419
5782.00479,0.31377
5778.14755,0.31329
5774.29031,0.31264
5770.43307,0.31179
5766.57583,0.31081
5762.71859,0.30961
5758.86134,0.30809
5755.00410,0.30630
5751.14686,0.30437
5747.28962,0.30236
5743.43238,0.30034
5739.57514,0.29838
5735.71790,0.29651
5731.86066,0.29482
5728.00341,0.29354
5724.14617,0.29279
5720.28893,0.29251
5716.43169,0.29259
5712.57445,0.29284
5708.71721,0.29306
5704.85997,0.29307
5701.00272,0.29284
5697.14548,0.29244
5693.28824,0.29196
5689.43100,0.29144
5685.57376,0.29099
5681.71652,0.29069
5677.85928,0.29055
5674.00203,0.29054
5670.14479,0.29074
5666.28755,0.29114
5662.43031,0.29161
5658.57307,0.29202
5654.71583,0.29223
5650.85859,0.29209
5647.00135,0.29152
5643.14410,0.29063
5639.28686,0.28957
5635.42962,0.28843
5631.57238,0.28732
5627.71514,0.28638
5623.85790,0.28565
5620.00066,0.28511
5616.14341,0.28474
5612.28617,0.28450
5608.42893,0.28447
5604.57169,0.28468
5600.71445,0.28504
5596.85721,0.28546
5592.99997,0.28592
5589.14273,0.28646
5585.28548,0.28712
5581.42824,0.28789
5577.57100,0.28873
5573.71376,0.28949
5569.85652,0.29004
5565.99928,0.29036
5562.14204,0.29047
5558.28479,0.29044
5554.42755,0.29039
5550.57031,0.29039
5546.71307,0.29043
5542.85583,0.29047
5538.99859,0.29046
5535.14135,0.29042
5531.28410,0.29031
5527.42686,0.29010
5523.56962,0.28976
5519.71238,0.28931
5515.85514,0.28884
5511.99790,0.28843
5508.14066,0.28817
5504.28342,0.28818
5500.42617,0.28847
5496.56893,0.28897
5492.71169,0.28965
5488.85445,0.29041
5484.99721,0.29101
5481.13997,0.29126
5477.28273,0.29116
5473.42548,0.29079
5469.56824,0.29020
5465.71100,0.28940
5461.85376,0.28846
5457.99652,0.28747
5454.13928,0.28639
5450.28204,0.28506
5446.42479,0.28339
5442.56755,0.28161
5438.71031,0.27998
5434.85307,0.27844
5430.99583,0.27691
5427.13859,0.27562
5423.28135,0.27478
5419.42411,0.27415
5415.56686,0.27352
5411.70962,0.27304
5407.85238,0.27290
5403.99514,0.27290
5400.13790,0.27279
5396.28066,0.27258
5392.42342,0.27240
5388.56617,0.27234
5384.70893,0.27235
5380.85169,0.27244
5376.99445,0.27265
5373.13721,0.27300
5369.27997,0.27349
5365.42273,0.27402
5361.56549,0.27453
5357.70824,0.27496
5353.85100,0.27535
5349.99376,0.27575
5346.13652,0.27608
5342.27928,0.27630
5338.42204,0.27649
5334.56480,0.27674
5330.70755,0.27712
5326.85031,0.27771
5322.99307,0.27860
5319.13583,0.27980
5315.27859,0.28131
5311.42135,0.28309
5307.56411,0.28517
5303.70686,0.28759
5299.84962,0.29033
5295.99238,0.29339
5292.13514,0.29684
5288.27790,0.30089
5284.42066,0.30556
5280.56342,0.31082
5276.70618,0.31655
5272.84893,0.32241
5268.99169,0.32826
5265.13445,0.33408
5261.27721,0.33957
5257.41997,0.34431
5253.56273,0.34838
5249.70549,0.35191
5245.84824,0.35505
5241.99100,0.35781
5238.13376,0.35999
5234.27652,0.36160
5230.41928,0.36281
5226.56204,0.36393
5222.70480,0.36497
5218.84755,0.36575
5214.99031,0.36624
5211.13307,0.36652
5207.27583,0.36673
5203.41859,0.36698
5199.56135,0.36717
5195.70411,0.36730
5191.84687,0.36748
5187.98962,0.36767
5184.13238,0.36782
5180.27514,0.36786
5176.41790,0.36777
5172.56066,0.36762
5168.70342,0.36744
5164.84618,0.36725
5160.98893,0.36711
5157.13169,0.36711
5153.27445,0.36714
5149.41721,0.36713
5145.55997,0.36706
5141.70273,0.36692
5137.84549,0.36680
5133.98825,0.36679
5130.13100,0.36691
5126.27376,0.36699
5122.41652,0.36672
5118.55928,0.36580
5114.70204,0.36400
5110.84480,0.36138
5106.98756,0.35827
5103.13031,0.35507
5099.27307,0.35197
5095.41583,0.34908
5091.55859,0.34644
5087.70135,0.34405
5083.84411,0.34184
5079.98687,0.33980
5076.12962,0.33798
5072.27238,0.33635
5068.41514,0.33481
5064.55790,0.33329
5060.70066,0.33183
5056.84342,0.33053
5052.98618,0.32944
5049.12894,0.32849
5045.27169,0.32758
5041.41445,0.32673
5037.55721,0.32592
5033.69997,0.32513
5029.84273,0.32441
5025.98549,0.32378
5022.12825,0.32318
5018.27100,0.32264
5014.41376,0.32218
5010.55652,0.32172
5006.69928,0.32115
5002.84204,0.32049
4998.98480,0.31988
4995.12756,0.31939
4991.27031,0.31896
4987.41307,0.31862
4983.55583,0.31843
4979.69859,0.31847
4975.84135,0.31874
4971.98411,0.31917
4968.12687,0.31980
4964.26963,0.32071
4960.41238,0.32187
4956.55514,0.32327
4952.69790,0.32494
4948.84066,0.32683
4944.98342,0.32878
4941.12618,0.33074
4937.26894,0.33276
4933.41169,0.33488
4929.55445,0.33713
4925.69721,0.33946
4921.83997,0.34191
4917.98273,0.34453
4914.12549,0.34726
4910.26825,0.35013
4906.41101,0.35316
4902.55376,0.35625
4898.69652,0.35942
4894.83928,0.36271
4890.98204,0.36609
4887.12480,0.36953
4883.26756,0.37305
4879.41032,0.37662
4875.55307,0.38014
4871.69583,0.38351
4867.83859,0.38675
4863.98135,0.38986
4860.12411,0.39292
4856.26687,0.39597
4852.40963,0.39908
4848.55238,0.40237
4844.69514,0.40601
4840.83790,0.40999
4836.98066,0.41419
4833.12342,0.41850
4829.26618,0.42287
4825.40894,0.42722
4821.55170,0.43133
4817.69445,0.43511
4813.83721,0.43864
4809.97997,0.44195
4806.12273,0.44492
4802.26549,0.44751
4798.40825,0.44972
4794.55101,0.45145
4790.69376,0.45266
4786.83652,0.45336
4782.97928,0.45370
4779.12204,0.45390
4775.26480,0.45408
4771.40756,0.45440
4767.55032,0.45517
4763.69307,0.45658
4759.83583,0.45860
4755.97859,0.46109
4752.12135,0.46386
4748.26411,0.46667
4744.40687,0.46932
4740.54963,0.47194
4736.69239,0.47492
4732.83514,0.47861
4728.97790,0.48311
4725.12066,0.48787
4721.26342,0.49167
4717.40618,0.49369
4713.54894,0.49444
4709.69170,0.49553
4705.83445,0.49851
4701.97721,0.50390
4698.11997,0.51067
4694.26273,0.51640
4690.40549,0.51855
4686.54825,0.51583
4682.69101,0.50868
4678.83377,0.49884
4674.97652,0.48854
4671.11928,0.47978
4667.26204,0.47360
4663.40480,0.46980
4659.54756,0.46767
4655.69032,0.46702
4651.83308,0.46840
4647.97583,0.47231
4644.11859,0.47818
4640.26135,0.48412
4636.40411,0.48744
4632.54687,0.48580
4628.68963,0.47862
4624.83239,0.46770
4620.97514,0.45604
4617.11790,0.44613
4613.26066,0.43904
4609.40342,0.43482
4605.54618,0.43327
4601.68894,0.43430
4597.83170,0.43739
4593.97446,0.44114
4590.11721,0.44424
4586.25997,0.44667
4582.40273,0.44817
4578.54549,0.44684
4574.68825,0.44112
4570.83101,0.43215
4566.97377,0.42274
4563.11652,0.41523
4559.25928,0.41047
4555.40204,0.40796
4551.54480,0.40674
4547.68756,0.40605
4543.83032,0.40543
4539.97308,0.40488
4536.11583,0.40464
4532.25859,0.40490
4528.40135,0.40569
4524.54411,0.40707
4520.68687,0.40908
4516.82963,0.41181
4512.97239,0.41550
4509.11515,0.42054
4505.25790,0.42731
4501.40066,0.43597
4497.54342,0.44612
4493.68618,0.45660
4489.82894,0.46586
4485.97170,0.47311
4482.11446,0.47912
4478.25721,0.48565
4474.39997,0.49440
4470.54273,0.50645
4466.68549,0.52174
4462.82825,0.53811
4458.97101,0.55142
4455.11377,0.55909
4451.25653,0.56297
4447.39928,0.56663
4443.54204,0.57161
4439.68480,0.57711
4435.82756,0.58143
4431.97032,0.58291
4428.11308,0.58063
4424.25584,0.57542
4420.39859,0.56973
4416.54135,0.56609
4412.68411,0.56549
4408.82687,0.56688
4404.96963,0.56804
4401.11239,0.56710
4397.25515,0.56376
4393.39790,0.55891
4389.54066,0.55370
4385.68342,0.54905
4381.82618,0.54550
4377.96894,0.54311
4374.11170,0.54162
4370.25446,0.54115
4366.39722,0.54195
4362.53997,0.54363
4358.68273,0.54540
4354.82549,0.54697
4350.96825,0.54875
4347.11101,0.55122
4343.25377,0.55436
4339.39653,0.55756
4335.53928,0.56012
4331.68204,0.56206
4327.82480,0.56399
4323.96756,0.56626
4320.11032,0.56899
4316.25308,0.57241
4312.39584,0.57687
4308.53859,0.58248
4304.68135,0.58875
4300.82411,0.59477
4296.96687,0.59981
4293.10963,0.60339
4289.25239,0.60521
4285.39515,0.60541
4281.53791,0.60470
4277.68066,0.60366
4273.82342,0.60213
4269.96618,0.59978
4266.10894,0.59694
4262.25170,0.59444
4258.39446,0.59293
4254.53722,0.59260
4250.67997,0.59305
4246.82273,0.59338
4242.96549,0.59291
4239.10825,0.59169
4235.25101,0.59026
4231.39377,0.58907
4227.53653,0.58794
4223.67929,0.58618
4219.82204,0.58344
4215.96480,0.58014
4212.10756,0.57698
4208.25032,0.57434
4204.39308,0.57214
4200.53584,0.57032
4196.67860,0.56933
4192.82135,0.56997
4188.96411,0.57287
4185.10687,0.57775
4181.24963,0.58286
4177.39239,0.58530
4173.53515,0.58307
4169.67791,0.57696
4165.82066,0.56965
4161.96342,0.56346
4158.10618,0.55933
4154.24894,0.55724
4150.39170,0.55701
4146.53446,0.55874
4142.67722,0.56245
4138.81998,0.56736
4134.96273,0.57215
4131.10549,0.57590
4127.24825,0.57874
4123.39101,0.58164
4119.53377,0.58554
4115.67653,0.59107
4111.81929,0.59865
4107.96204,0.60868
4104.10480,0.62185
4100.24756,0.63916
4096.39032,0.65951
4092.53308,0.67644
4088.67584,0.68235
4084.81860,0.67641
4080.96135,0.66350
4077.10411,0.64884
4073.24687,0.63649
4069.38963,0.62838
4065.53239,0.62403
4061.67515,0.62220
4057.81791,0.62210
4053.96067,0.62310
4050.10342,0.62445
4046.24618,0.62562
4042.38894,0.62633
4038.53170,0.62655
4034.67446,0.62658
4030.81722,0.62671
4026.95998,0.62688
4023.10273,0.62693
4019.24549,0.62677
4015.38825,0.62614
4011.53101,0.62481
4007.67377,0.62294
4003.81653,0.62082
3999.95929,0.61841
3996.10205,0.61541
3992.24480,0.61213
3988.38756,0.60934
3984.53032,0.60730
3980.67308,0.60577
3976.81584,0.60447
3972.95860,0.60314
3969.10136,0.60135
3965.24411,0.59891
3961.38687,0.59597
3957.52963,0.59292
3953.67239,0.58994
3949.81515,0.58694
3945.95791,0.58396
3942.10067,0.58115
3938.24342,0.57871
3934.38618,0.57655
3930.52894,0.57449
3926.67170,0.57268
3922.81446,0.57109
3918.95722,0.56944
3915.09998,0.56763
3911.24274,0.56565
3907.38549,0.56296
3903.52825,0.55871
3899.67101,0.55408
3895.81377,0.55066
3891.95653,0.54770
3888.09929,0.54497
3884.24205,0.54269
3880.38480,0.54099
3876.52756,0.53945
3872.67032,0.53702
3868.81308,0.53350
3864.95584,0.53019
3861.09860,0.52773
3857.24136,0.52532
3853.38411,0.52224
3849.52687,0.52008
3845.66963,0.51888
3841.81239,0.51737
3837.95515,0.51603
3834.09791,0.51581
3830.24067,0.51598
3826.38343,0.51617
3822.52618,0.51709
3818.66894,0.52014
3814.81170,0.52425
3810.95446,0.52706
3807.09722,0.52822
3803.23998,0.52762
3799.38274,0.52557
3795.52549,0.52354
3791.66825,0.52226
3787.81101,0.52174
3783.95377,0.52216
3780.09653,0.52372
3776.23929,0.52596
3772.38205,0.52848
3768.52481,0.53173
3764.66756,0.53553
3760.81032,0.53847
3756.95308,0.53925
3753.09584,0.53685
3749.23860,0.53229
3745.38136,0.53015
3741.52412,0.53153
3737.66687,0.53515
3733.80963,0.54072
3729.95239,0.54471
3726.09515,0.54603
3722.23791,0.54728
3718.38067,0.55016
3714.52343,0.55522
3710.66618,0.56425
3706.80894,0.57596
3702.95170,0.58872
3699.09446,0.60343
3695.23722,0.61915
3691.37998,0.64015
3687.52274,0.66710
3683.66550,0.68470
3679.80825,0.69361
3675.95101,0.70399
3672.09377,0.72280
3668.23653,0.74426
3664.37929,0.76197
3660.52205,0.77788
3656.66481,0.79399
3652.80756,0.81023
3648.95032,0.82892
3645.09308,0.84783
3641.23584,0.86089
3637.37860,0.87132
3633.52136,0.88025
3629.66412,0.88717
3625.80687,0.89231
3621.94963,0.89497
3618.09239,0.89873
3614.23515,0.90545
3610.37791,0.91372
3606.52067,0.92139
3602.66343,0.92857
3598.80619,0.93640
