12493.60475,0.19394
12489.74751,0.19110
12485.89027,0.18863
12482.03303,0.18776
12478.17579,0.18904
12474.31855,0.19108
12470.46130,0.19184
12466.60406,0.19207
12462.74682,0.19325
12458.88958,0.19401
12455.03234,0.19354
12451.17510,0.19326
12447.31786,0.19414
12443.46062,0.19562
12439.60337,0.19610
12435.74613,0.19468
12431.88889,0.19211
12428.03165,0.18980
12424.17441,0.18958
12420.31717,0.19214
12416.45993,0.19424
12412.60268,0.19211
12408.74544,0.18764
12404.88820,0.18607
12401.03096,0.18744
12397.17372,0.18839
12393.31648,0.18974
12389.45924,0.19282
12385.60199,0.19496
12381.74475,0.19347
12377.88751,0.18969
12374.03027,0.18706
12370.17303,0.18582
12366.31579,0.18486
12362.45855,0.18535
12358.60131,0.18712
12354.74406,0.18790
12350.88682,0.18801
12347.02958,0.18884
12343.17234,0.18921
12339.31510,0.18905
12335.45786,0.18954
12331.60062,0.18975
12327.74337,0.18922
12323.88613,0.18830
12320.02889,0.18713
12316.17165,0.18679
12312.31441,0.18697
12308.45717,0.18572
12304.59993,0.18422
12300.74268,0.18571
12296.88544,0.18779
12293.02820,0.18624
12289.17096,0.18408
12285.31372,0.18553
12281.45648,0.18865
12277.59924,0.19001
12273.74200,0.18984
12269.88475,0.18992
12266.02751,0.18960
12262.17027,0.18871
12258.31303,0.18866
12254.45579,0.18915
12250.59855,0.18920
12246.74131,0.18793
12242.88406,0.18572
12239.02682,0.18466
12235.16958,0.18513
12231.31234,0.18645
12227.45510,0.18821
12223.59786,0.18951
12219.74062,0.18979
12215.88338,0.18872
12212.02613,0.18671
12208.16889,0.18454
12204.31165,0.18248
12200.45441,0.18270
12196.59717,0.18721
12192.73993,0.19191
12188.88269,0.19141
12185.02544,0.18749
12181.16820,0.18485
12177.31096,0.18408
12173.45372,0.18388
12169.59648,0.18487
12165.73924,0.18762
12161.88200,0.19022
12158.02475,0.18992
12154.16751,0.18711
12150.31027,0.18468
12146.45303,0.18386
12142.59579,0.18355
12138.73855,0.18254
12134.88131,0.18138
12131.02407,0.18123
12127.16682,0.18210
12123.30958,0.18368
12119.45234,0.18496
12115.59510,0.18480
12111.73786,0.18394
12107.88062,0.18384
12104.02338,0.18416
12100.16613,0.18299
12096.30889,0.18027
12092.45165,0.17890
12088.59441,0.18021
12084.73717,0.18168
12080.87993,0.18152
12077.02269,0.18093
12073.16544,0.18088
12069.30820,0.18107
12065.45096,0.18189
12061.59372,0.18312
12057.73648,0.18260
12053.87924,0.18093
12050.02200,0.18117
12046.16476,0.18179
12042.30751,0.18082
12038.45027,0.18110
12034.59303,0.18301
12030.73579,0.18362
12026.87855,0.18347
12023.02131,0.18433
12019.16407,0.18606
12015.30682,0.18785
12011.44958,0.18806
12007.59234,0.18599
12003.73510,0.18323
11999.87786,0.18206
11996.02062,0.18349
11992.16338,0.18535
11988.30614,0.18550
11984.44889,0.18505
11980.59165,0.18550
11976.73441,0.18635
11972.87717,0.18617
11969.01993,0.18485
11965.16269,0.18428
11961.30545,0.18530
11957.44820,0.18627
11953.59096,0.18574
11949.73372,0.18419
11945.87648,0.18371
11942.01924,0.18548
11938.16200,0.18772
11934.30476,0.18866
11930.44751,0.18845
11926.59027,0.18737
11922.73303,0.18595
11918.87579,0.18485
11915.01855,0.18401
11911.16131,0.18354
11907.30407,0.18433
11903.44683,0.18595
11899.58958,0.18652
11895.73234,0.18640
11891.87510,0.18734
11888.01786,0.18855
11884.16062,0.18821
11880.30338,0.18700
11876.44614,0.18714
11872.58889,0.18917
11868.73165,0.19122
11864.87441,0.19103
11861.01717,0.18889
11857.15993,0.18761
11853.30269,0.18762
11849.44545,0.18680
11845.58820,0.18543
11841.73096,0.18505
11837.87372,0.18571
11834.01648,0.18747
11830.15924,0.18957
11826.30200,0.18978
11822.44476,0.18788
11818.58752,0.18645
11814.73027,0.18712
11810.87303,0.18839
11807.01579,0.18816
11803.15855,0.18749
11799.30131,0.18818
11795.44407,0.18886
11791.58683,0.18894
11787.72958,0.18961
11783.87234,0.18921
11780.01510,0.18707
11776.15786,0.18564
11772.30062,0.18524
11768.44338,0.18473
11764.58614,0.18421
11760.72890,0.18445
11756.87165,0.18582
11753.01441,0.18738
11749.15717,0.18795
11745.29993,0.18757
11741.44269,0.18749
11737.58545,0.18881
11733.72821,0.19060
11729.87096,0.19088
11726.01372,0.18978
11722.15648,0.18872
11718.29924,0.18798
11714.44200,0.18786
11710.58476,0.18878
11706.72752,0.18994
11702.87027,0.19028
11699.01303,0.18940
11695.15579,0.18759
11691.29855,0.18544
11687.44131,0.18380
11683.58407,0.18365
11679.72683,0.18471
11675.86959,0.18562
11672.01234,0.18580
11668.15510,0.18584
11664.29786,0.18629
11660.44062,0.18620
11656.58338,0.18509
11652.72614,0.18462
11648.86890,0.18540
11645.01165,0.18627
11641.15441,0.18655
11637.29717,0.18619
11633.43993,0.18582
11629.58269,0.18592
11625.72545,0.18560
11621.86821,0.18477
11618.01096,0.18500
11614.15372,0.18658
11610.29648,0.18799
11606.43924,0.18825
11602.58200,0.18723
11598.72476,0.18544
11594.86752,0.18447
11591.01028,0.18472
11587.15303,0.18506
11583.29579,0.18512
11579.43855,0.18506
11575.58131,0.18488
11571.72407,0.18472
11567.86683,0.18450
11564.00959,0.18418
11560.15234,0.18364
11556.29510,0.18331
11552.43786,0.18467
11548.58062,0.18701
11544.72338,0.18743
11540.86614,0.18633
11537.00890,0.18627
11533.15166,0.18656
11529.29441,0.18530
11525.43717,0.18387
11521.57993,0.18447
11517.72269,0.18593
11513.86545,0.18640
11510.00821,0.18641
11506.15097,0.18665
11502.29372,0.18677
11498.43648,0.18620
11494.57924,0.18454
11490.72200,0.18275
11486.86476,0.18275
11483.00752,0.18441
11479.15028,0.18527
11475.29303,0.18444
11471.43579,0.18337
11467.57855,0.18279
11463.72131,0.18305
11459.86407,0.18461
11456.00683,0.18629
11452.14959,0.18638
11448.29235,0.18502
11444.43510,0.18357
11440.57786,0.18258
11436.72062,0.18247
11432.86338,0.18335
11429.00614,0.18361
11425.14890,0.18240
11421.29166,0.18148
11417.43441,0.18169
11413.57717,0.18220
11409.71993,0.18289
11405.86269,0.18342
11402.00545,0.18308
11398.14821,0.18258
11394.29097,0.18196
11390.43372,0.18109
11386.57648,0.18106
11382.71924,0.18163
11378.86200,0.18198
11375.00476,0.18220
11371.14752,0.18214
11367.29028,0.18203
11363.43304,0.18222
11359.57579,0.18262
11355.71855,0.18326
11351.86131,0.18348
11348.00407,0.18264
11344.14683,0.18154
11340.28959,0.18098
11336.43235,0.18094
11332.57510,0.18118
11328.71786,0.18137
11324.86062,0.18094
11321.00338,0.17973
11317.14614,0.17922
11313.28890,0.17996
11309.43166,0.18038
11305.57442,0.18051
11301.71717,0.18113
11297.85993,0.18147
11294.00269,0.18141
11290.14545,0.18093
11286.28821,0.17948
11282.43097,0.17843
11278.57373,0.17853
11274.71648,0.17801
11270.85924,0.17736
11267.00200,0.17786
11263.14476,0.17879
11259.28752,0.18056
11255.43028,0.18271
11251.57304,0.18333
11247.71579,0.18297
11243.85855,0.18280
11240.00131,0.18294
11236.14407,0.18372
11232.28683,0.18408
11228.42959,0.18297
11224.57235,0.18205
11220.71511,0.18189
11216.85786,0.18064
11213.00062,0.17859
11209.14338,0.17769
11205.28614,0.17791
11201.42890,0.17809
11197.57166,0.17812
11193.71442,0.17799
11189.85717,0.17732
11185.99993,0.17694
11182.14269,0.17764
11178.28545,0.17870
11174.42821,0.17928
11170.57097,0.17913
11166.71373,0.17864
11162.85648,0.17855
11158.99924,0.17846
11155.14200,0.17750
11151.28476,0.17681
11147.42752,0.17727
11143.57028,0.17788
11139.71304,0.17847
11135.85580,0.17908
11131.99855,0.17895
11128.14131,0.17846
11124.28407,0.17840
11120.42683,0.17874
11116.56959,0.17910
11112.71235,0.17926
11108.85511,0.17949
11104.99786,0.17988
11101.14062,0.17995
11097.28338,0.17964
11093.42614,0.17934
11089.56890,0.17923
11085.71166,0.17963
11081.85442,0.18074
11077.99718,0.18160
11074.13993,0.18162
11070.28269,0.18145
11066.42545,0.18125
11062.56821,0.18072
11058.71097,0.17981
11054.85373,0.17877
11050.99649,0.17863
11047.13924,0.17970
11043.28200,0.18044
11039.42476,0.17993
11035.56752,0.17916
11031.71028,0.17916
11027.85304,0.18001
11023.99580,0.18095
11020.13855,0.18100
11016.28131,0.18036
11012.42407,0.17999
11008.56683,0.17998
11004.70959,0.17983
11000.85235,0.17936
10996.99511,0.17867
10993.13787,0.17824
10989.28062,0.17843
10985.42338,0.17882
10981.56614,0.17907
10977.70890,0.17911
10973.85166,0.17879
10969.99442,0.17826
10966.13718,0.17822
10962.27993,0.17901
10958.42269,0.17953
10954.56545,0.17905
10950.70821,0.17859
10946.85097,0.17890
10942.99373,0.17929
10939.13649,0.17885
10935.27924,0.17806
10931.42200,0.17810
10927.56476,0.17862
10923.70752,0.17866
10919.85028,0.17821
10915.99304,0.17749
10912.13580,0.17673
10908.27856,0.17631
10904.42131,0.17630
10900.56407,0.17672
10896.70683,0.17729
10892.84959,0.17722
10888.99235,0.17672
10885.13511,0.17641
10881.27787,0.17588
10877.42062,0.17492
10873.56338,0.17450
10869.70614,0.17523
10865.84890,0.17626
10861.99166,0.17652
10858.13442,0.17591
10854.27718,0.17514
10850.41993,0.17496
10846.56269,0.17525
10842.70545,0.17535
10838.84821,0.17543
10834.99097,0.17578
10831.13373,0.17586
10827.27649,0.17533
10823.41925,0.17475
10819.56200,0.17457
10815.70476,0.17467
10811.84752,0.17496
10807.99028,0.17530
10804.13304,0.17549
10800.27580,0.17559
10796.41856,0.17542
10792.56131,0.17502
10788.70407,0.17503
10784.84683,0.17529
10780.98959,0.17497
10777.13235,0.17455
10773.27511,0.17488
10769.41787,0.17545
10765.56063,0.17545
10761.70338,0.17496
10757.84614,0.17470
10753.98890,0.17499
10750.13166,0.17534
10746.27442,0.17553
10742.41718,0.17554
10738.55994,0.17516
10734.70269,0.17460
10730.84545,0.17434
10726.98821,0.17444
10723.13097,0.17457
10719.27373,0.17455
10715.41649,0.17453
10711.55925,0.17464
10707.70200,0.17505
10703.84476,0.17587
10699.98752,0.17640
10696.13028,0.17592
10692.27304,0.17515
10688.41580,0.17499
10684.55856,0.17490
10680.70132,0.17426
10676.84407,0.17363
10672.98683,0.17372
10669.12959,0.17416
10665.27235,0.17458
10661.41511,0.17516
10657.55787,0.17552
10653.70063,0.17533
10649.84338,0.17492
10645.98614,0.17452
10642.12890,0.17434
10638.27166,0.17425
10634.41442,0.17383
10630.55718,0.17352
10626.69994,0.17370
10622.84269,0.17388
10618.98545,0.17387
10615.12821,0.17410
10611.27097,0.17440
10607.41373,0.17443
10603.55649,0.17438
10599.69925,0.17411
10595.84201,0.17342
10591.98476,0.17308
10588.12752,0.17328
10584.27028,0.17305
10580.41304,0.17230
10576.55580,0.17187
10572.69856,0.17208
10568.84132,0.17271
10564.98407,0.17329
10561.12683,0.17334
10557.26959,0.17271
10553.41235,0.17180
10549.55511,0.17137
10545.69787,0.17150
10541.84063,0.17169
10537.98339,0.17169
10534.12614,0.17165
10530.26890,0.17168
10526.41166,0.17174
10522.55442,0.17193
10518.69718,0.17253
10514.83994,0.17270
10510.98270,0.17172
10507.12545,0.17067
10503.26821,0.17064
10499.41097,0.17129
10495.55373,0.17164
10491.69649,0.17125
10487.83925,0.17045
10483.98201,0.16980
10480.12476,0.16978
10476.26752,0.17035
10472.41028,0.17103
10468.55304,0.17131
10464.69580,0.17131
10460.83856,0.17148
10456.98132,0.17170
10453.12408,0.17158
10449.26683,0.17117
10445.40959,0.17079
10441.55235,0.17062
10437.69511,0.17052
10433.83787,0.17030
10429.98063,0.16992
10426.12339,0.16978
10422.26614,0.17012
10418.40890,0.17030
10414.55166,0.17003
10410.69442,0.16966
10406.83718,0.16947
10402.97994,0.16956
10399.12270,0.16980
10395.26545,0.17002
10391.40821,0.17034
10387.55097,0.17050
10383.69373,0.17022
10379.83649,0.17008
10375.97925,0.17059
10372.12201,0.17122
10368.26477,0.17148
10364.40752,0.17173
10360.55028,0.17206
10356.69304,0.17194
10352.83580,0.17138
10348.97856,0.17092
10345.12132,0.17066
10341.26408,0.17052
10337.40683,0.17049
10333.54959,0.17060
10329.69235,0.17099
10325.83511,0.17135
10321.97787,0.17133
10318.12063,0.17124
10314.26339,0.17124
10310.40615,0.17126
10306.54890,0.17123
10302.69166,0.17109
10298.83442,0.17120
10294.97718,0.17179
10291.11994,0.17235
10287.26270,0.17256
10283.40546,0.17272
10279.54821,0.17287
10275.69097,0.17274
10271.83373,0.17227
10267.97649,0.17171
10264.11925,0.17148
10260.26201,0.17162
10256.40477,0.17160
10252.54752,0.17135
10248.69028,0.17146
10244.83304,0.17198
10240.97580,0.17242
10237.11856,0.17257
10233.26132,0.17226
10229.40408,0.17164
10225.54684,0.17126
10221.68959,0.17120
10217.83235,0.17126
10213.97511,0.17165
10210.11787,0.17227
10206.26063,0.17261
10202.40339,0.17265
10198.54615,0.17261
10194.68890,0.17257
10190.83166,0.17261
10186.97442,0.17265
10183.11718,0.17261
10179.25994,0.17243
10175.40270,0.17198
10171.54546,0.17169
10167.68821,0.17194
10163.83097,0.17240
10159.97373,0.17283
10156.11649,0.17325
10152.25925,0.17348
10148.40201,0.17335
10144.54477,0.17321
10140.68753,0.17343
10136.83028,0.17387
10132.97304,0.17405
10129.11580,0.17384
10125.25856,0.17347
10121.40132,0.17304
10117.54408,0.17272
10113.68684,0.17285
10109.82959,0.17301
10105.97235,0.17268
10102.11511,0.17254
10098.25787,0.17297
10094.40063,0.17326
10090.54339,0.17338
10086.68615,0.17363
10082.82891,0.17336
10078.97166,0.17261
10075.11442,0.17221
10071.25718,0.17238
10067.39994,0.17276
10063.54270,0.17292
10059.68546,0.17272
10055.82822,0.17262
10051.97097,0.17298
10048.11373,0.17344
10044.25649,0.17355
10040.39925,0.17348
10036.54201,0.17351
10032.68477,0.17341
10028.82753,0.17325
10024.97028,0.17338
10021.11304,0.17367
10017.25580,0.17366
10013.39856,0.17329
10009.54132,0.17295
10005.68408,0.17306
10001.82684,0.17329
9997.96960,0.17305
9994.11235,0.17245
9990.25511,0.17220
9986.39787,0.17245
9982.54063,0.17263
9978.68339,0.17266
9974.82615,0.17288
9970.96891,0.17323
9967.11166,0.17327
9963.25442,0.17310
9959.39718,0.17313
9955.53994,0.17320
9951.68270,0.17318
9947.82546,0.17324
9943.96822,0.17336
9940.11097,0.17335
9936.25373,0.17339
9932.39649,0.17363
9928.53925,0.17371
9924.68201,0.17349
9920.82477,0.17327
9916.96753,0.17304
9913.11029,0.17274
9909.25304,0.17278
9905.39580,0.17313
9901.53856,0.17341
9897.68132,0.17359
9893.82408,0.17361
9889.96684,0.17358
9886.10960,0.17379
9882.25235,0.17384
9878.39511,0.17343
9874.53787,0.17296
9870.68063,0.17267
9866.82339,0.17262
9862.96615,0.17288
9859.10891,0.17324
9855.25167,0.17338
9851.39442,0.17332
9847.53718,0.17330
9843.67994,0.17338
9839.82270,0.17354
9835.96546,0.17349
9832.10822,0.17322
9828.25098,0.17322
9824.39373,0.17353
9820.53649,0.17372
9816.67925,0.17363
9812.82201,0.17327
9808.96477,0.17287
9805.10753,0.17267
9801.25029,0.17286
9797.39304,0.17325
9793.53580,0.17328
9789.67856,0.17292
9785.82132,0.17267
9781.96408,0.17284
9778.10684,0.17320
9774.24960,0.17324
9770.39236,0.17281
9766.53511,0.17240
9762.67787,0.17247
9758.82063,0.17271
9754.96339,0.17261
9751.10615,0.17226
9747.24891,0.17210
9743.39167,0.17223
9739.53442,0.17248
9735.67718,0.17252
9731.81994,0.17218
9727.96270,0.17178
9724.10546,0.17173
9720.24822,0.17210
9716.39098,0.17246
9712.53373,0.17259
9708.67649,0.17277
9704.81925,0.17294
9700.96201,0.17281
9697.10477,0.17248
9693.24753,0.17206
9689.39029,0.17165
9685.53305,0.17129
9681.67580,0.17108
9677.81856,0.17133
9673.96132,0.17170
9670.10408,0.17155
9666.24684,0.17120
9662.38960,0.17120
9658.53236,0.17137
9654.67511,0.17148
9650.81787,0.17157
9646.96063,0.17163
9643.10339,0.17138
9639.24615,0.17093
9635.38891,0.17061
9631.53167,0.17039
9627.67443,0.17031
9623.81718,0.17050
9619.95994,0.17080
9616.10270,0.17082
9612.24546,0.17057
9608.38822,0.17042
9604.53098,0.17049
9600.67374,0.17045
9596.81649,0.17001
9592.95925,0.16956
9589.10201,0.16962
9585.24477,0.16967
9581.38753,0.16928
9577.53029,0.16915
9573.67305,0.16958
9569.81580,0.16999
9565.95856,0.17005
9562.10132,0.16994
9558.24408,0.17003
9554.38684,0.17019
9550.52960,0.17003
9546.67236,0.16966
9542.81512,0.16957
9538.95787,0.16975
9535.10063,0.16987
9531.24339,0.16981
9527.38615,0.16963
9523.52891,0.16941
9519.67167,0.16920
9515.81443,0.16920
9511.95718,0.16951
9508.09994,0.16971
9504.24270,0.16949
9500.38546,0.16926
9496.52822,0.16932
9492.67098,0.16938
9488.81374,0.16911
9484.95649,0.16859
9481.09925,0.16820
9477.24201,0.16819
9473.38477,0.16840
9469.52753,0.16844
9465.67029,0.16836
9461.81305,0.16838
9457.95581,0.16846
9454.09856,0.16850
9450.24132,0.16842
9446.38408,0.16817
9442.52684,0.16804
9438.66960,0.16831
9434.81236,0.16853
9430.95512,0.16837
9427.09787,0.16837
9423.24063,0.16878
9419.38339,0.16906
9415.52615,0.16893
9411.66891,0.16867
9407.81167,0.16850
9403.95443,0.16827
9400.09719,0.16791
9396.23994,0.16779
9392.38270,0.16795
9388.52546,0.16816
9384.66822,0.16818
9380.81098,0.16790
9376.95374,0.16764
9373.09650,0.16766
9369.23925,0.16783
9365.38201,0.16797
9361.52477,0.16793
9357.66753,0.16777
9353.81029,0.16786
9349.95305,0.16806
9346.09581,0.16791
9342.23856,0.16759
9338.38132,0.16744
9334.52408,0.16742
9330.66684,0.16745
9326.80960,0.16753
9322.95236,0.16762
9319.09512,0.16772
9315.23788,0.16782
9311.38063,0.16789
9307.52339,0.16782
9303.66615,0.16744
9299.80891,0.16700
9295.95167,0.16696
9292.09443,0.16710
9288.23719,0.16697
9284.37994,0.16675
9280.52270,0.16682
9276.66546,0.16694
9272.80822,0.16690
9268.95098,0.16693
9265.09374,0.16717
9261.23650,0.16740
9257.37925,0.16741
9253.52201,0.16722
9249.66477,0.16709
9245.80753,0.16714
9241.95029,0.16726
9238.09305,0.16730
9234.23581,0.16719
9230.37857,0.16718
9226.52132,0.16730
9222.66408,0.16728
9218.80684,0.16721
9214.94960,0.16727
9211.09236,0.16735
9207.23512,0.16746
9203.37788,0.16758
9199.52063,0.16757
9195.66339,0.16741
9191.80615,0.16714
9187.94891,0.16681
9184.09167,0.16658
9180.23443,0.16659
9176.37719,0.16673
9172.51995,0.16683
9168.66270,0.16684
9164.80546,0.16683
9160.94822,0.16684
9157.09098,0.16695
9153.23374,0.16709
9149.37650,0.16715
9145.51926,0.16714
9141.66201,0.16718
9137.80477,0.16731
9133.94753,0.16740
9130.09029,0.16741
9126.23305,0.16743
9122.37581,0.16759
9118.51857,0.16782
9114.66132,0.16784
9110.80408,0.16766
9106.94684,0.16772
9103.08960,0.16799
9099.23236,0.16813
9095.37512,0.16819
9091.51788,0.16822
9087.66064,0.16816
9083.80339,0.16815
9079.94615,0.16833
9076.08891,0.16857
9072.23167,0.16870
9068.37443,0.16870
9064.51719,0.16863
9060.65995,0.16858
9056.80270,0.16868
9052.94546,0.16898
9049.08822,0.16934
9045.23098,0.16951
9041.37374,0.16951
9037.51650,0.16956
9033.65926,0.16969
9029.80201,0.16993
9025.94477,0.17036
9022.08753,0.17082
9018.23029,0.17126
9014.37305,0.17177
9010.51581,0.17226
9006.65857,0.17256
9002.80133,0.17279
8998.94408,0.17309
8995.08684,0.17343
8991.22960,0.17382
8987.37236,0.17439
8983.51512,0.17508
8979.65788,0.17571
8975.80064,0.17627
8971.94339,0.17689
8968.08615,0.17763
8964.22891,0.17842
8960.37167,0.17920
8956.51443,0.18000
8952.65719,0.18070
8948.79995,0.18135
8944.94271,0.18218
8941.08546,0.18321
8937.22822,0.18419
8933.37098,0.18508
8929.51374,0.18602
8925.65650,0.18704
8921.79926,0.18815
8917.94202,0.18934
8914.08477,0.19051
8910.22753,0.19172
8906.37029,0.19318
8902.51305,0.19486
8898.65581,0.19646
8894.79857,0.19796
8890.94133,0.19957
8887.08408,0.20112
8883.22684,0.20241
8879.36960,0.20353
8875.51236,0.20454
8871.65512,0.20539
8867.79788,0.20611
8863.94064,0.20687
8860.08340,0.20753
8856.22615,0.20770
8852.36891,0.20736
8848.51167,0.20692
8844.65443,0.20662
8840.79719,0.20627
8836.93995,0.20566
8833.08271,0.20470
8829.22546,0.20342
8825.36822,0.20223
8821.51098,0.20144
8817.65374,0.20081
8813.79650,0.19982
8809.93926,0.19832
8806.08202,0.19671
8802.22477,0.19532
8798.36753,0.19406
8794.51029,0.19273
8790.65305,0.19118
8786.79581,0.18970
8782.93857,0.18868
8779.08133,0.18780
8775.22409,0.18676
8771.36684,0.18579
8767.50960,0.18510
8763.65236,0.18466
8759.79512,0.18426
8755.93788,0.18373
8752.08064,0.18310
8748.22340,0.18265
8744.36615,0.18255
8740.50891,0.18260
8736.65167,0.18250
8732.79443,0.18224
8728.93719,0.18219
8725.07995,0.18239
8721.22271,0.18255
8717.36547,0.18274
8713.50822,0.18305
8709.65098,0.18333
8705.79374,0.18350
8701.93650,0.18361
8698.07926,0.18384
8694.22202,0.18413
8690.36478,0.18419
8686.50753,0.18413
8682.65029,0.18426
8678.79305,0.18453
8674.93581,0.18480
8671.07857,0.18496
8667.22133,0.18506
8663.36409,0.18527
8659.50684,0.18563
8655.64960,0.18604
8651.79236,0.18646
8647.93512,0.18695
8644.07788,0.18750
8640.22064,0.18792
8636.36340,0.18811
8632.50616,0.18830
8628.64891,0.18854
8624.79167,0.18870
8620.93443,0.18886
8617.07719,0.18922
8613.21995,0.18973
8609.36271,0.19011
8605.50547,0.19030
8601.64822,0.19057
8597.79098,0.19103
8593.93374,0.19157
8590.07650,0.19204
8586.21926,0.19230
8582.36202,0.19247
8578.50478,0.19276
8574.64753,0.19323
8570.79029,0.19363
8566.93305,0.19385
8563.07581,0.19398
8559.21857,0.19414
8555.36133,0.19428
8551.50409,0.19435
8547.64685,0.19450
8543.78960,0.19484
8539.93236,0.19529
8536.07512,0.19569
8532.21788,0.19594
8528.36064,0.19611
8524.50340,0.19635
8520.64616,0.19669
8516.78891,0.19709
8512.93167,0.19740
8509.07443,0.19742
8505.21719,0.19726
8501.35995,0.19724
8497.50271,0.19741
8493.64547,0.19754
8489.78822,0.19746
8485.93098,0.19727
8482.07374,0.19719
8478.21650,0.19724
8474.35926,0.19728
8470.50202,0.19718
8466.64478,0.19695
8462.78754,0.19672
8458.93029,0.19653
8455.07305,0.19632
8451.21581,0.19607
8447.35857,0.19573
8443.50133,0.19532
8439.64409,0.19500
8435.78685,0.19483
8431.92960,0.19478
8428.07236,0.19472
8424.21512,0.19459
8420.35788,0.19443
8416.50064,0.19429
8412.64340,0.19405
8408.78616,0.19365
8404.92892,0.19325
8401.07167,0.19295
8397.21443,0.19262
8393.35719,0.19222
8389.49995,0.19185
8385.64271,0.19155
8381.78547,0.19134
8377.92823,0.19122
8374.07098,0.19115
8370.21374,0.19102
8366.35650,0.19075
8362.49926,0.19043
8358.64202,0.19015
8354.78478,0.18994
8350.92754,0.18987
8347.07029,0.18992
8343.21305,0.18983
8339.35581,0.18957
8335.49857,0.18928
8331.64133,0.18904
8327.78409,0.18894
8323.92685,0.18898
8320.06961,0.18891
8316.21236,0.18869
8312.35512,0.18857
8308.49788,0.18867
8304.64064,0.18880
8300.78340,0.18878
8296.92616,0.18859
8293.06892,0.18829
8289.21167,0.18808
8285.35443,0.18816
8281.49719,0.18837
8277.63995,0.18844
8273.78271,0.18840
8269.92547,0.18837
8266.06823,0.18825
8262.21098,0.18794
8258.35374,0.18769
8254.49650,0.18764
8250.63926,0.18770
8246.78202,0.18782
8242.92478,0.18796
8239.06754,0.18800
8235.21030,0.18790
8231.35305,0.18774
8227.49581,0.18768
8223.63857,0.18771
8219.78133,0.18768
8215.92409,0.18760
8212.06685,0.18756
8208.20961,0.18754
8204.35236,0.18744
8200.49512,0.18720
8196.63788,0.18694
8192.78064,0.18681
8188.92340,0.18671
8185.06616,0.18658
8181.20892,0.18649
8177.35168,0.18643
8173.49443,0.18628
8169.63719,0.18607
8165.77995,0.18594
8161.92271,0.18592
8158.06547,0.18588
8154.20823,0.18578
8150.35099,0.18567
8146.49374,0.18555
8142.63650,0.18539
8138.77926,0.18511
8134.92202,0.18477
8131.06478,0.18455
8127.20754,0.18446
8123.35030,0.18440
8119.49305,0.18428
8115.63581,0.18403
8111.77857,0.18368
8107.92133,0.18340
8104.06409,0.18324
8100.20685,0.18310
8096.34961,0.18298
8092.49237,0.18285
8088.63512,0.18264
8084.77788,0.18236
8080.92064,0.18212
8077.06340,0.18200
8073.20616,0.18201
8069.34892,0.18200
8065.49168,0.18181
8061.63443,0.18151
8057.77719,0.18130
8053.91995,0.18130
8050.06271,0.18139
8046.20547,0.18136
8042.34823,0.18118
8038.49099,0.18100
8034.63374,0.18088
8030.77650,0.18069
8026.91926,0.18050
8023.06202,0.18044
8019.20478,0.18041
8015.34754,0.18028
8011.49030,0.18015
8007.63306,0.18000
8003.77581,0.17980
7999.91857,0.17966
7996.06133,0.17964
7992.20409,0.17964
7988.34685,0.17965
7984.48961,0.17967
7980.63237,0.17967
7976.77512,0.17965
7972.91788,0.17961
7969.06064,0.17952
7965.20340,0.17944
7961.34616,0.17937
7957.48892,0.17930
7953.63168,0.17915
7949.77444,0.17893
7945.91719,0.17882
7942.05995,0.17881
7938.20271,0.17875
7934.34547,0.17869
7930.48823,0.17870
7926.63099,0.17869
7922.77375,0.17863
7918.91650,0.17859
7915.05926,0.17870
7911.20202,0.17889
7907.34478,0.17893
7903.48754,0.17884
7899.63030,0.17881
7895.77306,0.17885
7891.91581,0.17887
7888.05857,0.17880
7884.20133,0.17872
7880.34409,0.17874
7876.48685,0.17880
7872.62961,0.17887
7868.77237,0.17895
7864.91513,0.17891
7861.05788,0.17868
7857.20064,0.17850
7853.34340,0.17860
7849.48616,0.17880
7845.62892,0.17875
7841.77168,0.17853
7837.91444,0.17842
7834.05719,0.17845
7830.19995,0.17842
7826.34271,0.17825
7822.48547,0.17804
7818.62823,0.17790
7814.77099,0.17786
7810.91375,0.17787
7807.05650,0.17790
7803.19926,0.17792
7799.34202,0.17784
7795.48478,0.17760
7791.62754,0.17736
7787.77030,0.17739
7783.91306,0.17750
7780.05582,0.17740
7776.19857,0.17729
7772.34133,0.17730
7768.48409,0.17721
7764.62685,0.17695
7760.76961,0.17680
7756.91237,0.17676
7753.05513,0.17656
7749.19788,0.17629
7745.34064,0.17619
7741.48340,0.17613
7737.62616,0.17590
7733.76892,0.17557
7729.91168,0.17536
7726.05444,0.17535
7722.19720,0.17530
7718.33995,0.17502
7714.48271,0.17480
7710.62547,0.17498
7706.76823,0.17526
7702.91099,0.17519
7699.05375,0.17498
7695.19651,0.17493
7691.33926,0.17481
7687.48202,0.17462
7683.62478,0.17466
7679.76754,0.17497
7675.91030,0.17527
7672.05306,0.17531
7668.19582,0.17510
7664.33857,0.17500
7660.48133,0.17522
7656.62409,0.17552
7652.76685,0.17562
7648.90961,0.17558
7645.05237,0.17566
7641.19513,0.17582
7637.33789,0.17586
7633.48064,0.17579
7629.62340,0.17576
7625.76616,0.17581
7621.90892,0.17591
7618.05168,0.17603
7614.19444,0.17619
7610.33720,0.17641
7606.47995,0.17668
7602.62271,0.17684
7598.76547,0.17680
7594.90823,0.17674
7591.05099,0.17678
7587.19375,0.17680
7583.33651,0.17683
7579.47926,0.17707
7575.62202,0.17736
7571.76478,0.17747
7567.90754,0.17755
7564.05030,0.17770
7560.19306,0.17788
7556.33582,0.17826
7552.47858,0.17882
7548.62133,0.17929
7544.76409,0.17964
7540.90685,0.17988
7537.04961,0.18011
7533.19237,0.18046
7529.33513,0.18069
7525.47789,0.18069
7521.62064,0.18070
7517.76340,0.18088
7513.90616,0.18113
7510.04892,0.18131
7506.19168,0.18142
7502.33444,0.18160
7498.47720,0.18187
7494.61996,0.18214
7490.76271,0.18237
7486.90547,0.18264
7483.04823,0.18301
7479.19099,0.18346
7475.33375,0.18392
7471.47651,0.18440
7467.61927,0.18492
7463.76202,0.18551
7459.90478,0.18619
7456.04754,0.18698
7452.19030,0.18784
7448.33306,0.18873
7444.47582,0.18962
7440.61858,0.19049
7436.76133,0.19137
7432.90409,0.19233
7429.04685,0.19343
7425.18961,0.19461
7421.33237,0.19572
7417.47513,0.19668
7413.61789,0.19757
7409.76065,0.19844
7405.90340,0.19933
7402.04616,0.20024
7398.18892,0.20111
7394.33168,0.20203
7390.47444,0.20310
7386.61720,0.20424
7382.75996,0.20539
7378.90271,0.20647
7375.04547,0.20750
7371.18823,0.20859
7367.33099,0.20970
7363.47375,0.21071
7359.61651,0.21163
7355.75927,0.21254
7351.90202,0.21337
7348.04478,0.21414
7344.18754,0.21494
7340.33030,0.21566
7336.47306,0.21617
7332.61582,0.21661
7328.75858,0.21707
7324.90134,0.21741
7321.04409,0.21759
7317.18685,0.21776
7313.32961,0.21802
7309.47237,0.21827
7305.61513,0.21837
7301.75789,0.21842
7297.90065,0.21860
7294.04340,0.21888
7290.18616,0.21913
7286.32892,0.21937
7282.47168,0.21964
7278.61444,0.21995
7274.75720,0.22028
7270.89996,0.22065
7267.04272,0.22108
7263.18547,0.22156
7259.32823,0.22201
7255.47099,0.22242
7251.61375,0.22284
7247.75651,0.22326
7243.89927,0.22361
7240.04203,0.22382
7236.18478,0.22401
7232.32754,0.22421
7228.47030,0.22431
7224.61306,0.22440
7220.75582,0.22465
7216.89858,0.22501
7213.04134,0.22533
7209.18409,0.22559
7205.32685,0.22579
7201.46961,0.22589
7197.61237,0.22590
7193.75513,0.22595
7189.89789,0.22616
7186.04065,0.22654
7182.18341,0.22698
7178.32616,0.22739
7174.46892,0.22789
7170.61168,0.22850
7166.75444,0.22915
7162.89720,0.22987
7159.03996,0.23068
7155.18272,0.23152
7151.32547,0.23247
7147.46823,0.23355
7143.61099,0.23471
7139.75375,0.23596
7135.89651,0.23720
7132.03927,0.23833
7128.18203,0.23946
7124.32478,0.24073
7120.46754,0.24198
7116.61030,0.24299
7112.75306,0.24390
7108.89582,0.24489
7105.03858,0.24591
7101.18134,0.24692
7097.32410,0.24807
7093.46685,0.24930
7089.60961,0.25051
7085.75237,0.25173
7081.89513,0.25299
7078.03789,0.25427
7074.18065,0.25562
7070.32341,0.25700
7066.46616,0.25829
7062.60892,0.25948
7058.75168,0.26066
7054.89444,0.26186
7051.03720,0.26304
7047.17996,0.26421
7043.32272,0.26535
7039.46548,0.26644
7035.60823,0.26747
7031.75099,0.26840
7027.89375,0.26918
7024.03651,0.26988
7020.17927,0.27056
7016.32203,0.27127
7012.46479,0.27199
7008.60754,0.27262
7004.75030,0.27321
7000.89306,0.27384
6997.03582,0.27446
6993.17858,0.27500
6989.32134,0.27550
6985.46410,0.27602
6981.60685,0.27656
6977.74961,0.27703
6973.89237,0.27739
6970.03513,0.27768
6966.17789,0.27794
6962.32065,0.27815
6958.46341,0.27831
6954.60617,0.27853
6950.74892,0.27885
6946.89168,0.27928
6943.03444,0.27972
6939.17720,0.28007
6935.31996,0.28033
6931.46272,0.28058
6927.60548,0.28081
6923.74823,0.28100
6919.89099,0.28130
6916.03375,0.28169
6912.17651,0.28201
6908.31927,0.28217
6904.46203,0.28232
6900.60479,0.28259
6896.74754,0.28294
6892.89030,0.28323
6889.03306,0.28347
6885.17582,0.28381
6881.31858,0.28425
6877.46134,0.28471
6873.60410,0.28520
6869.74686,0.28574
6865.88961,0.28630
6862.03237,0.28689
6858.17513,0.28753
6854.31789,0.28814
6850.46065,0.28872
6846.60341,0.28932
6842.74617,0.28997
6838.88892,0.29056
6835.03168,0.29109
6831.17444,0.29166
6827.31720,0.29229
6823.45996,0.29291
6819.60272,0.29352
6815.74548,0.29417
6811.88824,0.29479
6808.03099,0.29538
6804.17375,0.29601
6800.31651,0.29675
6796.45927,0.29754
6792.60203,0.29824
6788.74479,0.29885
6784.88755,0.29950
6781.03030,0.30024
6777.17306,0.30097
6773.31582,0.30163
6769.45858,0.30228
6765.60134,0.30294
6761.74410,0.30351
6757.88686,0.30390
6754.02961,0.30410
6750.17237,0.30426
6746.31513,0.30452
6742.45789,0.30480
6738.60065,0.30501
6734.74341,0.30517
6730.88617,0.30528
6727.02893,0.30537
6723.17168,0.30547
6719.31444,0.30558
6715.45720,0.30568
6711.59996,0.30576
6707.74272,0.30582
6703.88548,0.30585
6700.02824,0.30585
6696.17099,0.30580
6692.31375,0.30567
6688.45651,0.30554
6684.59927,0.30545
6680.74203,0.30534
6676.88479,0.30521
6673.02755,0.30508
6669.17030,0.30489
6665.31306,0.30458
6661.45582,0.30422
6657.59858,0.30391
6653.74134,0.30366
6649.88410,0.30344
6646.02686,0.30313
6642.16962,0.30266
6638.31237,0.30214
6634.45513,0.30167
6630.59789,0.30122
6626.74065,0.30075
6622.88341,0.30027
6619.02617,0.29981
6615.16893,0.29931
6611.31168,0.29875
6607.45444,0.29828
6603.59720,0.29792
6599.73996,0.29757
6595.88272,0.29716
6592.02548,0.29676
6588.16824,0.29646
6584.31100,0.29624
6580.45375,0.29606
6576.59651,0.29596
6572.73927,0.29594
6568.88203,0.29594
6565.02479,0.29593
6561.16755,0.29598
6557.31031,0.29607
6553.45306,0.29616
6549.59582,0.29624
6545.73858,0.29637
6541.88134,0.29656
6538.02410,0.29678
6534.16686,0.29699
6530.30962,0.29719
6526.45237,0.29733
6522.59513,0.29740
6518.73789,0.29749
6514.88065,0.29765
6511.02341,0.29778
6507.16617,0.29782
6503.30893,0.29786
6499.45169,0.29797
6495.59444,0.29809
6491.73720,0.29812
6487.87996,0.29802
6484.02272,0.29788
6480.16548,0.29781
6476.30824,0.29777
6472.45100,0.29767
6468.59375,0.29749
6464.73651,0.29731
6460.87927,0.29711
6457.02203,0.29686
6453.16479,0.29655
6449.30755,0.29619
6445.45031,0.29585
6441.59306,0.29561
6437.73582,0.29539
6433.87858,0.29511
6430.02134,0.29479
6426.16410,0.29445
6422.30686,0.29406
6418.44962,0.29363
6414.59238,0.29328
6410.73513,0.29303
6406.87789,0.29275
6403.02065,0.29251
6399.16341,0.29236
6395.30617,0.29224
6391.44893,0.29211
6387.59169,0.29194
6383.73444,0.29171
6379.87720,0.29150
6376.01996,0.29138
6372.16272,0.29128
6368.30548,0.29109
6364.44824,0.29086
6360.59100,0.29069
6356.73376,0.29058
6352.87651,0.29046
6349.01927,0.29034
6345.16203,0.29028
6341.30479,0.29031
6337.44755,0.29043
6333.59031,0.29057
6329.73307,0.29063
6325.87582,0.29061
6322.01858,0.29055
6318.16134,0.29048
6314.30410,0.29043
6310.44686,0.29033
6306.58962,0.29020
6302.73238,0.29003
6298.87513,0.28976
6295.01789,0.28943
6291.16065,0.28918
6287.30341,0.28892
6283.44617,0.28851
6279.58893,0.28798
6275.73169,0.28742
6271.87445,0.28680
6268.01720,0.28618
6264.15996,0.28561
6260.30272,0.28501
6256.44548,0.28436
6252.58824,0.28371
6248.73100,0.28306
6244.87376,0.28239
6241.01651,0.28164
6237.15927,0.28081
6233.30203,0.28000
6229.44479,0.27924
6225.58755,0.27854
6221.73031,0.27803
6217.87307,0.27785
6214.01582,0.27800
6210.15858,0.27846
6206.30134,0.27921
6202.44410,0.28006
6198.58686,0.28072
6194.72962,0.28089
6190.87238,0.28042
6187.01514,0.27936
6183.15789,0.27798
6179.30065,0.27657
6175.44341,0.27546
6171.58617,0.27483
6167.72893,0.27465
6163.87169,0.27478
6160.01445,0.27522
6156.15720,0.27602
6152.29996,0.27705
6148.44272,0.27802
6144.58548,0.27862
6140.72824,0.27883
6136.87100,0.27881
6133.01376,0.27873
6129.15652,0.27883
6125.29927,0.27950
6121.44203,0.28092
6117.58479,0.28317
6113.72755,0.28631
6109.87031,0.29028
6106.01307,0.29493
6102.15583,0.30017
6098.29858,0.30586
6094.44134,0.31172
6090.58410,0.31747
6086.72686,0.32293
6082.86962,0.32800
6079.01238,0.33282
6075.15514,0.33794
6071.29789,0.34393
6067.44065,0.35088
6063.58341,0.35831
6059.72617,0.36564
6055.86893,0.37231
6052.01169,0.37812
6048.15445,0.38326
6044.29721,0.38822
6040.43996,0.39345
6036.58272,0.39928
6032.72548,0.40557
6028.86824,0.41162
6025.01100,0.41639
6021.15376,0.41899
6017.29652,0.41882
6013.43927,0.41571
6009.58203,0.40998
6005.72479,0.40234
6001.86755,0.39374
5998.01031,0.38525
5994.15307,0.37776
5990.29583,0.37190
5986.43858,0.36774
5982.58134,0.36489
5978.72410,0.36257
5974.86686,0.35980
5971.00962,0.35603
5967.15238,0.35166
5963.29514,0.34758
5959.43790,0.34445
5955.58065,0.34251
5951.72341,0.34154
5947.86617,0.34104
5944.00893,0.34032
5940.15169,0.33865
5936.29445,0.33567
5932.43721,0.33153
5928.57996,0.32674
5924.72272,0.32184
5920.86548,0.31723
5917.00824,0.31311
5913.15100,0.30965
5909.29376,0.30707
5905.43652,0.30556
5901.57927,0.30527
5897.72203,0.30619
5893.86479,0.30811
5890.00755,0.31066
5886.15031,0.31346
5882.29307,0.31622
5878.43583,0.31873
5874.57859,0.32097
5870.72134,0.32288
5866.86410,0.32435
5863.00686,0.32519
5859.14962,0.32526
5855.29238,0.32465
5851.43514,0.32371
5847.57790,0.32275
5843.72065,0.32197
5839.86341,0.32147
5836.00617,0.32124
5832.14893,0.32121
5828.29169,0.32132
5824.43445,0.32153
5820.57721,0.32175
5816.71997,0.32197
5812.86272,0.32223
5809.00548,0.32237
5805.14824,0.32221
5801.29100,0.32181
5797.43376,0.32136
5793.57652,0.32097
5789.71928,0.32058
5785.86203,0.32012
5782.00479,0.31962
5778.14755,0.31909
5774.29031,0.31844
5770.43307,0.31755
5766.57583,0.31638
5762.71859,0.31501
5758.86134,0.31343
5755.00410,0.31160
5751.14686,0.30956
5747.28962,0.30738
5743.43238,0.30511
5739.57514,0.30291
5735.71790,0.30091
5731.86066,0.29918
5728.00341,0.29785
5724.14617,0.29703
5720.28893,0.29673
5716.43169,0.29683
5712.57445,0.29713
5708.71721,0.29735
5704.85997,0.29732
5701.00272,0.29701
5697.14548,0.29652
5693.28824,0.29595
5689.43100,0.29532
5685.57376,0.29472
5681.71652,0.29427
5677.85928,0.29401
5674.00203,0.29401
5670.14479,0.29428
5666.28755,0.29477
5662.43031,0.29533
5658.57307,0.29578
5654.71583,0.29594
5650.85859,0.29573
5647.00135,0.29514
5643.14410,0.29418
5639.28686,0.29298
5635.42962,0.29173
5631.57238,0.29057
5627.71514,0.28954
5623.85790,0.28867
5620.00066,0.28803
5616.14341,0.28767
5612.28617,0.28754
5608.42893,0.28756
5604.57169,0.28768
5600.71445,0.28798
5596.85721,0.28849
5592.99997,0.28914
5589.14273,0.28979
5585.28548,0.29054
5581.42824,0.29143
5577.57100,0.29232
5573.71376,0.29308
5569.85652,0.29366
5565.99928,0.29403
5562.14204,0.29422
5558.28479,0.29430
5554.42755,0.29429
5550.57031,0.29419
5546.71307,0.29407
5542.85583,0.29403
5538.99859,0.29407
5535.14135,0.29406
5531.28410,0.29391
5527.42686,0.29368
5523.56962,0.29340
5519.71238,0.29303
5515.85514,0.29257
5511.99790,0.29211
5508.14066,0.29181
5504.28342,0.29176
5500.42617,0.29205
5496.56893,0.29269
5492.71169,0.29352
5488.85445,0.29426
5484.99721,0.29475
5481.13997,0.29498
5477.28273,0.29498
5473.42548,0.29470
5469.56824,0.29413
5465.71100,0.29337
5461.85376,0.29247
5457.99652,0.29142
5454.13928,0.29022
5450.28204,0.28886
5446.42479,0.28727
5442.56755,0.28551
5438.71031,0.28371
5434.85307,0.28202
5430.99583,0.28056
5427.13859,0.27936
5423.28135,0.27843
5419.42411,0.27782
5415.56686,0.27747
5411.70962,0.27721
5407.85238,0.27697
5403.99514,0.27686
5400.13790,0.27688
5396.28066,0.27687
5392.42342,0.27677
5388.56617,0.27672
5384.70893,0.27680
5380.85169,0.27700
5376.99445,0.27730
5373.13721,0.27767
5369.27997,0.27813
5365.42273,0.27875
5361.56549,0.27950
5357.70824,0.28026
5353.85100,0.28093
5349.99376,0.28143
5346.13652,0.28178
5342.27928,0.28207
5338.42204,0.28234
5334.56480,0.28266
5330.70755,0.28307
5326.85031,0.28367
5322.99307,0.28454
5319.13583,0.28576
5315.27859,0.28743
5311.42135,0.28950
5307.56411,0.29185
5303.70686,0.29448
5299.84962,0.29752
5295.99238,0.30110
5292.13514,0.30527
5288.27790,0.31006
5284.42066,0.31544
5280.56342,0.32139
5276.70618,0.32783
5272.84893,0.33458
5268.99169,0.34135
5265.13445,0.34790
5261.27721,0.35390
5257.41997,0.35906
5253.56273,0.36342
5249.70549,0.36713
5245.84824,0.37016
5241.99100,0.37250
5238.13376,0.37427
5234.27652,0.37559
5230.41928,0.37648
5226.56204,0.37698
5222.70480,0.37721
5218.84755,0.37727
5214.99031,0.37722
5211.13307,0.37701
5207.27583,0.37665
5203.41859,0.37625
5199.56135,0.37597
5195.70411,0.37578
5191.84687,0.37560
5187.98962,0.37541
5184.13238,0.37526
5180.27514,0.37516
5176.41790,0.37505
5172.56066,0.37486
5168.70342,0.37464
5164.84618,0.37446
5160.98893,0.37437
5157.13169,0.37435
5153.27445,0.37432
5149.41721,0.37428
5145.55997,0.37427
5141.70273,0.37425
5137.84549,0.37420
5133.98825,0.37423
5130.13100,0.37435
5126.27376,0.37440
5122.41652,0.37413
5118.55928,0.37321
5114.70204,0.37141
5110.84480,0.36878
5106.98756,0.36567
5103.13031,0.36239
5099.27307,0.35912
5095.41583,0.35599
5091.55859,0.35313
5087.70135,0.35057
5083.84411,0.34827
5079.98687,0.34618
5076.12962,0.34429
5072.27238,0.34258
5068.41514,0.34097
5064.55790,0.33942
5060.70066,0.33798
5056.84342,0.33663
5052.98618,0.33534
5049.12894,0.33423
5045.27169,0.33334
5041.41445,0.33255
5037.55721,0.33172
5033.69997,0.33084
5029.84273,0.33002
5025.98549,0.32931
5022.12825,0.32863
5018.27100,0.32803
5014.41376,0.32755
5010.55652,0.32705
5006.69928,0.32640
5002.84204,0.32566
4998.98480,0.32494
4995.12756,0.32426
4991.27031,0.32366
4987.41307,0.32321
4983.55583,0.32289
4979.69859,0.32270
4975.84135,0.32273
4971.98411,0.32299
4968.12687,0.32344
4964.26963,0.32412
4960.41238,0.32510
4956.55514,0.32637
4952.69790,0.32783
4948.84066,0.32938
4944.98342,0.33099
4941.12618,0.33269
4937.26894,0.33448
4933.41169,0.33635
4929.55445,0.33822
4925.69721,0.34017
4921.83997,0.34226
4917.98273,0.34450
4914.12549,0.34692
4910.26825,0.34942
4906.41101,0.35197
4902.55376,0.35467
4898.69652,0.35755
4894.83928,0.36052
4890.98204,0.36353
4887.12480,0.36654
4883.26756,0.36961
4879.41032,0.37282
4875.55307,0.37607
4871.69583,0.37917
4867.83859,0.38202
4863.98135,0.38476
4860.12411,0.38750
4856.26687,0.39029
4852.40963,0.39321
4848.55238,0.39639
4844.69514,0.39992
4840.83790,0.40381
4836.98066,0.40791
4833.12342,0.41214
4829.26618,0.41647
4825.40894,0.42075
4821.55170,0.42476
4817.69445,0.42846
4813.83721,0.43192
4809.97997,0.43518
4806.12273,0.43818
4802.26549,0.44079
4798.40825,0.44291
4794.55101,0.44448
4790.69376,0.44544
4786.83652,0.44585
4782.97928,0.44596
4779.12204,0.44600
4775.26480,0.44604
4771.40756,0.44626
4767.55032,0.44697
4763.69307,0.44839
4759.83583,0.45050
4755.97859,0.45327
4752.12135,0.45647
4748.26411,0.45973
4744.40687,0.46281
4740.54963,0.46585
4736.69239,0.46929
4732.83514,0.47361
4728.97790,0.47889
4725.12066,0.48444
4721.26342,0.48890
4717.40618,0.49130
4713.54894,0.49227
4709.69170,0.49369
4705.83445,0.49721
4701.97721,0.50326
4698.11997,0.51071
4694.26273,0.51713
4690.40549,0.51981
4686.54825,0.51719
4682.69101,0.50963
4678.83377,0.49909
4674.97652,0.48809
4671.11928,0.47883
4667.26204,0.47237
4663.40480,0.46849
4659.54756,0.46641
4655.69032,0.46587
4651.83308,0.46756
4647.97583,0.47202
4644.11859,0.47858
4640.26135,0.48517
4636.40411,0.48900
4632.54687,0.48754
4628.68963,0.48005
4624.83239,0.46844
4620.97514,0.45604
4617.11790,0.44550
4613.26066,0.43798
4609.40342,0.43356
4605.54618,0.43206
4601.68894,0.43342
4597.83170,0.43699
4593.97446,0.44119
4590.11721,0.44475
4586.25997,0.44770
4582.40273,0.44969
4578.54549,0.44864
4574.68825,0.44276
4570.83101,0.43320
4566.97377,0.42310
4563.11652,0.41512
4559.25928,0.41012
4555.40204,0.40755
4551.54480,0.40643
4547.68756,0.40589
4543.83032,0.40545
4539.97308,0.40506
4536.11583,0.40495
4532.25859,0.40537
4528.40135,0.40641
4524.54411,0.40810
4520.68687,0.41046
4516.82963,0.41357
4512.97239,0.41763
4509.11515,0.42304
4505.25790,0.43023
4501.40066,0.43945
4497.54342,0.45037
4493.68618,0.46167
4489.82894,0.47157
4485.97170,0.47928
4482.11446,0.48567
4478.25721,0.49255
4474.39997,0.50167
4470.54273,0.51421
4466.68549,0.53009
4462.82825,0.54688
4458.97101,0.56042
4455.11377,0.56843
4451.25653,0.57281
4447.39928,0.57696
4443.54204,0.58229
4439.68480,0.58798
4435.82756,0.59226
4431.97032,0.59339
4428.11308,0.59047
4424.25584,0.58438
4420.39859,0.57770
4416.54135,0.57310
4412.68411,0.57173
4408.82687,0.57250
4404.96963,0.57315
4401.11239,0.57183
4397.25515,0.56811
4393.39790,0.56287
4389.54066,0.55740
4385.68342,0.55260
4381.82618,0.54889
4377.96894,0.54634
4374.11170,0.54490
4370.25446,0.54467
4366.39722,0.54574
4362.53997,0.54766
4358.68273,0.54965
4354.82549,0.55132
4350.96825,0.55297
4347.11101,0.55526
4343.25377,0.55830
4339.39653,0.56143
4335.53928,0.56405
4331.68204,0.56612
4327.82480,0.56799
4323.96756,0.57004
4320.11032,0.57265
4316.25308,0.57622
4312.39584,0.58091
4308.53859,0.58656
4304.68135,0.59283
4300.82411,0.59902
4296.96687,0.60431
4293.10963,0.60808
4289.25239,0.60994
4285.39515,0.60998
4281.53791,0.60901
4277.68066,0.60768
4273.82342,0.60591
4269.96618,0.60342
4266.10894,0.60054
4262.25170,0.59799
4258.39446,0.59636
4254.53722,0.59593
4250.67997,0.59638
4246.82273,0.59679
4242.96549,0.59628
4239.10825,0.59478
4235.25101,0.59314
4231.39377,0.59211
4227.53653,0.59136
4223.67929,0.58979
4219.82204,0.58686
4215.96480,0.58317
4212.10756,0.57972
4208.25032,0.57704
4204.39308,0.57498
4200.53584,0.57333
4196.67860,0.57253
4192.82135,0.57346
4188.96411,0.57664
4185.10687,0.58175
4181.24963,0.58709
4177.39239,0.58976
4173.53515,0.58767
4169.67791,0.58145
4165.82066,0.57375
4161.96342,0.56710
4158.10618,0.56251
4154.24894,0.56007
4150.39170,0.55975
4146.53446,0.56159
4142.67722,0.56543
4138.81998,0.57053
4134.96273,0.57567
4131.10549,0.57988
4127.24825,0.58302
4123.39101,0.58582
4119.53377,0.58957
4115.67653,0.59524
4111.81929,0.60313
4107.96204,0.61351
4104.10480,0.62714
4100.24756,0.64505
4096.39032,0.66606
4092.53308,0.68369
4088.67584,0.69013
4084.81860,0.68396
4080.96135,0.66981
4077.10411,0.65332
4073.24687,0.63907
4069.38963,0.62935
4065.53239,0.62376
4061.67515,0.62091
4057.81791,0.61991
4053.96067,0.62015
4050.10342,0.62087
4046.24618,0.62142
4042.38894,0.62150
4038.53170,0.62121
4034.67446,0.62082
4030.81722,0.62055
4026.95998,0.62049
4023.10273,0.62053
4019.24549,0.62047
4015.38825,0.62002
4011.53101,0.61895
4007.67377,0.61726
4003.81653,0.61512
3999.95929,0.61262
3996.10205,0.60977
3992.24480,0.60679
3988.38756,0.60415
3984.53032,0.60212
3980.67308,0.60065
3976.81584,0.59947
3972.95860,0.59822
3969.10136,0.59642
3965.24411,0.59388
3961.38687,0.59091
3957.52963,0.58795
3953.67239,0.58515
3949.81515,0.58236
3945.95791,0.57954
3942.10067,0.57689
3938.24342,0.57468
3934.38618,0.57298
3930.52894,0.57150
3926.67170,0.56994
3922.81446,0.56836
3918.95722,0.56676
3915.09998,0.56483
3911.24274,0.56242
3907.38549,0.55957
3903.52825,0.55610
3899.67101,0.55216
3895.81377,0.54841
3891.95653,0.54511
3888.09929,0.54235
3884.24205,0.54021
3880.38480,0.53850
3876.52756,0.53682
3872.67032,0.53473
3868.81308,0.53196
3864.95584,0.52885
3861.09860,0.52598
3857.24136,0.52344
3853.38411,0.52110
3849.52687,0.51935
3845.66963,0.51828
3841.81239,0.51756
3837.95515,0.51705
3834.09791,0.51670
3830.24067,0.51657
3826.38343,0.51694
3822.52618,0.51837
3818.66894,0.52135
3814.81170,0.52520
3810.95446,0.52847
3807.09722,0.53032
3803.23998,0.53019
3799.38274,0.52818
3795.52549,0.52560
3791.66825,0.52383
3787.81101,0.52332
3783.95377,0.52400
3780.09653,0.52581
3776.23929,0.52850
3772.38205,0.53175
3768.52481,0.53550
3764.66756,0.53944
3760.81032,0.54269
3756.95308,0.54392
3753.09584,0.54215
3749.23860,0.53865
3745.38136,0.53676
3741.52412,0.53800
3737.66687,0.54170
3733.80963,0.54652
3729.95239,0.54998
3726.09515,0.55127
3722.23791,0.55246
3718.38067,0.55557
3714.52343,0.56139
3710.66618,0.57039
3706.80894,0.58205
3702.95170,0.59595
3699.09446,0.61253
3695.23722,0.63194
3691.37998,0.65588
3687.52274,0.68240
3683.66550,0.70312
3679.80825,0.71771
3675.95101,0.73253
3672.09377,0.75129
3668.23653,0.77214
3664.37929,0.79203
3660.52205,0.81127
3656.66481,0.83131
3652.80756,0.85142
3648.95032,0.87035
3645.09308,0.88674
3641.23584,0.89897
3637.37860,0.90833
3633.52136,0.91578
3629.66412,0.92227
3625.80687,0.92810
3621.94963,0.93068
3618.09239,0.93089
3614.23515,0.93130
3610.37791,0.93388
3606.52067,0.93857
3602.66343,0.94297
3598.80619,0.94611
