12493.60475,0.18757
12489.74751,0.18821
12485.89027,0.18644
12482.03303,0.18405
12478.17579,0.18348
12474.31855,0.18357
12470.46130,0.18348
12466.60406,0.18355
12462.74682,0.18378
12458.88958,0.18413
12455.03234,0.18396
12451.17510,0.18289
12447.31786,0.18120
12443.46062,0.17970
12439.60337,0.17940
12435.74613,0.17909
12431.88889,0.17788
12428.03165,0.17858
12424.17441,0.18235
12420.31717,0.18579
12416.45993,0.18649
12412.60268,0.18466
12408.74544,0.18233
12404.88820,0.18293
12401.03096,0.18471
12397.17372,0.18387
12393.31648,0.18267
12389.45924,0.18338
12385.60199,0.18393
12381.74475,0.18279
12377.88751,0.18154
12374.03027,0.18109
12370.17303,0.18016
12366.31579,0.17985
12362.45855,0.18202
12358.60131,0.18455
12354.74406,0.18477
12350.88682,0.18418
12347.02958,0.18419
12343.17234,0.18387
12339.31510,0.18432
12335.45786,0.18526
12331.60062,0.18416
12327.74337,0.18271
12323.88613,0.18289
12320.02889,0.18218
12316.17165,0.17938
12312.31441,0.17723
12308.45717,0.17635
12304.59993,0.17628
12300.74268,0.17878
12296.88544,0.18207
12293.02820,0.18274
12289.17096,0.18214
12285.31372,0.18234
12281.45648,0.18286
12277.59924,0.18285
12273.74200,0.18233
12269.88475,0.18131
12266.02751,0.18001
12262.17027,0.17972
12258.31303,0.18046
12254.45579,0.18101
12250.59855,0.18108
12246.74131,0.18027
12242.88406,0.17898
12239.02682,0.17860
12235.16958,0.17848
12231.31234,0.17829
12227.45510,0.17860
12223.59786,0.17848
12219.74062,0.17829
12215.88338,0.17901
12212.02613,0.17995
12208.16889,0.18068
12204.31165,0.18047
12200.45441,0.17931
12196.59717,0.17887
12192.73993,0.17917
12188.88269,0.17849
12185.02544,0.17683
12181.16820,0.17648
12177.31096,0.17779
12173.45372,0.17794
12169.59648,0.17584
12165.73924,0.17403
12161.88200,0.17405
12158.02475,0.17436
12154.16751,0.17452
12150.31027,0.17527
12146.45303,0.17560
12142.59579,0.17538
12138.73855,0.17546
12134.88131,0.17535
12131.02407,0.17496
12127.16682,0.17476
12123.30958,0.17437
12119.45234,0.17458
12115.59510,0.17653
12111.73786,0.17800
12107.88062,0.17695
12104.02338,0.17549
12100.16613,0.17539
12096.30889,0.17500
12092.45165,0.17331
12088.59441,0.17250
12084.73717,0.17388
12080.87993,0.17526
12077.02269,0.17578
12073.16544,0.17684
12069.30820,0.17716
12065.45096,0.17529
12061.59372,0.17332
12057.73648,0.17280
12053.87924,0.17363
12050.02200,0.17604
12046.16476,0.17757
12042.30751,0.17575
12038.45027,0.17348
12034.59303,0.17306
12030.73579,0.17314
12026.87855,0.17424
12023.02131,0.17679
12019.16407,0.17882
12015.30682,0.17957
12011.44958,0.17887
12007.59234,0.17716
12003.73510,0.17609
11999.87786,0.17593
11996.02062,0.17601
11992.16338,0.17661
11988.30614,0.17770
11984.44889,0.17816
11980.59165,0.17849
11976.73441,0.18019
11972.87717,0.18129
11969.01993,0.17956
11965.16269,0.17722
11961.30545,0.17681
11957.44820,0.17760
11953.59096,0.17767
11949.73372,0.17680
11945.87648,0.17624
11942.01924,0.17668
11938.16200,0.17779
11934.30476,0.17906
11930.44751,0.17958
11926.59027,0.17814
11922.73303,0.17586
11918.87579,0.17543
11915.01855,0.17682
11911.16131,0.17799
11907.30407,0.17801
11903.44683,0.17692
11899.58958,0.17601
11895.73234,0.17729
11891.87510,0.17935
11888.01786,0.17920
11884.16062,0.17757
11880.30338,0.17677
11876.44614,0.17804
11872.58889,0.18052
11868.73165,0.18230
11864.87441,0.18255
11861.01717,0.18121
11857.15993,0.17968
11853.30269,0.17933
11849.44545,0.17942
11845.58820,0.17909
11841.73096,0.17787
11837.87372,0.17661
11834.01648,0.17724
11830.15924,0.17902
11826.30200,0.18030
11822.44476,0.18124
11818.58752,0.18136
11814.73027,0.17998
11810.87303,0.17842
11807.01579,0.17805
11803.15855,0.17917
11799.30131,0.18084
11795.44407,0.18103
11791.58683,0.18000
11787.72958,0.17981
11783.87234,0.17986
11780.01510,0.17880
11776.15786,0.17738
11772.30062,0.17641
11768.44338,0.17659
11764.58614,0.17807
11760.72890,0.17906
11756.87165,0.17878
11753.01441,0.17922
11749.15717,0.18100
11745.29993,0.18182
11741.44269,0.18095
11737.58545,0.17994
11733.72821,0.17996
11729.87096,0.18107
11726.01372,0.18184
11722.15648,0.18137
11718.29924,0.18099
11714.44200,0.18117
11710.58476,0.18069
11706.72752,0.18027
11702.87027,0.18122
11699.01303,0.18181
11695.15579,0.18095
11691.29855,0.18044
11687.44131,0.18020
11683.58407,0.17901
11679.72683,0.17784
11675.86959,0.17778
11672.01234,0.17842
11668.15510,0.17912
11664.29786,0.17974
11660.44062,0.17940
11656.58338,0.17766
11652.72614,0.17650
11648.86890,0.17684
11645.01165,0.17818
11641.15441,0.18044
11637.29717,0.18199
11633.43993,0.18153
11629.58269,0.18042
11625.72545,0.17925
11621.86821,0.17744
11618.01096,0.17646
11614.15372,0.17790
11610.29648,0.17973
11606.43924,0.17990
11602.58200,0.17962
11598.72476,0.17963
11594.86752,0.17970
11591.01028,0.18017
11587.15303,0.18050
11583.29579,0.18074
11579.43855,0.18131
11575.58131,0.18099
11571.72407,0.17976
11567.86683,0.17895
11564.00959,0.17872
11560.15234,0.17868
11556.29510,0.17857
11552.43786,0.17895
11548.58062,0.17950
11544.72338,0.17844
11540.86614,0.17673
11537.00890,0.17719
11533.15166,0.17863
11529.29441,0.17803
11525.43717,0.17702
11521.57993,0.17792
11517.72269,0.17873
11513.86545,0.17831
11510.00821,0.17815
11506.15097,0.17827
11502.29372,0.17840
11498.43648,0.17916
11494.57924,0.17915
11490.72200,0.17768
11486.86476,0.17719
11483.00752,0.17840
11479.15028,0.17947
11475.29303,0.17928
11471.43579,0.17789
11467.57855,0.17607
11463.72131,0.17504
11459.86407,0.17596
11456.00683,0.17802
11452.14959,0.17890
11448.29235,0.17836
11444.43510,0.17728
11440.57786,0.17570
11436.72062,0.17468
11432.86338,0.17522
11429.00614,0.17562
11425.14890,0.17505
11421.29166,0.17548
11417.43441,0.17683
11413.57717,0.17740
11409.71993,0.17716
11405.86269,0.17630
11402.00545,0.17507
11398.14821,0.17457
11394.29097,0.17445
11390.43372,0.17445
11386.57648,0.17511
11382.71924,0.17502
11378.86200,0.17411
11375.00476,0.17458
11371.14752,0.17606
11367.29028,0.17659
11363.43304,0.17620
11359.57579,0.17669
11355.71855,0.17826
11351.86131,0.17893
11348.00407,0.17810
11344.14683,0.17697
11340.28959,0.17574
11336.43235,0.17420
11332.57510,0.17349
11328.71786,0.17425
11324.86062,0.17522
11321.00338,0.17494
11317.14614,0.17397
11313.28890,0.17427
11309.43166,0.17604
11305.57442,0.17761
11301.71717,0.17771
11297.85993,0.17648
11294.00269,0.17584
11290.14545,0.17616
11286.28821,0.17542
11282.43097,0.17406
11278.57373,0.17335
11274.71648,0.17236
11270.85924,0.17172
11267.00200,0.17270
11263.14476,0.17442
11259.28752,0.17638
11255.43028,0.17809
11251.57304,0.17829
11247.71579,0.17735
11243.85855,0.17665
11240.00131,0.17691
11236.14407,0.17773
11232.28683,0.17783
11228.42959,0.17743
11224.57235,0.17738
11220.71511,0.17663
11216.85786,0.17443
11213.00062,0.17215
11209.14338,0.17113
11205.28614,0.17118
11201.42890,0.17174
11197.57166,0.17224
11193.71442,0.17226
11189.85717,0.17217
11185.99993,0.17222
11182.14269,0.17226
11178.28545,0.17263
11174.42821,0.17320
11170.57097,0.17324
11166.71373,0.17318
11162.85648,0.17380
11158.99924,0.17442
11155.14200,0.17392
11151.28476,0.17265
11147.42752,0.17153
11143.57028,0.17129
11139.71304,0.17223
11135.85580,0.17313
11131.99855,0.17351
11128.14131,0.17418
11124.28407,0.17449
11120.42683,0.17372
11116.56959,0.17303
11112.71235,0.17355
11108.85511,0.17472
11104.99786,0.17503
11101.14062,0.17412
11097.28338,0.17307
11093.42614,0.17250
11089.56890,0.17233
11085.71166,0.17290
11081.85442,0.17417
11077.99718,0.17485
11074.13993,0.17481
11070.28269,0.17522
11066.42545,0.17566
11062.56821,0.17524
11058.71097,0.17460
11054.85373,0.17433
11050.99649,0.17421
11047.13924,0.17440
11043.28200,0.17498
11039.42476,0.17529
11035.56752,0.17485
11031.71028,0.17426
11027.85304,0.17429
11023.99580,0.17437
11020.13855,0.17409
11016.28131,0.17411
11012.42407,0.17425
11008.56683,0.17399
11004.70959,0.17365
11000.85235,0.17330
10996.99511,0.17251
10993.13787,0.17125
10989.28062,0.17024
10985.42338,0.17028
10981.56614,0.17115
10977.70890,0.17230
10973.85166,0.17356
10969.99442,0.17443
10966.13718,0.17470
10962.27993,0.17449
10958.42269,0.17355
10954.56545,0.17249
10950.70821,0.17226
10946.85097,0.17273
10942.99373,0.17331
10939.13649,0.17346
10935.27924,0.17283
10931.42200,0.17210
10927.56476,0.17205
10923.70752,0.17213
10919.85028,0.17160
10915.99304,0.17082
10912.13580,0.17022
10908.27856,0.16980
10904.42131,0.16971
10900.56407,0.16981
10896.70683,0.16967
10892.84959,0.16932
10888.99235,0.16941
10885.13511,0.17011
10881.27787,0.17033
10877.42062,0.16969
10873.56338,0.16953
10869.70614,0.17006
10865.84890,0.17008
10861.99166,0.16968
10858.13442,0.16938
10854.27718,0.16924
10850.41993,0.16958
10846.56269,0.17002
10842.70545,0.16997
10838.84821,0.17001
10834.99097,0.17022
10831.13373,0.16973
10827.27649,0.16891
10823.41925,0.16872
10819.56200,0.16897
10815.70476,0.16922
10811.84752,0.16967
10807.99028,0.17001
10804.13304,0.16930
10800.27580,0.16826
10796.41856,0.16815
10792.56131,0.16840
10788.70407,0.16845
10784.84683,0.16847
10780.98959,0.16825
10777.13235,0.16801
10773.27511,0.16824
10769.41787,0.16854
10765.56063,0.16882
10761.70338,0.16924
10757.84614,0.16920
10753.98890,0.16870
10750.13166,0.16852
10746.27442,0.16862
10742.41718,0.16858
10738.55994,0.16838
10734.70269,0.16809
10730.84545,0.16808
10726.98821,0.16851
10723.13097,0.16847
10719.27373,0.16763
10715.41649,0.16702
10711.55925,0.16690
10707.70200,0.16720
10703.84476,0.16817
10699.98752,0.16908
10696.13028,0.16910
10692.27304,0.16879
10688.41580,0.16872
10684.55856,0.16857
10680.70132,0.16829
10676.84407,0.16798
10672.98683,0.16757
10669.12959,0.16742
10665.27235,0.16789
10661.41511,0.16861
10657.55787,0.16914
10653.70063,0.16948
10649.84338,0.16929
10645.98614,0.16855
10642.12890,0.16817
10638.27166,0.16824
10634.41442,0.16811
10630.55718,0.16772
10626.69994,0.16750
10622.84269,0.16739
10618.98545,0.16717
10615.12821,0.16717
10611.27097,0.16757
10607.41373,0.16798
10603.55649,0.16785
10599.69925,0.16726
10595.84201,0.16701
10591.98476,0.16737
10588.12752,0.16756
10584.27028,0.16691
10580.41304,0.16595
10576.55580,0.16544
10572.69856,0.16540
10568.84132,0.16543
10564.98407,0.16547
10561.12683,0.16564
10557.26959,0.16589
10553.41235,0.16616
10549.55511,0.16635
10545.69787,0.16627
10541.84063,0.16596
10537.98339,0.16558
10534.12614,0.16520
10530.26890,0.16528
10526.41166,0.16564
10522.55442,0.16547
10518.69718,0.16505
10514.83994,0.16508
10510.98270,0.16525
10507.12545,0.16492
10503.26821,0.16423
10499.41097,0.16410
10495.55373,0.16455
10491.69649,0.16463
10487.83925,0.16421
10483.98201,0.16379
10480.12476,0.16371
10476.26752,0.16414
10472.41028,0.16483
10468.55304,0.16525
10464.69580,0.16544
10460.83856,0.16569
10456.98132,0.16552
10453.12408,0.16457
10449.26683,0.16359
10445.40959,0.16311
10441.55235,0.16286
10437.69511,0.16312
10433.83787,0.16385
10429.98063,0.16420
10426.12339,0.16413
10422.26614,0.16401
10418.40890,0.16391
10414.55166,0.16406
10410.69442,0.16424
10406.83718,0.16413
10402.97994,0.16397
10399.12270,0.16379
10395.26545,0.16351
10391.40821,0.16364
10387.55097,0.16414
10383.69373,0.16449
10379.83649,0.16485
10375.97925,0.16536
10372.12201,0.16552
10368.26477,0.16527
10364.40752,0.16526
10360.55028,0.16546
10356.69304,0.16542
10352.83580,0.16517
10348.97856,0.16484
10345.12132,0.16453
10341.26408,0.16435
10337.40683,0.16433
10333.54959,0.16451
10329.69235,0.16501
10325.83511,0.16567
10321.97787,0.16586
10318.12063,0.16523
10314.26339,0.16440
10310.40615,0.16417
10306.54890,0.16450
10302.69166,0.16502
10298.83442,0.16559
10294.97718,0.16599
10291.11994,0.16602
10287.26270,0.16569
10283.40546,0.16548
10279.54821,0.16569
10275.69097,0.16583
10271.83373,0.16559
10267.97649,0.16529
10264.11925,0.16495
10260.26201,0.16444
10256.40477,0.16403
10252.54752,0.16402
10248.69028,0.16447
10244.83304,0.16491
10240.97580,0.16493
10237.11856,0.16482
10233.26132,0.16489
10229.40408,0.16509
10225.54684,0.16520
10221.68959,0.16518
10217.83235,0.16519
10213.97511,0.16534
10210.11787,0.16561
10206.26063,0.16589
10202.40339,0.16605
10198.54615,0.16602
10194.68890,0.16592
10190.83166,0.16583
10186.97442,0.16573
10183.11718,0.16573
10179.25994,0.16578
10175.40270,0.16569
10171.54546,0.16564
10167.68821,0.16582
10163.83097,0.16595
10159.97373,0.16567
10156.11649,0.16538
10152.25925,0.16559
10148.40201,0.16590
10144.54477,0.16604
10140.68753,0.16625
10136.83028,0.16638
10132.97304,0.16626
10129.11580,0.16617
10125.25856,0.16624
10121.40132,0.16635
10117.54408,0.16639
10113.68684,0.16642
10109.82959,0.16638
10105.97235,0.16624
10102.11511,0.16628
10098.25787,0.16643
10094.40063,0.16636
10090.54339,0.16632
10086.68615,0.16658
10082.82891,0.16675
10078.97166,0.16643
10075.11442,0.16585
10071.25718,0.16560
10067.39994,0.16586
10063.54270,0.16628
10059.68546,0.16659
10055.82822,0.16673
10051.97097,0.16660
10048.11373,0.16648
10044.25649,0.16667
10040.39925,0.16708
10036.54201,0.16748
10032.68477,0.16755
10028.82753,0.16717
10024.97028,0.16677
10021.11304,0.16692
10017.25580,0.16729
10013.39856,0.16723
10009.54132,0.16698
10005.68408,0.16687
10001.82684,0.16674
9997.96960,0.16653
9994.11235,0.16631
9990.25511,0.16614
9986.39787,0.16626
9982.54063,0.16671
9978.68339,0.16719
9974.82615,0.16746
9970.96891,0.16747
9967.11166,0.16725
9963.25442,0.16703
9959.39718,0.16704
9955.53994,0.16716
9951.68270,0.16715
9947.82546,0.16720
9943.96822,0.16740
9940.11097,0.16767
9936.25373,0.16799
9932.39649,0.16791
9928.53925,0.16722
9924.68201,0.16652
9920.82477,0.16621
9916.96753,0.16599
9913.11029,0.16572
9909.25304,0.16591
9905.39580,0.16668
9901.53856,0.16743
9897.68132,0.16786
9893.82408,0.16786
9889.96684,0.16744
9886.10960,0.16712
9882.25235,0.16703
9878.39511,0.16680
9874.53787,0.16656
9870.68063,0.16668
9866.82339,0.16692
9862.96615,0.16691
9859.10891,0.16678
9855.25167,0.16682
9851.39442,0.16689
9847.53718,0.16682
9843.67994,0.16701
9839.82270,0.16748
9835.96546,0.16750
9832.10822,0.16698
9828.25098,0.16672
9824.39373,0.16691
9820.53649,0.16724
9816.67925,0.16766
9812.82201,0.16791
9808.96477,0.16768
9805.10753,0.16727
9801.25029,0.16701
9797.39304,0.16672
9793.53580,0.16638
9789.67856,0.16620
9785.82132,0.16623
9781.96408,0.16651
9778.10684,0.16697
9774.24960,0.16708
9770.39236,0.16657
9766.53511,0.16608
9762.67787,0.16619
9758.82063,0.16653
9754.96339,0.16649
9751.10615,0.16614
9747.24891,0.16610
9743.39167,0.16623
9739.53442,0.16603
9735.67718,0.16570
9731.81994,0.16554
9727.96270,0.16545
9724.10546,0.16552
9720.24822,0.16586
9716.39098,0.16614
9712.53373,0.16626
9708.67649,0.16636
9704.81925,0.16625
9700.96201,0.16602
9697.10477,0.16601
9693.24753,0.16600
9689.39029,0.16580
9685.53305,0.16556
9681.67580,0.16526
9677.81856,0.16518
9673.96132,0.16541
9670.10408,0.16531
9666.24684,0.16492
9662.38960,0.16492
9658.53236,0.16534
9654.67511,0.16570
9650.81787,0.16570
9646.96063,0.16557
9643.10339,0.16541
9639.24615,0.16508
9635.38891,0.16473
9631.53167,0.16447
9627.67443,0.16445
9623.81718,0.16469
9619.95994,0.16477
9616.10270,0.16454
9612.24546,0.16415
9608.38822,0.16370
9604.53098,0.16340
9600.67374,0.16344
9596.81649,0.16365
9592.95925,0.16390
9589.10201,0.16406
9585.24477,0.16377
9581.38753,0.16332
9577.53029,0.16323
9573.67305,0.16344
9569.81580,0.16361
9565.95856,0.16357
9562.10132,0.16344
9558.24408,0.16342
9554.38684,0.16341
9550.52960,0.16328
9546.67236,0.16308
9542.81512,0.16300
9538.95787,0.16311
9535.10063,0.16320
9531.24339,0.16321
9527.38615,0.16329
9523.52891,0.16341
9519.67167,0.16334
9515.81443,0.16303
9511.95718,0.16283
9508.09994,0.16279
9504.24270,0.16267
9500.38546,0.16261
9496.52822,0.16266
9492.67098,0.16251
9488.81374,0.16217
9484.95649,0.16200
9481.09925,0.16192
9477.24201,0.16168
9473.38477,0.16146
9469.52753,0.16150
9465.67029,0.16168
9461.81305,0.16192
9457.95581,0.16207
9454.09856,0.16193
9450.24132,0.16160
9446.38408,0.16142
9442.52684,0.16141
9438.66960,0.16149
9434.81236,0.16157
9430.95512,0.16150
9427.09787,0.16140
9423.24063,0.16141
9419.38339,0.16149
9415.52615,0.16161
9411.66891,0.16168
9407.81167,0.16160
9403.95443,0.16147
9400.09719,0.16138
9396.23994,0.16123
9392.38270,0.16096
9388.52546,0.16082
9384.66822,0.16089
9380.81098,0.16088
9376.95374,0.16089
9373.09650,0.16105
9369.23925,0.16111
9365.38201,0.16110
9361.52477,0.16113
9357.66753,0.16103
9353.81029,0.16096
9349.95305,0.16113
9346.09581,0.16123
9342.23856,0.16110
9338.38132,0.16100
9334.52408,0.16102
9330.66684,0.16108
9326.80960,0.16113
9322.95236,0.16109
9319.09512,0.16092
9315.23788,0.16077
9311.38063,0.16081
9307.52339,0.16078
9303.66615,0.16049
9299.80891,0.16031
9295.95167,0.16050
9292.09443,0.16066
9288.23719,0.16054
9284.37994,0.16046
9280.52270,0.16051
9276.66546,0.16057
9272.80822,0.16056
9268.95098,0.16051
9265.09374,0.16055
9261.23650,0.16053
9257.37925,0.16029
9253.52201,0.16011
9249.66477,0.16021
9245.80753,0.16029
9241.95029,0.16023
9238.09305,0.16032
9234.23581,0.16060
9230.37857,0.16075
9226.52132,0.16061
9222.66408,0.16034
9218.80684,0.16025
9214.94960,0.16040
9211.09236,0.16062
9207.23512,0.16082
9203.37788,0.16095
9199.52063,0.16099
9195.66339,0.16082
9191.80615,0.16050
9187.94891,0.16034
9184.09167,0.16037
9180.23443,0.16047
9176.37719,0.16059
9172.51995,0.16071
9168.66270,0.16076
9164.80546,0.16066
9160.94822,0.16042
9157.09098,0.16025
9153.23374,0.16026
9149.37650,0.16045
9145.51926,0.16071
9141.66201,0.16089
9137.80477,0.16102
9133.94753,0.16117
9130.09029,0.16127
9126.23305,0.16129
9122.37581,0.16123
9118.51857,0.16112
9114.66132,0.16108
9110.80408,0.16118
9106.94684,0.16142
9103.08960,0.16160
9099.23236,0.16166
9095.37512,0.16188
9091.51788,0.16218
9087.66064,0.16221
9083.80339,0.16216
9079.94615,0.16238
9076.08891,0.16271
9072.23167,0.16282
9068.37443,0.16278
9064.51719,0.16295
9060.65995,0.16329
9056.80270,0.16343
9052.94546,0.16344
9049.08822,0.16361
9045.23098,0.16384
9041.37374,0.16403
9037.51650,0.16433
9033.65926,0.16469
9029.80201,0.16491
9025.94477,0.16516
9022.08753,0.16565
9018.23029,0.16625
9014.37305,0.16676
9010.51581,0.16715
9006.65857,0.16762
9002.80133,0.16830
8998.94408,0.16896
8995.08684,0.16927
8991.22960,0.16947
8987.37236,0.16995
8983.51512,0.17072
8979.65788,0.17150
8975.80064,0.17221
8971.94339,0.17314
8968.08615,0.17430
8964.22891,0.17533
8960.37167,0.17619
8956.51443,0.17702
8952.65719,0.17786
8948.79995,0.17875
8944.94271,0.17984
8941.08546,0.18102
8937.22822,0.18209
8933.37098,0.18318
8929.51374,0.18434
8925.65650,0.18550
8921.79926,0.18674
8917.94202,0.18817
8914.08477,0.18967
8910.22753,0.19121
8906.37029,0.19289
8902.51305,0.19455
8898.65581,0.19605
8894.79857,0.19768
8890.94133,0.19947
8887.08408,0.20119
8883.22684,0.20289
8879.36960,0.20445
8875.51236,0.20568
8871.65512,0.20664
8867.79788,0.20744
8863.94064,0.20805
8860.08340,0.20850
8856.22615,0.20876
8852.36891,0.20877
8848.51167,0.20839
8844.65443,0.20775
8840.79719,0.20705
8836.93995,0.20629
8833.08271,0.20530
8829.22546,0.20410
8825.36822,0.20298
8821.51098,0.20207
8817.65374,0.20105
8813.79650,0.19967
8809.93926,0.19809
8806.08202,0.19653
8802.22477,0.19502
8798.36753,0.19360
8794.51029,0.19214
8790.65305,0.19044
8786.79581,0.18871
8782.93857,0.18728
8779.08133,0.18605
8775.22409,0.18496
8771.36684,0.18413
8767.50960,0.18348
8763.65236,0.18293
8759.79512,0.18234
8755.93788,0.18163
8752.08064,0.18090
8748.22340,0.18044
8744.36615,0.18034
8740.50891,0.18041
8736.65167,0.18043
8732.79443,0.18028
8728.93719,0.18004
8725.07995,0.17999
8721.22271,0.18015
8717.36547,0.18038
8713.50822,0.18063
8709.65098,0.18081
8705.79374,0.18094
8701.93650,0.18115
8698.07926,0.18148
8694.22202,0.18170
8690.36478,0.18162
8686.50753,0.18146
8682.65029,0.18155
8678.79305,0.18185
8674.93581,0.18218
8671.07857,0.18243
8667.22133,0.18271
8663.36409,0.18310
8659.50684,0.18343
8655.64960,0.18360
8651.79236,0.18377
8647.93512,0.18416
8644.07788,0.18483
8640.22064,0.18551
8636.36340,0.18584
8632.50616,0.18587
8628.64891,0.18597
8624.79167,0.18630
8620.93443,0.18672
8617.07719,0.18707
8613.21995,0.18731
8609.36271,0.18751
8605.50547,0.18775
8601.64822,0.18809
8597.79098,0.18851
8593.93374,0.18906
8590.07650,0.18970
8586.21926,0.19007
8582.36202,0.19015
8578.50478,0.19035
8574.64753,0.19076
8570.79029,0.19120
8566.93305,0.19167
8563.07581,0.19206
8559.21857,0.19222
8555.36133,0.19228
8551.50409,0.19246
8547.64685,0.19274
8543.78960,0.19302
8539.93236,0.19328
8536.07512,0.19362
8532.21788,0.19402
8528.36064,0.19439
8524.50340,0.19469
8520.64616,0.19491
8516.78891,0.19502
8512.93167,0.19502
8509.07443,0.19504
8505.21719,0.19507
8501.35995,0.19506
8497.50271,0.19507
8493.64547,0.19509
8489.78822,0.19504
8485.93098,0.19481
8482.07374,0.19457
8478.21650,0.19455
8474.35926,0.19462
8470.50202,0.19456
8466.64478,0.19428
8462.78754,0.19389
8458.93029,0.19349
8455.07305,0.19312
8451.21581,0.19274
8447.35857,0.19234
8443.50133,0.19195
8439.64409,0.19152
8435.78685,0.19113
8431.92960,0.19080
8428.07236,0.19048
8424.21512,0.19027
8420.35788,0.19013
8416.50064,0.18990
8412.64340,0.18959
8408.78616,0.18924
8404.92892,0.18881
8401.07167,0.18830
8397.21443,0.18780
8393.35719,0.18743
8389.49995,0.18711
8385.64271,0.18666
8381.78547,0.18620
8377.92823,0.18593
8374.07098,0.18580
8370.21374,0.18558
8366.35650,0.18525
8362.49926,0.18487
8358.64202,0.18447
8354.78478,0.18411
8350.92754,0.18386
8347.07029,0.18369
8343.21305,0.18355
8339.35581,0.18342
8335.49857,0.18325
8331.64133,0.18303
8327.78409,0.18293
8323.92685,0.18294
8320.06961,0.18282
8316.21236,0.18259
8312.35512,0.18237
8308.49788,0.18212
8304.64064,0.18182
8300.78340,0.18160
8296.92616,0.18152
8293.06892,0.18145
8289.21167,0.18135
8285.35443,0.18124
8281.49719,0.18107
8277.63995,0.18080
8273.78271,0.18065
8269.92547,0.18071
8266.06823,0.18078
8262.21098,0.18075
8258.35374,0.18060
8254.49650,0.18042
8250.63926,0.18028
8246.78202,0.18016
8242.92478,0.18004
8239.06754,0.18001
8235.21030,0.18002
8231.35305,0.17999
8227.49581,0.17994
8223.63857,0.17991
8219.78133,0.17986
8215.92409,0.17973
8212.06685,0.17952
8208.20961,0.17928
8204.35236,0.17912
8200.49512,0.17904
8196.63788,0.17890
8192.78064,0.17863
8188.92340,0.17835
8185.06616,0.17811
8181.20892,0.17789
8177.35168,0.17773
8173.49443,0.17765
8169.63719,0.17761
8165.77995,0.17760
8161.92271,0.17757
8158.06547,0.17742
8154.20823,0.17715
8150.35099,0.17694
8146.49374,0.17677
8142.63650,0.17655
8138.77926,0.17630
8134.92202,0.17609
8131.06478,0.17601
8127.20754,0.17598
8123.35030,0.17586
8119.49305,0.17564
8115.63581,0.17543
8111.77857,0.17522
8107.92133,0.17499
8104.06409,0.17481
8100.20685,0.17470
8096.34961,0.17463
8092.49237,0.17452
8088.63512,0.17430
8084.77788,0.17405
8080.92064,0.17381
8077.06340,0.17365
8073.20616,0.17360
8069.34892,0.17356
8065.49168,0.17346
8061.63443,0.17321
8057.77719,0.17298
8053.91995,0.17291
8050.06271,0.17289
8046.20547,0.17277
8042.34823,0.17257
8038.49099,0.17244
8034.63374,0.17239
8030.77650,0.17235
8026.91926,0.17233
8023.06202,0.17233
8019.20478,0.17226
8015.34754,0.17207
8011.49030,0.17179
8007.63306,0.17151
8003.77581,0.17138
7999.91857,0.17140
7996.06133,0.17140
7992.20409,0.17132
7988.34685,0.17123
7984.48961,0.17122
7980.63237,0.17127
7976.77512,0.17134
7972.91788,0.17134
7969.06064,0.17125
7965.20340,0.17115
7961.34616,0.17115
7957.48892,0.17110
7953.63168,0.17091
7949.77444,0.17072
7945.91719,0.17064
7942.05995,0.17062
7938.20271,0.17061
7934.34547,0.17063
7930.48823,0.17067
7926.63099,0.17066
7922.77375,0.17062
7918.91650,0.17063
7915.05926,0.17072
7911.20202,0.17079
7907.34478,0.17072
7903.48754,0.17060
7899.63030,0.17053
7895.77306,0.17054
7891.91581,0.17061
7888.05857,0.17071
7884.20133,0.17076
7880.34409,0.17075
7876.48685,0.17067
7872.62961,0.17062
7868.77237,0.17068
7864.91513,0.17068
7861.05788,0.17047
7857.20064,0.17026
7853.34340,0.17041
7849.48616,0.17072
7845.62892,0.17075
7841.77168,0.17054
7837.91444,0.17040
7834.05719,0.17032
7830.19995,0.17020
7826.34271,0.17008
7822.48547,0.17001
7818.62823,0.16991
7814.77099,0.16983
7810.91375,0.16980
7807.05650,0.16974
7803.19926,0.16965
7799.34202,0.16967
7795.48478,0.16971
7791.62754,0.16974
7787.77030,0.16983
7783.91306,0.16982
7780.05582,0.16963
7776.19857,0.16955
7772.34133,0.16960
7768.48409,0.16956
7764.62685,0.16943
7760.76961,0.16946
7756.91237,0.16957
7753.05513,0.16944
7749.19788,0.16916
7745.34064,0.16900
7741.48340,0.16893
7737.62616,0.16878
7733.76892,0.16853
7729.91168,0.16832
7726.05444,0.16821
7722.19720,0.16807
7718.33995,0.16788
7714.48271,0.16781
7710.62547,0.16793
7706.76823,0.16804
7702.91099,0.16793
7699.05375,0.16784
7695.19651,0.16783
7691.33926,0.16773
7687.48202,0.16761
7683.62478,0.16770
7679.76754,0.16800
7675.91030,0.16827
7672.05306,0.16826
7668.19582,0.16809
7664.33857,0.16806
7660.48133,0.16829
7656.62409,0.16856
7652.76685,0.16866
7648.90961,0.16870
7645.05237,0.16887
7641.19513,0.16908
7637.33789,0.16912
7633.48064,0.16907
7629.62340,0.16904
7625.76616,0.16909
7621.90892,0.16926
7618.05168,0.16950
7614.19444,0.16968
7610.33720,0.16981
7606.47995,0.17007
7602.62271,0.17038
7598.76547,0.17049
7594.90823,0.17046
7591.05099,0.17049
7587.19375,0.17054
7583.33651,0.17055
7579.47926,0.17064
7575.62202,0.17072
7571.76478,0.17073
7567.90754,0.17091
7564.05030,0.17120
7560.19306,0.17144
7556.33582,0.17188
7552.47858,0.17246
7548.62133,0.17286
7544.76409,0.17319
7540.90685,0.17360
7537.04961,0.17404
7533.19237,0.17442
7529.33513,0.17463
7525.47789,0.17460
7521.62064,0.17454
7517.76340,0.17465
7513.90616,0.17489
7510.04892,0.17508
7506.19168,0.17519
7502.33444,0.17528
7498.47720,0.17542
7494.61996,0.17569
7490.76271,0.17603
7486.90547,0.17634
7483.04823,0.17662
7479.19099,0.17697
7475.33375,0.17749
7471.47651,0.17809
7467.61927,0.17870
7463.76202,0.17933
7459.90478,0.18006
7456.04754,0.18091
7452.19030,0.18185
7448.33306,0.18286
7444.47582,0.18385
7440.61858,0.18477
7436.76133,0.18571
7432.90409,0.18674
7429.04685,0.18787
7425.18961,0.18907
7421.33237,0.19023
7417.47513,0.19124
7413.61789,0.19214
7409.76065,0.19302
7405.90340,0.19398
7402.04616,0.19502
7398.18892,0.19601
7394.33168,0.19698
7390.47444,0.19805
7386.61720,0.19920
7382.75996,0.20033
7378.90271,0.20144
7375.04547,0.20252
7371.18823,0.20357
7367.33099,0.20461
7363.47375,0.20562
7359.61651,0.20656
7355.75927,0.20742
7351.90202,0.20813
7348.04478,0.20873
7344.18754,0.20940
7340.33030,0.21006
7336.47306,0.21057
7332.61582,0.21100
7328.75858,0.21142
7324.90134,0.21170
7321.04409,0.21173
7317.18685,0.21168
7313.32961,0.21174
7309.47237,0.21179
7305.61513,0.21182
7301.75789,0.21198
7297.90065,0.21225
7294.04340,0.21247
7290.18616,0.21262
7286.32892,0.21280
7282.47168,0.21311
7278.61444,0.21355
7274.75720,0.21399
7270.89996,0.21435
7267.04272,0.21475
7263.18547,0.21527
7259.32823,0.21581
7255.47099,0.21626
7251.61375,0.21667
7247.75651,0.21704
7243.89927,0.21733
7240.04203,0.21753
7236.18478,0.21773
7232.32754,0.21798
7228.47030,0.21817
7224.61306,0.21835
7220.75582,0.21862
7216.89858,0.21896
7213.04134,0.21931
7209.18409,0.21963
7205.32685,0.21982
7201.46961,0.21988
7197.61237,0.21990
7193.75513,0.21995
7189.89789,0.22009
7186.04065,0.22040
7182.18341,0.22081
7178.32616,0.22118
7174.46892,0.22163
7170.61168,0.22222
7166.75444,0.22289
7162.89720,0.22365
7159.03996,0.22444
7155.18272,0.22522
7151.32547,0.22610
7147.46823,0.22713
7143.61099,0.22827
7139.75375,0.22947
7135.89651,0.23066
7132.03927,0.23174
7128.18203,0.23275
7124.32478,0.23381
7120.46754,0.23488
7116.61030,0.23586
7112.75306,0.23677
7108.89582,0.23767
7105.03858,0.23850
7101.18134,0.23928
7097.32410,0.24017
7093.46685,0.24112
7089.60961,0.24208
7085.75237,0.24310
7081.89513,0.24419
7078.03789,0.24527
7074.18065,0.24636
7070.32341,0.24742
7066.46616,0.24838
7062.60892,0.24933
7058.75168,0.25031
7054.89444,0.25118
7051.03720,0.25194
7047.17996,0.25273
7043.32272,0.25354
7039.46548,0.25437
7035.60823,0.25519
7031.75099,0.25589
7027.89375,0.25647
7024.03651,0.25696
7020.17927,0.25732
7016.32203,0.25756
7012.46479,0.25775
7008.60754,0.25795
7004.75030,0.25824
7000.89306,0.25860
6997.03582,0.25891
6993.17858,0.25915
6989.32134,0.25946
6985.46410,0.25982
6981.60685,0.26013
6977.74961,0.26034
6973.89237,0.26051
6970.03513,0.26067
6966.17789,0.26080
6962.32065,0.26089
6958.46341,0.26100
6954.60617,0.26110
6950.74892,0.26109
6946.89168,0.26105
6943.03444,0.26115
6939.17720,0.26131
6935.31996,0.26150
6931.46272,0.26172
6927.60548,0.26191
6923.74823,0.26207
6919.89099,0.26223
6916.03375,0.26239
6912.17651,0.26250
6908.31927,0.26252
6904.46203,0.26254
6900.60479,0.26269
6896.74754,0.26287
6892.89030,0.26300
6889.03306,0.26313
6885.17582,0.26338
6881.31858,0.26373
6877.46134,0.26403
6873.60410,0.26426
6869.74686,0.26459
6865.88961,0.26507
6862.03237,0.26560
6858.17513,0.26608
6854.31789,0.26657
6850.46065,0.26710
6846.60341,0.26755
6842.74617,0.26789
6838.88892,0.26826
6835.03168,0.26868
6831.17444,0.26908
6827.31720,0.26948
6823.45996,0.26994
6819.60272,0.27045
6815.74548,0.27090
6811.88824,0.27127
6808.03099,0.27165
6804.17375,0.27213
6800.31651,0.27270
6796.45927,0.27325
6792.60203,0.27378
6788.74479,0.27432
6784.88755,0.27488
6781.03030,0.27540
6777.17306,0.27592
6773.31582,0.27643
6769.45858,0.27691
6765.60134,0.27737
6761.74410,0.27781
6757.88686,0.27813
6754.02961,0.27833
6750.17237,0.27851
6746.31513,0.27867
6742.45789,0.27876
6738.60065,0.27877
6734.74341,0.27875
6730.88617,0.27875
6727.02893,0.27879
6723.17168,0.27887
6719.31444,0.27896
6715.45720,0.27901
6711.59996,0.27898
6707.74272,0.27890
6703.88548,0.27887
6700.02824,0.27897
6696.17099,0.27908
6692.31375,0.27900
6688.45651,0.27873
6684.59927,0.27852
6680.74203,0.27843
6676.88479,0.27836
6673.02755,0.27824
6669.17030,0.27805
6665.31306,0.27778
6661.45582,0.27745
6657.59858,0.27715
6653.74134,0.27700
6649.88410,0.27689
6646.02686,0.27665
6642.16962,0.27629
6638.31237,0.27590
6634.45513,0.27546
6630.59789,0.27500
6626.74065,0.27459
6622.88341,0.27422
6619.02617,0.27380
6615.16893,0.27330
6611.31168,0.27278
6607.45444,0.27230
6603.59720,0.27194
6599.73996,0.27162
6595.88272,0.27126
6592.02548,0.27089
6588.16824,0.27062
6584.31100,0.27047
6580.45375,0.27040
6576.59651,0.27033
6572.73927,0.27024
6568.88203,0.27013
6565.02479,0.27011
6561.16755,0.27019
6557.31031,0.27029
6553.45306,0.27041
6549.59582,0.27056
6545.73858,0.27072
6541.88134,0.27086
6538.02410,0.27101
6534.16686,0.27118
6530.30962,0.27132
6526.45237,0.27143
6522.59513,0.27149
6518.73789,0.27154
6514.88065,0.27163
6511.02341,0.27171
6507.16617,0.27177
6503.30893,0.27182
6499.45169,0.27183
6495.59444,0.27182
6491.73720,0.27181
6487.87996,0.27181
6484.02272,0.27181
6480.16548,0.27174
6476.30824,0.27161
6472.45100,0.27145
6468.59375,0.27131
6464.73651,0.27116
6460.87927,0.27100
6457.02203,0.27089
6453.16479,0.27079
6449.30755,0.27058
6445.45031,0.27023
6441.59306,0.26988
6437.73582,0.26963
6433.87858,0.26942
6430.02134,0.26915
6426.16410,0.26880
6422.30686,0.26844
6418.44962,0.26810
6414.59238,0.26783
6410.73513,0.26760
6406.87789,0.26737
6403.02065,0.26718
6399.16341,0.26704
6395.30617,0.26692
6391.44893,0.26680
6387.59169,0.26666
6383.73444,0.26652
6379.87720,0.26643
6376.01996,0.26636
6372.16272,0.26625
6368.30548,0.26612
6364.44824,0.26600
6360.59100,0.26587
6356.73376,0.26574
6352.87651,0.26562
6349.01927,0.26559
6345.16203,0.26564
6341.30479,0.26573
6337.44755,0.26587
6333.59031,0.26604
6329.73307,0.26616
6325.87582,0.26615
6322.01858,0.26606
6318.16134,0.26598
6314.30410,0.26589
6310.44686,0.26576
6306.58962,0.26564
6302.73238,0.26555
6298.87513,0.26541
6295.01789,0.26518
6291.16065,0.26493
6287.30341,0.26463
6283.44617,0.26426
6279.58893,0.26386
6275.73169,0.26354
6271.87445,0.26329
6268.01720,0.26301
6264.15996,0.26265
6260.30272,0.26223
6256.44548,0.26176
6252.58824,0.26132
6248.73100,0.26090
6244.87376,0.26045
6241.01651,0.25991
6237.15927,0.25933
6233.30203,0.25876
6229.44479,0.25825
6225.58755,0.25788
6221.73031,0.25773
6217.87307,0.25791
6214.01582,0.25845
6210.15858,0.25942
6206.30134,0.26078
6202.44410,0.26229
6198.58686,0.26355
6194.72962,0.26413
6190.87238,0.26382
6187.01514,0.26284
6183.15789,0.26153
6179.30065,0.26029
6175.44341,0.25945
6171.58617,0.25911
6167.72893,0.25913
6163.87169,0.25952
6160.01445,0.26036
6156.15720,0.26163
6152.29996,0.26319
6148.44272,0.26462
6144.58548,0.26559
6140.72824,0.26606
6136.87100,0.26622
6133.01376,0.26635
6129.15652,0.26678
6125.29927,0.26778
6121.44203,0.26960
6117.58479,0.27243
6113.72755,0.27635
6109.87031,0.28120
6106.01307,0.28675
6102.15583,0.29286
6098.29858,0.29942
6094.44134,0.30616
6090.58410,0.31269
6086.72686,0.31879
6082.86962,0.32443
6079.01238,0.32983
6075.15514,0.33552
6071.29789,0.34211
6067.44065,0.34977
6063.58341,0.35800
6059.72617,0.36596
6055.86893,0.37305
6052.01169,0.37921
6048.15445,0.38475
6044.29721,0.39011
6040.43996,0.39572
6036.58272,0.40192
6032.72548,0.40859
6028.86824,0.41496
6025.01100,0.41998
6021.15376,0.42268
6017.29652,0.42247
6013.43927,0.41923
6009.58203,0.41329
6005.72479,0.40538
6001.86755,0.39649
5998.01031,0.38767
5994.15307,0.37981
5990.29583,0.37354
5986.43858,0.36909
5982.58134,0.36613
5978.72410,0.36373
5974.86686,0.36083
5971.00962,0.35688
5967.15238,0.35230
5963.29514,0.34802
5959.43790,0.34468
5955.58065,0.34255
5951.72341,0.34151
5947.86617,0.34099
5944.00893,0.34019
5940.15169,0.33838
5936.29445,0.33513
5932.43721,0.33061
5928.57996,0.32537
5924.72272,0.32003
5920.86548,0.31500
5917.00824,0.31048
5913.15100,0.30672
5909.29376,0.30388
5905.43652,0.30216
5901.57927,0.30173
5897.72203,0.30257
5893.86479,0.30442
5890.00755,0.30700
5886.15031,0.30994
5882.29307,0.31277
5878.43583,0.31523
5874.57859,0.31738
5870.72134,0.31929
5866.86410,0.32083
5863.00686,0.32175
5859.14962,0.32187
5855.29238,0.32131
5851.43514,0.32043
5847.57790,0.31954
5843.72065,0.31877
5839.86341,0.31818
5836.00617,0.31786
5832.14893,0.31784
5828.29169,0.31800
5824.43445,0.31822
5820.57721,0.31844
5816.71997,0.31864
5812.86272,0.31881
5809.00548,0.31887
5805.14824,0.31867
5801.29100,0.31819
5797.43376,0.31759
5793.57652,0.31704
5789.71928,0.31655
5785.86203,0.31600
5782.00479,0.31535
5778.14755,0.31465
5774.29031,0.31385
5770.43307,0.31285
5766.57583,0.31161
5762.71859,0.31012
5758.86134,0.30837
5755.00410,0.30636
5751.14686,0.30411
5747.28962,0.30165
5743.43238,0.29907
5739.57514,0.29656
5735.71790,0.29428
5731.86066,0.29231
5728.00341,0.29076
5724.14617,0.28981
5720.28893,0.28943
5716.43169,0.28948
5712.57445,0.28971
5708.71721,0.28982
5704.85997,0.28964
5701.00272,0.28922
5697.14548,0.28865
5693.28824,0.28794
5689.43100,0.28713
5685.57376,0.28637
5681.71652,0.28578
5677.85928,0.28543
5674.00203,0.28531
5670.14479,0.28541
5666.28755,0.28571
5662.43031,0.28620
5658.57307,0.28669
5654.71583,0.28691
5650.85859,0.28663
5647.00135,0.28584
5643.14410,0.28466
5639.28686,0.28325
5635.42962,0.28178
5631.57238,0.28041
5627.71514,0.27923
5623.85790,0.27823
5620.00066,0.27744
5616.14341,0.27694
5612.28617,0.27674
5608.42893,0.27677
5604.57169,0.27702
5600.71445,0.27743
5596.85721,0.27798
5592.99997,0.27868
5589.14273,0.27952
5585.28548,0.28046
5581.42824,0.28147
5577.57100,0.28251
5573.71376,0.28344
5569.85652,0.28418
5565.99928,0.28467
5562.14204,0.28486
5558.28479,0.28487
5554.42755,0.28488
5550.57031,0.28487
5546.71307,0.28481
5542.85583,0.28476
5538.99859,0.28475
5535.14135,0.28466
5531.28410,0.28448
5527.42686,0.28426
5523.56962,0.28392
5519.71238,0.28340
5515.85514,0.28279
5511.99790,0.28222
5508.14066,0.28184
5504.28342,0.28178
5500.42617,0.28208
5496.56893,0.28274
5492.71169,0.28362
5488.85445,0.28451
5484.99721,0.28521
5481.13997,0.28560
5477.28273,0.28565
5473.42548,0.28535
5469.56824,0.28474
5465.71100,0.28393
5461.85376,0.28296
5457.99652,0.28181
5454.13928,0.28054
5450.28204,0.27911
5446.42479,0.27743
5442.56755,0.27552
5438.71031,0.27357
5434.85307,0.27180
5430.99583,0.27030
5427.13859,0.26903
5423.28135,0.26804
5419.42411,0.26742
5415.56686,0.26716
5411.70962,0.26707
5407.85238,0.26701
5403.99514,0.26699
5400.13790,0.26704
5396.28066,0.26711
5392.42342,0.26715
5388.56617,0.26719
5384.70893,0.26729
5380.85169,0.26749
5376.99445,0.26780
5373.13721,0.26818
5369.27997,0.26866
5365.42273,0.26930
5361.56549,0.27008
5357.70824,0.27084
5353.85100,0.27149
5349.99376,0.27203
5346.13652,0.27243
5342.27928,0.27262
5338.42204,0.27267
5334.56480,0.27272
5330.70755,0.27285
5326.85031,0.27316
5322.99307,0.27382
5319.13583,0.27494
5315.27859,0.27649
5311.42135,0.27841
5307.56411,0.28067
5303.70686,0.28327
5299.84962,0.28626
5295.99238,0.28977
5292.13514,0.29387
5288.27790,0.29858
5284.42066,0.30394
5280.56342,0.30998
5276.70618,0.31661
5272.84893,0.32348
5268.99169,0.33020
5265.13445,0.33656
5261.27721,0.34229
5257.41997,0.34714
5253.56273,0.35111
5249.70549,0.35426
5245.84824,0.35662
5241.99100,0.35829
5238.13376,0.35933
5234.27652,0.35984
5230.41928,0.35991
5226.56204,0.35963
5222.70480,0.35909
5218.84755,0.35840
5214.99031,0.35756
5211.13307,0.35659
5207.27583,0.35560
5203.41859,0.35465
5199.56135,0.35381
5195.70411,0.35311
5191.84687,0.35257
5187.98962,0.35215
5184.13238,0.35181
5180.27514,0.35154
5176.41790,0.35133
5172.56066,0.35117
5168.70342,0.35108
5164.84618,0.35108
5160.98893,0.35124
5157.13169,0.35155
5153.27445,0.35190
5149.41721,0.35221
5145.55997,0.35249
5141.70273,0.35278
5137.84549,0.35312
5133.98825,0.35358
5130.13100,0.35415
5126.27376,0.35466
5122.41652,0.35476
5118.55928,0.35406
5114.70204,0.35228
5110.84480,0.34953
5106.98756,0.34617
5103.13031,0.34260
5099.27307,0.33915
5095.41583,0.33595
5091.55859,0.33301
5087.70135,0.33036
5083.84411,0.32802
5079.98687,0.32593
5076.12962,0.32404
5072.27238,0.32233
5068.41514,0.32077
5064.55790,0.31932
5060.70066,0.31800
5056.84342,0.31681
5052.98618,0.31571
5049.12894,0.31474
5045.27169,0.31393
5041.41445,0.31322
5037.55721,0.31256
5033.69997,0.31189
5029.84273,0.31122
5025.98549,0.31065
5022.12825,0.31016
5018.27100,0.30971
5014.41376,0.30928
5010.55652,0.30885
5006.69928,0.30832
5002.84204,0.30765
4998.98480,0.30693
4995.12756,0.30625
4991.27031,0.30565
4987.41307,0.30516
4983.55583,0.30481
4979.69859,0.30465
4975.84135,0.30467
4971.98411,0.30489
4968.12687,0.30534
4964.26963,0.30600
4960.41238,0.30690
4956.55514,0.30807
4952.69790,0.30947
4948.84066,0.31100
4944.98342,0.31257
4941.12618,0.31414
4937.26894,0.31574
4933.41169,0.31734
4929.55445,0.31898
4925.69721,0.32072
4921.83997,0.32257
4917.98273,0.32451
4914.12549,0.32649
4910.26825,0.32857
4906.41101,0.33077
4902.55376,0.33307
4898.69652,0.33544
4894.83928,0.33788
4890.98204,0.34041
4887.12480,0.34296
4883.26756,0.34552
4879.41032,0.34813
4875.55307,0.35074
4871.69583,0.35327
4867.83859,0.35570
4863.98135,0.35806
4860.12411,0.36040
4856.26687,0.36276
4852.40963,0.36524
4848.55238,0.36805
4844.69514,0.37132
4840.83790,0.37504
4836.98066,0.37910
4833.12342,0.38336
4829.26618,0.38765
4825.40894,0.39180
4821.55170,0.39570
4817.69445,0.39933
4813.83721,0.40270
4809.97997,0.40583
4806.12273,0.40870
4802.26549,0.41119
4798.40825,0.41323
4794.55101,0.41471
4790.69376,0.41549
4786.83652,0.41557
4782.97928,0.41521
4779.12204,0.41479
4775.26480,0.41448
4771.40756,0.41441
4767.55032,0.41484
4763.69307,0.41610
4759.83583,0.41838
4755.97859,0.42160
4752.12135,0.42542
4748.26411,0.42941
4744.40687,0.43331
4740.54963,0.43726
4736.69239,0.44171
4732.83514,0.44722
4728.97790,0.45392
4725.12066,0.46090
4721.26342,0.46657
4717.40618,0.46984
4713.54894,0.47136
4709.69170,0.47325
4705.83445,0.47759
4701.97721,0.48501
4698.11997,0.49410
4694.26273,0.50187
4690.40549,0.50521
4686.54825,0.50258
4682.69101,0.49445
4678.83377,0.48283
4674.97652,0.47054
4671.11928,0.46015
4667.26204,0.45295
4663.40480,0.44881
4659.54756,0.44691
4655.69032,0.44687
4651.83308,0.44926
4647.97583,0.45470
4644.11859,0.46255
4640.26135,0.47051
4636.40411,0.47525
4632.54687,0.47393
4628.68963,0.46578
4624.83239,0.45290
4620.97514,0.43901
4617.11790,0.42725
4613.26066,0.41902
4609.40342,0.41438
4605.54618,0.41310
4601.68894,0.41505
4597.83170,0.41951
4593.97446,0.42476
4590.11721,0.42926
4586.25997,0.43295
4582.40273,0.43554
4578.54549,0.43474
4574.68825,0.42851
4570.83101,0.41801
4566.97377,0.40682
4563.11652,0.39807
4559.25928,0.39277
4555.40204,0.39023
4551.54480,0.38928
4547.68756,0.38895
4543.83032,0.38873
4539.97308,0.38864
4536.11583,0.38885
4532.25859,0.38953
4528.40135,0.39091
4524.54411,0.39303
4520.68687,0.39583
4516.82963,0.39941
4512.97239,0.40417
4509.11515,0.41054
4505.25790,0.41887
4501.40066,0.42927
4497.54342,0.44132
4493.68618,0.45367
4489.82894,0.46445
4485.97170,0.47281
4482.11446,0.47972
4478.25721,0.48710
4474.39997,0.49685
4470.54273,0.51028
4466.68549,0.52726
4462.82825,0.54510
4458.97101,0.55938
4455.11377,0.56761
4451.25653,0.57187
4447.39928,0.57593
4443.54204,0.58123
4439.68480,0.58668
4435.82756,0.59045
4431.97032,0.59083
4428.11308,0.58700
4424.25584,0.57979
4420.39859,0.57171
4416.54135,0.56562
4412.68411,0.56300
4408.82687,0.56297
4404.96963,0.56299
4401.11239,0.56095
4397.25515,0.55657
4393.39790,0.55085
4389.54066,0.54508
4385.68342,0.54017
4381.82618,0.53654
4377.96894,0.53418
4374.11170,0.53300
4370.25446,0.53309
4366.39722,0.53451
4362.53997,0.53669
4358.68273,0.53874
4354.82549,0.54027
4350.96825,0.54178
4347.11101,0.54401
4343.25377,0.54709
4339.39653,0.55031
4335.53928,0.55284
4331.68204,0.55456
4327.82480,0.55606
4323.96756,0.55787
4320.11032,0.56042
4316.25308,0.56404
4312.39584,0.56894
4308.53859,0.57501
4304.68135,0.58171
4300.82411,0.58815
4296.96687,0.59351
4293.10963,0.59718
4289.25239,0.59879
4285.39515,0.59851
4281.53791,0.59723
4277.68066,0.59564
4273.82342,0.59370
4269.96618,0.59109
4266.10894,0.58795
4262.25170,0.58502
4258.39446,0.58315
4254.53722,0.58272
4250.67997,0.58324
4246.82273,0.58368
4242.96549,0.58319
4239.10825,0.58176
4235.25101,0.58016
4231.39377,0.57916
4227.53653,0.57835
4223.67929,0.57652
4219.82204,0.57324
4215.96480,0.56932
4212.10756,0.56577
4208.25032,0.56303
4204.39308,0.56101
4200.53584,0.55954
4196.67860,0.55897
4192.82135,0.56015
4188.96411,0.56374
4185.10687,0.56944
4181.24963,0.57537
4177.39239,0.57837
4173.53515,0.57614
4169.67791,0.56939
4165.82066,0.56104
4161.96342,0.55381
4158.10618,0.54888
4154.24894,0.54619
4150.39170,0.54555
4146.53446,0.54715
4142.67722,0.55108
4138.81998,0.55655
4134.96273,0.56207
4131.10549,0.56645
4127.24825,0.56963
4123.39101,0.57255
4119.53377,0.57641
4115.67653,0.58217
4111.81929,0.59038
4107.96204,0.60127
4104.10480,0.61548
4100.24756,0.63435
4096.39032,0.65675
4092.53308,0.67544
4088.67584,0.68175
4084.81860,0.67420
4080.96135,0.65794
4077.10411,0.63899
4073.24687,0.62231
4069.38963,0.61048
4065.53239,0.60308
4061.67515,0.59859
4057.81791,0.59606
4053.96067,0.59489
4050.10342,0.59431
4046.24618,0.59353
4042.38894,0.59226
4038.53170,0.59079
4034.67446,0.58950
4030.81722,0.58854
4026.95998,0.58799
4023.10273,0.58783
4019.24549,0.58782
4015.38825,0.58758
4011.53101,0.58675
4007.67377,0.58538
4003.81653,0.58362
3999.95929,0.58140
3996.10205,0.57861
3992.24480,0.57564
3988.38756,0.57309
3984.53032,0.57135
3980.67308,0.57030
3976.81584,0.56944
3972.95860,0.56831
3969.10136,0.56659
3965.24411,0.56419
3961.38687,0.56128
3957.52963,0.55822
3953.67239,0.55525
3949.81515,0.55242
3945.95791,0.54975
3942.10067,0.54735
3938.24342,0.54535
3934.38618,0.54374
3930.52894,0.54250
3926.67170,0.54153
3922.81446,0.54041
3918.95722,0.53889
3915.09998,0.53700
3911.24274,0.53465
3907.38549,0.53159
3903.52825,0.52768
3899.67101,0.52339
3895.81377,0.51938
3891.95653,0.51574
3888.09929,0.51263
3884.24205,0.51036
3880.38480,0.50877
3876.52756,0.50722
3872.67032,0.50506
3868.81308,0.50228
3864.95584,0.49947
3861.09860,0.49708
3857.24136,0.49506
3853.38411,0.49312
3849.52687,0.49163
3845.66963,0.49071
3841.81239,0.49003
3837.95515,0.48967
3834.09791,0.48972
3830.24067,0.48990
3826.38343,0.49033
3822.52618,0.49186
3818.66894,0.49529
3814.81170,0.49980
3810.95446,0.50353
3807.09722,0.50553
3803.23998,0.50526
3799.38274,0.50296
3795.52549,0.50025
3791.66825,0.49844
3787.81101,0.49785
3783.95377,0.49853
3780.09653,0.50043
3776.23929,0.50320
3772.38205,0.50658
3768.52481,0.51067
3764.66756,0.51524
3760.81032,0.51902
3756.95308,0.52012
3753.09584,0.51747
3749.23860,0.51276
3745.38136,0.50985
3741.52412,0.51061
3737.66687,0.51428
3733.80963,0.51930
3729.95239,0.52273
3726.09515,0.52345
3722.23791,0.52374
3718.38067,0.52603
3714.52343,0.53132
3710.66618,0.54039
3706.80894,0.55271
3702.95170,0.56742
3699.09446,0.58502
3695.23722,0.60581
3691.37998,0.63130
3687.52274,0.65882
3683.66550,0.67927
3679.80825,0.69299
3675.95101,0.70738
3672.09377,0.72645
3668.23653,0.74763
3664.37929,0.76750
3660.52205,0.78633
3656.66481,0.80536
3652.80756,0.82371
3648.95032,0.84003
3645.09308,0.85417
3641.23584,0.86538
3637.37860,0.87334
3633.52136,0.87803
3629.66412,0.88090
3625.80687,0.88349
3621.94963,0.88533
3618.09239,0.88657
3614.23515,0.88671
3610.37791,0.88676
3606.52067,0.88771
3602.66343,0.88953
3598.80619,0.89128
