12493.60475,0.24001
12489.74751,0.24051
12485.89027,0.24009
12482.03303,0.23834
12478.17579,0.23649
12474.31855,0.23747
12470.46130,0.23986
12466.60406,0.24061
12462.74682,0.23924
12458.88958,0.23782
12455.03234,0.23820
12451.17510,0.23912
12447.31786,0.23892
12443.46062,0.23915
12439.60337,0.24137
12435.74613,0.24340
12431.88889,0.24261
12428.03165,0.23960
12424.17441,0.23723
12420.31717,0.23801
12416.45993,0.24103
12412.60268,0.24237
12408.74544,0.23974
12404.88820,0.23670
12401.03096,0.23930
12397.17372,0.24436
12393.31648,0.24292
12389.45924,0.23758
12385.60199,0.23571
12381.74475,0.23610
12377.88751,0.23694
12374.03027,0.23911
12370.17303,0.24065
12366.31579,0.24050
12362.45855,0.24004
12358.60131,0.23878
12354.74406,0.23617
12350.88682,0.23516
12347.02958,0.23744
12343.17234,0.23943
12339.31510,0.23837
12335.45786,0.23692
12331.60062,0.23789
12327.74337,0.23970
12323.88613,0.24050
12320.02889,0.24065
12316.17165,0.23964
12312.31441,0.23819
12308.45717,0.23899
12304.59993,0.24195
12300.74268,0.24439
12296.88544,0.24417
12293.02820,0.24170
12289.17096,0.23900
12285.31372,0.23603
12281.45648,0.23366
12277.59924,0.23499
12273.74200,0.23837
12269.88475,0.24010
12266.02751,0.24029
12262.17027,0.23921
12258.31303,0.23760
12254.45579,0.23828
12250.59855,0.24107
12246.74131,0.24192
12242.88406,0.23937
12239.02682,0.23768
12235.16958,0.23907
12231.31234,0.24008
12227.45510,0.23829
12223.59786,0.23555
12219.74062,0.23502
12215.88338,0.23666
12212.02613,0.23799
12208.16889,0.23760
12204.31165,0.23568
12200.45441,0.23511
12196.59717,0.23716
12192.73993,0.23801
12188.88269,0.23610
12185.02544,0.23482
12181.16820,0.23542
12177.31096,0.23652
12173.45372,0.23818
12169.59648,0.23908
12165.73924,0.23728
12161.88200,0.23465
12158.02475,0.23323
12154.16751,0.23271
12150.31027,0.23327
12146.45303,0.23460
12142.59579,0.23506
12138.73855,0.23433
12134.88131,0.23289
12131.02407,0.23102
12127.16682,0.23052
12123.30958,0.23340
12119.45234,0.23794
12115.59510,0.23982
12111.73786,0.23817
12107.88062,0.23608
12104.02338,0.23508
12100.16613,0.23427
12096.30889,0.23313
12092.45165,0.23244
12088.59441,0.23320
12084.73717,0.23412
12080.87993,0.23395
12077.02269,0.23510
12073.16544,0.23811
12069.30820,0.23871
12065.45096,0.23540
12061.59372,0.23131
12057.73648,0.22984
12053.87924,0.23178
12050.02200,0.23328
12046.16476,0.23189
12042.30751,0.23156
12038.45027,0.23386
12034.59303,0.23531
12030.73579,0.23514
12026.87855,0.23431
12023.02131,0.23265
12019.16407,0.23194
12015.30682,0.23404
12011.44958,0.23697
12007.59234,0.23792
12003.73510,0.23668
11999.87786,0.23507
11996.02062,0.23475
11992.16338,0.23512
11988.30614,0.23516
11984.44889,0.23566
11980.59165,0.23669
11976.73441,0.23727
11972.87717,0.23683
11969.01993,0.23525
11965.16269,0.23344
11961.30545,0.23256
11957.44820,0.23290
11953.59096,0.23367
11949.73372,0.23342
11945.87648,0.23295
11942.01924,0.23392
11938.16200,0.23504
11934.30476,0.23491
11930.44751,0.23439
11926.59027,0.23393
11922.73303,0.23315
11918.87579,0.23211
11915.01855,0.23112
11911.16131,0.23068
11907.30407,0.23148
11903.44683,0.23325
11899.58958,0.23535
11895.73234,0.23825
11891.87510,0.24135
11888.01786,0.24235
11884.16062,0.24101
11880.30338,0.23956
11876.44614,0.23974
11872.58889,0.24112
11868.73165,0.24153
11864.87441,0.24062
11861.01717,0.24075
11857.15993,0.24181
11853.30269,0.24065
11849.44545,0.23769
11845.58820,0.23631
11841.73096,0.23726
11837.87372,0.23914
11834.01648,0.23986
11830.15924,0.23869
11826.30200,0.23795
11822.44476,0.23902
11818.58752,0.24016
11814.73027,0.23960
11810.87303,0.23855
11807.01579,0.23903
11803.15855,0.23971
11799.30131,0.23911
11795.44407,0.23838
11791.58683,0.23824
11787.72958,0.23797
11783.87234,0.23723
11780.01510,0.23747
11776.15786,0.23934
11772.30062,0.23958
11768.44338,0.23666
11764.58614,0.23485
11760.72890,0.23647
11756.87165,0.23837
11753.01441,0.23904
11749.15717,0.23967
11745.29993,0.24012
11741.44269,0.24057
11737.58545,0.24176
11733.72821,0.24179
11729.87096,0.23974
11726.01372,0.23865
11722.15648,0.23991
11718.29924,0.24186
11714.44200,0.24260
11710.58476,0.24212
11706.72752,0.24171
11702.87027,0.24091
11699.01303,0.24002
11695.15579,0.24047
11691.29855,0.24049
11687.44131,0.23920
11683.58407,0.23868
11679.72683,0.23932
11675.86959,0.23982
11672.01234,0.24001
11668.15510,0.24005
11664.29786,0.23923
11660.44062,0.23785
11656.58338,0.23740
11652.72614,0.23788
11648.86890,0.23819
11645.01165,0.23797
11641.15441,0.23755
11637.29717,0.23744
11633.43993,0.23665
11629.58269,0.23453
11625.72545,0.23352
11621.86821,0.23569
11618.01096,0.23863
11614.15372,0.23848
11610.29648,0.23588
11606.43924,0.23435
11602.58200,0.23445
11598.72476,0.23509
11594.86752,0.23607
11591.01028,0.23690
11587.15303,0.23775
11583.29579,0.23879
11579.43855,0.23813
11575.58131,0.23618
11571.72407,0.23642
11567.86683,0.23821
11564.00959,0.23798
11560.15234,0.23676
11556.29510,0.23753
11552.43786,0.23923
11548.58062,0.23944
11544.72338,0.23839
11540.86614,0.23809
11537.00890,0.23990
11533.15166,0.24201
11529.29441,0.24070
11525.43717,0.23708
11521.57993,0.23673
11517.72269,0.23980
11513.86545,0.24028
11510.00821,0.23609
11506.15097,0.23221
11502.29372,0.23251
11498.43648,0.23428
11494.57924,0.23509
11490.72200,0.23606
11486.86476,0.23732
11483.00752,0.23753
11479.15028,0.23578
11475.29303,0.23367
11471.43579,0.23376
11467.57855,0.23548
11463.72131,0.23624
11459.86407,0.23460
11456.00683,0.23235
11452.14959,0.23198
11448.29235,0.23255
11444.43510,0.23210
11440.57786,0.23147
11436.72062,0.23208
11432.86338,0.23316
11429.00614,0.23359
11425.14890,0.23323
11421.29166,0.23229
11417.43441,0.23159
11413.57717,0.23191
11409.71993,0.23254
11405.86269,0.23240
11402.00545,0.23150
11398.14821,0.23022
11394.29097,0.22940
11390.43372,0.22965
11386.57648,0.23019
11382.71924,0.23118
11378.86200,0.23266
11375.00476,0.23308
11371.14752,0.23272
11367.29028,0.23274
11363.43304,0.23327
11359.57579,0.23365
11355.71855,0.23244
11351.86131,0.23054
11348.00407,0.23075
11344.14683,0.23266
11340.28959,0.23402
11336.43235,0.23391
11332.57510,0.23232
11328.71786,0.23032
11324.86062,0.22960
11321.00338,0.23066
11317.14614,0.23162
11313.28890,0.23058
11309.43166,0.22897
11305.57442,0.22877
11301.71717,0.22922
11297.85993,0.22962
11294.00269,0.23043
11290.14545,0.23169
11286.28821,0.23336
11282.43097,0.23461
11278.57373,0.23508
11274.71648,0.23621
11270.85924,0.23691
11267.00200,0.23533
11263.14476,0.23380
11259.28752,0.23406
11255.43028,0.23458
11251.57304,0.23462
11247.71579,0.23401
11243.85855,0.23208
11240.00131,0.22961
11236.14407,0.22814
11232.28683,0.22823
11228.42959,0.22925
11224.57235,0.22990
11220.71511,0.23047
11216.85786,0.23208
11213.00062,0.23378
11209.14338,0.23406
11205.28614,0.23298
11201.42890,0.23176
11197.57166,0.23134
11193.71442,0.23127
11189.85717,0.23121
11185.99993,0.23159
11182.14269,0.23197
11178.28545,0.23171
11174.42821,0.23144
11170.57097,0.23199
11166.71373,0.23300
11162.85648,0.23321
11158.99924,0.23236
11155.14200,0.23144
11151.28476,0.23064
11147.42752,0.23015
11143.57028,0.23050
11139.71304,0.23150
11135.85580,0.23268
11131.99855,0.23325
11128.14131,0.23274
11124.28407,0.23180
11120.42683,0.23118
11116.56959,0.23098
11112.71235,0.23106
11108.85511,0.23151
11104.99786,0.23240
11101.14062,0.23323
11097.28338,0.23288
11093.42614,0.23160
11089.56890,0.23099
11085.71166,0.23152
11081.85442,0.23243
11077.99718,0.23287
11074.13993,0.23237
11070.28269,0.23163
11066.42545,0.23145
11062.56821,0.23132
11058.71097,0.23117
11054.85373,0.23124
11050.99649,0.23053
11047.13924,0.22924
11043.28200,0.22914
11039.42476,0.23025
11035.56752,0.23102
11031.71028,0.23122
11027.85304,0.23159
11023.99580,0.23151
11020.13855,0.23041
11016.28131,0.22974
11012.42407,0.23036
11008.56683,0.23097
11004.70959,0.23053
11000.85235,0.22983
10996.99511,0.22999
10993.13787,0.23076
10989.28062,0.23105
10985.42338,0.23076
10981.56614,0.23009
10977.70890,0.22930
10973.85166,0.22960
10969.99442,0.23053
10966.13718,0.23040
10962.27993,0.22986
10958.42269,0.23004
10954.56545,0.23012
10950.70821,0.22967
10946.85097,0.22954
10942.99373,0.22991
10939.13649,0.23056
10935.27924,0.23096
10931.42200,0.23043
10927.56476,0.22971
10923.70752,0.22975
10919.85028,0.23023
10915.99304,0.23043
10912.13580,0.23004
10908.27856,0.22941
10904.42131,0.22932
10900.56407,0.22984
10896.70683,0.23019
10892.84959,0.23022
10888.99235,0.23034
10885.13511,0.23050
10881.27787,0.23027
10877.42062,0.22957
10873.56338,0.22946
10869.70614,0.23025
10865.84890,0.23031
10861.99166,0.22925
10858.13442,0.22840
10854.27718,0.22784
10850.41993,0.22737
10846.56269,0.22768
10842.70545,0.22837
10838.84821,0.22849
10834.99097,0.22827
10831.13373,0.22812
10827.27649,0.22777
10823.41925,0.22714
10819.56200,0.22657
10815.70476,0.22651
10811.84752,0.22705
10807.99028,0.22749
10804.13304,0.22779
10800.27580,0.22836
10796.41856,0.22881
10792.56131,0.22886
10788.70407,0.22848
10784.84683,0.22763
10780.98959,0.22682
10777.13235,0.22635
10773.27511,0.22620
10769.41787,0.22663
10765.56063,0.22737
10761.70338,0.22756
10757.84614,0.22736
10753.98890,0.22775
10750.13166,0.22863
10746.27442,0.22873
10742.41718,0.22771
10738.55994,0.22714
10734.70269,0.22784
10730.84545,0.22855
10726.98821,0.22857
10723.13097,0.22825
10719.27373,0.22742
10715.41649,0.22634
10711.55925,0.22602
10707.70200,0.22674
10703.84476,0.22782
10699.98752,0.22820
10696.13028,0.22753
10692.27304,0.22705
10688.41580,0.22720
10684.55856,0.22709
10680.70132,0.22687
10676.84407,0.22689
10672.98683,0.22677
10669.12959,0.22686
10665.27235,0.22759
10661.41511,0.22828
10657.55787,0.22796
10653.70063,0.22691
10649.84338,0.22634
10645.98614,0.22653
10642.12890,0.22679
10638.27166,0.22663
10634.41442,0.22629
10630.55718,0.22622
10626.69994,0.22641
10622.84269,0.22679
10618.98545,0.22699
10615.12821,0.22658
10611.27097,0.22606
10607.41373,0.22574
10603.55649,0.22535
10599.69925,0.22506
10595.84201,0.22513
10591.98476,0.22560
10588.12752,0.22619
10584.27028,0.22645
10580.41304,0.22660
10576.55580,0.22665
10572.69856,0.22625
10568.84132,0.22567
10564.98407,0.22512
10561.12683,0.22446
10557.26959,0.22431
10553.41235,0.22503
10549.55511,0.22574
10545.69787,0.22561
10541.84063,0.22469
10537.98339,0.22391
10534.12614,0.22395
10530.26890,0.22434
10526.41166,0.22422
10522.55442,0.22331
10518.69718,0.22240
10514.83994,0.22226
10510.98270,0.22266
10507.12545,0.22319
10503.26821,0.22355
10499.41097,0.22351
10495.55373,0.22339
10491.69649,0.22367
10487.83925,0.22387
10483.98201,0.22370
10480.12476,0.22341
10476.26752,0.22292
10472.41028,0.22239
10468.55304,0.22211
10464.69580,0.22203
10460.83856,0.22252
10456.98132,0.22334
10453.12408,0.22336
10449.26683,0.22243
10445.40959,0.22162
10441.55235,0.22141
10437.69511,0.22146
10433.83787,0.22165
10429.98063,0.22206
10426.12339,0.22221
10422.26614,0.22212
10418.40890,0.22238
10414.55166,0.22260
10410.69442,0.22233
10406.83718,0.22191
10402.97994,0.22151
10399.12270,0.22123
10395.26545,0.22128
10391.40821,0.22170
10387.55097,0.22221
10383.69373,0.22241
10379.83649,0.22236
10375.97925,0.22234
10372.12201,0.22242
10368.26477,0.22268
10364.40752,0.22293
10360.55028,0.22292
10356.69304,0.22317
10352.83580,0.22379
10348.97856,0.22412
10345.12132,0.22409
10341.26408,0.22400
10337.40683,0.22388
10333.54959,0.22371
10329.69235,0.22363
10325.83511,0.22393
10321.97787,0.22434
10318.12063,0.22435
10314.26339,0.22409
10310.40615,0.22392
10306.54890,0.22380
10302.69166,0.22361
10298.83442,0.22330
10294.97718,0.22295
10291.11994,0.22287
10287.26270,0.22311
10283.40546,0.22359
10279.54821,0.22427
10275.69097,0.22473
10271.83373,0.22481
10267.97649,0.22483
10264.11925,0.22468
10260.26201,0.22407
10256.40477,0.22355
10252.54752,0.22343
10248.69028,0.22341
10244.83304,0.22350
10240.97580,0.22383
10237.11856,0.22411
10233.26132,0.22418
10229.40408,0.22407
10225.54684,0.22369
10221.68959,0.22321
10217.83235,0.22294
10213.97511,0.22302
10210.11787,0.22349
10206.26063,0.22405
10202.40339,0.22466
10198.54615,0.22522
10194.68890,0.22510
10190.83166,0.22469
10186.97442,0.22498
10183.11718,0.22556
10179.25994,0.22571
10175.40270,0.22564
10171.54546,0.22562
10167.68821,0.22568
10163.83097,0.22565
10159.97373,0.22532
10156.11649,0.22496
10152.25925,0.22470
10148.40201,0.22433
10144.54477,0.22406
10140.68753,0.22422
10136.83028,0.22472
10132.97304,0.22517
10129.11580,0.22529
10125.25856,0.22524
10121.40132,0.22516
10117.54408,0.22498
10113.68684,0.22509
10109.82959,0.22570
10105.97235,0.22613
10102.11511,0.22589
10098.25787,0.22533
10094.40063,0.22498
10090.54339,0.22478
10086.68615,0.22447
10082.82891,0.22446
10078.97166,0.22505
10075.11442,0.22552
10071.25718,0.22549
10067.39994,0.22557
10063.54270,0.22611
10059.68546,0.22654
10055.82822,0.22635
10051.97097,0.22593
10048.11373,0.22584
10044.25649,0.22592
10040.39925,0.22572
10036.54201,0.22540
10032.68477,0.22524
10028.82753,0.22530
10024.97028,0.22570
10021.11304,0.22605
10017.25580,0.22586
10013.39856,0.22560
10009.54132,0.22576
10005.68408,0.22593
10001.82684,0.22583
9997.96960,0.22592
9994.11235,0.22626
9990.25511,0.22623
9986.39787,0.22591
9982.54063,0.22581
9978.68339,0.22580
9974.82615,0.22584
9970.96891,0.22621
9967.11166,0.22665
9963.25442,0.22680
9959.39718,0.22678
9955.53994,0.22671
9951.68270,0.22645
9947.82546,0.22620
9943.96822,0.22618
9940.11097,0.22635
9936.25373,0.22666
9932.39649,0.22685
9928.53925,0.22678
9924.68201,0.22670
9920.82477,0.22665
9916.96753,0.22666
9913.11029,0.22679
9909.25304,0.22689
9905.39580,0.22688
9901.53856,0.22684
9897.68132,0.22674
9893.82408,0.22657
9889.96684,0.22642
9886.10960,0.22647
9882.25235,0.22682
9878.39511,0.22716
9874.53787,0.22697
9870.68063,0.22646
9866.82339,0.22631
9862.96615,0.22648
9859.10891,0.22637
9855.25167,0.22596
9851.39442,0.22594
9847.53718,0.22640
9843.67994,0.22666
9839.82270,0.22659
9835.96546,0.22652
9832.10822,0.22638
9828.25098,0.22598
9824.39373,0.22574
9820.53649,0.22599
9816.67925,0.22646
9812.82201,0.22663
9808.96477,0.22637
9805.10753,0.22612
9801.25029,0.22610
9797.39304,0.22607
9793.53580,0.22597
9789.67856,0.22589
9785.82132,0.22581
9781.96408,0.22562
9778.10684,0.22540
9774.24960,0.22538
9770.39236,0.22540
9766.53511,0.22541
9762.67787,0.22568
9758.82063,0.22598
9754.96339,0.22588
9751.10615,0.22539
9747.24891,0.22485
9743.39167,0.22459
9739.53442,0.22470
9735.67718,0.22491
9731.81994,0.22495
9727.96270,0.22471
9724.10546,0.22435
9720.24822,0.22407
9716.39098,0.22393
9712.53373,0.22409
9708.67649,0.22453
9704.81925,0.22484
9700.96201,0.22488
9697.10477,0.22483
9693.24753,0.22469
9689.39029,0.22460
9685.53305,0.22481
9681.67580,0.22512
9677.81856,0.22519
9673.96132,0.22502
9670.10408,0.22492
9666.24684,0.22486
9662.38960,0.22446
9658.53236,0.22390
9654.67511,0.22377
9650.81787,0.22398
9646.96063,0.22401
9643.10339,0.22386
9639.24615,0.22383
9635.38891,0.22389
9631.53167,0.22378
9627.67443,0.22350
9623.81718,0.22340
9619.95994,0.22356
9616.10270,0.22355
9612.24546,0.22308
9608.38822,0.22267
9604.53098,0.22277
9600.67374,0.22308
9596.81649,0.22321
9592.95925,0.22314
9589.10201,0.22306
9585.24477,0.22300
9581.38753,0.22297
9577.53029,0.22306
9573.67305,0.22305
9569.81580,0.22288
9565.95856,0.22284
9562.10132,0.22282
9558.24408,0.22251
9554.38684,0.22211
9550.52960,0.22206
9546.67236,0.22235
9542.81512,0.22258
9538.95787,0.22245
9535.10063,0.22220
9531.24339,0.22235
9527.38615,0.22275
9523.52891,0.22292
9519.67167,0.22287
9515.81443,0.22286
9511.95718,0.22284
9508.09994,0.22274
9504.24270,0.22263
9500.38546,0.22248
9496.52822,0.22228
9492.67098,0.22226
9488.81374,0.22237
9484.95649,0.22239
9481.09925,0.22235
9477.24201,0.22223
9473.38477,0.22207
9469.52753,0.22216
9465.67029,0.22242
9461.81305,0.22244
9457.95581,0.22209
9454.09856,0.22165
9450.24132,0.22139
9446.38408,0.22131
9442.52684,0.22115
9438.66960,0.22101
9434.81236,0.22125
9430.95512,0.22160
9427.09787,0.22156
9423.24063,0.22119
9419.38339,0.22093
9415.52615,0.22082
9411.66891,0.22071
9407.81167,0.22074
9403.95443,0.22086
9400.09719,0.22081
9396.23994,0.22073
9392.38270,0.22089
9388.52546,0.22119
9384.66822,0.22126
9380.81098,0.22110
9376.95374,0.22101
9373.09650,0.22114
9369.23925,0.22118
9365.38201,0.22089
9361.52477,0.22057
9357.66753,0.22051
9353.81029,0.22067
9349.95305,0.22090
9346.09581,0.22089
9342.23856,0.22064
9338.38132,0.22068
9334.52408,0.22092
9330.66684,0.22080
9326.80960,0.22056
9322.95236,0.22063
9319.09512,0.22063
9315.23788,0.22042
9311.38063,0.22042
9307.52339,0.22067
9303.66615,0.22082
9299.80891,0.22071
9295.95167,0.22047
9292.09443,0.22036
9288.23719,0.22033
9284.37994,0.22019
9280.52270,0.22009
9276.66546,0.22026
9272.80822,0.22045
9268.95098,0.22034
9265.09374,0.22022
9261.23650,0.22036
9257.37925,0.22044
9253.52201,0.22018
9249.66477,0.22002
9245.80753,0.22022
9241.95029,0.22035
9238.09305,0.22021
9234.23581,0.22012
9230.37857,0.22027
9226.52132,0.22042
9222.66408,0.22037
9218.80684,0.22029
9214.94960,0.22020
9211.09236,0.21997
9207.23512,0.21977
9203.37788,0.21975
9199.52063,0.21977
9195.66339,0.21973
9191.80615,0.21975
9187.94891,0.21992
9184.09167,0.22010
9180.23443,0.22013
9176.37719,0.22007
9172.51995,0.22001
9168.66270,0.21999
9164.80546,0.21979
9160.94822,0.21940
9157.09098,0.21927
9153.23374,0.21949
9149.37650,0.21961
9145.51926,0.21962
9141.66201,0.21988
9137.80477,0.22015
9133.94753,0.22014
9130.09029,0.22011
9126.23305,0.22012
9122.37581,0.22003
9118.51857,0.22000
9114.66132,0.22007
9110.80408,0.22000
9106.94684,0.21977
9103.08960,0.21976
9099.23236,0.22004
9095.37512,0.22016
9091.51788,0.22011
9087.66064,0.22023
9083.80339,0.22039
9079.94615,0.22040
9076.08891,0.22040
9072.23167,0.22045
9068.37443,0.22057
9064.51719,0.22066
9060.65995,0.22067
9056.80270,0.22076
9052.94546,0.22096
9049.08822,0.22104
9045.23098,0.22112
9041.37374,0.22133
9037.51650,0.22146
9033.65926,0.22157
9029.80201,0.22176
9025.94477,0.22198
9022.08753,0.22221
9018.23029,0.22244
9014.37305,0.22272
9010.51581,0.22304
9006.65857,0.22328
9002.80133,0.22349
8998.94408,0.22374
8995.08684,0.22400
8991.22960,0.22438
8987.37236,0.22496
8983.51512,0.22556
8979.65788,0.22605
8975.80064,0.22646
8971.94339,0.22691
8968.08615,0.22750
8964.22891,0.22805
8960.37167,0.22850
8956.51443,0.22912
8952.65719,0.22987
8948.79995,0.23060
8944.94271,0.23135
8941.08546,0.23214
8937.22822,0.23291
8933.37098,0.23370
8929.51374,0.23454
8925.65650,0.23537
8921.79926,0.23623
8917.94202,0.23731
8914.08477,0.23862
8910.22753,0.23999
8906.37029,0.24125
8902.51305,0.24232
8898.65581,0.24337
8894.79857,0.24456
8890.94133,0.24586
8887.08408,0.24708
8883.22684,0.24808
8879.36960,0.24902
8875.51236,0.24997
8871.65512,0.25086
8867.79788,0.25169
8863.94064,0.25231
8860.08340,0.25262
8856.22615,0.25269
8852.36891,0.25255
8848.51167,0.25225
8844.65443,0.25184
8840.79719,0.25125
8836.93995,0.25058
8833.08271,0.25007
8829.22546,0.24958
8825.36822,0.24887
8821.51098,0.24811
8817.65374,0.24739
8813.79650,0.24645
8809.93926,0.24517
8806.08202,0.24374
8802.22477,0.24242
8798.36753,0.24128
8794.51029,0.24016
8790.65305,0.23900
8786.79581,0.23792
8782.93857,0.23701
8779.08133,0.23628
8775.22409,0.23563
8771.36684,0.23508
8767.50960,0.23466
8763.65236,0.23419
8759.79512,0.23365
8755.93788,0.23326
8752.08064,0.23306
8748.22340,0.23292
8744.36615,0.23281
8740.50891,0.23276
8736.65167,0.23274
8732.79443,0.23281
8728.93719,0.23290
8725.07995,0.23293
8721.22271,0.23298
8717.36547,0.23309
8713.50822,0.23325
8709.65098,0.23348
8705.79374,0.23378
8701.93650,0.23406
8698.07926,0.23426
8694.22202,0.23444
8690.36478,0.23469
8686.50753,0.23482
8682.65029,0.23480
8678.79305,0.23487
8674.93581,0.23516
8671.07857,0.23552
8667.22133,0.23595
8663.36409,0.23643
8659.50684,0.23679
8655.64960,0.23700
8651.79236,0.23726
8647.93512,0.23759
8644.07788,0.23792
8640.22064,0.23823
8636.36340,0.23848
8632.50616,0.23866
8628.64891,0.23895
8624.79167,0.23944
8620.93443,0.23986
8617.07719,0.23999
8613.21995,0.24015
8609.36271,0.24058
8605.50547,0.24119
8601.64822,0.24169
8597.79098,0.24190
8593.93374,0.24197
8590.07650,0.24230
8586.21926,0.24291
8582.36202,0.24343
8578.50478,0.24370
8574.64753,0.24388
8570.79029,0.24405
8566.93305,0.24423
8563.07581,0.24456
8559.21857,0.24494
8555.36133,0.24510
8551.50409,0.24512
8547.64685,0.24536
8543.78960,0.24593
8539.93236,0.24653
8536.07512,0.24689
8532.21788,0.24710
8528.36064,0.24734
8524.50340,0.24767
8520.64616,0.24809
8516.78891,0.24845
8512.93167,0.24867
8509.07443,0.24865
8505.21719,0.24854
8501.35995,0.24853
8497.50271,0.24855
8493.64547,0.24862
8489.78822,0.24881
8485.93098,0.24905
8482.07374,0.24916
8478.21650,0.24913
8474.35926,0.24906
8470.50202,0.24903
8466.64478,0.24899
8462.78754,0.24890
8458.93029,0.24880
8455.07305,0.24877
8451.21581,0.24888
8447.35857,0.24896
8443.50133,0.24880
8439.64409,0.24849
8435.78685,0.24824
8431.92960,0.24822
8428.07236,0.24841
8424.21512,0.24848
8420.35788,0.24832
8416.50064,0.24814
8412.64340,0.24809
8408.78616,0.24806
8404.92892,0.24795
8401.07167,0.24788
8397.21443,0.24795
8393.35719,0.24798
8389.49995,0.24774
8385.64271,0.24730
8381.78547,0.24701
8377.92823,0.24696
8374.07098,0.24692
8370.21374,0.24688
8366.35650,0.24687
8362.49926,0.24686
8358.64202,0.24683
8354.78478,0.24677
8350.92754,0.24660
8347.07029,0.24644
8343.21305,0.24653
8339.35581,0.24675
8335.49857,0.24681
8331.64133,0.24677
8327.78409,0.24674
8323.92685,0.24668
8320.06961,0.24655
8316.21236,0.24644
8312.35512,0.24638
8308.49788,0.24637
8304.64064,0.24648
8300.78340,0.24656
8296.92616,0.24655
8293.06892,0.24653
8289.21167,0.24652
8285.35443,0.24654
8281.49719,0.24656
8277.63995,0.24654
8273.78271,0.24646
8269.92547,0.24640
8266.06823,0.24638
8262.21098,0.24638
8258.35374,0.24647
8254.49650,0.24662
8250.63926,0.24668
8246.78202,0.24659
8242.92478,0.24654
8239.06754,0.24663
8235.21030,0.24671
8231.35305,0.24667
8227.49581,0.24663
8223.63857,0.24665
8219.78133,0.24670
8215.92409,0.24673
8212.06685,0.24669
8208.20961,0.24662
8204.35236,0.24655
8200.49512,0.24641
8196.63788,0.24623
8192.78064,0.24615
8188.92340,0.24605
8185.06616,0.24580
8181.20892,0.24555
8177.35168,0.24541
8173.49443,0.24530
8169.63719,0.24515
8165.77995,0.24494
8161.92271,0.24475
8158.06547,0.24466
8154.20823,0.24458
8150.35099,0.24445
8146.49374,0.24432
8142.63650,0.24420
8138.77926,0.24398
8134.92202,0.24374
8131.06478,0.24361
8127.20754,0.24353
8123.35030,0.24339
8119.49305,0.24310
8115.63581,0.24268
8111.77857,0.24228
8107.92133,0.24211
8104.06409,0.24210
8100.20685,0.24200
8096.34961,0.24181
8092.49237,0.24163
8088.63512,0.24147
8084.77788,0.24131
8080.92064,0.24109
8077.06340,0.24078
8073.20616,0.24037
8069.34892,0.23998
8065.49168,0.23974
8061.63443,0.23973
8057.77719,0.23978
8053.91995,0.23973
8050.06271,0.23958
8046.20547,0.23936
8042.34823,0.23909
8038.49099,0.23884
8034.63374,0.23865
8030.77650,0.23851
8026.91926,0.23840
8023.06202,0.23834
8019.20478,0.23835
8015.34754,0.23830
8011.49030,0.23816
8007.63306,0.23809
8003.77581,0.23813
7999.91857,0.23813
7996.06133,0.23806
7992.20409,0.23801
7988.34685,0.23804
7984.48961,0.23796
7980.63237,0.23773
7976.77512,0.23755
7972.91788,0.23757
7969.06064,0.23767
7965.20340,0.23768
7961.34616,0.23753
7957.48892,0.23734
7953.63168,0.23725
7949.77444,0.23723
7945.91719,0.23724
7942.05995,0.23728
7938.20271,0.23719
7934.34547,0.23695
7930.48823,0.23675
7926.63099,0.23675
7922.77375,0.23685
7918.91650,0.23688
7915.05926,0.23684
7911.20202,0.23678
7907.34478,0.23675
7903.48754,0.23685
7899.63030,0.23699
7895.77306,0.23695
7891.91581,0.23681
7888.05857,0.23682
7884.20133,0.23693
7880.34409,0.23696
7876.48685,0.23689
7872.62961,0.23686
7868.77237,0.23693
7864.91513,0.23694
7861.05788,0.23684
7857.20064,0.23679
7853.34340,0.23682
7849.48616,0.23677
7845.62892,0.23660
7841.77168,0.23645
7837.91444,0.23641
7834.05719,0.23638
7830.19995,0.23626
7826.34271,0.23604
7822.48547,0.23570
7818.62823,0.23550
7814.77099,0.23559
7810.91375,0.23567
7807.05650,0.23554
7803.19926,0.23543
7799.34202,0.23534
7795.48478,0.23502
7791.62754,0.23462
7787.77030,0.23446
7783.91306,0.23437
7780.05582,0.23420
7776.19857,0.23418
7772.34133,0.23426
7768.48409,0.23415
7764.62685,0.23388
7760.76961,0.23366
7756.91237,0.23356
7753.05513,0.23350
7749.19788,0.23341
7745.34064,0.23319
7741.48340,0.23288
7737.62616,0.23260
7733.76892,0.23248
7729.91168,0.23249
7726.05444,0.23240
7722.19720,0.23209
7718.33995,0.23169
7714.48271,0.23151
7710.62547,0.23158
7706.76823,0.23171
7702.91099,0.23166
7699.05375,0.23142
7695.19651,0.23121
7691.33926,0.23114
7687.48202,0.23115
7683.62478,0.23119
7679.76754,0.23130
7675.91030,0.23148
7672.05306,0.23162
7668.19582,0.23164
7664.33857,0.23157
7660.48133,0.23154
7656.62409,0.23159
7652.76685,0.23162
7648.90961,0.23167
7645.05237,0.23185
7641.19513,0.23203
7637.33789,0.23205
7633.48064,0.23202
7629.62340,0.23205
7625.76616,0.23215
7621.90892,0.23227
7618.05168,0.23242
7614.19444,0.23256
7610.33720,0.23265
7606.47995,0.23276
7602.62271,0.23280
7598.76547,0.23279
7594.90823,0.23285
7591.05099,0.23294
7587.19375,0.23302
7583.33651,0.23322
7579.47926,0.23347
7575.62202,0.23363
7571.76478,0.23374
7567.90754,0.23384
7564.05030,0.23390
7560.19306,0.23401
7556.33582,0.23440
7552.47858,0.23499
7548.62133,0.23553
7544.76409,0.23594
7540.90685,0.23626
7537.04961,0.23657
7533.19237,0.23690
7529.33513,0.23713
7525.47789,0.23723
7521.62064,0.23740
7517.76340,0.23768
7513.90616,0.23794
7510.04892,0.23814
7506.19168,0.23830
7502.33444,0.23842
7498.47720,0.23868
7494.61996,0.23910
7490.76271,0.23953
7486.90547,0.23985
7483.04823,0.24020
7479.19099,0.24066
7475.33375,0.24116
7471.47651,0.24168
7467.61927,0.24227
7463.76202,0.24288
7459.90478,0.24350
7456.04754,0.24422
7452.19030,0.24503
7448.33306,0.24578
7444.47582,0.24650
7440.61858,0.24731
7436.76133,0.24820
7432.90409,0.24913
7429.04685,0.25013
7425.18961,0.25114
7421.33237,0.25214
7417.47513,0.25320
7413.61789,0.25423
7409.76065,0.25510
7405.90340,0.25590
7402.04616,0.25678
7398.18892,0.25776
7394.33168,0.25873
7390.47444,0.25971
7386.61720,0.26075
7382.75996,0.26179
7378.90271,0.26282
7375.04547,0.26389
7371.18823,0.26501
7367.33099,0.26615
7363.47375,0.26727
7359.61651,0.26828
7355.75927,0.26919
7351.90202,0.26999
7348.04478,0.27071
7344.18754,0.27146
7340.33030,0.27229
7336.47306,0.27315
7332.61582,0.27394
7328.75858,0.27453
7324.90134,0.27495
7321.04409,0.27541
7317.18685,0.27586
7313.32961,0.27617
7309.47237,0.27639
7305.61513,0.27674
7301.75789,0.27720
7297.90065,0.27756
7294.04340,0.27771
7290.18616,0.27786
7286.32892,0.27816
7282.47168,0.27850
7278.61444,0.27881
7274.75720,0.27913
7270.89996,0.27953
7267.04272,0.28004
7263.18547,0.28054
7259.32823,0.28099
7255.47099,0.28134
7251.61375,0.28172
7247.75651,0.28220
7243.89927,0.28258
7240.04203,0.28284
7236.18478,0.28308
7232.32754,0.28317
7228.47030,0.28323
7224.61306,0.28354
7220.75582,0.28394
7216.89858,0.28434
7213.04134,0.28481
7209.18409,0.28519
7205.32685,0.28542
7201.46961,0.28565
7197.61237,0.28598
7193.75513,0.28635
7189.89789,0.28676
7186.04065,0.28723
7182.18341,0.28771
7178.32616,0.28829
7174.46892,0.28908
7170.61168,0.28997
7166.75444,0.29083
7162.89720,0.29166
7159.03996,0.29263
7155.18272,0.29376
7151.32547,0.29496
7147.46823,0.29613
7143.61099,0.29734
7139.75375,0.29871
7135.89651,0.30021
7132.03927,0.30173
7128.18203,0.30322
7124.32478,0.30463
7120.46754,0.30594
7116.61030,0.30730
7112.75306,0.30871
7108.89582,0.31012
7105.03858,0.31159
7101.18134,0.31316
7097.32410,0.31467
7093.46685,0.31611
7089.60961,0.31766
7085.75237,0.31932
7081.89513,0.32094
7078.03789,0.32249
7074.18065,0.32409
7070.32341,0.32580
7066.46616,0.32755
7062.60892,0.32928
7058.75168,0.33098
7054.89444,0.33267
7051.03720,0.33431
7047.17996,0.33583
7043.32272,0.33730
7039.46548,0.33880
7035.60823,0.34022
7031.75099,0.34143
7027.89375,0.34255
7024.03651,0.34378
7020.17927,0.34510
7016.32203,0.34628
7012.46479,0.34723
7008.60754,0.34804
7004.75030,0.34890
7000.89306,0.34991
6997.03582,0.35100
6993.17858,0.35199
6989.32134,0.35275
6985.46410,0.35336
6981.60685,0.35408
6977.74961,0.35491
6973.89237,0.35560
6970.03513,0.35614
6966.17789,0.35672
6962.32065,0.35739
6958.46341,0.35801
6954.60617,0.35857
6950.74892,0.35912
6946.89168,0.35961
6943.03444,0.35995
6939.17720,0.36023
6935.31996,0.36063
6931.46272,0.36114
6927.60548,0.36165
6923.74823,0.36210
6919.89099,0.36249
6916.03375,0.36295
6912.17651,0.36342
6908.31927,0.36378
6904.46203,0.36414
6900.60479,0.36458
6896.74754,0.36503
6892.89030,0.36545
6889.03306,0.36589
6885.17582,0.36641
6881.31858,0.36696
6877.46134,0.36747
6873.60410,0.36807
6869.74686,0.36882
6865.88961,0.36957
6862.03237,0.37019
6858.17513,0.37078
6854.31789,0.37144
6850.46065,0.37216
6846.60341,0.37292
6842.74617,0.37370
6838.88892,0.37448
6835.03168,0.37515
6831.17444,0.37581
6827.31720,0.37658
6823.45996,0.37742
6819.60272,0.37817
6815.74548,0.37883
6811.88824,0.37949
6808.03099,0.38021
6804.17375,0.38108
6800.31651,0.38207
6796.45927,0.38301
6792.60203,0.38379
6788.74479,0.38449
6784.88755,0.38526
6781.03030,0.38613
6777.17306,0.38695
6773.31582,0.38764
6769.45858,0.38825
6765.60134,0.38890
6761.74410,0.38953
6757.88686,0.39005
6754.02961,0.39043
6750.17237,0.39070
6746.31513,0.39094
6742.45789,0.39120
6738.60065,0.39147
6734.74341,0.39170
6730.88617,0.39188
6727.02893,0.39203
6723.17168,0.39215
6719.31444,0.39219
6715.45720,0.39220
6711.59996,0.39221
6707.74272,0.39217
6703.88548,0.39211
6700.02824,0.39211
6696.17099,0.39215
6692.31375,0.39216
6688.45651,0.39205
6684.59927,0.39185
6680.74203,0.39163
6676.88479,0.39139
6673.02755,0.39120
6669.17030,0.39098
6665.31306,0.39063
6661.45582,0.39023
6657.59858,0.38987
6653.74134,0.38949
6649.88410,0.38905
6646.02686,0.38857
6642.16962,0.38811
6638.31237,0.38768
6634.45513,0.38726
6630.59789,0.38679
6626.74065,0.38626
6622.88341,0.38567
6619.02617,0.38506
6615.16893,0.38451
6611.31168,0.38401
6607.45444,0.38349
6603.59720,0.38297
6599.73996,0.38251
6595.88272,0.38208
6592.02548,0.38169
6588.16824,0.38134
6584.31100,0.38100
6580.45375,0.38071
6576.59651,0.38051
6572.73927,0.38039
6568.88203,0.38037
6565.02479,0.38049
6561.16755,0.38070
6557.31031,0.38085
6553.45306,0.38088
6549.59582,0.38085
6545.73858,0.38087
6541.88134,0.38100
6538.02410,0.38114
6534.16686,0.38123
6530.30962,0.38135
6526.45237,0.38160
6522.59513,0.38185
6518.73789,0.38198
6514.88065,0.38206
6511.02341,0.38214
6507.16617,0.38220
6503.30893,0.38221
6499.45169,0.38221
6495.59444,0.38223
6491.73720,0.38225
6487.87996,0.38222
6484.02272,0.38215
6480.16548,0.38209
6476.30824,0.38199
6472.45100,0.38182
6468.59375,0.38162
6464.73651,0.38148
6460.87927,0.38135
6457.02203,0.38111
6453.16479,0.38079
6449.30755,0.38042
6445.45031,0.38004
6441.59306,0.37967
6437.73582,0.37933
6433.87858,0.37897
6430.02134,0.37853
6426.16410,0.37807
6422.30686,0.37769
6418.44962,0.37734
6414.59238,0.37698
6410.73513,0.37665
6406.87789,0.37634
6403.02065,0.37606
6399.16341,0.37581
6395.30617,0.37558
6391.44893,0.37537
6387.59169,0.37520
6383.73444,0.37500
6379.87720,0.37475
6376.01996,0.37448
6372.16272,0.37423
6368.30548,0.37398
6364.44824,0.37371
6360.59100,0.37344
6356.73376,0.37317
6352.87651,0.37296
6349.01927,0.37280
6345.16203,0.37267
6341.30479,0.37264
6337.44755,0.37267
6333.59031,0.37266
6329.73307,0.37262
6325.87582,0.37257
6322.01858,0.37253
6318.16134,0.37244
6314.30410,0.37231
6310.44686,0.37212
6306.58962,0.37190
6302.73238,0.37169
6298.87513,0.37150
6295.01789,0.37124
6291.16065,0.37085
6287.30341,0.37031
6283.44617,0.36964
6279.58893,0.36893
6275.73169,0.36823
6271.87445,0.36749
6268.01720,0.36670
6264.15996,0.36590
6260.30272,0.36511
6256.44548,0.36426
6252.58824,0.36336
6248.73100,0.36239
6244.87376,0.36135
6241.01651,0.36027
6237.15927,0.35917
6233.30203,0.35804
6229.44479,0.35698
6225.58755,0.35601
6221.73031,0.35519
6217.87307,0.35461
6214.01582,0.35427
6210.15858,0.35410
6206.30134,0.35405
6202.44410,0.35411
6198.58686,0.35411
6194.72962,0.35370
6190.87238,0.35273
6187.01514,0.35138
6183.15789,0.34996
6179.30065,0.34866
6175.44341,0.34759
6171.58617,0.34675
6167.72893,0.34612
6163.87169,0.34570
6160.01445,0.34556
6156.15720,0.34573
6152.29996,0.34614
6148.44272,0.34650
6144.58548,0.34656
6140.72824,0.34632
6136.87100,0.34590
6133.01376,0.34550
6129.15652,0.34527
6125.29927,0.34540
6121.44203,0.34606
6117.58479,0.34738
6113.72755,0.34943
6109.87031,0.35217
6106.01307,0.35549
6102.15583,0.35924
6098.29858,0.36328
6094.44134,0.36750
6090.58410,0.37176
6086.72686,0.37580
6082.86962,0.37949
6079.01238,0.38303
6075.15514,0.38688
6071.29789,0.39147
6067.44065,0.39693
6063.58341,0.40294
6059.72617,0.40887
6055.86893,0.41420
6052.01169,0.41881
6048.15445,0.42289
6044.29721,0.42691
6040.43996,0.43125
6036.58272,0.43608
6032.72548,0.44133
6028.86824,0.44634
6025.01100,0.45024
6021.15376,0.45234
6017.29652,0.45213
6013.43927,0.44937
6009.58203,0.44433
6005.72479,0.43767
6001.86755,0.43033
5998.01031,0.42318
5994.15307,0.41683
5990.29583,0.41182
5986.43858,0.40834
5982.58134,0.40597
5978.72410,0.40394
5974.86686,0.40158
5971.00962,0.39851
5967.15238,0.39486
5963.29514,0.39135
5959.43790,0.38869
5955.58065,0.38712
5951.72341,0.38639
5947.86617,0.38606
5944.00893,0.38559
5940.15169,0.38434
5936.29445,0.38191
5932.43721,0.37850
5928.57996,0.37466
5924.72272,0.37082
5920.86548,0.36725
5917.00824,0.36410
5913.15100,0.36151
5909.29376,0.35961
5905.43652,0.35857
5901.57927,0.35851
5897.72203,0.35950
5893.86479,0.36132
5890.00755,0.36364
5886.15031,0.36622
5882.29307,0.36885
5878.43583,0.37124
5874.57859,0.37333
5870.72134,0.37513
5866.86410,0.37649
5863.00686,0.37717
5859.14962,0.37716
5855.29238,0.37663
5851.43514,0.37584
5847.57790,0.37501
5843.72065,0.37435
5839.86341,0.37391
5836.00617,0.37365
5832.14893,0.37358
5828.29169,0.37372
5824.43445,0.37398
5820.57721,0.37425
5816.71997,0.37449
5812.86272,0.37468
5809.00548,0.37473
5805.14824,0.37461
5801.29100,0.37439
5797.43376,0.37418
5793.57652,0.37399
5789.71928,0.37379
5785.86203,0.37352
5782.00479,0.37323
5778.14755,0.37288
5774.29031,0.37242
5770.43307,0.37180
5766.57583,0.37105
5762.71859,0.37018
5758.86134,0.36908
5755.00410,0.36770
5751.14686,0.36608
5747.28962,0.36439
5743.43238,0.36269
5739.57514,0.36105
5735.71790,0.35959
5731.86066,0.35837
5728.00341,0.35746
5724.14617,0.35693
5720.28893,0.35682
5716.43169,0.35699
5712.57445,0.35721
5708.71721,0.35735
5704.85997,0.35741
5701.00272,0.35736
5697.14548,0.35713
5693.28824,0.35683
5689.43100,0.35661
5685.57376,0.35642
5681.71652,0.35626
5677.85928,0.35626
5674.00203,0.35644
5670.14479,0.35679
5666.28755,0.35727
5662.43031,0.35776
5658.57307,0.35819
5654.71583,0.35846
5650.85859,0.35842
5647.00135,0.35803
5643.14410,0.35734
5639.28686,0.35648
5635.42962,0.35560
5631.57238,0.35482
5627.71514,0.35414
5623.85790,0.35354
5620.00066,0.35309
5616.14341,0.35281
5612.28617,0.35266
5608.42893,0.35266
5604.57169,0.35282
5600.71445,0.35307
5596.85721,0.35338
5592.99997,0.35376
5589.14273,0.35423
5585.28548,0.35476
5581.42824,0.35529
5577.57100,0.35582
5573.71376,0.35634
5569.85652,0.35678
5565.99928,0.35705
5562.14204,0.35713
5558.28479,0.35711
5554.42755,0.35707
5550.57031,0.35699
5546.71307,0.35688
5542.85583,0.35681
5538.99859,0.35682
5535.14135,0.35683
5531.28410,0.35679
5527.42686,0.35671
5523.56962,0.35652
5519.71238,0.35616
5515.85514,0.35574
5511.99790,0.35545
5508.14066,0.35526
5504.28342,0.35521
5500.42617,0.35535
5496.56893,0.35564
5492.71169,0.35604
5488.85445,0.35659
5484.99721,0.35717
5481.13997,0.35751
5477.28273,0.35746
5473.42548,0.35706
5469.56824,0.35652
5465.71100,0.35585
5461.85376,0.35497
5457.99652,0.35400
5454.13928,0.35299
5450.28204,0.35180
5446.42479,0.35029
5442.56755,0.34868
5438.71031,0.34727
5434.85307,0.34597
5430.99583,0.34458
5427.13859,0.34336
5423.28135,0.34263
5419.42411,0.34215
5415.56686,0.34157
5411.70962,0.34097
5407.85238,0.34072
5403.99514,0.34073
5400.13790,0.34071
5396.28066,0.34054
5392.42342,0.34035
5388.56617,0.34033
5384.70893,0.34044
5380.85169,0.34065
5376.99445,0.34099
5373.13721,0.34151
5369.27997,0.34214
5365.42273,0.34279
5361.56549,0.34349
5357.70824,0.34426
5353.85100,0.34498
5349.99376,0.34564
5346.13652,0.34624
5342.27928,0.34686
5338.42204,0.34758
5334.56480,0.34848
5330.70755,0.34957
5326.85031,0.35086
5322.99307,0.35245
5319.13583,0.35438
5315.27859,0.35670
5311.42135,0.35933
5307.56411,0.36232
5303.70686,0.36575
5299.84962,0.36953
5295.99238,0.37366
5292.13514,0.37826
5288.27790,0.38356
5284.42066,0.38944
5280.56342,0.39580
5276.70618,0.40250
5272.84893,0.40928
5268.99169,0.41608
5265.13445,0.42302
5261.27721,0.42979
5257.41997,0.43574
5253.56273,0.44092
5249.70549,0.44550
5245.84824,0.44970
5241.99100,0.45355
5238.13376,0.45681
5234.27652,0.45949
5230.41928,0.46176
5226.56204,0.46373
5222.70480,0.46548
5218.84755,0.46705
5214.99031,0.46827
5211.13307,0.46905
5207.27583,0.46967
5203.41859,0.47042
5199.56135,0.47115
5195.70411,0.47166
5191.84687,0.47198
5187.98962,0.47220
5184.13238,0.47240
5180.27514,0.47250
5176.41790,0.47239
5172.56066,0.47210
5168.70342,0.47170
5164.84618,0.47129
5160.98893,0.47085
5157.13169,0.47038
5153.27445,0.46990
5149.41721,0.46938
5145.55997,0.46872
5141.70273,0.46795
5137.84549,0.46719
5133.98825,0.46646
5130.13100,0.46575
5126.27376,0.46502
5122.41652,0.46410
5118.55928,0.46275
5114.70204,0.46080
5110.84480,0.45828
5106.98756,0.45537
5103.13031,0.45236
5099.27307,0.44948
5095.41583,0.44674
5091.55859,0.44417
5087.70135,0.44181
5083.84411,0.43958
5079.98687,0.43740
5076.12962,0.43532
5072.27238,0.43339
5068.41514,0.43156
5064.55790,0.42979
5060.70066,0.42808
5056.84342,0.42647
5052.98618,0.42502
5049.12894,0.42366
5045.27169,0.42225
5041.41445,0.42082
5037.55721,0.41953
5033.69997,0.41837
5029.84273,0.41725
5025.98549,0.41611
5022.12825,0.41499
5018.27100,0.41394
5014.41376,0.41304
5010.55652,0.41222
5006.69928,0.41137
5002.84204,0.41045
4998.98480,0.40949
4995.12756,0.40855
4991.27031,0.40778
4987.41307,0.40720
4983.55583,0.40677
4979.69859,0.40649
4975.84135,0.40635
4971.98411,0.40642
4968.12687,0.40678
4964.26963,0.40735
4960.41238,0.40806
4956.55514,0.40898
4952.69790,0.41015
4948.84066,0.41151
4944.98342,0.41297
4941.12618,0.41449
4937.26894,0.41615
4933.41169,0.41793
4929.55445,0.41980
4925.69721,0.42182
4921.83997,0.42406
4917.98273,0.42650
4914.12549,0.42906
4910.26825,0.43173
4906.41101,0.43453
4902.55376,0.43745
4898.69652,0.44053
4894.83928,0.44381
4890.98204,0.44723
4887.12480,0.45070
4883.26756,0.45426
4879.41032,0.45792
4875.55307,0.46160
4871.69583,0.46517
4867.83859,0.46853
4863.98135,0.47173
4860.12411,0.47480
4856.26687,0.47779
4852.40963,0.48083
4848.55238,0.48413
4844.69514,0.48773
4840.83790,0.49158
4836.98066,0.49563
4833.12342,0.49984
4829.26618,0.50418
4825.40894,0.50844
4821.55170,0.51241
4817.69445,0.51601
4813.83721,0.51935
4809.97997,0.52246
4806.12273,0.52530
4802.26549,0.52788
4798.40825,0.53011
4794.55101,0.53183
4790.69376,0.53302
4786.83652,0.53380
4782.97928,0.53439
4779.12204,0.53494
4775.26480,0.53552
4771.40756,0.53625
4767.55032,0.53724
4763.69307,0.53860
4759.83583,0.54036
4755.97859,0.54245
4752.12135,0.54460
4748.26411,0.54664
4744.40687,0.54851
4740.54963,0.55025
4736.69239,0.55211
4732.83514,0.55455
4728.97790,0.55773
4725.12066,0.56107
4721.26342,0.56356
4717.40618,0.56470
4713.54894,0.56488
4709.69170,0.56529
4705.83445,0.56718
4701.97721,0.57091
4698.11997,0.57562
4694.26273,0.57954
4690.40549,0.58066
4686.54825,0.57790
4682.69101,0.57160
4678.83377,0.56318
4674.97652,0.55455
4671.11928,0.54726
4667.26204,0.54202
4663.40480,0.53868
4659.54756,0.53669
4655.69032,0.53577
4651.83308,0.53632
4647.97583,0.53882
4644.11859,0.54301
4640.26135,0.54740
4636.40411,0.54971
4632.54687,0.54802
4628.68963,0.54192
4624.83239,0.53280
4620.97514,0.52309
4617.11790,0.51475
4613.26066,0.50870
4609.40342,0.50497
4605.54618,0.50327
4601.68894,0.50351
4597.83170,0.50548
4593.97446,0.50805
4590.11721,0.51003
4586.25997,0.51144
4582.40273,0.51223
4578.54549,0.51085
4574.68825,0.50590
4570.83101,0.49817
4566.97377,0.49008
4563.11652,0.48368
4559.25928,0.47952
4555.40204,0.47708
4551.54480,0.47566
4547.68756,0.47467
4543.83032,0.47382
4539.97308,0.47311
4536.11583,0.47266
4532.25859,0.47259
4528.40135,0.47297
4524.54411,0.47384
4520.68687,0.47525
4516.82963,0.47728
4512.97239,0.48008
4509.11515,0.48396
4505.25790,0.48927
4501.40066,0.49613
4497.54342,0.50429
4493.68618,0.51286
4489.82894,0.52048
4485.97170,0.52644
4482.11446,0.53143
4478.25721,0.53696
4474.39997,0.54440
4470.54273,0.55464
4466.68549,0.56759
4462.82825,0.58140
4458.97101,0.59278
4455.11377,0.59979
4451.25653,0.60398
4447.39928,0.60815
4443.54204,0.61336
4439.68480,0.61890
4435.82756,0.62346
4431.97032,0.62574
4428.11308,0.62506
4424.25584,0.62212
4420.39859,0.61880
4416.54135,0.61710
4412.68411,0.61794
4408.82687,0.62040
4404.96963,0.62243
4401.11239,0.62241
4397.25515,0.61998
4393.39790,0.61581
4389.54066,0.61100
4385.68342,0.60649
4381.82618,0.60278
4377.96894,0.59998
4374.11170,0.59810
4370.25446,0.59725
4366.39722,0.59756
4362.53997,0.59882
4358.68273,0.60044
4354.82549,0.60210
4350.96825,0.60396
4347.11101,0.60626
4343.25377,0.60908
4339.39653,0.61211
4335.53928,0.61484
4331.68204,0.61723
4327.82480,0.61960
4323.96756,0.62214
4320.11032,0.62492
4316.25308,0.62820
4312.39584,0.63234
4308.53859,0.63746
4304.68135,0.64313
4300.82411,0.64866
4296.96687,0.65337
4293.10963,0.65676
4289.25239,0.65868
4285.39515,0.65943
4281.53791,0.65942
4277.68066,0.65881
4273.82342,0.65760
4269.96618,0.65578
4266.10894,0.65356
4262.25170,0.65144
4258.39446,0.65001
4254.53722,0.64955
4250.67997,0.64979
4246.82273,0.65004
4242.96549,0.64956
4239.10825,0.64824
4235.25101,0.64670
4231.39377,0.64555
4227.53653,0.64468
4223.67929,0.64335
4219.82204,0.64115
4215.96480,0.63835
4212.10756,0.63559
4208.25032,0.63317
4204.39308,0.63099
4200.53584,0.62915
4196.67860,0.62818
4192.82135,0.62871
4188.96411,0.63101
4185.10687,0.63478
4181.24963,0.63883
4177.39239,0.64088
4173.53515,0.63909
4169.67791,0.63397
4165.82066,0.62781
4161.96342,0.62263
4158.10618,0.61936
4154.24894,0.61800
4150.39170,0.61822
4146.53446,0.61989
4142.67722,0.62299
4138.81998,0.62709
4134.96273,0.63128
4131.10549,0.63472
4127.24825,0.63741
4123.39101,0.64029
4119.53377,0.64432
4115.67653,0.64985
4111.81929,0.65684
4107.96204,0.66569
4104.10480,0.67720
4100.24756,0.69211
4096.39032,0.70926
4092.53308,0.72380
4088.67584,0.73007
4084.81860,0.72706
4080.96135,0.71822
4077.10411,0.70779
4073.24687,0.69922
4069.38963,0.69414
4065.53239,0.69221
4061.67515,0.69246
4057.81791,0.69419
4053.96067,0.69693
4050.10342,0.70013
4046.24618,0.70320
4042.38894,0.70567
4038.53170,0.70744
4034.67446,0.70875
4030.81722,0.70973
4026.95998,0.71028
4023.10273,0.71039
4019.24549,0.71013
4015.38825,0.70938
4011.53101,0.70803
4007.67377,0.70609
4003.81653,0.70370
3999.95929,0.70099
3996.10205,0.69796
3992.24480,0.69480
3988.38756,0.69194
3984.53032,0.68963
3980.67308,0.68779
3976.81584,0.68612
3972.95860,0.68436
3969.10136,0.68236
3965.24411,0.67991
3961.38687,0.67701
3957.52963,0.67412
3953.67239,0.67134
3949.81515,0.66838
3945.95791,0.66527
3942.10067,0.66234
3938.24342,0.65983
3934.38618,0.65744
3930.52894,0.65496
3926.67170,0.65272
3922.81446,0.65088
3918.95722,0.64914
3915.09998,0.64732
3911.24274,0.64533
3907.38549,0.64259
3903.52825,0.63844
3899.67101,0.63430
3895.81377,0.63146
3891.95653,0.62893
3888.09929,0.62652
3884.24205,0.62460
3880.38480,0.62316
3876.52756,0.62167
3872.67032,0.61926
3868.81308,0.61582
3864.95584,0.61246
3861.09860,0.60982
3857.24136,0.60726
3853.38411,0.60392
3849.52687,0.60164
3845.66963,0.60068
3841.81239,0.59943
3837.95515,0.59804
3834.09791,0.59756
3830.24067,0.59754
3826.38343,0.59760
3822.52618,0.59844
3818.66894,0.60125
3814.81170,0.60494
3810.95446,0.60747
3807.09722,0.60844
3803.23998,0.60782
3799.38274,0.60638
3795.52549,0.60544
3791.66825,0.60510
3787.81101,0.60518
3783.95377,0.60599
3780.09653,0.60779
3776.23929,0.61011
3772.38205,0.61252
3768.52481,0.61542
3764.66756,0.61871
3760.81032,0.62150
3756.95308,0.62294
3753.09584,0.62211
3749.23860,0.61989
3745.38136,0.61986
3741.52412,0.62215
3737.66687,0.62604
3733.80963,0.63219
3729.95239,0.63746
3726.09515,0.64080
3722.23791,0.64460
3718.38067,0.64959
3714.52343,0.65627
3710.66618,0.66728
3706.80894,0.68086
3702.95170,0.69476
3699.09446,0.71045
3695.23722,0.72694
3691.37998,0.74819
3687.52274,0.77581
3683.66550,0.79596
3679.80825,0.80996
3675.95101,0.82790
3672.09377,0.85438
3668.23653,0.88176
3664.37929,0.90462
3660.52205,0.92494
3656.66481,0.94473
3652.80756,0.96567
3648.95032,0.99345
3645.09308,1.02179
3641.23584,1.03848
3637.37860,1.05064
3633.52136,1.06328
3629.66412,1.07776
3625.80687,1.09293
3621.94963,1.10442
3618.09239,1.11640
3614.23515,1.12696
3610.37791,1.13236
3606.52067,1.13946
3602.66343,1.14984
3598.80619,1.15753
