12493.60475,0.15731
12489.74751,0.15717
12485.89027,0.15423
12482.03303,0.15342
12478.17579,0.15414
12474.31855,0.15332
12470.46130,0.15190
12466.60406,0.15113
12462.74682,0.14910
12458.88958,0.14641
12455.03234,0.14679
12451.17510,0.15023
12447.31786,0.15350
12443.46062,0.15564
12439.60337,0.15686
12435.74613,0.15684
12431.88889,0.15675
12428.03165,0.15666
12424.17441,0.15476
12420.31717,0.15249
12416.45993,0.15274
12412.60268,0.15456
12408.74544,0.15441
12404.88820,0.15217
12401.03096,0.15098
12397.17372,0.15063
12393.31648,0.14940
12389.45924,0.14870
12385.60199,0.14867
12381.74475,0.14759
12377.88751,0.14646
12374.03027,0.14734
12370.17303,0.15041
12366.31579,0.15439
12362.45855,0.15733
12358.60131,0.15734
12354.74406,0.15443
12350.88682,0.15116
12347.02958,0.14848
12343.17234,0.14605
12339.31510,0.14643
12335.45786,0.14997
12331.60062,0.15326
12327.74337,0.15408
12323.88613,0.15191
12320.02889,0.14932
12316.17165,0.14968
12312.31441,0.15231
12308.45717,0.15511
12304.59993,0.15731
12300.74268,0.15824
12296.88544,0.15729
12293.02820,0.15503
12289.17096,0.15313
12285.31372,0.15307
12281.45648,0.15386
12277.59924,0.15379
12273.74200,0.15423
12269.88475,0.15505
12266.02751,0.15326
12262.17027,0.15078
12258.31303,0.15198
12254.45579,0.15495
12250.59855,0.15477
12246.74131,0.15195
12242.88406,0.15045
12239.02682,0.15111
12235.16958,0.15166
12231.31234,0.15060
12227.45510,0.14873
12223.59786,0.14736
12219.74062,0.14705
12215.88338,0.14815
12212.02613,0.14970
12208.16889,0.14947
12204.31165,0.14846
12200.45441,0.14974
12196.59717,0.15230
12192.73993,0.15319
12188.88269,0.15163
12185.02544,0.15012
12181.16820,0.15114
12177.31096,0.15233
12173.45372,0.15204
12169.59648,0.15214
12165.73924,0.15232
12161.88200,0.15117
12158.02475,0.14957
12154.16751,0.14881
12150.31027,0.14921
12146.45303,0.14991
12142.59579,0.14941
12138.73855,0.14786
12134.88131,0.14655
12131.02407,0.14619
12127.16682,0.14714
12123.30958,0.14772
12119.45234,0.14700
12115.59510,0.14785
12111.73786,0.14976
12107.88062,0.14888
12104.02338,0.14659
12100.16613,0.14646
12096.30889,0.14743
12092.45165,0.14705
12088.59441,0.14608
12084.73717,0.14579
12080.87993,0.14557
12077.02269,0.14601
12073.16544,0.14764
12069.30820,0.14825
12065.45096,0.14694
12061.59372,0.14519
12057.73648,0.14452
12053.87924,0.14621
12050.02200,0.14909
12046.16476,0.15052
12042.30751,0.15082
12038.45027,0.15154
12034.59303,0.15214
12030.73579,0.15211
12026.87855,0.15292
12023.02131,0.15394
12019.16407,0.15316
12015.30682,0.15258
12011.44958,0.15403
12007.59234,0.15584
12003.73510,0.15672
11999.87786,0.15615
11996.02062,0.15420
11992.16338,0.15319
11988.30614,0.15417
11984.44889,0.15413
11980.59165,0.15157
11976.73441,0.14939
11972.87717,0.14930
11969.01993,0.14973
11965.16269,0.14925
11961.30545,0.14890
11957.44820,0.15066
11953.59096,0.15363
11949.73372,0.15443
11945.87648,0.15228
11942.01924,0.14959
11938.16200,0.14858
11934.30476,0.14970
11930.44751,0.15184
11926.59027,0.15396
11922.73303,0.15565
11918.87579,0.15687
11915.01855,0.15838
11911.16131,0.15968
11907.30407,0.15814
11903.44683,0.15330
11899.58958,0.14904
11895.73234,0.14835
11891.87510,0.14961
11888.01786,0.14968
11884.16062,0.14856
11880.30338,0.14977
11876.44614,0.15314
11872.58889,0.15494
11868.73165,0.15594
11864.87441,0.15727
11861.01717,0.15688
11857.15993,0.15484
11853.30269,0.15376
11849.44545,0.15521
11845.58820,0.15785
11841.73096,0.15934
11837.87372,0.15907
11834.01648,0.15805
11830.15924,0.15738
11826.30200,0.15691
11822.44476,0.15591
11818.58752,0.15502
11814.73027,0.15511
11810.87303,0.15490
11807.01579,0.15334
11803.15855,0.15260
11799.30131,0.15391
11795.44407,0.15529
11791.58683,0.15588
11787.72958,0.15642
11783.87234,0.15667
11780.01510,0.15613
11776.15786,0.15488
11772.30062,0.15357
11768.44338,0.15341
11764.58614,0.15408
11760.72890,0.15370
11756.87165,0.15254
11753.01441,0.15273
11749.15717,0.15411
11745.29993,0.15539
11741.44269,0.15638
11737.58545,0.15709
11733.72821,0.15745
11729.87096,0.15762
11726.01372,0.15768
11722.15648,0.15763
11718.29924,0.15746
11714.44200,0.15662
11710.58476,0.15537
11706.72752,0.15541
11702.87027,0.15676
11699.01303,0.15752
11695.15579,0.15640
11691.29855,0.15435
11687.44131,0.15341
11683.58407,0.15372
11679.72683,0.15424
11675.86959,0.15368
11672.01234,0.15178
11668.15510,0.15043
11664.29786,0.15027
11660.44062,0.15083
11656.58338,0.15250
11652.72614,0.15412
11648.86890,0.15331
11645.01165,0.15068
11641.15441,0.14924
11637.29717,0.15010
11633.43993,0.15157
11629.58269,0.15171
11625.72545,0.15156
11621.86821,0.15256
11618.01096,0.15282
11614.15372,0.15162
11610.29648,0.15072
11606.43924,0.15073
11602.58200,0.15120
11598.72476,0.15057
11594.86752,0.14835
11591.01028,0.14791
11587.15303,0.15095
11583.29579,0.15273
11579.43855,0.15030
11575.58131,0.14813
11571.72407,0.14951
11567.86683,0.15152
11564.00959,0.15183
11560.15234,0.15219
11556.29510,0.15437
11552.43786,0.15705
11548.58062,0.15707
11544.72338,0.15338
11540.86614,0.14999
11537.00890,0.15099
11533.15166,0.15345
11529.29441,0.15269
11525.43717,0.15124
11521.57993,0.15311
11517.72269,0.15526
11513.86545,0.15393
11510.00821,0.15171
11506.15097,0.15227
11502.29372,0.15491
11498.43648,0.15594
11494.57924,0.15324
11490.72200,0.14934
11486.86476,0.14805
11483.00752,0.14950
11479.15028,0.15167
11475.29303,0.15376
11471.43579,0.15551
11467.57855,0.15567
11463.72131,0.15401
11459.86407,0.15228
11456.00683,0.15212
11452.14959,0.15403
11448.29235,0.15617
11444.43510,0.15514
11440.57786,0.15211
11436.72062,0.15169
11432.86338,0.15332
11429.00614,0.15366
11425.14890,0.15239
11421.29166,0.15072
11417.43441,0.14987
11413.57717,0.15053
11409.71993,0.15192
11405.86269,0.15247
11402.00545,0.15179
11398.14821,0.15104
11394.29097,0.15080
11390.43372,0.15105
11386.57648,0.15137
11382.71924,0.15112
11378.86200,0.15059
11375.00476,0.15032
11371.14752,0.14991
11367.29028,0.14856
11363.43304,0.14711
11359.57579,0.14768
11355.71855,0.15004
11351.86131,0.15179
11348.00407,0.15190
11344.14683,0.15044
11340.28959,0.14833
11336.43235,0.14785
11332.57510,0.14904
11328.71786,0.15026
11324.86062,0.15144
11321.00338,0.15180
11317.14614,0.15038
11313.28890,0.14889
11309.43166,0.14931
11305.57442,0.15124
11301.71717,0.15255
11297.85993,0.15175
11294.00269,0.15033
11290.14545,0.15004
11286.28821,0.14964
11282.43097,0.14867
11278.57373,0.14835
11274.71648,0.14878
11270.85924,0.14932
11267.00200,0.14888
11263.14476,0.14795
11259.28752,0.14880
11255.43028,0.15063
11251.57304,0.15113
11247.71579,0.15108
11243.85855,0.15189
11240.00131,0.15261
11236.14407,0.15254
11232.28683,0.15234
11228.42959,0.15200
11224.57235,0.15088
11220.71511,0.14919
11216.85786,0.14729
11213.00062,0.14549
11209.14338,0.14458
11205.28614,0.14471
11201.42890,0.14565
11197.57166,0.14708
11193.71442,0.14769
11189.85717,0.14759
11185.99993,0.14799
11182.14269,0.14819
11178.28545,0.14738
11174.42821,0.14639
11170.57097,0.14617
11166.71373,0.14705
11162.85648,0.14831
11158.99924,0.14856
11155.14200,0.14768
11151.28476,0.14694
11147.42752,0.14664
11143.57028,0.14648
11139.71304,0.14692
11135.85580,0.14802
11131.99855,0.14902
11128.14131,0.14942
11124.28407,0.14976
11120.42683,0.15040
11116.56959,0.15061
11112.71235,0.15027
11108.85511,0.15053
11104.99786,0.15125
11101.14062,0.15087
11097.28338,0.14982
11093.42614,0.14978
11089.56890,0.14999
11085.71166,0.14923
11081.85442,0.14820
11077.99718,0.14777
11074.13993,0.14857
11070.28269,0.15031
11066.42545,0.15149
11062.56821,0.15124
11058.71097,0.15025
11054.85373,0.14994
11050.99649,0.15070
11047.13924,0.15076
11043.28200,0.14901
11039.42476,0.14731
11035.56752,0.14731
11031.71028,0.14805
11027.85304,0.14844
11023.99580,0.14849
11020.13855,0.14834
11016.28131,0.14806
11012.42407,0.14793
11008.56683,0.14813
11004.70959,0.14881
11000.85235,0.14976
10996.99511,0.15003
10993.13787,0.14927
10989.28062,0.14803
10985.42338,0.14714
10981.56614,0.14708
10977.70890,0.14723
10973.85166,0.14703
10969.99442,0.14690
10966.13718,0.14736
10962.27993,0.14819
10958.42269,0.14894
10954.56545,0.14892
10950.70821,0.14785
10946.85097,0.14706
10942.99373,0.14679
10939.13649,0.14620
10935.27924,0.14619
10931.42200,0.14722
10927.56476,0.14792
10923.70752,0.14752
10919.85028,0.14683
10915.99304,0.14669
10912.13580,0.14692
10908.27856,0.14687
10904.42131,0.14624
10900.56407,0.14545
10896.70683,0.14528
10892.84959,0.14559
10888.99235,0.14557
10885.13511,0.14536
10881.27787,0.14573
10877.42062,0.14647
10873.56338,0.14621
10869.70614,0.14432
10865.84890,0.14266
10861.99166,0.14297
10858.13442,0.14365
10854.27718,0.14331
10850.41993,0.14333
10846.56269,0.14416
10842.70545,0.14448
10838.84821,0.14412
10834.99097,0.14398
10831.13373,0.14435
10827.27649,0.14485
10823.41925,0.14516
10819.56200,0.14502
10815.70476,0.14468
10811.84752,0.14487
10807.99028,0.14514
10804.13304,0.14454
10800.27580,0.14355
10796.41856,0.14323
10792.56131,0.14377
10788.70407,0.14402
10784.84683,0.14329
10780.98959,0.14276
10777.13235,0.14340
10773.27511,0.14446
10769.41787,0.14489
10765.56063,0.14426
10761.70338,0.14324
10757.84614,0.14304
10753.98890,0.14352
10750.13166,0.14364
10746.27442,0.14346
10742.41718,0.14340
10738.55994,0.14345
10734.70269,0.14366
10730.84545,0.14391
10726.98821,0.14421
10723.13097,0.14483
10719.27373,0.14517
10715.41649,0.14454
10711.55925,0.14383
10707.70200,0.14403
10703.84476,0.14452
10699.98752,0.14431
10696.13028,0.14367
10692.27304,0.14355
10688.41580,0.14397
10684.55856,0.14445
10680.70132,0.14509
10676.84407,0.14539
10672.98683,0.14446
10669.12959,0.14331
10665.27235,0.14328
10661.41511,0.14393
10657.55787,0.14425
10653.70063,0.14411
10649.84338,0.14408
10645.98614,0.14445
10642.12890,0.14497
10638.27166,0.14520
10634.41442,0.14486
10630.55718,0.14435
10626.69994,0.14411
10622.84269,0.14403
10618.98545,0.14414
10615.12821,0.14453
10611.27097,0.14474
10607.41373,0.14455
10603.55649,0.14439
10599.69925,0.14441
10595.84201,0.14447
10591.98476,0.14486
10588.12752,0.14517
10584.27028,0.14450
10580.41304,0.14321
10576.55580,0.14234
10572.69856,0.14191
10568.84132,0.14162
10564.98407,0.14153
10561.12683,0.14155
10557.26959,0.14191
10553.41235,0.14273
10549.55511,0.14307
10545.69787,0.14225
10541.84063,0.14081
10537.98339,0.13965
10534.12614,0.13937
10530.26890,0.13984
10526.41166,0.14022
10522.55442,0.14019
10518.69718,0.14011
10514.83994,0.14011
10510.98270,0.14013
10507.12545,0.14014
10503.26821,0.14012
10499.41097,0.14015
10495.55373,0.14012
10491.69649,0.14021
10487.83925,0.14052
10483.98201,0.14062
10480.12476,0.14038
10476.26752,0.14011
10472.41028,0.14008
10468.55304,0.14005
10464.69580,0.13963
10460.83856,0.13932
10456.98132,0.13982
10453.12408,0.14067
10449.26683,0.14098
10445.40959,0.14082
10441.55235,0.14064
10437.69511,0.14041
10433.83787,0.14017
10429.98063,0.14005
10426.12339,0.14014
10422.26614,0.14040
10418.40890,0.14041
10414.55166,0.13978
10410.69442,0.13879
10406.83718,0.13817
10402.97994,0.13818
10399.12270,0.13837
10395.26545,0.13835
10391.40821,0.13854
10387.55097,0.13910
10383.69373,0.13932
10379.83649,0.13917
10375.97925,0.13935
10372.12201,0.14003
10368.26477,0.14051
10364.40752,0.14020
10360.55028,0.13964
10356.69304,0.13956
10352.83580,0.13995
10348.97856,0.14037
10345.12132,0.14050
10341.26408,0.14037
10337.40683,0.14015
10333.54959,0.14017
10329.69235,0.14069
10325.83511,0.14112
10321.97787,0.14051
10318.12063,0.13937
10314.26339,0.13902
10310.40615,0.13923
10306.54890,0.13922
10302.69166,0.13908
10298.83442,0.13929
10294.97718,0.13983
10291.11994,0.14000
10287.26270,0.13951
10283.40546,0.13912
10279.54821,0.13933
10275.69097,0.13979
10271.83373,0.14020
10267.97649,0.14030
10264.11925,0.13982
10260.26201,0.13934
10256.40477,0.13958
10252.54752,0.14013
10248.69028,0.14044
10244.83304,0.14055
10240.97580,0.14054
10237.11856,0.14028
10233.26132,0.13987
10229.40408,0.13966
10225.54684,0.13954
10221.68959,0.13931
10217.83235,0.13939
10213.97511,0.13987
10210.11787,0.13996
10206.26063,0.13962
10202.40339,0.13984
10198.54615,0.14069
10194.68890,0.14118
10190.83166,0.14087
10186.97442,0.14023
10183.11718,0.13997
10179.25994,0.14026
10175.40270,0.14052
10171.54546,0.14057
10167.68821,0.14082
10163.83097,0.14127
10159.97373,0.14149
10156.11649,0.14153
10152.25925,0.14165
10148.40201,0.14196
10144.54477,0.14224
10140.68753,0.14201
10136.83028,0.14143
10132.97304,0.14112
10129.11580,0.14103
10125.25856,0.14105
10121.40132,0.14128
10117.54408,0.14148
10113.68684,0.14141
10109.82959,0.14124
10105.97235,0.14137
10102.11511,0.14169
10098.25787,0.14164
10094.40063,0.14108
10090.54339,0.14047
10086.68615,0.14016
10082.82891,0.14010
10078.97166,0.14000
10075.11442,0.13985
10071.25718,0.14002
10067.39994,0.14044
10063.54270,0.14074
10059.68546,0.14079
10055.82822,0.14073
10051.97097,0.14105
10048.11373,0.14179
10044.25649,0.14234
10040.39925,0.14241
10036.54201,0.14248
10032.68477,0.14262
10028.82753,0.14230
10024.97028,0.14154
10021.11304,0.14086
10017.25580,0.14035
10013.39856,0.13980
10009.54132,0.13935
10005.68408,0.13929
10001.82684,0.13937
9997.96960,0.13951
9994.11235,0.13998
9990.25511,0.14050
9986.39787,0.14081
9982.54063,0.14106
9978.68339,0.14131
9974.82615,0.14153
9970.96891,0.14154
9967.11166,0.14124
9963.25442,0.14106
9959.39718,0.14126
9955.53994,0.14157
9951.68270,0.14205
9947.82546,0.14285
9943.96822,0.14323
9940.11097,0.14261
9936.25373,0.14172
9932.39649,0.14126
9928.53925,0.14128
9924.68201,0.14151
9920.82477,0.14146
9916.96753,0.14111
9913.11029,0.14094
9909.25304,0.14099
9905.39580,0.14097
9901.53856,0.14092
9897.68132,0.14090
9893.82408,0.14073
9889.96684,0.14054
9886.10960,0.14055
9882.25235,0.14060
9878.39511,0.14033
9874.53787,0.13981
9870.68063,0.13966
9866.82339,0.13997
9862.96615,0.14037
9859.10891,0.14062
9855.25167,0.14057
9851.39442,0.14028
9847.53718,0.14011
9843.67994,0.14036
9839.82270,0.14091
9835.96546,0.14137
9832.10822,0.14138
9828.25098,0.14119
9824.39373,0.14135
9820.53649,0.14158
9816.67925,0.14144
9812.82201,0.14119
9808.96477,0.14085
9805.10753,0.14024
9801.25029,0.13999
9797.39304,0.14064
9793.53580,0.14156
9789.67856,0.14160
9785.82132,0.14057
9781.96408,0.13940
9778.10684,0.13905
9774.24960,0.13938
9770.39236,0.13960
9766.53511,0.13956
9762.67787,0.13953
9758.82063,0.13959
9754.96339,0.13967
9751.10615,0.13966
9747.24891,0.13963
9743.39167,0.13963
9739.53442,0.13961
9735.67718,0.13970
9731.81994,0.13973
9727.96270,0.13930
9724.10546,0.13884
9720.24822,0.13898
9716.39098,0.13933
9712.53373,0.13942
9708.67649,0.13952
9704.81925,0.13976
9700.96201,0.13973
9697.10477,0.13939
9693.24753,0.13920
9689.39029,0.13926
9685.53305,0.13915
9681.67580,0.13864
9677.81856,0.13798
9673.96132,0.13752
9670.10408,0.13755
9666.24684,0.13805
9662.38960,0.13835
9658.53236,0.13819
9654.67511,0.13803
9650.81787,0.13796
9646.96063,0.13772
9643.10339,0.13747
9639.24615,0.13768
9635.38891,0.13818
9631.53167,0.13842
9627.67443,0.13820
9623.81718,0.13794
9619.95994,0.13805
9616.10270,0.13819
9612.24546,0.13810
9608.38822,0.13815
9604.53098,0.13817
9600.67374,0.13767
9596.81649,0.13706
9592.95925,0.13698
9589.10201,0.13742
9585.24477,0.13790
9581.38753,0.13797
9577.53029,0.13748
9573.67305,0.13699
9569.81580,0.13697
9565.95856,0.13720
9562.10132,0.13747
9558.24408,0.13781
9554.38684,0.13807
9550.52960,0.13799
9546.67236,0.13764
9542.81512,0.13738
9538.95787,0.13726
9535.10063,0.13703
9531.24339,0.13675
9527.38615,0.13672
9523.52891,0.13686
9519.67167,0.13699
9515.81443,0.13714
9511.95718,0.13718
9508.09994,0.13693
9504.24270,0.13666
9500.38546,0.13673
9496.52822,0.13698
9492.67098,0.13692
9488.81374,0.13656
9484.95649,0.13644
9481.09925,0.13669
9477.24201,0.13697
9473.38477,0.13688
9469.52753,0.13656
9465.67029,0.13649
9461.81305,0.13669
9457.95581,0.13676
9454.09856,0.13661
9450.24132,0.13654
9446.38408,0.13670
9442.52684,0.13687
9438.66960,0.13684
9434.81236,0.13676
9430.95512,0.13692
9427.09787,0.13718
9423.24063,0.13719
9419.38339,0.13695
9415.52615,0.13681
9411.66891,0.13677
9407.81167,0.13657
9403.95443,0.13637
9400.09719,0.13630
9396.23994,0.13609
9392.38270,0.13577
9388.52546,0.13574
9384.66822,0.13607
9380.81098,0.13636
9376.95374,0.13620
9373.09650,0.13571
9369.23925,0.13544
9365.38201,0.13566
9361.52477,0.13600
9357.66753,0.13616
9353.81029,0.13620
9349.95305,0.13621
9346.09581,0.13630
9342.23856,0.13654
9338.38132,0.13666
9334.52408,0.13637
9330.66684,0.13598
9326.80960,0.13585
9322.95236,0.13583
9319.09512,0.13571
9315.23788,0.13572
9311.38063,0.13594
9307.52339,0.13615
9303.66615,0.13636
9299.80891,0.13649
9295.95167,0.13616
9292.09443,0.13563
9288.23719,0.13547
9284.37994,0.13559
9280.52270,0.13560
9276.66546,0.13546
9272.80822,0.13550
9268.95098,0.13586
9265.09374,0.13616
9261.23650,0.13613
9257.37925,0.13609
9253.52201,0.13615
9249.66477,0.13606
9245.80753,0.13588
9241.95029,0.13584
9238.09305,0.13582
9234.23581,0.13559
9230.37857,0.13533
9226.52132,0.13532
9222.66408,0.13555
9218.80684,0.13583
9214.94960,0.13599
9211.09236,0.13585
9207.23512,0.13555
9203.37788,0.13550
9199.52063,0.13574
9195.66339,0.13595
9191.80615,0.13584
9187.94891,0.13558
9184.09167,0.13549
9180.23443,0.13549
9176.37719,0.13545
9172.51995,0.13541
9168.66270,0.13539
9164.80546,0.13552
9160.94822,0.13582
9157.09098,0.13602
9153.23374,0.13586
9149.37650,0.13549
9145.51926,0.13531
9141.66201,0.13542
9137.80477,0.13564
9133.94753,0.13574
9130.09029,0.13574
9126.23305,0.13584
9122.37581,0.13603
9118.51857,0.13622
9114.66132,0.13635
9110.80408,0.13642
9106.94684,0.13641
9103.08960,0.13620
9099.23236,0.13606
9095.37512,0.13618
9091.51788,0.13620
9087.66064,0.13608
9083.80339,0.13615
9079.94615,0.13637
9076.08891,0.13658
9072.23167,0.13673
9068.37443,0.13670
9064.51719,0.13653
9060.65995,0.13626
9056.80270,0.13604
9052.94546,0.13612
9049.08822,0.13644
9045.23098,0.13664
9041.37374,0.13660
9037.51650,0.13653
9033.65926,0.13652
9029.80201,0.13653
9025.94477,0.13666
9022.08753,0.13685
9018.23029,0.13689
9014.37305,0.13683
9010.51581,0.13692
9006.65857,0.13720
9002.80133,0.13749
8998.94408,0.13772
8995.08684,0.13790
8991.22960,0.13810
8987.37236,0.13831
8983.51512,0.13855
8979.65788,0.13879
8975.80064,0.13898
8971.94339,0.13913
8968.08615,0.13931
8964.22891,0.13971
8960.37167,0.14027
8956.51443,0.14060
8952.65719,0.14064
8948.79995,0.14072
8944.94271,0.14107
8941.08546,0.14166
8937.22822,0.14226
8933.37098,0.14257
8929.51374,0.14264
8925.65650,0.14294
8921.79926,0.14368
8917.94202,0.14452
8914.08477,0.14518
8910.22753,0.14571
8906.37029,0.14626
8902.51305,0.14701
8898.65581,0.14800
8894.79857,0.14893
8890.94133,0.14953
8887.08408,0.15002
8883.22684,0.15078
8879.36960,0.15180
8875.51236,0.15273
8871.65512,0.15326
8867.79788,0.15339
8863.94064,0.15348
8860.08340,0.15373
8856.22615,0.15394
8852.36891,0.15398
8848.51167,0.15375
8844.65443,0.15334
8840.79719,0.15297
8836.93995,0.15268
8833.08271,0.15232
8829.22546,0.15184
8825.36822,0.15127
8821.51098,0.15071
8817.65374,0.15008
8813.79650,0.14938
8809.93926,0.14879
8806.08202,0.14826
8802.22477,0.14752
8798.36753,0.14653
8794.51029,0.14547
8790.65305,0.14456
8786.79581,0.14403
8782.93857,0.14376
8779.08133,0.14338
8775.22409,0.14281
8771.36684,0.14232
8767.50960,0.14202
8763.65236,0.14179
8759.79512,0.14165
8755.93788,0.14164
8752.08064,0.14156
8748.22340,0.14139
8744.36615,0.14127
8740.50891,0.14108
8736.65167,0.14079
8732.79443,0.14069
8728.93719,0.14079
8725.07995,0.14074
8721.22271,0.14066
8717.36547,0.14087
8713.50822,0.14111
8709.65098,0.14100
8705.79374,0.14090
8701.93650,0.14115
8698.07926,0.14154
8694.22202,0.14178
8690.36478,0.14185
8686.50753,0.14188
8682.65029,0.14183
8678.79305,0.14171
8674.93581,0.14172
8671.07857,0.14193
8667.22133,0.14218
8663.36409,0.14238
8659.50684,0.14246
8655.64960,0.14251
8651.79236,0.14261
8647.93512,0.14269
8644.07788,0.14273
8640.22064,0.14287
8636.36340,0.14310
8632.50616,0.14331
8628.64891,0.14340
8624.79167,0.14347
8620.93443,0.14367
8617.07719,0.14405
8613.21995,0.14445
8609.36271,0.14473
8605.50547,0.14488
8601.64822,0.14493
8597.79098,0.14494
8593.93374,0.14515
8590.07650,0.14553
8586.21926,0.14581
8582.36202,0.14592
8578.50478,0.14598
8574.64753,0.14601
8570.79029,0.14608
8566.93305,0.14621
8563.07581,0.14627
8559.21857,0.14624
8555.36133,0.14633
8551.50409,0.14657
8547.64685,0.14685
8543.78960,0.14713
8539.93236,0.14734
8536.07512,0.14745
8532.21788,0.14765
8528.36064,0.14804
8524.50340,0.14844
8520.64616,0.14865
8516.78891,0.14869
8512.93167,0.14867
8509.07443,0.14867
8505.21719,0.14873
8501.35995,0.14880
8497.50271,0.14874
8493.64547,0.14859
8489.78822,0.14858
8485.93098,0.14866
8482.07374,0.14864
8478.21650,0.14853
8474.35926,0.14854
8470.50202,0.14867
8466.64478,0.14874
8462.78754,0.14877
8458.93029,0.14882
8455.07305,0.14874
8451.21581,0.14843
8447.35857,0.14807
8443.50133,0.14787
8439.64409,0.14779
8435.78685,0.14772
8431.92960,0.14775
8428.07236,0.14790
8424.21512,0.14797
8420.35788,0.14788
8416.50064,0.14782
8412.64340,0.14786
8408.78616,0.14777
8404.92892,0.14751
8401.07167,0.14724
8397.21443,0.14699
8393.35719,0.14670
8389.49995,0.14650
8385.64271,0.14639
8381.78547,0.14627
8377.92823,0.14617
8374.07098,0.14623
8370.21374,0.14642
8366.35650,0.14655
8362.49926,0.14651
8358.64202,0.14638
8354.78478,0.14624
8350.92754,0.14624
8347.07029,0.14635
8343.21305,0.14645
8339.35581,0.14642
8335.49857,0.14619
8331.64133,0.14593
8327.78409,0.14573
8323.92685,0.14558
8320.06961,0.14555
8316.21236,0.14560
8312.35512,0.14558
8308.49788,0.14549
8304.64064,0.14541
8300.78340,0.14534
8296.92616,0.14529
8293.06892,0.14535
8289.21167,0.14549
8285.35443,0.14548
8281.49719,0.14537
8277.63995,0.14537
8273.78271,0.14547
8269.92547,0.14551
8266.06823,0.14545
8262.21098,0.14542
8258.35374,0.14545
8254.49650,0.14544
8250.63926,0.14541
8246.78202,0.14547
8242.92478,0.14566
8239.06754,0.14582
8235.21030,0.14577
8231.35305,0.14553
8227.49581,0.14532
8223.63857,0.14530
8219.78133,0.14541
8215.92409,0.14549
8212.06685,0.14543
8208.20961,0.14534
8204.35236,0.14534
8200.49512,0.14530
8196.63788,0.14512
8192.78064,0.14501
8188.92340,0.14508
8185.06616,0.14509
8181.20892,0.14492
8177.35168,0.14475
8173.49443,0.14464
8169.63719,0.14459
8165.77995,0.14463
8161.92271,0.14464
8158.06547,0.14455
8154.20823,0.14443
8150.35099,0.14425
8146.49374,0.14400
8142.63650,0.14372
8138.77926,0.14363
8134.92202,0.14369
8131.06478,0.14361
8127.20754,0.14336
8123.35030,0.14315
8119.49305,0.14302
8115.63581,0.14299
8111.77857,0.14299
8107.92133,0.14289
8104.06409,0.14274
8100.20685,0.14268
8096.34961,0.14262
8092.49237,0.14251
8088.63512,0.14237
8084.77788,0.14218
8080.92064,0.14195
8077.06340,0.14181
8073.20616,0.14179
8069.34892,0.14184
8065.49168,0.14190
8061.63443,0.14192
8057.77719,0.14192
8053.91995,0.14190
8050.06271,0.14177
8046.20547,0.14147
8042.34823,0.14112
8038.49099,0.14089
8034.63374,0.14083
8030.77650,0.14092
8026.91926,0.14096
8023.06202,0.14085
8019.20478,0.14070
8015.34754,0.14057
8011.49030,0.14045
8007.63306,0.14048
8003.77581,0.14061
7999.91857,0.14061
7996.06133,0.14046
7992.20409,0.14037
7988.34685,0.14038
7984.48961,0.14038
7980.63237,0.14033
7976.77512,0.14023
7972.91788,0.14015
7969.06064,0.14015
7965.20340,0.14017
7961.34616,0.14012
7957.48892,0.14005
7953.63168,0.13997
7949.77444,0.13986
7945.91719,0.13976
7942.05995,0.13970
7938.20271,0.13964
7934.34547,0.13959
7930.48823,0.13956
7926.63099,0.13952
7922.77375,0.13954
7918.91650,0.13964
7915.05926,0.13970
7911.20202,0.13968
7907.34478,0.13962
7903.48754,0.13959
7899.63030,0.13968
7895.77306,0.13981
7891.91581,0.13987
7888.05857,0.13990
7884.20133,0.14001
7880.34409,0.14008
7876.48685,0.13998
7872.62961,0.13981
7868.77237,0.13975
7864.91513,0.13982
7861.05788,0.13989
7857.20064,0.13983
7853.34340,0.13976
7849.48616,0.13969
7845.62892,0.13951
7841.77168,0.13927
7837.91444,0.13921
7834.05719,0.13930
7830.19995,0.13932
7826.34271,0.13914
7822.48547,0.13889
7818.62823,0.13873
7814.77099,0.13869
7810.91375,0.13877
7807.05650,0.13893
7803.19926,0.13906
7799.34202,0.13901
7795.48478,0.13873
7791.62754,0.13840
7787.77030,0.13833
7783.91306,0.13840
7780.05582,0.13834
7776.19857,0.13829
7772.34133,0.13831
7768.48409,0.13821
7764.62685,0.13802
7760.76961,0.13796
7756.91237,0.13793
7753.05513,0.13782
7749.19788,0.13775
7745.34064,0.13775
7741.48340,0.13770
7737.62616,0.13758
7733.76892,0.13745
7729.91168,0.13740
7726.05444,0.13745
7722.19720,0.13744
7718.33995,0.13723
7714.48271,0.13702
7710.62547,0.13715
7706.76823,0.13733
7702.91099,0.13715
7699.05375,0.13685
7695.19651,0.13668
7691.33926,0.13652
7687.48202,0.13649
7683.62478,0.13668
7679.76754,0.13690
7675.91030,0.13692
7672.05306,0.13677
7668.19582,0.13662
7664.33857,0.13663
7660.48133,0.13670
7656.62409,0.13668
7652.76685,0.13668
7648.90961,0.13678
7645.05237,0.13687
7641.19513,0.13686
7637.33789,0.13684
7633.48064,0.13678
7629.62340,0.13665
7625.76616,0.13654
7621.90892,0.13659
7618.05168,0.13680
7614.19444,0.13698
7610.33720,0.13707
7606.47995,0.13717
7602.62271,0.13723
7598.76547,0.13722
7594.90823,0.13722
7591.05099,0.13727
7587.19375,0.13730
7583.33651,0.13739
7579.47926,0.13754
7575.62202,0.13753
7571.76478,0.13744
7567.90754,0.13749
7564.05030,0.13758
7560.19306,0.13764
7556.33582,0.13785
7552.47858,0.13815
7548.62133,0.13833
7544.76409,0.13843
7540.90685,0.13851
7537.04961,0.13861
7533.19237,0.13882
7529.33513,0.13903
7525.47789,0.13907
7521.62064,0.13902
7517.76340,0.13901
7513.90616,0.13907
7510.04892,0.13928
7506.19168,0.13959
7502.33444,0.13978
7498.47720,0.13981
7494.61996,0.13989
7490.76271,0.14008
7486.90547,0.14027
7483.04823,0.14039
7479.19099,0.14050
7475.33375,0.14070
7471.47651,0.14096
7467.61927,0.14116
7463.76202,0.14140
7459.90478,0.14181
7456.04754,0.14230
7452.19030,0.14277
7448.33306,0.14323
7444.47582,0.14371
7440.61858,0.14420
7436.76133,0.14473
7432.90409,0.14530
7429.04685,0.14590
7425.18961,0.14658
7421.33237,0.14726
7417.47513,0.14789
7413.61789,0.14842
7409.76065,0.14887
7405.90340,0.14937
7402.04616,0.15000
7398.18892,0.15072
7394.33168,0.15143
7390.47444,0.15212
7386.61720,0.15282
7382.75996,0.15356
7378.90271,0.15429
7375.04547,0.15496
7371.18823,0.15567
7367.33099,0.15647
7363.47375,0.15722
7359.61651,0.15785
7355.75927,0.15846
7351.90202,0.15911
7348.04478,0.15970
7344.18754,0.16019
7340.33030,0.16068
7336.47306,0.16116
7332.61582,0.16154
7328.75858,0.16183
7324.90134,0.16208
7321.04409,0.16237
7317.18685,0.16270
7313.32961,0.16295
7309.47237,0.16298
7305.61513,0.16297
7301.75789,0.16311
7297.90065,0.16331
7294.04340,0.16348
7290.18616,0.16361
7286.32892,0.16374
7282.47168,0.16391
7278.61444,0.16414
7274.75720,0.16438
7270.89996,0.16459
7267.04272,0.16478
7263.18547,0.16499
7259.32823,0.16520
7255.47099,0.16537
7251.61375,0.16553
7247.75651,0.16573
7243.89927,0.16593
7240.04203,0.16609
7236.18478,0.16618
7232.32754,0.16621
7228.47030,0.16625
7224.61306,0.16640
7220.75582,0.16664
7216.89858,0.16683
7213.04134,0.16691
7209.18409,0.16694
7205.32685,0.16700
7201.46961,0.16710
7197.61237,0.16717
7193.75513,0.16721
7189.89789,0.16729
7186.04065,0.16748
7182.18341,0.16778
7178.32616,0.16810
7174.46892,0.16845
7170.61168,0.16882
7166.75444,0.16920
7162.89720,0.16964
7159.03996,0.17018
7155.18272,0.17079
7151.32547,0.17144
7147.46823,0.17213
7143.61099,0.17283
7139.75375,0.17353
7135.89651,0.17426
7132.03927,0.17505
7128.18203,0.17583
7124.32478,0.17658
7120.46754,0.17731
7116.61030,0.17800
7112.75306,0.17873
7108.89582,0.17962
7105.03858,0.18066
7101.18134,0.18170
7097.32410,0.18269
7093.46685,0.18374
7089.60961,0.18482
7085.75237,0.18590
7081.89513,0.18709
7078.03789,0.18844
7074.18065,0.18981
7070.32341,0.19119
7066.46616,0.19253
7062.60892,0.19381
7058.75168,0.19511
7054.89444,0.19647
7051.03720,0.19783
7047.17996,0.19915
7043.32272,0.20046
7039.46548,0.20181
7035.60823,0.20313
7031.75099,0.20432
7027.89375,0.20534
7024.03651,0.20628
7020.17927,0.20718
7016.32203,0.20802
7012.46479,0.20888
7008.60754,0.20977
7004.75030,0.21062
7000.89306,0.21142
6997.03582,0.21217
6993.17858,0.21296
6989.32134,0.21380
6985.46410,0.21458
6981.60685,0.21527
6977.74961,0.21592
6973.89237,0.21653
6970.03513,0.21710
6966.17789,0.21761
6962.32065,0.21808
6958.46341,0.21852
6954.60617,0.21892
6950.74892,0.21932
6946.89168,0.21973
6943.03444,0.22014
6939.17720,0.22048
6935.31996,0.22073
6931.46272,0.22096
6927.60548,0.22131
6923.74823,0.22175
6919.89099,0.22218
6916.03375,0.22265
6912.17651,0.22318
6908.31927,0.22355
6904.46203,0.22368
6900.60479,0.22386
6896.74754,0.22422
6892.89030,0.22459
6889.03306,0.22490
6885.17582,0.22524
6881.31858,0.22571
6877.46134,0.22625
6873.60410,0.22679
6869.74686,0.22736
6865.88961,0.22796
6862.03237,0.22859
6858.17513,0.22924
6854.31789,0.22987
6850.46065,0.23047
6846.60341,0.23109
6842.74617,0.23166
6838.88892,0.23215
6835.03168,0.23269
6831.17444,0.23335
6827.31720,0.23407
6823.45996,0.23484
6819.60272,0.23557
6815.74548,0.23626
6811.88824,0.23695
6808.03099,0.23762
6804.17375,0.23832
6800.31651,0.23911
6796.45927,0.23995
6792.60203,0.24078
6788.74479,0.24169
6784.88755,0.24264
6781.03030,0.24347
6777.17306,0.24418
6773.31582,0.24484
6769.45858,0.24551
6765.60134,0.24621
6761.74410,0.24683
6757.88686,0.24728
6754.02961,0.24765
6750.17237,0.24801
6746.31513,0.24834
6742.45789,0.24860
6738.60065,0.24880
6734.74341,0.24896
6730.88617,0.24908
6727.02893,0.24920
6723.17168,0.24936
6719.31444,0.24954
6715.45720,0.24969
6711.59996,0.24976
6707.74272,0.24976
6703.88548,0.24974
6700.02824,0.24967
6696.17099,0.24958
6692.31375,0.24952
6688.45651,0.24949
6684.59927,0.24946
6680.74203,0.24936
6676.88479,0.24913
6673.02755,0.24883
6669.17030,0.24849
6665.31306,0.24814
6661.45582,0.24783
6657.59858,0.24759
6653.74134,0.24733
6649.88410,0.24697
6646.02686,0.24656
6642.16962,0.24618
6638.31237,0.24577
6634.45513,0.24526
6630.59789,0.24471
6626.74065,0.24417
6622.88341,0.24361
6619.02617,0.24308
6615.16893,0.24262
6611.31168,0.24218
6607.45444,0.24171
6603.59720,0.24127
6599.73996,0.24089
6595.88272,0.24050
6592.02548,0.24012
6588.16824,0.23989
6584.31100,0.23969
6580.45375,0.23947
6576.59651,0.23931
6572.73927,0.23919
6568.88203,0.23907
6565.02479,0.23902
6561.16755,0.23902
6557.31031,0.23905
6553.45306,0.23914
6549.59582,0.23925
6545.73858,0.23935
6541.88134,0.23947
6538.02410,0.23965
6534.16686,0.23986
6530.30962,0.24005
6526.45237,0.24018
6522.59513,0.24027
6518.73789,0.24037
6514.88065,0.24054
6511.02341,0.24073
6507.16617,0.24083
6503.30893,0.24082
6499.45169,0.24082
6495.59444,0.24086
6491.73720,0.24092
6487.87996,0.24094
6484.02272,0.24090
6480.16548,0.24083
6476.30824,0.24075
6472.45100,0.24063
6468.59375,0.24045
6464.73651,0.24026
6460.87927,0.24008
6457.02203,0.23989
6453.16479,0.23969
6449.30755,0.23944
6445.45031,0.23920
6441.59306,0.23895
6437.73582,0.23864
6433.87858,0.23826
6430.02134,0.23791
6426.16410,0.23757
6422.30686,0.23719
6418.44962,0.23688
6414.59238,0.23660
6410.73513,0.23628
6406.87789,0.23597
6403.02065,0.23572
6399.16341,0.23555
6395.30617,0.23544
6391.44893,0.23535
6387.59169,0.23517
6383.73444,0.23495
6379.87720,0.23473
6376.01996,0.23450
6372.16272,0.23431
6368.30548,0.23421
6364.44824,0.23410
6360.59100,0.23389
6356.73376,0.23358
6352.87651,0.23333
6349.01927,0.23324
6345.16203,0.23326
6341.30479,0.23330
6337.44755,0.23335
6333.59031,0.23341
6329.73307,0.23344
6325.87582,0.23340
6322.01858,0.23334
6318.16134,0.23329
6314.30410,0.23321
6310.44686,0.23310
6306.58962,0.23297
6302.73238,0.23279
6298.87513,0.23253
6295.01789,0.23218
6291.16065,0.23177
6287.30341,0.23130
6283.44617,0.23076
6279.58893,0.23014
6275.73169,0.22951
6271.87445,0.22889
6268.01720,0.22823
6264.15996,0.22757
6260.30272,0.22694
6256.44548,0.22627
6252.58824,0.22549
6248.73100,0.22464
6244.87376,0.22378
6241.01651,0.22288
6237.15927,0.22195
6233.30203,0.22101
6229.44479,0.22013
6225.58755,0.21935
6221.73031,0.21865
6217.87307,0.21822
6214.01582,0.21814
6210.15858,0.21833
6206.30134,0.21867
6202.44410,0.21907
6198.58686,0.21932
6194.72962,0.21911
6190.87238,0.21837
6187.01514,0.21725
6183.15789,0.21596
6179.30065,0.21474
6175.44341,0.21374
6171.58617,0.21299
6167.72893,0.21251
6163.87169,0.21231
6160.01445,0.21239
6156.15720,0.21285
6152.29996,0.21362
6148.44272,0.21432
6144.58548,0.21462
6140.72824,0.21454
6136.87100,0.21423
6133.01376,0.21385
6129.15652,0.21364
6125.29927,0.21391
6121.44203,0.21482
6117.58479,0.21643
6113.72755,0.21878
6109.87031,0.22183
6106.01307,0.22551
6102.15583,0.22974
6098.29858,0.23434
6094.44134,0.23915
6090.58410,0.24396
6086.72686,0.24855
6082.86962,0.25281
6079.01238,0.25688
6075.15514,0.26127
6071.29789,0.26660
6067.44065,0.27300
6063.58341,0.28003
6059.72617,0.28699
6055.86893,0.29323
6052.01169,0.29859
6048.15445,0.30346
6044.29721,0.30829
6040.43996,0.31344
6036.58272,0.31918
6032.72548,0.32532
6028.86824,0.33107
6025.01100,0.33545
6021.15376,0.33768
6017.29652,0.33723
6013.43927,0.33402
6009.58203,0.32839
6005.72479,0.32099
6001.86755,0.31272
5998.01031,0.30463
5994.15307,0.29760
5990.29583,0.29210
5986.43858,0.28822
5982.58134,0.28564
5978.72410,0.28363
5974.86686,0.28116
5971.00962,0.27763
5967.15238,0.27337
5963.29514,0.26938
5959.43790,0.26642
5955.58065,0.26458
5951.72341,0.26366
5947.86617,0.26322
5944.00893,0.26258
5940.15169,0.26108
5936.29445,0.25844
5932.43721,0.25474
5928.57996,0.25044
5924.72272,0.24611
5920.86548,0.24208
5917.00824,0.23849
5913.15100,0.23551
5909.29376,0.23335
5905.43652,0.23223
5901.57927,0.23227
5897.72203,0.23335
5893.86479,0.23517
5890.00755,0.23746
5886.15031,0.24008
5882.29307,0.24275
5878.43583,0.24521
5874.57859,0.24741
5870.72134,0.24936
5866.86410,0.25086
5863.00686,0.25164
5859.14962,0.25160
5855.29238,0.25093
5851.43514,0.24993
5847.57790,0.24890
5843.72065,0.24806
5839.86341,0.24749
5836.00617,0.24721
5832.14893,0.24720
5828.29169,0.24737
5824.43445,0.24760
5820.57721,0.24787
5816.71997,0.24817
5812.86272,0.24847
5809.00548,0.24863
5805.14824,0.24854
5801.29100,0.24826
5797.43376,0.24791
5793.57652,0.24755
5789.71928,0.24720
5785.86203,0.24687
5782.00479,0.24653
5778.14755,0.24610
5774.29031,0.24555
5770.43307,0.24483
5766.57583,0.24391
5762.71859,0.24279
5758.86134,0.24142
5755.00410,0.23979
5751.14686,0.23799
5747.28962,0.23612
5743.43238,0.23426
5739.57514,0.23244
5735.71790,0.23069
5731.86066,0.22917
5728.00341,0.22807
5724.14617,0.22744
5720.28893,0.22723
5716.43169,0.22729
5712.57445,0.22743
5708.71721,0.22755
5704.85997,0.22764
5701.00272,0.22755
5697.14548,0.22723
5693.28824,0.22684
5689.43100,0.22644
5685.57376,0.22599
5681.71652,0.22559
5677.85928,0.22542
5674.00203,0.22550
5670.14479,0.22578
5666.28755,0.22619
5662.43031,0.22663
5658.57307,0.22703
5654.71583,0.22723
5650.85859,0.22709
5647.00135,0.22657
5643.14410,0.22576
5639.28686,0.22477
5635.42962,0.22373
5631.57238,0.22272
5627.71514,0.22181
5623.85790,0.22112
5620.00066,0.22069
5616.14341,0.22046
5612.28617,0.22030
5608.42893,0.22025
5604.57169,0.22040
5600.71445,0.22069
5596.85721,0.22104
5592.99997,0.22145
5589.14273,0.22197
5585.28548,0.22259
5581.42824,0.22328
5577.57100,0.22392
5573.71376,0.22449
5569.85652,0.22498
5565.99928,0.22528
5562.14204,0.22535
5558.28479,0.22530
5554.42755,0.22523
5550.57031,0.22514
5546.71307,0.22508
5542.85583,0.22509
5538.99859,0.22512
5535.14135,0.22513
5531.28410,0.22507
5527.42686,0.22490
5523.56962,0.22464
5519.71238,0.22431
5515.85514,0.22394
5511.99790,0.22361
5508.14066,0.22340
5504.28342,0.22339
5500.42617,0.22360
5496.56893,0.22405
5492.71169,0.22465
5488.85445,0.22529
5484.99721,0.22582
5481.13997,0.22608
5477.28273,0.22600
5473.42548,0.22565
5469.56824,0.22510
5465.71100,0.22442
5461.85376,0.22359
5457.99652,0.22262
5454.13928,0.22154
5450.28204,0.22031
5446.42479,0.21885
5442.56755,0.21727
5438.71031,0.21571
5434.85307,0.21427
5430.99583,0.21301
5427.13859,0.21193
5423.28135,0.21105
5419.42411,0.21039
5415.56686,0.20985
5411.70962,0.20941
5407.85238,0.20916
5403.99514,0.20904
5400.13790,0.20886
5396.28066,0.20860
5392.42342,0.20838
5388.56617,0.20828
5384.70893,0.20826
5380.85169,0.20832
5376.99445,0.20852
5373.13721,0.20878
5369.27997,0.20905
5365.42273,0.20936
5361.56549,0.20976
5357.70824,0.21018
5353.85100,0.21058
5349.99376,0.21094
5346.13652,0.21120
5342.27928,0.21132
5338.42204,0.21137
5334.56480,0.21147
5330.70755,0.21171
5326.85031,0.21214
5322.99307,0.21282
5319.13583,0.21375
5315.27859,0.21494
5311.42135,0.21642
5307.56411,0.21820
5303.70686,0.22024
5299.84962,0.22252
5295.99238,0.22507
5292.13514,0.22798
5288.27790,0.23138
5284.42066,0.23529
5280.56342,0.23967
5276.70618,0.24452
5272.84893,0.24969
5268.99169,0.25496
5265.13445,0.26020
5261.27721,0.26517
5257.41997,0.26965
5253.56273,0.27372
5249.70549,0.27743
5245.84824,0.28075
5241.99100,0.28363
5238.13376,0.28602
5234.27652,0.28810
5230.41928,0.29009
5226.56204,0.29192
5222.70480,0.29343
5218.84755,0.29464
5214.99031,0.29561
5211.13307,0.29644
5207.27583,0.29712
5203.41859,0.29763
5199.56135,0.29803
5195.70411,0.29840
5191.84687,0.29877
5187.98962,0.29909
5184.13238,0.29929
5180.27514,0.29935
5176.41790,0.29931
5172.56066,0.29924
5168.70342,0.29916
5164.84618,0.29910
5160.98893,0.29905
5157.13169,0.29903
5153.27445,0.29898
5149.41721,0.29886
5145.55997,0.29867
5141.70273,0.29850
5137.84549,0.29845
5133.98825,0.29848
5130.13100,0.29853
5126.27376,0.29852
5122.41652,0.29826
5118.55928,0.29733
5114.70204,0.29548
5110.84480,0.29283
5106.98756,0.28973
5103.13031,0.28651
5099.27307,0.28342
5095.41583,0.28055
5091.55859,0.27791
5087.70135,0.27547
5083.84411,0.27328
5079.98687,0.27135
5076.12962,0.26960
5072.27238,0.26795
5068.41514,0.26638
5064.55790,0.26493
5060.70066,0.26364
5056.84342,0.26247
5052.98618,0.26134
5049.12894,0.26032
5045.27169,0.25946
5041.41445,0.25868
5037.55721,0.25790
5033.69997,0.25712
5029.84273,0.25642
5025.98549,0.25584
5022.12825,0.25531
5018.27100,0.25481
5014.41376,0.25440
5010.55652,0.25402
5006.69928,0.25359
5002.84204,0.25313
4998.98480,0.25268
4995.12756,0.25224
4991.27031,0.25186
4987.41307,0.25164
4983.55583,0.25169
4979.69859,0.25198
4975.84135,0.25239
4971.98411,0.25292
4968.12687,0.25369
4964.26963,0.25476
4960.41238,0.25613
4956.55514,0.25779
4952.69790,0.25964
4948.84066,0.26164
4944.98342,0.26372
4941.12618,0.26586
4937.26894,0.26810
4933.41169,0.27050
4929.55445,0.27303
4925.69721,0.27565
4921.83997,0.27840
4917.98273,0.28132
4914.12549,0.28443
4910.26825,0.28768
4906.41101,0.29100
4902.55376,0.29439
4898.69652,0.29792
4894.83928,0.30159
4890.98204,0.30535
4887.12480,0.30917
4883.26756,0.31306
4879.41032,0.31696
4875.55307,0.32080
4871.69583,0.32455
4867.83859,0.32818
4863.98135,0.33162
4860.12411,0.33492
4856.26687,0.33817
4852.40963,0.34152
4848.55238,0.34515
4844.69514,0.34915
4840.83790,0.35346
4836.98066,0.35799
4833.12342,0.36262
4829.26618,0.36730
4825.40894,0.37190
4821.55170,0.37626
4817.69445,0.38029
4813.83721,0.38398
4809.97997,0.38741
4806.12273,0.39061
4802.26549,0.39344
4798.40825,0.39576
4794.55101,0.39753
4790.69376,0.39877
4786.83652,0.39953
4782.97928,0.39995
4779.12204,0.40023
4775.26480,0.40055
4771.40756,0.40108
4767.55032,0.40199
4763.69307,0.40346
4759.83583,0.40550
4755.97859,0.40796
4752.12135,0.41062
4748.26411,0.41336
4744.40687,0.41600
4740.54963,0.41851
4736.69239,0.42120
4732.83514,0.42458
4728.97790,0.42883
4725.12066,0.43340
4721.26342,0.43708
4717.40618,0.43892
4713.54894,0.43932
4709.69170,0.44003
4705.83445,0.44282
4701.97721,0.44810
4698.11997,0.45463
4694.26273,0.46007
4690.40549,0.46197
4686.54825,0.45904
4682.69101,0.45170
4678.83377,0.44165
4674.97652,0.43117
4671.11928,0.42234
4667.26204,0.41617
4663.40480,0.41235
4659.54756,0.41011
4655.69032,0.40930
4651.83308,0.41051
4647.97583,0.41421
4644.11859,0.41981
4640.26135,0.42545
4636.40411,0.42850
4632.54687,0.42666
4628.68963,0.41935
4624.83239,0.40827
4620.97514,0.39649
4617.11790,0.38654
4613.26066,0.37942
4609.40342,0.37513
4605.54618,0.37346
4601.68894,0.37435
4597.83170,0.37726
4593.97446,0.38073
4590.11721,0.38356
4586.25997,0.38583
4582.40273,0.38732
4578.54549,0.38597
4574.68825,0.38011
4570.83101,0.37085
4566.97377,0.36119
4563.11652,0.35357
4559.25928,0.34875
4555.40204,0.34610
4551.54480,0.34466
4547.68756,0.34380
4543.83032,0.34317
4539.97308,0.34262
4536.11583,0.34225
4532.25859,0.34229
4528.40135,0.34290
4524.54411,0.34414
4520.68687,0.34607
4516.82963,0.34877
4512.97239,0.35243
4509.11515,0.35737
4505.25790,0.36398
4501.40066,0.37249
4497.54342,0.38264
4493.68618,0.39326
4489.82894,0.40261
4485.97170,0.40983
4482.11446,0.41571
4478.25721,0.42211
4474.39997,0.43090
4470.54273,0.44319
4466.68549,0.45884
4462.82825,0.47542
4458.97101,0.48868
4455.11377,0.49616
4451.25653,0.49985
4447.39928,0.50352
4443.54204,0.50883
4439.68480,0.51495
4435.82756,0.52004
4431.97032,0.52220
4428.11308,0.52053
4424.25584,0.51599
4420.39859,0.51099
4416.54135,0.50802
4412.68411,0.50803
4408.82687,0.50983
4404.96963,0.51120
4401.11239,0.51042
4397.25515,0.50719
4393.39790,0.50237
4389.54066,0.49714
4385.68342,0.49240
4381.82618,0.48859
4377.96894,0.48584
4374.11170,0.48415
4370.25446,0.48356
4366.39722,0.48418
4362.53997,0.48574
4358.68273,0.48755
4354.82549,0.48923
4350.96825,0.49109
4347.11101,0.49366
4343.25377,0.49698
4339.39653,0.50037
4335.53928,0.50318
4331.68204,0.50539
4327.82480,0.50738
4323.96756,0.50965
4320.11032,0.51249
4316.25308,0.51614
4312.39584,0.52088
4308.53859,0.52669
4304.68135,0.53306
4300.82411,0.53920
4296.96687,0.54441
4293.10963,0.54811
4289.25239,0.55000
4285.39515,0.55030
4281.53791,0.54964
4277.68066,0.54844
4273.82342,0.54665
4269.96618,0.54427
4266.10894,0.54161
4262.25170,0.53926
4258.39446,0.53784
4254.53722,0.53755
4250.67997,0.53797
4246.82273,0.53834
4242.96549,0.53796
4239.10825,0.53662
4235.25101,0.53491
4231.39377,0.53357
4227.53653,0.53249
4223.67929,0.53087
4219.82204,0.52819
4215.96480,0.52474
4212.10756,0.52126
4208.25032,0.51831
4204.39308,0.51594
4200.53584,0.51401
4196.67860,0.51289
4192.82135,0.51340
4188.96411,0.51610
4185.10687,0.52071
4181.24963,0.52565
4177.39239,0.52806
4173.53515,0.52589
4169.67791,0.51988
4165.82066,0.51267
4161.96342,0.50656
4158.10618,0.50254
4154.24894,0.50066
4150.39170,0.50070
4146.53446,0.50261
4142.67722,0.50626
4138.81998,0.51107
4134.96273,0.51595
4131.10549,0.51986
4127.24825,0.52278
4123.39101,0.52572
4119.53377,0.52976
4115.67653,0.53548
4111.81929,0.54326
4107.96204,0.55345
4104.10480,0.56665
4100.24756,0.58393
4096.39032,0.60420
4092.53308,0.62112
4088.67584,0.62722
4084.81860,0.62172
4080.96135,0.60952
4077.10411,0.59582
4073.24687,0.58439
4069.38963,0.57700
4065.53239,0.57327
4061.67515,0.57204
4057.81791,0.57250
4053.96067,0.57414
4050.10342,0.57631
4046.24618,0.57830
4042.38894,0.57966
4038.53170,0.58038
4034.67446,0.58086
4030.81722,0.58134
4026.95998,0.58172
4023.10273,0.58187
4019.24549,0.58173
4015.38825,0.58111
4011.53101,0.57975
4007.67377,0.57775
4003.81653,0.57532
3999.95929,0.57258
3996.10205,0.56948
3992.24480,0.56616
3988.38756,0.56310
3984.53032,0.56069
3980.67308,0.55895
3976.81584,0.55757
3972.95860,0.55608
3969.10136,0.55401
3965.24411,0.55126
3961.38687,0.54817
3957.52963,0.54506
3953.67239,0.54197
3949.81515,0.53886
3945.95791,0.53578
3942.10067,0.53279
3938.24342,0.53002
3934.38618,0.52752
3930.52894,0.52527
3926.67170,0.52324
3922.81446,0.52130
3918.95722,0.51931
3915.09998,0.51712
3911.24274,0.51469
3907.38549,0.51179
3903.52825,0.50810
3899.67101,0.50407
3895.81377,0.50036
3891.95653,0.49686
3888.09929,0.49375
3884.24205,0.49138
3880.38480,0.48964
3876.52756,0.48789
3872.67032,0.48541
3868.81308,0.48199
3864.95584,0.47835
3861.09860,0.47525
3857.24136,0.47247
3853.38411,0.46939
3849.52687,0.46684
3845.66963,0.46531
3841.81239,0.46399
3837.95515,0.46279
3834.09791,0.46214
3830.24067,0.46191
3826.38343,0.46194
3822.52618,0.46280
3818.66894,0.46529
3814.81170,0.46873
3810.95446,0.47149
3807.09722,0.47281
3803.23998,0.47236
3799.38274,0.47029
3795.52549,0.46772
3791.66825,0.46578
3787.81101,0.46495
3783.95377,0.46523
3780.09653,0.46648
3776.23929,0.46848
3772.38205,0.47107
3768.52481,0.47428
3764.66756,0.47789
3760.81032,0.48088
3756.95308,0.48178
3753.09584,0.47968
3749.23860,0.47581
3745.38136,0.47352
3741.52412,0.47453
3737.66687,0.47790
3733.80963,0.48221
3729.95239,0.48515
3726.09515,0.48592
3722.23791,0.48625
3718.38067,0.48790
3714.52343,0.49164
3710.66618,0.49822
3706.80894,0.50733
3702.95170,0.51843
3699.09446,0.53179
3695.23722,0.54739
3691.37998,0.56685
3687.52274,0.58811
3683.66550,0.60293
3679.80825,0.61177
3675.95101,0.62144
3672.09377,0.63605
3668.23653,0.65372
3664.37929,0.67168
3660.52205,0.68982
3656.66481,0.70836
3652.80756,0.72710
3648.95032,0.74723
3645.09308,0.76697
3641.23584,0.78214
3637.37860,0.79408
3633.52136,0.80571
3629.66412,0.81834
3625.80687,0.82921
3621.94963,0.83740
3618.09239,0.84779
3614.23515,0.85863
3610.37791,0.86878
3606.52067,0.88057
3602.66343,0.89046
3598.80619,0.89808
