12493.60475,0.15875
12489.74751,0.15849
12485.89027,0.15732
12482.03303,0.15561
12478.17579,0.15453
12474.31855,0.15311
12470.46130,0.15246
12466.60406,0.15446
12462.74682,0.15641
12458.88958,0.15599
12455.03234,0.15491
12451.17510,0.15520
12447.31786,0.15641
12443.46062,0.15731
12439.60337,0.15688
12435.74613,0.15540
12431.88889,0.15493
12428.03165,0.15539
12424.17441,0.15617
12420.31717,0.15768
12416.45993,0.15789
12412.60268,0.15658
12408.74544,0.15670
12404.88820,0.15867
12401.03096,0.15990
12397.17372,0.15801
12393.31648,0.15443
12389.45924,0.15345
12385.60199,0.15572
12381.74475,0.15775
12377.88751,0.15766
12374.03027,0.15681
12370.17303,0.15678
12366.31579,0.15705
12362.45855,0.15777
12358.60131,0.15869
12354.74406,0.15780
12350.88682,0.15617
12347.02958,0.15591
12343.17234,0.15661
12339.31510,0.15785
12335.45786,0.15905
12331.60062,0.15910
12327.74337,0.15788
12323.88613,0.15633
12320.02889,0.15542
12316.17165,0.15544
12312.31441,0.15642
12308.45717,0.15794
12304.59993,0.15933
12300.74268,0.16020
12296.88544,0.15966
12293.02820,0.15710
12289.17096,0.15430
12285.31372,0.15341
12281.45648,0.15462
12277.59924,0.15681
12273.74200,0.15774
12269.88475,0.15657
12266.02751,0.15482
12262.17027,0.15354
12258.31303,0.15321
12254.45579,0.15417
12250.59855,0.15621
12246.74131,0.15746
12242.88406,0.15581
12239.02682,0.15341
12235.16958,0.15267
12231.31234,0.15168
12227.45510,0.15087
12223.59786,0.15370
12219.74062,0.15874
12215.88338,0.16163
12212.02613,0.16139
12208.16889,0.16003
12204.31165,0.15944
12200.45441,0.15938
12196.59717,0.15908
12192.73993,0.15794
12188.88269,0.15540
12185.02544,0.15334
12181.16820,0.15386
12177.31096,0.15475
12173.45372,0.15363
12169.59648,0.15133
12165.73924,0.14958
12161.88200,0.15047
12158.02475,0.15359
12154.16751,0.15528
12150.31027,0.15419
12146.45303,0.15282
12142.59579,0.15330
12138.73855,0.15306
12134.88131,0.14916
12131.02407,0.14524
12127.16682,0.14509
12123.30958,0.14624
12119.45234,0.14660
12115.59510,0.14679
12111.73786,0.14681
12107.88062,0.14807
12104.02338,0.15112
12100.16613,0.15281
12096.30889,0.15193
12092.45165,0.15103
12088.59441,0.15252
12084.73717,0.15499
12080.87993,0.15506
12077.02269,0.15355
12073.16544,0.15328
12069.30820,0.15344
12065.45096,0.15262
12061.59372,0.15154
12057.73648,0.15026
12053.87924,0.14944
12050.02200,0.15053
12046.16476,0.15237
12042.30751,0.15387
12038.45027,0.15434
12034.59303,0.15327
12030.73579,0.15274
12026.87855,0.15407
12023.02131,0.15604
12019.16407,0.15780
12015.30682,0.15958
12011.44958,0.16073
12007.59234,0.15995
12003.73510,0.15823
11999.87786,0.15745
11996.02062,0.15722
11992.16338,0.15670
11988.30614,0.15618
11984.44889,0.15606
11980.59165,0.15642
11976.73441,0.15705
11972.87717,0.15738
11969.01993,0.15756
11965.16269,0.15725
11961.30545,0.15579
11957.44820,0.15434
11953.59096,0.15423
11949.73372,0.15537
11945.87648,0.15626
11942.01924,0.15573
11938.16200,0.15531
11934.30476,0.15636
11930.44751,0.15785
11926.59027,0.15864
11922.73303,0.15857
11918.87579,0.15807
11915.01855,0.15753
11911.16131,0.15711
11907.30407,0.15689
11903.44683,0.15652
11899.58958,0.15643
11895.73234,0.15736
11891.87510,0.15776
11888.01786,0.15658
11884.16062,0.15587
11880.30338,0.15662
11876.44614,0.15771
11872.58889,0.15913
11868.73165,0.16108
11864.87441,0.16238
11861.01717,0.16233
11857.15993,0.16165
11853.30269,0.16066
11849.44545,0.15906
11845.58820,0.15786
11841.73096,0.15795
11837.87372,0.15830
11834.01648,0.15813
11830.15924,0.15801
11826.30200,0.15829
11822.44476,0.15896
11818.58752,0.15970
11814.73027,0.15977
11810.87303,0.15963
11807.01579,0.16026
11803.15855,0.16143
11799.30131,0.16268
11795.44407,0.16299
11791.58683,0.16177
11787.72958,0.16034
11783.87234,0.15905
11780.01510,0.15772
11776.15786,0.15769
11772.30062,0.15988
11768.44338,0.16308
11764.58614,0.16391
11760.72890,0.16093
11756.87165,0.15799
11753.01441,0.15788
11749.15717,0.15918
11745.29993,0.16082
11741.44269,0.16221
11737.58545,0.16250
11733.72821,0.16192
11729.87096,0.16125
11726.01372,0.16173
11722.15648,0.16340
11718.29924,0.16440
11714.44200,0.16393
11710.58476,0.16322
11706.72752,0.16298
11702.87027,0.16206
11699.01303,0.16017
11695.15579,0.15899
11691.29855,0.15907
11687.44131,0.15894
11683.58407,0.15796
11679.72683,0.15688
11675.86959,0.15583
11672.01234,0.15511
11668.15510,0.15532
11664.29786,0.15558
11660.44062,0.15554
11656.58338,0.15639
11652.72614,0.15781
11648.86890,0.15724
11645.01165,0.15491
11641.15441,0.15468
11637.29717,0.15642
11633.43993,0.15651
11629.58269,0.15583
11625.72545,0.15651
11621.86821,0.15705
11618.01096,0.15659
11614.15372,0.15622
11610.29648,0.15650
11606.43924,0.15746
11602.58200,0.15832
11598.72476,0.15737
11594.86752,0.15507
11591.01028,0.15459
11587.15303,0.15584
11583.29579,0.15529
11579.43855,0.15305
11575.58131,0.15244
11571.72407,0.15372
11567.86683,0.15425
11564.00959,0.15374
11560.15234,0.15407
11556.29510,0.15628
11552.43786,0.15956
11548.58062,0.16034
11544.72338,0.15676
11540.86614,0.15377
11537.00890,0.15559
11533.15166,0.15806
11529.29441,0.15725
11525.43717,0.15662
11521.57993,0.15817
11517.72269,0.15832
11513.86545,0.15644
11510.00821,0.15588
11506.15097,0.15732
11502.29372,0.15903
11498.43648,0.15951
11494.57924,0.15768
11490.72200,0.15494
11486.86476,0.15448
11483.00752,0.15637
11479.15028,0.15735
11475.29303,0.15634
11471.43579,0.15518
11467.57855,0.15461
11463.72131,0.15418
11459.86407,0.15434
11456.00683,0.15525
11452.14959,0.15591
11448.29235,0.15621
11444.43510,0.15607
11440.57786,0.15518
11436.72062,0.15581
11432.86338,0.15840
11429.00614,0.15884
11425.14890,0.15636
11421.29166,0.15468
11417.43441,0.15493
11413.57717,0.15534
11409.71993,0.15541
11405.86269,0.15596
11402.00545,0.15733
11398.14821,0.15840
11394.29097,0.15751
11390.43372,0.15536
11386.57648,0.15415
11382.71924,0.15429
11378.86200,0.15464
11375.00476,0.15401
11371.14752,0.15231
11367.29028,0.15033
11363.43304,0.14949
11359.57579,0.15119
11355.71855,0.15446
11351.86131,0.15660
11348.00407,0.15647
11344.14683,0.15517
11340.28959,0.15400
11336.43235,0.15350
11332.57510,0.15381
11328.71786,0.15433
11324.86062,0.15434
11321.00338,0.15407
11317.14614,0.15431
11313.28890,0.15533
11309.43166,0.15687
11305.57442,0.15838
11301.71717,0.15881
11297.85993,0.15772
11294.00269,0.15597
11290.14545,0.15473
11286.28821,0.15447
11282.43097,0.15415
11278.57373,0.15270
11274.71648,0.15109
11270.85924,0.15075
11267.00200,0.15163
11263.14476,0.15331
11259.28752,0.15529
11255.43028,0.15659
11251.57304,0.15673
11247.71579,0.15639
11243.85855,0.15622
11240.00131,0.15621
11236.14407,0.15630
11232.28683,0.15601
11228.42959,0.15520
11224.57235,0.15499
11220.71511,0.15504
11216.85786,0.15364
11213.00062,0.15166
11209.14338,0.15129
11205.28614,0.15234
11201.42890,0.15329
11197.57166,0.15343
11193.71442,0.15263
11189.85717,0.15159
11185.99993,0.15173
11182.14269,0.15260
11178.28545,0.15250
11174.42821,0.15174
11170.57097,0.15123
11166.71373,0.15106
11162.85648,0.15116
11158.99924,0.15113
11155.14200,0.15095
11151.28476,0.15053
11147.42752,0.14944
11143.57028,0.14863
11139.71304,0.14932
11135.85580,0.15135
11131.99855,0.15351
11128.14131,0.15440
11124.28407,0.15386
11120.42683,0.15292
11116.56959,0.15245
11112.71235,0.15276
11108.85511,0.15349
11104.99786,0.15386
11101.14062,0.15350
11097.28338,0.15325
11093.42614,0.15380
11089.56890,0.15444
11085.71166,0.15472
11081.85442,0.15506
11077.99718,0.15540
11074.13993,0.15546
11070.28269,0.15506
11066.42545,0.15469
11062.56821,0.15524
11058.71097,0.15627
11054.85373,0.15650
11050.99649,0.15594
11047.13924,0.15535
11043.28200,0.15486
11039.42476,0.15483
11035.56752,0.15504
11031.71028,0.15441
11027.85304,0.15345
11023.99580,0.15303
11020.13855,0.15258
11016.28131,0.15192
11012.42407,0.15179
11008.56683,0.15215
11004.70959,0.15217
11000.85235,0.15159
10996.99511,0.15105
10993.13787,0.15137
10989.28062,0.15225
10985.42338,0.15246
10981.56614,0.15199
10977.70890,0.15183
10973.85166,0.15269
10969.99442,0.15392
10966.13718,0.15400
10962.27993,0.15300
10958.42269,0.15237
10954.56545,0.15263
10950.70821,0.15278
10946.85097,0.15218
10942.99373,0.15169
10939.13649,0.15175
10935.27924,0.15187
10931.42200,0.15149
10927.56476,0.15068
10923.70752,0.15045
10919.85028,0.15104
10915.99304,0.15138
10912.13580,0.15116
10908.27856,0.15110
10904.42131,0.15136
10900.56407,0.15137
10896.70683,0.15119
10892.84959,0.15111
10888.99235,0.15080
10885.13511,0.15041
10881.27787,0.15055
10877.42062,0.15072
10873.56338,0.14986
10869.70614,0.14858
10865.84890,0.14816
10861.99166,0.14841
10858.13442,0.14861
10854.27718,0.14856
10850.41993,0.14824
10846.56269,0.14772
10842.70545,0.14739
10838.84821,0.14738
10834.99097,0.14740
10831.13373,0.14737
10827.27649,0.14767
10823.41925,0.14798
10819.56200,0.14801
10815.70476,0.14863
10811.84752,0.14969
10807.99028,0.15014
10804.13304,0.14964
10800.27580,0.14823
10796.41856,0.14705
10792.56131,0.14726
10788.70407,0.14802
10784.84683,0.14805
10780.98959,0.14752
10777.13235,0.14747
10773.27511,0.14794
10769.41787,0.14818
10765.56063,0.14840
10761.70338,0.14892
10757.84614,0.14942
10753.98890,0.14973
10750.13166,0.14975
10746.27442,0.14951
10742.41718,0.14902
10738.55994,0.14812
10734.70269,0.14736
10730.84545,0.14750
10726.98821,0.14807
10723.13097,0.14817
10719.27373,0.14804
10715.41649,0.14798
10711.55925,0.14786
10707.70200,0.14806
10703.84476,0.14849
10699.98752,0.14831
10696.13028,0.14752
10692.27304,0.14712
10688.41580,0.14766
10684.55856,0.14840
10680.70132,0.14902
10676.84407,0.14976
10672.98683,0.15010
10669.12959,0.14982
10665.27235,0.14892
10661.41511,0.14771
10657.55787,0.14728
10653.70063,0.14763
10649.84338,0.14795
10645.98614,0.14836
10642.12890,0.14868
10638.27166,0.14850
10634.41442,0.14854
10630.55718,0.14892
10626.69994,0.14892
10622.84269,0.14878
10618.98545,0.14891
10615.12821,0.14901
10611.27097,0.14891
10607.41373,0.14895
10603.55649,0.14943
10599.69925,0.14989
10595.84201,0.15002
10591.98476,0.14995
10588.12752,0.14920
10584.27028,0.14781
10580.41304,0.14684
10576.55580,0.14645
10572.69856,0.14613
10568.84132,0.14578
10564.98407,0.14550
10561.12683,0.14550
10557.26959,0.14583
10553.41235,0.14587
10549.55511,0.14529
10545.69787,0.14465
10541.84063,0.14436
10537.98339,0.14424
10534.12614,0.14428
10530.26890,0.14456
10526.41166,0.14467
10522.55442,0.14448
10518.69718,0.14466
10514.83994,0.14525
10510.98270,0.14524
10507.12545,0.14447
10503.26821,0.14388
10499.41097,0.14407
10495.55373,0.14487
10491.69649,0.14554
10487.83925,0.14526
10483.98201,0.14463
10480.12476,0.14480
10476.26752,0.14544
10472.41028,0.14550
10468.55304,0.14488
10464.69580,0.14442
10460.83856,0.14446
10456.98132,0.14465
10453.12408,0.14463
10449.26683,0.14428
10445.40959,0.14381
10441.55235,0.14382
10437.69511,0.14441
10433.83787,0.14480
10429.98063,0.14457
10426.12339,0.14412
10422.26614,0.14386
10418.40890,0.14378
10414.55166,0.14365
10410.69442,0.14337
10406.83718,0.14284
10402.97994,0.14224
10399.12270,0.14196
10395.26545,0.14201
10391.40821,0.14250
10387.55097,0.14330
10383.69373,0.14382
10379.83649,0.14414
10375.97925,0.14436
10372.12201,0.14419
10368.26477,0.14382
10364.40752,0.14395
10360.55028,0.14443
10356.69304,0.14445
10352.83580,0.14405
10348.97856,0.14388
10345.12132,0.14393
10341.26408,0.14395
10337.40683,0.14383
10333.54959,0.14367
10329.69235,0.14390
10325.83511,0.14428
10321.97787,0.14444
10318.12063,0.14446
10314.26339,0.14419
10310.40615,0.14385
10306.54890,0.14388
10302.69166,0.14417
10298.83442,0.14437
10294.97718,0.14446
10291.11994,0.14459
10287.26270,0.14452
10283.40546,0.14427
10279.54821,0.14412
10275.69097,0.14405
10271.83373,0.14401
10267.97649,0.14418
10264.11925,0.14470
10260.26201,0.14515
10256.40477,0.14518
10252.54752,0.14521
10248.69028,0.14543
10244.83304,0.14554
10240.97580,0.14523
10237.11856,0.14444
10233.26132,0.14383
10229.40408,0.14398
10225.54684,0.14430
10221.68959,0.14409
10217.83235,0.14377
10213.97511,0.14378
10210.11787,0.14403
10206.26063,0.14439
10202.40339,0.14478
10198.54615,0.14479
10194.68890,0.14430
10190.83166,0.14394
10186.97442,0.14430
10183.11718,0.14499
10179.25994,0.14511
10175.40270,0.14451
10171.54546,0.14422
10167.68821,0.14466
10163.83097,0.14498
10159.97373,0.14503
10156.11649,0.14527
10152.25925,0.14546
10148.40201,0.14549
10144.54477,0.14537
10140.68753,0.14511
10136.83028,0.14507
10132.97304,0.14539
10129.11580,0.14594
10125.25856,0.14635
10121.40132,0.14635
10117.54408,0.14630
10113.68684,0.14641
10109.82959,0.14629
10105.97235,0.14591
10102.11511,0.14567
10098.25787,0.14555
10094.40063,0.14523
10090.54339,0.14462
10086.68615,0.14405
10082.82891,0.14398
10078.97166,0.14415
10075.11442,0.14427
10071.25718,0.14473
10067.39994,0.14526
10063.54270,0.14513
10059.68546,0.14466
10055.82822,0.14461
10051.97097,0.14500
10048.11373,0.14560
10044.25649,0.14637
10040.39925,0.14690
10036.54201,0.14684
10032.68477,0.14643
10028.82753,0.14605
10024.97028,0.14592
10021.11304,0.14575
10017.25580,0.14506
10013.39856,0.14430
10009.54132,0.14393
10005.68408,0.14355
10001.82684,0.14312
9997.96960,0.14318
9994.11235,0.14372
9990.25511,0.14431
9986.39787,0.14484
9982.54063,0.14546
9978.68339,0.14597
9974.82615,0.14622
9970.96891,0.14631
9967.11166,0.14626
9963.25442,0.14604
9959.39718,0.14585
9955.53994,0.14576
9951.68270,0.14592
9947.82546,0.14633
9943.96822,0.14653
9940.11097,0.14627
9936.25373,0.14568
9932.39649,0.14499
9928.53925,0.14462
9924.68201,0.14453
9920.82477,0.14447
9916.96753,0.14462
9913.11029,0.14485
9909.25304,0.14479
9905.39580,0.14452
9901.53856,0.14422
9897.68132,0.14398
9893.82408,0.14402
9889.96684,0.14432
9886.10960,0.14441
9882.25235,0.14404
9878.39511,0.14370
9874.53787,0.14367
9870.68063,0.14382
9866.82339,0.14409
9862.96615,0.14430
9859.10891,0.14430
9855.25167,0.14423
9851.39442,0.14420
9847.53718,0.14420
9843.67994,0.14446
9839.82270,0.14506
9835.96546,0.14534
9832.10822,0.14492
9828.25098,0.14440
9824.39373,0.14440
9820.53649,0.14470
9816.67925,0.14485
9812.82201,0.14476
9808.96477,0.14444
9805.10753,0.14399
9801.25029,0.14379
9797.39304,0.14397
9793.53580,0.14417
9789.67856,0.14393
9785.82132,0.14341
9781.96408,0.14347
9778.10684,0.14410
9774.24960,0.14450
9770.39236,0.14452
9766.53511,0.14423
9762.67787,0.14373
9758.82063,0.14352
9754.96339,0.14357
9751.10615,0.14350
9747.24891,0.14351
9743.39167,0.14371
9739.53442,0.14361
9735.67718,0.14327
9731.81994,0.14314
9727.96270,0.14317
9724.10546,0.14318
9720.24822,0.14317
9716.39098,0.14311
9712.53373,0.14308
9708.67649,0.14317
9704.81925,0.14312
9700.96201,0.14295
9697.10477,0.14298
9693.24753,0.14308
9689.39029,0.14288
9685.53305,0.14240
9681.67580,0.14204
9677.81856,0.14193
9673.96132,0.14185
9670.10408,0.14185
9666.24684,0.14204
9662.38960,0.14213
9658.53236,0.14199
9654.67511,0.14181
9650.81787,0.14190
9646.96063,0.14222
9643.10339,0.14225
9639.24615,0.14196
9635.38891,0.14184
9631.53167,0.14211
9627.67443,0.14251
9623.81718,0.14270
9619.95994,0.14260
9616.10270,0.14242
9612.24546,0.14239
9608.38822,0.14231
9604.53098,0.14191
9600.67374,0.14160
9596.81649,0.14175
9592.95925,0.14178
9589.10201,0.14148
9585.24477,0.14120
9581.38753,0.14103
9577.53029,0.14105
9573.67305,0.14137
9569.81580,0.14153
9565.95856,0.14127
9562.10132,0.14115
9558.24408,0.14146
9554.38684,0.14171
9550.52960,0.14167
9546.67236,0.14168
9542.81512,0.14187
9538.95787,0.14191
9535.10063,0.14164
9531.24339,0.14147
9527.38615,0.14162
9523.52891,0.14170
9519.67167,0.14152
9515.81443,0.14137
9511.95718,0.14141
9508.09994,0.14154
9504.24270,0.14144
9500.38546,0.14103
9496.52822,0.14059
9492.67098,0.14038
9488.81374,0.14040
9484.95649,0.14038
9481.09925,0.14028
9477.24201,0.14025
9473.38477,0.14023
9469.52753,0.14008
9465.67029,0.13999
9461.81305,0.14012
9457.95581,0.14037
9454.09856,0.14058
9450.24132,0.14073
9446.38408,0.14088
9442.52684,0.14109
9438.66960,0.14123
9434.81236,0.14111
9430.95512,0.14082
9427.09787,0.14069
9423.24063,0.14089
9419.38339,0.14109
9415.52615,0.14098
9411.66891,0.14068
9407.81167,0.14039
9403.95443,0.14020
9400.09719,0.13997
9396.23994,0.13961
9392.38270,0.13939
9388.52546,0.13947
9384.66822,0.13953
9380.81098,0.13943
9376.95374,0.13951
9373.09650,0.13973
9369.23925,0.13980
9365.38201,0.13965
9361.52477,0.13954
9357.66753,0.13963
9353.81029,0.13983
9349.95305,0.13999
9346.09581,0.14004
9342.23856,0.14009
9338.38132,0.14018
9334.52408,0.14030
9330.66684,0.14053
9326.80960,0.14048
9322.95236,0.13993
9319.09512,0.13945
9315.23788,0.13940
9311.38063,0.13950
9307.52339,0.13955
9303.66615,0.13967
9299.80891,0.13987
9295.95167,0.13995
9292.09443,0.13986
9288.23719,0.13970
9284.37994,0.13956
9280.52270,0.13946
9276.66546,0.13943
9272.80822,0.13940
9268.95098,0.13936
9265.09374,0.13941
9261.23650,0.13942
9257.37925,0.13940
9253.52201,0.13949
9249.66477,0.13961
9245.80753,0.13950
9241.95029,0.13915
9238.09305,0.13892
9234.23581,0.13910
9230.37857,0.13955
9226.52132,0.13994
9222.66408,0.14003
9218.80684,0.13994
9214.94960,0.13990
9211.09236,0.13976
9207.23512,0.13956
9203.37788,0.13965
9199.52063,0.14001
9195.66339,0.14021
9191.80615,0.14002
9187.94891,0.13968
9184.09167,0.13947
9180.23443,0.13941
9176.37719,0.13947
9172.51995,0.13955
9168.66270,0.13957
9164.80546,0.13971
9160.94822,0.13992
9157.09098,0.13996
9153.23374,0.13990
9149.37650,0.13981
9145.51926,0.13961
9141.66201,0.13943
9137.80477,0.13936
9133.94753,0.13933
9130.09029,0.13929
9126.23305,0.13942
9122.37581,0.13967
9118.51857,0.13972
9114.66132,0.13945
9110.80408,0.13915
9106.94684,0.13914
9103.08960,0.13939
9099.23236,0.13962
9095.37512,0.13968
9091.51788,0.13969
9087.66064,0.13986
9083.80339,0.14010
9079.94615,0.14024
9076.08891,0.14020
9072.23167,0.13998
9068.37443,0.13984
9064.51719,0.13997
9060.65995,0.14020
9056.80270,0.14021
9052.94546,0.13995
9049.08822,0.13972
9045.23098,0.13971
9041.37374,0.13993
9037.51650,0.14017
9033.65926,0.14012
9029.80201,0.13996
9025.94477,0.14000
9022.08753,0.14026
9018.23029,0.14053
9014.37305,0.14058
9010.51581,0.14055
9006.65857,0.14065
9002.80133,0.14083
8998.94408,0.14102
8995.08684,0.14113
8991.22960,0.14115
8987.37236,0.14126
8983.51512,0.14155
8979.65788,0.14201
8975.80064,0.14246
8971.94339,0.14272
8968.08615,0.14279
8964.22891,0.14291
8960.37167,0.14326
8956.51443,0.14370
8952.65719,0.14408
8948.79995,0.14441
8944.94271,0.14473
8941.08546,0.14503
8937.22822,0.14528
8933.37098,0.14549
8929.51374,0.14581
8925.65650,0.14638
8921.79926,0.14711
8917.94202,0.14783
8914.08477,0.14836
8910.22753,0.14871
8906.37029,0.14914
8902.51305,0.14975
8898.65581,0.15055
8894.79857,0.15147
8890.94133,0.15241
8887.08408,0.15315
8883.22684,0.15367
8879.36960,0.15423
8875.51236,0.15501
8871.65512,0.15569
8867.79788,0.15616
8863.94064,0.15651
8860.08340,0.15666
8856.22615,0.15665
8852.36891,0.15649
8848.51167,0.15619
8844.65443,0.15594
8840.79719,0.15580
8836.93995,0.15551
8833.08271,0.15496
8829.22546,0.15436
8825.36822,0.15382
8821.51098,0.15330
8817.65374,0.15281
8813.79650,0.15228
8809.93926,0.15171
8806.08202,0.15113
8802.22477,0.15042
8798.36753,0.14954
8794.51029,0.14871
8790.65305,0.14810
8786.79581,0.14756
8782.93857,0.14699
8779.08133,0.14650
8775.22409,0.14610
8771.36684,0.14570
8767.50960,0.14534
8763.65236,0.14518
8759.79512,0.14507
8755.93788,0.14489
8752.08064,0.14475
8748.22340,0.14460
8744.36615,0.14439
8740.50891,0.14419
8736.65167,0.14406
8732.79443,0.14403
8728.93719,0.14402
8725.07995,0.14394
8721.22271,0.14393
8717.36547,0.14410
8713.50822,0.14426
8709.65098,0.14426
8705.79374,0.14427
8701.93650,0.14436
8698.07926,0.14453
8694.22202,0.14478
8690.36478,0.14493
8686.50753,0.14479
8682.65029,0.14457
8678.79305,0.14459
8674.93581,0.14477
8671.07857,0.14496
8667.22133,0.14508
8663.36409,0.14510
8659.50684,0.14516
8655.64960,0.14532
8651.79236,0.14547
8647.93512,0.14565
8644.07788,0.14600
8640.22064,0.14631
8636.36340,0.14640
8632.50616,0.14647
8628.64891,0.14668
8624.79167,0.14691
8620.93443,0.14709
8617.07719,0.14736
8613.21995,0.14772
8609.36271,0.14795
8605.50547,0.14796
8601.64822,0.14800
8597.79098,0.14818
8593.93374,0.14837
8590.07650,0.14857
8586.21926,0.14870
8582.36202,0.14868
8578.50478,0.14878
8574.64753,0.14908
8570.79029,0.14940
8566.93305,0.14951
8563.07581,0.14940
8559.21857,0.14937
8555.36133,0.14963
8551.50409,0.15009
8547.64685,0.15056
8543.78960,0.15082
8539.93236,0.15085
8536.07512,0.15092
8532.21788,0.15107
8528.36064,0.15115
8524.50340,0.15126
8520.64616,0.15158
8516.78891,0.15193
8512.93167,0.15199
8509.07443,0.15188
8505.21719,0.15189
8501.35995,0.15196
8497.50271,0.15188
8493.64547,0.15174
8489.78822,0.15169
8485.93098,0.15175
8482.07374,0.15188
8478.21650,0.15203
8474.35926,0.15214
8470.50202,0.15216
8466.64478,0.15208
8462.78754,0.15198
8458.93029,0.15198
8455.07305,0.15199
8451.21581,0.15179
8447.35857,0.15145
8443.50133,0.15120
8439.64409,0.15116
8435.78685,0.15123
8431.92960,0.15124
8428.07236,0.15115
8424.21512,0.15113
8420.35788,0.15120
8416.50064,0.15131
8412.64340,0.15136
8408.78616,0.15137
8404.92892,0.15129
8401.07167,0.15105
8397.21443,0.15075
8393.35719,0.15059
8389.49995,0.15046
8385.64271,0.15022
8381.78547,0.14999
8377.92823,0.14996
8374.07098,0.15009
8370.21374,0.15018
8366.35650,0.15012
8362.49926,0.15000
8358.64202,0.15003
8354.78478,0.15023
8350.92754,0.15026
8347.07029,0.15004
8343.21305,0.14990
8339.35581,0.14991
8335.49857,0.14984
8331.64133,0.14960
8327.78409,0.14932
8323.92685,0.14914
8320.06961,0.14919
8316.21236,0.14945
8312.35512,0.14966
8308.49788,0.14965
8304.64064,0.14953
8300.78340,0.14947
8296.92616,0.14956
8293.06892,0.14972
8289.21167,0.14978
8285.35443,0.14965
8281.49719,0.14940
8277.63995,0.14921
8273.78271,0.14918
8269.92547,0.14917
8266.06823,0.14913
8262.21098,0.14914
8258.35374,0.14922
8254.49650,0.14929
8250.63926,0.14942
8246.78202,0.14963
8242.92478,0.14978
8239.06754,0.14983
8235.21030,0.14988
8231.35305,0.14993
8227.49581,0.14994
8223.63857,0.14993
8219.78133,0.14986
8215.92409,0.14967
8212.06685,0.14953
8208.20961,0.14954
8204.35236,0.14954
8200.49512,0.14940
8196.63788,0.14923
8192.78064,0.14914
8188.92340,0.14907
8185.06616,0.14893
8181.20892,0.14880
8177.35168,0.14873
8173.49443,0.14869
8169.63719,0.14866
8165.77995,0.14858
8161.92271,0.14851
8158.06547,0.14844
8154.20823,0.14827
8150.35099,0.14814
8146.49374,0.14811
8142.63650,0.14800
8138.77926,0.14791
8134.92202,0.14796
8131.06478,0.14799
8127.20754,0.14790
8123.35030,0.14778
8119.49305,0.14762
8115.63581,0.14734
8111.77857,0.14708
8107.92133,0.14692
8104.06409,0.14682
8100.20685,0.14666
8096.34961,0.14645
8092.49237,0.14627
8088.63512,0.14610
8084.77788,0.14588
8080.92064,0.14570
8077.06340,0.14570
8073.20616,0.14575
8069.34892,0.14576
8065.49168,0.14571
8061.63443,0.14559
8057.77719,0.14541
8053.91995,0.14530
8050.06271,0.14528
8046.20547,0.14516
8042.34823,0.14490
8038.49099,0.14476
8034.63374,0.14477
8030.77650,0.14474
8026.91926,0.14467
8023.06202,0.14469
8019.20478,0.14479
8015.34754,0.14490
8011.49030,0.14492
8007.63306,0.14480
8003.77581,0.14462
7999.91857,0.14437
7996.06133,0.14413
7992.20409,0.14408
7988.34685,0.14419
7984.48961,0.14425
7980.63237,0.14417
7976.77512,0.14403
7972.91788,0.14389
7969.06064,0.14372
7965.20340,0.14363
7961.34616,0.14372
7957.48892,0.14380
7953.63168,0.14370
7949.77444,0.14367
7945.91719,0.14378
7942.05995,0.14373
7938.20271,0.14345
7934.34547,0.14335
7930.48823,0.14348
7926.63099,0.14353
7922.77375,0.14351
7918.91650,0.14353
7915.05926,0.14352
7911.20202,0.14349
7907.34478,0.14351
7903.48754,0.14357
7899.63030,0.14366
7895.77306,0.14374
7891.91581,0.14383
7888.05857,0.14397
7884.20133,0.14407
7880.34409,0.14409
7876.48685,0.14397
7872.62961,0.14376
7868.77237,0.14367
7864.91513,0.14372
7861.05788,0.14373
7857.20064,0.14356
7853.34340,0.14339
7849.48616,0.14327
7845.62892,0.14308
7841.77168,0.14287
7837.91444,0.14286
7834.05719,0.14296
7830.19995,0.14291
7826.34271,0.14273
7822.48547,0.14263
7818.62823,0.14258
7814.77099,0.14252
7810.91375,0.14251
7807.05650,0.14251
7803.19926,0.14252
7799.34202,0.14261
7795.48478,0.14261
7791.62754,0.14243
7787.77030,0.14235
7783.91306,0.14233
7780.05582,0.14209
7776.19857,0.14187
7772.34133,0.14182
7768.48409,0.14172
7764.62685,0.14159
7760.76961,0.14158
7756.91237,0.14161
7753.05513,0.14153
7749.19788,0.14142
7745.34064,0.14137
7741.48340,0.14125
7737.62616,0.14104
7733.76892,0.14091
7729.91168,0.14093
7726.05444,0.14095
7722.19720,0.14081
7718.33995,0.14055
7714.48271,0.14049
7710.62547,0.14076
7706.76823,0.14098
7702.91099,0.14085
7699.05375,0.14067
7695.19651,0.14056
7691.33926,0.14029
7687.48202,0.14001
7683.62478,0.14000
7679.76754,0.14015
7675.91030,0.14027
7672.05306,0.14021
7668.19582,0.14003
7664.33857,0.13995
7660.48133,0.14000
7656.62409,0.14008
7652.76685,0.14017
7648.90961,0.14025
7645.05237,0.14037
7641.19513,0.14049
7637.33789,0.14055
7633.48064,0.14054
7629.62340,0.14045
7625.76616,0.14035
7621.90892,0.14037
7618.05168,0.14047
7614.19444,0.14055
7610.33720,0.14064
7606.47995,0.14081
7602.62271,0.14089
7598.76547,0.14076
7594.90823,0.14058
7591.05099,0.14044
7587.19375,0.14036
7583.33651,0.14045
7579.47926,0.14075
7575.62202,0.14101
7571.76478,0.14106
7567.90754,0.14099
7564.05030,0.14093
7560.19306,0.14106
7556.33582,0.14140
7552.47858,0.14178
7548.62133,0.14196
7544.76409,0.14195
7540.90685,0.14186
7537.04961,0.14191
7533.19237,0.14216
7529.33513,0.14234
7525.47789,0.14232
7521.62064,0.14230
7517.76340,0.14237
7513.90616,0.14246
7510.04892,0.14256
7506.19168,0.14276
7502.33444,0.14297
7498.47720,0.14315
7494.61996,0.14340
7490.76271,0.14368
7486.90547,0.14380
7483.04823,0.14380
7479.19099,0.14393
7475.33375,0.14424
7471.47651,0.14455
7467.61927,0.14477
7463.76202,0.14501
7459.90478,0.14535
7456.04754,0.14575
7452.19030,0.14614
7448.33306,0.14657
7444.47582,0.14701
7440.61858,0.14743
7436.76133,0.14783
7432.90409,0.14836
7429.04685,0.14916
7425.18961,0.15005
7421.33237,0.15072
7417.47513,0.15123
7413.61789,0.15177
7409.76065,0.15229
7405.90340,0.15284
7402.04616,0.15347
7398.18892,0.15414
7394.33168,0.15476
7390.47444,0.15540
7386.61720,0.15607
7382.75996,0.15678
7378.90271,0.15761
7375.04547,0.15850
7371.18823,0.15930
7367.33099,0.15998
7363.47375,0.16061
7359.61651,0.16128
7355.75927,0.16200
7351.90202,0.16263
7348.04478,0.16318
7344.18754,0.16365
7340.33030,0.16404
7336.47306,0.16441
7332.61582,0.16486
7328.75858,0.16532
7324.90134,0.16572
7321.04409,0.16605
7317.18685,0.16628
7313.32961,0.16641
7309.47237,0.16652
7305.61513,0.16668
7301.75789,0.16687
7297.90065,0.16699
7294.04340,0.16708
7290.18616,0.16727
7286.32892,0.16757
7282.47168,0.16782
7278.61444,0.16794
7274.75720,0.16809
7270.89996,0.16835
7267.04272,0.16862
7263.18547,0.16881
7259.32823,0.16899
7255.47099,0.16915
7251.61375,0.16930
7247.75651,0.16952
7243.89927,0.16976
7240.04203,0.16990
7236.18478,0.16997
7232.32754,0.17002
7228.47030,0.17002
7224.61306,0.17004
7220.75582,0.17019
7216.89858,0.17041
7213.04134,0.17060
7209.18409,0.17073
7205.32685,0.17082
7201.46961,0.17087
7197.61237,0.17091
7193.75513,0.17096
7189.89789,0.17105
7186.04065,0.17119
7182.18341,0.17142
7178.32616,0.17170
7174.46892,0.17201
7170.61168,0.17235
7166.75444,0.17271
7162.89720,0.17313
7159.03996,0.17365
7155.18272,0.17421
7151.32547,0.17482
7147.46823,0.17553
7143.61099,0.17630
7139.75375,0.17707
7135.89651,0.17788
7132.03927,0.17874
7128.18203,0.17955
7124.32478,0.18029
7120.46754,0.18107
7116.61030,0.18191
7112.75306,0.18274
7108.89582,0.18358
7105.03858,0.18451
7101.18134,0.18554
7097.32410,0.18663
7093.46685,0.18772
7089.60961,0.18881
7085.75237,0.19002
7081.89513,0.19134
7078.03789,0.19266
7074.18065,0.19398
7070.32341,0.19537
7066.46616,0.19686
7062.60892,0.19833
7058.75168,0.19973
7054.89444,0.20115
7051.03720,0.20254
7047.17996,0.20388
7043.32272,0.20521
7039.46548,0.20655
7035.60823,0.20792
7031.75099,0.20931
7027.89375,0.21060
7024.03651,0.21174
7020.17927,0.21277
7016.32203,0.21370
7012.46479,0.21453
7008.60754,0.21537
7004.75030,0.21626
7000.89306,0.21717
6997.03582,0.21809
6993.17858,0.21895
6989.32134,0.21975
6985.46410,0.22048
6981.60685,0.22118
6977.74961,0.22190
6973.89237,0.22262
6970.03513,0.22326
6966.17789,0.22379
6962.32065,0.22424
6958.46341,0.22472
6954.60617,0.22522
6950.74892,0.22566
6946.89168,0.22600
6943.03444,0.22634
6939.17720,0.22677
6935.31996,0.22719
6931.46272,0.22757
6927.60548,0.22797
6923.74823,0.22848
6919.89099,0.22896
6916.03375,0.22930
6912.17651,0.22965
6908.31927,0.23003
6904.46203,0.23041
6900.60479,0.23077
6896.74754,0.23111
6892.89030,0.23148
6889.03306,0.23193
6885.17582,0.23244
6881.31858,0.23293
6877.46134,0.23343
6873.60410,0.23403
6869.74686,0.23470
6865.88961,0.23533
6862.03237,0.23590
6858.17513,0.23646
6854.31789,0.23706
6850.46065,0.23775
6846.60341,0.23855
6842.74617,0.23932
6838.88892,0.23998
6835.03168,0.24062
6831.17444,0.24133
6827.31720,0.24208
6823.45996,0.24286
6819.60272,0.24371
6815.74548,0.24450
6811.88824,0.24518
6808.03099,0.24588
6804.17375,0.24669
6800.31651,0.24759
6796.45927,0.24850
6792.60203,0.24937
6788.74479,0.25016
6784.88755,0.25092
6781.03030,0.25174
6777.17306,0.25264
6773.31582,0.25352
6769.45858,0.25429
6765.60134,0.25507
6761.74410,0.25578
6757.88686,0.25628
6754.02961,0.25664
6750.17237,0.25703
6746.31513,0.25737
6742.45789,0.25758
6738.60065,0.25777
6734.74341,0.25804
6730.88617,0.25831
6727.02893,0.25848
6723.17168,0.25860
6719.31444,0.25867
6715.45720,0.25872
6711.59996,0.25880
6707.74272,0.25889
6703.88548,0.25891
6700.02824,0.25890
6696.17099,0.25889
6692.31375,0.25889
6688.45651,0.25884
6684.59927,0.25874
6680.74203,0.25856
6676.88479,0.25827
6673.02755,0.25797
6669.17030,0.25775
6665.31306,0.25751
6661.45582,0.25721
6657.59858,0.25683
6653.74134,0.25641
6649.88410,0.25598
6646.02686,0.25554
6642.16962,0.25516
6638.31237,0.25476
6634.45513,0.25427
6630.59789,0.25376
6626.74065,0.25336
6622.88341,0.25297
6619.02617,0.25246
6615.16893,0.25185
6611.31168,0.25123
6607.45444,0.25066
6603.59720,0.25016
6599.73996,0.24975
6595.88272,0.24937
6592.02548,0.24896
6588.16824,0.24861
6584.31100,0.24838
6580.45375,0.24827
6576.59651,0.24822
6572.73927,0.24813
6568.88203,0.24800
6565.02479,0.24792
6561.16755,0.24798
6557.31031,0.24808
6553.45306,0.24812
6549.59582,0.24820
6545.73858,0.24835
6541.88134,0.24850
6538.02410,0.24857
6534.16686,0.24863
6530.30962,0.24882
6526.45237,0.24906
6522.59513,0.24922
6518.73789,0.24936
6514.88065,0.24951
6511.02341,0.24962
6507.16617,0.24971
6503.30893,0.24979
6499.45169,0.24985
6495.59444,0.24986
6491.73720,0.24986
6487.87996,0.24987
6484.02272,0.24987
6480.16548,0.24987
6476.30824,0.24986
6472.45100,0.24974
6468.59375,0.24951
6464.73651,0.24929
6460.87927,0.24910
6457.02203,0.24888
6453.16479,0.24859
6449.30755,0.24828
6445.45031,0.24799
6441.59306,0.24774
6437.73582,0.24746
6433.87858,0.24713
6430.02134,0.24679
6426.16410,0.24648
6422.30686,0.24613
6418.44962,0.24577
6414.59238,0.24547
6410.73513,0.24522
6406.87789,0.24497
6403.02065,0.24472
6399.16341,0.24449
6395.30617,0.24426
6391.44893,0.24402
6387.59169,0.24384
6383.73444,0.24369
6379.87720,0.24354
6376.01996,0.24340
6372.16272,0.24325
6368.30548,0.24305
6364.44824,0.24282
6360.59100,0.24262
6356.73376,0.24246
6352.87651,0.24232
6349.01927,0.24214
6345.16203,0.24197
6341.30479,0.24195
6337.44755,0.24198
6333.59031,0.24195
6329.73307,0.24192
6325.87582,0.24193
6322.01858,0.24195
6318.16134,0.24195
6314.30410,0.24191
6310.44686,0.24182
6306.58962,0.24164
6302.73238,0.24136
6298.87513,0.24103
6295.01789,0.24065
6291.16065,0.24023
6287.30341,0.23975
6283.44617,0.23921
6279.58893,0.23859
6275.73169,0.23794
6271.87445,0.23727
6268.01720,0.23658
6264.15996,0.23587
6260.30272,0.23514
6256.44548,0.23434
6252.58824,0.23352
6248.73100,0.23267
6244.87376,0.23176
6241.01651,0.23081
6237.15927,0.22988
6233.30203,0.22896
6229.44479,0.22803
6225.58755,0.22713
6221.73031,0.22636
6217.87307,0.22580
6214.01582,0.22552
6210.15858,0.22548
6206.30134,0.22566
6202.44410,0.22594
6198.58686,0.22607
6194.72962,0.22580
6190.87238,0.22508
6187.01514,0.22392
6183.15789,0.22250
6179.30065,0.22114
6175.44341,0.22007
6171.58617,0.21936
6167.72893,0.21892
6163.87169,0.21869
6160.01445,0.21869
6156.15720,0.21899
6152.29996,0.21953
6148.44272,0.22003
6144.58548,0.22019
6140.72824,0.22002
6136.87100,0.21971
6133.01376,0.21938
6129.15652,0.21915
6125.29927,0.21927
6121.44203,0.22000
6117.58479,0.22142
6113.72755,0.22355
6109.87031,0.22633
6106.01307,0.22969
6102.15583,0.23356
6098.29858,0.23780
6094.44134,0.24227
6090.58410,0.24679
6086.72686,0.25115
6082.86962,0.25520
6079.01238,0.25903
6075.15514,0.26312
6071.29789,0.26808
6067.44065,0.27408
6063.58341,0.28063
6059.72617,0.28708
6055.86893,0.29294
6052.01169,0.29804
6048.15445,0.30260
6044.29721,0.30708
6040.43996,0.31195
6036.58272,0.31747
6032.72548,0.32342
6028.86824,0.32896
6025.01100,0.33317
6021.15376,0.33537
6017.29652,0.33502
6013.43927,0.33190
6009.58203,0.32637
6005.72479,0.31916
6001.86755,0.31118
5998.01031,0.30342
5994.15307,0.29670
5990.29583,0.29147
5986.43858,0.28776
5982.58134,0.28526
5978.72410,0.28324
5974.86686,0.28080
5971.00962,0.27742
5967.15238,0.27340
5963.29514,0.26956
5959.43790,0.26664
5955.58065,0.26482
5951.72341,0.26393
5947.86617,0.26351
5944.00893,0.26296
5940.15169,0.26168
5936.29445,0.25931
5932.43721,0.25590
5928.57996,0.25186
5924.72272,0.24768
5920.86548,0.24377
5917.00824,0.24035
5913.15100,0.23759
5909.29376,0.23562
5905.43652,0.23456
5901.57927,0.23455
5897.72203,0.23559
5893.86479,0.23745
5890.00755,0.23981
5886.15031,0.24237
5882.29307,0.24492
5878.43583,0.24731
5874.57859,0.24951
5870.72134,0.25144
5866.86410,0.25290
5863.00686,0.25364
5859.14962,0.25360
5855.29238,0.25299
5851.43514,0.25203
5847.57790,0.25098
5843.72065,0.25012
5839.86341,0.24953
5836.00617,0.24926
5832.14893,0.24928
5828.29169,0.24947
5824.43445,0.24974
5820.57721,0.25002
5816.71997,0.25030
5812.86272,0.25057
5809.00548,0.25074
5805.14824,0.25066
5801.29100,0.25035
5797.43376,0.24998
5793.57652,0.24965
5789.71928,0.24936
5785.86203,0.24910
5782.00479,0.24882
5778.14755,0.24846
5774.29031,0.24800
5770.43307,0.24740
5766.57583,0.24659
5762.71859,0.24554
5758.86134,0.24421
5755.00410,0.24266
5751.14686,0.24094
5747.28962,0.23914
5743.43238,0.23738
5739.57514,0.23574
5735.71790,0.23422
5731.86066,0.23288
5728.00341,0.23184
5724.14617,0.23118
5720.28893,0.23091
5716.43169,0.23099
5712.57445,0.23123
5708.71721,0.23136
5704.85997,0.23128
5701.00272,0.23108
5697.14548,0.23083
5693.28824,0.23058
5689.43100,0.23031
5685.57376,0.23001
5681.71652,0.22973
5677.85928,0.22957
5674.00203,0.22964
5670.14479,0.22995
5666.28755,0.23039
5662.43031,0.23080
5658.57307,0.23112
5654.71583,0.23130
5650.85859,0.23121
5647.00135,0.23078
5643.14410,0.23006
5639.28686,0.22914
5635.42962,0.22817
5631.57238,0.22725
5627.71514,0.22643
5623.85790,0.22581
5620.00066,0.22539
5616.14341,0.22508
5612.28617,0.22488
5608.42893,0.22490
5604.57169,0.22507
5600.71445,0.22529
5596.85721,0.22558
5592.99997,0.22597
5589.14273,0.22643
5585.28548,0.22695
5581.42824,0.22751
5577.57100,0.22812
5573.71376,0.22873
5569.85652,0.22922
5565.99928,0.22952
5562.14204,0.22965
5558.28479,0.22965
5554.42755,0.22953
5550.57031,0.22939
5546.71307,0.22935
5542.85583,0.22939
5538.99859,0.22940
5535.14135,0.22939
5531.28410,0.22936
5527.42686,0.22924
5523.56962,0.22900
5519.71238,0.22869
5515.85514,0.22831
5511.99790,0.22799
5508.14066,0.22783
5504.28342,0.22787
5500.42617,0.22812
5496.56893,0.22853
5492.71169,0.22907
5488.85445,0.22961
5484.99721,0.23006
5481.13997,0.23035
5477.28273,0.23040
5473.42548,0.23014
5469.56824,0.22959
5465.71100,0.22887
5461.85376,0.22804
5457.99652,0.22710
5454.13928,0.22603
5450.28204,0.22478
5446.42479,0.22338
5442.56755,0.22187
5438.71031,0.22039
5434.85307,0.21903
5430.99583,0.21780
5427.13859,0.21667
5423.28135,0.21568
5419.42411,0.21490
5415.56686,0.21436
5411.70962,0.21399
5407.85238,0.21372
5403.99514,0.21354
5400.13790,0.21339
5396.28066,0.21316
5392.42342,0.21289
5388.56617,0.21270
5384.70893,0.21263
5380.85169,0.21263
5376.99445,0.21271
5373.13721,0.21290
5369.27997,0.21316
5365.42273,0.21344
5361.56549,0.21378
5357.70824,0.21419
5353.85100,0.21464
5349.99376,0.21499
5346.13652,0.21521
5342.27928,0.21537
5338.42204,0.21554
5334.56480,0.21570
5330.70755,0.21589
5326.85031,0.21626
5322.99307,0.21694
5319.13583,0.21797
5315.27859,0.21928
5311.42135,0.22078
5307.56411,0.22244
5303.70686,0.22433
5299.84962,0.22648
5295.99238,0.22896
5292.13514,0.23185
5288.27790,0.23519
5284.42066,0.23898
5280.56342,0.24328
5276.70618,0.24802
5272.84893,0.25299
5268.99169,0.25803
5265.13445,0.26309
5261.27721,0.26793
5257.41997,0.27240
5253.56273,0.27655
5249.70549,0.28035
5245.84824,0.28372
5241.99100,0.28668
5238.13376,0.28930
5234.27652,0.29170
5230.41928,0.29388
5226.56204,0.29582
5222.70480,0.29751
5218.84755,0.29897
5214.99031,0.30016
5211.13307,0.30108
5207.27583,0.30184
5203.41859,0.30250
5199.56135,0.30306
5195.70411,0.30357
5191.84687,0.30403
5187.98962,0.30436
5184.13238,0.30457
5180.27514,0.30473
5176.41790,0.30478
5172.56066,0.30471
5168.70342,0.30458
5164.84618,0.30442
5160.98893,0.30421
5157.13169,0.30401
5153.27445,0.30385
5149.41721,0.30370
5145.55997,0.30343
5141.70273,0.30315
5137.84549,0.30297
5133.98825,0.30288
5130.13100,0.30284
5126.27376,0.30283
5122.41652,0.30262
5118.55928,0.30174
5114.70204,0.29990
5110.84480,0.29723
5106.98756,0.29414
5103.13031,0.29102
5099.27307,0.28802
5095.41583,0.28521
5091.55859,0.28262
5087.70135,0.28024
5083.84411,0.27808
5079.98687,0.27614
5076.12962,0.27439
5072.27238,0.27275
5068.41514,0.27119
5064.55790,0.26969
5060.70066,0.26828
5056.84342,0.26705
5052.98618,0.26602
5049.12894,0.26510
5045.27169,0.26424
5041.41445,0.26342
5037.55721,0.26264
5033.69997,0.26194
5029.84273,0.26131
5025.98549,0.26073
5022.12825,0.26019
5018.27100,0.25969
5014.41376,0.25927
5010.55652,0.25889
5006.69928,0.25845
5002.84204,0.25800
4998.98480,0.25759
4995.12756,0.25722
4991.27031,0.25692
4987.41307,0.25676
4983.55583,0.25677
4979.69859,0.25696
4975.84135,0.25741
4971.98411,0.25811
4968.12687,0.25903
4964.26963,0.26021
4960.41238,0.26165
4956.55514,0.26333
4952.69790,0.26519
4948.84066,0.26721
4944.98342,0.26933
4941.12618,0.27157
4937.26894,0.27396
4933.41169,0.27648
4929.55445,0.27910
4925.69721,0.28183
4921.83997,0.28471
4917.98273,0.28775
4914.12549,0.29096
4910.26825,0.29430
4906.41101,0.29777
4902.55376,0.30137
4898.69652,0.30509
4894.83928,0.30886
4890.98204,0.31268
4887.12480,0.31661
4883.26756,0.32069
4879.41032,0.32481
4875.55307,0.32885
4871.69583,0.33274
4867.83859,0.33643
4863.98135,0.33997
4860.12411,0.34345
4856.26687,0.34688
4852.40963,0.35034
4848.55238,0.35403
4844.69514,0.35803
4840.83790,0.36229
4836.98066,0.36676
4833.12342,0.37133
4829.26618,0.37591
4825.40894,0.38044
4821.55170,0.38477
4817.69445,0.38874
4813.83721,0.39240
4809.97997,0.39589
4806.12273,0.39912
4802.26549,0.40189
4798.40825,0.40420
4794.55101,0.40604
4790.69376,0.40735
4786.83652,0.40820
4782.97928,0.40876
4779.12204,0.40919
4775.26480,0.40964
4771.40756,0.41026
4767.55032,0.41125
4763.69307,0.41271
4759.83583,0.41459
4755.97859,0.41684
4752.12135,0.41934
4748.26411,0.42182
4744.40687,0.42413
4740.54963,0.42632
4736.69239,0.42868
4732.83514,0.43162
4728.97790,0.43534
4725.12066,0.43938
4721.26342,0.44259
4717.40618,0.44411
4713.54894,0.44437
4709.69170,0.44501
4705.83445,0.44750
4701.97721,0.45215
4698.11997,0.45794
4694.26273,0.46281
4690.40549,0.46445
4686.54825,0.46164
4682.69101,0.45472
4678.83377,0.44520
4674.97652,0.43524
4671.11928,0.42685
4667.26204,0.42096
4663.40480,0.41724
4659.54756,0.41500
4655.69032,0.41408
4651.83308,0.41498
4647.97583,0.41824
4644.11859,0.42338
4640.26135,0.42862
4636.40411,0.43134
4632.54687,0.42939
4628.68963,0.42238
4624.83239,0.41197
4620.97514,0.40097
4617.11790,0.39163
4613.26066,0.38485
4609.40342,0.38063
4605.54618,0.37883
4601.68894,0.37941
4597.83170,0.38195
4593.97446,0.38511
4590.11721,0.38769
4586.25997,0.38971
4582.40273,0.39093
4578.54549,0.38943
4574.68825,0.38372
4570.83101,0.37498
4566.97377,0.36595
4563.11652,0.35872
4559.25928,0.35397
4555.40204,0.35131
4551.54480,0.34989
4547.68756,0.34901
4543.83032,0.34827
4539.97308,0.34761
4536.11583,0.34721
4532.25859,0.34725
4528.40135,0.34775
4524.54411,0.34879
4520.68687,0.35044
4516.82963,0.35282
4512.97239,0.35618
4509.11515,0.36085
4505.25790,0.36705
4501.40066,0.37500
4497.54342,0.38454
4493.68618,0.39456
4489.82894,0.40339
4485.97170,0.41021
4482.11446,0.41586
4478.25721,0.42206
4474.39997,0.43047
4470.54273,0.44218
4466.68549,0.45719
4462.82825,0.47318
4458.97101,0.48598
4455.11377,0.49323
4451.25653,0.49689
4447.39928,0.50058
4443.54204,0.50575
4439.68480,0.51158
4435.82756,0.51647
4431.97032,0.51876
4428.11308,0.51748
4424.25584,0.51342
4420.39859,0.50894
4416.54135,0.50644
4412.68411,0.50675
4408.82687,0.50884
4404.96963,0.51060
4401.11239,0.51025
4397.25515,0.50736
4393.39790,0.50278
4389.54066,0.49765
4385.68342,0.49288
4381.82618,0.48904
4377.96894,0.48630
4374.11170,0.48457
4370.25446,0.48395
4366.39722,0.48458
4362.53997,0.48614
4358.68273,0.48789
4354.82549,0.48950
4350.96825,0.49130
4347.11101,0.49380
4343.25377,0.49702
4339.39653,0.50039
4335.53928,0.50323
4331.68204,0.50542
4327.82480,0.50739
4323.96756,0.50962
4320.11032,0.51239
4316.25308,0.51605
4312.39584,0.52083
4308.53859,0.52654
4304.68135,0.53272
4300.82411,0.53876
4296.96687,0.54392
4293.10963,0.54756
4289.25239,0.54939
4285.39515,0.54964
4281.53791,0.54902
4277.68066,0.54805
4273.82342,0.54661
4269.96618,0.54452
4266.10894,0.54203
4262.25170,0.53973
4258.39446,0.53825
4254.53722,0.53783
4250.67997,0.53813
4246.82273,0.53843
4242.96549,0.53796
4239.10825,0.53659
4235.25101,0.53504
4231.39377,0.53388
4227.53653,0.53285
4223.67929,0.53123
4219.82204,0.52858
4215.96480,0.52523
4212.10756,0.52199
4208.25032,0.51926
4204.39308,0.51693
4200.53584,0.51500
4196.67860,0.51391
4192.82135,0.51433
4188.96411,0.51680
4185.10687,0.52117
4181.24963,0.52585
4177.39239,0.52805
4173.53515,0.52590
4169.67791,0.52019
4165.82066,0.51337
4161.96342,0.50755
4158.10618,0.50369
4154.24894,0.50181
4150.39170,0.50176
4146.53446,0.50358
4142.67722,0.50720
4138.81998,0.51192
4134.96273,0.51658
4131.10549,0.52030
4127.24825,0.52310
4123.39101,0.52589
4119.53377,0.52980
4115.67653,0.53547
4111.81929,0.54311
4107.96204,0.55296
4104.10480,0.56561
4100.24756,0.58216
4096.39032,0.60164
4092.53308,0.61796
4088.67584,0.62402
4084.81860,0.61912
4080.96135,0.60787
4077.10411,0.59526
4073.24687,0.58490
4069.38963,0.57843
4065.53239,0.57550
4061.67515,0.57498
4057.81791,0.57598
4053.96067,0.57800
4050.10342,0.58043
4046.24618,0.58270
4042.38894,0.58447
4038.53170,0.58571
4034.67446,0.58655
4030.81722,0.58709
4026.95998,0.58743
4023.10273,0.58760
4019.24549,0.58751
4015.38825,0.58691
4011.53101,0.58551
4007.67377,0.58337
4003.81653,0.58078
3999.95929,0.57792
3996.10205,0.57481
3992.24480,0.57161
3988.38756,0.56873
3984.53032,0.56643
3980.67308,0.56462
3976.81584,0.56307
3972.95860,0.56149
3969.10136,0.55946
3965.24411,0.55682
3961.38687,0.55374
3957.52963,0.55058
3953.67239,0.54756
3949.81515,0.54450
3945.95791,0.54132
3942.10067,0.53820
3938.24342,0.53540
3934.38618,0.53289
3930.52894,0.53057
3926.67170,0.52851
3922.81446,0.52659
3918.95722,0.52456
3915.09998,0.52241
3911.24274,0.52013
3907.38549,0.51738
3903.52825,0.51381
3899.67101,0.50978
3895.81377,0.50602
3891.95653,0.50262
3888.09929,0.49968
3884.24205,0.49745
3880.38480,0.49575
3876.52756,0.49405
3872.67032,0.49173
3868.81308,0.48843
3864.95584,0.48462
3861.09860,0.48116
3857.24136,0.47807
3853.38411,0.47491
3849.52687,0.47243
3845.66963,0.47081
3841.81239,0.46927
3837.95515,0.46790
3834.09791,0.46714
3830.24067,0.46686
3826.38343,0.46693
3822.52618,0.46773
3818.66894,0.46991
3814.81170,0.47304
3810.95446,0.47578
3807.09722,0.47731
3803.23998,0.47702
3799.38274,0.47487
3795.52549,0.47224
3791.66825,0.47039
3787.81101,0.46955
3783.95377,0.46965
3780.09653,0.47071
3776.23929,0.47264
3772.38205,0.47513
3768.52481,0.47806
3764.66756,0.48135
3760.81032,0.48420
3756.95308,0.48514
3753.09584,0.48321
3749.23860,0.47965
3745.38136,0.47772
3741.52412,0.47880
3737.66687,0.48208
3733.80963,0.48637
3729.95239,0.48935
3726.09515,0.49020
3722.23791,0.49063
3718.38067,0.49236
3714.52343,0.49605
3710.66618,0.50237
3706.80894,0.51116
3702.95170,0.52185
3699.09446,0.53467
3695.23722,0.54960
3691.37998,0.56804
3687.52274,0.58808
3683.66550,0.60231
3679.80825,0.61103
3675.95101,0.62002
3672.09377,0.63325
3668.23653,0.65020
3664.37929,0.66812
3660.52205,0.68585
3656.66481,0.70377
3652.80756,0.72259
3648.95032,0.74275
3645.09308,0.76132
3641.23584,0.77571
3637.37860,0.78846
3633.52136,0.80035
3629.66412,0.81182
3625.80687,0.82443
3621.94963,0.83613
3618.09239,0.84594
3614.23515,0.85393
3610.37791,0.86358
3606.52067,0.87583
3602.66343,0.88723
3598.80619,0.89769
