12493.60475,0.15125
12489.74751,0.15108
12485.89027,0.15005
12482.03303,0.14918
12478.17579,0.14855
12474.31855,0.14769
12470.46130,0.14616
12466.60406,0.14513
12462.74682,0.14527
12458.88958,0.14555
12455.03234,0.14736
12451.17510,0.15115
12447.31786,0.15253
12443.46062,0.15081
12439.60337,0.15012
12435.74613,0.15101
12431.88889,0.15126
12428.03165,0.15013
12424.17441,0.14984
12420.31717,0.15236
12416.45993,0.15561
12412.60268,0.15681
12408.74544,0.15415
12404.88820,0.14903
12401.03096,0.14575
12397.17372,0.14444
12393.31648,0.14317
12389.45924,0.14374
12385.60199,0.14684
12381.74475,0.14821
12377.88751,0.14604
12374.03027,0.14385
12370.17303,0.14408
12366.31579,0.14631
12362.45855,0.14901
12358.60131,0.15038
12354.74406,0.14998
12350.88682,0.14890
12347.02958,0.14674
12343.17234,0.14354
12339.31510,0.14290
12335.45786,0.14631
12331.60062,0.15044
12327.74337,0.15178
12323.88613,0.14991
12320.02889,0.14832
12316.17165,0.14957
12312.31441,0.15144
12308.45717,0.15230
12304.59993,0.15380
12300.74268,0.15555
12296.88544,0.15526
12293.02820,0.15237
12289.17096,0.14779
12285.31372,0.14509
12281.45648,0.14763
12277.59924,0.15173
12273.74200,0.15222
12269.88475,0.15151
12266.02751,0.15267
12262.17027,0.15300
12258.31303,0.15155
12254.45579,0.15125
12250.59855,0.15170
12246.74131,0.15090
12242.88406,0.15012
12239.02682,0.15028
12235.16958,0.15052
12231.31234,0.15020
12227.45510,0.15004
12223.59786,0.15077
12219.74062,0.15071
12215.88338,0.14932
12212.02613,0.14810
12208.16889,0.14698
12204.31165,0.14621
12200.45441,0.14731
12196.59717,0.14969
12192.73993,0.15035
12188.88269,0.14829
12185.02544,0.14625
12181.16820,0.14624
12177.31096,0.14605
12173.45372,0.14392
12169.59648,0.14269
12165.73924,0.14448
12161.88200,0.14702
12158.02475,0.14729
12154.16751,0.14573
12150.31027,0.14502
12146.45303,0.14550
12142.59579,0.14545
12138.73855,0.14419
12134.88131,0.14253
12131.02407,0.14165
12127.16682,0.14201
12123.30958,0.14320
12119.45234,0.14429
12115.59510,0.14524
12111.73786,0.14577
12107.88062,0.14460
12104.02338,0.14328
12100.16613,0.14395
12096.30889,0.14464
12092.45165,0.14418
12088.59441,0.14510
12084.73717,0.14692
12080.87993,0.14671
12077.02269,0.14541
12073.16544,0.14510
12069.30820,0.14541
12065.45096,0.14491
12061.59372,0.14309
12057.73648,0.14191
12053.87924,0.14313
12050.02200,0.14538
12046.16476,0.14645
12042.30751,0.14587
12038.45027,0.14514
12034.59303,0.14618
12030.73579,0.14825
12026.87855,0.14871
12023.02131,0.14714
12019.16407,0.14586
12015.30682,0.14698
12011.44958,0.15016
12007.59234,0.15258
12003.73510,0.15223
11999.87786,0.15062
11996.02062,0.15045
11992.16338,0.15213
11988.30614,0.15337
11984.44889,0.15233
11980.59165,0.15030
11976.73441,0.14914
11972.87717,0.14862
11969.01993,0.14808
11965.16269,0.14749
11961.30545,0.14790
11957.44820,0.15011
11953.59096,0.15195
11949.73372,0.15055
11945.87648,0.14711
11942.01924,0.14546
11938.16200,0.14708
11934.30476,0.15046
11930.44751,0.15385
11926.59027,0.15563
11922.73303,0.15511
11918.87579,0.15428
11915.01855,0.15463
11911.16131,0.15531
11907.30407,0.15507
11903.44683,0.15221
11899.58958,0.14786
11895.73234,0.14643
11891.87510,0.14825
11888.01786,0.14936
11884.16062,0.14829
11880.30338,0.14788
11876.44614,0.14978
11872.58889,0.15223
11868.73165,0.15402
11864.87441,0.15439
11861.01717,0.15320
11857.15993,0.15201
11853.30269,0.15170
11849.44545,0.15229
11845.58820,0.15295
11841.73096,0.15259
11837.87372,0.15228
11834.01648,0.15314
11830.15924,0.15404
11826.30200,0.15385
11822.44476,0.15295
11818.58752,0.15239
11814.73027,0.15244
11810.87303,0.15223
11807.01579,0.15114
11803.15855,0.14997
11799.30131,0.14939
11795.44407,0.14887
11791.58683,0.14845
11787.72958,0.14887
11783.87234,0.15014
11780.01510,0.15084
11776.15786,0.14986
11772.30062,0.14940
11768.44338,0.15127
11764.58614,0.15289
11760.72890,0.15199
11756.87165,0.15051
11753.01441,0.15125
11749.15717,0.15328
11745.29993,0.15386
11741.44269,0.15313
11737.58545,0.15259
11733.72821,0.15226
11729.87096,0.15174
11726.01372,0.15181
11722.15648,0.15317
11718.29924,0.15482
11714.44200,0.15533
11710.58476,0.15487
11706.72752,0.15446
11702.87027,0.15424
11699.01303,0.15352
11695.15579,0.15218
11691.29855,0.15103
11687.44131,0.15059
11683.58407,0.15032
11679.72683,0.14980
11675.86959,0.14919
11672.01234,0.14880
11668.15510,0.14877
11664.29786,0.14847
11660.44062,0.14840
11656.58338,0.15002
11652.72614,0.15145
11648.86890,0.14955
11645.01165,0.14632
11641.15441,0.14573
11637.29717,0.14733
11633.43993,0.14851
11629.58269,0.14864
11625.72545,0.14891
11621.86821,0.14927
11618.01096,0.14895
11614.15372,0.14883
11610.29648,0.14923
11606.43924,0.15015
11602.58200,0.15157
11598.72476,0.15133
11594.86752,0.14901
11591.01028,0.14709
11587.15303,0.14660
11583.29579,0.14632
11579.43855,0.14529
11575.58131,0.14468
11571.72407,0.14574
11567.86683,0.14702
11564.00959,0.14673
11560.15234,0.14583
11556.29510,0.14682
11552.43786,0.15028
11548.58062,0.15286
11544.72338,0.15165
11540.86614,0.14957
11537.00890,0.15027
11533.15166,0.15159
11529.29441,0.15044
11525.43717,0.14865
11521.57993,0.14894
11517.72269,0.14984
11513.86545,0.14916
11510.00821,0.14895
11506.15097,0.15104
11502.29372,0.15339
11498.43648,0.15380
11494.57924,0.15158
11490.72200,0.14866
11486.86476,0.14856
11483.00752,0.15037
11479.15028,0.15060
11475.29303,0.14961
11471.43579,0.14977
11467.57855,0.15156
11463.72131,0.15357
11459.86407,0.15423
11456.00683,0.15344
11452.14959,0.15239
11448.29235,0.15163
11444.43510,0.15044
11440.57786,0.14835
11436.72062,0.14731
11432.86338,0.14872
11429.00614,0.15008
11425.14890,0.14943
11421.29166,0.14863
11417.43441,0.14913
11413.57717,0.14963
11409.71993,0.14949
11405.86269,0.14969
11402.00545,0.15018
11398.14821,0.15021
11394.29097,0.14970
11390.43372,0.14909
11386.57648,0.14916
11382.71924,0.15021
11378.86200,0.15098
11375.00476,0.15004
11371.14752,0.14800
11367.29028,0.14581
11363.43304,0.14443
11359.57579,0.14606
11355.71855,0.14972
11351.86131,0.15120
11348.00407,0.14993
11344.14683,0.14839
11340.28959,0.14726
11336.43235,0.14643
11332.57510,0.14605
11328.71786,0.14659
11324.86062,0.14810
11321.00338,0.14874
11317.14614,0.14793
11313.28890,0.14730
11309.43166,0.14743
11305.57442,0.14807
11301.71717,0.14860
11297.85993,0.14833
11294.00269,0.14760
11290.14545,0.14712
11286.28821,0.14712
11282.43097,0.14738
11278.57373,0.14673
11274.71648,0.14487
11270.85924,0.14330
11267.00200,0.14254
11263.14476,0.14315
11259.28752,0.14603
11255.43028,0.14873
11251.57304,0.14907
11247.71579,0.14888
11243.85855,0.14926
11240.00131,0.14898
11236.14407,0.14815
11232.28683,0.14790
11228.42959,0.14807
11224.57235,0.14801
11220.71511,0.14721
11216.85786,0.14516
11213.00062,0.14274
11209.14338,0.14178
11205.28614,0.14247
11201.42890,0.14402
11197.57166,0.14598
11193.71442,0.14695
11189.85717,0.14598
11185.99993,0.14508
11182.14269,0.14554
11178.28545,0.14569
11174.42821,0.14473
11170.57097,0.14397
11166.71373,0.14468
11162.85648,0.14662
11158.99924,0.14763
11155.14200,0.14668
11151.28476,0.14527
11147.42752,0.14462
11143.57028,0.14453
11139.71304,0.14452
11135.85580,0.14471
11131.99855,0.14545
11128.14131,0.14630
11124.28407,0.14660
11120.42683,0.14655
11116.56959,0.14637
11112.71235,0.14609
11108.85511,0.14644
11104.99786,0.14743
11101.14062,0.14793
11097.28338,0.14778
11093.42614,0.14749
11089.56890,0.14686
11085.71166,0.14592
11081.85442,0.14553
11077.99718,0.14594
11074.13993,0.14679
11070.28269,0.14783
11066.42545,0.14841
11062.56821,0.14784
11058.71097,0.14672
11054.85373,0.14647
11050.99649,0.14741
11047.13924,0.14810
11043.28200,0.14733
11039.42476,0.14598
11035.56752,0.14561
11031.71028,0.14595
11027.85304,0.14621
11023.99580,0.14649
11020.13855,0.14694
11016.28131,0.14741
11012.42407,0.14709
11008.56683,0.14600
11004.70959,0.14581
11000.85235,0.14679
10996.99511,0.14737
10993.13787,0.14701
10989.28062,0.14633
10985.42338,0.14569
10981.56614,0.14538
10977.70890,0.14550
10973.85166,0.14568
10969.99442,0.14579
10966.13718,0.14589
10962.27993,0.14606
10958.42269,0.14643
10954.56545,0.14636
10950.70821,0.14524
10946.85097,0.14428
10942.99373,0.14448
10939.13649,0.14478
10935.27924,0.14454
10931.42200,0.14422
10927.56476,0.14403
10923.70752,0.14424
10919.85028,0.14486
10915.99304,0.14516
10912.13580,0.14463
10908.27856,0.14398
10904.42131,0.14389
10900.56407,0.14372
10896.70683,0.14344
10892.84959,0.14356
10888.99235,0.14355
10885.13511,0.14343
10881.27787,0.14370
10877.42062,0.14376
10873.56338,0.14312
10869.70614,0.14216
10865.84890,0.14165
10861.99166,0.14219
10858.13442,0.14301
10854.27718,0.14285
10850.41993,0.14219
10846.56269,0.14236
10842.70545,0.14310
10838.84821,0.14336
10834.99097,0.14325
10831.13373,0.14320
10827.27649,0.14290
10823.41925,0.14256
10819.56200,0.14249
10815.70476,0.14216
10811.84752,0.14143
10807.99028,0.14117
10804.13304,0.14184
10800.27580,0.14234
10796.41856,0.14226
10792.56131,0.14260
10788.70407,0.14292
10784.84683,0.14242
10780.98959,0.14174
10777.13235,0.14156
10773.27511,0.14210
10769.41787,0.14293
10765.56063,0.14286
10761.70338,0.14188
10757.84614,0.14165
10753.98890,0.14275
10750.13166,0.14333
10746.27442,0.14261
10742.41718,0.14199
10738.55994,0.14197
10734.70269,0.14194
10730.84545,0.14186
10726.98821,0.14230
10723.13097,0.14323
10719.27373,0.14338
10715.41649,0.14240
10711.55925,0.14169
10707.70200,0.14187
10703.84476,0.14222
10699.98752,0.14209
10696.13028,0.14163
10692.27304,0.14156
10688.41580,0.14204
10684.55856,0.14261
10680.70132,0.14302
10676.84407,0.14314
10672.98683,0.14252
10669.12959,0.14156
10665.27235,0.14138
10661.41511,0.14203
10657.55787,0.14245
10653.70063,0.14213
10649.84338,0.14189
10645.98614,0.14221
10642.12890,0.14244
10638.27166,0.14238
10634.41442,0.14217
10630.55718,0.14203
10626.69994,0.14242
10622.84269,0.14288
10618.98545,0.14258
10615.12821,0.14187
10611.27097,0.14158
10607.41373,0.14193
10603.55649,0.14239
10599.69925,0.14244
10595.84201,0.14251
10591.98476,0.14277
10588.12752,0.14266
10584.27028,0.14208
10580.41304,0.14140
10576.55580,0.14101
10572.69856,0.14094
10568.84132,0.14109
10564.98407,0.14107
10561.12683,0.14040
10557.26959,0.13971
10553.41235,0.13961
10549.55511,0.13948
10545.69787,0.13907
10541.84063,0.13846
10537.98339,0.13767
10534.12614,0.13737
10530.26890,0.13779
10526.41166,0.13821
10522.55442,0.13819
10518.69718,0.13808
10514.83994,0.13824
10510.98270,0.13848
10507.12545,0.13820
10503.26821,0.13735
10499.41097,0.13679
10495.55373,0.13717
10491.69649,0.13797
10487.83925,0.13834
10483.98201,0.13823
10480.12476,0.13824
10476.26752,0.13856
10472.41028,0.13900
10468.55304,0.13901
10464.69580,0.13812
10460.83856,0.13740
10456.98132,0.13777
10453.12408,0.13850
10449.26683,0.13857
10445.40959,0.13789
10441.55235,0.13741
10437.69511,0.13751
10433.83787,0.13770
10429.98063,0.13783
10426.12339,0.13795
10422.26614,0.13807
10418.40890,0.13820
10414.55166,0.13832
10410.69442,0.13823
10406.83718,0.13771
10402.97994,0.13736
10399.12270,0.13755
10395.26545,0.13763
10391.40821,0.13749
10387.55097,0.13758
10383.69373,0.13757
10379.83649,0.13737
10375.97925,0.13726
10372.12201,0.13727
10368.26477,0.13724
10364.40752,0.13697
10360.55028,0.13664
10356.69304,0.13685
10352.83580,0.13768
10348.97856,0.13828
10345.12132,0.13826
10341.26408,0.13846
10337.40683,0.13908
10333.54959,0.13928
10329.69235,0.13910
10325.83511,0.13872
10321.97787,0.13790
10318.12063,0.13709
10314.26339,0.13707
10310.40615,0.13783
10306.54890,0.13859
10302.69166,0.13871
10298.83442,0.13860
10294.97718,0.13872
10291.11994,0.13874
10287.26270,0.13853
10283.40546,0.13817
10279.54821,0.13783
10275.69097,0.13788
10271.83373,0.13820
10267.97649,0.13850
10264.11925,0.13878
10260.26201,0.13877
10256.40477,0.13839
10252.54752,0.13842
10248.69028,0.13911
10244.83304,0.13954
10240.97580,0.13913
10237.11856,0.13841
10233.26132,0.13803
10229.40408,0.13794
10225.54684,0.13785
10221.68959,0.13785
10217.83235,0.13805
10213.97511,0.13843
10210.11787,0.13880
10206.26063,0.13864
10202.40339,0.13829
10198.54615,0.13834
10194.68890,0.13838
10190.83166,0.13821
10186.97442,0.13824
10183.11718,0.13843
10179.25994,0.13846
10175.40270,0.13858
10171.54546,0.13909
10167.68821,0.13929
10163.83097,0.13902
10159.97373,0.13898
10156.11649,0.13919
10152.25925,0.13935
10148.40201,0.13979
10144.54477,0.14046
10140.68753,0.14053
10136.83028,0.14011
10132.97304,0.14015
10129.11580,0.14048
10125.25856,0.14052
10121.40132,0.14023
10117.54408,0.13968
10113.68684,0.13919
10109.82959,0.13902
10105.97235,0.13889
10102.11511,0.13879
10098.25787,0.13909
10094.40063,0.13951
10090.54339,0.13937
10086.68615,0.13879
10082.82891,0.13860
10078.97166,0.13900
10075.11442,0.13923
10071.25718,0.13890
10067.39994,0.13872
10063.54270,0.13911
10059.68546,0.13945
10055.82822,0.13953
10051.97097,0.13982
10048.11373,0.14025
10044.25649,0.14043
10040.39925,0.14043
10036.54201,0.14047
10032.68477,0.14051
10028.82753,0.14041
10024.97028,0.14026
10021.11304,0.14002
10017.25580,0.13938
10013.39856,0.13866
10009.54132,0.13846
10005.68408,0.13881
10001.82684,0.13905
9997.96960,0.13887
9994.11235,0.13873
9990.25511,0.13872
9986.39787,0.13873
9982.54063,0.13914
9978.68339,0.13992
9974.82615,0.14031
9970.96891,0.14002
9967.11166,0.13976
9963.25442,0.14005
9959.39718,0.14049
9955.53994,0.14054
9951.68270,0.14046
9947.82546,0.14079
9943.96822,0.14127
9940.11097,0.14144
9936.25373,0.14127
9932.39649,0.14072
9928.53925,0.14006
9924.68201,0.13973
9920.82477,0.13977
9916.96753,0.13989
9913.11029,0.13982
9909.25304,0.13960
9905.39580,0.13945
9901.53856,0.13954
9897.68132,0.13967
9893.82408,0.13960
9889.96684,0.13953
9886.10960,0.13967
9882.25235,0.13982
9878.39511,0.13967
9874.53787,0.13927
9870.68063,0.13906
9866.82339,0.13929
9862.96615,0.13954
9859.10891,0.13930
9855.25167,0.13875
9851.39442,0.13842
9847.53718,0.13872
9843.67994,0.13942
9839.82270,0.13997
9835.96546,0.14006
9832.10822,0.13974
9828.25098,0.13942
9824.39373,0.13942
9820.53649,0.13931
9816.67925,0.13884
9812.82201,0.13860
9808.96477,0.13875
9805.10753,0.13862
9801.25029,0.13858
9797.39304,0.13933
9793.53580,0.13995
9789.67856,0.13947
9785.82132,0.13860
9781.96408,0.13821
9778.10684,0.13822
9774.24960,0.13818
9770.39236,0.13791
9766.53511,0.13769
9762.67787,0.13765
9758.82063,0.13773
9754.96339,0.13813
9751.10615,0.13858
9747.24891,0.13853
9743.39167,0.13815
9739.53442,0.13786
9735.67718,0.13783
9731.81994,0.13806
9727.96270,0.13832
9724.10546,0.13833
9720.24822,0.13798
9716.39098,0.13762
9712.53373,0.13764
9708.67649,0.13782
9704.81925,0.13777
9700.96201,0.13769
9697.10477,0.13786
9693.24753,0.13820
9689.39029,0.13834
9685.53305,0.13798
9681.67580,0.13736
9677.81856,0.13697
9673.96132,0.13704
9670.10408,0.13740
9666.24684,0.13763
9662.38960,0.13743
9658.53236,0.13689
9654.67511,0.13654
9650.81787,0.13670
9646.96063,0.13708
9643.10339,0.13717
9639.24615,0.13689
9635.38891,0.13677
9631.53167,0.13704
9627.67443,0.13710
9623.81718,0.13666
9619.95994,0.13622
9616.10270,0.13612
9612.24546,0.13620
9608.38822,0.13623
9604.53098,0.13614
9600.67374,0.13588
9596.81649,0.13578
9592.95925,0.13612
9589.10201,0.13640
9585.24477,0.13631
9581.38753,0.13613
9577.53029,0.13593
9573.67305,0.13574
9569.81580,0.13575
9565.95856,0.13596
9562.10132,0.13634
9558.24408,0.13685
9554.38684,0.13710
9550.52960,0.13691
9546.67236,0.13654
9542.81512,0.13620
9538.95787,0.13604
9535.10063,0.13590
9531.24339,0.13570
9527.38615,0.13578
9523.52891,0.13607
9519.67167,0.13615
9515.81443,0.13609
9511.95718,0.13610
9508.09994,0.13602
9504.24270,0.13572
9500.38546,0.13547
9496.52822,0.13553
9492.67098,0.13558
9488.81374,0.13533
9484.95649,0.13514
9481.09925,0.13523
9477.24201,0.13524
9473.38477,0.13495
9469.52753,0.13474
9465.67029,0.13491
9461.81305,0.13520
9457.95581,0.13526
9454.09856,0.13519
9450.24132,0.13529
9446.38408,0.13549
9442.52684,0.13553
9438.66960,0.13549
9434.81236,0.13570
9430.95512,0.13612
9427.09787,0.13635
9423.24063,0.13603
9419.38339,0.13530
9415.52615,0.13478
9411.66891,0.13482
9407.81167,0.13520
9403.95443,0.13543
9400.09719,0.13524
9396.23994,0.13474
9392.38270,0.13440
9388.52546,0.13440
9384.66822,0.13456
9380.81098,0.13466
9376.95374,0.13448
9373.09650,0.13423
9369.23925,0.13440
9365.38201,0.13483
9361.52477,0.13503
9357.66753,0.13519
9353.81029,0.13548
9349.95305,0.13563
9346.09581,0.13564
9342.23856,0.13554
9338.38132,0.13531
9334.52408,0.13507
9330.66684,0.13494
9326.80960,0.13502
9322.95236,0.13514
9319.09512,0.13503
9315.23788,0.13476
9311.38063,0.13446
9307.52339,0.13427
9303.66615,0.13447
9299.80891,0.13474
9295.95167,0.13459
9292.09443,0.13430
9288.23719,0.13436
9284.37994,0.13466
9280.52270,0.13474
9276.66546,0.13445
9272.80822,0.13422
9268.95098,0.13446
9265.09374,0.13482
9261.23650,0.13480
9257.37925,0.13457
9253.52201,0.13452
9249.66477,0.13449
9245.80753,0.13429
9241.95029,0.13420
9238.09305,0.13432
9234.23581,0.13444
9230.37857,0.13458
9226.52132,0.13480
9222.66408,0.13498
9218.80684,0.13500
9214.94960,0.13467
9211.09236,0.13427
9207.23512,0.13432
9203.37788,0.13464
9199.52063,0.13469
9195.66339,0.13449
9191.80615,0.13445
9187.94891,0.13451
9184.09167,0.13451
9180.23443,0.13462
9176.37719,0.13477
9172.51995,0.13451
9168.66270,0.13407
9164.80546,0.13408
9160.94822,0.13445
9157.09098,0.13453
9153.23374,0.13420
9149.37650,0.13390
9145.51926,0.13391
9141.66201,0.13423
9137.80477,0.13457
9133.94753,0.13468
9130.09029,0.13463
9126.23305,0.13470
9122.37581,0.13489
9118.51857,0.13502
9114.66132,0.13502
9110.80408,0.13504
9106.94684,0.13499
9103.08960,0.13476
9099.23236,0.13467
9095.37512,0.13467
9091.51788,0.13448
9087.66064,0.13440
9083.80339,0.13451
9079.94615,0.13457
9076.08891,0.13469
9072.23167,0.13495
9068.37443,0.13518
9064.51719,0.13525
9060.65995,0.13518
9056.80270,0.13511
9052.94546,0.13513
9049.08822,0.13519
9045.23098,0.13522
9041.37374,0.13520
9037.51650,0.13521
9033.65926,0.13525
9029.80201,0.13535
9025.94477,0.13555
9022.08753,0.13560
9018.23029,0.13532
9014.37305,0.13510
9010.51581,0.13530
9006.65857,0.13571
9002.80133,0.13606
8998.94408,0.13632
8995.08684,0.13659
8991.22960,0.13675
8987.37236,0.13675
8983.51512,0.13681
8979.65788,0.13698
8975.80064,0.13723
8971.94339,0.13751
8968.08615,0.13777
8964.22891,0.13814
8960.37167,0.13857
8956.51443,0.13877
8952.65719,0.13879
8948.79995,0.13896
8944.94271,0.13935
8941.08546,0.13996
8937.22822,0.14081
8933.37098,0.14158
8929.51374,0.14191
8925.65650,0.14200
8921.79926,0.14233
8917.94202,0.14291
8914.08477,0.14350
8910.22753,0.14397
8906.37029,0.14441
8902.51305,0.14500
8898.65581,0.14578
8894.79857,0.14668
8890.94133,0.14755
8887.08408,0.14829
8883.22684,0.14902
8879.36960,0.14982
8875.51236,0.15055
8871.65512,0.15119
8867.79788,0.15167
8863.94064,0.15180
8860.08340,0.15169
8856.22615,0.15161
8852.36891,0.15167
8848.51167,0.15165
8844.65443,0.15135
8840.79719,0.15096
8836.93995,0.15066
8833.08271,0.15038
8829.22546,0.14997
8825.36822,0.14946
8821.51098,0.14895
8817.65374,0.14843
8813.79650,0.14775
8809.93926,0.14696
8806.08202,0.14640
8802.22477,0.14599
8798.36753,0.14525
8794.51029,0.14417
8790.65305,0.14322
8786.79581,0.14266
8782.93857,0.14237
8779.08133,0.14194
8775.22409,0.14128
8771.36684,0.14079
8767.50960,0.14056
8763.65236,0.14040
8759.79512,0.14029
8755.93788,0.14018
8752.08064,0.14001
8748.22340,0.13987
8744.36615,0.13975
8740.50891,0.13956
8736.65167,0.13935
8732.79443,0.13922
8728.93719,0.13920
8725.07995,0.13922
8721.22271,0.13919
8717.36547,0.13922
8713.50822,0.13943
8709.65098,0.13964
8705.79374,0.13975
8701.93650,0.13983
8698.07926,0.14001
8694.22202,0.14025
8690.36478,0.14043
8686.50753,0.14046
8682.65029,0.14039
8678.79305,0.14040
8674.93581,0.14053
8671.07857,0.14062
8667.22133,0.14061
8663.36409,0.14072
8659.50684,0.14106
8655.64960,0.14145
8651.79236,0.14166
8647.93512,0.14168
8644.07788,0.14169
8640.22064,0.14186
8636.36340,0.14216
8632.50616,0.14242
8628.64891,0.14257
8624.79167,0.14268
8620.93443,0.14276
8617.07719,0.14284
8613.21995,0.14309
8609.36271,0.14341
8605.50547,0.14358
8601.64822,0.14362
8597.79098,0.14370
8593.93374,0.14390
8590.07650,0.14418
8586.21926,0.14449
8582.36202,0.14484
8578.50478,0.14508
8574.64753,0.14516
8570.79029,0.14519
8566.93305,0.14523
8563.07581,0.14531
8559.21857,0.14547
8555.36133,0.14570
8551.50409,0.14589
8547.64685,0.14597
8543.78960,0.14609
8539.93236,0.14641
8536.07512,0.14683
8532.21788,0.14714
8528.36064,0.14728
8524.50340,0.14736
8520.64616,0.14751
8516.78891,0.14774
8512.93167,0.14790
8509.07443,0.14788
8505.21719,0.14773
8501.35995,0.14768
8497.50271,0.14784
8493.64547,0.14800
8489.78822,0.14809
8485.93098,0.14807
8482.07374,0.14795
8478.21650,0.14786
8474.35926,0.14789
8470.50202,0.14793
8466.64478,0.14797
8462.78754,0.14810
8458.93029,0.14822
8455.07305,0.14817
8451.21581,0.14791
8447.35857,0.14754
8443.50133,0.14733
8439.64409,0.14736
8435.78685,0.14749
8431.92960,0.14765
8428.07236,0.14784
8424.21512,0.14797
8420.35788,0.14785
8416.50064,0.14760
8412.64340,0.14750
8408.78616,0.14754
8404.92892,0.14748
8401.07167,0.14729
8397.21443,0.14714
8393.35719,0.14694
8389.49995,0.14661
8385.64271,0.14638
8381.78547,0.14639
8377.92823,0.14641
8374.07098,0.14633
8370.21374,0.14627
8366.35650,0.14630
8362.49926,0.14637
8358.64202,0.14650
8354.78478,0.14668
8350.92754,0.14669
8347.07029,0.14656
8343.21305,0.14662
8339.35581,0.14675
8335.49857,0.14661
8331.64133,0.14628
8327.78409,0.14597
8323.92685,0.14573
8320.06961,0.14571
8316.21236,0.14593
8312.35512,0.14604
8308.49788,0.14590
8304.64064,0.14577
8300.78340,0.14578
8296.92616,0.14584
8293.06892,0.14586
8289.21167,0.14579
8285.35443,0.14567
8281.49719,0.14564
8277.63995,0.14571
8273.78271,0.14586
8269.92547,0.14609
8266.06823,0.14628
8262.21098,0.14636
8258.35374,0.14629
8254.49650,0.14618
8250.63926,0.14617
8246.78202,0.14622
8242.92478,0.14637
8239.06754,0.14657
8235.21030,0.14658
8231.35305,0.14644
8227.49581,0.14641
8223.63857,0.14641
8219.78133,0.14619
8215.92409,0.14596
8212.06685,0.14601
8208.20961,0.14614
8204.35236,0.14616
8200.49512,0.14604
8196.63788,0.14582
8192.78064,0.14563
8188.92340,0.14560
8185.06616,0.14556
8181.20892,0.14548
8177.35168,0.14551
8173.49443,0.14553
8169.63719,0.14543
8165.77995,0.14536
8161.92271,0.14539
8158.06547,0.14539
8154.20823,0.14518
8150.35099,0.14487
8146.49374,0.14466
8142.63650,0.14456
8138.77926,0.14445
8134.92202,0.14435
8131.06478,0.14425
8127.20754,0.14419
8123.35030,0.14416
8119.49305,0.14402
8115.63581,0.14376
8111.77857,0.14355
8107.92133,0.14346
8104.06409,0.14342
8100.20685,0.14334
8096.34961,0.14315
8092.49237,0.14300
8088.63512,0.14291
8084.77788,0.14264
8080.92064,0.14226
8077.06340,0.14207
8073.20616,0.14212
8069.34892,0.14224
8065.49168,0.14224
8061.63443,0.14208
8057.77719,0.14195
8053.91995,0.14204
8050.06271,0.14219
8046.20547,0.14211
8042.34823,0.14180
8038.49099,0.14145
8034.63374,0.14120
8030.77650,0.14116
8026.91926,0.14123
8023.06202,0.14117
8019.20478,0.14100
8015.34754,0.14092
8011.49030,0.14094
8007.63306,0.14097
8003.77581,0.14096
7999.91857,0.14085
7996.06133,0.14073
7992.20409,0.14071
7988.34685,0.14073
7984.48961,0.14072
7980.63237,0.14073
7976.77512,0.14070
7972.91788,0.14062
7969.06064,0.14060
7965.20340,0.14066
7961.34616,0.14067
7957.48892,0.14048
7953.63168,0.14015
7949.77444,0.13987
7945.91719,0.13978
7942.05995,0.13975
7938.20271,0.13965
7934.34547,0.13966
7930.48823,0.13979
7926.63099,0.13984
7922.77375,0.13978
7918.91650,0.13973
7915.05926,0.13974
7911.20202,0.13974
7907.34478,0.13976
7903.48754,0.13985
7899.63030,0.13994
7895.77306,0.13994
7891.91581,0.13992
7888.05857,0.13999
7884.20133,0.14016
7880.34409,0.14030
7876.48685,0.14036
7872.62961,0.14037
7868.77237,0.14032
7864.91513,0.14020
7861.05788,0.13999
7857.20064,0.13979
7853.34340,0.13975
7849.48616,0.13970
7845.62892,0.13951
7841.77168,0.13938
7837.91444,0.13949
7834.05719,0.13967
7830.19995,0.13964
7826.34271,0.13943
7822.48547,0.13917
7818.62823,0.13898
7814.77099,0.13895
7810.91375,0.13900
7807.05650,0.13908
7803.19926,0.13919
7799.34202,0.13916
7795.48478,0.13886
7791.62754,0.13855
7787.77030,0.13848
7783.91306,0.13844
7780.05582,0.13824
7776.19857,0.13814
7772.34133,0.13820
7768.48409,0.13812
7764.62685,0.13794
7760.76961,0.13789
7756.91237,0.13783
7753.05513,0.13767
7749.19788,0.13762
7745.34064,0.13773
7741.48340,0.13772
7737.62616,0.13751
7733.76892,0.13733
7729.91168,0.13737
7726.05444,0.13741
7722.19720,0.13716
7718.33995,0.13678
7714.48271,0.13671
7710.62547,0.13698
7706.76823,0.13715
7702.91099,0.13695
7699.05375,0.13671
7695.19651,0.13660
7691.33926,0.13646
7687.48202,0.13637
7683.62478,0.13648
7679.76754,0.13669
7675.91030,0.13670
7672.05306,0.13647
7668.19582,0.13625
7664.33857,0.13626
7660.48133,0.13643
7656.62409,0.13656
7652.76685,0.13658
7648.90961,0.13653
7645.05237,0.13651
7641.19513,0.13653
7637.33789,0.13649
7633.48064,0.13643
7629.62340,0.13636
7625.76616,0.13628
7621.90892,0.13633
7618.05168,0.13653
7614.19444,0.13666
7610.33720,0.13669
7606.47995,0.13679
7602.62271,0.13689
7598.76547,0.13688
7594.90823,0.13695
7591.05099,0.13709
7587.19375,0.13716
7583.33651,0.13717
7579.47926,0.13721
7575.62202,0.13720
7571.76478,0.13718
7567.90754,0.13729
7564.05030,0.13745
7560.19306,0.13760
7556.33582,0.13784
7552.47858,0.13811
7548.62133,0.13825
7544.76409,0.13831
7540.90685,0.13838
7537.04961,0.13849
7533.19237,0.13868
7529.33513,0.13883
7525.47789,0.13884
7521.62064,0.13885
7517.76340,0.13892
7513.90616,0.13899
7510.04892,0.13915
7506.19168,0.13943
7502.33444,0.13962
7498.47720,0.13970
7494.61996,0.13987
7490.76271,0.14013
7486.90547,0.14027
7483.04823,0.14035
7479.19099,0.14056
7475.33375,0.14094
7471.47651,0.14125
7467.61927,0.14139
7463.76202,0.14157
7459.90478,0.14194
7456.04754,0.14243
7452.19030,0.14296
7448.33306,0.14349
7444.47582,0.14393
7440.61858,0.14434
7436.76133,0.14492
7432.90409,0.14561
7429.04685,0.14629
7425.18961,0.14699
7421.33237,0.14763
7417.47513,0.14814
7413.61789,0.14863
7409.76065,0.14912
7405.90340,0.14974
7402.04616,0.15057
7398.18892,0.15140
7394.33168,0.15211
7390.47444,0.15280
7386.61720,0.15355
7382.75996,0.15428
7378.90271,0.15496
7375.04547,0.15566
7371.18823,0.15642
7367.33099,0.15724
7363.47375,0.15804
7359.61651,0.15876
7355.75927,0.15945
7351.90202,0.16013
7348.04478,0.16075
7344.18754,0.16135
7340.33030,0.16198
7336.47306,0.16258
7332.61582,0.16312
7328.75858,0.16361
7324.90134,0.16389
7321.04409,0.16401
7317.18685,0.16418
7313.32961,0.16442
7309.47237,0.16463
7305.61513,0.16478
7301.75789,0.16488
7297.90065,0.16501
7294.04340,0.16523
7290.18616,0.16549
7286.32892,0.16563
7282.47168,0.16568
7278.61444,0.16582
7274.75720,0.16610
7270.89996,0.16634
7267.04272,0.16654
7263.18547,0.16680
7259.32823,0.16716
7255.47099,0.16746
7251.61375,0.16760
7247.75651,0.16764
7243.89927,0.16768
7240.04203,0.16775
7236.18478,0.16785
7232.32754,0.16798
7228.47030,0.16818
7224.61306,0.16851
7220.75582,0.16883
7216.89858,0.16896
7213.04134,0.16893
7209.18409,0.16889
7205.32685,0.16895
7201.46961,0.16907
7197.61237,0.16919
7193.75513,0.16928
7189.89789,0.16939
7186.04065,0.16957
7182.18341,0.16985
7178.32616,0.17019
7174.46892,0.17055
7170.61168,0.17096
7166.75444,0.17146
7162.89720,0.17198
7159.03996,0.17249
7155.18272,0.17314
7151.32547,0.17396
7147.46823,0.17472
7143.61099,0.17541
7139.75375,0.17619
7135.89651,0.17706
7132.03927,0.17789
7128.18203,0.17875
7124.32478,0.17970
7120.46754,0.18065
7116.61030,0.18155
7112.75306,0.18244
7108.89582,0.18343
7105.03858,0.18452
7101.18134,0.18562
7097.32410,0.18678
7093.46685,0.18801
7089.60961,0.18922
7085.75237,0.19046
7081.89513,0.19185
7078.03789,0.19327
7074.18065,0.19469
7070.32341,0.19626
7066.46616,0.19787
7062.60892,0.19941
7058.75168,0.20095
7054.89444,0.20247
7051.03720,0.20392
7047.17996,0.20537
7043.32272,0.20687
7039.46548,0.20838
7035.60823,0.20984
7031.75099,0.21121
7027.89375,0.21245
7024.03651,0.21356
7020.17927,0.21465
7016.32203,0.21583
7012.46479,0.21701
7008.60754,0.21804
7004.75030,0.21893
7000.89306,0.21983
6997.03582,0.22075
6993.17858,0.22164
6989.32134,0.22253
6985.46410,0.22343
6981.60685,0.22425
6977.74961,0.22497
6973.89237,0.22567
6970.03513,0.22640
6966.17789,0.22709
6962.32065,0.22769
6958.46341,0.22826
6954.60617,0.22880
6950.74892,0.22926
6946.89168,0.22966
6943.03444,0.23010
6939.17720,0.23059
6935.31996,0.23103
6931.46272,0.23143
6927.60548,0.23190
6923.74823,0.23237
6919.89099,0.23274
6916.03375,0.23309
6912.17651,0.23353
6908.31927,0.23397
6904.46203,0.23435
6900.60479,0.23475
6896.74754,0.23516
6892.89030,0.23555
6889.03306,0.23604
6885.17582,0.23662
6881.31858,0.23713
6877.46134,0.23760
6873.60410,0.23814
6869.74686,0.23874
6865.88961,0.23939
6862.03237,0.24011
6858.17513,0.24084
6854.31789,0.24150
6850.46065,0.24214
6846.60341,0.24283
6842.74617,0.24355
6838.88892,0.24428
6835.03168,0.24506
6831.17444,0.24581
6827.31720,0.24659
6823.45996,0.24746
6819.60272,0.24831
6815.74548,0.24905
6811.88824,0.24980
6808.03099,0.25064
6804.17375,0.25157
6800.31651,0.25251
6796.45927,0.25335
6792.60203,0.25416
6788.74479,0.25508
6784.88755,0.25603
6781.03030,0.25691
6777.17306,0.25777
6773.31582,0.25856
6769.45858,0.25931
6765.60134,0.26008
6761.74410,0.26079
6757.88686,0.26128
6754.02961,0.26161
6750.17237,0.26196
6746.31513,0.26237
6742.45789,0.26274
6738.60065,0.26300
6734.74341,0.26313
6730.88617,0.26320
6727.02893,0.26332
6723.17168,0.26344
6719.31444,0.26354
6715.45720,0.26370
6711.59996,0.26389
6707.74272,0.26398
6703.88548,0.26398
6700.02824,0.26395
6696.17099,0.26392
6692.31375,0.26391
6688.45651,0.26389
6684.59927,0.26377
6680.74203,0.26353
6676.88479,0.26322
6673.02755,0.26290
6669.17030,0.26264
6665.31306,0.26239
6661.45582,0.26203
6657.59858,0.26163
6653.74134,0.26129
6649.88410,0.26100
6646.02686,0.26063
6642.16962,0.26010
6638.31237,0.25953
6634.45513,0.25904
6630.59789,0.25863
6626.74065,0.25815
6622.88341,0.25753
6619.02617,0.25687
6615.16893,0.25630
6611.31168,0.25580
6607.45444,0.25530
6603.59720,0.25486
6599.73996,0.25448
6595.88272,0.25412
6592.02548,0.25377
6588.16824,0.25345
6584.31100,0.25314
6580.45375,0.25289
6576.59651,0.25273
6572.73927,0.25260
6568.88203,0.25247
6565.02479,0.25240
6561.16755,0.25238
6557.31031,0.25244
6553.45306,0.25261
6549.59582,0.25278
6545.73858,0.25286
6541.88134,0.25293
6538.02410,0.25302
6534.16686,0.25312
6530.30962,0.25324
6526.45237,0.25339
6522.59513,0.25353
6518.73789,0.25364
6514.88065,0.25379
6511.02341,0.25399
6507.16617,0.25412
6503.30893,0.25416
6499.45169,0.25419
6495.59444,0.25421
6491.73720,0.25417
6487.87996,0.25413
6484.02272,0.25412
6480.16548,0.25410
6476.30824,0.25411
6472.45100,0.25409
6468.59375,0.25394
6464.73651,0.25369
6460.87927,0.25346
6457.02203,0.25330
6453.16479,0.25310
6449.30755,0.25275
6445.45031,0.25235
6441.59306,0.25202
6437.73582,0.25171
6433.87858,0.25138
6430.02134,0.25103
6426.16410,0.25067
6422.30686,0.25032
6418.44962,0.24998
6414.59238,0.24962
6410.73513,0.24932
6406.87789,0.24911
6403.02065,0.24890
6399.16341,0.24863
6395.30617,0.24841
6391.44893,0.24829
6387.59169,0.24816
6383.73444,0.24794
6379.87720,0.24771
6376.01996,0.24754
6372.16272,0.24739
6368.30548,0.24722
6364.44824,0.24701
6360.59100,0.24676
6356.73376,0.24649
6352.87651,0.24625
6349.01927,0.24611
6345.16203,0.24606
6341.30479,0.24609
6337.44755,0.24615
6333.59031,0.24613
6329.73307,0.24603
6325.87582,0.24592
6322.01858,0.24583
6318.16134,0.24577
6314.30410,0.24573
6310.44686,0.24566
6306.58962,0.24553
6302.73238,0.24534
6298.87513,0.24508
6295.01789,0.24475
6291.16065,0.24431
6287.30341,0.24376
6283.44617,0.24319
6279.58893,0.24260
6275.73169,0.24191
6271.87445,0.24111
6268.01720,0.24030
6264.15996,0.23957
6260.30272,0.23883
6256.44548,0.23793
6252.58824,0.23691
6248.73100,0.23595
6244.87376,0.23509
6241.01651,0.23420
6237.15927,0.23320
6233.30203,0.23213
6229.44479,0.23112
6225.58755,0.23024
6221.73031,0.22951
6217.87307,0.22896
6214.01582,0.22866
6210.15858,0.22855
6206.30134,0.22857
6202.44410,0.22868
6198.58686,0.22874
6194.72962,0.22843
6190.87238,0.22760
6187.01514,0.22641
6183.15789,0.22508
6179.30065,0.22379
6175.44341,0.22270
6171.58617,0.22186
6167.72893,0.22126
6163.87169,0.22092
6160.01445,0.22086
6156.15720,0.22109
6152.29996,0.22153
6148.44272,0.22196
6144.58548,0.22215
6140.72824,0.22197
6136.87100,0.22148
6133.01376,0.22100
6129.15652,0.22082
6125.29927,0.22106
6121.44203,0.22182
6117.58479,0.22320
6113.72755,0.22527
6109.87031,0.22800
6106.01307,0.23131
6102.15583,0.23515
6098.29858,0.23941
6094.44134,0.24387
6090.58410,0.24832
6086.72686,0.25256
6082.86962,0.25652
6079.01238,0.26027
6075.15514,0.26433
6071.29789,0.26932
6067.44065,0.27534
6063.58341,0.28185
6059.72617,0.28818
6055.86893,0.29391
6052.01169,0.29901
6048.15445,0.30368
6044.29721,0.30825
6040.43996,0.31307
6036.58272,0.31842
6032.72548,0.32421
6028.86824,0.32970
6025.01100,0.33388
6021.15376,0.33607
6017.29652,0.33581
6013.43927,0.33286
6009.58203,0.32741
6005.72479,0.32018
6001.86755,0.31216
5998.01031,0.30437
5994.15307,0.29755
5990.29583,0.29212
5986.43858,0.28827
5982.58134,0.28571
5978.72410,0.28367
5974.86686,0.28122
5971.00962,0.27783
5967.15238,0.27383
5963.29514,0.27011
5959.43790,0.26727
5955.58065,0.26548
5951.72341,0.26465
5947.86617,0.26431
5944.00893,0.26376
5940.15169,0.26243
5936.29445,0.26001
5932.43721,0.25660
5928.57996,0.25260
5924.72272,0.24853
5920.86548,0.24472
5917.00824,0.24133
5913.15100,0.23854
5909.29376,0.23656
5905.43652,0.23549
5901.57927,0.23545
5897.72203,0.23645
5893.86479,0.23826
5890.00755,0.24063
5886.15031,0.24331
5882.29307,0.24596
5878.43583,0.24836
5874.57859,0.25050
5870.72134,0.25239
5866.86410,0.25387
5863.00686,0.25466
5859.14962,0.25464
5855.29238,0.25398
5851.43514,0.25309
5847.57790,0.25223
5843.72065,0.25155
5839.86341,0.25110
5836.00617,0.25085
5832.14893,0.25079
5828.29169,0.25091
5824.43445,0.25117
5820.57721,0.25149
5816.71997,0.25179
5812.86272,0.25203
5809.00548,0.25217
5805.14824,0.25212
5801.29100,0.25188
5797.43376,0.25159
5793.57652,0.25132
5789.71928,0.25106
5785.86203,0.25077
5782.00479,0.25038
5778.14755,0.24993
5774.29031,0.24944
5770.43307,0.24882
5766.57583,0.24798
5762.71859,0.24695
5758.86134,0.24575
5755.00410,0.24427
5751.14686,0.24260
5747.28962,0.24091
5743.43238,0.23925
5739.57514,0.23759
5735.71790,0.23601
5731.86066,0.23464
5728.00341,0.23362
5724.14617,0.23303
5720.28893,0.23281
5716.43169,0.23289
5712.57445,0.23317
5708.71721,0.23342
5704.85997,0.23344
5701.00272,0.23324
5697.14548,0.23296
5693.28824,0.23269
5689.43100,0.23234
5685.57376,0.23194
5681.71652,0.23166
5677.85928,0.23159
5674.00203,0.23175
5670.14479,0.23204
5666.28755,0.23242
5662.43031,0.23289
5658.57307,0.23338
5654.71583,0.23364
5650.85859,0.23358
5647.00135,0.23320
5643.14410,0.23247
5639.28686,0.23149
5635.42962,0.23049
5631.57238,0.22961
5627.71514,0.22884
5623.85790,0.22819
5620.00066,0.22773
5616.14341,0.22750
5612.28617,0.22744
5608.42893,0.22744
5604.57169,0.22751
5600.71445,0.22769
5596.85721,0.22797
5592.99997,0.22834
5589.14273,0.22880
5585.28548,0.22932
5581.42824,0.22988
5577.57100,0.23047
5573.71376,0.23108
5569.85652,0.23160
5565.99928,0.23187
5562.14204,0.23190
5558.28479,0.23182
5554.42755,0.23171
5550.57031,0.23161
5546.71307,0.23159
5542.85583,0.23163
5538.99859,0.23163
5535.14135,0.23158
5531.28410,0.23148
5527.42686,0.23131
5523.56962,0.23109
5519.71238,0.23084
5515.85514,0.23056
5511.99790,0.23028
5508.14066,0.23009
5504.28342,0.23010
5500.42617,0.23036
5496.56893,0.23078
5492.71169,0.23126
5488.85445,0.23175
5484.99721,0.23216
5481.13997,0.23240
5477.28273,0.23238
5473.42548,0.23209
5469.56824,0.23156
5465.71100,0.23084
5461.85376,0.22999
5457.99652,0.22901
5454.13928,0.22792
5450.28204,0.22673
5446.42479,0.22538
5442.56755,0.22387
5438.71031,0.22234
5434.85307,0.22092
5430.99583,0.21962
5427.13859,0.21843
5423.28135,0.21751
5419.42411,0.21683
5415.56686,0.21629
5411.70962,0.21586
5407.85238,0.21556
5403.99514,0.21531
5400.13790,0.21506
5396.28066,0.21482
5392.42342,0.21461
5388.56617,0.21443
5384.70893,0.21434
5380.85169,0.21441
5376.99445,0.21459
5373.13721,0.21482
5369.27997,0.21508
5365.42273,0.21540
5361.56549,0.21581
5357.70824,0.21625
5353.85100,0.21670
5349.99376,0.21710
5346.13652,0.21741
5342.27928,0.21764
5338.42204,0.21780
5334.56480,0.21800
5330.70755,0.21838
5326.85031,0.21897
5322.99307,0.21974
5319.13583,0.22079
5315.27859,0.22217
5311.42135,0.22384
5307.56411,0.22574
5303.70686,0.22789
5299.84962,0.23034
5295.99238,0.23311
5292.13514,0.23629
5288.27790,0.23994
5284.42066,0.24412
5280.56342,0.24880
5276.70618,0.25390
5272.84893,0.25931
5268.99169,0.26491
5265.13445,0.27054
5261.27721,0.27586
5257.41997,0.28065
5253.56273,0.28505
5249.70549,0.28917
5245.84824,0.29292
5241.99100,0.29618
5238.13376,0.29897
5234.27652,0.30151
5230.41928,0.30388
5226.56204,0.30595
5222.70480,0.30770
5218.84755,0.30921
5214.99031,0.31053
5211.13307,0.31167
5207.27583,0.31265
5203.41859,0.31348
5199.56135,0.31414
5195.70411,0.31465
5191.84687,0.31511
5187.98962,0.31552
5184.13238,0.31578
5180.27514,0.31584
5176.41790,0.31574
5172.56066,0.31561
5168.70342,0.31546
5164.84618,0.31528
5160.98893,0.31506
5157.13169,0.31484
5153.27445,0.31462
5149.41721,0.31434
5145.55997,0.31399
5141.70273,0.31365
5137.84549,0.31334
5133.98825,0.31305
5130.13100,0.31280
5126.27376,0.31255
5122.41652,0.31211
5118.55928,0.31104
5114.70204,0.30910
5110.84480,0.30644
5106.98756,0.30338
5103.13031,0.30022
5099.27307,0.29721
5095.41583,0.29445
5091.55859,0.29187
5087.70135,0.28946
5083.84411,0.28726
5079.98687,0.28522
5076.12962,0.28334
5072.27238,0.28159
5068.41514,0.27993
5064.55790,0.27838
5060.70066,0.27698
5056.84342,0.27571
5052.98618,0.27447
5049.12894,0.27330
5045.27169,0.27229
5041.41445,0.27137
5037.55721,0.27048
5033.69997,0.26970
5029.84273,0.26905
5025.98549,0.26843
5022.12825,0.26782
5018.27100,0.26727
5014.41376,0.26674
5010.55652,0.26622
5006.69928,0.26573
5002.84204,0.26527
4998.98480,0.26482
4995.12756,0.26441
4991.27031,0.26404
4987.41307,0.26380
4983.55583,0.26380
4979.69859,0.26405
4975.84135,0.26450
4971.98411,0.26511
4968.12687,0.26596
4964.26963,0.26715
4960.41238,0.26863
4956.55514,0.27029
4952.69790,0.27210
4948.84066,0.27412
4944.98342,0.27636
4941.12618,0.27874
4937.26894,0.28115
4933.41169,0.28361
4929.55445,0.28622
4925.69721,0.28904
4921.83997,0.29207
4917.98273,0.29527
4914.12549,0.29859
4910.26825,0.30203
4906.41101,0.30559
4902.55376,0.30922
4898.69652,0.31294
4894.83928,0.31686
4890.98204,0.32100
4887.12480,0.32522
4883.26756,0.32945
4879.41032,0.33368
4875.55307,0.33785
4871.69583,0.34180
4867.83859,0.34551
4863.98135,0.34911
4860.12411,0.35268
4856.26687,0.35623
4852.40963,0.35980
4848.55238,0.36352
4844.69514,0.36753
4840.83790,0.37181
4836.98066,0.37632
4833.12342,0.38104
4829.26618,0.38580
4825.40894,0.39040
4821.55170,0.39474
4817.69445,0.39879
4813.83721,0.40250
4809.97997,0.40590
4806.12273,0.40901
4802.26549,0.41174
4798.40825,0.41409
4794.55101,0.41610
4790.69376,0.41757
4786.83652,0.41846
4782.97928,0.41900
4779.12204,0.41949
4775.26480,0.42004
4771.40756,0.42070
4767.55032,0.42164
4763.69307,0.42307
4759.83583,0.42498
4755.97859,0.42729
4752.12135,0.42977
4748.26411,0.43210
4744.40687,0.43420
4740.54963,0.43621
4736.69239,0.43843
4732.83514,0.44127
4728.97790,0.44490
4725.12066,0.44876
4721.26342,0.45177
4717.40618,0.45319
4713.54894,0.45340
4709.69170,0.45385
4705.83445,0.45602
4701.97721,0.46036
4698.11997,0.46591
4694.26273,0.47051
4690.40549,0.47193
4686.54825,0.46905
4682.69101,0.46220
4678.83377,0.45287
4674.97652,0.44325
4671.11928,0.43519
4667.26204,0.42943
4663.40480,0.42563
4659.54756,0.42325
4655.69032,0.42231
4651.83308,0.42323
4647.97583,0.42633
4644.11859,0.43112
4640.26135,0.43604
4636.40411,0.43868
4632.54687,0.43684
4628.68963,0.42993
4624.83239,0.41964
4620.97514,0.40874
4617.11790,0.39942
4613.26066,0.39268
4609.40342,0.38857
4605.54618,0.38678
4601.68894,0.38717
4597.83170,0.38940
4593.97446,0.39228
4590.11721,0.39469
4586.25997,0.39659
4582.40273,0.39770
4578.54549,0.39626
4574.68825,0.39075
4570.83101,0.38216
4566.97377,0.37321
4563.11652,0.36609
4559.25928,0.36146
4555.40204,0.35887
4551.54480,0.35744
4547.68756,0.35642
4543.83032,0.35548
4539.97308,0.35466
4536.11583,0.35416
4532.25859,0.35407
4528.40135,0.35451
4524.54411,0.35551
4520.68687,0.35711
4516.82963,0.35941
4512.97239,0.36262
4509.11515,0.36707
4505.25790,0.37312
4501.40066,0.38097
4497.54342,0.39033
4493.68618,0.40006
4489.82894,0.40860
4485.97170,0.41523
4482.11446,0.42076
4478.25721,0.42689
4474.39997,0.43518
4470.54273,0.44663
4466.68549,0.46122
4462.82825,0.47677
4458.97101,0.48939
4455.11377,0.49682
4451.25653,0.50087
4447.39928,0.50489
4443.54204,0.51034
4439.68480,0.51641
4435.82756,0.52144
4431.97032,0.52393
4428.11308,0.52305
4424.25584,0.51948
4420.39859,0.51550
4416.54135,0.51342
4412.68411,0.51396
4408.82687,0.51612
4404.96963,0.51795
4401.11239,0.51769
4397.25515,0.51490
4393.39790,0.51036
4389.54066,0.50526
4385.68342,0.50055
4381.82618,0.49675
4377.96894,0.49393
4374.11170,0.49210
4370.25446,0.49138
4366.39722,0.49192
4362.53997,0.49342
4358.68273,0.49513
4354.82549,0.49669
4350.96825,0.49843
4347.11101,0.50091
4343.25377,0.50410
4339.39653,0.50738
4335.53928,0.51021
4331.68204,0.51268
4327.82480,0.51508
4323.96756,0.51764
4320.11032,0.52062
4316.25308,0.52436
4312.39584,0.52902
4308.53859,0.53449
4304.68135,0.54040
4300.82411,0.54620
4296.96687,0.55131
4293.10963,0.55509
4289.25239,0.55713
4285.39515,0.55765
4281.53791,0.55732
4277.68066,0.55657
4273.82342,0.55532
4269.96618,0.55332
4266.10894,0.55080
4262.25170,0.54848
4258.39446,0.54704
4254.53722,0.54662
4250.67997,0.54687
4246.82273,0.54707
4242.96549,0.54651
4239.10825,0.54509
4235.25101,0.54338
4231.39377,0.54201
4227.53653,0.54095
4223.67929,0.53948
4219.82204,0.53703
4215.96480,0.53376
4212.10756,0.53044
4208.25032,0.52766
4204.39308,0.52533
4200.53584,0.52330
4196.67860,0.52205
4192.82135,0.52239
4188.96411,0.52486
4185.10687,0.52918
4181.24963,0.53377
4177.39239,0.53595
4173.53515,0.53386
4169.67791,0.52819
4165.82066,0.52144
4161.96342,0.51580
4158.10618,0.51216
4154.24894,0.51055
4150.39170,0.51077
4146.53446,0.51272
4142.67722,0.51625
4138.81998,0.52081
4134.96273,0.52542
4131.10549,0.52921
4127.24825,0.53210
4123.39101,0.53495
4119.53377,0.53891
4115.67653,0.54462
4111.81929,0.55222
4107.96204,0.56191
4104.10480,0.57441
4100.24756,0.59079
4096.39032,0.60999
4092.53308,0.62620
4088.67584,0.63266
4084.81860,0.62851
4080.96135,0.61800
4077.10411,0.60585
4073.24687,0.59574
4069.38963,0.58959
4065.53239,0.58698
4061.67515,0.58663
4057.81791,0.58791
4053.96067,0.59042
4050.10342,0.59335
4046.24618,0.59589
4042.38894,0.59776
4038.53170,0.59908
4034.67446,0.60014
4030.81722,0.60106
4026.95998,0.60164
4023.10273,0.60174
4019.24549,0.60139
4015.38825,0.60058
4011.53101,0.59917
4007.67377,0.59722
4003.81653,0.59491
3999.95929,0.59219
3996.10205,0.58898
3992.24480,0.58561
3988.38756,0.58260
3984.53032,0.58027
3980.67308,0.57853
3976.81584,0.57699
3972.95860,0.57533
3969.10136,0.57329
3965.24411,0.57064
3961.38687,0.56749
3957.52963,0.56428
3953.67239,0.56124
3949.81515,0.55827
3945.95791,0.55525
3942.10067,0.55222
3938.24342,0.54941
3934.38618,0.54679
3930.52894,0.54425
3926.67170,0.54198
3922.81446,0.53996
3918.95722,0.53787
3915.09998,0.53553
3911.24274,0.53302
3907.38549,0.53022
3903.52825,0.52673
3899.67101,0.52278
3895.81377,0.51910
3891.95653,0.51587
3888.09929,0.51312
3884.24205,0.51094
3880.38480,0.50911
3876.52756,0.50725
3872.67032,0.50485
3868.81308,0.50156
3864.95584,0.49784
3861.09860,0.49447
3857.24136,0.49139
3853.38411,0.48818
3849.52687,0.48563
3845.66963,0.48399
3841.81239,0.48257
3837.95515,0.48130
3834.09791,0.48039
3830.24067,0.47987
3826.38343,0.47979
3822.52618,0.48062
3818.66894,0.48297
3814.81170,0.48621
3810.95446,0.48883
3807.09722,0.49006
3803.23998,0.48954
3799.38274,0.48754
3795.52549,0.48520
3791.66825,0.48350
3787.81101,0.48283
3783.95377,0.48313
3780.09653,0.48427
3776.23929,0.48619
3772.38205,0.48860
3768.52481,0.49142
3764.66756,0.49464
3760.81032,0.49749
3756.95308,0.49865
3753.09584,0.49721
3749.23860,0.49412
3745.38136,0.49244
3741.52412,0.49360
3737.66687,0.49681
3733.80963,0.50107
3729.95239,0.50420
3726.09515,0.50540
3722.23791,0.50641
3718.38067,0.50871
3714.52343,0.51285
3710.66618,0.51979
3706.80894,0.52922
3702.95170,0.54015
3699.09446,0.55292
3695.23722,0.56800
3691.37998,0.58705
3687.52274,0.60806
3683.66550,0.62319
3679.80825,0.63286
3675.95101,0.64376
3672.09377,0.65987
3668.23653,0.67897
3664.37929,0.69790
3660.52205,0.71641
3656.66481,0.73526
3652.80756,0.75481
3648.95032,0.77536
3645.09308,0.79451
3641.23584,0.80958
3637.37860,0.82265
3633.52136,0.83482
3629.66412,0.84725
3625.80687,0.86047
3621.94963,0.87128
3618.09239,0.88057
3614.23515,0.88965
3610.37791,0.90022
3606.52067,0.91242
3602.66343,0.92433
3598.80619,0.93744
