12493.60475,0.15742
12489.74751,0.15801
12485.89027,0.15617
12482.03303,0.15254
12478.17579,0.15021
12474.31855,0.15158
12470.46130,0.15512
12466.60406,0.15646
12462.74682,0.15424
12458.88958,0.15244
12455.03234,0.15395
12451.17510,0.15566
12447.31786,0.15512
12443.46062,0.15422
12439.60337,0.15390
12435.74613,0.15392
12431.88889,0.15495
12428.03165,0.15640
12424.17441,0.15665
12420.31717,0.15662
12416.45993,0.15794
12412.60268,0.15830
12408.74544,0.15602
12404.88820,0.15465
12401.03096,0.15441
12397.17372,0.15180
12393.31648,0.14873
12389.45924,0.14866
12385.60199,0.15094
12381.74475,0.15264
12377.88751,0.15202
12374.03027,0.15081
12370.17303,0.15096
12366.31579,0.15256
12362.45855,0.15523
12358.60131,0.15701
12354.74406,0.15628
12350.88682,0.15569
12347.02958,0.15648
12343.17234,0.15582
12339.31510,0.15501
12335.45786,0.15681
12331.60062,0.15903
12327.74337,0.15960
12323.88613,0.15854
12320.02889,0.15627
12316.17165,0.15374
12312.31441,0.15255
12308.45717,0.15294
12304.59993,0.15338
12300.74268,0.15399
12296.88544,0.15502
12293.02820,0.15440
12289.17096,0.15182
12285.31372,0.15116
12281.45648,0.15381
12277.59924,0.15604
12273.74200,0.15605
12269.88475,0.15484
12266.02751,0.15305
12262.17027,0.15168
12258.31303,0.15173
12254.45579,0.15288
12250.59855,0.15314
12246.74131,0.15193
12242.88406,0.15147
12239.02682,0.15260
12235.16958,0.15320
12231.31234,0.15206
12227.45510,0.15093
12223.59786,0.15119
12219.74062,0.15198
12215.88338,0.15224
12212.02613,0.15172
12208.16889,0.15104
12204.31165,0.15061
12200.45441,0.15045
12196.59717,0.15207
12192.73993,0.15499
12188.88269,0.15558
12185.02544,0.15491
12181.16820,0.15580
12177.31096,0.15546
12173.45372,0.15352
12169.59648,0.15445
12165.73924,0.15790
12161.88200,0.15913
12158.02475,0.15666
12154.16751,0.15340
12150.31027,0.15229
12146.45303,0.15205
12142.59579,0.14968
12138.73855,0.14650
12134.88131,0.14483
12131.02407,0.14399
12127.16682,0.14366
12123.30958,0.14362
12119.45234,0.14426
12115.59510,0.14669
12111.73786,0.14871
12107.88062,0.14795
12104.02338,0.14757
12100.16613,0.15032
12096.30889,0.15156
12092.45165,0.14795
12088.59441,0.14392
12084.73717,0.14317
12080.87993,0.14515
12077.02269,0.14753
12073.16544,0.14840
12069.30820,0.14843
12065.45096,0.14817
12061.59372,0.14671
12057.73648,0.14465
12053.87924,0.14422
12050.02200,0.14604
12046.16476,0.14819
12042.30751,0.14864
12038.45027,0.14853
12034.59303,0.15030
12030.73579,0.15259
12026.87855,0.15314
12023.02131,0.15249
12019.16407,0.15176
12015.30682,0.15197
12011.44958,0.15365
12007.59234,0.15530
12003.73510,0.15541
11999.87786,0.15438
11996.02062,0.15268
11992.16338,0.15117
11988.30614,0.15116
11984.44889,0.15232
11980.59165,0.15363
11976.73441,0.15376
11972.87717,0.15263
11969.01993,0.15207
11965.16269,0.15183
11961.30545,0.15212
11957.44820,0.15434
11953.59096,0.15628
11949.73372,0.15512
11945.87648,0.15159
11942.01924,0.14895
11938.16200,0.15008
11934.30476,0.15379
11930.44751,0.15700
11926.59027,0.15893
11922.73303,0.15961
11918.87579,0.15887
11915.01855,0.15766
11911.16131,0.15745
11907.30407,0.15751
11903.44683,0.15573
11899.58958,0.15306
11895.73234,0.15207
11891.87510,0.15242
11888.01786,0.15222
11884.16062,0.15110
11880.30338,0.15028
11876.44614,0.15062
11872.58889,0.15218
11868.73165,0.15429
11864.87441,0.15574
11861.01717,0.15666
11857.15993,0.15740
11853.30269,0.15765
11849.44545,0.15791
11845.58820,0.15774
11841.73096,0.15696
11837.87372,0.15700
11834.01648,0.15748
11830.15924,0.15764
11826.30200,0.15740
11822.44476,0.15597
11818.58752,0.15424
11814.73027,0.15365
11810.87303,0.15359
11807.01579,0.15307
11803.15855,0.15265
11799.30131,0.15315
11795.44407,0.15378
11791.58683,0.15431
11787.72958,0.15560
11783.87234,0.15687
11780.01510,0.15634
11776.15786,0.15385
11772.30062,0.15126
11768.44338,0.15067
11764.58614,0.15230
11760.72890,0.15365
11756.87165,0.15321
11753.01441,0.15313
11749.15717,0.15490
11745.29993,0.15640
11741.44269,0.15590
11737.58545,0.15510
11733.72821,0.15549
11729.87096,0.15595
11726.01372,0.15598
11722.15648,0.15657
11718.29924,0.15818
11714.44200,0.15931
11710.58476,0.15837
11706.72752,0.15634
11702.87027,0.15536
11699.01303,0.15597
11695.15579,0.15629
11691.29855,0.15456
11687.44131,0.15236
11683.58407,0.15202
11679.72683,0.15334
11675.86959,0.15398
11672.01234,0.15223
11668.15510,0.14948
11664.29786,0.14812
11660.44062,0.14933
11656.58338,0.15292
11652.72614,0.15572
11648.86890,0.15491
11645.01165,0.15271
11641.15441,0.15184
11637.29717,0.15222
11633.43993,0.15308
11629.58269,0.15350
11625.72545,0.15325
11621.86821,0.15303
11618.01096,0.15321
11614.15372,0.15375
11610.29648,0.15381
11606.43924,0.15349
11602.58200,0.15365
11598.72476,0.15334
11594.86752,0.15215
11591.01028,0.15156
11587.15303,0.15150
11583.29579,0.15058
11579.43855,0.14874
11575.58131,0.14816
11571.72407,0.15042
11567.86683,0.15288
11564.00959,0.15262
11560.15234,0.15068
11556.29510,0.14971
11552.43786,0.15130
11548.58062,0.15376
11544.72338,0.15365
11540.86614,0.15185
11537.00890,0.15182
11533.15166,0.15278
11529.29441,0.15180
11525.43717,0.14985
11521.57993,0.14973
11517.72269,0.15032
11513.86545,0.14942
11510.00821,0.14960
11506.15097,0.15328
11502.29372,0.15698
11498.43648,0.15710
11494.57924,0.15401
11490.72200,0.14979
11486.86476,0.14787
11483.00752,0.14974
11479.15028,0.15231
11475.29303,0.15332
11471.43579,0.15363
11467.57855,0.15424
11463.72131,0.15477
11459.86407,0.15454
11456.00683,0.15408
11452.14959,0.15401
11448.29235,0.15376
11444.43510,0.15249
11440.57786,0.15118
11436.72062,0.15212
11432.86338,0.15418
11429.00614,0.15430
11425.14890,0.15258
11421.29166,0.15103
11417.43441,0.15055
11413.57717,0.15066
11409.71993,0.15118
11405.86269,0.15205
11402.00545,0.15253
11398.14821,0.15225
11394.29097,0.15150
11390.43372,0.15104
11386.57648,0.15141
11382.71924,0.15205
11378.86200,0.15194
11375.00476,0.15090
11371.14752,0.14940
11367.29028,0.14760
11363.43304,0.14662
11359.57579,0.14785
11355.71855,0.15030
11351.86131,0.15208
11348.00407,0.15263
11344.14683,0.15194
11340.28959,0.15031
11336.43235,0.14934
11332.57510,0.14996
11328.71786,0.15111
11324.86062,0.15165
11321.00338,0.15109
11317.14614,0.15006
11313.28890,0.14975
11309.43166,0.15024
11305.57442,0.15141
11301.71717,0.15247
11297.85993,0.15206
11294.00269,0.15099
11290.14545,0.15098
11286.28821,0.15130
11282.43097,0.15130
11278.57373,0.15123
11274.71648,0.15051
11270.85924,0.14956
11267.00200,0.14894
11263.14476,0.14870
11259.28752,0.14971
11255.43028,0.15122
11251.57304,0.15187
11247.71579,0.15230
11243.85855,0.15282
11240.00131,0.15282
11236.14407,0.15223
11232.28683,0.15152
11228.42959,0.15095
11224.57235,0.15035
11220.71511,0.14949
11216.85786,0.14787
11213.00062,0.14575
11209.14338,0.14480
11205.28614,0.14546
11201.42890,0.14652
11197.57166,0.14704
11193.71442,0.14671
11189.85717,0.14653
11185.99993,0.14742
11182.14269,0.14814
11178.28545,0.14758
11174.42821,0.14660
11170.57097,0.14629
11166.71373,0.14687
11162.85648,0.14805
11158.99924,0.14857
11155.14200,0.14731
11151.28476,0.14571
11147.42752,0.14543
11143.57028,0.14612
11139.71304,0.14695
11135.85580,0.14760
11131.99855,0.14827
11128.14131,0.14870
11124.28407,0.14863
11120.42683,0.14854
11116.56959,0.14865
11112.71235,0.14923
11108.85511,0.15069
11104.99786,0.15200
11101.14062,0.15157
11097.28338,0.14999
11093.42614,0.14908
11089.56890,0.14893
11085.71166,0.14923
11081.85442,0.14981
11077.99718,0.14954
11074.13993,0.14895
11070.28269,0.14949
11066.42545,0.15016
11062.56821,0.14959
11058.71097,0.14861
11054.85373,0.14876
11050.99649,0.14963
11047.13924,0.14933
11043.28200,0.14764
11039.42476,0.14655
11035.56752,0.14696
11031.71028,0.14767
11027.85304,0.14804
11023.99580,0.14847
11020.13855,0.14877
11016.28131,0.14872
11012.42407,0.14867
11008.56683,0.14883
11004.70959,0.14885
11000.85235,0.14845
10996.99511,0.14827
10993.13787,0.14847
10989.28062,0.14805
10985.42338,0.14734
10981.56614,0.14752
10977.70890,0.14806
10973.85166,0.14821
10969.99442,0.14816
10966.13718,0.14754
10962.27993,0.14658
10958.42269,0.14658
10954.56545,0.14721
10950.70821,0.14725
10946.85097,0.14680
10942.99373,0.14652
10939.13649,0.14660
10935.27924,0.14705
10931.42200,0.14756
10927.56476,0.14761
10923.70752,0.14752
10919.85028,0.14755
10915.99304,0.14726
10912.13580,0.14677
10908.27856,0.14659
10904.42131,0.14647
10900.56407,0.14612
10896.70683,0.14585
10892.84959,0.14590
10888.99235,0.14611
10885.13511,0.14624
10881.27787,0.14645
10877.42062,0.14651
10873.56338,0.14581
10869.70614,0.14461
10865.84890,0.14370
10861.99166,0.14323
10858.13442,0.14295
10854.27718,0.14294
10850.41993,0.14344
10846.56269,0.14442
10842.70545,0.14532
10838.84821,0.14529
10834.99097,0.14469
10831.13373,0.14451
10827.27649,0.14434
10823.41925,0.14393
10819.56200,0.14385
10815.70476,0.14389
10811.84752,0.14377
10807.99028,0.14397
10804.13304,0.14452
10800.27580,0.14439
10796.41856,0.14339
10792.56131,0.14313
10788.70407,0.14414
10784.84683,0.14496
10780.98959,0.14496
10777.13235,0.14461
10773.27511,0.14453
10769.41787,0.14476
10765.56063,0.14444
10761.70338,0.14349
10757.84614,0.14336
10753.98890,0.14472
10750.13166,0.14596
10746.27442,0.14555
10742.41718,0.14435
10738.55994,0.14367
10734.70269,0.14371
10730.84545,0.14416
10726.98821,0.14475
10723.13097,0.14544
10719.27373,0.14573
10715.41649,0.14534
10711.55925,0.14501
10707.70200,0.14515
10703.84476,0.14513
10699.98752,0.14453
10696.13028,0.14407
10692.27304,0.14446
10688.41580,0.14538
10684.55856,0.14592
10680.70132,0.14558
10676.84407,0.14479
10672.98683,0.14399
10669.12959,0.14337
10665.27235,0.14359
10661.41511,0.14445
10657.55787,0.14471
10653.70063,0.14444
10649.84338,0.14467
10645.98614,0.14525
10642.12890,0.14557
10638.27166,0.14531
10634.41442,0.14454
10630.55718,0.14401
10626.69994,0.14432
10622.84269,0.14499
10618.98545,0.14520
10615.12821,0.14478
10611.27097,0.14416
10607.41373,0.14355
10603.55649,0.14343
10599.69925,0.14408
10595.84201,0.14468
10591.98476,0.14465
10588.12752,0.14402
10584.27028,0.14287
10580.41304,0.14207
10576.55580,0.14251
10572.69856,0.14340
10568.84132,0.14378
10564.98407,0.14362
10561.12683,0.14280
10557.26959,0.14166
10553.41235,0.14113
10549.55511,0.14126
10545.69787,0.14131
10541.84063,0.14100
10537.98339,0.14088
10534.12614,0.14127
10530.26890,0.14166
10526.41166,0.14139
10522.55442,0.14070
10518.69718,0.14043
10514.83994,0.14074
10510.98270,0.14104
10507.12545,0.14089
10503.26821,0.14059
10499.41097,0.14050
10495.55373,0.14047
10491.69649,0.14052
10487.83925,0.14078
10483.98201,0.14074
10480.12476,0.14031
10476.26752,0.14010
10472.41028,0.14045
10468.55304,0.14097
10464.69580,0.14102
10460.83856,0.14083
10456.98132,0.14088
10453.12408,0.14094
10449.26683,0.14093
10445.40959,0.14094
10441.55235,0.14094
10437.69511,0.14073
10433.83787,0.14010
10429.98063,0.13957
10426.12339,0.13964
10422.26614,0.14002
10418.40890,0.14023
10414.55166,0.14000
10410.69442,0.13951
10406.83718,0.13909
10402.97994,0.13902
10399.12270,0.13917
10395.26545,0.13921
10391.40821,0.13943
10387.55097,0.13997
10383.69373,0.14021
10379.83649,0.13990
10375.97925,0.13937
10372.12201,0.13911
10368.26477,0.13916
10364.40752,0.13917
10360.55028,0.13937
10356.69304,0.14004
10352.83580,0.14046
10348.97856,0.14062
10345.12132,0.14126
10341.26408,0.14162
10337.40683,0.14084
10333.54959,0.14006
10329.69235,0.14034
10325.83511,0.14081
10321.97787,0.14055
10318.12063,0.14007
10314.26339,0.14012
10310.40615,0.14035
10306.54890,0.14030
10302.69166,0.14003
10298.83442,0.13969
10294.97718,0.13958
10291.11994,0.13991
10287.26270,0.14017
10283.40546,0.13976
10279.54821,0.13913
10275.69097,0.13917
10271.83373,0.13995
10267.97649,0.14050
10264.11925,0.14031
10260.26201,0.13988
10256.40477,0.13963
10252.54752,0.13985
10248.69028,0.14058
10244.83304,0.14118
10240.97580,0.14116
10237.11856,0.14076
10233.26132,0.14024
10229.40408,0.13975
10225.54684,0.13960
10221.68959,0.13985
10217.83235,0.14025
10213.97511,0.14052
10210.11787,0.14033
10206.26063,0.13985
10202.40339,0.13987
10198.54615,0.14037
10194.68890,0.14045
10190.83166,0.14006
10186.97442,0.14003
10183.11718,0.14057
10179.25994,0.14097
10175.40270,0.14123
10171.54546,0.14167
10167.68821,0.14189
10163.83097,0.14165
10159.97373,0.14148
10156.11649,0.14184
10152.25925,0.14221
10148.40201,0.14228
10144.54477,0.14274
10140.68753,0.14337
10136.83028,0.14352
10132.97304,0.14330
10129.11580,0.14274
10125.25856,0.14223
10121.40132,0.14210
10117.54408,0.14191
10113.68684,0.14157
10109.82959,0.14158
10105.97235,0.14174
10102.11511,0.14145
10098.25787,0.14086
10094.40063,0.14039
10090.54339,0.14017
10086.68615,0.14000
10082.82891,0.13979
10078.97166,0.14000
10075.11442,0.14062
10071.25718,0.14095
10067.39994,0.14086
10063.54270,0.14096
10059.68546,0.14110
10055.82822,0.14088
10051.97097,0.14097
10048.11373,0.14171
10044.25649,0.14225
10040.39925,0.14228
10036.54201,0.14224
10032.68477,0.14205
10028.82753,0.14183
10024.97028,0.14197
10021.11304,0.14191
10017.25580,0.14124
10013.39856,0.14052
10009.54132,0.14029
10005.68408,0.14049
10001.82684,0.14065
9997.96960,0.14066
9994.11235,0.14092
9990.25511,0.14114
9986.39787,0.14102
9982.54063,0.14107
9978.68339,0.14148
9974.82615,0.14183
9970.96891,0.14180
9967.11166,0.14158
9963.25442,0.14180
9959.39718,0.14240
9955.53994,0.14259
9951.68270,0.14239
9947.82546,0.14247
9943.96822,0.14275
9940.11097,0.14278
9936.25373,0.14236
9932.39649,0.14152
9928.53925,0.14088
9924.68201,0.14082
9920.82477,0.14095
9916.96753,0.14116
9913.11029,0.14139
9909.25304,0.14142
9905.39580,0.14135
9901.53856,0.14139
9897.68132,0.14137
9893.82408,0.14107
9889.96684,0.14091
9886.10960,0.14112
9882.25235,0.14131
9878.39511,0.14134
9874.53787,0.14124
9870.68063,0.14110
9866.82339,0.14089
9862.96615,0.14056
9859.10891,0.14041
9855.25167,0.14051
9851.39442,0.14055
9847.53718,0.14077
9843.67994,0.14125
9839.82270,0.14162
9835.96546,0.14176
9832.10822,0.14150
9828.25098,0.14098
9824.39373,0.14090
9820.53649,0.14113
9816.67925,0.14108
9812.82201,0.14092
9808.96477,0.14071
9805.10753,0.14029
9801.25029,0.14013
9797.39304,0.14051
9793.53580,0.14102
9789.67856,0.14103
9785.82132,0.14054
9781.96408,0.14040
9778.10684,0.14073
9774.24960,0.14063
9770.39236,0.14013
9766.53511,0.13991
9762.67787,0.13988
9758.82063,0.13989
9754.96339,0.14018
9751.10615,0.14040
9747.24891,0.14020
9743.39167,0.13984
9739.53442,0.13962
9735.67718,0.13956
9731.81994,0.13942
9727.96270,0.13926
9724.10546,0.13939
9720.24822,0.13947
9716.39098,0.13920
9712.53373,0.13909
9708.67649,0.13949
9704.81925,0.14009
9700.96201,0.14030
9697.10477,0.13991
9693.24753,0.13941
9689.39029,0.13927
9685.53305,0.13921
9681.67580,0.13891
9677.81856,0.13860
9673.96132,0.13851
9670.10408,0.13872
9666.24684,0.13904
9662.38960,0.13923
9658.53236,0.13936
9654.67511,0.13943
9650.81787,0.13936
9646.96063,0.13927
9643.10339,0.13907
9639.24615,0.13874
9635.38891,0.13857
9631.53167,0.13861
9627.67443,0.13829
9623.81718,0.13755
9619.95994,0.13718
9616.10270,0.13741
9612.24546,0.13765
9608.38822,0.13776
9604.53098,0.13782
9600.67374,0.13774
9596.81649,0.13761
9592.95925,0.13768
9589.10201,0.13799
9585.24477,0.13851
9581.38753,0.13870
9577.53029,0.13812
9573.67305,0.13753
9569.81580,0.13746
9565.95856,0.13753
9562.10132,0.13770
9558.24408,0.13816
9554.38684,0.13853
9550.52960,0.13853
9546.67236,0.13832
9542.81512,0.13800
9538.95787,0.13763
9535.10063,0.13729
9531.24339,0.13692
9527.38615,0.13668
9523.52891,0.13685
9519.67167,0.13730
9515.81443,0.13758
9511.95718,0.13746
9508.09994,0.13709
9504.24270,0.13680
9500.38546,0.13678
9496.52822,0.13694
9492.67098,0.13704
9488.81374,0.13704
9484.95649,0.13700
9481.09925,0.13692
9477.24201,0.13664
9473.38477,0.13624
9469.52753,0.13610
9465.67029,0.13641
9461.81305,0.13678
9457.95581,0.13684
9454.09856,0.13680
9450.24132,0.13698
9446.38408,0.13730
9442.52684,0.13738
9438.66960,0.13717
9434.81236,0.13691
9430.95512,0.13687
9427.09787,0.13697
9423.24063,0.13689
9419.38339,0.13677
9415.52615,0.13700
9411.66891,0.13727
9407.81167,0.13718
9403.95443,0.13671
9400.09719,0.13612
9396.23994,0.13575
9392.38270,0.13564
9388.52546,0.13572
9384.66822,0.13619
9380.81098,0.13677
9376.95374,0.13672
9373.09650,0.13628
9369.23925,0.13629
9365.38201,0.13675
9361.52477,0.13693
9357.66753,0.13666
9353.81029,0.13645
9349.95305,0.13645
9346.09581,0.13652
9342.23856,0.13664
9338.38132,0.13674
9334.52408,0.13676
9330.66684,0.13671
9326.80960,0.13668
9322.95236,0.13686
9319.09512,0.13710
9315.23788,0.13704
9311.38063,0.13670
9307.52339,0.13631
9303.66615,0.13622
9299.80891,0.13642
9295.95167,0.13648
9292.09443,0.13628
9288.23719,0.13618
9284.37994,0.13629
9280.52270,0.13628
9276.66546,0.13601
9272.80822,0.13585
9268.95098,0.13599
9265.09374,0.13621
9261.23650,0.13633
9257.37925,0.13635
9253.52201,0.13632
9249.66477,0.13619
9245.80753,0.13589
9241.95029,0.13561
9238.09305,0.13568
9234.23581,0.13586
9230.37857,0.13586
9226.52132,0.13599
9222.66408,0.13644
9218.80684,0.13666
9214.94960,0.13625
9211.09236,0.13568
9207.23512,0.13558
9203.37788,0.13587
9199.52063,0.13615
9195.66339,0.13629
9191.80615,0.13631
9187.94891,0.13619
9184.09167,0.13598
9180.23443,0.13591
9176.37719,0.13599
9172.51995,0.13588
9168.66270,0.13567
9164.80546,0.13582
9160.94822,0.13614
9157.09098,0.13629
9153.23374,0.13626
9149.37650,0.13607
9145.51926,0.13584
9141.66201,0.13586
9137.80477,0.13605
9133.94753,0.13614
9130.09029,0.13630
9126.23305,0.13666
9122.37581,0.13686
9118.51857,0.13681
9114.66132,0.13676
9110.80408,0.13674
9106.94684,0.13659
9103.08960,0.13642
9099.23236,0.13644
9095.37512,0.13650
9091.51788,0.13643
9087.66064,0.13630
9083.80339,0.13630
9079.94615,0.13641
9076.08891,0.13652
9072.23167,0.13661
9068.37443,0.13669
9064.51719,0.13672
9060.65995,0.13677
9056.80270,0.13691
9052.94546,0.13703
9049.08822,0.13697
9045.23098,0.13688
9041.37374,0.13693
9037.51650,0.13698
9033.65926,0.13690
9029.80201,0.13674
9025.94477,0.13681
9022.08753,0.13717
9018.23029,0.13741
9014.37305,0.13731
9010.51581,0.13720
9006.65857,0.13731
9002.80133,0.13752
8998.94408,0.13779
8995.08684,0.13821
8991.22960,0.13860
8987.37236,0.13884
8983.51512,0.13903
8979.65788,0.13918
8975.80064,0.13929
8971.94339,0.13938
8968.08615,0.13940
8964.22891,0.13958
8960.37167,0.14012
8956.51443,0.14069
8952.65719,0.14091
8948.79995,0.14105
8944.94271,0.14141
8941.08546,0.14201
8937.22822,0.14267
8933.37098,0.14315
8929.51374,0.14332
8925.65650,0.14346
8921.79926,0.14381
8917.94202,0.14437
8914.08477,0.14511
8910.22753,0.14594
8906.37029,0.14673
8902.51305,0.14758
8898.65581,0.14849
8894.79857,0.14937
8890.94133,0.15007
8887.08408,0.15061
8883.22684,0.15120
8879.36960,0.15190
8875.51236,0.15246
8871.65512,0.15291
8867.79788,0.15335
8863.94064,0.15359
8860.08340,0.15363
8856.22615,0.15374
8852.36891,0.15384
8848.51167,0.15359
8844.65443,0.15314
8840.79719,0.15286
8836.93995,0.15273
8833.08271,0.15249
8829.22546,0.15209
8825.36822,0.15165
8821.51098,0.15114
8817.65374,0.15035
8813.79650,0.14943
8809.93926,0.14871
8806.08202,0.14821
8802.22477,0.14764
8798.36753,0.14685
8794.51029,0.14599
8790.65305,0.14520
8786.79581,0.14445
8782.93857,0.14381
8779.08133,0.14331
8775.22409,0.14284
8771.36684,0.14248
8767.50960,0.14235
8763.65236,0.14225
8759.79512,0.14209
8755.93788,0.14202
8752.08064,0.14197
8748.22340,0.14183
8744.36615,0.14167
8740.50891,0.14148
8736.65167,0.14127
8732.79443,0.14116
8728.93719,0.14116
8725.07995,0.14111
8721.22271,0.14101
8717.36547,0.14106
8713.50822,0.14123
8709.65098,0.14130
8705.79374,0.14135
8701.93650,0.14156
8698.07926,0.14181
8694.22202,0.14201
8690.36478,0.14220
8686.50753,0.14228
8682.65029,0.14216
8678.79305,0.14197
8674.93581,0.14192
8671.07857,0.14196
8667.22133,0.14199
8663.36409,0.14208
8659.50684,0.14228
8655.64960,0.14255
8651.79236,0.14284
8647.93512,0.14311
8644.07788,0.14338
8640.22064,0.14359
8636.36340,0.14367
8632.50616,0.14375
8628.64891,0.14389
8624.79167,0.14410
8620.93443,0.14440
8617.07719,0.14476
8613.21995,0.14507
8609.36271,0.14518
8605.50547,0.14520
8601.64822,0.14535
8597.79098,0.14557
8593.93374,0.14571
8590.07650,0.14582
8586.21926,0.14591
8582.36202,0.14612
8578.50478,0.14652
8574.64753,0.14692
8570.79029,0.14709
8566.93305,0.14697
8563.07581,0.14678
8559.21857,0.14677
8555.36133,0.14689
8551.50409,0.14710
8547.64685,0.14731
8543.78960,0.14747
8539.93236,0.14768
8536.07512,0.14798
8532.21788,0.14824
8528.36064,0.14845
8524.50340,0.14867
8520.64616,0.14879
8516.78891,0.14876
8512.93167,0.14875
8509.07443,0.14877
8505.21719,0.14868
8501.35995,0.14866
8497.50271,0.14887
8493.64547,0.14905
8489.78822,0.14908
8485.93098,0.14904
8482.07374,0.14900
8478.21650,0.14901
8474.35926,0.14910
8470.50202,0.14918
8466.64478,0.14918
8462.78754,0.14913
8458.93029,0.14902
8455.07305,0.14888
8451.21581,0.14871
8447.35857,0.14845
8443.50133,0.14826
8439.64409,0.14823
8435.78685,0.14826
8431.92960,0.14831
8428.07236,0.14842
8424.21512,0.14845
8420.35788,0.14832
8416.50064,0.14825
8412.64340,0.14838
8408.78616,0.14851
8404.92892,0.14840
8401.07167,0.14804
8397.21443,0.14761
8393.35719,0.14725
8389.49995,0.14699
8385.64271,0.14683
8381.78547,0.14674
8377.92823,0.14660
8374.07098,0.14654
8370.21374,0.14657
8366.35650,0.14662
8362.49926,0.14675
8358.64202,0.14695
8354.78478,0.14706
8350.92754,0.14712
8347.07029,0.14725
8343.21305,0.14732
8339.35581,0.14707
8335.49857,0.14661
8331.64133,0.14631
8327.78409,0.14619
8323.92685,0.14607
8320.06961,0.14596
8316.21236,0.14596
8312.35512,0.14605
8308.49788,0.14604
8304.64064,0.14592
8300.78340,0.14584
8296.92616,0.14584
8293.06892,0.14589
8289.21167,0.14598
8285.35443,0.14599
8281.49719,0.14590
8277.63995,0.14592
8273.78271,0.14605
8269.92547,0.14606
8266.06823,0.14593
8262.21098,0.14586
8258.35374,0.14590
8254.49650,0.14603
8250.63926,0.14621
8246.78202,0.14637
8242.92478,0.14645
8239.06754,0.14646
8235.21030,0.14643
8231.35305,0.14641
8227.49581,0.14640
8223.63857,0.14635
8219.78133,0.14626
8215.92409,0.14624
8212.06685,0.14626
8208.20961,0.14613
8204.35236,0.14589
8200.49512,0.14576
8196.63788,0.14574
8192.78064,0.14570
8188.92340,0.14563
8185.06616,0.14554
8181.20892,0.14545
8177.35168,0.14543
8173.49443,0.14542
8169.63719,0.14531
8165.77995,0.14515
8161.92271,0.14510
8158.06547,0.14515
8154.20823,0.14507
8150.35099,0.14491
8146.49374,0.14481
8142.63650,0.14464
8138.77926,0.14443
8134.92202,0.14439
8131.06478,0.14435
8127.20754,0.14417
8123.35030,0.14401
8119.49305,0.14391
8115.63581,0.14383
8111.77857,0.14381
8107.92133,0.14373
8104.06409,0.14356
8100.20685,0.14340
8096.34961,0.14328
8092.49237,0.14313
8088.63512,0.14295
8084.77788,0.14269
8080.92064,0.14242
8077.06340,0.14234
8073.20616,0.14247
8069.34892,0.14266
8065.49168,0.14271
8061.63443,0.14264
8057.77719,0.14261
8053.91995,0.14262
8050.06271,0.14247
8046.20547,0.14217
8042.34823,0.14189
8038.49099,0.14171
8034.63374,0.14161
8030.77650,0.14166
8026.91926,0.14174
8023.06202,0.14161
8019.20478,0.14137
8015.34754,0.14119
8011.49030,0.14120
8007.63306,0.14134
8003.77581,0.14136
7999.91857,0.14115
7996.06133,0.14092
7992.20409,0.14079
7988.34685,0.14077
7984.48961,0.14081
7980.63237,0.14088
7976.77512,0.14093
7972.91788,0.14092
7969.06064,0.14088
7965.20340,0.14082
7961.34616,0.14078
7957.48892,0.14072
7953.63168,0.14059
7949.77444,0.14041
7945.91719,0.14033
7942.05995,0.14038
7938.20271,0.14033
7934.34547,0.14013
7930.48823,0.14002
7926.63099,0.13998
7922.77375,0.13993
7918.91650,0.13993
7915.05926,0.13998
7911.20202,0.14006
7907.34478,0.14016
7903.48754,0.14021
7899.63030,0.14029
7895.77306,0.14041
7891.91581,0.14043
7888.05857,0.14041
7884.20133,0.14053
7880.34409,0.14066
7876.48685,0.14065
7872.62961,0.14056
7868.77237,0.14049
7864.91513,0.14045
7861.05788,0.14035
7857.20064,0.14030
7853.34340,0.14041
7849.48616,0.14042
7845.62892,0.14014
7841.77168,0.13987
7837.91444,0.13985
7834.05719,0.13991
7830.19995,0.13985
7826.34271,0.13969
7822.48547,0.13953
7818.62823,0.13946
7814.77099,0.13951
7810.91375,0.13960
7807.05650,0.13962
7803.19926,0.13959
7799.34202,0.13951
7795.48478,0.13929
7791.62754,0.13905
7787.77030,0.13901
7783.91306,0.13901
7780.05582,0.13885
7776.19857,0.13876
7772.34133,0.13877
7768.48409,0.13869
7764.62685,0.13858
7760.76961,0.13864
7756.91237,0.13866
7753.05513,0.13847
7749.19788,0.13828
7745.34064,0.13828
7741.48340,0.13828
7737.62616,0.13815
7733.76892,0.13797
7729.91168,0.13787
7726.05444,0.13785
7722.19720,0.13778
7718.33995,0.13762
7714.48271,0.13755
7710.62547,0.13771
7706.76823,0.13781
7702.91099,0.13759
7699.05375,0.13731
7695.19651,0.13720
7691.33926,0.13713
7687.48202,0.13711
7683.62478,0.13722
7679.76754,0.13735
7675.91030,0.13731
7672.05306,0.13713
7668.19582,0.13702
7664.33857,0.13707
7660.48133,0.13717
7656.62409,0.13723
7652.76685,0.13724
7648.90961,0.13723
7645.05237,0.13727
7641.19513,0.13732
7637.33789,0.13736
7633.48064,0.13735
7629.62340,0.13727
7625.76616,0.13715
7621.90892,0.13714
7618.05168,0.13727
7614.19444,0.13740
7610.33720,0.13751
7606.47995,0.13768
7602.62271,0.13783
7598.76547,0.13783
7594.90823,0.13778
7591.05099,0.13775
7587.19375,0.13777
7583.33651,0.13791
7579.47926,0.13810
7575.62202,0.13814
7571.76478,0.13804
7567.90754,0.13798
7564.05030,0.13802
7560.19306,0.13814
7556.33582,0.13837
7552.47858,0.13867
7548.62133,0.13892
7544.76409,0.13903
7540.90685,0.13902
7537.04961,0.13900
7533.19237,0.13907
7529.33513,0.13918
7525.47789,0.13925
7521.62064,0.13931
7517.76340,0.13941
7513.90616,0.13949
7510.04892,0.13959
7506.19168,0.13977
7502.33444,0.13997
7498.47720,0.14017
7494.61996,0.14041
7490.76271,0.14061
7486.90547,0.14070
7483.04823,0.14075
7479.19099,0.14085
7475.33375,0.14106
7471.47651,0.14136
7467.61927,0.14161
7463.76202,0.14188
7459.90478,0.14230
7456.04754,0.14278
7452.19030,0.14325
7448.33306,0.14372
7444.47582,0.14414
7440.61858,0.14457
7436.76133,0.14513
7432.90409,0.14572
7429.04685,0.14632
7425.18961,0.14702
7421.33237,0.14777
7417.47513,0.14840
7413.61789,0.14893
7409.76065,0.14944
7405.90340,0.14995
7402.04616,0.15048
7398.18892,0.15112
7394.33168,0.15184
7390.47444,0.15257
7386.61720,0.15332
7382.75996,0.15405
7378.90271,0.15472
7375.04547,0.15539
7371.18823,0.15614
7367.33099,0.15695
7363.47375,0.15773
7359.61651,0.15842
7355.75927,0.15905
7351.90202,0.15962
7348.04478,0.16011
7344.18754,0.16061
7340.33030,0.16119
7336.47306,0.16180
7332.61582,0.16226
7328.75858,0.16254
7324.90134,0.16272
7321.04409,0.16291
7317.18685,0.16314
7313.32961,0.16338
7309.47237,0.16358
7305.61513,0.16368
7301.75789,0.16379
7297.90065,0.16401
7294.04340,0.16423
7290.18616,0.16437
7286.32892,0.16444
7282.47168,0.16452
7278.61444,0.16469
7274.75720,0.16496
7270.89996,0.16519
7267.04272,0.16537
7263.18547,0.16561
7259.32823,0.16594
7255.47099,0.16623
7251.61375,0.16639
7247.75651,0.16645
7243.89927,0.16650
7240.04203,0.16654
7236.18478,0.16661
7232.32754,0.16674
7228.47030,0.16687
7224.61306,0.16699
7220.75582,0.16717
7216.89858,0.16734
7213.04134,0.16741
7209.18409,0.16736
7205.32685,0.16732
7201.46961,0.16737
7197.61237,0.16746
7193.75513,0.16756
7189.89789,0.16769
7186.04065,0.16789
7182.18341,0.16817
7178.32616,0.16852
7174.46892,0.16886
7170.61168,0.16921
7166.75444,0.16959
7162.89720,0.16996
7159.03996,0.17039
7155.18272,0.17100
7151.32547,0.17166
7147.46823,0.17232
7143.61099,0.17303
7139.75375,0.17377
7135.89651,0.17448
7132.03927,0.17518
7128.18203,0.17592
7124.32478,0.17675
7120.46754,0.17760
7116.61030,0.17841
7112.75306,0.17922
7108.89582,0.18010
7105.03858,0.18104
7101.18134,0.18204
7097.32410,0.18310
7093.46685,0.18413
7089.60961,0.18509
7085.75237,0.18611
7081.89513,0.18734
7078.03789,0.18872
7074.18065,0.19016
7070.32341,0.19158
7066.46616,0.19297
7062.60892,0.19431
7058.75168,0.19563
7054.89444,0.19699
7051.03720,0.19838
7047.17996,0.19972
7043.32272,0.20106
7039.46548,0.20245
7035.60823,0.20381
7031.75099,0.20498
7027.89375,0.20596
7024.03651,0.20685
7020.17927,0.20781
7016.32203,0.20883
7012.46479,0.20980
7008.60754,0.21072
7004.75030,0.21157
7000.89306,0.21238
6997.03582,0.21320
6993.17858,0.21403
6989.32134,0.21483
6985.46410,0.21558
6981.60685,0.21629
6977.74961,0.21697
6973.89237,0.21757
6970.03513,0.21812
6966.17789,0.21867
6962.32065,0.21922
6958.46341,0.21970
6954.60617,0.22008
6950.74892,0.22048
6946.89168,0.22090
6943.03444,0.22132
6939.17720,0.22172
6935.31996,0.22208
6931.46272,0.22238
6927.60548,0.22266
6923.74823,0.22301
6919.89099,0.22339
6916.03375,0.22379
6912.17651,0.22422
6908.31927,0.22460
6904.46203,0.22488
6900.60479,0.22515
6896.74754,0.22549
6892.89030,0.22589
6889.03306,0.22630
6885.17582,0.22673
6881.31858,0.22717
6877.46134,0.22762
6873.60410,0.22810
6869.74686,0.22862
6865.88961,0.22919
6862.03237,0.22981
6858.17513,0.23048
6854.31789,0.23112
6850.46065,0.23172
6846.60341,0.23234
6842.74617,0.23296
6838.88892,0.23360
6835.03168,0.23429
6831.17444,0.23496
6827.31720,0.23559
6823.45996,0.23632
6819.60272,0.23711
6815.74548,0.23779
6811.88824,0.23840
6808.03099,0.23909
6804.17375,0.23988
6800.31651,0.24071
6796.45927,0.24151
6792.60203,0.24233
6788.74479,0.24321
6784.88755,0.24416
6781.03030,0.24508
6777.17306,0.24594
6773.31582,0.24671
6769.45858,0.24736
6765.60134,0.24792
6761.74410,0.24841
6757.88686,0.24885
6754.02961,0.24927
6750.17237,0.24974
6746.31513,0.25018
6742.45789,0.25046
6738.60065,0.25064
6734.74341,0.25082
6730.88617,0.25096
6727.02893,0.25108
6723.17168,0.25119
6719.31444,0.25124
6715.45720,0.25129
6711.59996,0.25139
6707.74272,0.25149
6703.88548,0.25154
6700.02824,0.25156
6696.17099,0.25154
6692.31375,0.25143
6688.45651,0.25125
6684.59927,0.25115
6680.74203,0.25110
6676.88479,0.25095
6673.02755,0.25066
6669.17030,0.25031
6665.31306,0.24996
6661.45582,0.24964
6657.59858,0.24938
6653.74134,0.24911
6649.88410,0.24878
6646.02686,0.24842
6642.16962,0.24800
6638.31237,0.24753
6634.45513,0.24704
6630.59789,0.24654
6626.74065,0.24596
6622.88341,0.24531
6619.02617,0.24472
6615.16893,0.24427
6611.31168,0.24393
6607.45444,0.24353
6603.59720,0.24305
6599.73996,0.24262
6595.88272,0.24219
6592.02548,0.24174
6588.16824,0.24142
6584.31100,0.24122
6580.45375,0.24104
6576.59651,0.24090
6572.73927,0.24082
6568.88203,0.24074
6565.02479,0.24065
6561.16755,0.24059
6557.31031,0.24063
6553.45306,0.24076
6549.59582,0.24088
6545.73858,0.24097
6541.88134,0.24108
6538.02410,0.24126
6534.16686,0.24144
6530.30962,0.24160
6526.45237,0.24176
6522.59513,0.24188
6518.73789,0.24196
6514.88065,0.24206
6511.02341,0.24220
6507.16617,0.24238
6503.30893,0.24253
6499.45169,0.24258
6495.59444,0.24254
6491.73720,0.24251
6487.87996,0.24251
6484.02272,0.24246
6480.16548,0.24238
6476.30824,0.24233
6472.45100,0.24228
6468.59375,0.24214
6464.73651,0.24193
6460.87927,0.24171
6457.02203,0.24150
6453.16479,0.24127
6449.30755,0.24102
6445.45031,0.24084
6441.59306,0.24069
6437.73582,0.24042
6433.87858,0.24002
6430.02134,0.23966
6426.16410,0.23934
6422.30686,0.23898
6418.44962,0.23863
6414.59238,0.23833
6410.73513,0.23803
6406.87789,0.23771
6403.02065,0.23740
6399.16341,0.23718
6395.30617,0.23707
6391.44893,0.23698
6387.59169,0.23683
6383.73444,0.23665
6379.87720,0.23650
6376.01996,0.23636
6372.16272,0.23617
6368.30548,0.23593
6364.44824,0.23572
6360.59100,0.23551
6356.73376,0.23525
6352.87651,0.23499
6349.01927,0.23483
6345.16203,0.23480
6341.30479,0.23485
6337.44755,0.23495
6333.59031,0.23505
6329.73307,0.23505
6325.87582,0.23495
6322.01858,0.23488
6318.16134,0.23488
6314.30410,0.23482
6310.44686,0.23467
6306.58962,0.23450
6302.73238,0.23432
6298.87513,0.23407
6295.01789,0.23376
6291.16065,0.23342
6287.30341,0.23298
6283.44617,0.23237
6279.58893,0.23166
6275.73169,0.23101
6271.87445,0.23044
6268.01720,0.22987
6264.15996,0.22922
6260.30272,0.22849
6256.44548,0.22771
6252.58824,0.22688
6248.73100,0.22606
6244.87376,0.22527
6241.01651,0.22448
6237.15927,0.22359
6233.30203,0.22259
6229.44479,0.22160
6225.58755,0.22075
6221.73031,0.22004
6217.87307,0.21959
6214.01582,0.21945
6210.15858,0.21955
6206.30134,0.21981
6202.44410,0.22015
6198.58686,0.22037
6194.72962,0.22017
6190.87238,0.21939
6187.01514,0.21823
6183.15789,0.21697
6179.30065,0.21582
6175.44341,0.21487
6171.58617,0.21413
6167.72893,0.21359
6163.87169,0.21331
6160.01445,0.21338
6156.15720,0.21384
6152.29996,0.21452
6148.44272,0.21517
6144.58548,0.21551
6140.72824,0.21544
6136.87100,0.21509
6133.01376,0.21473
6129.15652,0.21458
6125.29927,0.21485
6121.44203,0.21563
6117.58479,0.21707
6113.72755,0.21932
6109.87031,0.22239
6106.01307,0.22609
6102.15583,0.23024
6098.29858,0.23472
6094.44134,0.23942
6090.58410,0.24412
6086.72686,0.24860
6082.86962,0.25286
6079.01238,0.25700
6075.15514,0.26142
6071.29789,0.26672
6067.44065,0.27306
6063.58341,0.27997
6059.72617,0.28678
6055.86893,0.29296
6052.01169,0.29832
6048.15445,0.30312
6044.29721,0.30783
6040.43996,0.31288
6036.58272,0.31848
6032.72548,0.32452
6028.86824,0.33026
6025.01100,0.33470
6021.15376,0.33702
6017.29652,0.33665
6013.43927,0.33344
6009.58203,0.32772
6005.72479,0.32029
6001.86755,0.31208
5998.01031,0.30405
5994.15307,0.29707
5990.29583,0.29165
5986.43858,0.28782
5982.58134,0.28527
5978.72410,0.28325
5974.86686,0.28075
5971.00962,0.27719
5967.15238,0.27303
5963.29514,0.26916
5959.43790,0.26618
5955.58065,0.26430
5951.72341,0.26340
5947.86617,0.26299
5944.00893,0.26239
5940.15169,0.26093
5936.29445,0.25831
5932.43721,0.25472
5928.57996,0.25059
5924.72272,0.24635
5920.86548,0.24232
5917.00824,0.23873
5913.15100,0.23578
5909.29376,0.23363
5905.43652,0.23246
5901.57927,0.23239
5897.72203,0.23337
5893.86479,0.23517
5890.00755,0.23756
5886.15031,0.24027
5882.29307,0.24297
5878.43583,0.24545
5874.57859,0.24766
5870.72134,0.24957
5866.86410,0.25103
5863.00686,0.25178
5859.14962,0.25171
5855.29238,0.25107
5851.43514,0.25015
5847.57790,0.24916
5843.72065,0.24832
5839.86341,0.24775
5836.00617,0.24743
5832.14893,0.24737
5828.29169,0.24756
5824.43445,0.24790
5820.57721,0.24823
5816.71997,0.24852
5812.86272,0.24878
5809.00548,0.24890
5805.14824,0.24877
5801.29100,0.24847
5797.43376,0.24816
5793.57652,0.24787
5789.71928,0.24757
5785.86203,0.24722
5782.00479,0.24685
5778.14755,0.24642
5774.29031,0.24591
5770.43307,0.24526
5766.57583,0.24433
5762.71859,0.24313
5758.86134,0.24177
5755.00410,0.24023
5751.14686,0.23851
5747.28962,0.23668
5743.43238,0.23480
5739.57514,0.23298
5735.71790,0.23132
5731.86066,0.22987
5728.00341,0.22875
5724.14617,0.22809
5720.28893,0.22787
5716.43169,0.22789
5712.57445,0.22803
5708.71721,0.22819
5704.85997,0.22823
5701.00272,0.22808
5697.14548,0.22780
5693.28824,0.22748
5689.43100,0.22714
5685.57376,0.22675
5681.71652,0.22641
5677.85928,0.22626
5674.00203,0.22635
5670.14479,0.22660
5666.28755,0.22694
5662.43031,0.22739
5658.57307,0.22781
5654.71583,0.22799
5650.85859,0.22780
5647.00135,0.22728
5643.14410,0.22648
5639.28686,0.22548
5635.42962,0.22442
5631.57238,0.22348
5627.71514,0.22268
5623.85790,0.22200
5620.00066,0.22148
5616.14341,0.22122
5612.28617,0.22115
5608.42893,0.22115
5604.57169,0.22123
5600.71445,0.22146
5596.85721,0.22182
5592.99997,0.22224
5589.14273,0.22273
5585.28548,0.22328
5581.42824,0.22387
5577.57100,0.22445
5573.71376,0.22502
5569.85652,0.22551
5565.99928,0.22582
5562.14204,0.22597
5558.28479,0.22599
5554.42755,0.22591
5550.57031,0.22581
5546.71307,0.22576
5542.85583,0.22576
5538.99859,0.22574
5535.14135,0.22572
5531.28410,0.22570
5527.42686,0.22562
5523.56962,0.22538
5519.71238,0.22505
5515.85514,0.22467
5511.99790,0.22431
5508.14066,0.22407
5504.28342,0.22407
5500.42617,0.22435
5496.56893,0.22486
5492.71169,0.22547
5488.85445,0.22608
5484.99721,0.22657
5481.13997,0.22676
5477.28273,0.22664
5473.42548,0.22630
5469.56824,0.22580
5465.71100,0.22510
5461.85376,0.22423
5457.99652,0.22326
5454.13928,0.22219
5450.28204,0.22097
5446.42479,0.21954
5442.56755,0.21799
5438.71031,0.21647
5434.85307,0.21508
5430.99583,0.21382
5427.13859,0.21268
5423.28135,0.21176
5419.42411,0.21109
5415.56686,0.21058
5411.70962,0.21016
5407.85238,0.20985
5403.99514,0.20962
5400.13790,0.20942
5396.28066,0.20925
5392.42342,0.20907
5388.56617,0.20892
5384.70893,0.20886
5380.85169,0.20888
5376.99445,0.20897
5373.13721,0.20916
5369.27997,0.20946
5365.42273,0.20979
5361.56549,0.21015
5357.70824,0.21056
5353.85100,0.21100
5349.99376,0.21136
5346.13652,0.21157
5342.27928,0.21168
5338.42204,0.21173
5334.56480,0.21184
5330.70755,0.21210
5326.85031,0.21250
5322.99307,0.21310
5319.13583,0.21395
5315.27859,0.21507
5311.42135,0.21644
5307.56411,0.21809
5303.70686,0.22001
5299.84962,0.22220
5295.99238,0.22465
5292.13514,0.22743
5288.27790,0.23072
5284.42066,0.23456
5280.56342,0.23887
5276.70618,0.24355
5272.84893,0.24846
5268.99169,0.25344
5265.13445,0.25839
5261.27721,0.26314
5257.41997,0.26749
5253.56273,0.27144
5249.70549,0.27503
5245.84824,0.27832
5241.99100,0.28127
5238.13376,0.28381
5234.27652,0.28604
5230.41928,0.28806
5226.56204,0.28982
5222.70480,0.29131
5218.84755,0.29262
5214.99031,0.29376
5211.13307,0.29470
5207.27583,0.29544
5203.41859,0.29604
5199.56135,0.29656
5195.70411,0.29698
5191.84687,0.29731
5187.98962,0.29759
5184.13238,0.29782
5180.27514,0.29792
5176.41790,0.29786
5172.56066,0.29777
5168.70342,0.29769
5164.84618,0.29763
5160.98893,0.29757
5157.13169,0.29754
5153.27445,0.29752
5149.41721,0.29744
5145.55997,0.29726
5141.70273,0.29713
5137.84549,0.29709
5133.98825,0.29710
5130.13100,0.29718
5126.27376,0.29727
5122.41652,0.29705
5118.55928,0.29615
5114.70204,0.29430
5110.84480,0.29165
5106.98756,0.28860
5103.13031,0.28542
5099.27307,0.28229
5095.41583,0.27938
5091.55859,0.27675
5087.70135,0.27437
5083.84411,0.27220
5079.98687,0.27029
5076.12962,0.26861
5072.27238,0.26702
5068.41514,0.26549
5064.55790,0.26407
5060.70066,0.26278
5056.84342,0.26159
5052.98618,0.26051
5049.12894,0.25957
5045.27169,0.25872
5041.41445,0.25794
5037.55721,0.25722
5033.69997,0.25655
5029.84273,0.25593
5025.98549,0.25539
5022.12825,0.25487
5018.27100,0.25440
5014.41376,0.25400
5010.55652,0.25364
5006.69928,0.25322
5002.84204,0.25275
4998.98480,0.25229
4995.12756,0.25187
4991.27031,0.25157
4987.41307,0.25147
4983.55583,0.25160
4979.69859,0.25189
4975.84135,0.25235
4971.98411,0.25300
4968.12687,0.25385
4964.26963,0.25501
4960.41238,0.25652
4956.55514,0.25824
4952.69790,0.26013
4948.84066,0.26219
4944.98342,0.26435
4941.12618,0.26659
4937.26894,0.26896
4933.41169,0.27142
4929.55445,0.27391
4925.69721,0.27657
4921.83997,0.27949
4917.98273,0.28259
4914.12549,0.28579
4910.26825,0.28909
4906.41101,0.29249
4902.55376,0.29597
4898.69652,0.29951
4894.83928,0.30318
4890.98204,0.30696
4887.12480,0.31082
4883.26756,0.31476
4879.41032,0.31873
4875.55307,0.32265
4871.69583,0.32645
4867.83859,0.33011
4863.98135,0.33360
4860.12411,0.33696
4856.26687,0.34028
4852.40963,0.34373
4848.55238,0.34752
4844.69514,0.35160
4840.83790,0.35587
4836.98066,0.36029
4833.12342,0.36490
4829.26618,0.36966
4825.40894,0.37436
4821.55170,0.37876
4817.69445,0.38278
4813.83721,0.38652
4809.97997,0.39000
4806.12273,0.39319
4802.26549,0.39596
4798.40825,0.39828
4794.55101,0.40005
4790.69376,0.40123
4786.83652,0.40197
4782.97928,0.40246
4779.12204,0.40283
4775.26480,0.40320
4771.40756,0.40376
4767.55032,0.40473
4763.69307,0.40623
4759.83583,0.40818
4755.97859,0.41050
4752.12135,0.41313
4748.26411,0.41585
4744.40687,0.41840
4740.54963,0.42084
4736.69239,0.42352
4732.83514,0.42690
4728.97790,0.43110
4725.12066,0.43549
4721.26342,0.43896
4717.40618,0.44077
4713.54894,0.44130
4709.69170,0.44205
4705.83445,0.44469
4701.97721,0.44974
4698.11997,0.45607
4694.26273,0.46138
4690.40549,0.46324
4686.54825,0.46035
4682.69101,0.45306
4678.83377,0.44304
4674.97652,0.43264
4671.11928,0.42394
4667.26204,0.41783
4663.40480,0.41396
4659.54756,0.41166
4655.69032,0.41079
4651.83308,0.41192
4647.97583,0.41553
4644.11859,0.42105
4640.26135,0.42661
4636.40411,0.42963
4632.54687,0.42784
4628.68963,0.42059
4624.83239,0.40959
4620.97514,0.39792
4617.11790,0.38805
4613.26066,0.38094
4609.40342,0.37659
4605.54618,0.37482
4601.68894,0.37559
4597.83170,0.37839
4593.97446,0.38181
4590.11721,0.38464
4586.25997,0.38689
4582.40273,0.38831
4578.54549,0.38691
4574.68825,0.38112
4570.83101,0.37205
4566.97377,0.36258
4563.11652,0.35505
4559.25928,0.35022
4555.40204,0.34755
4551.54480,0.34610
4547.68756,0.34516
4543.83032,0.34442
4539.97308,0.34384
4536.11583,0.34349
4532.25859,0.34351
4528.40135,0.34408
4524.54411,0.34528
4520.68687,0.34713
4516.82963,0.34973
4512.97239,0.35330
4509.11515,0.35816
4505.25790,0.36473
4501.40066,0.37325
4497.54342,0.38332
4493.68618,0.39369
4489.82894,0.40282
4485.97170,0.40999
4482.11446,0.41595
4478.25721,0.42238
4474.39997,0.43108
4470.54273,0.44325
4466.68549,0.45874
4462.82825,0.47520
4458.97101,0.48842
4455.11377,0.49589
4451.25653,0.49959
4447.39928,0.50336
4443.54204,0.50879
4439.68480,0.51492
4435.82756,0.51995
4431.97032,0.52221
4428.11308,0.52082
4424.25584,0.51650
4420.39859,0.51168
4416.54135,0.50888
4412.68411,0.50894
4408.82687,0.51073
4404.96963,0.51215
4401.11239,0.51150
4397.25515,0.50838
4393.39790,0.50362
4389.54066,0.49838
4385.68342,0.49355
4381.82618,0.48967
4377.96894,0.48690
4374.11170,0.48515
4370.25446,0.48450
4366.39722,0.48509
4362.53997,0.48672
4358.68273,0.48861
4354.82549,0.49027
4350.96825,0.49211
4347.11101,0.49469
4343.25377,0.49795
4339.39653,0.50133
4335.53928,0.50420
4331.68204,0.50642
4327.82480,0.50842
4323.96756,0.51069
4320.11032,0.51350
4316.25308,0.51712
4312.39584,0.52184
4308.53859,0.52766
4304.68135,0.53407
4300.82411,0.54027
4296.96687,0.54553
4293.10963,0.54928
4289.25239,0.55124
4285.39515,0.55160
4281.53791,0.55095
4277.68066,0.54980
4273.82342,0.54819
4269.96618,0.54593
4266.10894,0.54319
4262.25170,0.54068
4258.39446,0.53915
4254.53722,0.53884
4250.67997,0.53928
4246.82273,0.53965
4242.96549,0.53927
4239.10825,0.53793
4235.25101,0.53621
4231.39377,0.53486
4227.53653,0.53373
4223.67929,0.53203
4219.82204,0.52932
4215.96480,0.52589
4212.10756,0.52245
4208.25032,0.51957
4204.39308,0.51725
4200.53584,0.51533
4196.67860,0.51416
4192.82135,0.51463
4188.96411,0.51735
4185.10687,0.52201
4181.24963,0.52685
4177.39239,0.52906
4173.53515,0.52683
4169.67791,0.52094
4165.82066,0.51383
4161.96342,0.50771
4158.10618,0.50362
4154.24894,0.50164
4150.39170,0.50163
4146.53446,0.50352
4142.67722,0.50718
4138.81998,0.51200
4134.96273,0.51682
4131.10549,0.52071
4127.24825,0.52375
4123.39101,0.52681
4119.53377,0.53085
4115.67653,0.53654
4111.81929,0.54430
4107.96204,0.55447
4104.10480,0.56766
4100.24756,0.58486
4096.39032,0.60504
4092.53308,0.62204
4088.67584,0.62841
4084.81860,0.62318
4080.96135,0.61119
4077.10411,0.59761
4073.24687,0.58620
4069.38963,0.57894
4065.53239,0.57547
4061.67515,0.57437
4057.81791,0.57484
4053.96067,0.57660
4050.10342,0.57898
4046.24618,0.58102
4042.38894,0.58225
4038.53170,0.58290
4034.67446,0.58346
4030.81722,0.58403
4026.95998,0.58447
4023.10273,0.58459
4019.24549,0.58434
4015.38825,0.58361
4011.53101,0.58226
4007.67377,0.58032
4003.81653,0.57794
3999.95929,0.57518
3996.10205,0.57199
3992.24480,0.56862
3988.38756,0.56556
3984.53032,0.56316
3980.67308,0.56137
3976.81584,0.55991
3972.95860,0.55838
3969.10136,0.55633
3965.24411,0.55362
3961.38687,0.55044
3957.52963,0.54712
3953.67239,0.54392
3949.81515,0.54087
3945.95791,0.53787
3942.10067,0.53488
3938.24342,0.53208
3934.38618,0.52953
3930.52894,0.52724
3926.67170,0.52518
3922.81446,0.52322
3918.95722,0.52119
3915.09998,0.51900
3911.24274,0.51658
3907.38549,0.51363
3903.52825,0.50984
3899.67101,0.50568
3895.81377,0.50188
3891.95653,0.49845
3888.09929,0.49551
3884.24205,0.49325
3880.38480,0.49142
3876.52756,0.48947
3872.67032,0.48690
3868.81308,0.48366
3864.95584,0.48026
3861.09860,0.47710
3857.24136,0.47399
3853.38411,0.47073
3849.52687,0.46819
3845.66963,0.46648
3841.81239,0.46498
3837.95515,0.46374
3834.09791,0.46296
3830.24067,0.46254
3826.38343,0.46251
3822.52618,0.46345
3818.66894,0.46607
3814.81170,0.46963
3810.95446,0.47245
3807.09722,0.47364
3803.23998,0.47297
3799.38274,0.47083
3795.52549,0.46829
3791.66825,0.46632
3787.81101,0.46544
3783.95377,0.46572
3780.09653,0.46699
3776.23929,0.46894
3772.38205,0.47143
3768.52481,0.47458
3764.66756,0.47812
3760.81032,0.48105
3756.95308,0.48199
3753.09584,0.47994
3749.23860,0.47605
3745.38136,0.47370
3741.52412,0.47440
3737.66687,0.47742
3733.80963,0.48177
3729.95239,0.48484
3726.09515,0.48549
3722.23791,0.48569
3718.38067,0.48730
3714.52343,0.49089
3710.66618,0.49723
3706.80894,0.50624
3702.95170,0.51720
3699.09446,0.53025
3695.23722,0.54541
3691.37998,0.56437
3687.52274,0.58519
3683.66550,0.59947
3679.80825,0.60752
3675.95101,0.61631
3672.09377,0.63019
3668.23653,0.64727
3664.37929,0.66455
3660.52205,0.68201
3656.66481,0.70027
3652.80756,0.71888
3648.95032,0.73810
3645.09308,0.75668
3641.23584,0.77198
3637.37860,0.78562
3633.52136,0.79894
3629.66412,0.81203
3625.80687,0.82468
3621.94963,0.83537
3618.09239,0.84470
3614.23515,0.85290
3610.37791,0.86047
3606.52067,0.86801
3602.66343,0.87804
3598.80619,0.89130
