12493.60475,0.15491
12489.74751,0.15139
12485.89027,0.15016
12482.03303,0.15070
12478.17579,0.15032
12474.31855,0.15000
12470.46130,0.15120
12466.60406,0.15149
12462.74682,0.14965
12458.88958,0.14727
12455.03234,0.14585
12451.17510,0.14629
12447.31786,0.14743
12443.46062,0.14808
12439.60337,0.14925
12435.74613,0.15074
12431.88889,0.15147
12428.03165,0.15150
12424.17441,0.15137
12420.31717,0.15107
12416.45993,0.14973
12412.60268,0.14761
12408.74544,0.14569
12404.88820,0.14529
12401.03096,0.14839
12397.17372,0.15357
12393.31648,0.15622
12389.45924,0.15490
12385.60199,0.15255
12381.74475,0.15088
12377.88751,0.14955
12374.03027,0.14997
12370.17303,0.15178
12366.31579,0.15198
12362.45855,0.15224
12358.60131,0.15474
12354.74406,0.15535
12350.88682,0.15325
12347.02958,0.15226
12343.17234,0.15152
12339.31510,0.14930
12335.45786,0.14713
12331.60062,0.14751
12327.74337,0.15026
12323.88613,0.15246
12320.02889,0.15330
12316.17165,0.15334
12312.31441,0.15307
12308.45717,0.15311
12304.59993,0.15309
12300.74268,0.15350
12296.88544,0.15383
12293.02820,0.15237
12289.17096,0.15044
12285.31372,0.15005
12281.45648,0.15033
12277.59924,0.15054
12273.74200,0.15253
12269.88475,0.15551
12266.02751,0.15592
12262.17027,0.15537
12258.31303,0.15663
12254.45579,0.15756
12250.59855,0.15493
12246.74131,0.14900
12242.88406,0.14476
12239.02682,0.14559
12235.16958,0.14871
12231.31234,0.15101
12227.45510,0.15190
12223.59786,0.15144
12219.74062,0.15057
12215.88338,0.15079
12212.02613,0.15222
12208.16889,0.15317
12204.31165,0.15255
12200.45441,0.15116
12196.59717,0.14930
12192.73993,0.14665
12188.88269,0.14454
12185.02544,0.14415
12181.16820,0.14539
12177.31096,0.14758
12173.45372,0.14893
12169.59648,0.14859
12165.73924,0.14880
12161.88200,0.15012
12158.02475,0.14992
12154.16751,0.14948
12150.31027,0.15120
12146.45303,0.15294
12142.59579,0.15320
12138.73855,0.15229
12134.88131,0.15050
12131.02407,0.14832
12127.16682,0.14594
12123.30958,0.14539
12119.45234,0.14771
12115.59510,0.14896
12111.73786,0.14708
12107.88062,0.14531
12104.02338,0.14494
12100.16613,0.14485
12096.30889,0.14548
12092.45165,0.14667
12088.59441,0.14755
12084.73717,0.14860
12080.87993,0.15027
12077.02269,0.15123
12073.16544,0.15027
12069.30820,0.14835
12065.45096,0.14715
12061.59372,0.14704
12057.73648,0.14686
12053.87924,0.14649
12050.02200,0.14754
12046.16476,0.14983
12042.30751,0.15096
12038.45027,0.15045
12034.59303,0.14991
12030.73579,0.14948
12026.87855,0.14902
12023.02131,0.14867
12019.16407,0.14776
12015.30682,0.14737
12011.44958,0.14842
12007.59234,0.14887
12003.73510,0.14788
11999.87786,0.14702
11996.02062,0.14787
11992.16338,0.15013
11988.30614,0.15088
11984.44889,0.14904
11980.59165,0.14770
11976.73441,0.14823
11972.87717,0.14834
11969.01993,0.14740
11965.16269,0.14715
11961.30545,0.14852
11957.44820,0.15073
11953.59096,0.15210
11949.73372,0.15216
11945.87648,0.15322
11942.01924,0.15565
11938.16200,0.15528
11934.30476,0.15174
11930.44751,0.15021
11926.59027,0.15137
11922.73303,0.15108
11918.87579,0.14939
11915.01855,0.14972
11911.16131,0.15160
11907.30407,0.15234
11903.44683,0.15238
11899.58958,0.15326
11895.73234,0.15512
11891.87510,0.15657
11888.01786,0.15547
11884.16062,0.15248
11880.30338,0.15055
11876.44614,0.15103
11872.58889,0.15288
11868.73165,0.15406
11864.87441,0.15430
11861.01717,0.15425
11857.15993,0.15355
11853.30269,0.15231
11849.44545,0.15133
11845.58820,0.15143
11841.73096,0.15351
11837.87372,0.15644
11834.01648,0.15708
11830.15924,0.15511
11826.30200,0.15315
11822.44476,0.15245
11818.58752,0.15305
11814.73027,0.15418
11810.87303,0.15473
11807.01579,0.15483
11803.15855,0.15477
11799.30131,0.15419
11795.44407,0.15324
11791.58683,0.15357
11787.72958,0.15599
11783.87234,0.15737
11780.01510,0.15542
11776.15786,0.15281
11772.30062,0.15202
11768.44338,0.15229
11764.58614,0.15266
11760.72890,0.15332
11756.87165,0.15407
11753.01441,0.15466
11749.15717,0.15536
11745.29993,0.15572
11741.44269,0.15549
11737.58545,0.15554
11733.72821,0.15552
11729.87096,0.15497
11726.01372,0.15499
11722.15648,0.15525
11718.29924,0.15443
11714.44200,0.15337
11710.58476,0.15354
11706.72752,0.15457
11702.87027,0.15552
11699.01303,0.15622
11695.15579,0.15621
11691.29855,0.15485
11687.44131,0.15375
11683.58407,0.15422
11679.72683,0.15449
11675.86959,0.15377
11672.01234,0.15328
11668.15510,0.15393
11664.29786,0.15560
11660.44062,0.15694
11656.58338,0.15675
11652.72614,0.15544
11648.86890,0.15364
11645.01165,0.15086
11641.15441,0.14769
11637.29717,0.14693
11633.43993,0.14905
11629.58269,0.15074
11625.72545,0.15092
11621.86821,0.15172
11618.01096,0.15228
11614.15372,0.15075
11610.29648,0.14945
11606.43924,0.15057
11602.58200,0.15229
11598.72476,0.15249
11594.86752,0.15179
11591.01028,0.15076
11587.15303,0.14924
11583.29579,0.14880
11579.43855,0.14968
11575.58131,0.15074
11571.72407,0.15268
11567.86683,0.15454
11564.00959,0.15374
11560.15234,0.15137
11556.29510,0.15143
11552.43786,0.15435
11548.58062,0.15543
11544.72338,0.15277
11540.86614,0.15060
11537.00890,0.15187
11533.15166,0.15381
11529.29441,0.15285
11525.43717,0.15072
11521.57993,0.15129
11517.72269,0.15356
11513.86545,0.15419
11510.00821,0.15284
11506.15097,0.15187
11502.29372,0.15274
11498.43648,0.15321
11494.57924,0.15176
11490.72200,0.15139
11486.86476,0.15328
11483.00752,0.15412
11479.15028,0.15238
11475.29303,0.15011
11471.43579,0.14929
11467.57855,0.14979
11463.72131,0.14987
11459.86407,0.14885
11456.00683,0.14831
11452.14959,0.14908
11448.29235,0.14906
11444.43510,0.14709
11440.57786,0.14562
11436.72062,0.14641
11432.86338,0.14803
11429.00614,0.14864
11425.14890,0.14766
11421.29166,0.14605
11417.43441,0.14555
11413.57717,0.14636
11409.71993,0.14677
11405.86269,0.14627
11402.00545,0.14653
11398.14821,0.14718
11394.29097,0.14678
11390.43372,0.14653
11386.57648,0.14702
11382.71924,0.14771
11378.86200,0.14870
11375.00476,0.14894
11371.14752,0.14754
11367.29028,0.14594
11363.43304,0.14627
11359.57579,0.14836
11355.71855,0.14951
11351.86131,0.14866
11348.00407,0.14791
11344.14683,0.14844
11340.28959,0.14918
11336.43235,0.14910
11332.57510,0.14805
11328.71786,0.14727
11324.86062,0.14778
11321.00338,0.14885
11317.14614,0.14883
11313.28890,0.14730
11309.43166,0.14634
11305.57442,0.14672
11301.71717,0.14679
11297.85993,0.14674
11294.00269,0.14716
11290.14545,0.14796
11286.28821,0.14979
11282.43097,0.15191
11278.57373,0.15252
11274.71648,0.15165
11270.85924,0.15036
11267.00200,0.14992
11263.14476,0.15079
11259.28752,0.15129
11255.43028,0.15022
11251.57304,0.14828
11247.71579,0.14637
11243.85855,0.14488
11240.00131,0.14439
11236.14407,0.14529
11232.28683,0.14624
11228.42959,0.14585
11224.57235,0.14521
11220.71511,0.14592
11216.85786,0.14725
11213.00062,0.14789
11209.14338,0.14811
11205.28614,0.14810
11201.42890,0.14796
11197.57166,0.14769
11193.71442,0.14672
11189.85717,0.14591
11185.99993,0.14634
11182.14269,0.14711
11178.28545,0.14690
11174.42821,0.14586
11170.57097,0.14560
11166.71373,0.14667
11162.85648,0.14731
11158.99924,0.14643
11155.14200,0.14534
11151.28476,0.14527
11147.42752,0.14620
11143.57028,0.14781
11139.71304,0.14903
11135.85580,0.14855
11131.99855,0.14707
11128.14131,0.14643
11124.28407,0.14680
11120.42683,0.14686
11116.56959,0.14649
11112.71235,0.14702
11108.85511,0.14825
11104.99786,0.14833
11101.14062,0.14732
11097.28338,0.14662
11093.42614,0.14629
11089.56890,0.14598
11085.71166,0.14589
11081.85442,0.14577
11077.99718,0.14573
11074.13993,0.14656
11070.28269,0.14796
11066.42545,0.14875
11062.56821,0.14890
11058.71097,0.14890
11054.85373,0.14868
11050.99649,0.14893
11047.13924,0.15011
11043.28200,0.15037
11039.42476,0.14895
11035.56752,0.14789
11031.71028,0.14834
11027.85304,0.14907
11023.99580,0.14879
11020.13855,0.14796
11016.28131,0.14750
11012.42407,0.14760
11008.56683,0.14813
11004.70959,0.14882
11000.85235,0.14919
10996.99511,0.14891
10993.13787,0.14828
10989.28062,0.14777
10985.42338,0.14758
10981.56614,0.14774
10977.70890,0.14804
10973.85166,0.14826
10969.99442,0.14847
10966.13718,0.14848
10962.27993,0.14768
10958.42269,0.14650
10954.56545,0.14629
10950.70821,0.14692
10946.85097,0.14725
10942.99373,0.14705
10939.13649,0.14666
10935.27924,0.14665
10931.42200,0.14740
10927.56476,0.14805
10923.70752,0.14781
10919.85028,0.14695
10915.99304,0.14566
10912.13580,0.14478
10908.27856,0.14504
10904.42131,0.14538
10900.56407,0.14522
10896.70683,0.14558
10892.84959,0.14643
10888.99235,0.14662
10885.13511,0.14641
10881.27787,0.14642
10877.42062,0.14643
10873.56338,0.14638
10869.70614,0.14633
10865.84890,0.14629
10861.99166,0.14619
10858.13442,0.14586
10854.27718,0.14545
10850.41993,0.14509
10846.56269,0.14453
10842.70545,0.14387
10838.84821,0.14381
10834.99097,0.14444
10831.13373,0.14528
10827.27649,0.14607
10823.41925,0.14606
10819.56200,0.14478
10815.70476,0.14373
10811.84752,0.14405
10807.99028,0.14456
10804.13304,0.14440
10800.27580,0.14408
10796.41856,0.14395
10792.56131,0.14432
10788.70407,0.14511
10784.84683,0.14550
10780.98959,0.14523
10777.13235,0.14479
10773.27511,0.14463
10769.41787,0.14481
10765.56063,0.14469
10761.70338,0.14388
10757.84614,0.14308
10753.98890,0.14302
10750.13166,0.14334
10746.27442,0.14329
10742.41718,0.14316
10738.55994,0.14372
10734.70269,0.14485
10730.84545,0.14577
10726.98821,0.14583
10723.13097,0.14518
10719.27373,0.14444
10715.41649,0.14392
10711.55925,0.14400
10707.70200,0.14486
10703.84476,0.14577
10699.98752,0.14583
10696.13028,0.14526
10692.27304,0.14515
10688.41580,0.14572
10684.55856,0.14580
10680.70132,0.14475
10676.84407,0.14304
10672.98683,0.14187
10669.12959,0.14191
10665.27235,0.14259
10661.41511,0.14363
10657.55787,0.14481
10653.70063,0.14522
10649.84338,0.14492
10645.98614,0.14426
10642.12890,0.14320
10638.27166,0.14256
10634.41442,0.14299
10630.55718,0.14385
10626.69994,0.14458
10622.84269,0.14517
10618.98545,0.14544
10615.12821,0.14525
10611.27097,0.14460
10607.41373,0.14365
10603.55649,0.14307
10599.69925,0.14297
10595.84201,0.14247
10591.98476,0.14181
10588.12752,0.14233
10584.27028,0.14373
10580.41304,0.14446
10576.55580,0.14408
10572.69856,0.14347
10568.84132,0.14313
10564.98407,0.14252
10561.12683,0.14139
10557.26959,0.14045
10553.41235,0.14035
10549.55511,0.14073
10545.69787,0.14099
10541.84063,0.14118
10537.98339,0.14164
10534.12614,0.14248
10530.26890,0.14322
10526.41166,0.14287
10522.55442,0.14132
10518.69718,0.13970
10514.83994,0.13910
10510.98270,0.13969
10507.12545,0.14061
10503.26821,0.14107
10499.41097,0.14115
10495.55373,0.14102
10491.69649,0.14112
10487.83925,0.14170
10483.98201,0.14196
10480.12476,0.14167
10476.26752,0.14141
10472.41028,0.14127
10468.55304,0.14133
10464.69580,0.14125
10460.83856,0.14043
10456.98132,0.13966
10453.12408,0.14010
10449.26683,0.14108
10445.40959,0.14145
10441.55235,0.14134
10437.69511,0.14112
10433.83787,0.14041
10429.98063,0.13962
10426.12339,0.13994
10422.26614,0.14117
10418.40890,0.14197
10414.55166,0.14175
10410.69442,0.14088
10406.83718,0.13996
10402.97994,0.13959
10399.12270,0.13997
10395.26545,0.14040
10391.40821,0.14023
10387.55097,0.13963
10383.69373,0.13921
10379.83649,0.13912
10375.97925,0.13936
10372.12201,0.14020
10368.26477,0.14110
10364.40752,0.14137
10360.55028,0.14128
10356.69304,0.14119
10352.83580,0.14118
10348.97856,0.14113
10345.12132,0.14085
10341.26408,0.14057
10337.40683,0.14056
10333.54959,0.14057
10329.69235,0.14045
10325.83511,0.14010
10321.97787,0.13933
10318.12063,0.13899
10314.26339,0.13997
10310.40615,0.14156
10306.54890,0.14244
10302.69166,0.14246
10298.83442,0.14208
10294.97718,0.14177
10291.11994,0.14181
10287.26270,0.14187
10283.40546,0.14179
10279.54821,0.14191
10275.69097,0.14201
10271.83373,0.14196
10267.97649,0.14230
10264.11925,0.14292
10260.26201,0.14321
10256.40477,0.14327
10252.54752,0.14330
10248.69028,0.14311
10244.83304,0.14278
10240.97580,0.14257
10237.11856,0.14259
10233.26132,0.14261
10229.40408,0.14257
10225.54684,0.14266
10221.68959,0.14260
10217.83235,0.14221
10213.97511,0.14200
10210.11787,0.14225
10206.26063,0.14255
10202.40339,0.14248
10198.54615,0.14226
10194.68890,0.14233
10190.83166,0.14280
10186.97442,0.14336
10183.11718,0.14359
10179.25994,0.14332
10175.40270,0.14301
10171.54546,0.14315
10167.68821,0.14355
10163.83097,0.14366
10159.97373,0.14332
10156.11649,0.14317
10152.25925,0.14367
10148.40201,0.14409
10144.54477,0.14382
10140.68753,0.14353
10136.83028,0.14394
10132.97304,0.14454
10129.11580,0.14458
10125.25856,0.14432
10121.40132,0.14431
10117.54408,0.14461
10113.68684,0.14475
10109.82959,0.14448
10105.97235,0.14431
10102.11511,0.14443
10098.25787,0.14422
10094.40063,0.14388
10090.54339,0.14400
10086.68615,0.14398
10082.82891,0.14366
10078.97166,0.14381
10075.11442,0.14415
10071.25718,0.14390
10067.39994,0.14351
10063.54270,0.14375
10059.68546,0.14431
10055.82822,0.14446
10051.97097,0.14442
10048.11373,0.14459
10044.25649,0.14490
10040.39925,0.14499
10036.54201,0.14477
10032.68477,0.14447
10028.82753,0.14421
10024.97028,0.14406
10021.11304,0.14401
10017.25580,0.14392
10013.39856,0.14395
10009.54132,0.14435
10005.68408,0.14480
10001.82684,0.14493
9997.96960,0.14505
9994.11235,0.14533
9990.25511,0.14536
9986.39787,0.14519
9982.54063,0.14514
9978.68339,0.14528
9974.82615,0.14555
9970.96891,0.14558
9967.11166,0.14512
9963.25442,0.14467
9959.39718,0.14445
9955.53994,0.14417
9951.68270,0.14403
9947.82546,0.14438
9943.96822,0.14498
9940.11097,0.14525
9936.25373,0.14502
9932.39649,0.14465
9928.53925,0.14444
9924.68201,0.14442
9920.82477,0.14459
9916.96753,0.14485
9913.11029,0.14496
9909.25304,0.14513
9905.39580,0.14548
9901.53856,0.14567
9897.68132,0.14551
9893.82408,0.14499
9889.96684,0.14441
9886.10960,0.14419
9882.25235,0.14433
9878.39511,0.14457
9874.53787,0.14482
9870.68063,0.14496
9866.82339,0.14495
9862.96615,0.14508
9859.10891,0.14536
9855.25167,0.14539
9851.39442,0.14521
9847.53718,0.14501
9843.67994,0.14488
9839.82270,0.14488
9835.96546,0.14487
9832.10822,0.14466
9828.25098,0.14418
9824.39373,0.14375
9820.53649,0.14385
9816.67925,0.14436
9812.82201,0.14480
9808.96477,0.14479
9805.10753,0.14426
9801.25029,0.14371
9797.39304,0.14389
9793.53580,0.14467
9789.67856,0.14518
9785.82132,0.14525
9781.96408,0.14502
9778.10684,0.14458
9774.24960,0.14424
9770.39236,0.14409
9766.53511,0.14406
9762.67787,0.14417
9758.82063,0.14429
9754.96339,0.14425
9751.10615,0.14419
9747.24891,0.14424
9743.39167,0.14439
9739.53442,0.14459
9735.67718,0.14447
9731.81994,0.14412
9727.96270,0.14396
9724.10546,0.14392
9720.24822,0.14380
9716.39098,0.14373
9712.53373,0.14387
9708.67649,0.14406
9704.81925,0.14398
9700.96201,0.14373
9697.10477,0.14352
9693.24753,0.14338
9689.39029,0.14329
9685.53305,0.14314
9681.67580,0.14288
9677.81856,0.14278
9673.96132,0.14279
9670.10408,0.14270
9666.24684,0.14284
9662.38960,0.14310
9658.53236,0.14325
9654.67511,0.14354
9650.81787,0.14378
9646.96063,0.14355
9643.10339,0.14296
9639.24615,0.14243
9635.38891,0.14238
9631.53167,0.14266
9627.67443,0.14282
9623.81718,0.14277
9619.95994,0.14255
9616.10270,0.14231
9612.24546,0.14245
9608.38822,0.14297
9604.53098,0.14333
9600.67374,0.14309
9596.81649,0.14261
9592.95925,0.14251
9589.10201,0.14266
9585.24477,0.14232
9581.38753,0.14156
9577.53029,0.14128
9573.67305,0.14168
9569.81580,0.14202
9565.95856,0.14197
9562.10132,0.14193
9558.24408,0.14205
9554.38684,0.14201
9550.52960,0.14177
9546.67236,0.14163
9542.81512,0.14177
9538.95787,0.14198
9535.10063,0.14195
9531.24339,0.14175
9527.38615,0.14171
9523.52891,0.14186
9519.67167,0.14179
9515.81443,0.14143
9511.95718,0.14114
9508.09994,0.14096
9504.24270,0.14101
9500.38546,0.14127
9496.52822,0.14132
9492.67098,0.14129
9488.81374,0.14132
9484.95649,0.14126
9481.09925,0.14125
9477.24201,0.14124
9473.38477,0.14108
9469.52753,0.14111
9465.67029,0.14152
9461.81305,0.14195
9457.95581,0.14189
9454.09856,0.14128
9450.24132,0.14061
9446.38408,0.14039
9442.52684,0.14058
9438.66960,0.14086
9434.81236,0.14087
9430.95512,0.14054
9427.09787,0.14033
9423.24063,0.14041
9419.38339,0.14056
9415.52615,0.14060
9411.66891,0.14050
9407.81167,0.14040
9403.95443,0.14053
9400.09719,0.14073
9396.23994,0.14079
9392.38270,0.14080
9388.52546,0.14081
9384.66822,0.14067
9380.81098,0.14051
9376.95374,0.14060
9373.09650,0.14064
9369.23925,0.14036
9365.38201,0.14017
9361.52477,0.14024
9357.66753,0.14012
9353.81029,0.14000
9349.95305,0.14028
9346.09581,0.14051
9342.23856,0.14051
9338.38132,0.14052
9334.52408,0.14047
9330.66684,0.14034
9326.80960,0.14028
9322.95236,0.14026
9319.09512,0.14008
9315.23788,0.13971
9311.38063,0.13959
9307.52339,0.14000
9303.66615,0.14050
9299.80891,0.14069
9295.95167,0.14047
9292.09443,0.13991
9288.23719,0.13950
9284.37994,0.13951
9280.52270,0.13959
9276.66546,0.13945
9272.80822,0.13922
9268.95098,0.13927
9265.09374,0.13966
9261.23650,0.14002
9257.37925,0.14013
9253.52201,0.14017
9249.66477,0.14009
9245.80753,0.13967
9241.95029,0.13927
9238.09305,0.13934
9234.23581,0.13969
9230.37857,0.13991
9226.52132,0.13992
9222.66408,0.13976
9218.80684,0.13958
9214.94960,0.13948
9211.09236,0.13934
9207.23512,0.13916
9203.37788,0.13895
9199.52063,0.13878
9195.66339,0.13879
9191.80615,0.13899
9187.94891,0.13914
9184.09167,0.13912
9180.23443,0.13926
9176.37719,0.13963
9172.51995,0.13976
9168.66270,0.13952
9164.80546,0.13950
9160.94822,0.13980
9157.09098,0.13991
9153.23374,0.13975
9149.37650,0.13967
9145.51926,0.13970
9141.66201,0.13970
9137.80477,0.13964
9133.94753,0.13971
9130.09029,0.13984
9126.23305,0.13975
9122.37581,0.13955
9118.51857,0.13963
9114.66132,0.13982
9110.80408,0.13972
9106.94684,0.13941
9103.08960,0.13938
9099.23236,0.13970
9095.37512,0.13985
9091.51788,0.13970
9087.66064,0.13968
9083.80339,0.13991
9079.94615,0.14011
9076.08891,0.14014
9072.23167,0.14019
9068.37443,0.14030
9064.51719,0.14020
9060.65995,0.13985
9056.80270,0.13965
9052.94546,0.13989
9049.08822,0.14038
9045.23098,0.14079
9041.37374,0.14100
9037.51650,0.14100
9033.65926,0.14086
9029.80201,0.14077
9025.94477,0.14102
9022.08753,0.14161
9018.23029,0.14211
9014.37305,0.14224
9010.51581,0.14220
9006.65857,0.14231
9002.80133,0.14257
8998.94408,0.14282
8995.08684,0.14306
8991.22960,0.14337
8987.37236,0.14381
8983.51512,0.14424
8979.65788,0.14450
8975.80064,0.14471
8971.94339,0.14510
8968.08615,0.14580
8964.22891,0.14662
8960.37167,0.14720
8956.51443,0.14765
8952.65719,0.14836
8948.79995,0.14919
8944.94271,0.14974
8941.08546,0.15019
8937.22822,0.15085
8933.37098,0.15160
8929.51374,0.15234
8925.65650,0.15328
8921.79926,0.15432
8917.94202,0.15532
8914.08477,0.15629
8910.22753,0.15716
8906.37029,0.15799
8902.51305,0.15901
8898.65581,0.16025
8894.79857,0.16150
8890.94133,0.16267
8887.08408,0.16371
8883.22684,0.16461
8879.36960,0.16545
8875.51236,0.16640
8871.65512,0.16733
8867.79788,0.16809
8863.94064,0.16858
8860.08340,0.16868
8856.22615,0.16852
8852.36891,0.16842
8848.51167,0.16834
8844.65443,0.16814
8840.79719,0.16776
8836.93995,0.16726
8833.08271,0.16667
8829.22546,0.16598
8825.36822,0.16518
8821.51098,0.16430
8817.65374,0.16349
8813.79650,0.16272
8809.93926,0.16177
8806.08202,0.16060
8802.22477,0.15936
8798.36753,0.15824
8794.51029,0.15726
8790.65305,0.15634
8786.79581,0.15543
8782.93857,0.15454
8779.08133,0.15374
8775.22409,0.15307
8771.36684,0.15250
8767.50960,0.15215
8763.65236,0.15193
8759.79512,0.15154
8755.93788,0.15099
8752.08064,0.15057
8748.22340,0.15042
8744.36615,0.15042
8740.50891,0.15053
8736.65167,0.15075
8732.79443,0.15086
8728.93719,0.15068
8725.07995,0.15053
8721.22271,0.15064
8717.36547,0.15077
8713.50822,0.15097
8709.65098,0.15145
8705.79374,0.15199
8701.93650,0.15229
8698.07926,0.15239
8694.22202,0.15240
8690.36478,0.15241
8686.50753,0.15247
8682.65029,0.15266
8678.79305,0.15300
8674.93581,0.15347
8671.07857,0.15380
8667.22133,0.15383
8663.36409,0.15394
8659.50684,0.15437
8655.64960,0.15473
8651.79236,0.15499
8647.93512,0.15536
8644.07788,0.15576
8640.22064,0.15603
8636.36340,0.15630
8632.50616,0.15666
8628.64891,0.15701
8624.79167,0.15737
8620.93443,0.15788
8617.07719,0.15832
8613.21995,0.15855
8609.36271,0.15881
8605.50547,0.15923
8601.64822,0.15957
8597.79098,0.15983
8593.93374,0.16022
8590.07650,0.16067
8586.21926,0.16109
8582.36202,0.16148
8578.50478,0.16175
8574.64753,0.16181
8570.79029,0.16182
8566.93305,0.16209
8563.07581,0.16265
8559.21857,0.16311
8555.36133,0.16334
8551.50409,0.16364
8547.64685,0.16401
8543.78960,0.16430
8539.93236,0.16456
8536.07512,0.16481
8532.21788,0.16500
8528.36064,0.16526
8524.50340,0.16564
8520.64616,0.16596
8516.78891,0.16613
8512.93167,0.16618
8509.07443,0.16622
8505.21719,0.16633
8501.35995,0.16641
8497.50271,0.16643
8493.64547,0.16652
8489.78822,0.16676
8485.93098,0.16702
8482.07374,0.16726
8478.21650,0.16750
8474.35926,0.16758
8470.50202,0.16755
8466.64478,0.16767
8462.78754,0.16774
8458.93029,0.16756
8455.07305,0.16744
8451.21581,0.16759
8447.35857,0.16780
8443.50133,0.16775
8439.64409,0.16746
8435.78685,0.16716
8431.92960,0.16696
8428.07236,0.16685
8424.21512,0.16688
8420.35788,0.16703
8416.50064,0.16718
8412.64340,0.16722
8408.78616,0.16723
8404.92892,0.16730
8401.07167,0.16737
8397.21443,0.16731
8393.35719,0.16712
8389.49995,0.16689
8385.64271,0.16673
8381.78547,0.16666
8377.92823,0.16659
8374.07098,0.16657
8370.21374,0.16663
8366.35650,0.16671
8362.49926,0.16674
8358.64202,0.16674
8354.78478,0.16666
8350.92754,0.16651
8347.07029,0.16643
8343.21305,0.16639
8339.35581,0.16639
8335.49857,0.16646
8331.64133,0.16656
8327.78409,0.16665
8323.92685,0.16671
8320.06961,0.16671
8316.21236,0.16663
8312.35512,0.16652
8308.49788,0.16643
8304.64064,0.16639
8300.78340,0.16638
8296.92616,0.16639
8293.06892,0.16634
8289.21167,0.16635
8285.35443,0.16659
8281.49719,0.16688
8277.63995,0.16693
8273.78271,0.16681
8269.92547,0.16677
8266.06823,0.16691
8262.21098,0.16708
8258.35374,0.16710
8254.49650,0.16708
8250.63926,0.16715
8246.78202,0.16727
8242.92478,0.16737
8239.06754,0.16743
8235.21030,0.16739
8231.35305,0.16734
8227.49581,0.16740
8223.63857,0.16751
8219.78133,0.16748
8215.92409,0.16739
8212.06685,0.16735
8208.20961,0.16730
8204.35236,0.16721
8200.49512,0.16708
8196.63788,0.16685
8192.78064,0.16663
8188.92340,0.16653
8185.06616,0.16659
8181.20892,0.16672
8177.35168,0.16662
8173.49443,0.16627
8169.63719,0.16607
8165.77995,0.16599
8161.92271,0.16581
8158.06547,0.16560
8154.20823,0.16544
8150.35099,0.16541
8146.49374,0.16540
8142.63650,0.16519
8138.77926,0.16491
8134.92202,0.16471
8131.06478,0.16449
8127.20754,0.16435
8123.35030,0.16432
8119.49305,0.16424
8115.63581,0.16397
8111.77857,0.16365
8107.92133,0.16344
8104.06409,0.16330
8100.20685,0.16308
8096.34961,0.16280
8092.49237,0.16249
8088.63512,0.16219
8084.77788,0.16196
8080.92064,0.16177
8077.06340,0.16157
8073.20616,0.16138
8069.34892,0.16113
8065.49168,0.16088
8061.63443,0.16075
8057.77719,0.16067
8053.91995,0.16056
8050.06271,0.16048
8046.20547,0.16039
8042.34823,0.16022
8038.49099,0.16002
8034.63374,0.15985
8030.77650,0.15960
8026.91926,0.15933
8023.06202,0.15921
8019.20478,0.15915
8015.34754,0.15907
8011.49030,0.15899
8007.63306,0.15891
8003.77581,0.15876
7999.91857,0.15854
7996.06133,0.15845
7992.20409,0.15864
7988.34685,0.15890
7984.48961,0.15893
7980.63237,0.15871
7976.77512,0.15849
7972.91788,0.15839
7969.06064,0.15829
7965.20340,0.15817
7961.34616,0.15813
7957.48892,0.15801
7953.63168,0.15773
7949.77444,0.15757
7945.91719,0.15767
7942.05995,0.15782
7938.20271,0.15777
7934.34547,0.15767
7930.48823,0.15764
7926.63099,0.15757
7922.77375,0.15753
7918.91650,0.15759
7915.05926,0.15771
7911.20202,0.15779
7907.34478,0.15779
7903.48754,0.15779
7899.63030,0.15785
7895.77306,0.15786
7891.91581,0.15779
7888.05857,0.15777
7884.20133,0.15781
7880.34409,0.15775
7876.48685,0.15762
7872.62961,0.15763
7868.77237,0.15777
7864.91513,0.15775
7861.05788,0.15759
7857.20064,0.15749
7853.34340,0.15755
7849.48616,0.15761
7845.62892,0.15748
7841.77168,0.15726
7837.91444,0.15711
7834.05719,0.15696
7830.19995,0.15678
7826.34271,0.15672
7822.48547,0.15669
7818.62823,0.15654
7814.77099,0.15633
7810.91375,0.15621
7807.05650,0.15618
7803.19926,0.15613
7799.34202,0.15596
7795.48478,0.15564
7791.62754,0.15531
7787.77030,0.15526
7783.91306,0.15530
7780.05582,0.15507
7776.19857,0.15486
7772.34133,0.15482
7768.48409,0.15460
7764.62685,0.15427
7760.76961,0.15419
7756.91237,0.15417
7753.05513,0.15403
7749.19788,0.15389
7745.34064,0.15383
7741.48340,0.15365
7737.62616,0.15330
7733.76892,0.15306
7729.91168,0.15307
7726.05444,0.15308
7722.19720,0.15277
7718.33995,0.15220
7714.48271,0.15189
7710.62547,0.15213
7706.76823,0.15246
7702.91099,0.15236
7699.05375,0.15201
7695.19651,0.15177
7691.33926,0.15164
7687.48202,0.15158
7683.62478,0.15165
7679.76754,0.15178
7675.91030,0.15185
7672.05306,0.15177
7668.19582,0.15159
7664.33857,0.15147
7660.48133,0.15149
7656.62409,0.15166
7652.76685,0.15184
7648.90961,0.15196
7645.05237,0.15213
7641.19513,0.15227
7637.33789,0.15229
7633.48064,0.15228
7629.62340,0.15214
7625.76616,0.15199
7621.90892,0.15206
7618.05168,0.15229
7614.19444,0.15253
7610.33720,0.15282
7606.47995,0.15312
7602.62271,0.15324
7598.76547,0.15317
7594.90823,0.15304
7591.05099,0.15292
7587.19375,0.15285
7583.33651,0.15295
7579.47926,0.15330
7575.62202,0.15363
7571.76478,0.15376
7567.90754,0.15380
7564.05030,0.15387
7560.19306,0.15405
7556.33582,0.15447
7552.47858,0.15505
7548.62133,0.15552
7544.76409,0.15576
7540.90685,0.15587
7537.04961,0.15608
7533.19237,0.15647
7529.33513,0.15673
7525.47789,0.15672
7521.62064,0.15669
7517.76340,0.15689
7513.90616,0.15725
7510.04892,0.15764
7506.19168,0.15803
7502.33444,0.15837
7498.47720,0.15856
7494.61996,0.15883
7490.76271,0.15930
7486.90547,0.15980
7483.04823,0.16022
7479.19099,0.16064
7475.33375,0.16111
7471.47651,0.16158
7467.61927,0.16195
7463.76202,0.16243
7459.90478,0.16315
7456.04754,0.16396
7452.19030,0.16468
7448.33306,0.16531
7444.47582,0.16595
7440.61858,0.16672
7436.76133,0.16763
7432.90409,0.16862
7429.04685,0.16970
7425.18961,0.17085
7421.33237,0.17190
7417.47513,0.17275
7413.61789,0.17351
7409.76065,0.17427
7405.90340,0.17517
7402.04616,0.17625
7398.18892,0.17730
7394.33168,0.17825
7390.47444,0.17924
7386.61720,0.18030
7382.75996,0.18139
7378.90271,0.18251
7375.04547,0.18362
7371.18823,0.18475
7367.33099,0.18592
7363.47375,0.18703
7359.61651,0.18802
7355.75927,0.18894
7351.90202,0.18989
7348.04478,0.19094
7344.18754,0.19193
7340.33030,0.19270
7336.47306,0.19334
7332.61582,0.19397
7328.75858,0.19454
7324.90134,0.19508
7321.04409,0.19566
7317.18685,0.19625
7313.32961,0.19671
7309.47237,0.19692
7305.61513,0.19703
7301.75789,0.19729
7297.90065,0.19768
7294.04340,0.19810
7290.18616,0.19846
7286.32892,0.19870
7282.47168,0.19891
7278.61444,0.19917
7274.75720,0.19946
7270.89996,0.19975
7267.04272,0.20011
7263.18547,0.20058
7259.32823,0.20109
7255.47099,0.20154
7251.61375,0.20193
7247.75651,0.20223
7243.89927,0.20232
7240.04203,0.20235
7236.18478,0.20257
7232.32754,0.20287
7228.47030,0.20313
7224.61306,0.20346
7220.75582,0.20377
7216.89858,0.20395
7213.04134,0.20417
7209.18409,0.20448
7205.32685,0.20481
7201.46961,0.20515
7197.61237,0.20548
7193.75513,0.20575
7189.89789,0.20605
7186.04065,0.20651
7182.18341,0.20699
7178.32616,0.20743
7174.46892,0.20794
7170.61168,0.20856
7166.75444,0.20926
7162.89720,0.21008
7159.03996,0.21114
7155.18272,0.21234
7151.32547,0.21352
7147.46823,0.21468
7143.61099,0.21589
7139.75375,0.21719
7135.89651,0.21856
7132.03927,0.21989
7128.18203,0.22118
7124.32478,0.22253
7120.46754,0.22397
7116.61030,0.22541
7112.75306,0.22681
7108.89582,0.22817
7105.03858,0.22965
7101.18134,0.23129
7097.32410,0.23289
7093.46685,0.23438
7089.60961,0.23596
7085.75237,0.23770
7081.89513,0.23947
7078.03789,0.24122
7074.18065,0.24298
7070.32341,0.24475
7066.46616,0.24661
7062.60892,0.24856
7058.75168,0.25045
7054.89444,0.25222
7051.03720,0.25395
7047.17996,0.25563
7043.32272,0.25735
7039.46548,0.25915
7035.60823,0.26085
7031.75099,0.26238
7027.89375,0.26377
7024.03651,0.26504
7020.17927,0.26632
7016.32203,0.26769
7012.46479,0.26906
7008.60754,0.27029
7004.75030,0.27134
7000.89306,0.27229
6997.03582,0.27331
6993.17858,0.27438
6989.32134,0.27536
6985.46410,0.27635
6981.60685,0.27748
6977.74961,0.27853
6973.89237,0.27935
6970.03513,0.28009
6966.17789,0.28080
6962.32065,0.28141
6958.46341,0.28199
6954.60617,0.28265
6950.74892,0.28329
6946.89168,0.28382
6943.03444,0.28432
6939.17720,0.28482
6935.31996,0.28532
6931.46272,0.28589
6927.60548,0.28655
6923.74823,0.28718
6919.89099,0.28762
6916.03375,0.28797
6912.17651,0.28845
6908.31927,0.28907
6904.46203,0.28961
6900.60479,0.29008
6896.74754,0.29057
6892.89030,0.29112
6889.03306,0.29168
6885.17582,0.29225
6881.31858,0.29287
6877.46134,0.29354
6873.60410,0.29418
6869.74686,0.29481
6865.88961,0.29549
6862.03237,0.29627
6858.17513,0.29710
6854.31789,0.29781
6850.46065,0.29839
6846.60341,0.29902
6842.74617,0.29977
6838.88892,0.30061
6835.03168,0.30142
6831.17444,0.30219
6827.31720,0.30304
6823.45996,0.30394
6819.60272,0.30479
6815.74548,0.30566
6811.88824,0.30657
6808.03099,0.30746
6804.17375,0.30830
6800.31651,0.30918
6796.45927,0.31007
6792.60203,0.31093
6788.74479,0.31180
6784.88755,0.31266
6781.03030,0.31346
6777.17306,0.31423
6773.31582,0.31502
6769.45858,0.31579
6765.60134,0.31645
6761.74410,0.31704
6757.88686,0.31761
6754.02961,0.31813
6750.17237,0.31856
6746.31513,0.31891
6742.45789,0.31917
6738.60065,0.31936
6734.74341,0.31949
6730.88617,0.31958
6727.02893,0.31971
6723.17168,0.31993
6719.31444,0.32009
6715.45720,0.32012
6711.59996,0.32013
6707.74272,0.32010
6703.88548,0.32002
6700.02824,0.31995
6696.17099,0.31989
6692.31375,0.31982
6688.45651,0.31980
6684.59927,0.31977
6680.74203,0.31957
6676.88479,0.31927
6673.02755,0.31899
6669.17030,0.31867
6665.31306,0.31825
6661.45582,0.31786
6657.59858,0.31756
6653.74134,0.31724
6649.88410,0.31678
6646.02686,0.31624
6642.16962,0.31569
6638.31237,0.31519
6634.45513,0.31469
6630.59789,0.31417
6626.74065,0.31365
6622.88341,0.31313
6619.02617,0.31260
6615.16893,0.31201
6611.31168,0.31143
6607.45444,0.31092
6603.59720,0.31037
6599.73996,0.30979
6595.88272,0.30932
6592.02548,0.30900
6588.16824,0.30872
6584.31100,0.30841
6580.45375,0.30812
6576.59651,0.30791
6572.73927,0.30774
6568.88203,0.30762
6565.02479,0.30766
6561.16755,0.30784
6557.31031,0.30796
6553.45306,0.30799
6549.59582,0.30803
6545.73858,0.30806
6541.88134,0.30808
6538.02410,0.30820
6534.16686,0.30838
6530.30962,0.30850
6526.45237,0.30860
6522.59513,0.30875
6518.73789,0.30885
6514.88065,0.30892
6511.02341,0.30907
6507.16617,0.30929
6503.30893,0.30944
6499.45169,0.30952
6495.59444,0.30952
6491.73720,0.30948
6487.87996,0.30944
6484.02272,0.30933
6480.16548,0.30910
6476.30824,0.30885
6472.45100,0.30872
6468.59375,0.30868
6464.73651,0.30861
6460.87927,0.30840
6457.02203,0.30809
6453.16479,0.30773
6449.30755,0.30743
6445.45031,0.30720
6441.59306,0.30691
6437.73582,0.30650
6433.87858,0.30603
6430.02134,0.30559
6426.16410,0.30519
6422.30686,0.30482
6418.44962,0.30445
6414.59238,0.30401
6410.73513,0.30355
6406.87789,0.30319
6403.02065,0.30298
6399.16341,0.30287
6395.30617,0.30271
6391.44893,0.30252
6387.59169,0.30233
6383.73444,0.30214
6379.87720,0.30198
6376.01996,0.30182
6372.16272,0.30156
6368.30548,0.30128
6364.44824,0.30107
6360.59100,0.30085
6356.73376,0.30059
6352.87651,0.30035
6349.01927,0.30017
6345.16203,0.30006
6341.30479,0.30002
6337.44755,0.30001
6333.59031,0.29997
6329.73307,0.29989
6325.87582,0.29976
6322.01858,0.29962
6318.16134,0.29955
6314.30410,0.29954
6310.44686,0.29943
6306.58962,0.29921
6302.73238,0.29899
6298.87513,0.29876
6295.01789,0.29842
6291.16065,0.29794
6287.30341,0.29733
6283.44617,0.29664
6279.58893,0.29584
6275.73169,0.29499
6271.87445,0.29416
6268.01720,0.29338
6264.15996,0.29258
6260.30272,0.29173
6256.44548,0.29083
6252.58824,0.28992
6248.73100,0.28892
6244.87376,0.28783
6241.01651,0.28670
6237.15927,0.28559
6233.30203,0.28453
6229.44479,0.28348
6225.58755,0.28238
6221.73031,0.28133
6217.87307,0.28054
6214.01582,0.28007
6210.15858,0.27975
6206.30134,0.27948
6202.44410,0.27928
6198.58686,0.27910
6194.72962,0.27867
6190.87238,0.27781
6187.01514,0.27657
6183.15789,0.27517
6179.30065,0.27381
6175.44341,0.27262
6171.58617,0.27164
6167.72893,0.27087
6163.87169,0.27034
6160.01445,0.27008
6156.15720,0.27009
6152.29996,0.27025
6148.44272,0.27040
6144.58548,0.27040
6140.72824,0.27014
6136.87100,0.26963
6133.01376,0.26911
6129.15652,0.26879
6125.29927,0.26880
6121.44203,0.26931
6117.58479,0.27044
6113.72755,0.27225
6109.87031,0.27469
6106.01307,0.27770
6102.15583,0.28106
6098.29858,0.28469
6094.44134,0.28862
6090.58410,0.29266
6086.72686,0.29645
6082.86962,0.29989
6079.01238,0.30317
6075.15514,0.30671
6071.29789,0.31102
6067.44065,0.31625
6063.58341,0.32191
6059.72617,0.32738
6055.86893,0.33232
6052.01169,0.33669
6048.15445,0.34062
6044.29721,0.34436
6040.43996,0.34836
6036.58272,0.35295
6032.72548,0.35792
6028.86824,0.36261
6025.01100,0.36630
6021.15376,0.36834
6017.29652,0.36825
6013.43927,0.36578
6009.58203,0.36110
6005.72479,0.35482
6001.86755,0.34778
5998.01031,0.34079
5994.15307,0.33457
5990.29583,0.32961
5986.43858,0.32599
5982.58134,0.32337
5978.72410,0.32122
5974.86686,0.31890
5971.00962,0.31598
5967.15238,0.31263
5963.29514,0.30944
5959.43790,0.30699
5955.58065,0.30547
5951.72341,0.30472
5947.86617,0.30442
5944.00893,0.30406
5940.15169,0.30302
5936.29445,0.30092
5932.43721,0.29787
5928.57996,0.29429
5924.72272,0.29063
5920.86548,0.28723
5917.00824,0.28429
5913.15100,0.28193
5909.29376,0.28020
5905.43652,0.27922
5901.57927,0.27922
5897.72203,0.28024
5893.86479,0.28200
5890.00755,0.28422
5886.15031,0.28675
5882.29307,0.28935
5878.43583,0.29175
5874.57859,0.29381
5870.72134,0.29553
5866.86410,0.29682
5863.00686,0.29751
5859.14962,0.29752
5855.29238,0.29698
5851.43514,0.29619
5847.57790,0.29547
5843.72065,0.29499
5839.86341,0.29465
5836.00617,0.29444
5832.14893,0.29441
5828.29169,0.29453
5824.43445,0.29475
5820.57721,0.29503
5816.71997,0.29528
5812.86272,0.29548
5809.00548,0.29556
5805.14824,0.29548
5801.29100,0.29529
5797.43376,0.29508
5793.57652,0.29491
5789.71928,0.29478
5785.86203,0.29468
5782.00479,0.29454
5778.14755,0.29422
5774.29031,0.29371
5770.43307,0.29314
5766.57583,0.29249
5762.71859,0.29165
5758.86134,0.29057
5755.00410,0.28931
5751.14686,0.28790
5747.28962,0.28639
5743.43238,0.28487
5739.57514,0.28342
5735.71790,0.28212
5731.86066,0.28107
5728.00341,0.28026
5724.14617,0.27972
5720.28893,0.27953
5716.43169,0.27967
5712.57445,0.27992
5708.71721,0.28013
5704.85997,0.28027
5701.00272,0.28025
5697.14548,0.28007
5693.28824,0.27984
5689.43100,0.27962
5685.57376,0.27944
5681.71652,0.27931
5677.85928,0.27935
5674.00203,0.27957
5670.14479,0.27990
5666.28755,0.28031
5662.43031,0.28079
5658.57307,0.28124
5654.71583,0.28156
5650.85859,0.28160
5647.00135,0.28129
5643.14410,0.28069
5639.28686,0.27994
5635.42962,0.27916
5631.57238,0.27848
5627.71514,0.27788
5623.85790,0.27732
5620.00066,0.27687
5616.14341,0.27662
5612.28617,0.27654
5608.42893,0.27654
5604.57169,0.27664
5600.71445,0.27681
5596.85721,0.27706
5592.99997,0.27741
5589.14273,0.27782
5585.28548,0.27822
5581.42824,0.27862
5577.57100,0.27907
5573.71376,0.27956
5569.85652,0.27992
5565.99928,0.28009
5562.14204,0.28017
5558.28479,0.28019
5554.42755,0.28010
5550.57031,0.27997
5546.71307,0.27991
5542.85583,0.27994
5538.99859,0.27996
5535.14135,0.27990
5531.28410,0.27978
5527.42686,0.27965
5523.56962,0.27944
5519.71238,0.27914
5515.85514,0.27881
5511.99790,0.27852
5508.14066,0.27836
5504.28342,0.27842
5500.42617,0.27869
5496.56893,0.27913
5492.71169,0.27962
5488.85445,0.28007
5484.99721,0.28046
5481.13997,0.28067
5477.28273,0.28062
5473.42548,0.28031
5469.56824,0.27985
5465.71100,0.27921
5461.85376,0.27833
5457.99652,0.27729
5454.13928,0.27620
5450.28204,0.27499
5446.42479,0.27362
5442.56755,0.27216
5438.71031,0.27071
5434.85307,0.26938
5430.99583,0.26819
5427.13859,0.26707
5423.28135,0.26608
5419.42411,0.26533
5415.56686,0.26482
5411.70962,0.26443
5407.85238,0.26410
5403.99514,0.26387
5400.13790,0.26368
5396.28066,0.26349
5392.42342,0.26327
5388.56617,0.26314
5384.70893,0.26321
5380.85169,0.26345
5376.99445,0.26375
5373.13721,0.26405
5369.27997,0.26443
5365.42273,0.26494
5361.56549,0.26561
5357.70824,0.26633
5353.85100,0.26700
5349.99376,0.26760
5346.13652,0.26815
5342.27928,0.26871
5338.42204,0.26932
5334.56480,0.26998
5330.70755,0.27078
5326.85031,0.27181
5322.99307,0.27315
5319.13583,0.27482
5315.27859,0.27685
5311.42135,0.27923
5307.56411,0.28200
5303.70686,0.28514
5299.84962,0.28854
5295.99238,0.29233
5292.13514,0.29664
5288.27790,0.30149
5284.42066,0.30677
5280.56342,0.31259
5276.70618,0.31893
5272.84893,0.32547
5268.99169,0.33212
5265.13445,0.33892
5261.27721,0.34550
5257.41997,0.35130
5253.56273,0.35644
5249.70549,0.36118
5245.84824,0.36562
5241.99100,0.36960
5238.13376,0.37297
5234.27652,0.37589
5230.41928,0.37853
5226.56204,0.38092
5222.70480,0.38300
5218.84755,0.38475
5214.99031,0.38623
5211.13307,0.38754
5207.27583,0.38874
5203.41859,0.38978
5199.56135,0.39061
5195.70411,0.39120
5191.84687,0.39162
5187.98962,0.39193
5184.13238,0.39218
5180.27514,0.39234
5176.41790,0.39228
5172.56066,0.39204
5168.70342,0.39179
5164.84618,0.39149
5160.98893,0.39104
5157.13169,0.39045
5153.27445,0.38980
5149.41721,0.38913
5145.55997,0.38848
5141.70273,0.38779
5137.84549,0.38698
5133.98825,0.38615
5130.13100,0.38538
5126.27376,0.38464
5122.41652,0.38371
5118.55928,0.38231
5114.70204,0.38033
5110.84480,0.37782
5106.98756,0.37494
5103.13031,0.37198
5099.27307,0.36917
5095.41583,0.36655
5091.55859,0.36416
5087.70135,0.36191
5083.84411,0.35968
5079.98687,0.35752
5076.12962,0.35551
5072.27238,0.35364
5068.41514,0.35184
5064.55790,0.35009
5060.70066,0.34845
5056.84342,0.34696
5052.98618,0.34552
5049.12894,0.34411
5045.27169,0.34277
5041.41445,0.34150
5037.55721,0.34030
5033.69997,0.33919
5029.84273,0.33813
5025.98549,0.33706
5022.12825,0.33600
5018.27100,0.33506
5014.41376,0.33426
5010.55652,0.33347
5006.69928,0.33263
5002.84204,0.33176
4998.98480,0.33095
4995.12756,0.33027
4991.27031,0.32972
4987.41307,0.32934
4983.55583,0.32911
4979.69859,0.32901
4975.84135,0.32904
4971.98411,0.32931
4968.12687,0.32988
4964.26963,0.33074
4960.41238,0.33183
4956.55514,0.33309
4952.69790,0.33452
4948.84066,0.33614
4944.98342,0.33791
4941.12618,0.33978
4937.26894,0.34176
4933.41169,0.34388
4929.55445,0.34616
4925.69721,0.34862
4921.83997,0.35124
4917.98273,0.35402
4914.12549,0.35702
4910.26825,0.36020
4906.41101,0.36343
4902.55376,0.36670
4898.69652,0.37011
4894.83928,0.37375
4890.98204,0.37760
4887.12480,0.38149
4883.26756,0.38533
4879.41032,0.38919
4875.55307,0.39312
4871.69583,0.39701
4867.83859,0.40073
4863.98135,0.40423
4860.12411,0.40755
4856.26687,0.41079
4852.40963,0.41414
4848.55238,0.41768
4844.69514,0.42145
4840.83790,0.42542
4836.98066,0.42957
4833.12342,0.43386
4829.26618,0.43816
4825.40894,0.44236
4821.55170,0.44635
4817.69445,0.45007
4813.83721,0.45352
4809.97997,0.45677
4806.12273,0.45971
4802.26549,0.46226
4798.40825,0.46443
4794.55101,0.46621
4790.69376,0.46759
4786.83652,0.46861
4782.97928,0.46934
4779.12204,0.46989
4775.26480,0.47046
4771.40756,0.47122
4767.55032,0.47228
4763.69307,0.47365
4759.83583,0.47531
4755.97859,0.47721
4752.12135,0.47928
4748.26411,0.48124
4744.40687,0.48291
4740.54963,0.48445
4736.69239,0.48611
4732.83514,0.48808
4728.97790,0.49051
4725.12066,0.49322
4721.26342,0.49533
4717.40618,0.49615
4713.54894,0.49601
4709.69170,0.49606
4705.83445,0.49737
4701.97721,0.50037
4698.11997,0.50438
4694.26273,0.50770
4690.40549,0.50850
4686.54825,0.50586
4682.69101,0.50007
4678.83377,0.49234
4674.97652,0.48425
4671.11928,0.47726
4667.26204,0.47212
4663.40480,0.46873
4659.54756,0.46665
4655.69032,0.46566
4651.83308,0.46602
4647.97583,0.46811
4644.11859,0.47163
4640.26135,0.47526
4636.40411,0.47716
4632.54687,0.47566
4628.68963,0.47008
4624.83239,0.46154
4620.97514,0.45239
4617.11790,0.44457
4613.26066,0.43882
4609.40342,0.43510
4605.54618,0.43325
4601.68894,0.43326
4597.83170,0.43478
4593.97446,0.43682
4590.11721,0.43847
4586.25997,0.43967
4582.40273,0.44017
4578.54549,0.43865
4574.68825,0.43398
4570.83101,0.42687
4566.97377,0.41939
4563.11652,0.41335
4559.25928,0.40928
4555.40204,0.40679
4551.54480,0.40528
4547.68756,0.40426
4543.83032,0.40333
4539.97308,0.40247
4536.11583,0.40186
4532.25859,0.40161
4528.40135,0.40178
4524.54411,0.40245
4520.68687,0.40363
4516.82963,0.40536
4512.97239,0.40781
4509.11515,0.41134
4505.25790,0.41623
4501.40066,0.42252
4497.54342,0.42997
4493.68618,0.43783
4489.82894,0.44487
4485.97170,0.45043
4482.11446,0.45510
4478.25721,0.46024
4474.39997,0.46713
4470.54273,0.47663
4466.68549,0.48871
4462.82825,0.50159
4458.97101,0.51233
4455.11377,0.51925
4451.25653,0.52360
4447.39928,0.52791
4443.54204,0.53325
4439.68480,0.53888
4435.82756,0.54351
4431.97032,0.54605
4428.11308,0.54602
4424.25584,0.54403
4420.39859,0.54179
4416.54135,0.54101
4412.68411,0.54238
4408.82687,0.54515
4404.96963,0.54755
4401.11239,0.54797
4397.25515,0.54590
4393.39790,0.54201
4389.54066,0.53744
4385.68342,0.53311
4381.82618,0.52949
4377.96894,0.52675
4374.11170,0.52493
4370.25446,0.52417
4366.39722,0.52451
4362.53997,0.52568
4358.68273,0.52720
4354.82549,0.52876
4350.96825,0.53045
4347.11101,0.53268
4343.25377,0.53558
4339.39653,0.53865
4335.53928,0.54141
4331.68204,0.54386
4327.82480,0.54635
4323.96756,0.54905
4320.11032,0.55199
4316.25308,0.55542
4312.39584,0.55962
4308.53859,0.56444
4304.68135,0.56956
4300.82411,0.57458
4296.96687,0.57902
4293.10963,0.58241
4289.25239,0.58453
4285.39515,0.58547
4281.53791,0.58564
4277.68066,0.58544
4273.82342,0.58478
4269.96618,0.58338
4266.10894,0.58137
4262.25170,0.57929
4258.39446,0.57782
4254.53722,0.57735
4250.67997,0.57745
4246.82273,0.57740
4242.96549,0.57678
4239.10825,0.57546
4235.25101,0.57381
4231.39377,0.57245
4227.53653,0.57144
4223.67929,0.57020
4219.82204,0.56823
4215.96480,0.56572
4212.10756,0.56321
4208.25032,0.56088
4204.39308,0.55869
4200.53584,0.55682
4196.67860,0.55571
4192.82135,0.55596
4188.96411,0.55792
4185.10687,0.56135
4181.24963,0.56503
4177.39239,0.56685
4173.53515,0.56522
4169.67791,0.56056
4165.82066,0.55490
4161.96342,0.55018
4158.10618,0.54729
4154.24894,0.54627
4150.39170,0.54685
4146.53446,0.54877
4142.67722,0.55175
4138.81998,0.55536
4134.96273,0.55899
4131.10549,0.56218
4127.24825,0.56511
4123.39101,0.56839
4119.53377,0.57249
4115.67653,0.57766
4111.81929,0.58426
4107.96204,0.59280
4104.10480,0.60370
4100.24756,0.61750
4096.39032,0.63346
4092.53308,0.64731
4088.67584,0.65381
4084.81860,0.65203
4080.96135,0.64504
4077.10411,0.63647
4073.24687,0.62931
4069.38963,0.62523
4065.53239,0.62412
4061.67515,0.62514
4057.81791,0.62765
4053.96067,0.63114
4050.10342,0.63499
4046.24618,0.63862
4042.38894,0.64160
4038.53170,0.64378
4034.67446,0.64548
4030.81722,0.64694
4026.95998,0.64801
4023.10273,0.64847
4019.24549,0.64827
4015.38825,0.64740
4011.53101,0.64596
4007.67377,0.64406
4003.81653,0.64166
3999.95929,0.63878
3996.10205,0.63560
3992.24480,0.63248
3988.38756,0.62972
3984.53032,0.62744
3980.67308,0.62562
3976.81584,0.62399
3972.95860,0.62219
3969.10136,0.62003
3965.24411,0.61756
3961.38687,0.61478
3957.52963,0.61181
3953.67239,0.60887
3949.81515,0.60595
3945.95791,0.60301
3942.10067,0.60027
3938.24342,0.59777
3934.38618,0.59517
3930.52894,0.59236
3926.67170,0.58992
3922.81446,0.58790
3918.95722,0.58582
3915.09998,0.58366
3911.24274,0.58163
3907.38549,0.57931
3903.52825,0.57590
3899.67101,0.57197
3895.81377,0.56893
3891.95653,0.56647
3888.09929,0.56412
3884.24205,0.56203
3880.38480,0.56046
3876.52756,0.55905
3872.67032,0.55681
3868.81308,0.55342
3864.95584,0.54980
3861.09860,0.54679
3857.24136,0.54395
3853.38411,0.54062
3849.52687,0.53832
3845.66963,0.53716
3841.81239,0.53576
3837.95515,0.53435
3834.09791,0.53378
3830.24067,0.53368
3826.38343,0.53380
3822.52618,0.53451
3818.66894,0.53653
3814.81170,0.53938
3810.95446,0.54168
3807.09722,0.54282
3803.23998,0.54250
3799.38274,0.54101
3795.52549,0.53955
3791.66825,0.53879
3787.81101,0.53871
3783.95377,0.53932
3780.09653,0.54070
3776.23929,0.54264
3772.38205,0.54489
3768.52481,0.54772
3764.66756,0.55097
3760.81032,0.55374
3756.95308,0.55514
3753.09584,0.55453
3749.23860,0.55275
3745.38136,0.55266
3741.52412,0.55488
3737.66687,0.55848
3733.80963,0.56320
3729.95239,0.56714
3726.09515,0.56975
3722.23791,0.57282
3718.38067,0.57713
3714.52343,0.58283
3710.66618,0.59110
3706.80894,0.60115
3702.95170,0.61242
3699.09446,0.62611
3695.23722,0.64162
3691.37998,0.66150
3687.52274,0.68574
3683.66550,0.70412
3679.80825,0.71776
3675.95101,0.73496
3672.09377,0.75927
3668.23653,0.78471
3664.37929,0.80687
3660.52205,0.82774
3656.66481,0.84901
3652.80756,0.87058
3648.95032,0.89580
3645.09308,0.92235
3641.23584,0.94163
3637.37860,0.95632
3633.52136,0.96983
3629.66412,0.98616
3625.80687,1.00546
3621.94963,1.01990
3618.09239,1.03073
3614.23515,1.03985
3610.37791,1.05009
3606.52067,1.06296
3602.66343,1.07806
3598.80619,1.09668
