12493.60475,0.10913
12489.74751,0.10795
12485.89027,0.10925
12482.03303,0.11046
12478.17579,0.10843
12474.31855,0.10424
12470.46130,0.10149
12466.60406,0.10299
12462.74682,0.10697
12458.88958,0.10927
12455.03234,0.10849
12451.17510,0.10604
12447.31786,0.10431
12443.46062,0.10479
12439.60337,0.10645
12435.74613,0.10727
12431.88889,0.10696
12428.03165,0.10677
12424.17441,0.10646
12420.31717,0.10454
12416.45993,0.10340
12412.60268,0.10510
12408.74544,0.10595
12404.88820,0.10597
12401.03096,0.10942
12397.17372,0.11413
12393.31648,0.11382
12389.45924,0.10916
12385.60199,0.10718
12381.74475,0.10909
12377.88751,0.11055
12374.03027,0.11002
12370.17303,0.10762
12366.31579,0.10511
12362.45855,0.10569
12358.60131,0.10867
12354.74406,0.11006
12350.88682,0.10968
12347.02958,0.11018
12343.17234,0.10965
12339.31510,0.10587
12335.45786,0.10213
12331.60062,0.10157
12327.74337,0.10384
12323.88613,0.10729
12320.02889,0.11029
12316.17165,0.11115
12312.31441,0.10927
12308.45717,0.10687
12304.59993,0.10666
12300.74268,0.10876
12296.88544,0.11031
12293.02820,0.10896
12289.17096,0.10610
12285.31372,0.10461
12281.45648,0.10484
12277.59924,0.10420
12273.74200,0.10285
12269.88475,0.10456
12266.02751,0.10847
12262.17027,0.11045
12258.31303,0.11082
12254.45579,0.11173
12250.59855,0.11161
12246.74131,0.10898
12242.88406,0.10660
12239.02682,0.10661
12235.16958,0.10696
12231.31234,0.10647
12227.45510,0.10598
12223.59786,0.10465
12219.74062,0.10359
12215.88338,0.10622
12212.02613,0.11070
12208.16889,0.11219
12204.31165,0.11055
12200.45441,0.10796
12196.59717,0.10504
12192.73993,0.10304
12188.88269,0.10329
12185.02544,0.10497
12181.16820,0.10658
12177.31096,0.10719
12173.45372,0.10761
12169.59648,0.10884
12165.73924,0.10995
12161.88200,0.11063
12158.02475,0.11033
12154.16751,0.10750
12150.31027,0.10361
12146.45303,0.10241
12142.59579,0.10444
12138.73855,0.10674
12134.88131,0.10722
12131.02407,0.10620
12127.16682,0.10515
12123.30958,0.10493
12119.45234,0.10520
12115.59510,0.10575
12111.73786,0.10632
12107.88062,0.10652
12104.02338,0.10619
12100.16613,0.10581
12096.30889,0.10647
12092.45165,0.10871
12088.59441,0.11091
12084.73717,0.11030
12080.87993,0.10827
12077.02269,0.10834
12073.16544,0.10915
12069.30820,0.10844
12065.45096,0.10725
12061.59372,0.10641
12057.73648,0.10566
12053.87924,0.10504
12050.02200,0.10495
12046.16476,0.10590
12042.30751,0.10719
12038.45027,0.10778
12034.59303,0.10870
12030.73579,0.11070
12026.87855,0.11152
12023.02131,0.10971
12019.16407,0.10739
12015.30682,0.10658
12011.44958,0.10661
12007.59234,0.10629
12003.73510,0.10604
11999.87786,0.10690
11996.02062,0.10885
11992.16338,0.11101
11988.30614,0.11226
11984.44889,0.11174
11980.59165,0.10928
11976.73441,0.10683
11972.87717,0.10754
11969.01993,0.11041
11965.16269,0.11148
11961.30545,0.11083
11957.44820,0.10990
11953.59096,0.10820
11949.73372,0.10739
11945.87648,0.10942
11942.01924,0.11238
11938.16200,0.11315
11934.30476,0.11165
11930.44751,0.11032
11926.59027,0.11023
11922.73303,0.11118
11918.87579,0.11317
11915.01855,0.11449
11911.16131,0.11338
11907.30407,0.11141
11903.44683,0.11093
11899.58958,0.11124
11895.73234,0.11046
11891.87510,0.10928
11888.01786,0.10901
11884.16062,0.10930
11880.30338,0.11004
11876.44614,0.11136
11872.58889,0.11230
11868.73165,0.11301
11864.87441,0.11409
11861.01717,0.11413
11857.15993,0.11246
11853.30269,0.11080
11849.44545,0.11072
11845.58820,0.11209
11841.73096,0.11350
11837.87372,0.11394
11834.01648,0.11354
11830.15924,0.11334
11826.30200,0.11405
11822.44476,0.11473
11818.58752,0.11453
11814.73027,0.11392
11810.87303,0.11322
11807.01579,0.11216
11803.15855,0.11127
11799.30131,0.11178
11795.44407,0.11376
11791.58683,0.11526
11787.72958,0.11434
11783.87234,0.11193
11780.01510,0.11077
11776.15786,0.11154
11772.30062,0.11249
11768.44338,0.11244
11764.58614,0.11240
11760.72890,0.11338
11756.87165,0.11459
11753.01441,0.11476
11749.15717,0.11387
11745.29993,0.11315
11741.44269,0.11319
11737.58545,0.11319
11733.72821,0.11299
11729.87096,0.11326
11726.01372,0.11406
11722.15648,0.11426
11718.29924,0.11359
11714.44200,0.11308
11710.58476,0.11285
11706.72752,0.11286
11702.87027,0.11328
11699.01303,0.11422
11695.15579,0.11554
11691.29855,0.11574
11687.44131,0.11489
11683.58407,0.11469
11679.72683,0.11529
11675.86959,0.11618
11672.01234,0.11662
11668.15510,0.11648
11664.29786,0.11633
11660.44062,0.11579
11656.58338,0.11495
11652.72614,0.11450
11648.86890,0.11408
11645.01165,0.11316
11641.15441,0.11216
11637.29717,0.11226
11633.43993,0.11304
11629.58269,0.11293
11625.72545,0.11307
11621.86821,0.11437
11618.01096,0.11417
11614.15372,0.11208
11610.29648,0.11140
11606.43924,0.11269
11602.58200,0.11328
11598.72476,0.11258
11594.86752,0.11165
11591.01028,0.11169
11587.15303,0.11313
11583.29579,0.11406
11579.43855,0.11380
11575.58131,0.11377
11571.72407,0.11438
11567.86683,0.11514
11564.00959,0.11440
11560.15234,0.11218
11556.29510,0.11222
11552.43786,0.11514
11548.58062,0.11636
11544.72338,0.11405
11540.86614,0.11218
11537.00890,0.11428
11533.15166,0.11744
11529.29441,0.11628
11525.43717,0.11218
11521.57993,0.11082
11517.72269,0.11284
11513.86545,0.11395
11510.00821,0.11260
11506.15097,0.11234
11502.29372,0.11423
11498.43648,0.11402
11494.57924,0.11097
11490.72200,0.10981
11486.86476,0.11231
11483.00752,0.11437
11479.15028,0.11314
11475.29303,0.11129
11471.43579,0.11117
11467.57855,0.11130
11463.72131,0.11029
11459.86407,0.10881
11456.00683,0.10848
11452.14959,0.10952
11448.29235,0.10992
11444.43510,0.10847
11440.57786,0.10706
11436.72062,0.10770
11432.86338,0.10949
11429.00614,0.11059
11425.14890,0.11034
11421.29166,0.10961
11417.43441,0.10931
11413.57717,0.10901
11409.71993,0.10863
11405.86269,0.10830
11402.00545,0.10777
11398.14821,0.10746
11394.29097,0.10770
11390.43372,0.10800
11386.57648,0.10791
11382.71924,0.10797
11378.86200,0.10807
11375.00476,0.10722
11371.14752,0.10625
11367.29028,0.10612
11363.43304,0.10665
11359.57579,0.10782
11355.71855,0.10849
11351.86131,0.10788
11348.00407,0.10767
11344.14683,0.10876
11340.28959,0.10990
11336.43235,0.11028
11332.57510,0.10980
11328.71786,0.10917
11324.86062,0.10961
11321.00338,0.11039
11317.14614,0.10944
11313.28890,0.10700
11309.43166,0.10511
11305.57442,0.10467
11301.71717,0.10568
11297.85993,0.10732
11294.00269,0.10820
11290.14545,0.10884
11286.28821,0.11025
11282.43097,0.11156
11278.57373,0.11227
11274.71648,0.11310
11270.85924,0.11299
11267.00200,0.11094
11263.14476,0.10944
11259.28752,0.10944
11255.43028,0.10884
11251.57304,0.10772
11247.71579,0.10702
11243.85855,0.10607
11240.00131,0.10578
11236.14407,0.10690
11232.28683,0.10756
11228.42959,0.10738
11224.57235,0.10751
11220.71511,0.10792
11216.85786,0.10848
11213.00062,0.10926
11209.14338,0.10964
11205.28614,0.10916
11201.42890,0.10871
11197.57166,0.10873
11193.71442,0.10891
11189.85717,0.10976
11185.99993,0.11051
11182.14269,0.10965
11178.28545,0.10795
11174.42821,0.10715
11170.57097,0.10737
11166.71373,0.10754
11162.85648,0.10715
11158.99924,0.10712
11155.14200,0.10824
11151.28476,0.10896
11147.42752,0.10818
11143.57028,0.10797
11139.71304,0.10919
11135.85580,0.10951
11131.99855,0.10806
11128.14131,0.10712
11124.28407,0.10779
11120.42683,0.10866
11116.56959,0.10904
11112.71235,0.10948
11108.85511,0.10992
11104.99786,0.10992
11101.14062,0.10957
11097.28338,0.10940
11093.42614,0.10974
11089.56890,0.11010
11085.71166,0.10998
11081.85442,0.10964
11077.99718,0.10946
11074.13993,0.10994
11070.28269,0.11104
11066.42545,0.11156
11062.56821,0.11093
11058.71097,0.10994
11054.85373,0.10934
11050.99649,0.10940
11047.13924,0.10994
11043.28200,0.11035
11039.42476,0.11038
11035.56752,0.11031
11031.71028,0.11025
11027.85304,0.11023
11023.99580,0.11039
11020.13855,0.11078
11016.28131,0.11131
11012.42407,0.11168
11008.56683,0.11160
11004.70959,0.11118
11000.85235,0.11074
10996.99511,0.11067
10993.13787,0.11110
10989.28062,0.11175
10985.42338,0.11183
10981.56614,0.11038
10977.70890,0.10856
10973.85166,0.10855
10969.99442,0.10993
10966.13718,0.11045
10962.27993,0.10963
10958.42269,0.10937
10954.56545,0.11033
10950.70821,0.11073
10946.85097,0.11018
10942.99373,0.10971
10939.13649,0.10952
10935.27924,0.10990
10931.42200,0.11087
10927.56476,0.11155
10923.70752,0.11130
10919.85028,0.11005
10915.99304,0.10841
10912.13580,0.10753
10908.27856,0.10735
10904.42131,0.10742
10900.56407,0.10807
10896.70683,0.10888
10892.84959,0.10905
10888.99235,0.10860
10885.13511,0.10773
10881.27787,0.10737
10877.42062,0.10821
10873.56338,0.10869
10869.70614,0.10771
10865.84890,0.10692
10861.99166,0.10752
10858.13442,0.10824
10854.27718,0.10781
10850.41993,0.10726
10846.56269,0.10763
10842.70545,0.10767
10838.84821,0.10691
10834.99097,0.10664
10831.13373,0.10712
10827.27649,0.10780
10823.41925,0.10803
10819.56200,0.10752
10815.70476,0.10703
10811.84752,0.10698
10807.99028,0.10717
10804.13304,0.10704
10800.27580,0.10600
10796.41856,0.10506
10792.56131,0.10571
10788.70407,0.10725
10784.84683,0.10815
10780.98959,0.10796
10777.13235,0.10722
10773.27511,0.10661
10769.41787,0.10624
10765.56063,0.10593
10761.70338,0.10574
10757.84614,0.10598
10753.98890,0.10652
10750.13166,0.10667
10746.27442,0.10634
10742.41718,0.10619
10738.55994,0.10639
10734.70269,0.10637
10730.84545,0.10615
10726.98821,0.10643
10723.13097,0.10672
10719.27373,0.10630
10715.41649,0.10609
10711.55925,0.10693
10707.70200,0.10780
10703.84476,0.10768
10699.98752,0.10712
10696.13028,0.10675
10692.27304,0.10633
10688.41580,0.10594
10684.55856,0.10621
10680.70132,0.10701
10676.84407,0.10730
10672.98683,0.10668
10669.12959,0.10598
10665.27235,0.10603
10661.41511,0.10683
10657.55787,0.10739
10653.70063,0.10662
10649.84338,0.10501
10645.98614,0.10419
10642.12890,0.10458
10638.27166,0.10519
10634.41442,0.10555
10630.55718,0.10606
10626.69994,0.10662
10622.84269,0.10681
10618.98545,0.10677
10615.12821,0.10682
10611.27097,0.10674
10607.41373,0.10611
10603.55649,0.10555
10599.69925,0.10569
10595.84201,0.10583
10591.98476,0.10568
10588.12752,0.10570
10584.27028,0.10568
10580.41304,0.10522
10576.55580,0.10494
10572.69856,0.10544
10568.84132,0.10577
10564.98407,0.10505
10561.12683,0.10394
10557.26959,0.10347
10553.41235,0.10381
10549.55511,0.10442
10545.69787,0.10461
10541.84063,0.10422
10537.98339,0.10368
10534.12614,0.10345
10530.26890,0.10381
10526.41166,0.10415
10522.55442,0.10352
10518.69718,0.10258
10514.83994,0.10256
10510.98270,0.10324
10507.12545,0.10363
10503.26821,0.10345
10499.41097,0.10318
10495.55373,0.10327
10491.69649,0.10342
10487.83925,0.10306
10483.98201,0.10254
10480.12476,0.10259
10476.26752,0.10313
10472.41028,0.10354
10468.55304,0.10319
10464.69580,0.10225
10460.83856,0.10163
10456.98132,0.10196
10453.12408,0.10273
10449.26683,0.10320
10445.40959,0.10344
10441.55235,0.10352
10437.69511,0.10315
10433.83787,0.10263
10429.98063,0.10259
10426.12339,0.10280
10422.26614,0.10279
10418.40890,0.10282
10414.55166,0.10304
10410.69442,0.10299
10406.83718,0.10256
10402.97994,0.10223
10399.12270,0.10232
10395.26545,0.10264
10391.40821,0.10289
10387.55097,0.10272
10383.69373,0.10203
10379.83649,0.10154
10375.97925,0.10186
10372.12201,0.10255
10368.26477,0.10298
10364.40752,0.10297
10360.55028,0.10280
10356.69304,0.10281
10352.83580,0.10314
10348.97856,0.10362
10345.12132,0.10386
10341.26408,0.10371
10337.40683,0.10335
10333.54959,0.10298
10329.69235,0.10298
10325.83511,0.10332
10321.97787,0.10351
10318.12063,0.10343
10314.26339,0.10351
10310.40615,0.10394
10306.54890,0.10452
10302.69166,0.10502
10298.83442,0.10505
10294.97718,0.10448
10291.11994,0.10408
10287.26270,0.10419
10283.40546,0.10399
10279.54821,0.10340
10275.69097,0.10331
10271.83373,0.10372
10267.97649,0.10392
10264.11925,0.10381
10260.26201,0.10394
10256.40477,0.10436
10252.54752,0.10446
10248.69028,0.10406
10244.83304,0.10378
10240.97580,0.10398
10237.11856,0.10433
10233.26132,0.10465
10229.40408,0.10495
10225.54684,0.10477
10221.68959,0.10420
10217.83235,0.10401
10213.97511,0.10431
10210.11787,0.10476
10206.26063,0.10514
10202.40339,0.10522
10198.54615,0.10505
10194.68890,0.10493
10190.83166,0.10497
10186.97442,0.10499
10183.11718,0.10496
10179.25994,0.10495
10175.40270,0.10483
10171.54546,0.10485
10167.68821,0.10541
10163.83097,0.10602
10159.97373,0.10610
10156.11649,0.10597
10152.25925,0.10590
10148.40201,0.10580
10144.54477,0.10600
10140.68753,0.10648
10136.83028,0.10641
10132.97304,0.10580
10129.11580,0.10561
10125.25856,0.10605
10121.40132,0.10656
10117.54408,0.10679
10113.68684,0.10664
10109.82959,0.10618
10105.97235,0.10597
10102.11511,0.10624
10098.25787,0.10641
10094.40063,0.10622
10090.54339,0.10602
10086.68615,0.10599
10082.82891,0.10615
10078.97166,0.10654
10075.11442,0.10675
10071.25718,0.10643
10067.39994,0.10608
10063.54270,0.10625
10059.68546,0.10683
10055.82822,0.10736
10051.97097,0.10743
10048.11373,0.10726
10044.25649,0.10700
10040.39925,0.10642
10036.54201,0.10585
10032.68477,0.10572
10028.82753,0.10589
10024.97028,0.10615
10021.11304,0.10631
10017.25580,0.10626
10013.39856,0.10637
10009.54132,0.10690
10005.68408,0.10726
10001.82684,0.10693
9997.96960,0.10644
9994.11235,0.10638
9990.25511,0.10642
9986.39787,0.10639
9982.54063,0.10660
9978.68339,0.10694
9974.82615,0.10703
9970.96891,0.10683
9967.11166,0.10683
9963.25442,0.10745
9959.39718,0.10811
9955.53994,0.10795
9951.68270,0.10718
9947.82546,0.10688
9943.96822,0.10730
9940.11097,0.10778
9936.25373,0.10814
9932.39649,0.10837
9928.53925,0.10810
9924.68201,0.10754
9920.82477,0.10740
9916.96753,0.10767
9913.11029,0.10795
9909.25304,0.10815
9905.39580,0.10804
9901.53856,0.10777
9897.68132,0.10778
9893.82408,0.10776
9889.96684,0.10739
9886.10960,0.10708
9882.25235,0.10712
9878.39511,0.10718
9874.53787,0.10706
9870.68063,0.10701
9866.82339,0.10695
9862.96615,0.10683
9859.10891,0.10685
9855.25167,0.10686
9851.39442,0.10667
9847.53718,0.10633
9843.67994,0.10620
9839.82270,0.10641
9835.96546,0.10665
9832.10822,0.10656
9828.25098,0.10633
9824.39373,0.10649
9820.53649,0.10698
9816.67925,0.10726
9812.82201,0.10714
9808.96477,0.10674
9805.10753,0.10661
9801.25029,0.10683
9797.39304,0.10664
9793.53580,0.10608
9789.67856,0.10595
9785.82132,0.10639
9781.96408,0.10677
9778.10684,0.10683
9774.24960,0.10681
9770.39236,0.10666
9766.53511,0.10644
9762.67787,0.10648
9758.82063,0.10670
9754.96339,0.10687
9751.10615,0.10695
9747.24891,0.10686
9743.39167,0.10665
9739.53442,0.10648
9735.67718,0.10637
9731.81994,0.10630
9727.96270,0.10634
9724.10546,0.10635
9720.24822,0.10624
9716.39098,0.10625
9712.53373,0.10643
9708.67649,0.10648
9704.81925,0.10619
9700.96201,0.10560
9697.10477,0.10512
9693.24753,0.10518
9689.39029,0.10572
9685.53305,0.10612
9681.67580,0.10598
9677.81856,0.10550
9673.96132,0.10512
9670.10408,0.10521
9666.24684,0.10568
9662.38960,0.10599
9658.53236,0.10592
9654.67511,0.10561
9650.81787,0.10515
9646.96063,0.10467
9643.10339,0.10425
9639.24615,0.10409
9635.38891,0.10424
9631.53167,0.10446
9627.67443,0.10477
9623.81718,0.10492
9619.95994,0.10457
9616.10270,0.10436
9612.24546,0.10466
9608.38822,0.10493
9604.53098,0.10492
9600.67374,0.10473
9596.81649,0.10456
9592.95925,0.10459
9589.10201,0.10471
9585.24477,0.10466
9581.38753,0.10428
9577.53029,0.10386
9573.67305,0.10377
9569.81580,0.10379
9565.95856,0.10373
9562.10132,0.10373
9558.24408,0.10372
9554.38684,0.10365
9550.52960,0.10384
9546.67236,0.10409
9542.81512,0.10412
9538.95787,0.10420
9535.10063,0.10436
9531.24339,0.10437
9527.38615,0.10428
9523.52891,0.10418
9519.67167,0.10406
9515.81443,0.10400
9511.95718,0.10385
9508.09994,0.10351
9504.24270,0.10335
9500.38546,0.10362
9496.52822,0.10407
9492.67098,0.10424
9488.81374,0.10389
9484.95649,0.10334
9481.09925,0.10314
9477.24201,0.10343
9473.38477,0.10360
9469.52753,0.10336
9465.67029,0.10316
9461.81305,0.10326
9457.95581,0.10343
9454.09856,0.10351
9450.24132,0.10359
9446.38408,0.10377
9442.52684,0.10388
9438.66960,0.10373
9434.81236,0.10344
9430.95512,0.10322
9427.09787,0.10308
9423.24063,0.10303
9419.38339,0.10309
9415.52615,0.10320
9411.66891,0.10321
9407.81167,0.10318
9403.95443,0.10334
9400.09719,0.10352
9396.23994,0.10340
9392.38270,0.10318
9388.52546,0.10311
9384.66822,0.10302
9380.81098,0.10287
9376.95374,0.10280
9373.09650,0.10269
9369.23925,0.10253
9365.38201,0.10259
9361.52477,0.10283
9357.66753,0.10295
9353.81029,0.10292
9349.95305,0.10278
9346.09581,0.10256
9342.23856,0.10231
9338.38132,0.10221
9334.52408,0.10239
9330.66684,0.10254
9326.80960,0.10247
9322.95236,0.10244
9319.09512,0.10244
9315.23788,0.10240
9311.38063,0.10250
9307.52339,0.10279
9303.66615,0.10308
9299.80891,0.10314
9295.95167,0.10289
9292.09443,0.10251
9288.23719,0.10228
9284.37994,0.10224
9280.52270,0.10231
9276.66546,0.10235
9272.80822,0.10223
9268.95098,0.10219
9265.09374,0.10242
9261.23650,0.10267
9257.37925,0.10273
9253.52201,0.10268
9249.66477,0.10256
9245.80753,0.10226
9241.95029,0.10186
9238.09305,0.10167
9234.23581,0.10173
9230.37857,0.10187
9226.52132,0.10194
9222.66408,0.10180
9218.80684,0.10168
9214.94960,0.10200
9211.09236,0.10243
9207.23512,0.10235
9203.37788,0.10189
9199.52063,0.10160
9195.66339,0.10177
9191.80615,0.10225
9187.94891,0.10253
9184.09167,0.10245
9180.23443,0.10243
9176.37719,0.10250
9172.51995,0.10236
9168.66270,0.10215
9164.80546,0.10214
9160.94822,0.10218
9157.09098,0.10216
9153.23374,0.10226
9149.37650,0.10236
9145.51926,0.10223
9141.66201,0.10212
9137.80477,0.10211
9133.94753,0.10214
9130.09029,0.10220
9126.23305,0.10225
9122.37581,0.10228
9118.51857,0.10226
9114.66132,0.10215
9110.80408,0.10214
9106.94684,0.10246
9103.08960,0.10277
9099.23236,0.10275
9095.37512,0.10257
9091.51788,0.10254
9087.66064,0.10267
9083.80339,0.10268
9079.94615,0.10257
9076.08891,0.10264
9072.23167,0.10269
9068.37443,0.10249
9064.51719,0.10238
9060.65995,0.10253
9056.80270,0.10276
9052.94546,0.10305
9049.08822,0.10327
9045.23098,0.10330
9041.37374,0.10334
9037.51650,0.10342
9033.65926,0.10351
9029.80201,0.10372
9025.94477,0.10402
9022.08753,0.10429
9018.23029,0.10440
9014.37305,0.10450
9010.51581,0.10476
9006.65857,0.10507
9002.80133,0.10527
8998.94408,0.10541
8995.08684,0.10567
8991.22960,0.10606
8987.37236,0.10642
8983.51512,0.10678
8979.65788,0.10717
8975.80064,0.10769
8971.94339,0.10835
8968.08615,0.10894
8964.22891,0.10939
8960.37167,0.10995
8956.51443,0.11062
8952.65719,0.11117
8948.79995,0.11162
8944.94271,0.11221
8941.08546,0.11286
8937.22822,0.11336
8933.37098,0.11389
8929.51374,0.11466
8925.65650,0.11556
8921.79926,0.11643
8917.94202,0.11730
8914.08477,0.11826
8910.22753,0.11930
8906.37029,0.12037
8902.51305,0.12151
8898.65581,0.12260
8894.79857,0.12356
8890.94133,0.12447
8887.08408,0.12545
8883.22684,0.12646
8879.36960,0.12748
8875.51236,0.12844
8871.65512,0.12919
8867.79788,0.12967
8863.94064,0.13002
8860.08340,0.13035
8856.22615,0.13056
8852.36891,0.13056
8848.51167,0.13045
8844.65443,0.13027
8840.79719,0.12995
8836.93995,0.12946
8833.08271,0.12890
8829.22546,0.12835
8825.36822,0.12778
8821.51098,0.12702
8817.65374,0.12602
8813.79650,0.12499
8809.93926,0.12398
8806.08202,0.12289
8802.22477,0.12182
8798.36753,0.12084
8794.51029,0.11981
8790.65305,0.11869
8786.79581,0.11771
8782.93857,0.11693
8779.08133,0.11620
8775.22409,0.11552
8771.36684,0.11488
8767.50960,0.11433
8763.65236,0.11400
8759.79512,0.11375
8755.93788,0.11344
8752.08064,0.11313
8748.22340,0.11298
8744.36615,0.11296
8740.50891,0.11297
8736.65167,0.11295
8732.79443,0.11295
8728.93719,0.11301
8725.07995,0.11314
8721.22271,0.11334
8717.36547,0.11350
8713.50822,0.11366
8709.65098,0.11391
8705.79374,0.11415
8701.93650,0.11433
8698.07926,0.11449
8694.22202,0.11469
8690.36478,0.11499
8686.50753,0.11531
8682.65029,0.11559
8678.79305,0.11574
8674.93581,0.11571
8671.07857,0.11564
8667.22133,0.11579
8663.36409,0.11623
8659.50684,0.11677
8655.64960,0.11714
8651.79236,0.11738
8647.93512,0.11771
8644.07788,0.11815
8640.22064,0.11854
8636.36340,0.11884
8632.50616,0.11910
8628.64891,0.11946
8624.79167,0.11988
8620.93443,0.12013
8617.07719,0.12021
8613.21995,0.12040
8609.36271,0.12079
8605.50547,0.12129
8601.64822,0.12171
8597.79098,0.12192
8593.93374,0.12202
8590.07650,0.12226
8586.21926,0.12273
8582.36202,0.12331
8578.50478,0.12381
8574.64753,0.12414
8570.79029,0.12432
8566.93305,0.12452
8563.07581,0.12493
8559.21857,0.12534
8555.36133,0.12549
8551.50409,0.12550
8547.64685,0.12563
8543.78960,0.12598
8539.93236,0.12636
8536.07512,0.12663
8532.21788,0.12683
8528.36064,0.12706
8524.50340,0.12741
8520.64616,0.12782
8516.78891,0.12811
8512.93167,0.12823
8509.07443,0.12837
8505.21719,0.12864
8501.35995,0.12881
8497.50271,0.12879
8493.64547,0.12878
8489.78822,0.12894
8485.93098,0.12919
8482.07374,0.12941
8478.21650,0.12949
8474.35926,0.12939
8470.50202,0.12932
8466.64478,0.12946
8462.78754,0.12966
8458.93029,0.12975
8455.07305,0.12978
8451.21581,0.12980
8447.35857,0.12975
8443.50133,0.12956
8439.64409,0.12934
8435.78685,0.12930
8431.92960,0.12943
8428.07236,0.12950
8424.21512,0.12950
8420.35788,0.12958
8416.50064,0.12969
8412.64340,0.12964
8408.78616,0.12948
8404.92892,0.12942
8401.07167,0.12941
8397.21443,0.12929
8393.35719,0.12914
8389.49995,0.12904
8385.64271,0.12893
8381.78547,0.12889
8377.92823,0.12896
8374.07098,0.12898
8370.21374,0.12890
8366.35650,0.12884
8362.49926,0.12886
8358.64202,0.12895
8354.78478,0.12903
8350.92754,0.12902
8347.07029,0.12893
8343.21305,0.12877
8339.35581,0.12859
8335.49857,0.12859
8331.64133,0.12878
8327.78409,0.12883
8323.92685,0.12867
8320.06961,0.12861
8316.21236,0.12877
8312.35512,0.12886
8308.49788,0.12878
8304.64064,0.12872
8300.78340,0.12880
8296.92616,0.12890
8293.06892,0.12895
8289.21167,0.12897
8285.35443,0.12897
8281.49719,0.12898
8277.63995,0.12905
8273.78271,0.12909
8269.92547,0.12911
8266.06823,0.12924
8262.21098,0.12949
8258.35374,0.12957
8254.49650,0.12942
8250.63926,0.12934
8246.78202,0.12944
8242.92478,0.12958
8239.06754,0.12968
8235.21030,0.12964
8231.35305,0.12948
8227.49581,0.12944
8223.63857,0.12955
8219.78133,0.12967
8215.92409,0.12969
8212.06685,0.12964
8208.20961,0.12955
8204.35236,0.12947
8200.49512,0.12940
8196.63788,0.12936
8192.78064,0.12931
8188.92340,0.12917
8185.06616,0.12894
8181.20892,0.12875
8177.35168,0.12866
8173.49443,0.12856
8169.63719,0.12834
8165.77995,0.12806
8161.92271,0.12788
8158.06547,0.12782
8154.20823,0.12776
8150.35099,0.12758
8146.49374,0.12738
8142.63650,0.12729
8138.77926,0.12724
8134.92202,0.12710
8131.06478,0.12692
8127.20754,0.12679
8123.35030,0.12662
8119.49305,0.12633
8115.63581,0.12609
8111.77857,0.12594
8107.92133,0.12569
8104.06409,0.12533
8100.20685,0.12507
8096.34961,0.12494
8092.49237,0.12474
8088.63512,0.12440
8084.77788,0.12402
8080.92064,0.12368
8077.06340,0.12345
8073.20616,0.12332
8069.34892,0.12327
8065.49168,0.12327
8061.63443,0.12319
8057.77719,0.12302
8053.91995,0.12286
8050.06271,0.12279
8046.20547,0.12273
8042.34823,0.12254
8038.49099,0.12229
8034.63374,0.12205
8030.77650,0.12178
8026.91926,0.12149
8023.06202,0.12133
8019.20478,0.12130
8015.34754,0.12128
8011.49030,0.12123
8007.63306,0.12124
8003.77581,0.12125
7999.91857,0.12115
7996.06133,0.12100
7992.20409,0.12090
7988.34685,0.12084
7984.48961,0.12076
7980.63237,0.12067
7976.77512,0.12068
7972.91788,0.12077
7969.06064,0.12073
7965.20340,0.12055
7961.34616,0.12046
7957.48892,0.12037
7953.63168,0.12015
7949.77444,0.12003
7945.91719,0.12011
7942.05995,0.12014
7938.20271,0.12003
7934.34547,0.11993
7930.48823,0.11990
7926.63099,0.11991
7922.77375,0.11987
7918.91650,0.11985
7915.05926,0.11987
7911.20202,0.11992
7907.34478,0.11997
7903.48754,0.12008
7899.63030,0.12022
7895.77306,0.12017
7891.91581,0.11993
7888.05857,0.11973
7884.20133,0.11972
7880.34409,0.11987
7876.48685,0.11995
7872.62961,0.11987
7868.77237,0.11984
7864.91513,0.11987
7861.05788,0.11977
7857.20064,0.11960
7853.34340,0.11956
7849.48616,0.11965
7845.62892,0.11969
7841.77168,0.11962
7837.91444,0.11948
7834.05719,0.11928
7830.19995,0.11914
7826.34271,0.11906
7822.48547,0.11887
7818.62823,0.11867
7814.77099,0.11862
7810.91375,0.11862
7807.05650,0.11859
7803.19926,0.11856
7799.34202,0.11840
7795.48478,0.11800
7791.62754,0.11763
7787.77030,0.11757
7783.91306,0.11754
7780.05582,0.11731
7776.19857,0.11720
7772.34133,0.11729
7768.48409,0.11720
7764.62685,0.11690
7760.76961,0.11663
7756.91237,0.11639
7753.05513,0.11619
7749.19788,0.11619
7745.34064,0.11633
7741.48340,0.11629
7737.62616,0.11597
7733.76892,0.11565
7729.91168,0.11550
7726.05444,0.11536
7722.19720,0.11503
7718.33995,0.11463
7714.48271,0.11448
7710.62547,0.11473
7706.76823,0.11499
7702.91099,0.11482
7699.05375,0.11439
7695.19651,0.11415
7691.33926,0.11410
7687.48202,0.11408
7683.62478,0.11416
7679.76754,0.11431
7675.91030,0.11424
7672.05306,0.11396
7668.19582,0.11384
7664.33857,0.11396
7660.48133,0.11407
7656.62409,0.11407
7652.76685,0.11406
7648.90961,0.11418
7645.05237,0.11449
7641.19513,0.11467
7637.33789,0.11460
7633.48064,0.11449
7629.62340,0.11437
7625.76616,0.11428
7621.90892,0.11435
7618.05168,0.11458
7614.19444,0.11486
7610.33720,0.11514
7606.47995,0.11541
7602.62271,0.11551
7598.76547,0.11547
7594.90823,0.11547
7591.05099,0.11546
7587.19375,0.11538
7583.33651,0.11542
7579.47926,0.11565
7575.62202,0.11589
7571.76478,0.11601
7567.90754,0.11610
7564.05030,0.11619
7560.19306,0.11640
7556.33582,0.11682
7552.47858,0.11732
7548.62133,0.11770
7544.76409,0.11800
7540.90685,0.11827
7537.04961,0.11856
7533.19237,0.11890
7529.33513,0.11909
7525.47789,0.11912
7521.62064,0.11930
7517.76340,0.11969
7513.90616,0.12002
7510.04892,0.12016
7506.19168,0.12026
7502.33444,0.12050
7498.47720,0.12087
7494.61996,0.12133
7490.76271,0.12176
7486.90547,0.12204
7483.04823,0.12227
7479.19099,0.12265
7475.33375,0.12323
7471.47651,0.12385
7467.61927,0.12434
7463.76202,0.12479
7459.90478,0.12537
7456.04754,0.12608
7452.19030,0.12687
7448.33306,0.12767
7444.47582,0.12843
7440.61858,0.12914
7436.76133,0.12990
7432.90409,0.13080
7429.04685,0.13183
7425.18961,0.13288
7421.33237,0.13395
7417.47513,0.13502
7413.61789,0.13591
7409.76065,0.13663
7405.90340,0.13743
7402.04616,0.13843
7398.18892,0.13951
7394.33168,0.14053
7390.47444,0.14150
7386.61720,0.14256
7382.75996,0.14376
7378.90271,0.14492
7375.04547,0.14597
7371.18823,0.14702
7367.33099,0.14808
7363.47375,0.14910
7359.61651,0.15013
7355.75927,0.15119
7351.90202,0.15222
7348.04478,0.15316
7344.18754,0.15398
7340.33030,0.15473
7336.47306,0.15547
7332.61582,0.15624
7328.75858,0.15695
7324.90134,0.15746
7321.04409,0.15787
7317.18685,0.15836
7313.32961,0.15883
7309.47237,0.15911
7305.61513,0.15924
7301.75789,0.15944
7297.90065,0.15977
7294.04340,0.16009
7290.18616,0.16030
7286.32892,0.16045
7282.47168,0.16067
7278.61444,0.16098
7274.75720,0.16130
7270.89996,0.16164
7267.04272,0.16206
7263.18547,0.16254
7259.32823,0.16303
7255.47099,0.16349
7251.61375,0.16386
7247.75651,0.16412
7243.89927,0.16436
7240.04203,0.16461
7236.18478,0.16486
7232.32754,0.16508
7228.47030,0.16532
7224.61306,0.16560
7220.75582,0.16585
7216.89858,0.16616
7213.04134,0.16652
7209.18409,0.16681
7205.32685,0.16709
7201.46961,0.16733
7197.61237,0.16742
7193.75513,0.16746
7189.89789,0.16769
7186.04065,0.16820
7182.18341,0.16885
7178.32616,0.16949
7174.46892,0.17008
7170.61168,0.17068
7166.75444,0.17137
7162.89720,0.17215
7159.03996,0.17308
7155.18272,0.17418
7151.32547,0.17533
7147.46823,0.17652
7143.61099,0.17781
7139.75375,0.17918
7135.89651,0.18060
7132.03927,0.18203
7128.18203,0.18343
7124.32478,0.18474
7120.46754,0.18598
7116.61030,0.18724
7112.75306,0.18858
7108.89582,0.19010
7105.03858,0.19180
7101.18134,0.19339
7097.32410,0.19476
7093.46685,0.19614
7089.60961,0.19770
7085.75237,0.19937
7081.89513,0.20111
7078.03789,0.20293
7074.18065,0.20480
7070.32341,0.20671
7066.46616,0.20863
7062.60892,0.21050
7058.75168,0.21231
7054.89444,0.21409
7051.03720,0.21583
7047.17996,0.21750
7043.32272,0.21922
7039.46548,0.22108
7035.60823,0.22284
7031.75099,0.22440
7027.89375,0.22586
7024.03651,0.22722
7020.17927,0.22846
7016.32203,0.22975
7012.46479,0.23102
7008.60754,0.23213
7004.75030,0.23313
7000.89306,0.23419
6997.03582,0.23535
6993.17858,0.23642
6989.32134,0.23731
6985.46410,0.23823
6981.60685,0.23923
6977.74961,0.24018
6973.89237,0.24100
6970.03513,0.24172
6966.17789,0.24245
6962.32065,0.24323
6958.46341,0.24401
6954.60617,0.24468
6950.74892,0.24523
6946.89168,0.24579
6943.03444,0.24641
6939.17720,0.24701
6935.31996,0.24754
6931.46272,0.24802
6927.60548,0.24850
6923.74823,0.24901
6919.89099,0.24952
6916.03375,0.25004
6912.17651,0.25056
6908.31927,0.25098
6904.46203,0.25137
6900.60479,0.25188
6896.74754,0.25243
6892.89030,0.25282
6889.03306,0.25323
6885.17582,0.25379
6881.31858,0.25438
6877.46134,0.25492
6873.60410,0.25552
6869.74686,0.25626
6865.88961,0.25704
6862.03237,0.25779
6858.17513,0.25852
6854.31789,0.25927
6850.46065,0.26002
6846.60341,0.26072
6842.74617,0.26143
6838.88892,0.26225
6835.03168,0.26314
6831.17444,0.26399
6827.31720,0.26477
6823.45996,0.26554
6819.60272,0.26637
6815.74548,0.26725
6811.88824,0.26812
6808.03099,0.26897
6804.17375,0.26984
6800.31651,0.27076
6796.45927,0.27170
6792.60203,0.27261
6788.74479,0.27348
6784.88755,0.27435
6781.03030,0.27520
6777.17306,0.27603
6773.31582,0.27685
6769.45858,0.27766
6765.60134,0.27838
6761.74410,0.27901
6757.88686,0.27951
6754.02961,0.27986
6750.17237,0.28013
6746.31513,0.28045
6742.45789,0.28089
6738.60065,0.28126
6734.74341,0.28139
6730.88617,0.28138
6727.02893,0.28146
6723.17168,0.28166
6719.31444,0.28184
6715.45720,0.28192
6711.59996,0.28187
6707.74272,0.28172
6703.88548,0.28159
6700.02824,0.28161
6696.17099,0.28169
6692.31375,0.28168
6688.45651,0.28161
6684.59927,0.28155
6680.74203,0.28144
6676.88479,0.28123
6673.02755,0.28088
6669.17030,0.28045
6665.31306,0.28004
6661.45582,0.27970
6657.59858,0.27934
6653.74134,0.27890
6649.88410,0.27842
6646.02686,0.27797
6642.16962,0.27758
6638.31237,0.27718
6634.45513,0.27670
6630.59789,0.27614
6626.74065,0.27556
6622.88341,0.27502
6619.02617,0.27442
6615.16893,0.27377
6611.31168,0.27319
6607.45444,0.27266
6603.59720,0.27211
6599.73996,0.27159
6595.88272,0.27117
6592.02548,0.27081
6588.16824,0.27047
6584.31100,0.27022
6580.45375,0.27005
6576.59651,0.26988
6572.73927,0.26972
6568.88203,0.26964
6565.02479,0.26961
6561.16755,0.26960
6557.31031,0.26958
6553.45306,0.26956
6549.59582,0.26957
6545.73858,0.26965
6541.88134,0.26982
6538.02410,0.27001
6534.16686,0.27018
6530.30962,0.27030
6526.45237,0.27042
6522.59513,0.27059
6518.73789,0.27075
6514.88065,0.27085
6511.02341,0.27095
6507.16617,0.27103
6503.30893,0.27103
6499.45169,0.27104
6495.59444,0.27113
6491.73720,0.27121
6487.87996,0.27115
6484.02272,0.27102
6480.16548,0.27096
6476.30824,0.27096
6472.45100,0.27086
6468.59375,0.27062
6464.73651,0.27034
6460.87927,0.27011
6457.02203,0.26990
6453.16479,0.26962
6449.30755,0.26921
6445.45031,0.26879
6441.59306,0.26847
6437.73582,0.26816
6433.87858,0.26780
6430.02134,0.26743
6426.16410,0.26704
6422.30686,0.26663
6418.44962,0.26626
6414.59238,0.26592
6410.73513,0.26555
6406.87789,0.26521
6403.02065,0.26495
6399.16341,0.26471
6395.30617,0.26448
6391.44893,0.26429
6387.59169,0.26416
6383.73444,0.26402
6379.87720,0.26378
6376.01996,0.26347
6372.16272,0.26322
6368.30548,0.26302
6364.44824,0.26282
6360.59100,0.26260
6356.73376,0.26239
6352.87651,0.26223
6349.01927,0.26209
6345.16203,0.26192
6341.30479,0.26176
6337.44755,0.26166
6333.59031,0.26160
6329.73307,0.26154
6325.87582,0.26150
6322.01858,0.26148
6318.16134,0.26150
6314.30410,0.26148
6310.44686,0.26136
6306.58962,0.26117
6302.73238,0.26094
6298.87513,0.26061
6295.01789,0.26016
6291.16065,0.25965
6287.30341,0.25906
6283.44617,0.25833
6279.58893,0.25750
6275.73169,0.25671
6271.87445,0.25602
6268.01720,0.25532
6264.15996,0.25449
6260.30272,0.25354
6256.44548,0.25261
6252.58824,0.25167
6248.73100,0.25067
6244.87376,0.24962
6241.01651,0.24850
6237.15927,0.24734
6233.30203,0.24618
6229.44479,0.24504
6225.58755,0.24399
6221.73031,0.24308
6217.87307,0.24231
6214.01582,0.24176
6210.15858,0.24140
6206.30134,0.24118
6202.44410,0.24109
6198.58686,0.24100
6194.72962,0.24058
6190.87238,0.23971
6187.01514,0.23848
6183.15789,0.23706
6179.30065,0.23560
6175.44341,0.23433
6171.58617,0.23339
6167.72893,0.23273
6163.87169,0.23223
6160.01445,0.23191
6156.15720,0.23189
6152.29996,0.23210
6148.44272,0.23230
6144.58548,0.23227
6140.72824,0.23195
6136.87100,0.23146
6133.01376,0.23093
6129.15652,0.23058
6125.29927,0.23065
6121.44203,0.23130
6117.58479,0.23251
6113.72755,0.23422
6109.87031,0.23655
6106.01307,0.23949
6102.15583,0.24288
6098.29858,0.24657
6094.44134,0.25047
6090.58410,0.25441
6086.72686,0.25817
6082.86962,0.26163
6079.01238,0.26492
6075.15514,0.26848
6071.29789,0.27273
6067.44065,0.27781
6063.58341,0.28339
6059.72617,0.28888
6055.86893,0.29384
6052.01169,0.29818
6048.15445,0.30210
6044.29721,0.30588
6040.43996,0.30990
6036.58272,0.31442
6032.72548,0.31925
6028.86824,0.32380
6025.01100,0.32739
6021.15376,0.32943
6017.29652,0.32936
6013.43927,0.32690
6009.58203,0.32229
6005.72479,0.31611
6001.86755,0.30911
5998.01031,0.30214
5994.15307,0.29598
5990.29583,0.29105
5986.43858,0.28741
5982.58134,0.28485
5978.72410,0.28282
5974.86686,0.28058
5971.00962,0.27765
5967.15238,0.27423
5963.29514,0.27098
5959.43790,0.26849
5955.58065,0.26705
5951.72341,0.26646
5947.86617,0.26623
5944.00893,0.26576
5940.15169,0.26457
5936.29445,0.26244
5932.43721,0.25942
5928.57996,0.25587
5924.72272,0.25223
5920.86548,0.24885
5917.00824,0.24590
5913.15100,0.24348
5909.29376,0.24176
5905.43652,0.24086
5901.57927,0.24089
5897.72203,0.24185
5893.86479,0.24363
5890.00755,0.24595
5886.15031,0.24850
5882.29307,0.25102
5878.43583,0.25334
5874.57859,0.25539
5870.72134,0.25709
5866.86410,0.25830
5863.00686,0.25892
5859.14962,0.25898
5855.29238,0.25858
5851.43514,0.25790
5847.57790,0.25718
5843.72065,0.25661
5839.86341,0.25624
5836.00617,0.25604
5832.14893,0.25604
5828.29169,0.25622
5824.43445,0.25643
5820.57721,0.25660
5816.71997,0.25679
5812.86272,0.25698
5809.00548,0.25710
5805.14824,0.25710
5801.29100,0.25704
5797.43376,0.25692
5793.57652,0.25671
5789.71928,0.25649
5785.86203,0.25632
5782.00479,0.25613
5778.14755,0.25589
5774.29031,0.25551
5770.43307,0.25494
5766.57583,0.25422
5762.71859,0.25333
5758.86134,0.25222
5755.00410,0.25097
5751.14686,0.24962
5747.28962,0.24814
5743.43238,0.24663
5739.57514,0.24523
5735.71790,0.24395
5731.86066,0.24282
5728.00341,0.24199
5724.14617,0.24155
5720.28893,0.24142
5716.43169,0.24150
5712.57445,0.24170
5708.71721,0.24190
5704.85997,0.24198
5701.00272,0.24192
5697.14548,0.24178
5693.28824,0.24161
5689.43100,0.24138
5685.57376,0.24122
5681.71652,0.24117
5677.85928,0.24122
5674.00203,0.24140
5670.14479,0.24172
5666.28755,0.24219
5662.43031,0.24274
5658.57307,0.24318
5654.71583,0.24338
5650.85859,0.24332
5647.00135,0.24302
5643.14410,0.24253
5639.28686,0.24185
5635.42962,0.24105
5631.57238,0.24028
5627.71514,0.23962
5623.85790,0.23905
5620.00066,0.23863
5616.14341,0.23838
5612.28617,0.23824
5608.42893,0.23819
5604.57169,0.23830
5600.71445,0.23858
5596.85721,0.23890
5592.99997,0.23921
5589.14273,0.23954
5585.28548,0.23991
5581.42824,0.24038
5577.57100,0.24096
5573.71376,0.24145
5569.85652,0.24177
5565.99928,0.24190
5562.14204,0.24190
5558.28479,0.24183
5554.42755,0.24174
5550.57031,0.24168
5546.71307,0.24171
5542.85583,0.24174
5538.99859,0.24170
5535.14135,0.24165
5531.28410,0.24164
5527.42686,0.24159
5523.56962,0.24146
5519.71238,0.24125
5515.85514,0.24093
5511.99790,0.24063
5508.14066,0.24045
5504.28342,0.24045
5500.42617,0.24062
5496.56893,0.24095
5492.71169,0.24142
5488.85445,0.24193
5484.99721,0.24232
5481.13997,0.24248
5477.28273,0.24242
5473.42548,0.24217
5469.56824,0.24174
5465.71100,0.24108
5461.85376,0.24022
5457.99652,0.23924
5454.13928,0.23821
5450.28204,0.23708
5446.42479,0.23574
5442.56755,0.23425
5438.71031,0.23281
5434.85307,0.23148
5430.99583,0.23020
5427.13859,0.22901
5423.28135,0.22804
5419.42411,0.22730
5415.56686,0.22669
5411.70962,0.22621
5407.85238,0.22593
5403.99514,0.22579
5400.13790,0.22564
5396.28066,0.22542
5392.42342,0.22526
5388.56617,0.22523
5384.70893,0.22531
5380.85169,0.22544
5376.99445,0.22564
5373.13721,0.22597
5369.27997,0.22642
5365.42273,0.22694
5361.56549,0.22753
5357.70824,0.22815
5353.85100,0.22877
5349.99376,0.22936
5346.13652,0.22993
5342.27928,0.23048
5338.42204,0.23104
5334.56480,0.23171
5330.70755,0.23260
5326.85031,0.23373
5322.99307,0.23514
5319.13583,0.23685
5315.27859,0.23892
5311.42135,0.24129
5307.56411,0.24397
5303.70686,0.24703
5299.84962,0.25041
5295.99238,0.25407
5292.13514,0.25818
5288.27790,0.26297
5284.42066,0.26836
5280.56342,0.27428
5276.70618,0.28062
5272.84893,0.28708
5268.99169,0.29358
5265.13445,0.30020
5261.27721,0.30666
5257.41997,0.31245
5253.56273,0.31758
5249.70549,0.32222
5245.84824,0.32660
5241.99100,0.33057
5238.13376,0.33390
5234.27652,0.33676
5230.41928,0.33942
5226.56204,0.34184
5222.70480,0.34396
5218.84755,0.34576
5214.99031,0.34722
5211.13307,0.34841
5207.27583,0.34947
5203.41859,0.35043
5199.56135,0.35125
5195.70411,0.35192
5191.84687,0.35244
5187.98962,0.35282
5184.13238,0.35307
5180.27514,0.35314
5176.41790,0.35304
5172.56066,0.35288
5168.70342,0.35265
5164.84618,0.35226
5160.98893,0.35174
5157.13169,0.35118
5153.27445,0.35064
5149.41721,0.35005
5145.55997,0.34934
5141.70273,0.34853
5137.84549,0.34771
5133.98825,0.34691
5130.13100,0.34612
5126.27376,0.34531
5122.41652,0.34433
5118.55928,0.34291
5114.70204,0.34091
5110.84480,0.33846
5106.98756,0.33571
5103.13031,0.33283
5099.27307,0.33005
5095.41583,0.32750
5091.55859,0.32511
5087.70135,0.32276
5083.84411,0.32049
5079.98687,0.31836
5076.12962,0.31643
5072.27238,0.31463
5068.41514,0.31286
5064.55790,0.31113
5060.70066,0.30952
5056.84342,0.30799
5052.98618,0.30652
5049.12894,0.30511
5045.27169,0.30377
5041.41445,0.30247
5037.55721,0.30123
5033.69997,0.30011
5029.84273,0.29909
5025.98549,0.29809
5022.12825,0.29713
5018.27100,0.29626
5014.41376,0.29545
5010.55652,0.29467
5006.69928,0.29387
5002.84204,0.29303
4998.98480,0.29223
4995.12756,0.29163
4991.27031,0.29121
4987.41307,0.29088
4983.55583,0.29063
4979.69859,0.29047
4975.84135,0.29051
4971.98411,0.29082
4968.12687,0.29142
4964.26963,0.29224
4960.41238,0.29323
4956.55514,0.29441
4952.69790,0.29585
4948.84066,0.29754
4944.98342,0.29938
4941.12618,0.30135
4937.26894,0.30338
4933.41169,0.30548
4929.55445,0.30771
4925.69721,0.31014
4921.83997,0.31277
4917.98273,0.31558
4914.12549,0.31854
4910.26825,0.32166
4906.41101,0.32490
4902.55376,0.32831
4898.69652,0.33183
4894.83928,0.33544
4890.98204,0.33914
4887.12480,0.34299
4883.26756,0.34693
4879.41032,0.35089
4875.55307,0.35481
4871.69583,0.35864
4867.83859,0.36233
4863.98135,0.36581
4860.12411,0.36914
4856.26687,0.37246
4852.40963,0.37589
4848.55238,0.37946
4844.69514,0.38319
4840.83790,0.38711
4836.98066,0.39123
4833.12342,0.39549
4829.26618,0.39980
4825.40894,0.40407
4821.55170,0.40814
4817.69445,0.41182
4813.83721,0.41512
4809.97997,0.41822
4806.12273,0.42113
4802.26549,0.42374
4798.40825,0.42592
4794.55101,0.42767
4790.69376,0.42907
4786.83652,0.43020
4782.97928,0.43104
4779.12204,0.43167
4775.26480,0.43231
4771.40756,0.43310
4767.55032,0.43407
4763.69307,0.43533
4759.83583,0.43700
4755.97859,0.43896
4752.12135,0.44098
4748.26411,0.44280
4744.40687,0.44438
4740.54963,0.44578
4736.69239,0.44722
4732.83514,0.44915
4728.97790,0.45176
4725.12066,0.45449
4721.26342,0.45645
4717.40618,0.45720
4713.54894,0.45713
4709.69170,0.45724
4705.83445,0.45856
4701.97721,0.46155
4698.11997,0.46553
4694.26273,0.46875
4690.40549,0.46942
4686.54825,0.46673
4682.69101,0.46095
4678.83377,0.45325
4674.97652,0.44530
4671.11928,0.43851
4667.26204,0.43350
4663.40480,0.43012
4659.54756,0.42798
4655.69032,0.42690
4651.83308,0.42720
4647.97583,0.42924
4644.11859,0.43267
4640.26135,0.43629
4636.40411,0.43823
4632.54687,0.43668
4628.68963,0.43110
4624.83239,0.42280
4620.97514,0.41394
4617.11790,0.40624
4613.26066,0.40042
4609.40342,0.39659
4605.54618,0.39471
4601.68894,0.39472
4597.83170,0.39620
4593.97446,0.39817
4590.11721,0.39976
4586.25997,0.40090
4582.40273,0.40141
4578.54549,0.39995
4574.68825,0.39534
4570.83101,0.38821
4566.97377,0.38072
4563.11652,0.37475
4559.25928,0.37074
4555.40204,0.36828
4551.54480,0.36684
4547.68756,0.36585
4543.83032,0.36493
4539.97308,0.36407
4536.11583,0.36345
4532.25859,0.36321
4528.40135,0.36341
4524.54411,0.36407
4520.68687,0.36523
4516.82963,0.36692
4512.97239,0.36933
4509.11515,0.37277
4505.25790,0.37759
4501.40066,0.38389
4497.54342,0.39143
4493.68618,0.39931
4489.82894,0.40624
4485.97170,0.41164
4482.11446,0.41620
4478.25721,0.42127
4474.39997,0.42808
4470.54273,0.43748
4466.68549,0.44940
4462.82825,0.46210
4458.97101,0.47278
4455.11377,0.47979
4451.25653,0.48426
4447.39928,0.48857
4443.54204,0.49384
4439.68480,0.49939
4435.82756,0.50391
4431.97032,0.50637
4428.11308,0.50628
4424.25584,0.50424
4420.39859,0.50205
4416.54135,0.50149
4412.68411,0.50304
4408.82687,0.50580
4404.96963,0.50814
4401.11239,0.50860
4397.25515,0.50665
4393.39790,0.50284
4389.54066,0.49823
4385.68342,0.49381
4381.82618,0.49014
4377.96894,0.48742
4374.11170,0.48561
4370.25446,0.48477
4366.39722,0.48511
4362.53997,0.48638
4358.68273,0.48792
4354.82549,0.48943
4350.96825,0.49109
4347.11101,0.49326
4343.25377,0.49604
4339.39653,0.49906
4335.53928,0.50190
4331.68204,0.50455
4327.82480,0.50716
4323.96756,0.50990
4320.11032,0.51286
4316.25308,0.51616
4312.39584,0.52011
4308.53859,0.52488
4304.68135,0.53011
4300.82411,0.53521
4296.96687,0.53962
4293.10963,0.54292
4289.25239,0.54497
4285.39515,0.54596
4281.53791,0.54623
4277.68066,0.54600
4273.82342,0.54525
4269.96618,0.54382
4266.10894,0.54182
4262.25170,0.53983
4258.39446,0.53848
4254.53722,0.53795
4250.67997,0.53796
4246.82273,0.53796
4242.96549,0.53731
4239.10825,0.53591
4235.25101,0.53436
4231.39377,0.53318
4227.53653,0.53221
4223.67929,0.53091
4219.82204,0.52893
4215.96480,0.52643
4212.10756,0.52386
4208.25032,0.52153
4204.39308,0.51939
4200.53584,0.51752
4196.67860,0.51645
4192.82135,0.51677
4188.96411,0.51875
4185.10687,0.52213
4181.24963,0.52575
4177.39239,0.52754
4173.53515,0.52592
4169.67791,0.52134
4165.82066,0.51577
4161.96342,0.51109
4158.10618,0.50818
4154.24894,0.50702
4150.39170,0.50742
4146.53446,0.50922
4142.67722,0.51217
4138.81998,0.51586
4134.96273,0.51962
4131.10549,0.52287
4127.24825,0.52567
4123.39101,0.52871
4119.53377,0.53265
4115.67653,0.53785
4111.81929,0.54459
4107.96204,0.55321
4104.10480,0.56408
4100.24756,0.57777
4096.39032,0.59359
4092.53308,0.60740
4088.67584,0.61390
4084.81860,0.61202
4080.96135,0.60495
4077.10411,0.59648
4073.24687,0.58959
4069.38963,0.58579
4065.53239,0.58489
4061.67515,0.58602
4057.81791,0.58849
4053.96067,0.59186
4050.10342,0.59567
4046.24618,0.59934
4042.38894,0.60242
4038.53170,0.60489
4034.67446,0.60684
4030.81722,0.60825
4026.95998,0.60912
4023.10273,0.60935
4019.24549,0.60899
4015.38825,0.60817
4011.53101,0.60679
4007.67377,0.60478
4003.81653,0.60240
3999.95929,0.59978
3996.10205,0.59680
3992.24480,0.59360
3988.38756,0.59065
3984.53032,0.58834
3980.67308,0.58660
3976.81584,0.58498
3972.95860,0.58321
3969.10136,0.58113
3965.24411,0.57853
3961.38687,0.57546
3957.52963,0.57247
3953.67239,0.56980
3949.81515,0.56715
3945.95791,0.56434
3942.10067,0.56146
3938.24342,0.55868
3934.38618,0.55603
3930.52894,0.55352
3926.67170,0.55128
3922.81446,0.54919
3918.95722,0.54709
3915.09998,0.54497
3911.24274,0.54282
3907.38549,0.54028
3903.52825,0.53688
3899.67101,0.53322
3895.81377,0.53031
3891.95653,0.52779
3888.09929,0.52543
3884.24205,0.52343
3880.38480,0.52182
3876.52756,0.52024
3872.67032,0.51795
3868.81308,0.51472
3864.95584,0.51127
3861.09860,0.50827
3857.24136,0.50549
3853.38411,0.50230
3849.52687,0.49979
3845.66963,0.49829
3841.81239,0.49684
3837.95515,0.49551
3834.09791,0.49482
3830.24067,0.49461
3826.38343,0.49464
3822.52618,0.49534
3818.66894,0.49755
3814.81170,0.50056
3810.95446,0.50278
3807.09722,0.50371
3803.23998,0.50327
3799.38274,0.50188
3795.52549,0.50060
3791.66825,0.49992
3787.81101,0.49980
3783.95377,0.50034
3780.09653,0.50171
3776.23929,0.50362
3772.38205,0.50587
3768.52481,0.50873
3764.66756,0.51192
3760.81032,0.51465
3756.95308,0.51617
3753.09584,0.51567
3749.23860,0.51393
3745.38136,0.51388
3741.52412,0.51613
3737.66687,0.51973
3733.80963,0.52442
3729.95239,0.52831
3726.09515,0.53087
3722.23791,0.53374
3718.38067,0.53770
3714.52343,0.54320
3710.66618,0.55157
3706.80894,0.56179
3702.95170,0.57307
3699.09446,0.58627
3695.23722,0.60074
3691.37998,0.61970
3687.52274,0.64401
3683.66550,0.66300
3679.80825,0.67686
3675.95101,0.69368
3672.09377,0.71702
3668.23653,0.74162
3664.37929,0.76323
3660.52205,0.78309
3656.66481,0.80338
3652.80756,0.82525
3648.95032,0.85109
3645.09308,0.87666
3641.23584,0.89600
3637.37860,0.91369
3633.52136,0.93128
3629.66412,0.94913
3625.80687,0.96571
3621.94963,0.97719
3618.09239,0.99031
3614.23515,1.00807
3610.37791,1.02587
3606.52067,1.03806
3602.66343,1.04436
3598.80619,1.04944
