12493.60475,0.13373
12489.74751,0.13404
12485.89027,0.13613
12482.03303,0.13910
12478.17579,0.13818
12474.31855,0.13330
12470.46130,0.13120
12466.60406,0.13303
12462.74682,0.13379
12458.88958,0.13160
12455.03234,0.12901
12451.17510,0.12771
12447.31786,0.12850
12443.46062,0.13201
12439.60337,0.13537
12435.74613,0.13479
12431.88889,0.13198
12428.03165,0.13169
12424.17441,0.13506
12420.31717,0.13892
12416.45993,0.13990
12412.60268,0.13795
12408.74544,0.13578
12404.88820,0.13481
12401.03096,0.13579
12397.17372,0.13763
12393.31648,0.13686
12389.45924,0.13505
12385.60199,0.13534
12381.74475,0.13684
12377.88751,0.13956
12374.03027,0.14342
12370.17303,0.14506
12366.31579,0.14271
12362.45855,0.13966
12358.60131,0.13848
12354.74406,0.13837
12350.88682,0.14008
12347.02958,0.14291
12343.17234,0.14175
12339.31510,0.13602
12335.45786,0.13206
12331.60062,0.13374
12327.74337,0.13802
12323.88613,0.14023
12320.02889,0.13830
12316.17165,0.13394
12312.31441,0.13102
12308.45717,0.13101
12304.59993,0.13139
12300.74268,0.13068
12296.88544,0.13087
12293.02820,0.13182
12289.17096,0.13154
12285.31372,0.13152
12281.45648,0.13331
12277.59924,0.13486
12273.74200,0.13481
12269.88475,0.13454
12266.02751,0.13399
12262.17027,0.13250
12258.31303,0.13278
12254.45579,0.13598
12250.59855,0.13855
12246.74131,0.13819
12242.88406,0.13712
12239.02682,0.13716
12235.16958,0.13752
12231.31234,0.13879
12227.45510,0.14026
12223.59786,0.13928
12219.74062,0.13785
12215.88338,0.13832
12212.02613,0.13814
12208.16889,0.13591
12204.31165,0.13346
12200.45441,0.13310
12196.59717,0.13525
12192.73993,0.13677
12188.88269,0.13588
12185.02544,0.13477
12181.16820,0.13469
12177.31096,0.13547
12173.45372,0.13635
12169.59648,0.13590
12165.73924,0.13502
12161.88200,0.13498
12158.02475,0.13479
12154.16751,0.13463
12150.31027,0.13541
12146.45303,0.13634
12142.59579,0.13691
12138.73855,0.13690
12134.88131,0.13537
12131.02407,0.13260
12127.16682,0.13081
12123.30958,0.13145
12119.45234,0.13311
12115.59510,0.13386
12111.73786,0.13348
12107.88062,0.13263
12104.02338,0.13170
12100.16613,0.13173
12096.30889,0.13304
12092.45165,0.13349
12088.59441,0.13244
12084.73717,0.13190
12080.87993,0.13266
12077.02269,0.13360
12073.16544,0.13403
12069.30820,0.13417
12065.45096,0.13418
12061.59372,0.13465
12057.73648,0.13523
12053.87924,0.13494
12050.02200,0.13522
12046.16476,0.13654
12042.30751,0.13672
12038.45027,0.13573
12034.59303,0.13561
12030.73579,0.13743
12026.87855,0.13951
12023.02131,0.13881
12019.16407,0.13611
12015.30682,0.13502
12011.44958,0.13595
12007.59234,0.13734
12003.73510,0.13828
11999.87786,0.13886
11996.02062,0.13968
11992.16338,0.13962
11988.30614,0.13739
11984.44889,0.13422
11980.59165,0.13330
11976.73441,0.13592
11972.87717,0.13888
11969.01993,0.13885
11965.16269,0.13607
11961.30545,0.13442
11957.44820,0.13745
11953.59096,0.14113
11949.73372,0.13953
11945.87648,0.13554
11942.01924,0.13383
11938.16200,0.13334
11934.30476,0.13359
11930.44751,0.13510
11926.59027,0.13596
11922.73303,0.13576
11918.87579,0.13636
11915.01855,0.13803
11911.16131,0.13816
11907.30407,0.13581
11903.44683,0.13471
11899.58958,0.13640
11895.73234,0.13793
11891.87510,0.13831
11888.01786,0.13840
11884.16062,0.13789
11880.30338,0.13720
11876.44614,0.13758
11872.58889,0.13889
11868.73165,0.13934
11864.87441,0.13818
11861.01717,0.13721
11857.15993,0.13736
11853.30269,0.13760
11849.44545,0.13733
11845.58820,0.13709
11841.73096,0.13793
11837.87372,0.13956
11834.01648,0.14100
11830.15924,0.14272
11826.30200,0.14453
11822.44476,0.14465
11818.58752,0.14321
11814.73027,0.14187
11810.87303,0.14073
11807.01579,0.14019
11803.15855,0.14126
11799.30131,0.14250
11795.44407,0.14222
11791.58683,0.14117
11787.72958,0.14126
11783.87234,0.14212
11780.01510,0.14227
11776.15786,0.14302
11772.30062,0.14392
11768.44338,0.14304
11764.58614,0.14235
11760.72890,0.14294
11756.87165,0.14323
11753.01441,0.14328
11749.15717,0.14357
11745.29993,0.14297
11741.44269,0.14131
11737.58545,0.14045
11733.72821,0.14074
11729.87096,0.14076
11726.01372,0.14082
11722.15648,0.14174
11718.29924,0.14277
11714.44200,0.14344
11710.58476,0.14414
11706.72752,0.14461
11702.87027,0.14463
11699.01303,0.14402
11695.15579,0.14274
11691.29855,0.14166
11687.44131,0.14132
11683.58407,0.14157
11679.72683,0.14183
11675.86959,0.14097
11672.01234,0.13941
11668.15510,0.13902
11664.29786,0.14006
11660.44062,0.14087
11656.58338,0.14023
11652.72614,0.13901
11648.86890,0.13898
11645.01165,0.13976
11641.15441,0.14025
11637.29717,0.14118
11633.43993,0.14185
11629.58269,0.14071
11625.72545,0.13993
11621.86821,0.14123
11618.01096,0.14212
11614.15372,0.14079
11610.29648,0.13906
11606.43924,0.13899
11602.58200,0.13954
11598.72476,0.13889
11594.86752,0.13805
11591.01028,0.13812
11587.15303,0.13815
11583.29579,0.13734
11579.43855,0.13597
11575.58131,0.13562
11571.72407,0.13687
11567.86683,0.13802
11564.00959,0.13813
11560.15234,0.13786
11556.29510,0.13882
11552.43786,0.14067
11548.58062,0.13986
11544.72338,0.13676
11540.86614,0.13629
11537.00890,0.13919
11533.15166,0.14106
11529.29441,0.14000
11525.43717,0.13914
11521.57993,0.14066
11517.72269,0.14214
11513.86545,0.14101
11510.00821,0.13884
11506.15097,0.13851
11502.29372,0.13913
11498.43648,0.13794
11494.57924,0.13621
11490.72200,0.13722
11486.86476,0.13980
11483.00752,0.14017
11479.15028,0.13756
11475.29303,0.13533
11471.43579,0.13637
11467.57855,0.13896
11463.72131,0.14016
11459.86407,0.13894
11456.00683,0.13629
11452.14959,0.13512
11448.29235,0.13617
11444.43510,0.13745
11440.57786,0.13793
11436.72062,0.13746
11432.86338,0.13628
11429.00614,0.13583
11425.14890,0.13620
11421.29166,0.13612
11417.43441,0.13631
11413.57717,0.13718
11409.71993,0.13691
11405.86269,0.13545
11402.00545,0.13475
11398.14821,0.13528
11394.29097,0.13585
11390.43372,0.13547
11386.57648,0.13467
11382.71924,0.13500
11378.86200,0.13601
11375.00476,0.13570
11371.14752,0.13478
11367.29028,0.13524
11363.43304,0.13665
11359.57579,0.13776
11355.71855,0.13797
11351.86131,0.13713
11348.00407,0.13631
11344.14683,0.13659
11340.28959,0.13753
11336.43235,0.13806
11332.57510,0.13763
11328.71786,0.13725
11324.86062,0.13792
11321.00338,0.13843
11317.14614,0.13745
11313.28890,0.13556
11309.43166,0.13411
11305.57442,0.13401
11301.71717,0.13529
11297.85993,0.13687
11294.00269,0.13730
11290.14545,0.13678
11286.28821,0.13689
11282.43097,0.13803
11278.57373,0.13904
11274.71648,0.13944
11270.85924,0.13916
11267.00200,0.13828
11263.14476,0.13788
11259.28752,0.13792
11255.43028,0.13740
11251.57304,0.13706
11247.71579,0.13716
11243.85855,0.13630
11240.00131,0.13513
11236.14407,0.13535
11232.28683,0.13555
11228.42959,0.13441
11224.57235,0.13363
11220.71511,0.13463
11216.85786,0.13634
11213.00062,0.13711
11209.14338,0.13682
11205.28614,0.13667
11201.42890,0.13726
11197.57166,0.13761
11193.71442,0.13689
11189.85717,0.13615
11185.99993,0.13647
11182.14269,0.13748
11178.28545,0.13809
11174.42821,0.13793
11170.57097,0.13770
11166.71373,0.13766
11162.85648,0.13737
11158.99924,0.13676
11155.14200,0.13624
11151.28476,0.13592
11147.42752,0.13568
11143.57028,0.13584
11139.71304,0.13641
11135.85580,0.13677
11131.99855,0.13661
11128.14131,0.13617
11124.28407,0.13573
11120.42683,0.13535
11116.56959,0.13533
11112.71235,0.13595
11108.85511,0.13667
11104.99786,0.13678
11101.14062,0.13657
11097.28338,0.13679
11093.42614,0.13742
11089.56890,0.13816
11085.71166,0.13869
11081.85442,0.13838
11077.99718,0.13726
11074.13993,0.13643
11070.28269,0.13670
11066.42545,0.13786
11062.56821,0.13905
11058.71097,0.13926
11054.85373,0.13854
11050.99649,0.13798
11047.13924,0.13794
11043.28200,0.13780
11039.42476,0.13737
11035.56752,0.13731
11031.71028,0.13791
11027.85304,0.13856
11023.99580,0.13879
11020.13855,0.13865
11016.28131,0.13871
11012.42407,0.13895
11008.56683,0.13853
11004.70959,0.13751
11000.85235,0.13680
10996.99511,0.13693
10993.13787,0.13780
10989.28062,0.13854
10985.42338,0.13840
10981.56614,0.13781
10977.70890,0.13753
10973.85166,0.13762
10969.99442,0.13770
10966.13718,0.13708
10962.27993,0.13581
10958.42269,0.13516
10954.56545,0.13533
10950.70821,0.13512
10946.85097,0.13457
10942.99373,0.13496
10939.13649,0.13624
10935.27924,0.13686
10931.42200,0.13607
10927.56476,0.13510
10923.70752,0.13505
10919.85028,0.13534
10915.99304,0.13553
10912.13580,0.13586
10908.27856,0.13556
10904.42131,0.13500
10900.56407,0.13568
10896.70683,0.13699
10892.84959,0.13736
10888.99235,0.13644
10885.13511,0.13533
10881.27787,0.13511
10877.42062,0.13537
10873.56338,0.13547
10869.70614,0.13554
10865.84890,0.13568
10861.99166,0.13539
10858.13442,0.13459
10854.27718,0.13415
10850.41993,0.13444
10846.56269,0.13495
10842.70545,0.13527
10838.84821,0.13564
10834.99097,0.13635
10831.13373,0.13680
10827.27649,0.13635
10823.41925,0.13546
10819.56200,0.13499
10815.70476,0.13506
10811.84752,0.13519
10807.99028,0.13554
10804.13304,0.13611
10800.27580,0.13569
10796.41856,0.13430
10792.56131,0.13386
10788.70407,0.13478
10784.84683,0.13572
10780.98959,0.13600
10777.13235,0.13545
10773.27511,0.13465
10769.41787,0.13440
10765.56063,0.13445
10761.70338,0.13416
10757.84614,0.13386
10753.98890,0.13419
10750.13166,0.13439
10746.27442,0.13385
10742.41718,0.13341
10738.55994,0.13352
10734.70269,0.13402
10730.84545,0.13446
10726.98821,0.13474
10723.13097,0.13521
10719.27373,0.13533
10715.41649,0.13462
10711.55925,0.13399
10707.70200,0.13411
10703.84476,0.13456
10699.98752,0.13485
10696.13028,0.13485
10692.27304,0.13489
10688.41580,0.13547
10684.55856,0.13586
10680.70132,0.13524
10676.84407,0.13465
10672.98683,0.13457
10669.12959,0.13433
10665.27235,0.13397
10661.41511,0.13449
10657.55787,0.13583
10653.70063,0.13616
10649.84338,0.13487
10645.98614,0.13352
10642.12890,0.13319
10638.27166,0.13351
10634.41442,0.13380
10630.55718,0.13436
10626.69994,0.13530
10622.84269,0.13521
10618.98545,0.13415
10615.12821,0.13372
10611.27097,0.13362
10607.41373,0.13301
10603.55649,0.13246
10599.69925,0.13209
10595.84201,0.13191
10591.98476,0.13241
10588.12752,0.13296
10584.27028,0.13281
10580.41304,0.13247
10576.55580,0.13224
10572.69856,0.13228
10568.84132,0.13280
10564.98407,0.13322
10561.12683,0.13313
10557.26959,0.13282
10553.41235,0.13247
10549.55511,0.13191
10545.69787,0.13134
10541.84063,0.13126
10537.98339,0.13162
10534.12614,0.13198
10530.26890,0.13230
10526.41166,0.13230
10522.55442,0.13139
10518.69718,0.13015
10514.83994,0.12992
10510.98270,0.13031
10507.12545,0.13037
10503.26821,0.13043
10499.41097,0.13077
10495.55373,0.13112
10491.69649,0.13126
10487.83925,0.13084
10483.98201,0.12990
10480.12476,0.12941
10476.26752,0.12979
10472.41028,0.13032
10468.55304,0.13049
10464.69580,0.13034
10460.83856,0.12991
10456.98132,0.12964
10453.12408,0.13022
10449.26683,0.13110
10445.40959,0.13106
10441.55235,0.13032
10437.69511,0.12974
10433.83787,0.12971
10429.98063,0.13035
10426.12339,0.13087
10422.26614,0.13059
10418.40890,0.13047
10414.55166,0.13110
10410.69442,0.13135
10406.83718,0.13058
10402.97994,0.12993
10399.12270,0.13012
10395.26545,0.13058
10391.40821,0.13092
10387.55097,0.13084
10383.69373,0.13011
10379.83649,0.12949
10375.97925,0.12968
10372.12201,0.13020
10368.26477,0.13024
10364.40752,0.13010
10360.55028,0.13055
10356.69304,0.13122
10352.83580,0.13130
10348.97856,0.13087
10345.12132,0.13073
10341.26408,0.13122
10337.40683,0.13160
10333.54959,0.13155
10329.69235,0.13150
10325.83511,0.13151
10321.97787,0.13136
10318.12063,0.13113
10314.26339,0.13128
10310.40615,0.13184
10306.54890,0.13208
10302.69166,0.13193
10298.83442,0.13182
10294.97718,0.13170
10291.11994,0.13167
10287.26270,0.13189
10283.40546,0.13209
10279.54821,0.13194
10275.69097,0.13170
10271.83373,0.13200
10267.97649,0.13262
10264.11925,0.13265
10260.26201,0.13215
10256.40477,0.13213
10252.54752,0.13259
10248.69028,0.13270
10244.83304,0.13235
10240.97580,0.13207
10237.11856,0.13209
10233.26132,0.13234
10229.40408,0.13246
10225.54684,0.13200
10221.68959,0.13110
10217.83235,0.13067
10213.97511,0.13105
10210.11787,0.13178
10206.26063,0.13247
10202.40339,0.13264
10198.54615,0.13221
10194.68890,0.13191
10190.83166,0.13230
10186.97442,0.13328
10183.11718,0.13407
10179.25994,0.13396
10175.40270,0.13353
10171.54546,0.13367
10167.68821,0.13396
10163.83097,0.13367
10159.97373,0.13312
10156.11649,0.13307
10152.25925,0.13360
10148.40201,0.13430
10144.54477,0.13484
10140.68753,0.13488
10136.83028,0.13451
10132.97304,0.13442
10129.11580,0.13445
10125.25856,0.13394
10121.40132,0.13337
10117.54408,0.13328
10113.68684,0.13319
10109.82959,0.13303
10105.97235,0.13328
10102.11511,0.13377
10098.25787,0.13387
10094.40063,0.13378
10090.54339,0.13382
10086.68615,0.13378
10082.82891,0.13390
10078.97166,0.13426
10075.11442,0.13419
10071.25718,0.13388
10067.39994,0.13400
10063.54270,0.13408
10059.68546,0.13385
10055.82822,0.13416
10051.97097,0.13504
10048.11373,0.13548
10044.25649,0.13520
10040.39925,0.13470
10036.54201,0.13447
10032.68477,0.13466
10028.82753,0.13471
10024.97028,0.13433
10021.11304,0.13397
10017.25580,0.13391
10013.39856,0.13435
10009.54132,0.13523
10005.68408,0.13567
10001.82684,0.13548
9997.96960,0.13540
9994.11235,0.13533
9990.25511,0.13486
9986.39787,0.13432
9982.54063,0.13413
9978.68339,0.13421
9974.82615,0.13430
9970.96891,0.13431
9967.11166,0.13433
9963.25442,0.13455
9959.39718,0.13491
9955.53994,0.13481
9951.68270,0.13451
9947.82546,0.13485
9943.96822,0.13532
9940.11097,0.13506
9936.25373,0.13456
9932.39649,0.13452
9928.53925,0.13478
9924.68201,0.13484
9920.82477,0.13465
9916.96753,0.13433
9913.11029,0.13399
9909.25304,0.13398
9905.39580,0.13454
9901.53856,0.13526
9897.68132,0.13569
9893.82408,0.13562
9889.96684,0.13502
9886.10960,0.13446
9882.25235,0.13463
9878.39511,0.13521
9874.53787,0.13537
9870.68063,0.13489
9866.82339,0.13416
9862.96615,0.13359
9859.10891,0.13349
9855.25167,0.13363
9851.39442,0.13366
9847.53718,0.13372
9843.67994,0.13427
9839.82270,0.13504
9835.96546,0.13506
9832.10822,0.13438
9828.25098,0.13408
9824.39373,0.13453
9820.53649,0.13492
9816.67925,0.13464
9812.82201,0.13406
9808.96477,0.13393
9805.10753,0.13427
9801.25029,0.13443
9797.39304,0.13417
9793.53580,0.13391
9789.67856,0.13402
9785.82132,0.13458
9781.96408,0.13513
9778.10684,0.13506
9774.24960,0.13435
9770.39236,0.13372
9766.53511,0.13383
9762.67787,0.13433
9758.82063,0.13441
9754.96339,0.13396
9751.10615,0.13356
9747.24891,0.13373
9743.39167,0.13425
9739.53442,0.13446
9735.67718,0.13428
9731.81994,0.13414
9727.96270,0.13414
9724.10546,0.13396
9720.24822,0.13351
9716.39098,0.13326
9712.53373,0.13345
9708.67649,0.13384
9704.81925,0.13417
9700.96201,0.13425
9697.10477,0.13401
9693.24753,0.13358
9689.39029,0.13324
9685.53305,0.13326
9681.67580,0.13328
9677.81856,0.13290
9673.96132,0.13262
9670.10408,0.13285
9666.24684,0.13317
9662.38960,0.13329
9658.53236,0.13332
9654.67511,0.13341
9650.81787,0.13350
9646.96063,0.13331
9643.10339,0.13285
9639.24615,0.13250
9635.38891,0.13239
9631.53167,0.13226
9627.67443,0.13200
9623.81718,0.13177
9619.95994,0.13181
9616.10270,0.13214
9612.24546,0.13231
9608.38822,0.13215
9604.53098,0.13208
9600.67374,0.13220
9596.81649,0.13228
9592.95925,0.13226
9589.10201,0.13214
9585.24477,0.13184
9581.38753,0.13146
9577.53029,0.13132
9573.67305,0.13159
9569.81580,0.13190
9565.95856,0.13186
9562.10132,0.13175
9558.24408,0.13189
9554.38684,0.13203
9550.52960,0.13195
9546.67236,0.13171
9542.81512,0.13145
9538.95787,0.13136
9535.10063,0.13156
9531.24339,0.13184
9527.38615,0.13183
9523.52891,0.13149
9519.67167,0.13114
9515.81443,0.13101
9511.95718,0.13105
9508.09994,0.13116
9504.24270,0.13133
9500.38546,0.13173
9496.52822,0.13203
9492.67098,0.13167
9488.81374,0.13098
9484.95649,0.13062
9481.09925,0.13065
9477.24201,0.13071
9473.38477,0.13069
9469.52753,0.13080
9465.67029,0.13102
9461.81305,0.13092
9457.95581,0.13031
9454.09856,0.12984
9450.24132,0.13021
9446.38408,0.13088
9442.52684,0.13108
9438.66960,0.13109
9434.81236,0.13129
9430.95512,0.13132
9427.09787,0.13094
9423.24063,0.13060
9419.38339,0.13066
9415.52615,0.13078
9411.66891,0.13072
9407.81167,0.13063
9403.95443,0.13057
9400.09719,0.13053
9396.23994,0.13046
9392.38270,0.13051
9388.52546,0.13077
9384.66822,0.13087
9380.81098,0.13069
9376.95374,0.13052
9373.09650,0.13042
9369.23925,0.13034
9365.38201,0.13029
9361.52477,0.13028
9357.66753,0.13031
9353.81029,0.13029
9349.95305,0.13016
9346.09581,0.13000
9342.23856,0.12986
9338.38132,0.12981
9334.52408,0.12992
9330.66684,0.13013
9326.80960,0.13031
9322.95236,0.13032
9319.09512,0.13012
9315.23788,0.12998
9311.38063,0.13006
9307.52339,0.13029
9303.66615,0.13055
9299.80891,0.13062
9295.95167,0.13050
9292.09443,0.13018
9288.23719,0.12972
9284.37994,0.12956
9280.52270,0.12972
9276.66546,0.12980
9272.80822,0.12973
9268.95098,0.12972
9265.09374,0.12972
9261.23650,0.12956
9257.37925,0.12947
9253.52201,0.12950
9249.66477,0.12931
9245.80753,0.12897
9241.95029,0.12887
9238.09305,0.12901
9234.23581,0.12930
9230.37857,0.12976
9226.52132,0.12995
9222.66408,0.12950
9218.80684,0.12903
9214.94960,0.12904
9211.09236,0.12924
9207.23512,0.12944
9203.37788,0.12961
9199.52063,0.12959
9195.66339,0.12953
9191.80615,0.12973
9187.94891,0.12998
9184.09167,0.12988
9180.23443,0.12967
9176.37719,0.12969
9172.51995,0.12983
9168.66270,0.12995
9164.80546,0.13009
9160.94822,0.13020
9157.09098,0.13018
9153.23374,0.13008
9149.37650,0.12995
9145.51926,0.12979
9141.66201,0.12972
9137.80477,0.12989
9133.94753,0.13020
9130.09029,0.13040
9126.23305,0.13045
9122.37581,0.13037
9118.51857,0.13019
9114.66132,0.13011
9110.80408,0.13017
9106.94684,0.13031
9103.08960,0.13044
9099.23236,0.13044
9095.37512,0.13039
9091.51788,0.13038
9087.66064,0.13038
9083.80339,0.13043
9079.94615,0.13052
9076.08891,0.13045
9072.23167,0.13026
9068.37443,0.13031
9064.51719,0.13050
9060.65995,0.13042
9056.80270,0.13024
9052.94546,0.13025
9049.08822,0.13037
9045.23098,0.13044
9041.37374,0.13052
9037.51650,0.13079
9033.65926,0.13119
9029.80201,0.13142
9025.94477,0.13137
9022.08753,0.13135
9018.23029,0.13147
9014.37305,0.13155
9010.51581,0.13171
9006.65857,0.13213
9002.80133,0.13256
8998.94408,0.13287
8995.08684,0.13324
8991.22960,0.13361
8987.37236,0.13387
8983.51512,0.13416
8979.65788,0.13443
8975.80064,0.13464
8971.94339,0.13492
8968.08615,0.13531
8964.22891,0.13570
8960.37167,0.13612
8956.51443,0.13659
8952.65719,0.13704
8948.79995,0.13757
8944.94271,0.13826
8941.08546,0.13903
8937.22822,0.13979
8933.37098,0.14045
8929.51374,0.14100
8925.65650,0.14156
8921.79926,0.14223
8917.94202,0.14289
8914.08477,0.14354
8910.22753,0.14443
8906.37029,0.14554
8902.51305,0.14663
8898.65581,0.14766
8894.79857,0.14856
8890.94133,0.14936
8887.08408,0.15022
8883.22684,0.15124
8879.36960,0.15236
8875.51236,0.15336
8871.65512,0.15399
8867.79788,0.15429
8863.94064,0.15453
8860.08340,0.15476
8856.22615,0.15479
8852.36891,0.15466
8848.51167,0.15457
8844.65443,0.15450
8840.79719,0.15416
8836.93995,0.15360
8833.08271,0.15300
8829.22546,0.15228
8825.36822,0.15152
8821.51098,0.15090
8817.65374,0.15030
8813.79650,0.14950
8809.93926,0.14853
8806.08202,0.14765
8802.22477,0.14690
8798.36753,0.14610
8794.51029,0.14524
8790.65305,0.14447
8786.79581,0.14373
8782.93857,0.14283
8779.08133,0.14206
8775.22409,0.14158
8771.36684,0.14115
8767.50960,0.14068
8763.65236,0.14028
8759.79512,0.13989
8755.93788,0.13952
8752.08064,0.13939
8748.22340,0.13957
8744.36615,0.13966
8740.50891,0.13948
8736.65167,0.13932
8732.79443,0.13941
8728.93719,0.13950
8725.07995,0.13945
8721.22271,0.13945
8717.36547,0.13947
8713.50822,0.13950
8709.65098,0.13970
8705.79374,0.14009
8701.93650,0.14046
8698.07926,0.14074
8694.22202,0.14101
8690.36478,0.14128
8686.50753,0.14151
8682.65029,0.14157
8678.79305,0.14151
8674.93581,0.14157
8671.07857,0.14191
8667.22133,0.14236
8663.36409,0.14270
8659.50684,0.14285
8655.64960,0.14296
8651.79236,0.14332
8647.93512,0.14385
8644.07788,0.14417
8640.22064,0.14416
8636.36340,0.14412
8632.50616,0.14432
8628.64891,0.14472
8624.79167,0.14510
8620.93443,0.14538
8617.07719,0.14565
8613.21995,0.14600
8609.36271,0.14635
8605.50547,0.14675
8601.64822,0.14717
8597.79098,0.14739
8593.93374,0.14740
8590.07650,0.14756
8586.21926,0.14802
8582.36202,0.14848
8578.50478,0.14877
8574.64753,0.14902
8570.79029,0.14920
8566.93305,0.14932
8563.07581,0.14952
8559.21857,0.14973
8555.36133,0.14989
8551.50409,0.15007
8547.64685,0.15032
8543.78960,0.15064
8539.93236,0.15095
8536.07512,0.15121
8532.21788,0.15147
8528.36064,0.15172
8524.50340,0.15208
8520.64616,0.15256
8516.78891,0.15295
8512.93167,0.15320
8509.07443,0.15335
8505.21719,0.15339
8501.35995,0.15334
8497.50271,0.15331
8493.64547,0.15333
8489.78822,0.15338
8485.93098,0.15356
8482.07374,0.15379
8478.21650,0.15392
8474.35926,0.15401
8470.50202,0.15414
8466.64478,0.15419
8462.78754,0.15411
8458.93029,0.15399
8455.07305,0.15383
8451.21581,0.15368
8447.35857,0.15369
8443.50133,0.15383
8439.64409,0.15384
8435.78685,0.15373
8431.92960,0.15369
8428.07236,0.15370
8424.21512,0.15374
8420.35788,0.15387
8416.50064,0.15401
8412.64340,0.15402
8408.78616,0.15390
8404.92892,0.15379
8401.07167,0.15378
8397.21443,0.15380
8393.35719,0.15375
8389.49995,0.15360
8385.64271,0.15346
8381.78547,0.15346
8377.92823,0.15349
8374.07098,0.15343
8370.21374,0.15340
8366.35650,0.15338
8362.49926,0.15336
8358.64202,0.15340
8354.78478,0.15334
8350.92754,0.15316
8347.07029,0.15311
8343.21305,0.15324
8339.35581,0.15333
8335.49857,0.15324
8331.64133,0.15306
8327.78409,0.15299
8323.92685,0.15310
8320.06961,0.15331
8316.21236,0.15338
8312.35512,0.15337
8308.49788,0.15343
8304.64064,0.15347
8300.78340,0.15346
8296.92616,0.15346
8293.06892,0.15347
8289.21167,0.15351
8285.35443,0.15351
8281.49719,0.15343
8277.63995,0.15353
8273.78271,0.15380
8269.92547,0.15387
8266.06823,0.15366
8262.21098,0.15357
8258.35374,0.15376
8254.49650,0.15392
8250.63926,0.15399
8246.78202,0.15408
8242.92478,0.15415
8239.06754,0.15410
8235.21030,0.15393
8231.35305,0.15376
8227.49581,0.15376
8223.63857,0.15394
8219.78133,0.15405
8215.92409,0.15400
8212.06685,0.15395
8208.20961,0.15401
8204.35236,0.15401
8200.49512,0.15379
8196.63788,0.15353
8192.78064,0.15340
8188.92340,0.15327
8185.06616,0.15311
8181.20892,0.15304
8177.35168,0.15301
8173.49443,0.15288
8169.63719,0.15271
8165.77995,0.15267
8161.92271,0.15267
8158.06547,0.15255
8154.20823,0.15239
8150.35099,0.15232
8146.49374,0.15224
8142.63650,0.15199
8138.77926,0.15164
8134.92202,0.15133
8131.06478,0.15115
8127.20754,0.15106
8123.35030,0.15100
8119.49305,0.15085
8115.63581,0.15065
8111.77857,0.15053
8107.92133,0.15042
8104.06409,0.15026
8100.20685,0.15008
8096.34961,0.14987
8092.49237,0.14965
8088.63512,0.14941
8084.77788,0.14912
8080.92064,0.14884
8077.06340,0.14870
8073.20616,0.14870
8069.34892,0.14869
8065.49168,0.14854
8061.63443,0.14821
8057.77719,0.14779
8053.91995,0.14751
8050.06271,0.14742
8046.20547,0.14737
8042.34823,0.14727
8038.49099,0.14711
8034.63374,0.14703
8030.77650,0.14702
8026.91926,0.14692
8023.06202,0.14670
8019.20478,0.14657
8015.34754,0.14655
8011.49030,0.14652
8007.63306,0.14649
8003.77581,0.14652
7999.91857,0.14652
7996.06133,0.14647
7992.20409,0.14644
7988.34685,0.14638
7984.48961,0.14623
7980.63237,0.14604
7976.77512,0.14585
7972.91788,0.14575
7969.06064,0.14577
7965.20340,0.14580
7961.34616,0.14581
7957.48892,0.14572
7953.63168,0.14547
7949.77444,0.14528
7945.91719,0.14528
7942.05995,0.14531
7938.20271,0.14522
7934.34547,0.14515
7930.48823,0.14516
7926.63099,0.14517
7922.77375,0.14518
7918.91650,0.14524
7915.05926,0.14538
7911.20202,0.14549
7907.34478,0.14552
7903.48754,0.14548
7899.63030,0.14538
7895.77306,0.14526
7891.91581,0.14519
7888.05857,0.14519
7884.20133,0.14533
7880.34409,0.14550
7876.48685,0.14543
7872.62961,0.14533
7868.77237,0.14548
7864.91513,0.14566
7861.05788,0.14562
7857.20064,0.14554
7853.34340,0.14549
7849.48616,0.14533
7845.62892,0.14506
7841.77168,0.14482
7837.91444,0.14476
7834.05719,0.14480
7830.19995,0.14475
7826.34271,0.14459
7822.48547,0.14439
7818.62823,0.14428
7814.77099,0.14432
7810.91375,0.14436
7807.05650,0.14430
7803.19926,0.14415
7799.34202,0.14395
7795.48478,0.14368
7791.62754,0.14339
7787.77030,0.14322
7783.91306,0.14310
7780.05582,0.14295
7776.19857,0.14291
7772.34133,0.14295
7768.48409,0.14272
7764.62685,0.14239
7760.76961,0.14234
7756.91237,0.14233
7753.05513,0.14226
7749.19788,0.14229
7745.34064,0.14223
7741.48340,0.14191
7737.62616,0.14157
7733.76892,0.14138
7729.91168,0.14130
7726.05444,0.14118
7722.19720,0.14085
7718.33995,0.14040
7714.48271,0.14026
7710.62547,0.14059
7706.76823,0.14091
7702.91099,0.14074
7699.05375,0.14033
7695.19651,0.14012
7691.33926,0.14006
7687.48202,0.14003
7683.62478,0.14014
7679.76754,0.14035
7675.91030,0.14050
7672.05306,0.14046
7668.19582,0.14031
7664.33857,0.14020
7660.48133,0.14015
7656.62409,0.14022
7652.76685,0.14041
7648.90961,0.14060
7645.05237,0.14076
7641.19513,0.14083
7637.33789,0.14078
7633.48064,0.14069
7629.62340,0.14053
7625.76616,0.14036
7621.90892,0.14038
7618.05168,0.14056
7614.19444,0.14075
7610.33720,0.14104
7606.47995,0.14139
7602.62271,0.14155
7598.76547,0.14149
7594.90823,0.14146
7591.05099,0.14154
7587.19375,0.14159
7583.33651,0.14158
7579.47926,0.14170
7575.62202,0.14191
7571.76478,0.14201
7567.90754,0.14200
7564.05030,0.14204
7560.19306,0.14227
7556.33582,0.14262
7552.47858,0.14302
7548.62133,0.14348
7544.76409,0.14391
7540.90685,0.14413
7537.04961,0.14422
7533.19237,0.14442
7529.33513,0.14471
7525.47789,0.14494
7521.62064,0.14512
7517.76340,0.14539
7513.90616,0.14564
7510.04892,0.14576
7506.19168,0.14597
7502.33444,0.14631
7498.47720,0.14660
7494.61996,0.14690
7490.76271,0.14722
7486.90547,0.14746
7483.04823,0.14769
7479.19099,0.14803
7475.33375,0.14844
7471.47651,0.14884
7467.61927,0.14921
7463.76202,0.14965
7459.90478,0.15025
7456.04754,0.15093
7452.19030,0.15161
7448.33306,0.15230
7444.47582,0.15304
7440.61858,0.15383
7436.76133,0.15463
7432.90409,0.15538
7429.04685,0.15616
7425.18961,0.15703
7421.33237,0.15786
7417.47513,0.15859
7413.61789,0.15939
7409.76065,0.16029
7405.90340,0.16120
7402.04616,0.16210
7398.18892,0.16301
7394.33168,0.16390
7390.47444,0.16475
7386.61720,0.16563
7382.75996,0.16666
7378.90271,0.16781
7375.04547,0.16886
7371.18823,0.16984
7367.33099,0.17088
7363.47375,0.17186
7359.61651,0.17272
7355.75927,0.17360
7351.90202,0.17446
7348.04478,0.17528
7344.18754,0.17608
7340.33030,0.17681
7336.47306,0.17747
7332.61582,0.17811
7328.75858,0.17872
7324.90134,0.17927
7321.04409,0.17980
7317.18685,0.18033
7313.32961,0.18074
7309.47237,0.18087
7305.61513,0.18088
7301.75789,0.18107
7297.90065,0.18146
7294.04340,0.18187
7290.18616,0.18218
7286.32892,0.18243
7282.47168,0.18272
7278.61444,0.18307
7274.75720,0.18346
7270.89996,0.18380
7267.04272,0.18407
7263.18547,0.18435
7259.32823,0.18474
7255.47099,0.18516
7251.61375,0.18546
7247.75651,0.18570
7243.89927,0.18595
7240.04203,0.18615
7236.18478,0.18635
7232.32754,0.18658
7228.47030,0.18679
7224.61306,0.18702
7220.75582,0.18733
7216.89858,0.18770
7213.04134,0.18812
7209.18409,0.18851
7205.32685,0.18876
7201.46961,0.18886
7197.61237,0.18897
7193.75513,0.18922
7189.89789,0.18957
7186.04065,0.18999
7182.18341,0.19044
7178.32616,0.19092
7174.46892,0.19153
7170.61168,0.19222
7166.75444,0.19294
7162.89720,0.19373
7159.03996,0.19462
7155.18272,0.19553
7151.32547,0.19650
7147.46823,0.19764
7143.61099,0.19889
7139.75375,0.20012
7135.89651,0.20141
7132.03927,0.20279
7128.18203,0.20422
7124.32478,0.20566
7120.46754,0.20699
7116.61030,0.20813
7112.75306,0.20926
7108.89582,0.21059
7105.03858,0.21211
7101.18134,0.21362
7097.32410,0.21509
7093.46685,0.21666
7089.60961,0.21834
7085.75237,0.22001
7081.89513,0.22169
7078.03789,0.22343
7074.18065,0.22519
7070.32341,0.22701
7066.46616,0.22884
7062.60892,0.23065
7058.75168,0.23243
7054.89444,0.23413
7051.03720,0.23575
7047.17996,0.23737
7043.32272,0.23900
7039.46548,0.24059
7035.60823,0.24218
7031.75099,0.24373
7027.89375,0.24514
7024.03651,0.24643
7020.17927,0.24770
7016.32203,0.24895
7012.46479,0.25018
7008.60754,0.25138
7004.75030,0.25247
7000.89306,0.25347
6997.03582,0.25447
6993.17858,0.25551
6989.32134,0.25654
6985.46410,0.25742
6981.60685,0.25814
6977.74961,0.25878
6973.89237,0.25950
6970.03513,0.26037
6966.17789,0.26126
6962.32065,0.26205
6958.46341,0.26274
6954.60617,0.26337
6950.74892,0.26398
6946.89168,0.26460
6943.03444,0.26514
6939.17720,0.26557
6935.31996,0.26606
6931.46272,0.26663
6927.60548,0.26722
6923.74823,0.26775
6919.89099,0.26823
6916.03375,0.26872
6912.17651,0.26919
6908.31927,0.26957
6904.46203,0.26990
6900.60479,0.27033
6896.74754,0.27085
6892.89030,0.27135
6889.03306,0.27183
6885.17582,0.27236
6881.31858,0.27293
6877.46134,0.27352
6873.60410,0.27417
6869.74686,0.27486
6865.88961,0.27556
6862.03237,0.27632
6858.17513,0.27710
6854.31789,0.27776
6850.46065,0.27833
6846.60341,0.27904
6842.74617,0.27987
6838.88892,0.28063
6835.03168,0.28128
6831.17444,0.28197
6827.31720,0.28276
6823.45996,0.28360
6819.60272,0.28442
6815.74548,0.28527
6811.88824,0.28622
6808.03099,0.28714
6804.17375,0.28797
6800.31651,0.28882
6796.45927,0.28971
6792.60203,0.29054
6788.74479,0.29130
6784.88755,0.29205
6781.03030,0.29287
6777.17306,0.29369
6773.31582,0.29444
6769.45858,0.29515
6765.60134,0.29592
6761.74410,0.29664
6757.88686,0.29717
6754.02961,0.29760
6750.17237,0.29795
6746.31513,0.29823
6742.45789,0.29847
6738.60065,0.29866
6734.74341,0.29876
6730.88617,0.29883
6727.02893,0.29892
6723.17168,0.29905
6719.31444,0.29913
6715.45720,0.29913
6711.59996,0.29916
6707.74272,0.29924
6703.88548,0.29925
6700.02824,0.29914
6696.17099,0.29900
6692.31375,0.29896
6688.45651,0.29890
6684.59927,0.29873
6680.74203,0.29858
6676.88479,0.29846
6673.02755,0.29820
6669.17030,0.29778
6665.31306,0.29734
6661.45582,0.29700
6657.59858,0.29668
6653.74134,0.29625
6649.88410,0.29572
6646.02686,0.29523
6642.16962,0.29483
6638.31237,0.29446
6634.45513,0.29399
6630.59789,0.29338
6626.74065,0.29278
6622.88341,0.29226
6619.02617,0.29171
6615.16893,0.29111
6611.31168,0.29050
6607.45444,0.28993
6603.59720,0.28950
6599.73996,0.28915
6595.88272,0.28874
6592.02548,0.28825
6588.16824,0.28781
6584.31100,0.28751
6580.45375,0.28731
6576.59651,0.28718
6572.73927,0.28707
6568.88203,0.28704
6565.02479,0.28710
6561.16755,0.28718
6557.31031,0.28720
6553.45306,0.28718
6549.59582,0.28721
6545.73858,0.28725
6541.88134,0.28728
6538.02410,0.28741
6534.16686,0.28758
6530.30962,0.28767
6526.45237,0.28779
6522.59513,0.28802
6518.73789,0.28821
6514.88065,0.28831
6511.02341,0.28836
6507.16617,0.28835
6503.30893,0.28837
6499.45169,0.28842
6495.59444,0.28846
6491.73720,0.28849
6487.87996,0.28853
6484.02272,0.28853
6480.16548,0.28848
6476.30824,0.28834
6472.45100,0.28806
6468.59375,0.28771
6464.73651,0.28744
6460.87927,0.28720
6457.02203,0.28684
6453.16479,0.28645
6449.30755,0.28620
6445.45031,0.28608
6441.59306,0.28587
6437.73582,0.28547
6433.87858,0.28503
6430.02134,0.28472
6426.16410,0.28445
6422.30686,0.28403
6418.44962,0.28350
6414.59238,0.28306
6410.73513,0.28278
6406.87789,0.28257
6403.02065,0.28232
6399.16341,0.28202
6395.30617,0.28176
6391.44893,0.28159
6387.59169,0.28142
6383.73444,0.28117
6379.87720,0.28093
6376.01996,0.28075
6372.16272,0.28057
6368.30548,0.28034
6364.44824,0.28016
6360.59100,0.28002
6356.73376,0.27986
6352.87651,0.27961
6349.01927,0.27932
6345.16203,0.27909
6341.30479,0.27903
6337.44755,0.27910
6333.59031,0.27910
6329.73307,0.27902
6325.87582,0.27890
6322.01858,0.27876
6318.16134,0.27866
6314.30410,0.27862
6310.44686,0.27852
6306.58962,0.27833
6302.73238,0.27807
6298.87513,0.27781
6295.01789,0.27751
6291.16065,0.27706
6287.30341,0.27644
6283.44617,0.27575
6279.58893,0.27507
6275.73169,0.27437
6271.87445,0.27363
6268.01720,0.27284
6264.15996,0.27200
6260.30272,0.27112
6256.44548,0.27021
6252.58824,0.26923
6248.73100,0.26824
6244.87376,0.26724
6241.01651,0.26615
6237.15927,0.26495
6233.30203,0.26380
6229.44479,0.26278
6225.58755,0.26183
6221.73031,0.26094
6217.87307,0.26025
6214.01582,0.25974
6210.15858,0.25937
6206.30134,0.25913
6202.44410,0.25898
6198.58686,0.25882
6194.72962,0.25840
6190.87238,0.25753
6187.01514,0.25630
6183.15789,0.25491
6179.30065,0.25353
6175.44341,0.25234
6171.58617,0.25144
6167.72893,0.25080
6163.87169,0.25033
6160.01445,0.25006
6156.15720,0.25005
6152.29996,0.25022
6148.44272,0.25035
6144.58548,0.25026
6140.72824,0.24997
6136.87100,0.24958
6133.01376,0.24915
6129.15652,0.24885
6125.29927,0.24885
6121.44203,0.24931
6117.58479,0.25035
6113.72755,0.25200
6109.87031,0.25428
6106.01307,0.25716
6102.15583,0.26046
6098.29858,0.26400
6094.44134,0.26768
6090.58410,0.27139
6086.72686,0.27492
6082.86962,0.27820
6079.01238,0.28145
6075.15514,0.28501
6071.29789,0.28912
6067.44065,0.29390
6063.58341,0.29924
6059.72617,0.30461
6055.86893,0.30943
6052.01169,0.31357
6048.15445,0.31733
6044.29721,0.32107
6040.43996,0.32509
6036.58272,0.32955
6032.72548,0.33427
6028.86824,0.33872
6025.01100,0.34225
6021.15376,0.34426
6017.29652,0.34418
6013.43927,0.34173
6009.58203,0.33711
6005.72479,0.33099
6001.86755,0.32416
5998.01031,0.31738
5994.15307,0.31137
5990.29583,0.30666
5986.43858,0.30331
5982.58134,0.30093
5978.72410,0.29891
5974.86686,0.29664
5971.00962,0.29374
5967.15238,0.29037
5963.29514,0.28720
5959.43790,0.28484
5955.58065,0.28343
5951.72341,0.28279
5947.86617,0.28256
5944.00893,0.28222
5940.15169,0.28117
5936.29445,0.27909
5932.43721,0.27613
5928.57996,0.27271
5924.72272,0.26921
5920.86548,0.26594
5917.00824,0.26317
5913.15100,0.26093
5909.29376,0.25928
5905.43652,0.25842
5901.57927,0.25850
5897.72203,0.25942
5893.86479,0.26102
5890.00755,0.26317
5886.15031,0.26568
5882.29307,0.26820
5878.43583,0.27046
5874.57859,0.27238
5870.72134,0.27397
5866.86410,0.27518
5863.00686,0.27584
5859.14962,0.27589
5855.29238,0.27547
5851.43514,0.27483
5847.57790,0.27414
5843.72065,0.27356
5839.86341,0.27317
5836.00617,0.27300
5832.14893,0.27303
5828.29169,0.27323
5824.43445,0.27345
5820.57721,0.27364
5816.71997,0.27384
5812.86272,0.27404
5809.00548,0.27414
5805.14824,0.27414
5801.29100,0.27410
5797.43376,0.27395
5793.57652,0.27368
5789.71928,0.27343
5785.86203,0.27329
5782.00479,0.27315
5778.14755,0.27293
5774.29031,0.27254
5770.43307,0.27201
5766.57583,0.27133
5762.71859,0.27044
5758.86134,0.26933
5755.00410,0.26812
5751.14686,0.26685
5747.28962,0.26546
5743.43238,0.26399
5739.57514,0.26263
5735.71790,0.26141
5731.86066,0.26039
5728.00341,0.25963
5724.14617,0.25917
5720.28893,0.25900
5716.43169,0.25909
5712.57445,0.25931
5708.71721,0.25949
5704.85997,0.25955
5701.00272,0.25952
5697.14548,0.25942
5693.28824,0.25924
5689.43100,0.25904
5685.57376,0.25892
5681.71652,0.25889
5677.85928,0.25898
5674.00203,0.25916
5670.14479,0.25943
5666.28755,0.25988
5662.43031,0.26044
5658.57307,0.26085
5654.71583,0.26105
5650.85859,0.26105
5647.00135,0.26082
5643.14410,0.26029
5639.28686,0.25952
5635.42962,0.25871
5631.57238,0.25800
5627.71514,0.25739
5623.85790,0.25687
5620.00066,0.25653
5616.14341,0.25637
5612.28617,0.25629
5608.42893,0.25625
5604.57169,0.25631
5600.71445,0.25649
5596.85721,0.25676
5592.99997,0.25710
5589.14273,0.25748
5585.28548,0.25789
5581.42824,0.25833
5577.57100,0.25875
5573.71376,0.25914
5569.85652,0.25950
5565.99928,0.25979
5562.14204,0.25994
5558.28479,0.25989
5554.42755,0.25973
5550.57031,0.25958
5546.71307,0.25948
5542.85583,0.25941
5538.99859,0.25936
5535.14135,0.25934
5531.28410,0.25932
5527.42686,0.25922
5523.56962,0.25905
5519.71238,0.25880
5515.85514,0.25850
5511.99790,0.25825
5508.14066,0.25812
5504.28342,0.25817
5500.42617,0.25837
5496.56893,0.25868
5492.71169,0.25904
5488.85445,0.25939
5484.99721,0.25968
5481.13997,0.25983
5477.28273,0.25980
5473.42548,0.25955
5469.56824,0.25912
5465.71100,0.25854
5461.85376,0.25779
5457.99652,0.25688
5454.13928,0.25588
5450.28204,0.25479
5446.42479,0.25352
5442.56755,0.25209
5438.71031,0.25067
5434.85307,0.24934
5430.99583,0.24813
5427.13859,0.24708
5423.28135,0.24623
5419.42411,0.24557
5415.56686,0.24499
5411.70962,0.24449
5407.85238,0.24418
5403.99514,0.24406
5400.13790,0.24402
5396.28066,0.24393
5392.42342,0.24371
5388.56617,0.24355
5384.70893,0.24359
5380.85169,0.24375
5376.99445,0.24399
5373.13721,0.24439
5369.27997,0.24488
5365.42273,0.24536
5361.56549,0.24585
5357.70824,0.24641
5353.85100,0.24701
5349.99376,0.24761
5346.13652,0.24824
5342.27928,0.24892
5338.42204,0.24962
5334.56480,0.25031
5330.70755,0.25111
5326.85031,0.25221
5322.99307,0.25367
5319.13583,0.25545
5315.27859,0.25751
5311.42135,0.25985
5307.56411,0.26252
5303.70686,0.26558
5299.84962,0.26900
5295.99238,0.27276
5292.13514,0.27697
5288.27790,0.28179
5284.42066,0.28715
5280.56342,0.29304
5276.70618,0.29938
5272.84893,0.30584
5268.99169,0.31234
5265.13445,0.31892
5261.27721,0.32531
5257.41997,0.33109
5253.56273,0.33625
5249.70549,0.34094
5245.84824,0.34535
5241.99100,0.34936
5238.13376,0.35278
5234.27652,0.35576
5230.41928,0.35841
5226.56204,0.36071
5222.70480,0.36270
5218.84755,0.36450
5214.99031,0.36610
5211.13307,0.36740
5207.27583,0.36846
5203.41859,0.36938
5199.56135,0.37025
5195.70411,0.37102
5191.84687,0.37159
5187.98962,0.37188
5184.13238,0.37201
5180.27514,0.37206
5176.41790,0.37201
5172.56066,0.37185
5168.70342,0.37156
5164.84618,0.37115
5160.98893,0.37070
5157.13169,0.37021
5153.27445,0.36961
5149.41721,0.36884
5145.55997,0.36797
5141.70273,0.36710
5137.84549,0.36632
5133.98825,0.36554
5130.13100,0.36469
5126.27376,0.36377
5122.41652,0.36271
5118.55928,0.36131
5114.70204,0.35944
5110.84480,0.35703
5106.98756,0.35424
5103.13031,0.35142
5099.27307,0.34876
5095.41583,0.34620
5091.55859,0.34374
5087.70135,0.34142
5083.84411,0.33926
5079.98687,0.33723
5076.12962,0.33533
5072.27238,0.33354
5068.41514,0.33178
5064.55790,0.33002
5060.70066,0.32833
5056.84342,0.32673
5052.98618,0.32522
5049.12894,0.32380
5045.27169,0.32245
5041.41445,0.32121
5037.55721,0.32003
5033.69997,0.31884
5029.84273,0.31770
5025.98549,0.31665
5022.12825,0.31566
5018.27100,0.31471
5014.41376,0.31389
5010.55652,0.31312
5006.69928,0.31228
5002.84204,0.31140
4998.98480,0.31053
4995.12756,0.30981
4991.27031,0.30927
4987.41307,0.30888
4983.55583,0.30867
4979.69859,0.30861
4975.84135,0.30866
4971.98411,0.30891
4968.12687,0.30941
4964.26963,0.31019
4960.41238,0.31120
4956.55514,0.31237
4952.69790,0.31368
4948.84066,0.31524
4944.98342,0.31701
4941.12618,0.31888
4937.26894,0.32084
4933.41169,0.32292
4929.55445,0.32514
4925.69721,0.32750
4921.83997,0.32999
4917.98273,0.33264
4914.12549,0.33548
4910.26825,0.33845
4906.41101,0.34157
4902.55376,0.34489
4898.69652,0.34833
4894.83928,0.35189
4890.98204,0.35559
4887.12480,0.35936
4883.26756,0.36314
4879.41032,0.36699
4875.55307,0.37086
4871.69583,0.37464
4867.83859,0.37828
4863.98135,0.38171
4860.12411,0.38494
4856.26687,0.38815
4852.40963,0.39150
4848.55238,0.39498
4844.69514,0.39861
4840.83790,0.40247
4836.98066,0.40659
4833.12342,0.41080
4829.26618,0.41500
4825.40894,0.41915
4821.55170,0.42311
4817.69445,0.42671
4813.83721,0.42999
4809.97997,0.43310
4806.12273,0.43603
4802.26549,0.43864
4798.40825,0.44082
4794.55101,0.44256
4790.69376,0.44397
4786.83652,0.44510
4782.97928,0.44592
4779.12204,0.44655
4775.26480,0.44726
4771.40756,0.44814
4767.55032,0.44917
4763.69307,0.45039
4759.83583,0.45191
4755.97859,0.45370
4752.12135,0.45564
4748.26411,0.45748
4744.40687,0.45907
4740.54963,0.46044
4736.69239,0.46181
4732.83514,0.46356
4728.97790,0.46594
4725.12066,0.46862
4721.26342,0.47067
4717.40618,0.47142
4713.54894,0.47127
4709.69170,0.47134
4705.83445,0.47265
4701.97721,0.47554
4698.11997,0.47934
4694.26273,0.48246
4690.40549,0.48318
4686.54825,0.48062
4682.69101,0.47495
4678.83377,0.46732
4674.97652,0.45940
4671.11928,0.45267
4667.26204,0.44778
4663.40480,0.44452
4659.54756,0.44239
4655.69032,0.44125
4651.83308,0.44151
4647.97583,0.44354
4644.11859,0.44699
4640.26135,0.45050
4636.40411,0.45224
4632.54687,0.45061
4628.68963,0.44509
4624.83239,0.43688
4620.97514,0.42815
4617.11790,0.42059
4613.26066,0.41489
4609.40342,0.41115
4605.54618,0.40936
4601.68894,0.40939
4597.83170,0.41075
4593.97446,0.41255
4590.11721,0.41407
4586.25997,0.41520
4582.40273,0.41572
4578.54549,0.41433
4574.68825,0.40982
4570.83101,0.40283
4566.97377,0.39551
4563.11652,0.38958
4559.25928,0.38560
4555.40204,0.38323
4551.54480,0.38177
4547.68756,0.38065
4543.83032,0.37963
4539.97308,0.37873
4536.11583,0.37813
4532.25859,0.37797
4528.40135,0.37824
4524.54411,0.37886
4520.68687,0.37988
4516.82963,0.38147
4512.97239,0.38383
4509.11515,0.38725
4505.25790,0.39202
4501.40066,0.39823
4497.54342,0.40563
4493.68618,0.41334
4489.82894,0.42016
4485.97170,0.42548
4482.11446,0.42993
4478.25721,0.43487
4474.39997,0.44163
4470.54273,0.45097
4466.68549,0.46276
4462.82825,0.47535
4458.97101,0.48592
4455.11377,0.49276
4451.25653,0.49708
4447.39928,0.50127
4443.54204,0.50638
4439.68480,0.51187
4435.82756,0.51652
4431.97032,0.51904
4428.11308,0.51894
4424.25584,0.51704
4420.39859,0.51499
4416.54135,0.51432
4412.68411,0.51577
4408.82687,0.51860
4404.96963,0.52105
4401.11239,0.52159
4397.25515,0.51972
4393.39790,0.51600
4389.54066,0.51152
4385.68342,0.50727
4381.82618,0.50372
4377.96894,0.50099
4374.11170,0.49918
4370.25446,0.49833
4366.39722,0.49855
4362.53997,0.49964
4358.68273,0.50113
4354.82549,0.50271
4350.96825,0.50448
4347.11101,0.50670
4343.25377,0.50940
4339.39653,0.51232
4335.53928,0.51515
4331.68204,0.51782
4327.82480,0.52049
4323.96756,0.52325
4320.11032,0.52612
4316.25308,0.52942
4312.39584,0.53345
4308.53859,0.53818
4304.68135,0.54327
4300.82411,0.54819
4296.96687,0.55241
4293.10963,0.55563
4289.25239,0.55775
4285.39515,0.55878
4281.53791,0.55901
4277.68066,0.55868
4273.82342,0.55785
4269.96618,0.55647
4266.10894,0.55460
4262.25170,0.55264
4258.39446,0.55121
4254.53722,0.55064
4250.67997,0.55063
4246.82273,0.55063
4242.96549,0.55012
4239.10825,0.54887
4235.25101,0.54724
4231.39377,0.54586
4227.53653,0.54480
4223.67929,0.54354
4219.82204,0.54171
4215.96480,0.53941
4212.10756,0.53694
4208.25032,0.53448
4204.39308,0.53219
4200.53584,0.53041
4196.67860,0.52957
4192.82135,0.52999
4188.96411,0.53183
4185.10687,0.53503
4181.24963,0.53857
4177.39239,0.54038
4173.53515,0.53884
4169.67791,0.53437
4165.82066,0.52891
4161.96342,0.52431
4158.10618,0.52148
4154.24894,0.52045
4150.39170,0.52094
4146.53446,0.52274
4142.67722,0.52562
4138.81998,0.52915
4134.96273,0.53282
4131.10549,0.53619
4127.24825,0.53918
4123.39101,0.54227
4119.53377,0.54618
4115.67653,0.55133
4111.81929,0.55795
4107.96204,0.56643
4104.10480,0.57725
4100.24756,0.59089
4096.39032,0.60654
4092.53308,0.62010
4088.67584,0.62650
4084.81860,0.62469
4080.96135,0.61771
4077.10411,0.60929
4073.24687,0.60239
4069.38963,0.59854
4065.53239,0.59767
4061.67515,0.59895
4057.81791,0.60164
4053.96067,0.60520
4050.10342,0.60903
4046.24618,0.61260
4042.38894,0.61558
4038.53170,0.61781
4034.67446,0.61957
4030.81722,0.62111
4026.95998,0.62220
4023.10273,0.62249
4019.24549,0.62210
4015.38825,0.62122
4011.53101,0.61989
4007.67377,0.61811
4003.81653,0.61595
3999.95929,0.61335
3996.10205,0.61019
3992.24480,0.60701
3988.38756,0.60435
3984.53032,0.60215
3980.67308,0.60030
3976.81584,0.59871
3972.95860,0.59698
3969.10136,0.59476
3965.24411,0.59218
3961.38687,0.58943
3957.52963,0.58665
3953.67239,0.58387
3949.81515,0.58095
3945.95791,0.57790
3942.10067,0.57499
3938.24342,0.57238
3934.38618,0.56983
3930.52894,0.56727
3926.67170,0.56496
3922.81446,0.56284
3918.95722,0.56073
3915.09998,0.55870
3911.24274,0.55669
3907.38549,0.55422
3903.52825,0.55078
3899.67101,0.54705
3895.81377,0.54411
3891.95653,0.54160
3888.09929,0.53927
3884.24205,0.53729
3880.38480,0.53571
3876.52756,0.53420
3872.67032,0.53208
3868.81308,0.52896
3864.95584,0.52545
3861.09860,0.52246
3857.24136,0.51967
3853.38411,0.51633
3849.52687,0.51394
3845.66963,0.51284
3841.81239,0.51166
3837.95515,0.51041
3834.09791,0.50976
3830.24067,0.50949
3826.38343,0.50948
3822.52618,0.51022
3818.66894,0.51233
3814.81170,0.51508
3810.95446,0.51720
3807.09722,0.51829
3803.23998,0.51815
3799.38274,0.51703
3795.52549,0.51579
3791.66825,0.51493
3787.81101,0.51465
3783.95377,0.51527
3780.09653,0.51694
3776.23929,0.51914
3772.38205,0.52143
3768.52481,0.52413
3764.66756,0.52722
3760.81032,0.52992
3756.95308,0.53137
3753.09584,0.53105
3749.23860,0.52972
3745.38136,0.52985
3741.52412,0.53206
3737.66687,0.53584
3733.80963,0.54104
3729.95239,0.54520
3726.09515,0.54772
3722.23791,0.55059
3718.38067,0.55450
3714.52343,0.55968
3710.66618,0.56788
3706.80894,0.57851
3702.95170,0.59028
3699.09446,0.60395
3695.23722,0.61910
3691.37998,0.63870
3687.52274,0.66301
3683.66550,0.68165
3679.80825,0.69552
3675.95101,0.71289
3672.09377,0.73765
3668.23653,0.76356
3664.37929,0.78554
3660.52205,0.80568
3656.66481,0.82638
3652.80756,0.84792
3648.95032,0.87329
3645.09308,0.89928
3641.23584,0.91739
3637.37860,0.93115
3633.52136,0.94388
3629.66412,0.96009
3625.80687,0.98174
3621.94963,0.99805
3618.09239,1.00825
3614.23515,1.01940
3610.37791,1.03736
3606.52067,1.05600
3602.66343,1.06883
3598.80619,1.08189
