12493.60475,0.14024
12489.74751,0.13784
12485.89027,0.13703
12482.03303,0.13763
12478.17579,0.13873
12474.31855,0.13861
12470.46130,0.13667
12466.60406,0.13546
12462.74682,0.13612
12458.88958,0.13641
12455.03234,0.13727
12451.17510,0.13942
12447.31786,0.13994
12443.46062,0.13987
12439.60337,0.14111
12435.74613,0.14129
12431.88889,0.13923
12428.03165,0.13778
12424.17441,0.13781
12420.31717,0.13629
12416.45993,0.13506
12412.60268,0.13757
12408.74544,0.13965
12404.88820,0.13808
12401.03096,0.13722
12397.17372,0.13934
12393.31648,0.14044
12389.45924,0.13898
12385.60199,0.13828
12381.74475,0.13933
12377.88751,0.13996
12374.03027,0.14024
12370.17303,0.14110
12366.31579,0.14076
12362.45855,0.13933
12358.60131,0.13973
12354.74406,0.14145
12350.88682,0.14327
12347.02958,0.14510
12343.17234,0.14486
12339.31510,0.14236
12335.45786,0.13953
12331.60062,0.13702
12327.74337,0.13606
12323.88613,0.13771
12320.02889,0.14023
12316.17165,0.14091
12312.31441,0.14028
12308.45717,0.14016
12304.59993,0.14038
12300.74268,0.14175
12296.88544,0.14397
12293.02820,0.14354
12289.17096,0.14003
12285.31372,0.13738
12281.45648,0.13783
12277.59924,0.13892
12273.74200,0.13760
12269.88475,0.13522
12266.02751,0.13562
12262.17027,0.13878
12258.31303,0.14118
12254.45579,0.14208
12250.59855,0.14225
12246.74131,0.14075
12242.88406,0.13802
12239.02682,0.13589
12235.16958,0.13484
12231.31234,0.13485
12227.45510,0.13555
12223.59786,0.13619
12219.74062,0.13678
12215.88338,0.13755
12212.02613,0.13882
12208.16889,0.14070
12204.31165,0.14242
12200.45441,0.14236
12196.59717,0.13986
12192.73993,0.13737
12188.88269,0.13686
12185.02544,0.13815
12181.16820,0.14092
12177.31096,0.14246
12173.45372,0.14022
12169.59648,0.13746
12165.73924,0.13803
12161.88200,0.13907
12158.02475,0.13753
12154.16751,0.13606
12150.31027,0.13729
12146.45303,0.14054
12142.59579,0.14295
12138.73855,0.14290
12134.88131,0.14194
12131.02407,0.14104
12127.16682,0.14014
12123.30958,0.13957
12119.45234,0.13852
12115.59510,0.13642
12111.73786,0.13528
12107.88062,0.13598
12104.02338,0.13729
12100.16613,0.13897
12096.30889,0.13988
12092.45165,0.13977
12088.59441,0.14050
12084.73717,0.14119
12080.87993,0.14108
12077.02269,0.14203
12073.16544,0.14348
12069.30820,0.14230
12065.45096,0.13908
12061.59372,0.13836
12057.73648,0.14016
12053.87924,0.14008
12050.02200,0.13879
12046.16476,0.14020
12042.30751,0.14212
12038.45027,0.14070
12034.59303,0.13818
12030.73579,0.13811
12026.87855,0.13873
12023.02131,0.13692
12019.16407,0.13453
12015.30682,0.13502
12011.44958,0.13811
12007.59234,0.14105
12003.73510,0.14114
11999.87786,0.13830
11996.02062,0.13603
11992.16338,0.13736
11988.30614,0.14091
11984.44889,0.14312
11980.59165,0.14265
11976.73441,0.14111
11972.87717,0.13962
11969.01993,0.13817
11965.16269,0.13831
11961.30545,0.14005
11957.44820,0.13993
11953.59096,0.13632
11949.73372,0.13208
11945.87648,0.13126
11942.01924,0.13467
11938.16200,0.13878
11934.30476,0.14042
11930.44751,0.13989
11926.59027,0.13897
11922.73303,0.13906
11918.87579,0.14032
11915.01855,0.14149
11911.16131,0.14134
11907.30407,0.14000
11903.44683,0.13907
11899.58958,0.13957
11895.73234,0.14073
11891.87510,0.14242
11888.01786,0.14440
11884.16062,0.14489
11880.30338,0.14354
11876.44614,0.14252
11872.58889,0.14315
11868.73165,0.14461
11864.87441,0.14562
11861.01717,0.14539
11857.15993,0.14455
11853.30269,0.14345
11849.44545,0.14204
11845.58820,0.14254
11841.73096,0.14542
11837.87372,0.14739
11834.01648,0.14747
11830.15924,0.14758
11826.30200,0.14762
11822.44476,0.14642
11818.58752,0.14557
11814.73027,0.14653
11810.87303,0.14749
11807.01579,0.14703
11803.15855,0.14608
11799.30131,0.14582
11795.44407,0.14629
11791.58683,0.14635
11787.72958,0.14533
11783.87234,0.14372
11780.01510,0.14316
11776.15786,0.14529
11772.30062,0.14831
11768.44338,0.14871
11764.58614,0.14743
11760.72890,0.14698
11756.87165,0.14580
11753.01441,0.14324
11749.15717,0.14268
11745.29993,0.14453
11741.44269,0.14584
11737.58545,0.14522
11733.72821,0.14348
11729.87096,0.14304
11726.01372,0.14478
11722.15648,0.14658
11718.29924,0.14683
11714.44200,0.14635
11710.58476,0.14581
11706.72752,0.14524
11702.87027,0.14521
11699.01303,0.14514
11695.15579,0.14360
11691.29855,0.14151
11687.44131,0.14114
11683.58407,0.14242
11679.72683,0.14366
11675.86959,0.14436
11672.01234,0.14494
11668.15510,0.14598
11664.29786,0.14679
11660.44062,0.14633
11656.58338,0.14608
11652.72614,0.14762
11648.86890,0.14857
11645.01165,0.14634
11641.15441,0.14331
11637.29717,0.14212
11633.43993,0.14182
11629.58269,0.14217
11625.72545,0.14401
11621.86821,0.14653
11618.01096,0.14740
11614.15372,0.14521
11610.29648,0.14200
11606.43924,0.14060
11602.58200,0.14069
11598.72476,0.14011
11594.86752,0.13892
11591.01028,0.13898
11587.15303,0.14070
11583.29579,0.14305
11579.43855,0.14438
11575.58131,0.14441
11571.72407,0.14478
11567.86683,0.14473
11564.00959,0.14241
11560.15234,0.13984
11556.29510,0.14073
11552.43786,0.14462
11548.58062,0.14648
11544.72338,0.14437
11540.86614,0.14243
11537.00890,0.14326
11533.15166,0.14468
11529.29441,0.14450
11525.43717,0.14381
11521.57993,0.14478
11517.72269,0.14628
11513.86545,0.14616
11510.00821,0.14536
11506.15097,0.14597
11502.29372,0.14803
11498.43648,0.14863
11494.57924,0.14621
11490.72200,0.14423
11486.86476,0.14533
11483.00752,0.14650
11479.15028,0.14572
11475.29303,0.14535
11471.43579,0.14555
11467.57855,0.14442
11463.72131,0.14262
11459.86407,0.14090
11456.00683,0.13946
11452.14959,0.13969
11448.29235,0.14125
11444.43510,0.14145
11440.57786,0.14028
11436.72062,0.13988
11432.86338,0.14040
11429.00614,0.14106
11425.14890,0.14078
11421.29166,0.13963
11417.43441,0.13962
11413.57717,0.14059
11409.71993,0.14130
11405.86269,0.14192
11402.00545,0.14213
11398.14821,0.14142
11394.29097,0.14124
11390.43372,0.14218
11386.57648,0.14223
11382.71924,0.14164
11378.86200,0.14179
11375.00476,0.14101
11371.14752,0.13912
11367.29028,0.13829
11363.43304,0.13934
11359.57579,0.14185
11355.71855,0.14346
11351.86131,0.14234
11348.00407,0.14087
11344.14683,0.14102
11340.28959,0.14176
11336.43235,0.14213
11332.57510,0.14186
11328.71786,0.14127
11324.86062,0.14122
11321.00338,0.14208
11317.14614,0.14265
11313.28890,0.14118
11309.43166,0.13916
11305.57442,0.13945
11301.71717,0.14152
11297.85993,0.14270
11294.00269,0.14212
11290.14545,0.14158
11286.28821,0.14222
11282.43097,0.14313
11278.57373,0.14383
11274.71648,0.14417
11270.85924,0.14377
11267.00200,0.14295
11263.14476,0.14283
11259.28752,0.14356
11255.43028,0.14385
11251.57304,0.14370
11247.71579,0.14381
11243.85855,0.14322
11240.00131,0.14134
11236.14407,0.13939
11232.28683,0.13853
11228.42959,0.13875
11224.57235,0.13926
11220.71511,0.13983
11216.85786,0.14107
11213.00062,0.14291
11209.14338,0.14389
11205.28614,0.14305
11201.42890,0.14188
11197.57166,0.14211
11193.71442,0.14277
11189.85717,0.14248
11185.99993,0.14145
11182.14269,0.14056
11178.28545,0.14051
11174.42821,0.14100
11170.57097,0.14128
11166.71373,0.14076
11162.85648,0.13972
11158.99924,0.13956
11155.14200,0.14019
11151.28476,0.14045
11147.42752,0.14082
11143.57028,0.14166
11139.71304,0.14192
11135.85580,0.14135
11131.99855,0.14064
11128.14131,0.14023
11124.28407,0.14040
11120.42683,0.14119
11116.56959,0.14174
11112.71235,0.14152
11108.85511,0.14111
11104.99786,0.14095
11101.14062,0.14052
11097.28338,0.13965
11093.42614,0.13958
11089.56890,0.14084
11085.71166,0.14246
11081.85442,0.14354
11077.99718,0.14360
11074.13993,0.14328
11070.28269,0.14320
11066.42545,0.14245
11062.56821,0.14128
11058.71097,0.14083
11054.85373,0.14057
11050.99649,0.14062
11047.13924,0.14158
11043.28200,0.14235
11039.42476,0.14239
11035.56752,0.14263
11031.71028,0.14316
11027.85304,0.14304
11023.99580,0.14198
11020.13855,0.14097
11016.28131,0.14105
11012.42407,0.14154
11008.56683,0.14140
11004.70959,0.14103
11000.85235,0.14130
10996.99511,0.14212
10993.13787,0.14260
10989.28062,0.14227
10985.42338,0.14180
10981.56614,0.14137
10977.70890,0.14076
10973.85166,0.14122
10969.99442,0.14250
10966.13718,0.14252
10962.27993,0.14133
10958.42269,0.14034
10954.56545,0.14033
10950.70821,0.14097
10946.85097,0.14099
10942.99373,0.14054
10939.13649,0.14071
10935.27924,0.14142
10931.42200,0.14196
10927.56476,0.14206
10923.70752,0.14190
10919.85028,0.14134
10915.99304,0.14022
10912.13580,0.13906
10908.27856,0.13883
10904.42131,0.13963
10900.56407,0.14031
10896.70683,0.14059
10892.84959,0.14083
10888.99235,0.14056
10885.13511,0.14018
10881.27787,0.14065
10877.42062,0.14143
10873.56338,0.14132
10869.70614,0.14038
10865.84890,0.13975
10861.99166,0.13976
10858.13442,0.13975
10854.27718,0.13958
10850.41993,0.13991
10846.56269,0.14060
10842.70545,0.14036
10838.84821,0.13946
10834.99097,0.13916
10831.13373,0.13922
10827.27649,0.13922
10823.41925,0.13958
10819.56200,0.14005
10815.70476,0.13994
10811.84752,0.13950
10807.99028,0.13937
10804.13304,0.13954
10800.27580,0.13987
10796.41856,0.13982
10792.56131,0.13925
10788.70407,0.13937
10784.84683,0.13992
10780.98959,0.13916
10777.13235,0.13801
10773.27511,0.13810
10769.41787,0.13833
10765.56063,0.13804
10761.70338,0.13799
10757.84614,0.13852
10753.98890,0.13935
10750.13166,0.13951
10746.27442,0.13885
10742.41718,0.13841
10738.55994,0.13865
10734.70269,0.13909
10730.84545,0.13931
10726.98821,0.13935
10723.13097,0.13936
10719.27373,0.13926
10715.41649,0.13954
10711.55925,0.14018
10707.70200,0.13994
10703.84476,0.13862
10699.98752,0.13761
10696.13028,0.13756
10692.27304,0.13803
10688.41580,0.13838
10684.55856,0.13810
10680.70132,0.13778
10676.84407,0.13866
10672.98683,0.14022
10669.12959,0.14062
10665.27235,0.13962
10661.41511,0.13892
10657.55787,0.13902
10653.70063,0.13857
10649.84338,0.13749
10645.98614,0.13710
10642.12890,0.13764
10638.27166,0.13841
10634.41442,0.13905
10630.55718,0.13967
10626.69994,0.14011
10622.84269,0.14004
10618.98545,0.13959
10615.12821,0.13898
10611.27097,0.13846
10607.41373,0.13823
10603.55649,0.13807
10599.69925,0.13802
10595.84201,0.13827
10591.98476,0.13860
10588.12752,0.13864
10584.27028,0.13838
10580.41304,0.13823
10576.55580,0.13819
10572.69856,0.13800
10568.84132,0.13800
10564.98407,0.13798
10561.12683,0.13723
10557.26959,0.13620
10553.41235,0.13586
10549.55511,0.13630
10545.69787,0.13693
10541.84063,0.13704
10537.98339,0.13652
10534.12614,0.13612
10530.26890,0.13624
10526.41166,0.13642
10522.55442,0.13613
10518.69718,0.13560
10514.83994,0.13544
10510.98270,0.13570
10507.12545,0.13597
10503.26821,0.13606
10499.41097,0.13600
10495.55373,0.13598
10491.69649,0.13588
10487.83925,0.13541
10483.98201,0.13507
10480.12476,0.13508
10476.26752,0.13470
10472.41028,0.13432
10468.55304,0.13478
10464.69580,0.13501
10460.83856,0.13414
10456.98132,0.13342
10453.12408,0.13407
10449.26683,0.13534
10445.40959,0.13590
10441.55235,0.13561
10437.69511,0.13489
10433.83787,0.13422
10429.98063,0.13413
10426.12339,0.13440
10422.26614,0.13466
10418.40890,0.13504
10414.55166,0.13551
10410.69442,0.13578
10406.83718,0.13570
10402.97994,0.13558
10399.12270,0.13581
10395.26545,0.13608
10391.40821,0.13612
10387.55097,0.13603
10383.69373,0.13571
10379.83649,0.13548
10375.97925,0.13576
10372.12201,0.13622
10368.26477,0.13623
10364.40752,0.13579
10360.55028,0.13548
10356.69304,0.13574
10352.83580,0.13638
10348.97856,0.13680
10345.12132,0.13680
10341.26408,0.13660
10337.40683,0.13652
10333.54959,0.13665
10329.69235,0.13665
10325.83511,0.13669
10321.97787,0.13681
10318.12063,0.13630
10314.26339,0.13555
10310.40615,0.13544
10306.54890,0.13585
10302.69166,0.13635
10298.83442,0.13686
10294.97718,0.13732
10291.11994,0.13784
10287.26270,0.13839
10283.40546,0.13829
10279.54821,0.13740
10275.69097,0.13680
10271.83373,0.13708
10267.97649,0.13761
10264.11925,0.13762
10260.26201,0.13704
10256.40477,0.13660
10252.54752,0.13652
10248.69028,0.13647
10244.83304,0.13675
10240.97580,0.13733
10237.11856,0.13751
10233.26132,0.13754
10229.40408,0.13796
10225.54684,0.13819
10221.68959,0.13771
10217.83235,0.13719
10213.97511,0.13726
10210.11787,0.13762
10206.26063,0.13776
10202.40339,0.13747
10198.54615,0.13720
10194.68890,0.13741
10190.83166,0.13776
10186.97442,0.13796
10183.11718,0.13783
10179.25994,0.13744
10175.40270,0.13726
10171.54546,0.13757
10167.68821,0.13822
10163.83097,0.13851
10159.97373,0.13795
10156.11649,0.13717
10152.25925,0.13712
10148.40201,0.13761
10144.54477,0.13782
10140.68753,0.13798
10136.83028,0.13847
10132.97304,0.13867
10129.11580,0.13815
10125.25856,0.13748
10121.40132,0.13739
10117.54408,0.13772
10113.68684,0.13796
10109.82959,0.13829
10105.97235,0.13885
10102.11511,0.13917
10098.25787,0.13931
10094.40063,0.13978
10090.54339,0.14011
10086.68615,0.13955
10082.82891,0.13884
10078.97166,0.13882
10075.11442,0.13889
10071.25718,0.13865
10067.39994,0.13836
10063.54270,0.13806
10059.68546,0.13802
10055.82822,0.13830
10051.97097,0.13844
10048.11373,0.13854
10044.25649,0.13873
10040.39925,0.13877
10036.54201,0.13869
10032.68477,0.13853
10028.82753,0.13841
10024.97028,0.13867
10021.11304,0.13928
10017.25580,0.13972
10013.39856,0.13968
10009.54132,0.13940
10005.68408,0.13930
10001.82684,0.13949
9997.96960,0.13973
9994.11235,0.13953
9990.25511,0.13908
9986.39787,0.13920
9982.54063,0.13968
9978.68339,0.13973
9974.82615,0.13946
9970.96891,0.13925
9967.11166,0.13909
9963.25442,0.13915
9959.39718,0.13953
9955.53994,0.13963
9951.68270,0.13948
9947.82546,0.13973
9943.96822,0.14005
9940.11097,0.13995
9936.25373,0.13978
9932.39649,0.13972
9928.53925,0.13960
9924.68201,0.13938
9920.82477,0.13906
9916.96753,0.13892
9913.11029,0.13913
9909.25304,0.13937
9905.39580,0.13951
9901.53856,0.13964
9897.68132,0.13970
9893.82408,0.13957
9889.96684,0.13929
9886.10960,0.13916
9882.25235,0.13918
9878.39511,0.13904
9874.53787,0.13898
9870.68063,0.13914
9866.82339,0.13907
9862.96615,0.13890
9859.10891,0.13900
9855.25167,0.13918
9851.39442,0.13946
9847.53718,0.13986
9843.67994,0.14000
9839.82270,0.13995
9835.96546,0.14003
9832.10822,0.14002
9828.25098,0.13968
9824.39373,0.13941
9820.53649,0.13954
9816.67925,0.13991
9812.82201,0.14014
9808.96477,0.13996
9805.10753,0.13953
9801.25029,0.13914
9797.39304,0.13904
9793.53580,0.13916
9789.67856,0.13933
9785.82132,0.13959
9781.96408,0.14000
9778.10684,0.14017
9774.24960,0.13970
9770.39236,0.13900
9766.53511,0.13865
9762.67787,0.13866
9758.82063,0.13878
9754.96339,0.13898
9751.10615,0.13923
9747.24891,0.13939
9743.39167,0.13950
9739.53442,0.13951
9735.67718,0.13927
9731.81994,0.13891
9727.96270,0.13868
9724.10546,0.13863
9720.24822,0.13878
9716.39098,0.13902
9712.53373,0.13911
9708.67649,0.13907
9704.81925,0.13918
9700.96201,0.13933
9697.10477,0.13916
9693.24753,0.13887
9689.39029,0.13880
9685.53305,0.13875
9681.67580,0.13854
9677.81856,0.13830
9673.96132,0.13802
9670.10408,0.13783
9666.24684,0.13786
9662.38960,0.13787
9658.53236,0.13777
9654.67511,0.13783
9650.81787,0.13792
9646.96063,0.13772
9643.10339,0.13752
9639.24615,0.13750
9635.38891,0.13748
9631.53167,0.13762
9627.67443,0.13786
9623.81718,0.13781
9619.95994,0.13762
9616.10270,0.13762
9612.24546,0.13759
9608.38822,0.13750
9604.53098,0.13762
9600.67374,0.13774
9596.81649,0.13772
9592.95925,0.13787
9589.10201,0.13810
9585.24477,0.13794
9581.38753,0.13739
9577.53029,0.13689
9573.67305,0.13682
9569.81580,0.13720
9565.95856,0.13748
9562.10132,0.13719
9558.24408,0.13657
9554.38684,0.13622
9550.52960,0.13643
9546.67236,0.13688
9542.81512,0.13712
9538.95787,0.13712
9535.10063,0.13693
9531.24339,0.13668
9527.38615,0.13658
9523.52891,0.13658
9519.67167,0.13645
9515.81443,0.13621
9511.95718,0.13603
9508.09994,0.13589
9504.24270,0.13583
9500.38546,0.13608
9496.52822,0.13644
9492.67098,0.13650
9488.81374,0.13643
9484.95649,0.13647
9481.09925,0.13654
9477.24201,0.13654
9473.38477,0.13644
9469.52753,0.13634
9465.67029,0.13656
9461.81305,0.13698
9457.95581,0.13697
9454.09856,0.13641
9450.24132,0.13587
9446.38408,0.13577
9442.52684,0.13577
9438.66960,0.13557
9434.81236,0.13548
9430.95512,0.13570
9427.09787,0.13590
9423.24063,0.13584
9419.38339,0.13579
9415.52615,0.13573
9411.66891,0.13548
9407.81167,0.13530
9403.95443,0.13562
9400.09719,0.13628
9396.23994,0.13649
9392.38270,0.13601
9388.52546,0.13559
9384.66822,0.13573
9380.81098,0.13593
9376.95374,0.13586
9373.09650,0.13576
9369.23925,0.13567
9365.38201,0.13548
9361.52477,0.13534
9357.66753,0.13545
9353.81029,0.13574
9349.95305,0.13579
9346.09581,0.13539
9342.23856,0.13508
9338.38132,0.13530
9334.52408,0.13568
9330.66684,0.13586
9326.80960,0.13588
9322.95236,0.13566
9319.09512,0.13531
9315.23788,0.13522
9311.38063,0.13533
9307.52339,0.13552
9303.66615,0.13585
9299.80891,0.13603
9295.95167,0.13578
9292.09443,0.13545
9288.23719,0.13546
9284.37994,0.13559
9280.52270,0.13540
9276.66546,0.13499
9272.80822,0.13467
9268.95098,0.13458
9265.09374,0.13476
9261.23650,0.13503
9257.37925,0.13526
9253.52201,0.13541
9249.66477,0.13520
9245.80753,0.13478
9241.95029,0.13470
9238.09305,0.13502
9234.23581,0.13540
9230.37857,0.13563
9226.52132,0.13561
9222.66408,0.13535
9218.80684,0.13531
9214.94960,0.13565
9211.09236,0.13578
9207.23512,0.13542
9203.37788,0.13507
9199.52063,0.13513
9195.66339,0.13533
9191.80615,0.13536
9187.94891,0.13521
9184.09167,0.13504
9180.23443,0.13488
9176.37719,0.13476
9172.51995,0.13489
9168.66270,0.13504
9164.80546,0.13487
9160.94822,0.13478
9157.09098,0.13498
9153.23374,0.13526
9149.37650,0.13540
9145.51926,0.13543
9141.66201,0.13545
9137.80477,0.13552
9133.94753,0.13570
9130.09029,0.13586
9126.23305,0.13574
9122.37581,0.13536
9118.51857,0.13517
9114.66132,0.13545
9110.80408,0.13587
9106.94684,0.13589
9103.08960,0.13569
9099.23236,0.13582
9095.37512,0.13611
9091.51788,0.13617
9087.66064,0.13621
9083.80339,0.13629
9079.94615,0.13633
9076.08891,0.13637
9072.23167,0.13627
9068.37443,0.13606
9064.51719,0.13606
9060.65995,0.13641
9056.80270,0.13681
9052.94546,0.13697
9049.08822,0.13692
9045.23098,0.13687
9041.37374,0.13699
9037.51650,0.13732
9033.65926,0.13764
9029.80201,0.13788
9025.94477,0.13826
9022.08753,0.13870
9018.23029,0.13893
9014.37305,0.13900
9010.51581,0.13901
9006.65857,0.13908
9002.80133,0.13929
8998.94408,0.13958
8995.08684,0.14003
8991.22960,0.14064
8987.37236,0.14117
8983.51512,0.14148
8979.65788,0.14173
8975.80064,0.14209
8971.94339,0.14259
8968.08615,0.14331
8964.22891,0.14418
8960.37167,0.14494
8956.51443,0.14554
8952.65719,0.14614
8948.79995,0.14693
8944.94271,0.14781
8941.08546,0.14860
8937.22822,0.14932
8933.37098,0.15007
8929.51374,0.15073
8925.65650,0.15127
8921.79926,0.15193
8917.94202,0.15296
8914.08477,0.15431
8910.22753,0.15571
8906.37029,0.15698
8902.51305,0.15817
8898.65581,0.15937
8894.79857,0.16057
8890.94133,0.16180
8887.08408,0.16321
8883.22684,0.16473
8879.36960,0.16591
8875.51236,0.16658
8871.65512,0.16709
8867.79788,0.16768
8863.94064,0.16816
8860.08340,0.16841
8856.22615,0.16857
8852.36891,0.16867
8848.51167,0.16862
8844.65443,0.16828
8840.79719,0.16756
8836.93995,0.16654
8833.08271,0.16563
8829.22546,0.16518
8825.36822,0.16493
8821.51098,0.16440
8817.65374,0.16344
8813.79650,0.16222
8809.93926,0.16093
8806.08202,0.15975
8802.22477,0.15873
8798.36753,0.15771
8794.51029,0.15655
8790.65305,0.15530
8786.79581,0.15411
8782.93857,0.15306
8779.08133,0.15225
8775.22409,0.15165
8771.36684,0.15099
8767.50960,0.15028
8763.65236,0.14971
8759.79512,0.14915
8755.93788,0.14867
8752.08064,0.14841
8748.22340,0.14836
8744.36615,0.14850
8740.50891,0.14866
8736.65167,0.14860
8732.79443,0.14849
8728.93719,0.14851
8725.07995,0.14860
8721.22271,0.14870
8717.36547,0.14875
8713.50822,0.14862
8709.65098,0.14854
8705.79374,0.14884
8701.93650,0.14939
8698.07926,0.14992
8694.22202,0.15030
8690.36478,0.15045
8686.50753,0.15049
8682.65029,0.15052
8678.79305,0.15054
8674.93581,0.15062
8671.07857,0.15097
8667.22133,0.15160
8663.36409,0.15214
8659.50684,0.15234
8655.64960,0.15244
8651.79236,0.15269
8647.93512,0.15309
8644.07788,0.15345
8640.22064,0.15373
8636.36340,0.15405
8632.50616,0.15441
8628.64891,0.15465
8624.79167,0.15476
8620.93443,0.15502
8617.07719,0.15547
8613.21995,0.15593
8609.36271,0.15629
8605.50547,0.15666
8601.64822,0.15707
8597.79098,0.15740
8593.93374,0.15760
8590.07650,0.15770
8586.21926,0.15787
8582.36202,0.15825
8578.50478,0.15877
8574.64753,0.15923
8570.79029,0.15943
8566.93305,0.15945
8563.07581,0.15955
8559.21857,0.15982
8555.36133,0.16013
8551.50409,0.16041
8547.64685,0.16076
8543.78960,0.16114
8539.93236,0.16151
8536.07512,0.16197
8532.21788,0.16230
8528.36064,0.16233
8524.50340,0.16246
8520.64616,0.16289
8516.78891,0.16323
8512.93167,0.16324
8509.07443,0.16313
8505.21719,0.16320
8501.35995,0.16344
8497.50271,0.16354
8493.64547,0.16349
8489.78822,0.16350
8485.93098,0.16352
8482.07374,0.16357
8478.21650,0.16375
8474.35926,0.16392
8470.50202,0.16396
8466.64478,0.16382
8462.78754,0.16354
8458.93029,0.16331
8455.07305,0.16328
8451.21581,0.16321
8447.35857,0.16302
8443.50133,0.16274
8439.64409,0.16235
8435.78685,0.16199
8431.92960,0.16187
8428.07236,0.16191
8424.21512,0.16201
8420.35788,0.16207
8416.50064,0.16202
8412.64340,0.16189
8408.78616,0.16179
8404.92892,0.16173
8401.07167,0.16163
8397.21443,0.16149
8393.35719,0.16130
8389.49995,0.16114
8385.64271,0.16103
8381.78547,0.16082
8377.92823,0.16047
8374.07098,0.16016
8370.21374,0.16002
8366.35650,0.15996
8362.49926,0.15989
8358.64202,0.15985
8354.78478,0.15983
8350.92754,0.15978
8347.07029,0.15964
8343.21305,0.15946
8339.35581,0.15942
8335.49857,0.15948
8331.64133,0.15943
8327.78409,0.15930
8323.92685,0.15919
8320.06961,0.15915
8316.21236,0.15921
8312.35512,0.15930
8308.49788,0.15929
8304.64064,0.15925
8300.78340,0.15927
8296.92616,0.15931
8293.06892,0.15931
8289.21167,0.15930
8285.35443,0.15933
8281.49719,0.15934
8277.63995,0.15920
8273.78271,0.15896
8269.92547,0.15879
8266.06823,0.15885
8262.21098,0.15914
8258.35374,0.15945
8254.49650,0.15952
8250.63926,0.15928
8246.78202,0.15903
8242.92478,0.15906
8239.06754,0.15926
8235.21030,0.15934
8231.35305,0.15925
8227.49581,0.15928
8223.63857,0.15941
8219.78133,0.15940
8215.92409,0.15927
8212.06685,0.15916
8208.20961,0.15903
8204.35236,0.15884
8200.49512,0.15867
8196.63788,0.15861
8192.78064,0.15861
8188.92340,0.15854
8185.06616,0.15838
8181.20892,0.15820
8177.35168,0.15801
8173.49443,0.15789
8169.63719,0.15784
8165.77995,0.15783
8161.92271,0.15783
8158.06547,0.15766
8154.20823,0.15734
8150.35099,0.15707
8146.49374,0.15696
8142.63650,0.15691
8138.77926,0.15680
8134.92202,0.15662
8131.06478,0.15640
8127.20754,0.15620
8123.35030,0.15609
8119.49305,0.15603
8115.63581,0.15593
8111.77857,0.15575
8107.92133,0.15555
8104.06409,0.15533
8100.20685,0.15511
8096.34961,0.15498
8092.49237,0.15491
8088.63512,0.15471
8084.77788,0.15440
8080.92064,0.15413
8077.06340,0.15396
8073.20616,0.15378
8069.34892,0.15353
8065.49168,0.15335
8061.63443,0.15325
8057.77719,0.15304
8053.91995,0.15284
8050.06271,0.15273
8046.20547,0.15251
8042.34823,0.15230
8038.49099,0.15232
8034.63374,0.15235
8030.77650,0.15224
8026.91926,0.15207
8023.06202,0.15190
8019.20478,0.15176
8015.34754,0.15165
8011.49030,0.15161
8007.63306,0.15166
8003.77581,0.15162
7999.91857,0.15141
7996.06133,0.15123
7992.20409,0.15124
7988.34685,0.15132
7984.48961,0.15130
7980.63237,0.15115
7976.77512,0.15108
7972.91788,0.15117
7969.06064,0.15123
7965.20340,0.15114
7961.34616,0.15108
7957.48892,0.15100
7953.63168,0.15079
7949.77444,0.15064
7945.91719,0.15071
7942.05995,0.15081
7938.20271,0.15073
7934.34547,0.15064
7930.48823,0.15067
7926.63099,0.15074
7922.77375,0.15084
7918.91650,0.15090
7915.05926,0.15086
7911.20202,0.15075
7907.34478,0.15067
7903.48754,0.15071
7899.63030,0.15079
7895.77306,0.15079
7891.91581,0.15079
7888.05857,0.15083
7884.20133,0.15083
7880.34409,0.15079
7876.48685,0.15077
7872.62961,0.15078
7868.77237,0.15076
7864.91513,0.15069
7861.05788,0.15054
7857.20064,0.15036
7853.34340,0.15037
7849.48616,0.15056
7845.62892,0.15064
7841.77168,0.15058
7837.91444,0.15052
7834.05719,0.15038
7830.19995,0.15022
7826.34271,0.15013
7822.48547,0.15000
7818.62823,0.14993
7814.77099,0.14999
7810.91375,0.14997
7807.05650,0.14977
7803.19926,0.14955
7799.34202,0.14935
7795.48478,0.14906
7791.62754,0.14879
7787.77030,0.14882
7783.91306,0.14888
7780.05582,0.14869
7776.19857,0.14858
7772.34133,0.14869
7768.48409,0.14871
7764.62685,0.14859
7760.76961,0.14854
7756.91237,0.14853
7753.05513,0.14845
7749.19788,0.14839
7745.34064,0.14835
7741.48340,0.14817
7737.62616,0.14777
7733.76892,0.14743
7729.91168,0.14737
7726.05444,0.14734
7722.19720,0.14705
7718.33995,0.14663
7714.48271,0.14644
7710.62547,0.14657
7706.76823,0.14674
7702.91099,0.14670
7699.05375,0.14653
7695.19651,0.14642
7691.33926,0.14635
7687.48202,0.14629
7683.62478,0.14630
7679.76754,0.14640
7675.91030,0.14651
7672.05306,0.14649
7668.19582,0.14633
7664.33857,0.14626
7660.48133,0.14647
7656.62409,0.14678
7652.76685,0.14692
7648.90961,0.14692
7645.05237,0.14701
7641.19513,0.14713
7637.33789,0.14712
7633.48064,0.14703
7629.62340,0.14696
7625.76616,0.14698
7621.90892,0.14718
7618.05168,0.14747
7614.19444,0.14769
7610.33720,0.14779
7606.47995,0.14796
7602.62271,0.14818
7598.76547,0.14822
7594.90823,0.14812
7591.05099,0.14805
7587.19375,0.14800
7583.33651,0.14804
7579.47926,0.14829
7575.62202,0.14854
7571.76478,0.14864
7567.90754,0.14874
7564.05030,0.14887
7560.19306,0.14906
7556.33582,0.14945
7552.47858,0.14996
7548.62133,0.15040
7544.76409,0.15071
7540.90685,0.15092
7537.04961,0.15117
7533.19237,0.15157
7529.33513,0.15186
7525.47789,0.15191
7521.62064,0.15193
7517.76340,0.15214
7513.90616,0.15244
7510.04892,0.15269
7506.19168,0.15288
7502.33444,0.15310
7498.47720,0.15335
7494.61996,0.15367
7490.76271,0.15408
7486.90547,0.15442
7483.04823,0.15467
7479.19099,0.15502
7475.33375,0.15557
7471.47651,0.15614
7467.61927,0.15660
7463.76202,0.15719
7459.90478,0.15803
7456.04754,0.15890
7452.19030,0.15962
7448.33306,0.16025
7444.47582,0.16093
7440.61858,0.16170
7436.76133,0.16252
7432.90409,0.16337
7429.04685,0.16436
7425.18961,0.16551
7421.33237,0.16664
7417.47513,0.16761
7413.61789,0.16844
7409.76065,0.16925
7405.90340,0.17011
7402.04616,0.17100
7398.18892,0.17189
7394.33168,0.17281
7390.47444,0.17381
7386.61720,0.17487
7382.75996,0.17591
7378.90271,0.17694
7375.04547,0.17797
7371.18823,0.17904
7367.33099,0.18008
7363.47375,0.18106
7359.61651,0.18205
7355.75927,0.18297
7351.90202,0.18376
7348.04478,0.18462
7344.18754,0.18553
7340.33030,0.18629
7336.47306,0.18691
7332.61582,0.18750
7328.75858,0.18793
7324.90134,0.18819
7321.04409,0.18852
7317.18685,0.18897
7313.32961,0.18929
7309.47237,0.18941
7305.61513,0.18956
7301.75789,0.18987
7297.90065,0.19020
7294.04340,0.19042
7290.18616,0.19060
7286.32892,0.19091
7282.47168,0.19129
7278.61444,0.19158
7274.75720,0.19187
7270.89996,0.19224
7267.04272,0.19263
7263.18547,0.19303
7259.32823,0.19343
7255.47099,0.19385
7251.61375,0.19428
7247.75651,0.19462
7243.89927,0.19479
7240.04203,0.19497
7236.18478,0.19523
7232.32754,0.19546
7228.47030,0.19571
7224.61306,0.19609
7220.75582,0.19642
7216.89858,0.19670
7213.04134,0.19709
7209.18409,0.19744
7205.32685,0.19766
7201.46961,0.19787
7197.61237,0.19802
7193.75513,0.19817
7189.89789,0.19853
7186.04065,0.19905
7182.18341,0.19955
7178.32616,0.20008
7174.46892,0.20073
7170.61168,0.20143
7166.75444,0.20213
7162.89720,0.20296
7159.03996,0.20396
7155.18272,0.20501
7151.32547,0.20616
7147.46823,0.20741
7143.61099,0.20866
7139.75375,0.20989
7135.89651,0.21117
7132.03927,0.21253
7128.18203,0.21387
7124.32478,0.21511
7120.46754,0.21637
7116.61030,0.21767
7112.75306,0.21897
7108.89582,0.22030
7105.03858,0.22171
7101.18134,0.22311
7097.32410,0.22443
7093.46685,0.22573
7089.60961,0.22707
7085.75237,0.22853
7081.89513,0.23006
7078.03789,0.23160
7074.18065,0.23318
7070.32341,0.23485
7066.46616,0.23644
7062.60892,0.23794
7058.75168,0.23954
7054.89444,0.24122
7051.03720,0.24267
7047.17996,0.24394
7043.32272,0.24524
7039.46548,0.24656
7035.60823,0.24787
7031.75099,0.24913
7027.89375,0.25029
7024.03651,0.25136
7020.17927,0.25232
7016.32203,0.25319
7012.46479,0.25410
7008.60754,0.25503
7004.75030,0.25586
7000.89306,0.25665
6997.03582,0.25748
6993.17858,0.25828
6989.32134,0.25900
6985.46410,0.25967
6981.60685,0.26034
6977.74961,0.26103
6973.89237,0.26177
6970.03513,0.26246
6966.17789,0.26293
6962.32065,0.26329
6958.46341,0.26376
6954.60617,0.26427
6950.74892,0.26470
6946.89168,0.26506
6943.03444,0.26539
6939.17720,0.26576
6935.31996,0.26624
6931.46272,0.26673
6927.60548,0.26704
6923.74823,0.26729
6919.89099,0.26765
6916.03375,0.26807
6912.17651,0.26849
6908.31927,0.26888
6904.46203,0.26927
6900.60479,0.26972
6896.74754,0.27016
6892.89030,0.27048
6889.03306,0.27074
6885.17582,0.27108
6881.31858,0.27154
6877.46134,0.27213
6873.60410,0.27285
6869.74686,0.27353
6865.88961,0.27409
6862.03237,0.27464
6858.17513,0.27529
6854.31789,0.27595
6850.46065,0.27661
6846.60341,0.27728
6842.74617,0.27795
6838.88892,0.27856
6835.03168,0.27917
6831.17444,0.27990
6827.31720,0.28067
6823.45996,0.28140
6819.60272,0.28214
6815.74548,0.28289
6811.88824,0.28362
6808.03099,0.28438
6804.17375,0.28514
6800.31651,0.28591
6796.45927,0.28672
6792.60203,0.28748
6788.74479,0.28814
6784.88755,0.28885
6781.03030,0.28964
6777.17306,0.29040
6773.31582,0.29115
6769.45858,0.29190
6765.60134,0.29253
6761.74410,0.29301
6757.88686,0.29342
6754.02961,0.29370
6750.17237,0.29392
6746.31513,0.29420
6742.45789,0.29452
6738.60065,0.29472
6734.74341,0.29478
6730.88617,0.29482
6727.02893,0.29493
6723.17168,0.29506
6719.31444,0.29514
6715.45720,0.29523
6711.59996,0.29536
6707.74272,0.29545
6703.88548,0.29543
6700.02824,0.29537
6696.17099,0.29528
6692.31375,0.29516
6688.45651,0.29505
6684.59927,0.29492
6680.74203,0.29472
6676.88479,0.29447
6673.02755,0.29409
6669.17030,0.29361
6665.31306,0.29321
6661.45582,0.29292
6657.59858,0.29262
6653.74134,0.29226
6649.88410,0.29193
6646.02686,0.29162
6642.16962,0.29118
6638.31237,0.29065
6634.45513,0.29015
6630.59789,0.28969
6626.74065,0.28919
6622.88341,0.28867
6619.02617,0.28819
6615.16893,0.28771
6611.31168,0.28717
6607.45444,0.28662
6603.59720,0.28614
6599.73996,0.28577
6595.88272,0.28542
6592.02548,0.28502
6588.16824,0.28466
6584.31100,0.28435
6580.45375,0.28411
6576.59651,0.28396
6572.73927,0.28389
6568.88203,0.28384
6565.02479,0.28382
6561.16755,0.28386
6557.31031,0.28396
6553.45306,0.28405
6549.59582,0.28411
6545.73858,0.28423
6541.88134,0.28433
6538.02410,0.28439
6534.16686,0.28449
6530.30962,0.28469
6526.45237,0.28488
6522.59513,0.28498
6518.73789,0.28504
6514.88065,0.28514
6511.02341,0.28531
6507.16617,0.28542
6503.30893,0.28541
6499.45169,0.28537
6495.59444,0.28541
6491.73720,0.28549
6487.87996,0.28547
6484.02272,0.28535
6480.16548,0.28521
6476.30824,0.28505
6472.45100,0.28484
6468.59375,0.28464
6464.73651,0.28448
6460.87927,0.28430
6457.02203,0.28403
6453.16479,0.28372
6449.30755,0.28341
6445.45031,0.28314
6441.59306,0.28286
6437.73582,0.28248
6433.87858,0.28204
6430.02134,0.28168
6426.16410,0.28135
6422.30686,0.28102
6418.44962,0.28069
6414.59238,0.28034
6410.73513,0.28002
6406.87789,0.27978
6403.02065,0.27963
6399.16341,0.27945
6395.30617,0.27919
6391.44893,0.27894
6387.59169,0.27879
6383.73444,0.27867
6379.87720,0.27845
6376.01996,0.27817
6372.16272,0.27792
6368.30548,0.27773
6364.44824,0.27756
6360.59100,0.27738
6356.73376,0.27721
6352.87651,0.27705
6349.01927,0.27688
6345.16203,0.27674
6341.30479,0.27670
6337.44755,0.27669
6333.59031,0.27668
6329.73307,0.27669
6325.87582,0.27670
6322.01858,0.27660
6318.16134,0.27646
6314.30410,0.27639
6310.44686,0.27638
6306.58962,0.27635
6302.73238,0.27622
6298.87513,0.27594
6295.01789,0.27556
6291.16065,0.27517
6287.30341,0.27471
6283.44617,0.27407
6279.58893,0.27333
6275.73169,0.27262
6271.87445,0.27190
6268.01720,0.27116
6264.15996,0.27048
6260.30272,0.26983
6256.44548,0.26916
6252.58824,0.26845
6248.73100,0.26767
6244.87376,0.26680
6241.01651,0.26584
6237.15927,0.26487
6233.30203,0.26386
6229.44479,0.26283
6225.58755,0.26190
6221.73031,0.26119
6217.87307,0.26077
6214.01582,0.26058
6210.15858,0.26057
6206.30134,0.26081
6202.44410,0.26124
6198.58686,0.26155
6194.72962,0.26139
6190.87238,0.26065
6187.01514,0.25942
6183.15789,0.25798
6179.30065,0.25662
6175.44341,0.25552
6171.58617,0.25481
6167.72893,0.25442
6163.87169,0.25426
6160.01445,0.25434
6156.15720,0.25465
6152.29996,0.25511
6148.44272,0.25555
6144.58548,0.25587
6140.72824,0.25596
6136.87100,0.25582
6133.01376,0.25556
6129.15652,0.25540
6125.29927,0.25561
6121.44203,0.25647
6117.58479,0.25815
6113.72755,0.26067
6109.87031,0.26394
6106.01307,0.26787
6102.15583,0.27229
6098.29858,0.27702
6094.44134,0.28195
6090.58410,0.28690
6086.72686,0.29164
6082.86962,0.29605
6079.01238,0.30025
6075.15514,0.30470
6071.29789,0.31004
6067.44065,0.31639
6063.58341,0.32322
6059.72617,0.32989
6055.86893,0.33591
6052.01169,0.34115
6048.15445,0.34586
6044.29721,0.35045
6040.43996,0.35540
6036.58272,0.36096
6032.72548,0.36687
6028.86824,0.37239
6025.01100,0.37666
6021.15376,0.37902
6017.29652,0.37898
6013.43927,0.37616
6009.58203,0.37069
6005.72479,0.36332
6001.86755,0.35518
5998.01031,0.34724
5994.15307,0.34016
5990.29583,0.33443
5986.43858,0.33029
5982.58134,0.32746
5978.72410,0.32523
5974.86686,0.32268
5971.00962,0.31929
5967.15238,0.31534
5963.29514,0.31156
5959.43790,0.30863
5955.58065,0.30677
5951.72341,0.30583
5947.86617,0.30543
5944.00893,0.30493
5940.15169,0.30358
5936.29445,0.30091
5932.43721,0.29708
5928.57996,0.29271
5924.72272,0.28838
5920.86548,0.28435
5917.00824,0.28072
5913.15100,0.27771
5909.29376,0.27557
5905.43652,0.27440
5901.57927,0.27424
5897.72203,0.27512
5893.86479,0.27688
5890.00755,0.27927
5886.15031,0.28198
5882.29307,0.28470
5878.43583,0.28717
5874.57859,0.28925
5870.72134,0.29103
5866.86410,0.29243
5863.00686,0.29319
5859.14962,0.29324
5855.29238,0.29274
5851.43514,0.29197
5847.57790,0.29116
5843.72065,0.29047
5839.86341,0.29001
5836.00617,0.28981
5832.14893,0.28979
5828.29169,0.28987
5824.43445,0.29002
5820.57721,0.29025
5816.71997,0.29057
5812.86272,0.29090
5809.00548,0.29110
5805.14824,0.29105
5801.29100,0.29072
5797.43376,0.29027
5793.57652,0.28991
5789.71928,0.28963
5785.86203,0.28931
5782.00479,0.28889
5778.14755,0.28840
5774.29031,0.28785
5770.43307,0.28721
5766.57583,0.28639
5762.71859,0.28531
5758.86134,0.28394
5755.00410,0.28236
5751.14686,0.28058
5747.28962,0.27869
5743.43238,0.27680
5739.57514,0.27496
5735.71790,0.27331
5731.86066,0.27197
5728.00341,0.27094
5724.14617,0.27028
5720.28893,0.27008
5716.43169,0.27026
5712.57445,0.27053
5708.71721,0.27069
5704.85997,0.27065
5701.00272,0.27045
5697.14548,0.27011
5693.28824,0.26968
5689.43100,0.26928
5685.57376,0.26898
5681.71652,0.26877
5677.85928,0.26870
5674.00203,0.26881
5670.14479,0.26913
5666.28755,0.26959
5662.43031,0.27006
5658.57307,0.27041
5654.71583,0.27060
5650.85859,0.27059
5647.00135,0.27023
5643.14410,0.26948
5639.28686,0.26852
5635.42962,0.26751
5631.57238,0.26651
5627.71514,0.26566
5623.85790,0.26504
5620.00066,0.26463
5616.14341,0.26431
5612.28617,0.26404
5608.42893,0.26393
5604.57169,0.26409
5600.71445,0.26444
5596.85721,0.26482
5592.99997,0.26523
5589.14273,0.26574
5585.28548,0.26636
5581.42824,0.26704
5577.57100,0.26774
5573.71376,0.26839
5569.85652,0.26889
5565.99928,0.26921
5562.14204,0.26937
5558.28479,0.26936
5554.42755,0.26928
5550.57031,0.26922
5546.71307,0.26922
5542.85583,0.26922
5538.99859,0.26917
5535.14135,0.26911
5531.28410,0.26904
5527.42686,0.26891
5523.56962,0.26867
5519.71238,0.26829
5515.85514,0.26785
5511.99790,0.26752
5508.14066,0.26736
5504.28342,0.26739
5500.42617,0.26764
5496.56893,0.26807
5492.71169,0.26864
5488.85445,0.26927
5484.99721,0.26978
5481.13997,0.27003
5477.28273,0.26998
5473.42548,0.26963
5469.56824,0.26911
5465.71100,0.26844
5461.85376,0.26757
5457.99652,0.26651
5454.13928,0.26535
5450.28204,0.26405
5446.42479,0.26261
5442.56755,0.26110
5438.71031,0.25961
5434.85307,0.25815
5430.99583,0.25672
5427.13859,0.25544
5423.28135,0.25447
5419.42411,0.25381
5415.56686,0.25336
5411.70962,0.25303
5407.85238,0.25282
5403.99514,0.25275
5400.13790,0.25277
5396.28066,0.25277
5392.42342,0.25269
5388.56617,0.25267
5384.70893,0.25278
5380.85169,0.25299
5376.99445,0.25334
5373.13721,0.25383
5369.27997,0.25443
5365.42273,0.25507
5361.56549,0.25574
5357.70824,0.25647
5353.85100,0.25720
5349.99376,0.25785
5346.13652,0.25844
5342.27928,0.25901
5338.42204,0.25955
5334.56480,0.26013
5330.70755,0.26087
5326.85031,0.26187
5322.99307,0.26320
5319.13583,0.26490
5315.27859,0.26694
5311.42135,0.26931
5307.56411,0.27207
5303.70686,0.27523
5299.84962,0.27878
5295.99238,0.28276
5292.13514,0.28734
5288.27790,0.29260
5284.42066,0.29844
5280.56342,0.30485
5276.70618,0.31175
5272.84893,0.31886
5268.99169,0.32598
5265.13445,0.33301
5261.27721,0.33965
5257.41997,0.34549
5253.56273,0.35058
5249.70549,0.35501
5245.84824,0.35888
5241.99100,0.36219
5238.13376,0.36490
5234.27652,0.36708
5230.41928,0.36876
5226.56204,0.37010
5222.70480,0.37127
5218.84755,0.37226
5214.99031,0.37293
5211.13307,0.37333
5207.27583,0.37362
5203.41859,0.37387
5199.56135,0.37412
5195.70411,0.37429
5191.84687,0.37441
5187.98962,0.37449
5184.13238,0.37448
5180.27514,0.37434
5176.41790,0.37410
5172.56066,0.37383
5168.70342,0.37354
5164.84618,0.37322
5160.98893,0.37288
5157.13169,0.37254
5153.27445,0.37215
5149.41721,0.37166
5145.55997,0.37110
5141.70273,0.37048
5137.84549,0.36991
5133.98825,0.36954
5130.13100,0.36923
5126.27376,0.36877
5122.41652,0.36800
5118.55928,0.36670
5114.70204,0.36473
5110.84480,0.36212
5106.98756,0.35909
5103.13031,0.35593
5099.27307,0.35283
5095.41583,0.34990
5091.55859,0.34718
5087.70135,0.34470
5083.84411,0.34248
5079.98687,0.34042
5076.12962,0.33838
5072.27238,0.33641
5068.41514,0.33457
5064.55790,0.33287
5060.70066,0.33127
5056.84342,0.32977
5052.98618,0.32836
5049.12894,0.32698
5045.27169,0.32556
5041.41445,0.32426
5037.55721,0.32317
5033.69997,0.32219
5029.84273,0.32121
5025.98549,0.32029
5022.12825,0.31945
5018.27100,0.31865
5014.41376,0.31787
5010.55652,0.31710
5006.69928,0.31630
5002.84204,0.31547
4998.98480,0.31467
4995.12756,0.31397
4991.27031,0.31337
4987.41307,0.31283
4983.55583,0.31234
4979.69859,0.31204
4975.84135,0.31201
4971.98411,0.31224
4968.12687,0.31270
4964.26963,0.31339
4960.41238,0.31430
4956.55514,0.31543
4952.69790,0.31677
4948.84066,0.31829
4944.98342,0.31993
4941.12618,0.32167
4937.26894,0.32354
4933.41169,0.32549
4929.55445,0.32744
4925.69721,0.32947
4921.83997,0.33172
4917.98273,0.33416
4914.12549,0.33670
4910.26825,0.33943
4906.41101,0.34237
4902.55376,0.34545
4898.69652,0.34860
4894.83928,0.35178
4890.98204,0.35503
4887.12480,0.35841
4883.26756,0.36192
4879.41032,0.36549
4875.55307,0.36899
4871.69583,0.37235
4867.83859,0.37558
4863.98135,0.37868
4860.12411,0.38174
4856.26687,0.38484
4852.40963,0.38806
4848.55238,0.39146
4844.69514,0.39509
4840.83790,0.39897
4836.98066,0.40305
4833.12342,0.40726
4829.26618,0.41158
4825.40894,0.41590
4821.55170,0.42008
4817.69445,0.42395
4813.83721,0.42740
4809.97997,0.43053
4806.12273,0.43345
4802.26549,0.43602
4798.40825,0.43814
4794.55101,0.43984
4790.69376,0.44104
4786.83652,0.44173
4782.97928,0.44216
4779.12204,0.44252
4775.26480,0.44289
4771.40756,0.44343
4767.55032,0.44432
4763.69307,0.44563
4759.83583,0.44742
4755.97859,0.44970
4752.12135,0.45231
4748.26411,0.45499
4744.40687,0.45748
4740.54963,0.45978
4736.69239,0.46231
4732.83514,0.46565
4728.97790,0.46993
4725.12066,0.47443
4721.26342,0.47790
4717.40618,0.47966
4713.54894,0.48025
4709.69170,0.48109
4705.83445,0.48368
4701.97721,0.48858
4698.11997,0.49473
4694.26273,0.49987
4690.40549,0.50169
4686.54825,0.49899
4682.69101,0.49205
4678.83377,0.48244
4674.97652,0.47238
4671.11928,0.46385
4667.26204,0.45779
4663.40480,0.45399
4659.54756,0.45175
4655.69032,0.45097
4651.83308,0.45218
4647.97583,0.45578
4644.11859,0.46124
4640.26135,0.46684
4636.40411,0.46996
4632.54687,0.46830
4628.68963,0.46140
4624.83239,0.45091
4620.97514,0.43966
4617.11790,0.43014
4613.26066,0.42334
4609.40342,0.41913
4605.54618,0.41733
4601.68894,0.41798
4597.83170,0.42058
4593.97446,0.42384
4590.11721,0.42660
4586.25997,0.42880
4582.40273,0.43021
4578.54549,0.42904
4574.68825,0.42365
4570.83101,0.41501
4566.97377,0.40592
4563.11652,0.39867
4559.25928,0.39400
4555.40204,0.39146
4551.54480,0.39015
4547.68756,0.38928
4543.83032,0.38852
4539.97308,0.38791
4536.11583,0.38763
4532.25859,0.38780
4528.40135,0.38847
4524.54411,0.38966
4520.68687,0.39142
4516.82963,0.39389
4512.97239,0.39735
4509.11515,0.40209
4505.25790,0.40848
4501.40066,0.41671
4497.54342,0.42640
4493.68618,0.43637
4489.82894,0.44523
4485.97170,0.45230
4482.11446,0.45821
4478.25721,0.46456
4474.39997,0.47303
4470.54273,0.48476
4466.68549,0.49969
4462.82825,0.51553
4458.97101,0.52851
4455.11377,0.53652
4451.25653,0.54115
4447.39928,0.54548
4443.54204,0.55097
4439.68480,0.55683
4435.82756,0.56130
4431.97032,0.56284
4428.11308,0.56084
4424.25584,0.55623
4420.39859,0.55122
4416.54135,0.54809
4412.68411,0.54776
4408.82687,0.54933
4404.96963,0.55072
4401.11239,0.55002
4397.25515,0.54667
4393.39790,0.54164
4389.54066,0.53637
4385.68342,0.53174
4381.82618,0.52802
4377.96894,0.52524
4374.11170,0.52354
4370.25446,0.52303
4366.39722,0.52373
4362.53997,0.52536
4358.68273,0.52726
4354.82549,0.52899
4350.96825,0.53077
4347.11101,0.53307
4343.25377,0.53605
4339.39653,0.53924
4335.53928,0.54201
4331.68204,0.54424
4327.82480,0.54642
4323.96756,0.54897
4320.11032,0.55199
4316.25308,0.55567
4312.39584,0.56033
4308.53859,0.56599
4304.68135,0.57203
4300.82411,0.57783
4296.96687,0.58294
4293.10963,0.58675
4289.25239,0.58882
4285.39515,0.58937
4281.53791,0.58894
4277.68066,0.58798
4273.82342,0.58656
4269.96618,0.58446
4266.10894,0.58188
4262.25170,0.57951
4258.39446,0.57785
4254.53722,0.57714
4250.67997,0.57736
4246.82273,0.57774
4242.96549,0.57733
4239.10825,0.57596
4235.25101,0.57436
4231.39377,0.57320
4227.53653,0.57223
4223.67929,0.57067
4219.82204,0.56805
4215.96480,0.56467
4212.10756,0.56134
4208.25032,0.55863
4204.39308,0.55645
4200.53584,0.55465
4196.67860,0.55371
4192.82135,0.55452
4188.96411,0.55748
4185.10687,0.56213
4181.24963,0.56692
4177.39239,0.56929
4173.53515,0.56727
4169.67791,0.56150
4165.82066,0.55456
4161.96342,0.54860
4158.10618,0.54459
4154.24894,0.54269
4150.39170,0.54270
4146.53446,0.54455
4142.67722,0.54820
4138.81998,0.55295
4134.96273,0.55765
4131.10549,0.56157
4127.24825,0.56470
4123.39101,0.56772
4119.53377,0.57166
4115.67653,0.57739
4111.81929,0.58522
4107.96204,0.59521
4104.10480,0.60801
4100.24756,0.62479
4096.39032,0.64454
4092.53308,0.66131
4088.67584,0.66796
4084.81860,0.66320
4080.96135,0.65124
4077.10411,0.63733
4073.24687,0.62564
4069.38963,0.61799
4065.53239,0.61395
4061.67515,0.61241
4057.81791,0.61253
4053.96067,0.61384
4050.10342,0.61583
4046.24618,0.61777
4042.38894,0.61905
4038.53170,0.61962
4034.67446,0.61996
4030.81722,0.62039
4026.95998,0.62080
4023.10273,0.62099
4019.24549,0.62089
4015.38825,0.62046
4011.53101,0.61949
4007.67377,0.61789
4003.81653,0.61583
3999.95929,0.61344
3996.10205,0.61059
3992.24480,0.60755
3988.38756,0.60482
3984.53032,0.60259
3980.67308,0.60081
3976.81584,0.59930
3972.95860,0.59779
3969.10136,0.59598
3965.24411,0.59360
3961.38687,0.59074
3957.52963,0.58783
3953.67239,0.58493
3949.81515,0.58194
3945.95791,0.57908
3942.10067,0.57651
3938.24342,0.57414
3934.38618,0.57182
3930.52894,0.56969
3926.67170,0.56794
3922.81446,0.56627
3918.95722,0.56439
3915.09998,0.56243
3911.24274,0.56039
3907.38549,0.55780
3903.52825,0.55414
3899.67101,0.55007
3895.81377,0.54658
3891.95653,0.54342
3888.09929,0.54062
3884.24205,0.53842
3880.38480,0.53664
3876.52756,0.53500
3872.67032,0.53290
3868.81308,0.52994
3864.95584,0.52664
3861.09860,0.52385
3857.24136,0.52137
3853.38411,0.51862
3849.52687,0.51666
3845.66963,0.51560
3841.81239,0.51441
3837.95515,0.51324
3834.09791,0.51285
3830.24067,0.51290
3826.38343,0.51319
3822.52618,0.51441
3818.66894,0.51732
3814.81170,0.52087
3810.95446,0.52347
3807.09722,0.52480
3803.23998,0.52456
3799.38274,0.52287
3795.52549,0.52107
3791.66825,0.51996
3787.81101,0.51969
3783.95377,0.52046
3780.09653,0.52229
3776.23929,0.52469
3772.38205,0.52738
3768.52481,0.53077
3764.66756,0.53465
3760.81032,0.53792
3756.95308,0.53937
3753.09584,0.53797
3749.23860,0.53468
3745.38136,0.53339
3741.52412,0.53523
3737.66687,0.53912
3733.80963,0.54441
3729.95239,0.54823
3726.09515,0.55005
3722.23791,0.55203
3718.38067,0.55512
3714.52343,0.56000
3710.66618,0.56852
3706.80894,0.57951
3702.95170,0.59167
3699.09446,0.60617
3695.23722,0.62255
3691.37998,0.64425
3687.52274,0.67168
3683.66550,0.69211
3679.80825,0.70590
3675.95101,0.72277
3672.09377,0.74694
3668.23653,0.77202
3664.37929,0.79343
3660.52205,0.81292
3656.66481,0.83233
3652.80756,0.85156
3648.95032,0.87215
3645.09308,0.89267
3641.23584,0.90796
3637.37860,0.91992
3633.52136,0.92990
3629.66412,0.93905
3625.80687,0.94805
3621.94963,0.95367
3618.09239,0.95823
3614.23515,0.96576
3610.37791,0.97588
3606.52067,0.98103
3602.66343,0.98186
3598.80619,0.98721
