12493.60475,0.09306
12489.74751,0.09323
12485.89027,0.09558
12482.03303,0.09686
12478.17579,0.09613
12474.31855,0.09567
12470.46130,0.09644
12466.60406,0.09638
12462.74682,0.09443
12458.88958,0.09308
12455.03234,0.09480
12451.17510,0.09781
12447.31786,0.09852
12443.46062,0.09740
12439.60337,0.09799
12435.74613,0.10027
12431.88889,0.10012
12428.03165,0.09693
12424.17441,0.09580
12420.31717,0.09812
12416.45993,0.10011
12412.60268,0.10099
12408.74544,0.10042
12404.88820,0.09688
12401.03096,0.09423
12397.17372,0.09526
12393.31648,0.09584
12389.45924,0.09399
12385.60199,0.09199
12381.74475,0.09202
12377.88751,0.09438
12374.03027,0.09569
12370.17303,0.09357
12366.31579,0.09135
12362.45855,0.09218
12358.60131,0.09377
12354.74406,0.09421
12350.88682,0.09567
12347.02958,0.09763
12343.17234,0.09676
12339.31510,0.09423
12335.45786,0.09275
12331.60062,0.09259
12327.74337,0.09300
12323.88613,0.09322
12320.02889,0.09327
12316.17165,0.09315
12312.31441,0.09326
12308.45717,0.09511
12304.59993,0.09837
12300.74268,0.10135
12296.88544,0.10244
12293.02820,0.10014
12289.17096,0.09670
12285.31372,0.09662
12281.45648,0.09859
12277.59924,0.09776
12273.74200,0.09480
12269.88475,0.09360
12266.02751,0.09452
12262.17027,0.09583
12258.31303,0.09694
12254.45579,0.09754
12250.59855,0.09689
12246.74131,0.09505
12242.88406,0.09317
12239.02682,0.09288
12235.16958,0.09467
12231.31234,0.09670
12227.45510,0.09687
12223.59786,0.09513
12219.74062,0.09414
12215.88338,0.09536
12212.02613,0.09610
12208.16889,0.09572
12204.31165,0.09607
12200.45441,0.09571
12196.59717,0.09378
12192.73993,0.09205
12188.88269,0.09093
12185.02544,0.09085
12181.16820,0.09309
12177.31096,0.09646
12173.45372,0.09807
12169.59648,0.09682
12165.73924,0.09504
12161.88200,0.09505
12158.02475,0.09611
12154.16751,0.09676
12150.31027,0.09594
12146.45303,0.09373
12142.59579,0.09227
12138.73855,0.09263
12134.88131,0.09289
12131.02407,0.09065
12127.16682,0.08787
12123.30958,0.08820
12119.45234,0.08990
12115.59510,0.09027
12111.73786,0.09036
12107.88062,0.09081
12104.02338,0.09094
12100.16613,0.09129
12096.30889,0.09222
12092.45165,0.09306
12088.59441,0.09433
12084.73717,0.09602
12080.87993,0.09582
12077.02269,0.09316
12073.16544,0.09022
12069.30820,0.08793
12065.45096,0.08672
12061.59372,0.08742
12057.73648,0.08944
12053.87924,0.09145
12050.02200,0.09214
12046.16476,0.09177
12042.30751,0.09226
12038.45027,0.09384
12034.59303,0.09528
12030.73579,0.09562
12026.87855,0.09488
12023.02131,0.09404
12019.16407,0.09380
12015.30682,0.09441
12011.44958,0.09546
12007.59234,0.09616
12003.73510,0.09616
11999.87786,0.09577
11996.02062,0.09554
11992.16338,0.09545
11988.30614,0.09515
11984.44889,0.09469
11980.59165,0.09422
11976.73441,0.09392
11972.87717,0.09371
11969.01993,0.09396
11965.16269,0.09557
11961.30545,0.09768
11957.44820,0.09848
11953.59096,0.09785
11949.73372,0.09637
11945.87648,0.09560
11942.01924,0.09619
11938.16200,0.09561
11934.30476,0.09370
11930.44751,0.09373
11926.59027,0.09624
11922.73303,0.09814
11918.87579,0.09719
11915.01855,0.09554
11911.16131,0.09589
11907.30407,0.09639
11903.44683,0.09563
11899.58958,0.09569
11895.73234,0.09731
11891.87510,0.09928
11888.01786,0.10017
11884.16062,0.09947
11880.30338,0.09859
11876.44614,0.09855
11872.58889,0.09949
11868.73165,0.10125
11864.87441,0.10206
11861.01717,0.10105
11857.15993,0.10024
11853.30269,0.10084
11849.44545,0.10142
11845.58820,0.10039
11841.73096,0.09874
11837.87372,0.09908
11834.01648,0.10085
11830.15924,0.10128
11826.30200,0.10043
11822.44476,0.10016
11818.58752,0.10076
11814.73027,0.10081
11810.87303,0.09944
11807.01579,0.09771
11803.15855,0.09655
11799.30131,0.09572
11795.44407,0.09505
11791.58683,0.09507
11787.72958,0.09593
11783.87234,0.09675
11780.01510,0.09722
11776.15786,0.09771
11772.30062,0.09803
11768.44338,0.09809
11764.58614,0.09853
11760.72890,0.09873
11756.87165,0.09781
11753.01441,0.09765
11749.15717,0.09944
11745.29993,0.10086
11741.44269,0.10052
11737.58545,0.09968
11733.72821,0.09929
11729.87096,0.09944
11726.01372,0.10044
11722.15648,0.10157
11718.29924,0.10163
11714.44200,0.10182
11710.58476,0.10350
11706.72752,0.10510
11702.87027,0.10507
11699.01303,0.10508
11695.15579,0.10623
11691.29855,0.10553
11687.44131,0.10216
11683.58407,0.10007
11679.72683,0.10049
11675.86959,0.10078
11672.01234,0.09991
11668.15510,0.10011
11664.29786,0.10246
11660.44062,0.10442
11656.58338,0.10412
11652.72614,0.10283
11648.86890,0.10195
11645.01165,0.10119
11641.15441,0.10023
11637.29717,0.09945
11633.43993,0.09871
11629.58269,0.09817
11625.72545,0.09888
11621.86821,0.10050
11618.01096,0.10090
11614.15372,0.09909
11610.29648,0.09708
11606.43924,0.09690
11602.58200,0.09734
11598.72476,0.09692
11594.86752,0.09667
11591.01028,0.09811
11587.15303,0.10101
11583.29579,0.10254
11579.43855,0.10092
11575.58131,0.09863
11571.72407,0.09841
11567.86683,0.09961
11564.00959,0.09963
11560.15234,0.09850
11556.29510,0.09973
11552.43786,0.10306
11548.58062,0.10353
11544.72338,0.10051
11540.86614,0.09881
11537.00890,0.10111
11533.15166,0.10390
11529.29441,0.10232
11525.43717,0.09832
11521.57993,0.09758
11517.72269,0.10043
11513.86545,0.10280
11510.00821,0.10296
11506.15097,0.10303
11502.29372,0.10389
11498.43648,0.10325
11494.57924,0.10079
11490.72200,0.09961
11486.86476,0.10092
11483.00752,0.10166
11479.15028,0.09976
11475.29303,0.09756
11471.43579,0.09765
11467.57855,0.09925
11463.72131,0.09987
11459.86407,0.09875
11456.00683,0.09777
11452.14959,0.09873
11448.29235,0.09972
11444.43510,0.09817
11440.57786,0.09634
11436.72062,0.09662
11432.86338,0.09680
11429.00614,0.09568
11425.14890,0.09522
11421.29166,0.09584
11417.43441,0.09630
11413.57717,0.09673
11409.71993,0.09736
11405.86269,0.09735
11402.00545,0.09691
11398.14821,0.09693
11394.29097,0.09753
11390.43372,0.09823
11386.57648,0.09831
11382.71924,0.09808
11378.86200,0.09761
11375.00476,0.09611
11371.14752,0.09493
11367.29028,0.09579
11363.43304,0.09750
11359.57579,0.09853
11355.71855,0.09818
11351.86131,0.09642
11348.00407,0.09548
11344.14683,0.09664
11340.28959,0.09803
11336.43235,0.09834
11332.57510,0.09786
11328.71786,0.09719
11324.86062,0.09712
11321.00338,0.09798
11317.14614,0.09831
11313.28890,0.09699
11309.43166,0.09567
11305.57442,0.09555
11301.71717,0.09554
11297.85993,0.09542
11294.00269,0.09620
11290.14545,0.09722
11286.28821,0.09732
11282.43097,0.09743
11278.57373,0.09825
11274.71648,0.09884
11270.85924,0.09870
11267.00200,0.09857
11263.14476,0.09883
11259.28752,0.09844
11255.43028,0.09736
11251.57304,0.09705
11247.71579,0.09728
11243.85855,0.09647
11240.00131,0.09486
11236.14407,0.09384
11232.28683,0.09367
11228.42959,0.09410
11224.57235,0.09516
11220.71511,0.09644
11216.85786,0.09722
11213.00062,0.09736
11209.14338,0.09732
11205.28614,0.09700
11201.42890,0.09626
11197.57166,0.09598
11193.71442,0.09650
11189.85717,0.09724
11185.99993,0.09758
11182.14269,0.09713
11178.28545,0.09622
11174.42821,0.09549
11170.57097,0.09526
11166.71373,0.09537
11162.85648,0.09558
11158.99924,0.09560
11155.14200,0.09532
11151.28476,0.09524
11147.42752,0.09553
11143.57028,0.09610
11139.71304,0.09698
11135.85580,0.09763
11131.99855,0.09753
11128.14131,0.09717
11124.28407,0.09748
11120.42683,0.09839
11116.56959,0.09906
11112.71235,0.09914
11108.85511,0.09860
11104.99786,0.09781
11101.14062,0.09760
11097.28338,0.09753
11093.42614,0.09690
11089.56890,0.09640
11085.71166,0.09666
11081.85442,0.09724
11077.99718,0.09749
11074.13993,0.09741
11070.28269,0.09726
11066.42545,0.09700
11062.56821,0.09708
11058.71097,0.09767
11054.85373,0.09810
11050.99649,0.09814
11047.13924,0.09814
11043.28200,0.09827
11039.42476,0.09851
11035.56752,0.09834
11031.71028,0.09792
11027.85304,0.09829
11023.99580,0.09926
11020.13855,0.09948
11016.28131,0.09902
11012.42407,0.09892
11008.56683,0.09938
11004.70959,0.09936
11000.85235,0.09828
10996.99511,0.09752
10993.13787,0.09793
10989.28062,0.09821
10985.42338,0.09776
10981.56614,0.09717
10977.70890,0.09665
10973.85166,0.09646
10969.99442,0.09651
10966.13718,0.09604
10962.27993,0.09535
10958.42269,0.09533
10954.56545,0.09601
10950.70821,0.09689
10946.85097,0.09735
10942.99373,0.09711
10939.13649,0.09668
10935.27924,0.09667
10931.42200,0.09686
10927.56476,0.09692
10923.70752,0.09715
10919.85028,0.09729
10915.99304,0.09705
10912.13580,0.09728
10908.27856,0.09783
10904.42131,0.09760
10900.56407,0.09697
10896.70683,0.09684
10892.84959,0.09646
10888.99235,0.09548
10885.13511,0.09518
10881.27787,0.09556
10877.42062,0.09552
10873.56338,0.09495
10869.70614,0.09447
10865.84890,0.09484
10861.99166,0.09571
10858.13442,0.09575
10854.27718,0.09495
10850.41993,0.09460
10846.56269,0.09495
10842.70545,0.09510
10838.84821,0.09483
10834.99097,0.09472
10831.13373,0.09482
10827.27649,0.09467
10823.41925,0.09443
10819.56200,0.09461
10815.70476,0.09507
10811.84752,0.09515
10807.99028,0.09473
10804.13304,0.09427
10800.27580,0.09384
10796.41856,0.09333
10792.56131,0.09305
10788.70407,0.09323
10784.84683,0.09348
10780.98959,0.09377
10777.13235,0.09415
10773.27511,0.09420
10769.41787,0.09411
10765.56063,0.09415
10761.70338,0.09401
10757.84614,0.09430
10753.98890,0.09533
10750.13166,0.09565
10746.27442,0.09466
10742.41718,0.09369
10738.55994,0.09371
10734.70269,0.09449
10730.84545,0.09507
10726.98821,0.09509
10723.13097,0.09511
10719.27373,0.09499
10715.41649,0.09449
10711.55925,0.09403
10707.70200,0.09386
10703.84476,0.09392
10699.98752,0.09411
10696.13028,0.09430
10692.27304,0.09455
10688.41580,0.09476
10684.55856,0.09459
10680.70132,0.09425
10676.84407,0.09406
10672.98683,0.09382
10669.12959,0.09401
10665.27235,0.09487
10661.41511,0.09525
10657.55787,0.09477
10653.70063,0.09399
10649.84338,0.09309
10645.98614,0.09233
10642.12890,0.09239
10638.27166,0.09354
10634.41442,0.09479
10630.55718,0.09503
10626.69994,0.09419
10622.84269,0.09322
10618.98545,0.09309
10615.12821,0.09352
10611.27097,0.09369
10607.41373,0.09370
10603.55649,0.09398
10599.69925,0.09394
10595.84201,0.09324
10591.98476,0.09271
10588.12752,0.09255
10584.27028,0.09234
10580.41304,0.09219
10576.55580,0.09225
10572.69856,0.09238
10568.84132,0.09217
10564.98407,0.09154
10561.12683,0.09107
10557.26959,0.09098
10553.41235,0.09112
10549.55511,0.09126
10545.69787,0.09125
10541.84063,0.09105
10537.98339,0.09090
10534.12614,0.09105
10530.26890,0.09135
10526.41166,0.09134
10522.55442,0.09067
10518.69718,0.08998
10514.83994,0.09016
10510.98270,0.09080
10507.12545,0.09105
10503.26821,0.09096
10499.41097,0.09117
10495.55373,0.09180
10491.69649,0.09255
10487.83925,0.09303
10483.98201,0.09285
10480.12476,0.09202
10476.26752,0.09104
10472.41028,0.09023
10468.55304,0.08987
10464.69580,0.09008
10460.83856,0.09059
10456.98132,0.09119
10453.12408,0.09181
10449.26683,0.09174
10445.40959,0.09080
10441.55235,0.09015
10437.69511,0.09024
10433.83787,0.09012
10429.98063,0.08972
10426.12339,0.08969
10422.26614,0.09004
10418.40890,0.09037
10414.55166,0.09068
10410.69442,0.09084
10406.83718,0.09046
10402.97994,0.08982
10399.12270,0.08976
10395.26545,0.09016
10391.40821,0.09039
10387.55097,0.09051
10383.69373,0.09055
10379.83649,0.09037
10375.97925,0.09063
10372.12201,0.09148
10368.26477,0.09193
10364.40752,0.09187
10360.55028,0.09172
10356.69304,0.09127
10352.83580,0.09070
10348.97856,0.09059
10345.12132,0.09078
10341.26408,0.09101
10337.40683,0.09131
10333.54959,0.09142
10329.69235,0.09126
10325.83511,0.09104
10321.97787,0.09074
10318.12063,0.09060
10314.26339,0.09095
10310.40615,0.09141
10306.54890,0.09156
10302.69166,0.09163
10298.83442,0.09188
10294.97718,0.09247
10291.11994,0.09326
10287.26270,0.09355
10283.40546,0.09293
10279.54821,0.09183
10275.69097,0.09137
10271.83373,0.09204
10267.97649,0.09291
10264.11925,0.09317
10260.26201,0.09293
10256.40477,0.09249
10252.54752,0.09201
10248.69028,0.09172
10244.83304,0.09184
10240.97580,0.09229
10237.11856,0.09265
10233.26132,0.09270
10229.40408,0.09269
10225.54684,0.09262
10221.68959,0.09241
10217.83235,0.09241
10213.97511,0.09278
10210.11787,0.09311
10206.26063,0.09333
10202.40339,0.09343
10198.54615,0.09326
10194.68890,0.09323
10190.83166,0.09355
10186.97442,0.09396
10183.11718,0.09420
10179.25994,0.09392
10175.40270,0.09334
10171.54546,0.09306
10167.68821,0.09328
10163.83097,0.09384
10159.97373,0.09411
10156.11649,0.09393
10152.25925,0.09397
10148.40201,0.09436
10144.54477,0.09447
10140.68753,0.09429
10136.83028,0.09433
10132.97304,0.09471
10129.11580,0.09513
10125.25856,0.09512
10121.40132,0.09461
10117.54408,0.09407
10113.68684,0.09404
10109.82959,0.09459
10105.97235,0.09534
10102.11511,0.09587
10098.25787,0.09583
10094.40063,0.09512
10090.54339,0.09419
10086.68615,0.09374
10082.82891,0.09395
10078.97166,0.09437
10075.11442,0.09478
10071.25718,0.09498
10067.39994,0.09470
10063.54270,0.09426
10059.68546,0.09399
10055.82822,0.09385
10051.97097,0.09390
10048.11373,0.09441
10044.25649,0.09530
10040.39925,0.09582
10036.54201,0.09554
10032.68477,0.09508
10028.82753,0.09509
10024.97028,0.09542
10021.11304,0.09554
10017.25580,0.09543
10013.39856,0.09515
10009.54132,0.09465
10005.68408,0.09421
10001.82684,0.09410
9997.96960,0.09418
9994.11235,0.09444
9990.25511,0.09500
9986.39787,0.09543
9982.54063,0.09520
9978.68339,0.09463
9974.82615,0.09430
9970.96891,0.09435
9967.11166,0.09465
9963.25442,0.09496
9959.39718,0.09531
9955.53994,0.09580
9951.68270,0.09614
9947.82546,0.09620
9943.96822,0.09630
9940.11097,0.09640
9936.25373,0.09624
9932.39649,0.09604
9928.53925,0.09598
9924.68201,0.09568
9920.82477,0.09530
9916.96753,0.09537
9913.11029,0.09577
9909.25304,0.09614
9905.39580,0.09629
9901.53856,0.09631
9897.68132,0.09644
9893.82408,0.09655
9889.96684,0.09652
9886.10960,0.09646
9882.25235,0.09624
9878.39511,0.09590
9874.53787,0.09586
9870.68063,0.09612
9866.82339,0.09606
9862.96615,0.09563
9859.10891,0.09529
9855.25167,0.09516
9851.39442,0.09523
9847.53718,0.09550
9843.67994,0.09579
9839.82270,0.09595
9835.96546,0.09604
9832.10822,0.09601
9828.25098,0.09580
9824.39373,0.09553
9820.53649,0.09523
9816.67925,0.09501
9812.82201,0.09507
9808.96477,0.09533
9805.10753,0.09564
9801.25029,0.09584
9797.39304,0.09560
9793.53580,0.09508
9789.67856,0.09477
9785.82132,0.09475
9781.96408,0.09508
9778.10684,0.09564
9774.24960,0.09601
9770.39236,0.09603
9766.53511,0.09586
9762.67787,0.09562
9758.82063,0.09519
9754.96339,0.09462
9751.10615,0.09439
9747.24891,0.09471
9743.39167,0.09515
9739.53442,0.09526
9735.67718,0.09508
9731.81994,0.09481
9727.96270,0.09452
9724.10546,0.09417
9720.24822,0.09397
9716.39098,0.09425
9712.53373,0.09472
9708.67649,0.09486
9704.81925,0.09474
9700.96201,0.09464
9697.10477,0.09450
9693.24753,0.09433
9689.39029,0.09444
9685.53305,0.09478
9681.67580,0.09496
9677.81856,0.09473
9673.96132,0.09424
9670.10408,0.09392
9666.24684,0.09389
9662.38960,0.09394
9658.53236,0.09396
9654.67511,0.09398
9650.81787,0.09393
9646.96063,0.09380
9643.10339,0.09364
9639.24615,0.09349
9635.38891,0.09347
9631.53167,0.09344
9627.67443,0.09331
9623.81718,0.09321
9619.95994,0.09318
9616.10270,0.09321
9612.24546,0.09315
9608.38822,0.09297
9604.53098,0.09278
9600.67374,0.09257
9596.81649,0.09260
9592.95925,0.09306
9589.10201,0.09342
9585.24477,0.09319
9581.38753,0.09253
9577.53029,0.09194
9573.67305,0.09172
9569.81580,0.09184
9565.95856,0.09228
9562.10132,0.09291
9558.24408,0.09329
9554.38684,0.09315
9550.52960,0.09272
9546.67236,0.09235
9542.81512,0.09232
9538.95787,0.09258
9535.10063,0.09271
9531.24339,0.09267
9527.38615,0.09275
9523.52891,0.09285
9519.67167,0.09266
9515.81443,0.09235
9511.95718,0.09226
9508.09994,0.09225
9504.24270,0.09224
9500.38546,0.09232
9496.52822,0.09228
9492.67098,0.09197
9488.81374,0.09168
9484.95649,0.09169
9481.09925,0.09201
9477.24201,0.09231
9473.38477,0.09224
9469.52753,0.09199
9465.67029,0.09200
9461.81305,0.09206
9457.95581,0.09186
9454.09856,0.09155
9450.24132,0.09123
9446.38408,0.09113
9442.52684,0.09147
9438.66960,0.09171
9434.81236,0.09157
9430.95512,0.09147
9427.09787,0.09153
9423.24063,0.09145
9419.38339,0.09110
9415.52615,0.09077
9411.66891,0.09086
9407.81167,0.09126
9403.95443,0.09154
9400.09719,0.09151
9396.23994,0.09133
9392.38270,0.09117
9388.52546,0.09096
9384.66822,0.09061
9380.81098,0.09050
9376.95374,0.09074
9373.09650,0.09087
9369.23925,0.09067
9365.38201,0.09040
9361.52477,0.09032
9357.66753,0.09042
9353.81029,0.09071
9349.95305,0.09106
9346.09581,0.09112
9342.23856,0.09097
9338.38132,0.09090
9334.52408,0.09071
9330.66684,0.09040
9326.80960,0.09036
9322.95236,0.09059
9319.09512,0.09074
9315.23788,0.09081
9311.38063,0.09087
9307.52339,0.09084
9303.66615,0.09078
9299.80891,0.09074
9295.95167,0.09059
9292.09443,0.09026
9288.23719,0.08986
9284.37994,0.08970
9280.52270,0.09002
9276.66546,0.09039
9272.80822,0.09033
9268.95098,0.09029
9265.09374,0.09047
9261.23650,0.09042
9257.37925,0.09007
9253.52201,0.08980
9249.66477,0.08969
9245.80753,0.08954
9241.95029,0.08958
9238.09305,0.08998
9234.23581,0.09028
9230.37857,0.09018
9226.52132,0.09005
9222.66408,0.09027
9218.80684,0.09059
9214.94960,0.09060
9211.09236,0.09034
9207.23512,0.09008
9203.37788,0.08991
9199.52063,0.08988
9195.66339,0.09003
9191.80615,0.09018
9187.94891,0.09019
9184.09167,0.09014
9180.23443,0.09014
9176.37719,0.09005
9172.51995,0.08981
9168.66270,0.08971
9164.80546,0.08986
9160.94822,0.09002
9157.09098,0.09011
9153.23374,0.09015
9149.37650,0.09020
9145.51926,0.09029
9141.66201,0.09032
9137.80477,0.09032
9133.94753,0.09039
9130.09029,0.09048
9126.23305,0.09053
9122.37581,0.09054
9118.51857,0.09053
9114.66132,0.09046
9110.80408,0.09033
9106.94684,0.09041
9103.08960,0.09064
9099.23236,0.09082
9095.37512,0.09088
9091.51788,0.09077
9087.66064,0.09069
9083.80339,0.09090
9079.94615,0.09122
9076.08891,0.09133
9072.23167,0.09133
9068.37443,0.09136
9064.51719,0.09130
9060.65995,0.09125
9056.80270,0.09146
9052.94546,0.09191
9049.08822,0.09222
9045.23098,0.09236
9041.37374,0.09259
9037.51650,0.09283
9033.65926,0.09303
9029.80201,0.09324
9025.94477,0.09338
9022.08753,0.09354
9018.23029,0.09387
9014.37305,0.09439
9010.51581,0.09499
9006.65857,0.09542
9002.80133,0.09559
8998.94408,0.09568
8995.08684,0.09593
8991.22960,0.09639
8987.37236,0.09697
8983.51512,0.09755
8979.65788,0.09815
8975.80064,0.09881
8971.94339,0.09937
8968.08615,0.09987
8964.22891,0.10053
8960.37167,0.10136
8956.51443,0.10219
8952.65719,0.10300
8948.79995,0.10381
8944.94271,0.10469
8941.08546,0.10567
8937.22822,0.10655
8933.37098,0.10735
8929.51374,0.10827
8925.65650,0.10934
8921.79926,0.11058
8917.94202,0.11197
8914.08477,0.11338
8910.22753,0.11475
8906.37029,0.11604
8902.51305,0.11719
8898.65581,0.11833
8894.79857,0.11973
8890.94133,0.12132
8887.08408,0.12274
8883.22684,0.12407
8879.36960,0.12555
8875.51236,0.12688
8871.65512,0.12786
8867.79788,0.12869
8863.94064,0.12929
8860.08340,0.12946
8856.22615,0.12936
8852.36891,0.12921
8848.51167,0.12909
8844.65443,0.12888
8840.79719,0.12839
8836.93995,0.12760
8833.08271,0.12671
8829.22546,0.12584
8825.36822,0.12493
8821.51098,0.12390
8817.65374,0.12288
8813.79650,0.12191
8809.93926,0.12081
8806.08202,0.11957
8802.22477,0.11819
8798.36753,0.11667
8794.51029,0.11519
8790.65305,0.11386
8786.79581,0.11272
8782.93857,0.11165
8779.08133,0.11063
8775.22409,0.10972
8771.36684,0.10885
8767.50960,0.10802
8763.65236,0.10735
8759.79512,0.10682
8755.93788,0.10648
8752.08064,0.10643
8748.22340,0.10641
8744.36615,0.10624
8740.50891,0.10601
8736.65167,0.10587
8732.79443,0.10588
8728.93719,0.10591
8725.07995,0.10589
8721.22271,0.10587
8717.36547,0.10596
8713.50822,0.10626
8709.65098,0.10666
8705.79374,0.10704
8701.93650,0.10735
8698.07926,0.10750
8694.22202,0.10774
8690.36478,0.10825
8686.50753,0.10870
8682.65029,0.10887
8678.79305,0.10891
8674.93581,0.10886
8671.07857,0.10888
8667.22133,0.10914
8663.36409,0.10955
8659.50684,0.11003
8655.64960,0.11051
8651.79236,0.11086
8647.93512,0.11117
8644.07788,0.11160
8640.22064,0.11213
8636.36340,0.11264
8632.50616,0.11309
8628.64891,0.11351
8624.79167,0.11381
8620.93443,0.11395
8617.07719,0.11410
8613.21995,0.11439
8609.36271,0.11489
8605.50547,0.11548
8601.64822,0.11597
8597.79098,0.11625
8593.93374,0.11646
8590.07650,0.11684
8586.21926,0.11741
8582.36202,0.11789
8578.50478,0.11821
8574.64753,0.11843
8570.79029,0.11852
8566.93305,0.11861
8563.07581,0.11882
8559.21857,0.11908
8555.36133,0.11936
8551.50409,0.11973
8547.64685,0.12016
8543.78960,0.12065
8539.93236,0.12110
8536.07512,0.12136
8532.21788,0.12145
8528.36064,0.12161
8524.50340,0.12192
8520.64616,0.12225
8516.78891,0.12249
8512.93167,0.12274
8509.07443,0.12301
8505.21719,0.12315
8501.35995,0.12312
8497.50271,0.12306
8493.64547,0.12312
8489.78822,0.12324
8485.93098,0.12331
8482.07374,0.12337
8478.21650,0.12331
8474.35926,0.12307
8470.50202,0.12287
8466.64478,0.12283
8462.78754,0.12283
8458.93029,0.12274
8455.07305,0.12255
8451.21581,0.12235
8447.35857,0.12227
8443.50133,0.12222
8439.64409,0.12203
8435.78685,0.12179
8431.92960,0.12177
8428.07236,0.12189
8424.21512,0.12190
8420.35788,0.12181
8416.50064,0.12177
8412.64340,0.12163
8408.78616,0.12136
8404.92892,0.12114
8401.07167,0.12106
8397.21443,0.12096
8393.35719,0.12060
8389.49995,0.12014
8385.64271,0.11984
8381.78547,0.11968
8377.92823,0.11954
8374.07098,0.11935
8370.21374,0.11914
8366.35650,0.11901
8362.49926,0.11900
8358.64202,0.11902
8354.78478,0.11907
8350.92754,0.11920
8347.07029,0.11926
8343.21305,0.11908
8339.35581,0.11872
8335.49857,0.11835
8331.64133,0.11812
8327.78409,0.11809
8323.92685,0.11817
8320.06961,0.11813
8316.21236,0.11800
8312.35512,0.11803
8308.49788,0.11824
8304.64064,0.11843
8300.78340,0.11844
8296.92616,0.11829
8293.06892,0.11805
8289.21167,0.11793
8285.35443,0.11803
8281.49719,0.11817
8277.63995,0.11824
8273.78271,0.11822
8269.92547,0.11824
8266.06823,0.11833
8262.21098,0.11833
8258.35374,0.11826
8254.49650,0.11831
8250.63926,0.11839
8246.78202,0.11838
8242.92478,0.11832
8239.06754,0.11825
8235.21030,0.11823
8231.35305,0.11823
8227.49581,0.11823
8223.63857,0.11829
8219.78133,0.11832
8215.92409,0.11818
8212.06685,0.11800
8208.20961,0.11794
8204.35236,0.11796
8200.49512,0.11793
8196.63788,0.11776
8192.78064,0.11748
8188.92340,0.11723
8185.06616,0.11702
8181.20892,0.11689
8177.35168,0.11684
8173.49443,0.11674
8169.63719,0.11657
8165.77995,0.11644
8161.92271,0.11633
8158.06547,0.11615
8154.20823,0.11590
8150.35099,0.11569
8146.49374,0.11563
8142.63650,0.11562
8138.77926,0.11551
8134.92202,0.11536
8131.06478,0.11520
8127.20754,0.11500
8123.35030,0.11482
8119.49305,0.11461
8115.63581,0.11431
8111.77857,0.11406
8107.92133,0.11392
8104.06409,0.11380
8100.20685,0.11370
8096.34961,0.11349
8092.49237,0.11316
8088.63512,0.11292
8084.77788,0.11267
8080.92064,0.11229
8077.06340,0.11199
8073.20616,0.11182
8069.34892,0.11164
8065.49168,0.11145
8061.63443,0.11129
8057.77719,0.11113
8053.91995,0.11100
8050.06271,0.11095
8046.20547,0.11079
8042.34823,0.11050
8038.49099,0.11038
8034.63374,0.11040
8030.77650,0.11029
8026.91926,0.11003
8023.06202,0.10989
8019.20478,0.10994
8015.34754,0.10995
8011.49030,0.10981
8007.63306,0.10955
8003.77581,0.10937
7999.91857,0.10935
7996.06133,0.10939
7992.20409,0.10935
7988.34685,0.10913
7984.48961,0.10882
7980.63237,0.10857
7976.77512,0.10850
7972.91788,0.10856
7969.06064,0.10868
7965.20340,0.10883
7961.34616,0.10886
7957.48892,0.10860
7953.63168,0.10833
7949.77444,0.10834
7945.91719,0.10848
7942.05995,0.10855
7938.20271,0.10848
7934.34547,0.10829
7930.48823,0.10816
7926.63099,0.10817
7922.77375,0.10823
7918.91650,0.10819
7915.05926,0.10813
7911.20202,0.10819
7907.34478,0.10828
7903.48754,0.10832
7899.63030,0.10835
7895.77306,0.10836
7891.91581,0.10839
7888.05857,0.10849
7884.20133,0.10856
7880.34409,0.10851
7876.48685,0.10836
7872.62961,0.10825
7868.77237,0.10828
7864.91513,0.10839
7861.05788,0.10833
7857.20064,0.10810
7853.34340,0.10797
7849.48616,0.10798
7845.62892,0.10792
7841.77168,0.10780
7837.91444,0.10769
7834.05719,0.10755
7830.19995,0.10742
7826.34271,0.10731
7822.48547,0.10709
7818.62823,0.10687
7814.77099,0.10700
7810.91375,0.10732
7807.05650,0.10740
7803.19926,0.10715
7799.34202,0.10681
7795.48478,0.10646
7791.62754,0.10617
7787.77030,0.10610
7783.91306,0.10609
7780.05582,0.10593
7776.19857,0.10585
7772.34133,0.10595
7768.48409,0.10598
7764.62685,0.10586
7760.76961,0.10571
7756.91237,0.10548
7753.05513,0.10525
7749.19788,0.10517
7745.34064,0.10505
7741.48340,0.10473
7737.62616,0.10434
7733.76892,0.10410
7729.91168,0.10406
7726.05444,0.10396
7722.19720,0.10361
7718.33995,0.10320
7714.48271,0.10310
7710.62547,0.10332
7706.76823,0.10346
7702.91099,0.10326
7699.05375,0.10300
7695.19651,0.10290
7691.33926,0.10291
7687.48202,0.10297
7683.62478,0.10307
7679.76754,0.10308
7675.91030,0.10298
7672.05306,0.10291
7668.19582,0.10294
7664.33857,0.10305
7660.48133,0.10318
7656.62409,0.10334
7652.76685,0.10353
7648.90961,0.10369
7645.05237,0.10379
7641.19513,0.10381
7637.33789,0.10379
7633.48064,0.10385
7629.62340,0.10387
7625.76616,0.10382
7621.90892,0.10384
7618.05168,0.10400
7614.19444,0.10422
7610.33720,0.10448
7606.47995,0.10476
7602.62271,0.10493
7598.76547,0.10496
7594.90823,0.10497
7591.05099,0.10495
7587.19375,0.10488
7583.33651,0.10491
7579.47926,0.10518
7575.62202,0.10555
7571.76478,0.10581
7567.90754,0.10594
7564.05030,0.10610
7560.19306,0.10636
7556.33582,0.10670
7552.47858,0.10708
7548.62133,0.10747
7544.76409,0.10788
7540.90685,0.10824
7537.04961,0.10855
7533.19237,0.10892
7529.33513,0.10924
7525.47789,0.10939
7521.62064,0.10950
7517.76340,0.10972
7513.90616,0.10995
7510.04892,0.11016
7506.19168,0.11047
7502.33444,0.11081
7498.47720,0.11115
7494.61996,0.11159
7490.76271,0.11200
7486.90547,0.11231
7483.04823,0.11269
7479.19099,0.11321
7475.33375,0.11379
7471.47651,0.11439
7467.61927,0.11493
7463.76202,0.11550
7459.90478,0.11623
7456.04754,0.11714
7452.19030,0.11816
7448.33306,0.11909
7444.47582,0.11985
7440.61858,0.12060
7436.76133,0.12151
7432.90409,0.12254
7429.04685,0.12359
7425.18961,0.12473
7421.33237,0.12598
7417.47513,0.12714
7413.61789,0.12804
7409.76065,0.12884
7405.90340,0.12975
7402.04616,0.13079
7398.18892,0.13186
7394.33168,0.13300
7390.47444,0.13424
7386.61720,0.13549
7382.75996,0.13667
7378.90271,0.13779
7375.04547,0.13886
7371.18823,0.13992
7367.33099,0.14104
7363.47375,0.14217
7359.61651,0.14333
7355.75927,0.14450
7351.90202,0.14551
7348.04478,0.14637
7344.18754,0.14722
7340.33030,0.14801
7336.47306,0.14859
7332.61582,0.14907
7328.75858,0.14961
7324.90134,0.15015
7321.04409,0.15062
7317.18685,0.15103
7313.32961,0.15138
7309.47237,0.15162
7305.61513,0.15181
7301.75789,0.15204
7297.90065,0.15228
7294.04340,0.15252
7290.18616,0.15281
7286.32892,0.15316
7282.47168,0.15355
7278.61444,0.15397
7274.75720,0.15439
7270.89996,0.15474
7267.04272,0.15502
7263.18547,0.15539
7259.32823,0.15590
7255.47099,0.15648
7251.61375,0.15699
7247.75651,0.15742
7243.89927,0.15778
7240.04203,0.15795
7236.18478,0.15799
7232.32754,0.15813
7228.47030,0.15847
7224.61306,0.15886
7220.75582,0.15915
7216.89858,0.15942
7213.04134,0.15976
7209.18409,0.16014
7205.32685,0.16043
7201.46961,0.16067
7197.61237,0.16093
7193.75513,0.16117
7189.89789,0.16147
7186.04065,0.16195
7182.18341,0.16259
7178.32616,0.16326
7174.46892,0.16398
7170.61168,0.16479
7166.75444,0.16567
7162.89720,0.16663
7159.03996,0.16758
7155.18272,0.16851
7151.32547,0.16957
7147.46823,0.17087
7143.61099,0.17227
7139.75375,0.17368
7135.89651,0.17512
7132.03927,0.17660
7128.18203,0.17803
7124.32478,0.17936
7120.46754,0.18069
7116.61030,0.18215
7112.75306,0.18364
7108.89582,0.18510
7105.03858,0.18652
7101.18134,0.18784
7097.32410,0.18919
7093.46685,0.19071
7089.60961,0.19231
7085.75237,0.19392
7081.89513,0.19551
7078.03789,0.19715
7074.18065,0.19890
7070.32341,0.20073
7066.46616,0.20250
7062.60892,0.20420
7058.75168,0.20586
7054.89444,0.20740
7051.03720,0.20881
7047.17996,0.21023
7043.32272,0.21170
7039.46548,0.21312
7035.60823,0.21444
7031.75099,0.21570
7027.89375,0.21694
7024.03651,0.21814
7020.17927,0.21927
7016.32203,0.22031
7012.46479,0.22121
7008.60754,0.22209
7004.75030,0.22303
7000.89306,0.22389
6997.03582,0.22457
6993.17858,0.22523
6989.32134,0.22601
6985.46410,0.22681
6981.60685,0.22754
6977.74961,0.22818
6973.89237,0.22883
6970.03513,0.22955
6966.17789,0.23025
6962.32065,0.23078
6958.46341,0.23122
6954.60617,0.23167
6950.74892,0.23208
6946.89168,0.23242
6943.03444,0.23276
6939.17720,0.23312
6935.31996,0.23352
6931.46272,0.23394
6927.60548,0.23436
6923.74823,0.23480
6919.89099,0.23531
6916.03375,0.23577
6912.17651,0.23612
6908.31927,0.23643
6904.46203,0.23675
6900.60479,0.23708
6896.74754,0.23745
6892.89030,0.23792
6889.03306,0.23846
6885.17582,0.23897
6881.31858,0.23945
6877.46134,0.23999
6873.60410,0.24059
6869.74686,0.24116
6865.88961,0.24167
6862.03237,0.24228
6858.17513,0.24298
6854.31789,0.24364
6850.46065,0.24429
6846.60341,0.24499
6842.74617,0.24574
6838.88892,0.24647
6835.03168,0.24719
6831.17444,0.24800
6827.31720,0.24886
6823.45996,0.24962
6819.60272,0.25028
6815.74548,0.25097
6811.88824,0.25170
6808.03099,0.25242
6804.17375,0.25320
6800.31651,0.25410
6796.45927,0.25499
6792.60203,0.25584
6788.74479,0.25664
6784.88755,0.25735
6781.03030,0.25797
6777.17306,0.25865
6773.31582,0.25946
6769.45858,0.26028
6765.60134,0.26097
6761.74410,0.26154
6757.88686,0.26200
6754.02961,0.26231
6750.17237,0.26249
6746.31513,0.26262
6742.45789,0.26274
6738.60065,0.26293
6734.74341,0.26317
6730.88617,0.26340
6727.02893,0.26352
6723.17168,0.26350
6719.31444,0.26350
6715.45720,0.26359
6711.59996,0.26359
6707.74272,0.26346
6703.88548,0.26334
6700.02824,0.26333
6696.17099,0.26341
6692.31375,0.26347
6688.45651,0.26337
6684.59927,0.26313
6680.74203,0.26289
6676.88479,0.26273
6673.02755,0.26256
6669.17030,0.26234
6665.31306,0.26201
6661.45582,0.26154
6657.59858,0.26104
6653.74134,0.26063
6649.88410,0.26029
6646.02686,0.25998
6642.16962,0.25961
6638.31237,0.25913
6634.45513,0.25858
6630.59789,0.25803
6626.74065,0.25748
6622.88341,0.25693
6619.02617,0.25638
6615.16893,0.25584
6611.31168,0.25529
6607.45444,0.25475
6603.59720,0.25422
6599.73996,0.25374
6595.88272,0.25328
6592.02548,0.25284
6588.16824,0.25252
6584.31100,0.25235
6580.45375,0.25221
6576.59651,0.25206
6572.73927,0.25192
6568.88203,0.25179
6565.02479,0.25170
6561.16755,0.25174
6557.31031,0.25183
6553.45306,0.25189
6549.59582,0.25196
6545.73858,0.25207
6541.88134,0.25220
6538.02410,0.25231
6534.16686,0.25238
6530.30962,0.25252
6526.45237,0.25275
6522.59513,0.25299
6518.73789,0.25310
6514.88065,0.25312
6511.02341,0.25316
6507.16617,0.25328
6503.30893,0.25342
6499.45169,0.25350
6495.59444,0.25350
6491.73720,0.25343
6487.87996,0.25331
6484.02272,0.25316
6480.16548,0.25304
6476.30824,0.25293
6472.45100,0.25275
6468.59375,0.25254
6464.73651,0.25236
6460.87927,0.25216
6457.02203,0.25190
6453.16479,0.25164
6449.30755,0.25135
6445.45031,0.25103
6441.59306,0.25070
6437.73582,0.25035
6433.87858,0.24996
6430.02134,0.24956
6426.16410,0.24918
6422.30686,0.24883
6418.44962,0.24845
6414.59238,0.24802
6410.73513,0.24763
6406.87789,0.24731
6403.02065,0.24704
6399.16341,0.24679
6395.30617,0.24661
6391.44893,0.24653
6387.59169,0.24648
6383.73444,0.24634
6379.87720,0.24608
6376.01996,0.24581
6372.16272,0.24553
6368.30548,0.24521
6364.44824,0.24494
6360.59100,0.24478
6356.73376,0.24469
6352.87651,0.24460
6349.01927,0.24445
6345.16203,0.24427
6341.30479,0.24414
6337.44755,0.24415
6333.59031,0.24425
6329.73307,0.24426
6325.87582,0.24421
6322.01858,0.24410
6318.16134,0.24391
6314.30410,0.24378
6310.44686,0.24373
6306.58962,0.24364
6302.73238,0.24342
6298.87513,0.24311
6295.01789,0.24275
6291.16065,0.24234
6287.30341,0.24183
6283.44617,0.24121
6279.58893,0.24055
6275.73169,0.23992
6271.87445,0.23930
6268.01720,0.23860
6264.15996,0.23783
6260.30272,0.23701
6256.44548,0.23618
6252.58824,0.23534
6248.73100,0.23447
6244.87376,0.23351
6241.01651,0.23250
6237.15927,0.23146
6233.30203,0.23043
6229.44479,0.22943
6225.58755,0.22854
6221.73031,0.22781
6217.87307,0.22728
6214.01582,0.22705
6210.15858,0.22715
6206.30134,0.22750
6202.44410,0.22791
6198.58686,0.22816
6194.72962,0.22802
6190.87238,0.22729
6187.01514,0.22601
6183.15789,0.22447
6179.30065,0.22302
6175.44341,0.22187
6171.58617,0.22109
6167.72893,0.22061
6163.87169,0.22036
6160.01445,0.22038
6156.15720,0.22071
6152.29996,0.22136
6148.44272,0.22204
6144.58548,0.22238
6140.72824,0.22231
6136.87100,0.22204
6133.01376,0.22176
6129.15652,0.22165
6125.29927,0.22198
6121.44203,0.22300
6117.58479,0.22475
6113.72755,0.22727
6109.87031,0.23059
6106.01307,0.23463
6102.15583,0.23923
6098.29858,0.24428
6094.44134,0.24953
6090.58410,0.25466
6086.72686,0.25950
6082.86962,0.26404
6079.01238,0.26839
6075.15514,0.27302
6071.29789,0.27849
6067.44065,0.28491
6063.58341,0.29194
6059.72617,0.29889
6055.86893,0.30516
6052.01169,0.31057
6048.15445,0.31534
6044.29721,0.31991
6040.43996,0.32485
6036.58272,0.33048
6032.72548,0.33650
6028.86824,0.34216
6025.01100,0.34664
6021.15376,0.34915
6017.29652,0.34904
6013.43927,0.34607
6009.58203,0.34052
6005.72479,0.33310
6001.86755,0.32478
5998.01031,0.31654
5994.15307,0.30923
5990.29583,0.30343
5986.43858,0.29926
5982.58134,0.29641
5978.72410,0.29415
5974.86686,0.29153
5971.00962,0.28795
5967.15238,0.28374
5963.29514,0.27983
5959.43790,0.27688
5955.58065,0.27508
5951.72341,0.27422
5947.86617,0.27376
5944.00893,0.27314
5940.15169,0.27175
5936.29445,0.26906
5932.43721,0.26516
5928.57996,0.26058
5924.72272,0.25595
5920.86548,0.25172
5917.00824,0.24801
5913.15100,0.24488
5909.29376,0.24250
5905.43652,0.24116
5901.57927,0.24104
5897.72203,0.24205
5893.86479,0.24394
5890.00755,0.24645
5886.15031,0.24928
5882.29307,0.25209
5878.43583,0.25469
5874.57859,0.25698
5870.72134,0.25886
5866.86410,0.26025
5863.00686,0.26105
5859.14962,0.26114
5855.29238,0.26055
5851.43514,0.25962
5847.57790,0.25871
5843.72065,0.25801
5839.86341,0.25752
5836.00617,0.25723
5832.14893,0.25716
5828.29169,0.25735
5824.43445,0.25771
5820.57721,0.25807
5816.71997,0.25836
5812.86272,0.25859
5809.00548,0.25867
5805.14824,0.25849
5801.29100,0.25812
5797.43376,0.25775
5793.57652,0.25745
5789.71928,0.25719
5785.86203,0.25690
5782.00479,0.25650
5778.14755,0.25599
5774.29031,0.25536
5770.43307,0.25461
5766.57583,0.25371
5762.71859,0.25258
5758.86134,0.25118
5755.00410,0.24957
5751.14686,0.24778
5747.28962,0.24587
5743.43238,0.24388
5739.57514,0.24192
5735.71790,0.24016
5731.86066,0.23866
5728.00341,0.23746
5724.14617,0.23675
5720.28893,0.23660
5716.43169,0.23681
5712.57445,0.23709
5708.71721,0.23724
5704.85997,0.23722
5701.00272,0.23709
5697.14548,0.23688
5693.28824,0.23655
5689.43100,0.23613
5685.57376,0.23568
5681.71652,0.23529
5677.85928,0.23512
5674.00203,0.23526
5670.14479,0.23563
5666.28755,0.23610
5662.43031,0.23657
5658.57307,0.23698
5654.71583,0.23724
5650.85859,0.23722
5647.00135,0.23681
5643.14410,0.23605
5639.28686,0.23510
5635.42962,0.23408
5631.57238,0.23304
5627.71514,0.23209
5623.85790,0.23134
5620.00066,0.23087
5616.14341,0.23057
5612.28617,0.23038
5608.42893,0.23034
5604.57169,0.23049
5600.71445,0.23081
5596.85721,0.23125
5592.99997,0.23176
5589.14273,0.23232
5585.28548,0.23298
5581.42824,0.23367
5577.57100,0.23433
5573.71376,0.23497
5569.85652,0.23554
5565.99928,0.23592
5562.14204,0.23604
5558.28479,0.23597
5554.42755,0.23587
5550.57031,0.23581
5546.71307,0.23576
5542.85583,0.23572
5538.99859,0.23571
5535.14135,0.23573
5531.28410,0.23569
5527.42686,0.23553
5523.56962,0.23524
5519.71238,0.23484
5515.85514,0.23438
5511.99790,0.23395
5508.14066,0.23367
5504.28342,0.23369
5500.42617,0.23399
5496.56893,0.23448
5492.71169,0.23512
5488.85445,0.23579
5484.99721,0.23634
5481.13997,0.23664
5477.28273,0.23665
5473.42548,0.23633
5469.56824,0.23578
5465.71100,0.23504
5461.85376,0.23410
5457.99652,0.23302
5454.13928,0.23185
5450.28204,0.23051
5446.42479,0.22896
5442.56755,0.22729
5438.71031,0.22567
5434.85307,0.22413
5430.99583,0.22266
5427.13859,0.22138
5423.28135,0.22042
5419.42411,0.21974
5415.56686,0.21923
5411.70962,0.21889
5407.85238,0.21872
5403.99514,0.21863
5400.13790,0.21850
5396.28066,0.21832
5392.42342,0.21818
5388.56617,0.21820
5384.70893,0.21836
5380.85169,0.21862
5376.99445,0.21898
5373.13721,0.21942
5369.27997,0.21995
5365.42273,0.22063
5361.56549,0.22141
5357.70824,0.22222
5353.85100,0.22302
5349.99376,0.22372
5346.13652,0.22429
5342.27928,0.22481
5338.42204,0.22537
5334.56480,0.22604
5330.70755,0.22691
5326.85031,0.22799
5322.99307,0.22933
5319.13583,0.23102
5315.27859,0.23319
5311.42135,0.23581
5307.56411,0.23885
5303.70686,0.24220
5299.84962,0.24583
5295.99238,0.24989
5292.13514,0.25462
5288.27790,0.26012
5284.42066,0.26624
5280.56342,0.27294
5276.70618,0.28007
5272.84893,0.28730
5268.99169,0.29451
5265.13445,0.30176
5261.27721,0.30860
5257.41997,0.31451
5253.56273,0.31966
5249.70549,0.32423
5245.84824,0.32827
5241.99100,0.33163
5238.13376,0.33430
5234.27652,0.33650
5230.41928,0.33832
5226.56204,0.33978
5222.70480,0.34098
5218.84755,0.34199
5214.99031,0.34267
5211.13307,0.34303
5207.27583,0.34329
5203.41859,0.34361
5199.56135,0.34391
5195.70411,0.34411
5191.84687,0.34423
5187.98962,0.34426
5184.13238,0.34420
5180.27514,0.34407
5176.41790,0.34383
5172.56066,0.34354
5168.70342,0.34326
5164.84618,0.34295
5160.98893,0.34252
5157.13169,0.34208
5153.27445,0.34170
5149.41721,0.34126
5145.55997,0.34076
5141.70273,0.34025
5137.84549,0.33975
5133.98825,0.33927
5130.13100,0.33885
5126.27376,0.33833
5122.41652,0.33750
5118.55928,0.33617
5114.70204,0.33416
5110.84480,0.33147
5106.98756,0.32834
5103.13031,0.32506
5099.27307,0.32186
5095.41583,0.31886
5091.55859,0.31609
5087.70135,0.31352
5083.84411,0.31115
5079.98687,0.30897
5076.12962,0.30698
5072.27238,0.30508
5068.41514,0.30322
5064.55790,0.30146
5060.70066,0.29979
5056.84342,0.29820
5052.98618,0.29672
5049.12894,0.29536
5045.27169,0.29407
5041.41445,0.29284
5037.55721,0.29170
5033.69997,0.29061
5029.84273,0.28957
5025.98549,0.28858
5022.12825,0.28764
5018.27100,0.28673
5014.41376,0.28589
5010.55652,0.28512
5006.69928,0.28436
5002.84204,0.28355
4998.98480,0.28270
4995.12756,0.28190
4991.27031,0.28120
4987.41307,0.28063
4983.55583,0.28024
4979.69859,0.28004
4975.84135,0.28001
4971.98411,0.28020
4968.12687,0.28064
4964.26963,0.28131
4960.41238,0.28225
4956.55514,0.28345
4952.69790,0.28485
4948.84066,0.28642
4944.98342,0.28811
4941.12618,0.28987
4937.26894,0.29170
4933.41169,0.29363
4929.55445,0.29572
4925.69721,0.29792
4921.83997,0.30023
4917.98273,0.30268
4914.12549,0.30535
4910.26825,0.30820
4906.41101,0.31113
4902.55376,0.31417
4898.69652,0.31736
4894.83928,0.32067
4890.98204,0.32403
4887.12480,0.32747
4883.26756,0.33104
4879.41032,0.33469
4875.55307,0.33832
4871.69583,0.34181
4867.83859,0.34509
4863.98135,0.34824
4860.12411,0.35138
4856.26687,0.35454
4852.40963,0.35773
4848.55238,0.36112
4844.69514,0.36484
4840.83790,0.36884
4836.98066,0.37305
4833.12342,0.37741
4829.26618,0.38186
4825.40894,0.38627
4821.55170,0.39043
4817.69445,0.39417
4813.83721,0.39759
4809.97997,0.40083
4806.12273,0.40385
4802.26549,0.40651
4798.40825,0.40873
4794.55101,0.41049
4790.69376,0.41170
4786.83652,0.41242
4782.97928,0.41282
4779.12204,0.41311
4775.26480,0.41346
4771.40756,0.41407
4767.55032,0.41501
4763.69307,0.41629
4759.83583,0.41804
4755.97859,0.42037
4752.12135,0.42310
4748.26411,0.42584
4744.40687,0.42834
4740.54963,0.43070
4736.69239,0.43328
4732.83514,0.43659
4728.97790,0.44079
4725.12066,0.44518
4721.26342,0.44858
4717.40618,0.45038
4713.54894,0.45103
4709.69170,0.45195
4705.83445,0.45464
4701.97721,0.45954
4698.11997,0.46557
4694.26273,0.47065
4690.40549,0.47253
4686.54825,0.46983
4682.69101,0.46283
4678.83377,0.45321
4674.97652,0.44315
4671.11928,0.43463
4667.26204,0.42860
4663.40480,0.42479
4659.54756,0.42255
4655.69032,0.42175
4651.83308,0.42292
4647.97583,0.42654
4644.11859,0.43195
4640.26135,0.43730
4636.40411,0.44022
4632.54687,0.43865
4628.68963,0.43187
4624.83239,0.42139
4620.97514,0.41011
4617.11790,0.40047
4613.26066,0.39345
4609.40342,0.38908
4605.54618,0.38723
4601.68894,0.38788
4597.83170,0.39052
4593.97446,0.39381
4590.11721,0.39660
4586.25997,0.39885
4582.40273,0.40030
4578.54549,0.39913
4574.68825,0.39371
4570.83101,0.38497
4566.97377,0.37578
4563.11652,0.36846
4559.25928,0.36367
4555.40204,0.36096
4551.54480,0.35956
4547.68756,0.35875
4543.83032,0.35807
4539.97308,0.35747
4536.11583,0.35714
4532.25859,0.35731
4528.40135,0.35804
4524.54411,0.35930
4520.68687,0.36109
4516.82963,0.36357
4512.97239,0.36701
4509.11515,0.37176
4505.25790,0.37822
4501.40066,0.38659
4497.54342,0.39643
4493.68618,0.40658
4489.82894,0.41551
4485.97170,0.42256
4482.11446,0.42846
4478.25721,0.43486
4474.39997,0.44340
4470.54273,0.45515
4466.68549,0.47005
4462.82825,0.48588
4458.97101,0.49883
4455.11377,0.50673
4451.25653,0.51134
4447.39928,0.51584
4443.54204,0.52154
4439.68480,0.52749
4435.82756,0.53193
4431.97032,0.53346
4428.11308,0.53149
4424.25584,0.52693
4420.39859,0.52203
4416.54135,0.51903
4412.68411,0.51871
4408.82687,0.52023
4404.96963,0.52162
4401.11239,0.52101
4397.25515,0.51783
4393.39790,0.51289
4389.54066,0.50749
4385.68342,0.50262
4381.82618,0.49877
4377.96894,0.49604
4374.11170,0.49437
4370.25446,0.49384
4366.39722,0.49456
4362.53997,0.49619
4358.68273,0.49797
4354.82549,0.49955
4350.96825,0.50132
4347.11101,0.50373
4343.25377,0.50673
4339.39653,0.50989
4335.53928,0.51277
4331.68204,0.51529
4327.82480,0.51761
4323.96756,0.52005
4320.11032,0.52295
4316.25308,0.52659
4312.39584,0.53120
4308.53859,0.53681
4304.68135,0.54298
4300.82411,0.54901
4296.96687,0.55417
4293.10963,0.55785
4289.25239,0.55976
4285.39515,0.56015
4281.53791,0.55968
4277.68066,0.55891
4273.82342,0.55767
4269.96618,0.55563
4266.10894,0.55298
4262.25170,0.55046
4258.39446,0.54887
4254.53722,0.54849
4250.67997,0.54885
4246.82273,0.54907
4242.96549,0.54845
4239.10825,0.54694
4235.25101,0.54527
4231.39377,0.54412
4227.53653,0.54319
4223.67929,0.54160
4219.82204,0.53899
4215.96480,0.53582
4212.10756,0.53278
4208.25032,0.53014
4204.39308,0.52786
4200.53584,0.52600
4196.67860,0.52503
4192.82135,0.52573
4188.96411,0.52857
4185.10687,0.53315
4181.24963,0.53785
4177.39239,0.54004
4173.53515,0.53796
4169.67791,0.53223
4165.82066,0.52525
4161.96342,0.51943
4158.10618,0.51570
4154.24894,0.51391
4150.39170,0.51387
4146.53446,0.51565
4142.67722,0.51912
4138.81998,0.52377
4134.96273,0.52859
4131.10549,0.53264
4127.24825,0.53585
4123.39101,0.53903
4119.53377,0.54313
4115.67653,0.54882
4111.81929,0.55647
4107.96204,0.56642
4104.10480,0.57931
4100.24756,0.59606
4096.39032,0.61564
4092.53308,0.63226
4088.67584,0.63892
4084.81860,0.63429
4080.96135,0.62248
4077.10411,0.60859
4073.24687,0.59687
4069.38963,0.58934
4065.53239,0.58544
4061.67515,0.58386
4057.81791,0.58393
4053.96067,0.58530
4050.10342,0.58731
4046.24618,0.58921
4042.38894,0.59053
4038.53170,0.59126
4034.67446,0.59180
4030.81722,0.59236
4026.95998,0.59280
4023.10273,0.59302
4019.24549,0.59298
4015.38825,0.59240
4011.53101,0.59123
4007.67377,0.58963
4003.81653,0.58754
3999.95929,0.58496
3996.10205,0.58204
3992.24480,0.57898
3988.38756,0.57617
3984.53032,0.57403
3980.67308,0.57246
3976.81584,0.57101
3972.95860,0.56939
3969.10136,0.56739
3965.24411,0.56492
3961.38687,0.56217
3957.52963,0.55942
3953.67239,0.55666
3949.81515,0.55379
3945.95791,0.55089
3942.10067,0.54818
3938.24342,0.54582
3934.38618,0.54360
3930.52894,0.54130
3926.67170,0.53927
3922.81446,0.53760
3918.95722,0.53591
3915.09998,0.53392
3911.24274,0.53167
3907.38549,0.52892
3903.52825,0.52514
3899.67101,0.52098
3895.81377,0.51762
3891.95653,0.51470
3888.09929,0.51200
3884.24205,0.50986
3880.38480,0.50836
3876.52756,0.50688
3872.67032,0.50455
3868.81308,0.50135
3864.95584,0.49812
3861.09860,0.49539
3857.24136,0.49282
3853.38411,0.48988
3849.52687,0.48771
3845.66963,0.48648
3841.81239,0.48525
3837.95515,0.48429
3834.09791,0.48401
3830.24067,0.48397
3826.38343,0.48413
3822.52618,0.48529
3818.66894,0.48832
3814.81170,0.49203
3810.95446,0.49468
3807.09722,0.49603
3803.23998,0.49585
3799.38274,0.49418
3795.52549,0.49236
3791.66825,0.49130
3787.81101,0.49102
3783.95377,0.49164
3780.09653,0.49340
3776.23929,0.49584
3772.38205,0.49852
3768.52481,0.50185
3764.66756,0.50578
3760.81032,0.50925
3756.95308,0.51090
3753.09584,0.50966
3749.23860,0.50659
3745.38136,0.50537
3741.52412,0.50699
3737.66687,0.51058
3733.80963,0.51570
3729.95239,0.51944
3726.09515,0.52108
3722.23791,0.52295
3718.38067,0.52621
3714.52343,0.53127
3710.66618,0.53979
3706.80894,0.55087
3702.95170,0.56332
3699.09446,0.57819
3695.23722,0.59484
3691.37998,0.61658
3687.52274,0.64399
3683.66550,0.66473
3679.80825,0.67888
3675.95101,0.69538
3672.09377,0.71834
3668.23653,0.74248
3664.37929,0.76351
3660.52205,0.78249
3656.66481,0.80113
3652.80756,0.82098
3648.95032,0.84441
3645.09308,0.86587
3641.23584,0.87952
3637.37860,0.89052
3633.52136,0.90032
3629.66412,0.90840
3625.80687,0.91647
3621.94963,0.92321
3618.09239,0.93037
3614.23515,0.93815
3610.37791,0.94360
3606.52067,0.94377
3602.66343,0.94249
3598.80619,0.94598
