12493.60475,0.11202
12489.74751,0.11404
12485.89027,0.11385
12482.03303,0.11160
12478.17579,0.11109
12474.31855,0.11275
12470.46130,0.11408
12466.60406,0.11554
12462.74682,0.11636
12458.88958,0.11347
12455.03234,0.11014
12451.17510,0.11145
12447.31786,0.11424
12443.46062,0.11390
12439.60337,0.11274
12435.74613,0.11412
12431.88889,0.11597
12428.03165,0.11630
12424.17441,0.11626
12420.31717,0.11584
12416.45993,0.11569
12412.60268,0.11675
12408.74544,0.11658
12404.88820,0.11423
12401.03096,0.11351
12397.17372,0.11475
12393.31648,0.11430
12389.45924,0.11331
12385.60199,0.11396
12381.74475,0.11460
12377.88751,0.11423
12374.03027,0.11385
12370.17303,0.11409
12366.31579,0.11356
12362.45855,0.11197
12358.60131,0.11099
12354.74406,0.11130
12350.88682,0.11378
12347.02958,0.11779
12343.17234,0.11971
12339.31510,0.11816
12335.45786,0.11572
12331.60062,0.11442
12327.74337,0.11256
12323.88613,0.10897
12320.02889,0.10798
12316.17165,0.11193
12312.31441,0.11516
12308.45717,0.11361
12304.59993,0.10979
12300.74268,0.10763
12296.88544,0.10868
12293.02820,0.11189
12289.17096,0.11528
12285.31372,0.11684
12281.45648,0.11723
12277.59924,0.11809
12273.74200,0.11742
12269.88475,0.11449
12266.02751,0.11186
12262.17027,0.11124
12258.31303,0.11286
12254.45579,0.11548
12250.59855,0.11644
12246.74131,0.11439
12242.88406,0.11116
12239.02682,0.10921
12235.16958,0.10971
12231.31234,0.11201
12227.45510,0.11365
12223.59786,0.11250
12219.74062,0.10932
12215.88338,0.10810
12212.02613,0.11067
12208.16889,0.11358
12204.31165,0.11405
12200.45441,0.11377
12196.59717,0.11525
12192.73993,0.11708
12188.88269,0.11624
12185.02544,0.11410
12181.16820,0.11332
12177.31096,0.11368
12173.45372,0.11431
12169.59648,0.11499
12165.73924,0.11539
12161.88200,0.11506
12158.02475,0.11364
12154.16751,0.11210
12150.31027,0.11161
12146.45303,0.11141
12142.59579,0.11170
12138.73855,0.11364
12134.88131,0.11499
12131.02407,0.11366
12127.16682,0.11156
12123.30958,0.11043
12119.45234,0.10982
12115.59510,0.10850
12111.73786,0.10609
12107.88062,0.10381
12104.02338,0.10342
12100.16613,0.10553
12096.30889,0.10788
12092.45165,0.10863
12088.59441,0.10929
12084.73717,0.11012
12080.87993,0.11020
12077.02269,0.11094
12073.16544,0.11240
12069.30820,0.11234
12065.45096,0.11118
12061.59372,0.11033
12057.73648,0.10948
12053.87924,0.10877
12050.02200,0.10864
12046.16476,0.10884
12042.30751,0.10942
12038.45027,0.11057
12034.59303,0.11208
12030.73579,0.11345
12026.87855,0.11441
12023.02131,0.11472
12019.16407,0.11436
12015.30682,0.11380
12011.44958,0.11334
12007.59234,0.11326
12003.73510,0.11331
11999.87786,0.11241
11996.02062,0.11084
11992.16338,0.11037
11988.30614,0.11126
11984.44889,0.11205
11980.59165,0.11240
11976.73441,0.11344
11972.87717,0.11489
11969.01993,0.11578
11965.16269,0.11686
11961.30545,0.11837
11957.44820,0.11846
11953.59096,0.11587
11949.73372,0.11253
11945.87648,0.11262
11942.01924,0.11667
11938.16200,0.11936
11934.30476,0.11796
11930.44751,0.11578
11926.59027,0.11583
11922.73303,0.11739
11918.87579,0.11820
11915.01855,0.11814
11911.16131,0.11782
11907.30407,0.11682
11903.44683,0.11609
11899.58958,0.11626
11895.73234,0.11643
11891.87510,0.11705
11888.01786,0.11803
11884.16062,0.11822
11880.30338,0.11830
11876.44614,0.11866
11872.58889,0.11820
11868.73165,0.11771
11864.87441,0.11901
11861.01717,0.12114
11857.15993,0.12168
11853.30269,0.12089
11849.44545,0.12017
11845.58820,0.11920
11841.73096,0.11809
11837.87372,0.11808
11834.01648,0.11890
11830.15924,0.11961
11826.30200,0.12059
11822.44476,0.12179
11818.58752,0.12194
11814.73027,0.12096
11810.87303,0.12028
11807.01579,0.12051
11803.15855,0.12098
11799.30131,0.12108
11795.44407,0.12068
11791.58683,0.12003
11787.72958,0.11972
11783.87234,0.11964
11780.01510,0.11896
11776.15786,0.11802
11772.30062,0.11745
11768.44338,0.11698
11764.58614,0.11658
11760.72890,0.11625
11756.87165,0.11647
11753.01441,0.11731
11749.15717,0.11739
11745.29993,0.11702
11741.44269,0.11727
11737.58545,0.11748
11733.72821,0.11729
11729.87096,0.11714
11726.01372,0.11778
11722.15648,0.11926
11718.29924,0.12021
11714.44200,0.11983
11710.58476,0.11846
11706.72752,0.11682
11702.87027,0.11629
11699.01303,0.11755
11695.15579,0.11926
11691.29855,0.11983
11687.44131,0.11946
11683.58407,0.11925
11679.72683,0.11961
11675.86959,0.12025
11672.01234,0.12057
11668.15510,0.12070
11664.29786,0.12127
11660.44062,0.12134
11656.58338,0.12078
11652.72614,0.12107
11648.86890,0.12148
11645.01165,0.12055
11641.15441,0.11932
11637.29717,0.11920
11633.43993,0.11909
11629.58269,0.11758
11625.72545,0.11609
11621.86821,0.11652
11618.01096,0.11804
11614.15372,0.11850
11610.29648,0.11777
11606.43924,0.11754
11602.58200,0.11815
11598.72476,0.11883
11594.86752,0.11899
11591.01028,0.11921
11587.15303,0.12026
11583.29579,0.12056
11579.43855,0.11919
11575.58131,0.11879
11571.72407,0.12074
11567.86683,0.12195
11564.00959,0.11933
11560.15234,0.11489
11556.29510,0.11396
11552.43786,0.11759
11548.58062,0.12070
11544.72338,0.11993
11540.86614,0.11806
11537.00890,0.11883
11533.15166,0.12072
11529.29441,0.11969
11525.43717,0.11731
11521.57993,0.11811
11517.72269,0.12071
11513.86545,0.12094
11510.00821,0.11914
11506.15097,0.11866
11502.29372,0.11995
11498.43648,0.11972
11494.57924,0.11731
11490.72200,0.11670
11486.86476,0.11918
11483.00752,0.12095
11479.15028,0.12000
11475.29303,0.11881
11471.43579,0.11918
11467.57855,0.11991
11463.72131,0.11993
11459.86407,0.11906
11456.00683,0.11793
11452.14959,0.11801
11448.29235,0.11857
11444.43510,0.11774
11440.57786,0.11647
11436.72062,0.11607
11432.86338,0.11564
11429.00614,0.11470
11425.14890,0.11393
11421.29166,0.11369
11417.43441,0.11413
11413.57717,0.11471
11409.71993,0.11460
11405.86269,0.11448
11402.00545,0.11542
11398.14821,0.11639
11394.29097,0.11608
11390.43372,0.11516
11386.57648,0.11461
11382.71924,0.11490
11378.86200,0.11618
11375.00476,0.11670
11371.14752,0.11558
11367.29028,0.11519
11363.43304,0.11669
11359.57579,0.11886
11355.71855,0.12026
11351.86131,0.11928
11348.00407,0.11670
11344.14683,0.11492
11340.28959,0.11400
11336.43235,0.11376
11332.57510,0.11414
11328.71786,0.11403
11324.86062,0.11407
11321.00338,0.11488
11317.14614,0.11506
11313.28890,0.11485
11309.43166,0.11545
11305.57442,0.11591
11301.71717,0.11575
11297.85993,0.11564
11294.00269,0.11583
11290.14545,0.11660
11286.28821,0.11746
11282.43097,0.11731
11278.57373,0.11650
11274.71648,0.11638
11270.85924,0.11683
11267.00200,0.11663
11263.14476,0.11617
11259.28752,0.11610
11255.43028,0.11537
11251.57304,0.11401
11247.71579,0.11375
11243.85855,0.11461
11240.00131,0.11528
11236.14407,0.11562
11232.28683,0.11571
11228.42959,0.11542
11224.57235,0.11534
11220.71511,0.11560
11216.85786,0.11516
11213.00062,0.11397
11209.14338,0.11283
11205.28614,0.11184
11201.42890,0.11152
11197.57166,0.11265
11193.71442,0.11418
11189.85717,0.11446
11185.99993,0.11399
11182.14269,0.11412
11178.28545,0.11452
11174.42821,0.11459
11170.57097,0.11490
11166.71373,0.11535
11162.85648,0.11490
11158.99924,0.11427
11155.14200,0.11448
11151.28476,0.11450
11147.42752,0.11419
11143.57028,0.11472
11139.71304,0.11544
11135.85580,0.11498
11131.99855,0.11425
11128.14131,0.11477
11124.28407,0.11561
11120.42683,0.11571
11116.56959,0.11569
11112.71235,0.11586
11108.85511,0.11586
11104.99786,0.11520
11101.14062,0.11420
11097.28338,0.11398
11093.42614,0.11455
11089.56890,0.11484
11085.71166,0.11456
11081.85442,0.11411
11077.99718,0.11415
11074.13993,0.11510
11070.28269,0.11601
11066.42545,0.11615
11062.56821,0.11609
11058.71097,0.11592
11054.85373,0.11517
11050.99649,0.11460
11047.13924,0.11533
11043.28200,0.11650
11039.42476,0.11688
11035.56752,0.11679
11031.71028,0.11634
11027.85304,0.11557
11023.99580,0.11510
11020.13855,0.11475
11016.28131,0.11417
11012.42407,0.11411
11008.56683,0.11510
11004.70959,0.11584
11000.85235,0.11589
10996.99511,0.11665
10993.13787,0.11763
10989.28062,0.11750
10985.42338,0.11685
10981.56614,0.11615
10977.70890,0.11540
10973.85166,0.11516
10969.99442,0.11531
10966.13718,0.11529
10962.27993,0.11544
10958.42269,0.11601
10954.56545,0.11665
10950.70821,0.11713
10946.85097,0.11704
10942.99373,0.11615
10939.13649,0.11546
10935.27924,0.11584
10931.42200,0.11623
10927.56476,0.11563
10923.70752,0.11476
10919.85028,0.11420
10915.99304,0.11348
10912.13580,0.11260
10908.27856,0.11264
10904.42131,0.11408
10900.56407,0.11535
10896.70683,0.11530
10892.84959,0.11513
10888.99235,0.11546
10885.13511,0.11531
10881.27787,0.11471
10877.42062,0.11431
10873.56338,0.11408
10869.70614,0.11391
10865.84890,0.11364
10861.99166,0.11311
10858.13442,0.11250
10854.27718,0.11178
10850.41993,0.11123
10846.56269,0.11133
10842.70545,0.11164
10838.84821,0.11160
10834.99097,0.11121
10831.13373,0.11086
10827.27649,0.11086
10823.41925,0.11075
10819.56200,0.11042
10815.70476,0.11089
10811.84752,0.11229
10807.99028,0.11338
10804.13304,0.11320
10800.27580,0.11184
10796.41856,0.11053
10792.56131,0.11043
10788.70407,0.11109
10784.84683,0.11144
10780.98959,0.11128
10777.13235,0.11089
10773.27511,0.11070
10769.41787,0.11114
10765.56063,0.11209
10761.70338,0.11254
10757.84614,0.11195
10753.98890,0.11145
10750.13166,0.11192
10746.27442,0.11262
10742.41718,0.11271
10738.55994,0.11209
10734.70269,0.11112
10730.84545,0.11044
10726.98821,0.11067
10723.13097,0.11163
10719.27373,0.11221
10715.41649,0.11203
10711.55925,0.11188
10707.70200,0.11191
10703.84476,0.11201
10699.98752,0.11216
10696.13028,0.11202
10692.27304,0.11200
10688.41580,0.11214
10684.55856,0.11178
10680.70132,0.11165
10676.84407,0.11235
10672.98683,0.11301
10669.12959,0.11300
10665.27235,0.11253
10661.41511,0.11218
10657.55787,0.11227
10653.70063,0.11237
10649.84338,0.11192
10645.98614,0.11088
10642.12890,0.11011
10638.27166,0.10996
10634.41442,0.10988
10630.55718,0.11011
10626.69994,0.11087
10622.84269,0.11129
10618.98545,0.11131
10615.12821,0.11157
10611.27097,0.11181
10607.41373,0.11169
10603.55649,0.11144
10599.69925,0.11121
10595.84201,0.11094
10591.98476,0.11058
10588.12752,0.11026
10584.27028,0.11046
10580.41304,0.11122
10576.55580,0.11186
10572.69856,0.11205
10568.84132,0.11184
10564.98407,0.11124
10561.12683,0.11033
10557.26959,0.10935
10553.41235,0.10889
10549.55511,0.10896
10545.69787,0.10877
10541.84063,0.10815
10537.98339,0.10796
10534.12614,0.10890
10530.26890,0.11011
10526.41166,0.11001
10522.55442,0.10868
10518.69718,0.10775
10514.83994,0.10789
10510.98270,0.10836
10507.12545,0.10866
10503.26821,0.10884
10499.41097,0.10895
10495.55373,0.10867
10491.69649,0.10802
10487.83925,0.10765
10483.98201,0.10791
10480.12476,0.10840
10476.26752,0.10862
10472.41028,0.10861
10468.55304,0.10858
10464.69580,0.10835
10460.83856,0.10795
10456.98132,0.10791
10453.12408,0.10843
10449.26683,0.10899
10445.40959,0.10893
10441.55235,0.10838
10437.69511,0.10802
10433.83787,0.10825
10429.98063,0.10872
10426.12339,0.10927
10422.26614,0.10979
10418.40890,0.10984
10414.55166,0.10961
10410.69442,0.10943
10406.83718,0.10910
10402.97994,0.10892
10399.12270,0.10920
10395.26545,0.10937
10391.40821,0.10918
10387.55097,0.10881
10383.69373,0.10817
10379.83649,0.10767
10375.97925,0.10793
10372.12201,0.10856
10368.26477,0.10878
10364.40752,0.10867
10360.55028,0.10885
10356.69304,0.10928
10352.83580,0.10953
10348.97856,0.10951
10345.12132,0.10935
10341.26408,0.10906
10337.40683,0.10853
10333.54959,0.10812
10329.69235,0.10825
10325.83511,0.10856
10321.97787,0.10883
10318.12063,0.10925
10314.26339,0.10967
10310.40615,0.10988
10306.54890,0.10982
10302.69166,0.10957
10298.83442,0.10939
10294.97718,0.10953
10291.11994,0.10983
10287.26270,0.10997
10283.40546,0.10985
10279.54821,0.10960
10275.69097,0.10947
10271.83373,0.10961
10267.97649,0.10968
10264.11925,0.10940
10260.26201,0.10903
10256.40477,0.10912
10252.54752,0.10965
10248.69028,0.11013
10244.83304,0.11027
10240.97580,0.11000
10237.11856,0.10964
10233.26132,0.10958
10229.40408,0.10964
10225.54684,0.10955
10221.68959,0.10936
10217.83235,0.10924
10213.97511,0.10945
10210.11787,0.11023
10206.26063,0.11114
10202.40339,0.11139
10198.54615,0.11111
10194.68890,0.11078
10190.83166,0.11046
10186.97442,0.11027
10183.11718,0.11041
10179.25994,0.11082
10175.40270,0.11106
10171.54546,0.11090
10167.68821,0.11070
10163.83097,0.11060
10159.97373,0.11072
10156.11649,0.11133
10152.25925,0.11184
10148.40201,0.11165
10144.54477,0.11148
10140.68753,0.11185
10136.83028,0.11217
10132.97304,0.11202
10129.11580,0.11189
10125.25856,0.11215
10121.40132,0.11246
10117.54408,0.11250
10113.68684,0.11241
10109.82959,0.11227
10105.97235,0.11206
10102.11511,0.11192
10098.25787,0.11187
10094.40063,0.11181
10090.54339,0.11173
10086.68615,0.11148
10082.82891,0.11119
10078.97166,0.11132
10075.11442,0.11173
10071.25718,0.11208
10067.39994,0.11220
10063.54270,0.11200
10059.68546,0.11172
10055.82822,0.11187
10051.97097,0.11243
10048.11373,0.11273
10044.25649,0.11252
10040.39925,0.11232
10036.54201,0.11231
10032.68477,0.11224
10028.82753,0.11215
10024.97028,0.11223
10021.11304,0.11225
10017.25580,0.11212
10013.39856,0.11209
10009.54132,0.11215
10005.68408,0.11208
10001.82684,0.11184
9997.96960,0.11177
9994.11235,0.11200
9990.25511,0.11216
9986.39787,0.11221
9982.54063,0.11238
9978.68339,0.11251
9974.82615,0.11237
9970.96891,0.11222
9967.11166,0.11243
9963.25442,0.11280
9959.39718,0.11293
9955.53994,0.11270
9951.68270,0.11231
9947.82546,0.11223
9943.96822,0.11266
9940.11097,0.11290
9936.25373,0.11277
9932.39649,0.11301
9928.53925,0.11344
9924.68201,0.11318
9920.82477,0.11256
9916.96753,0.11249
9913.11029,0.11283
9909.25304,0.11289
9905.39580,0.11274
9901.53856,0.11276
9897.68132,0.11283
9893.82408,0.11297
9889.96684,0.11317
9886.10960,0.11307
9882.25235,0.11272
9878.39511,0.11246
9874.53787,0.11235
9870.68063,0.11246
9866.82339,0.11265
9862.96615,0.11280
9859.10891,0.11287
9855.25167,0.11275
9851.39442,0.11255
9847.53718,0.11238
9843.67994,0.11235
9839.82270,0.11276
9835.96546,0.11318
9832.10822,0.11304
9828.25098,0.11257
9824.39373,0.11208
9820.53649,0.11193
9816.67925,0.11231
9812.82201,0.11283
9808.96477,0.11315
9805.10753,0.11306
9801.25029,0.11277
9797.39304,0.11283
9793.53580,0.11309
9789.67856,0.11305
9785.82132,0.11298
9781.96408,0.11295
9778.10684,0.11248
9774.24960,0.11191
9770.39236,0.11194
9766.53511,0.11229
9762.67787,0.11244
9758.82063,0.11240
9754.96339,0.11259
9751.10615,0.11307
9747.24891,0.11331
9743.39167,0.11295
9739.53442,0.11242
9735.67718,0.11213
9731.81994,0.11198
9727.96270,0.11189
9724.10546,0.11187
9720.24822,0.11191
9716.39098,0.11198
9712.53373,0.11199
9708.67649,0.11185
9704.81925,0.11190
9700.96201,0.11220
9697.10477,0.11220
9693.24753,0.11185
9689.39029,0.11172
9685.53305,0.11185
9681.67580,0.11176
9677.81856,0.11121
9673.96132,0.11065
9670.10408,0.11053
9666.24684,0.11063
9662.38960,0.11063
9658.53236,0.11086
9654.67511,0.11140
9650.81787,0.11159
9646.96063,0.11099
9643.10339,0.11019
9639.24615,0.10998
9635.38891,0.11021
9631.53167,0.11033
9627.67443,0.11035
9623.81718,0.11048
9619.95994,0.11057
9616.10270,0.11035
9612.24546,0.10992
9608.38822,0.10976
9604.53098,0.11016
9600.67374,0.11074
9596.81649,0.11089
9592.95925,0.11071
9589.10201,0.11055
9585.24477,0.11032
9581.38753,0.10989
9577.53029,0.10954
9573.67305,0.10953
9569.81580,0.10974
9565.95856,0.10998
9562.10132,0.11020
9558.24408,0.11010
9554.38684,0.10960
9550.52960,0.10930
9546.67236,0.10951
9542.81512,0.10993
9538.95787,0.11020
9535.10063,0.11015
9531.24339,0.10997
9527.38615,0.10991
9523.52891,0.10980
9519.67167,0.10962
9515.81443,0.10956
9511.95718,0.10952
9508.09994,0.10938
9504.24270,0.10935
9500.38546,0.10942
9496.52822,0.10943
9492.67098,0.10939
9488.81374,0.10937
9484.95649,0.10940
9481.09925,0.10948
9477.24201,0.10937
9473.38477,0.10898
9469.52753,0.10874
9465.67029,0.10888
9461.81305,0.10914
9457.95581,0.10916
9454.09856,0.10889
9450.24132,0.10856
9446.38408,0.10847
9442.52684,0.10866
9438.66960,0.10877
9434.81236,0.10874
9430.95512,0.10871
9427.09787,0.10857
9423.24063,0.10838
9419.38339,0.10841
9415.52615,0.10861
9411.66891,0.10871
9407.81167,0.10857
9403.95443,0.10844
9400.09719,0.10852
9396.23994,0.10868
9392.38270,0.10864
9388.52546,0.10826
9384.66822,0.10788
9380.81098,0.10796
9376.95374,0.10829
9373.09650,0.10835
9369.23925,0.10813
9365.38201,0.10794
9361.52477,0.10796
9357.66753,0.10809
9353.81029,0.10816
9349.95305,0.10817
9346.09581,0.10819
9342.23856,0.10827
9338.38132,0.10830
9334.52408,0.10815
9330.66684,0.10808
9326.80960,0.10829
9322.95236,0.10848
9319.09512,0.10830
9315.23788,0.10795
9311.38063,0.10762
9307.52339,0.10741
9303.66615,0.10766
9299.80891,0.10820
9295.95167,0.10839
9292.09443,0.10812
9288.23719,0.10784
9284.37994,0.10779
9280.52270,0.10778
9276.66546,0.10772
9272.80822,0.10763
9268.95098,0.10752
9265.09374,0.10756
9261.23650,0.10799
9257.37925,0.10843
9253.52201,0.10839
9249.66477,0.10797
9245.80753,0.10762
9241.95029,0.10773
9238.09305,0.10815
9234.23581,0.10836
9230.37857,0.10825
9226.52132,0.10799
9222.66408,0.10787
9218.80684,0.10802
9214.94960,0.10799
9211.09236,0.10768
9207.23512,0.10754
9203.37788,0.10765
9199.52063,0.10775
9195.66339,0.10768
9191.80615,0.10753
9187.94891,0.10739
9184.09167,0.10738
9180.23443,0.10757
9176.37719,0.10778
9172.51995,0.10785
9168.66270,0.10792
9164.80546,0.10814
9160.94822,0.10835
9157.09098,0.10824
9153.23374,0.10800
9149.37650,0.10794
9145.51926,0.10792
9141.66201,0.10781
9137.80477,0.10772
9133.94753,0.10776
9130.09029,0.10786
9126.23305,0.10781
9122.37581,0.10774
9118.51857,0.10781
9114.66132,0.10797
9110.80408,0.10810
9106.94684,0.10821
9103.08960,0.10835
9099.23236,0.10845
9095.37512,0.10846
9091.51788,0.10843
9087.66064,0.10833
9083.80339,0.10827
9079.94615,0.10846
9076.08891,0.10877
9072.23167,0.10885
9068.37443,0.10874
9064.51719,0.10865
9060.65995,0.10866
9056.80270,0.10869
9052.94546,0.10874
9049.08822,0.10886
9045.23098,0.10914
9041.37374,0.10954
9037.51650,0.10990
9033.65926,0.11015
9029.80201,0.11029
9025.94477,0.11033
9022.08753,0.11051
9018.23029,0.11091
9014.37305,0.11120
9010.51581,0.11132
9006.65857,0.11154
9002.80133,0.11192
8998.94408,0.11236
8995.08684,0.11283
8991.22960,0.11333
8987.37236,0.11388
8983.51512,0.11451
8979.65788,0.11517
8975.80064,0.11567
8971.94339,0.11599
8968.08615,0.11632
8964.22891,0.11689
8960.37167,0.11774
8956.51443,0.11861
8952.65719,0.11931
8948.79995,0.11985
8944.94271,0.12050
8941.08546,0.12133
8937.22822,0.12214
8933.37098,0.12289
8929.51374,0.12382
8925.65650,0.12493
8921.79926,0.12606
8917.94202,0.12717
8914.08477,0.12835
8910.22753,0.12951
8906.37029,0.13069
8902.51305,0.13205
8898.65581,0.13345
8894.79857,0.13468
8890.94133,0.13595
8887.08408,0.13742
8883.22684,0.13876
8879.36960,0.13981
8875.51236,0.14080
8871.65512,0.14167
8867.79788,0.14229
8863.94064,0.14284
8860.08340,0.14328
8856.22615,0.14336
8852.36891,0.14316
8848.51167,0.14297
8844.65443,0.14274
8840.79719,0.14224
8836.93995,0.14146
8833.08271,0.14067
8829.22546,0.13996
8825.36822,0.13915
8821.51098,0.13819
8817.65374,0.13717
8813.79650,0.13604
8809.93926,0.13482
8806.08202,0.13367
8802.22477,0.13252
8798.36753,0.13123
8794.51029,0.12991
8790.65305,0.12871
8786.79581,0.12764
8782.93857,0.12664
8779.08133,0.12573
8775.22409,0.12487
8771.36684,0.12408
8767.50960,0.12351
8763.65236,0.12297
8759.79512,0.12237
8755.93788,0.12191
8752.08064,0.12167
8748.22340,0.12153
8744.36615,0.12145
8740.50891,0.12141
8736.65167,0.12138
8732.79443,0.12129
8728.93719,0.12121
8725.07995,0.12129
8721.22271,0.12140
8717.36547,0.12142
8713.50822,0.12153
8709.65098,0.12184
8705.79374,0.12215
8701.93650,0.12232
8698.07926,0.12243
8694.22202,0.12261
8690.36478,0.12283
8686.50753,0.12297
8682.65029,0.12306
8678.79305,0.12320
8674.93581,0.12342
8671.07857,0.12353
8667.22133,0.12355
8663.36409,0.12376
8659.50684,0.12413
8655.64960,0.12461
8651.79236,0.12509
8647.93512,0.12548
8644.07788,0.12591
8640.22064,0.12642
8636.36340,0.12680
8632.50616,0.12710
8628.64891,0.12743
8624.79167,0.12765
8620.93443,0.12785
8617.07719,0.12817
8613.21995,0.12837
8609.36271,0.12850
8605.50547,0.12891
8601.64822,0.12942
8597.79098,0.12979
8593.93374,0.13014
8590.07650,0.13055
8586.21926,0.13092
8582.36202,0.13125
8578.50478,0.13159
8574.64753,0.13206
8570.79029,0.13254
8566.93305,0.13278
8563.07581,0.13285
8559.21857,0.13299
8555.36133,0.13324
8551.50409,0.13356
8547.64685,0.13390
8543.78960,0.13415
8539.93236,0.13446
8536.07512,0.13489
8532.21788,0.13528
8528.36064,0.13555
8524.50340,0.13581
8520.64616,0.13610
8516.78891,0.13633
8512.93167,0.13640
8509.07443,0.13645
8505.21719,0.13667
8501.35995,0.13678
8497.50271,0.13669
8493.64547,0.13666
8489.78822,0.13670
8485.93098,0.13675
8482.07374,0.13699
8478.21650,0.13723
8474.35926,0.13715
8470.50202,0.13698
8466.64478,0.13693
8462.78754,0.13688
8458.93029,0.13680
8455.07305,0.13675
8451.21581,0.13662
8447.35857,0.13637
8443.50133,0.13600
8439.64409,0.13568
8435.78685,0.13558
8431.92960,0.13558
8428.07236,0.13555
8424.21512,0.13548
8420.35788,0.13538
8416.50064,0.13524
8412.64340,0.13509
8408.78616,0.13493
8404.92892,0.13472
8401.07167,0.13450
8397.21443,0.13432
8393.35719,0.13418
8389.49995,0.13403
8385.64271,0.13389
8381.78547,0.13379
8377.92823,0.13372
8374.07098,0.13363
8370.21374,0.13342
8366.35650,0.13308
8362.49926,0.13282
8358.64202,0.13281
8354.78478,0.13288
8350.92754,0.13291
8347.07029,0.13288
8343.21305,0.13281
8339.35581,0.13271
8335.49857,0.13254
8331.64133,0.13225
8327.78409,0.13208
8323.92685,0.13211
8320.06961,0.13216
8316.21236,0.13217
8312.35512,0.13215
8308.49788,0.13212
8304.64064,0.13204
8300.78340,0.13192
8296.92616,0.13191
8293.06892,0.13206
8289.21167,0.13221
8285.35443,0.13224
8281.49719,0.13218
8277.63995,0.13212
8273.78271,0.13204
8269.92547,0.13197
8266.06823,0.13201
8262.21098,0.13209
8258.35374,0.13213
8254.49650,0.13216
8250.63926,0.13220
8246.78202,0.13227
8242.92478,0.13235
8239.06754,0.13240
8235.21030,0.13237
8231.35305,0.13227
8227.49581,0.13224
8223.63857,0.13232
8219.78133,0.13238
8215.92409,0.13238
8212.06685,0.13228
8208.20961,0.13208
8204.35236,0.13189
8200.49512,0.13181
8196.63788,0.13182
8192.78064,0.13182
8188.92340,0.13167
8185.06616,0.13138
8181.20892,0.13113
8177.35168,0.13101
8173.49443,0.13101
8169.63719,0.13094
8165.77995,0.13079
8161.92271,0.13067
8158.06547,0.13050
8154.20823,0.13031
8150.35099,0.13021
8146.49374,0.13011
8142.63650,0.13001
8138.77926,0.12995
8134.92202,0.12979
8131.06478,0.12951
8127.20754,0.12919
8123.35030,0.12894
8119.49305,0.12883
8115.63581,0.12879
8111.77857,0.12864
8107.92133,0.12835
8104.06409,0.12804
8100.20685,0.12778
8096.34961,0.12759
8092.49237,0.12746
8088.63512,0.12732
8084.77788,0.12712
8080.92064,0.12689
8077.06340,0.12669
8073.20616,0.12658
8069.34892,0.12657
8065.49168,0.12647
8061.63443,0.12625
8057.77719,0.12609
8053.91995,0.12605
8050.06271,0.12596
8046.20547,0.12572
8042.34823,0.12542
8038.49099,0.12523
8034.63374,0.12511
8030.77650,0.12492
8026.91926,0.12471
8023.06202,0.12462
8019.20478,0.12458
8015.34754,0.12443
8011.49030,0.12423
8007.63306,0.12412
8003.77581,0.12411
7999.91857,0.12413
7996.06133,0.12412
7992.20409,0.12405
7988.34685,0.12395
7984.48961,0.12393
7980.63237,0.12395
7976.77512,0.12387
7972.91788,0.12368
7969.06064,0.12349
7965.20340,0.12336
7961.34616,0.12337
7957.48892,0.12342
7953.63168,0.12336
7949.77444,0.12332
7945.91719,0.12337
7942.05995,0.12331
7938.20271,0.12311
7934.34547,0.12294
7930.48823,0.12289
7926.63099,0.12298
7922.77375,0.12309
7918.91650,0.12299
7915.05926,0.12276
7911.20202,0.12263
7907.34478,0.12270
7903.48754,0.12288
7899.63030,0.12305
7895.77306,0.12312
7891.91581,0.12308
7888.05857,0.12298
7884.20133,0.12293
7880.34409,0.12296
7876.48685,0.12301
7872.62961,0.12305
7868.77237,0.12309
7864.91513,0.12305
7861.05788,0.12294
7857.20064,0.12288
7853.34340,0.12296
7849.48616,0.12303
7845.62892,0.12300
7841.77168,0.12292
7837.91444,0.12281
7834.05719,0.12258
7830.19995,0.12228
7826.34271,0.12204
7822.48547,0.12190
7818.62823,0.12181
7814.77099,0.12177
7810.91375,0.12173
7807.05650,0.12167
7803.19926,0.12160
7799.34202,0.12150
7795.48478,0.12123
7791.62754,0.12101
7787.77030,0.12103
7783.91306,0.12102
7780.05582,0.12082
7776.19857,0.12079
7772.34133,0.12084
7768.48409,0.12061
7764.62685,0.12022
7760.76961,0.12007
7756.91237,0.12011
7753.05513,0.12008
7749.19788,0.12002
7745.34064,0.11997
7741.48340,0.11978
7737.62616,0.11942
7733.76892,0.11912
7729.91168,0.11899
7726.05444,0.11888
7722.19720,0.11867
7718.33995,0.11840
7714.48271,0.11830
7710.62547,0.11847
7706.76823,0.11865
7702.91099,0.11850
7699.05375,0.11817
7695.19651,0.11791
7691.33926,0.11772
7687.48202,0.11763
7683.62478,0.11775
7679.76754,0.11799
7675.91030,0.11815
7672.05306,0.11818
7668.19582,0.11812
7664.33857,0.11803
7660.48133,0.11801
7656.62409,0.11816
7652.76685,0.11836
7648.90961,0.11841
7645.05237,0.11840
7641.19513,0.11845
7637.33789,0.11859
7633.48064,0.11873
7629.62340,0.11871
7625.76616,0.11861
7621.90892,0.11857
7618.05168,0.11863
7614.19444,0.11872
7610.33720,0.11891
7606.47995,0.11927
7602.62271,0.11957
7598.76547,0.11957
7594.90823,0.11938
7591.05099,0.11921
7587.19375,0.11920
7583.33651,0.11934
7579.47926,0.11967
7575.62202,0.12001
7571.76478,0.12012
7567.90754,0.12012
7564.05030,0.12027
7560.19306,0.12059
7556.33582,0.12102
7552.47858,0.12147
7548.62133,0.12182
7544.76409,0.12212
7540.90685,0.12237
7537.04961,0.12256
7533.19237,0.12278
7529.33513,0.12304
7525.47789,0.12322
7521.62064,0.12338
7517.76340,0.12356
7513.90616,0.12371
7510.04892,0.12386
7506.19168,0.12407
7502.33444,0.12426
7498.47720,0.12444
7494.61996,0.12480
7490.76271,0.12520
7486.90547,0.12538
7483.04823,0.12547
7479.19099,0.12581
7475.33375,0.12647
7471.47651,0.12713
7467.61927,0.12759
7463.76202,0.12810
7459.90478,0.12885
7456.04754,0.12969
7452.19030,0.13047
7448.33306,0.13125
7444.47582,0.13208
7440.61858,0.13295
7436.76133,0.13379
7432.90409,0.13464
7429.04685,0.13570
7425.18961,0.13687
7421.33237,0.13790
7417.47513,0.13882
7413.61789,0.13971
7409.76065,0.14057
7405.90340,0.14151
7402.04616,0.14255
7398.18892,0.14356
7394.33168,0.14452
7390.47444,0.14554
7386.61720,0.14667
7382.75996,0.14790
7378.90271,0.14912
7375.04547,0.15018
7371.18823,0.15122
7367.33099,0.15236
7363.47375,0.15352
7359.61651,0.15457
7355.75927,0.15550
7351.90202,0.15635
7348.04478,0.15715
7344.18754,0.15792
7340.33030,0.15864
7336.47306,0.15926
7332.61582,0.15980
7328.75858,0.16034
7324.90134,0.16085
7321.04409,0.16121
7317.18685,0.16149
7313.32961,0.16185
7309.47237,0.16213
7305.61513,0.16224
7301.75789,0.16234
7297.90065,0.16257
7294.04340,0.16279
7290.18616,0.16299
7286.32892,0.16325
7282.47168,0.16357
7278.61444,0.16387
7274.75720,0.16420
7270.89996,0.16459
7267.04272,0.16502
7263.18547,0.16538
7259.32823,0.16566
7255.47099,0.16590
7251.61375,0.16615
7247.75651,0.16639
7243.89927,0.16661
7240.04203,0.16686
7236.18478,0.16712
7232.32754,0.16728
7228.47030,0.16735
7224.61306,0.16741
7220.75582,0.16759
7216.89858,0.16792
7213.04134,0.16822
7209.18409,0.16836
7205.32685,0.16849
7201.46961,0.16863
7197.61237,0.16871
7193.75513,0.16881
7189.89789,0.16899
7186.04065,0.16921
7182.18341,0.16954
7178.32616,0.17000
7174.46892,0.17050
7170.61168,0.17105
7166.75444,0.17167
7162.89720,0.17239
7159.03996,0.17316
7155.18272,0.17393
7151.32547,0.17480
7147.46823,0.17587
7143.61099,0.17704
7139.75375,0.17813
7135.89651,0.17914
7132.03927,0.18017
7128.18203,0.18124
7124.32478,0.18232
7120.46754,0.18341
7116.61030,0.18450
7112.75306,0.18557
7108.89582,0.18667
7105.03858,0.18788
7101.18134,0.18914
7097.32410,0.19043
7093.46685,0.19176
7089.60961,0.19320
7085.75237,0.19475
7081.89513,0.19632
7078.03789,0.19782
7074.18065,0.19936
7070.32341,0.20104
7066.46616,0.20273
7062.60892,0.20437
7058.75168,0.20596
7054.89444,0.20754
7051.03720,0.20908
7047.17996,0.21050
7043.32272,0.21186
7039.46548,0.21331
7035.60823,0.21487
7031.75099,0.21639
7027.89375,0.21774
7024.03651,0.21889
7020.17927,0.21995
7016.32203,0.22100
7012.46479,0.22204
7008.60754,0.22305
7004.75030,0.22397
7000.89306,0.22477
6997.03582,0.22556
6993.17858,0.22638
6989.32134,0.22724
6985.46410,0.22808
6981.60685,0.22884
6977.74961,0.22958
6973.89237,0.23035
6970.03513,0.23105
6966.17789,0.23158
6962.32065,0.23202
6958.46341,0.23249
6954.60617,0.23298
6950.74892,0.23344
6946.89168,0.23385
6943.03444,0.23421
6939.17720,0.23456
6935.31996,0.23499
6931.46272,0.23547
6927.60548,0.23592
6923.74823,0.23631
6919.89099,0.23667
6916.03375,0.23703
6912.17651,0.23748
6908.31927,0.23795
6904.46203,0.23833
6900.60479,0.23877
6896.74754,0.23924
6892.89030,0.23964
6889.03306,0.24002
6885.17582,0.24047
6881.31858,0.24095
6877.46134,0.24141
6873.60410,0.24189
6869.74686,0.24243
6865.88961,0.24310
6862.03237,0.24387
6858.17513,0.24461
6854.31789,0.24528
6850.46065,0.24594
6846.60341,0.24657
6842.74617,0.24724
6838.88892,0.24802
6835.03168,0.24882
6831.17444,0.24957
6827.31720,0.25026
6823.45996,0.25083
6819.60272,0.25144
6815.74548,0.25227
6811.88824,0.25326
6808.03099,0.25424
6804.17375,0.25509
6800.31651,0.25591
6796.45927,0.25678
6792.60203,0.25764
6788.74479,0.25845
6784.88755,0.25930
6781.03030,0.26026
6777.17306,0.26120
6773.31582,0.26202
6769.45858,0.26275
6765.60134,0.26341
6761.74410,0.26398
6757.88686,0.26448
6754.02961,0.26496
6750.17237,0.26531
6746.31513,0.26556
6742.45789,0.26585
6738.60065,0.26614
6734.74341,0.26636
6730.88617,0.26655
6727.02893,0.26676
6723.17168,0.26694
6719.31444,0.26704
6715.45720,0.26706
6711.59996,0.26707
6707.74272,0.26708
6703.88548,0.26707
6700.02824,0.26701
6696.17099,0.26698
6692.31375,0.26697
6688.45651,0.26692
6684.59927,0.26681
6680.74203,0.26670
6676.88479,0.26659
6673.02755,0.26644
6669.17030,0.26616
6665.31306,0.26576
6661.45582,0.26533
6657.59858,0.26491
6653.74134,0.26452
6649.88410,0.26422
6646.02686,0.26389
6642.16962,0.26344
6638.31237,0.26297
6634.45513,0.26258
6630.59789,0.26221
6626.74065,0.26173
6622.88341,0.26113
6619.02617,0.26054
6615.16893,0.26001
6611.31168,0.25950
6607.45444,0.25904
6603.59720,0.25859
6599.73996,0.25813
6595.88272,0.25768
6592.02548,0.25727
6588.16824,0.25695
6584.31100,0.25670
6580.45375,0.25649
6576.59651,0.25629
6572.73927,0.25615
6568.88203,0.25609
6565.02479,0.25611
6561.16755,0.25619
6557.31031,0.25625
6553.45306,0.25633
6549.59582,0.25646
6545.73858,0.25658
6541.88134,0.25668
6538.02410,0.25685
6534.16686,0.25700
6530.30962,0.25705
6526.45237,0.25711
6522.59513,0.25728
6518.73789,0.25750
6514.88065,0.25766
6511.02341,0.25780
6507.16617,0.25790
6503.30893,0.25797
6499.45169,0.25808
6495.59444,0.25824
6491.73720,0.25830
6487.87996,0.25821
6484.02272,0.25813
6480.16548,0.25820
6476.30824,0.25824
6472.45100,0.25810
6468.59375,0.25787
6464.73651,0.25763
6460.87927,0.25738
6457.02203,0.25710
6453.16479,0.25687
6449.30755,0.25674
6445.45031,0.25657
6441.59306,0.25628
6437.73582,0.25591
6433.87858,0.25551
6430.02134,0.25511
6426.16410,0.25477
6422.30686,0.25449
6418.44962,0.25417
6414.59238,0.25378
6410.73513,0.25347
6406.87789,0.25329
6403.02065,0.25306
6399.16341,0.25273
6395.30617,0.25245
6391.44893,0.25228
6387.59169,0.25214
6383.73444,0.25203
6379.87720,0.25197
6376.01996,0.25186
6372.16272,0.25161
6368.30548,0.25131
6364.44824,0.25107
6360.59100,0.25089
6356.73376,0.25074
6352.87651,0.25063
6349.01927,0.25052
6345.16203,0.25040
6341.30479,0.25029
6337.44755,0.25023
6333.59031,0.25022
6329.73307,0.25025
6325.87582,0.25028
6322.01858,0.25029
6318.16134,0.25022
6314.30410,0.25009
6310.44686,0.24995
6306.58962,0.24980
6302.73238,0.24965
6298.87513,0.24941
6295.01789,0.24901
6291.16065,0.24853
6287.30341,0.24805
6283.44617,0.24757
6279.58893,0.24703
6275.73169,0.24639
6271.87445,0.24566
6268.01720,0.24488
6264.15996,0.24409
6260.30272,0.24331
6256.44548,0.24256
6252.58824,0.24180
6248.73100,0.24097
6244.87376,0.24005
6241.01651,0.23909
6237.15927,0.23813
6233.30203,0.23717
6229.44479,0.23618
6225.58755,0.23524
6221.73031,0.23452
6217.87307,0.23401
6214.01582,0.23375
6210.15858,0.23379
6206.30134,0.23412
6202.44410,0.23458
6198.58686,0.23486
6194.72962,0.23468
6190.87238,0.23395
6187.01514,0.23274
6183.15789,0.23127
6179.30065,0.22984
6175.44341,0.22867
6171.58617,0.22787
6167.72893,0.22741
6163.87169,0.22719
6160.01445,0.22726
6156.15720,0.22766
6152.29996,0.22831
6148.44272,0.22891
6144.58548,0.22928
6140.72824,0.22932
6136.87100,0.22902
6133.01376,0.22861
6129.15652,0.22845
6125.29927,0.22881
6121.44203,0.22980
6117.58479,0.23150
6113.72755,0.23399
6109.87031,0.23724
6106.01307,0.24113
6102.15583,0.24561
6098.29858,0.25053
6094.44134,0.25559
6090.58410,0.26049
6086.72686,0.26515
6082.86962,0.26958
6079.01238,0.27388
6075.15514,0.27839
6071.29789,0.28371
6067.44065,0.29009
6063.58341,0.29709
6059.72617,0.30391
6055.86893,0.30998
6052.01169,0.31530
6048.15445,0.32012
6044.29721,0.32477
6040.43996,0.32970
6036.58272,0.33529
6032.72548,0.34138
6028.86824,0.34714
6025.01100,0.35151
6021.15376,0.35376
6017.29652,0.35340
6013.43927,0.35023
6009.58203,0.34456
6005.72479,0.33718
6001.86755,0.32900
5998.01031,0.32098
5994.15307,0.31399
5990.29583,0.30851
5986.43858,0.30467
5982.58134,0.30216
5978.72410,0.30010
5974.86686,0.29750
5971.00962,0.29391
5967.15238,0.28971
5963.29514,0.28575
5959.43790,0.28276
5955.58065,0.28095
5951.72341,0.28008
5947.86617,0.27965
5944.00893,0.27906
5940.15169,0.27763
5936.29445,0.27499
5932.43721,0.27124
5928.57996,0.26687
5924.72272,0.26238
5920.86548,0.25816
5917.00824,0.25449
5913.15100,0.25148
5909.29376,0.24921
5905.43652,0.24789
5901.57927,0.24775
5897.72203,0.24879
5893.86479,0.25076
5890.00755,0.25331
5886.15031,0.25612
5882.29307,0.25889
5878.43583,0.26141
5874.57859,0.26367
5870.72134,0.26569
5866.86410,0.26725
5863.00686,0.26806
5859.14962,0.26804
5855.29238,0.26732
5851.43514,0.26623
5847.57790,0.26514
5843.72065,0.26432
5839.86341,0.26379
5836.00617,0.26350
5832.14893,0.26346
5828.29169,0.26370
5824.43445,0.26406
5820.57721,0.26438
5816.71997,0.26464
5812.86272,0.26488
5809.00548,0.26504
5805.14824,0.26501
5801.29100,0.26468
5797.43376,0.26421
5793.57652,0.26382
5789.71928,0.26358
5785.86203,0.26338
5782.00479,0.26309
5778.14755,0.26265
5774.29031,0.26205
5770.43307,0.26129
5766.57583,0.26033
5762.71859,0.25915
5758.86134,0.25774
5755.00410,0.25613
5751.14686,0.25434
5747.28962,0.25240
5743.43238,0.25041
5739.57514,0.24850
5735.71790,0.24678
5731.86066,0.24526
5728.00341,0.24405
5724.14617,0.24334
5720.28893,0.24316
5716.43169,0.24333
5712.57445,0.24358
5708.71721,0.24371
5704.85997,0.24367
5701.00272,0.24344
5697.14548,0.24310
5693.28824,0.24271
5689.43100,0.24232
5685.57376,0.24192
5681.71652,0.24160
5677.85928,0.24145
5674.00203,0.24152
5670.14479,0.24181
5666.28755,0.24225
5662.43031,0.24275
5658.57307,0.24316
5654.71583,0.24335
5650.85859,0.24323
5647.00135,0.24273
5643.14410,0.24187
5639.28686,0.24081
5635.42962,0.23975
5631.57238,0.23880
5627.71514,0.23799
5623.85790,0.23729
5620.00066,0.23670
5616.14341,0.23628
5612.28617,0.23609
5608.42893,0.23611
5604.57169,0.23632
5600.71445,0.23666
5596.85721,0.23707
5592.99997,0.23750
5589.14273,0.23801
5585.28548,0.23862
5581.42824,0.23932
5577.57100,0.24005
5573.71376,0.24075
5569.85652,0.24133
5565.99928,0.24171
5562.14204,0.24184
5558.28479,0.24180
5554.42755,0.24173
5550.57031,0.24168
5546.71307,0.24166
5542.85583,0.24164
5538.99859,0.24161
5535.14135,0.24155
5531.28410,0.24144
5527.42686,0.24125
5523.56962,0.24096
5519.71238,0.24058
5515.85514,0.24019
5511.99790,0.23991
5508.14066,0.23976
5504.28342,0.23977
5500.42617,0.24000
5496.56893,0.24047
5492.71169,0.24113
5488.85445,0.24181
5484.99721,0.24230
5481.13997,0.24257
5477.28273,0.24254
5473.42548,0.24218
5469.56824,0.24156
5465.71100,0.24081
5461.85376,0.23994
5457.99652,0.23892
5454.13928,0.23775
5450.28204,0.23644
5446.42479,0.23493
5442.56755,0.23330
5438.71031,0.23167
5434.85307,0.23009
5430.99583,0.22864
5427.13859,0.22742
5423.28135,0.22649
5419.42411,0.22583
5415.56686,0.22536
5411.70962,0.22497
5407.85238,0.22464
5403.99514,0.22436
5400.13790,0.22414
5396.28066,0.22395
5392.42342,0.22381
5388.56617,0.22372
5384.70893,0.22370
5380.85169,0.22381
5376.99445,0.22403
5373.13721,0.22429
5369.27997,0.22459
5365.42273,0.22497
5361.56549,0.22546
5357.70824,0.22606
5353.85100,0.22663
5349.99376,0.22702
5346.13652,0.22730
5342.27928,0.22754
5338.42204,0.22779
5334.56480,0.22813
5330.70755,0.22856
5326.85031,0.22913
5322.99307,0.22990
5319.13583,0.23101
5315.27859,0.23251
5311.42135,0.23433
5307.56411,0.23639
5303.70686,0.23872
5299.84962,0.24131
5295.99238,0.24424
5292.13514,0.24763
5288.27790,0.25159
5284.42066,0.25610
5280.56342,0.26113
5276.70618,0.26650
5272.84893,0.27203
5268.99169,0.27765
5265.13445,0.28330
5261.27721,0.28866
5257.41997,0.29345
5253.56273,0.29778
5249.70549,0.30175
5245.84824,0.30536
5241.99100,0.30849
5238.13376,0.31108
5234.27652,0.31329
5230.41928,0.31527
5226.56204,0.31703
5222.70480,0.31853
5218.84755,0.31973
5214.99031,0.32073
5211.13307,0.32157
5207.27583,0.32228
5203.41859,0.32295
5199.56135,0.32352
5195.70411,0.32393
5191.84687,0.32426
5187.98962,0.32456
5184.13238,0.32476
5180.27514,0.32485
5176.41790,0.32486
5172.56066,0.32473
5168.70342,0.32451
5164.84618,0.32435
5160.98893,0.32428
5157.13169,0.32420
5153.27445,0.32404
5149.41721,0.32381
5145.55997,0.32361
5141.70273,0.32343
5137.84549,0.32323
5133.98825,0.32308
5130.13100,0.32305
5126.27376,0.32302
5122.41652,0.32269
5118.55928,0.32167
5114.70204,0.31979
5110.84480,0.31717
5106.98756,0.31414
5103.13031,0.31101
5099.27307,0.30796
5095.41583,0.30509
5091.55859,0.30244
5087.70135,0.30002
5083.84411,0.29781
5079.98687,0.29581
5076.12962,0.29398
5072.27238,0.29226
5068.41514,0.29065
5064.55790,0.28916
5060.70066,0.28777
5056.84342,0.28645
5052.98618,0.28522
5049.12894,0.28409
5045.27169,0.28308
5041.41445,0.28220
5037.55721,0.28139
5033.69997,0.28059
5029.84273,0.27978
5025.98549,0.27904
5022.12825,0.27842
5018.27100,0.27790
5014.41376,0.27740
5010.55652,0.27686
5006.69928,0.27629
5002.84204,0.27571
4998.98480,0.27513
4995.12756,0.27460
4991.27031,0.27423
4987.41307,0.27397
4983.55583,0.27382
4979.69859,0.27386
4975.84135,0.27415
4971.98411,0.27467
4968.12687,0.27542
4964.26963,0.27640
4960.41238,0.27764
4956.55514,0.27911
4952.69790,0.28079
4948.84066,0.28267
4944.98342,0.28466
4941.12618,0.28671
4937.26894,0.28880
4933.41169,0.29104
4929.55445,0.29347
4925.69721,0.29606
4921.83997,0.29869
4917.98273,0.30141
4914.12549,0.30433
4910.26825,0.30742
4906.41101,0.31060
4902.55376,0.31388
4898.69652,0.31731
4894.83928,0.32087
4890.98204,0.32453
4887.12480,0.32827
4883.26756,0.33205
4879.41032,0.33580
4875.55307,0.33952
4871.69583,0.34313
4867.83859,0.34655
4863.98135,0.34981
4860.12411,0.35304
4856.26687,0.35627
4852.40963,0.35955
4848.55238,0.36303
4844.69514,0.36680
4840.83790,0.37083
4836.98066,0.37508
4833.12342,0.37950
4829.26618,0.38398
4825.40894,0.38840
4821.55170,0.39261
4817.69445,0.39646
4813.83721,0.39998
4809.97997,0.40325
4806.12273,0.40625
4802.26549,0.40889
4798.40825,0.41106
4794.55101,0.41274
4790.69376,0.41392
4786.83652,0.41467
4782.97928,0.41515
4779.12204,0.41549
4775.26480,0.41585
4771.40756,0.41632
4767.55032,0.41714
4763.69307,0.41857
4759.83583,0.42061
4755.97859,0.42299
4752.12135,0.42551
4748.26411,0.42804
4744.40687,0.43053
4740.54963,0.43297
4736.69239,0.43561
4732.83514,0.43887
4728.97790,0.44296
4725.12066,0.44737
4721.26342,0.45089
4717.40618,0.45266
4713.54894,0.45320
4709.69170,0.45412
4705.83445,0.45695
4701.97721,0.46205
4698.11997,0.46831
4694.26273,0.47354
4690.40549,0.47535
4686.54825,0.47242
4682.69101,0.46516
4678.83377,0.45536
4674.97652,0.44529
4671.11928,0.43686
4667.26204,0.43094
4663.40480,0.42723
4659.54756,0.42506
4655.69032,0.42431
4651.83308,0.42555
4647.97583,0.42922
4644.11859,0.43472
4640.26135,0.44017
4636.40411,0.44305
4632.54687,0.44120
4628.68963,0.43407
4624.83239,0.42343
4620.97514,0.41219
4617.11790,0.40261
4613.26066,0.39569
4609.40342,0.39153
4605.54618,0.38994
4601.68894,0.39078
4597.83170,0.39358
4593.97446,0.39696
4590.11721,0.39973
4586.25997,0.40196
4582.40273,0.40339
4578.54549,0.40206
4574.68825,0.39636
4570.83101,0.38745
4566.97377,0.37824
4563.11652,0.37096
4559.25928,0.36630
4555.40204,0.36372
4551.54480,0.36232
4547.68756,0.36145
4543.83032,0.36075
4539.97308,0.36018
4536.11583,0.35984
4532.25859,0.35986
4528.40135,0.36039
4524.54411,0.36154
4520.68687,0.36338
4516.82963,0.36597
4512.97239,0.36947
4509.11515,0.37422
4505.25790,0.38068
4501.40066,0.38907
4497.54342,0.39899
4493.68618,0.40921
4489.82894,0.41813
4485.97170,0.42498
4482.11446,0.43071
4478.25721,0.43714
4474.39997,0.44589
4470.54273,0.45799
4466.68549,0.47338
4462.82825,0.48968
4458.97101,0.50266
4455.11377,0.50995
4451.25653,0.51360
4447.39928,0.51732
4443.54204,0.52262
4439.68480,0.52852
4435.82756,0.53318
4431.97032,0.53503
4428.11308,0.53326
4424.25584,0.52856
4420.39859,0.52334
4416.54135,0.52013
4412.68411,0.51982
4408.82687,0.52142
4404.96963,0.52282
4401.11239,0.52218
4397.25515,0.51904
4393.39790,0.51427
4389.54066,0.50909
4385.68342,0.50443
4381.82618,0.50071
4377.96894,0.49803
4374.11170,0.49638
4370.25446,0.49584
4366.39722,0.49659
4362.53997,0.49830
4358.68273,0.50018
4354.82549,0.50187
4350.96825,0.50370
4347.11101,0.50615
4343.25377,0.50920
4339.39653,0.51231
4335.53928,0.51492
4331.68204,0.51697
4327.82480,0.51887
4323.96756,0.52115
4320.11032,0.52405
4316.25308,0.52769
4312.39584,0.53226
4308.53859,0.53790
4304.68135,0.54423
4300.82411,0.55041
4296.96687,0.55562
4293.10963,0.55924
4289.25239,0.56105
4285.39515,0.56138
4281.53791,0.56080
4277.68066,0.55960
4273.82342,0.55786
4269.96618,0.55561
4266.10894,0.55306
4262.25170,0.55067
4258.39446,0.54904
4254.53722,0.54857
4250.67997,0.54896
4246.82273,0.54931
4242.96549,0.54879
4239.10825,0.54734
4235.25101,0.54576
4231.39377,0.54469
4227.53653,0.54381
4223.67929,0.54235
4219.82204,0.53977
4215.96480,0.53630
4212.10756,0.53283
4208.25032,0.53002
4204.39308,0.52783
4200.53584,0.52606
4196.67860,0.52504
4192.82135,0.52555
4188.96411,0.52825
4185.10687,0.53289
4181.24963,0.53782
4177.39239,0.54022
4173.53515,0.53811
4169.67791,0.53217
4165.82066,0.52496
4161.96342,0.51882
4158.10618,0.51481
4154.24894,0.51286
4150.39170,0.51275
4146.53446,0.51455
4142.67722,0.51826
4138.81998,0.52318
4134.96273,0.52798
4131.10549,0.53173
4127.24825,0.53453
4123.39101,0.53734
4119.53377,0.54129
4115.67653,0.54698
4111.81929,0.55473
4107.96204,0.56490
4104.10480,0.57804
4100.24756,0.59513
4096.39032,0.61514
4092.53308,0.63181
4088.67584,0.63768
4084.81860,0.63201
4080.96135,0.61975
4077.10411,0.60592
4073.24687,0.59432
4069.38963,0.58681
4065.53239,0.58299
4061.67515,0.58170
4057.81791,0.58211
4053.96067,0.58360
4050.10342,0.58551
4046.24618,0.58715
4042.38894,0.58818
4038.53170,0.58871
4034.67446,0.58906
4030.81722,0.58945
4026.95998,0.58980
4023.10273,0.58988
4019.24549,0.58971
4015.38825,0.58923
4011.53101,0.58800
4007.67377,0.58600
4003.81653,0.58361
3999.95929,0.58098
3996.10205,0.57800
3992.24480,0.57482
3988.38756,0.57197
3984.53032,0.56978
3980.67308,0.56807
3976.81584,0.56652
3972.95860,0.56496
3969.10136,0.56309
3965.24411,0.56059
3961.38687,0.55758
3957.52963,0.55456
3953.67239,0.55164
3949.81515,0.54861
3945.95791,0.54553
3942.10067,0.54267
3938.24342,0.54019
3934.38618,0.53797
3930.52894,0.53586
3926.67170,0.53388
3922.81446,0.53196
3918.95722,0.52998
3915.09998,0.52789
3911.24274,0.52564
3907.38549,0.52284
3903.52825,0.51904
3899.67101,0.51486
3895.81377,0.51135
3891.95653,0.50828
3888.09929,0.50547
3884.24205,0.50313
3880.38480,0.50127
3876.52756,0.49950
3872.67032,0.49717
3868.81308,0.49408
3864.95584,0.49068
3861.09860,0.48757
3857.24136,0.48473
3853.38411,0.48179
3849.52687,0.47953
3845.66963,0.47809
3841.81239,0.47680
3837.95515,0.47576
3834.09791,0.47512
3830.24067,0.47469
3826.38343,0.47469
3822.52618,0.47578
3818.66894,0.47858
3814.81170,0.48209
3810.95446,0.48466
3807.09722,0.48588
3803.23998,0.48542
3799.38274,0.48328
3795.52549,0.48090
3791.66825,0.47934
3787.81101,0.47868
3783.95377,0.47893
3780.09653,0.48017
3776.23929,0.48215
3772.38205,0.48461
3768.52481,0.48776
3764.66756,0.49133
3760.81032,0.49424
3756.95308,0.49521
3753.09584,0.49322
3749.23860,0.48932
3745.38136,0.48712
3741.52412,0.48811
3737.66687,0.49149
3733.80963,0.49615
3729.95239,0.49917
3726.09515,0.49979
3722.23791,0.50021
3718.38067,0.50196
3714.52343,0.50560
3710.66618,0.51231
3706.80894,0.52159
3702.95170,0.53239
3699.09446,0.54520
3695.23722,0.55998
3691.37998,0.57933
3687.52274,0.60179
3683.66550,0.61685
3679.80825,0.62511
3675.95101,0.63443
3672.09377,0.64986
3668.23653,0.66894
3664.37929,0.68752
3660.52205,0.70543
3656.66481,0.72329
3652.80756,0.74122
3648.95032,0.76117
3645.09308,0.78053
3641.23584,0.79469
3637.37860,0.80610
3633.52136,0.81528
3629.66412,0.82296
3625.80687,0.83211
3621.94963,0.84148
3618.09239,0.85165
3614.23515,0.86155
3610.37791,0.87026
3606.52067,0.87852
3602.66343,0.88403
3598.80619,0.88787
