12493.60475,0.08635
12489.74751,0.08597
12485.89027,0.08704
12482.03303,0.08757
12478.17579,0.08776
12474.31855,0.08723
12470.46130,0.08627
12466.60406,0.08665
12462.74682,0.08660
12458.88958,0.08427
12455.03234,0.08287
12451.17510,0.08500
12447.31786,0.08852
12443.46062,0.09075
12439.60337,0.09089
12435.74613,0.08937
12431.88889,0.08846
12428.03165,0.08942
12424.17441,0.09044
12420.31717,0.09057
12416.45993,0.09102
12412.60268,0.09178
12408.74544,0.09142
12404.88820,0.09037
12401.03096,0.09082
12397.17372,0.09220
12393.31648,0.09158
12389.45924,0.08941
12385.60199,0.08864
12381.74475,0.08964
12377.88751,0.09141
12374.03027,0.09348
12370.17303,0.09392
12366.31579,0.09223
12362.45855,0.09091
12358.60131,0.08989
12354.74406,0.08712
12350.88682,0.08467
12347.02958,0.08494
12343.17234,0.08576
12339.31510,0.08536
12335.45786,0.08502
12331.60062,0.08559
12327.74337,0.08622
12323.88613,0.08640
12320.02889,0.08725
12316.17165,0.08870
12312.31441,0.08950
12308.45717,0.09023
12304.59993,0.09050
12300.74268,0.08907
12296.88544,0.08746
12293.02820,0.08761
12289.17096,0.08825
12285.31372,0.08818
12281.45648,0.08930
12277.59924,0.09163
12273.74200,0.09233
12269.88475,0.09078
12266.02751,0.08832
12262.17027,0.08666
12258.31303,0.08675
12254.45579,0.08809
12250.59855,0.08948
12246.74131,0.08858
12242.88406,0.08528
12239.02682,0.08305
12235.16958,0.08350
12231.31234,0.08523
12227.45510,0.08584
12223.59786,0.08461
12219.74062,0.08389
12215.88338,0.08486
12212.02613,0.08580
12208.16889,0.08573
12204.31165,0.08541
12200.45441,0.08483
12196.59717,0.08447
12192.73993,0.08552
12188.88269,0.08667
12185.02544,0.08733
12181.16820,0.08860
12177.31096,0.08891
12173.45372,0.08714
12169.59648,0.08562
12165.73924,0.08581
12161.88200,0.08594
12158.02475,0.08420
12154.16751,0.08158
12150.31027,0.07988
12146.45303,0.07961
12142.59579,0.08174
12138.73855,0.08628
12134.88131,0.08941
12131.02407,0.08855
12127.16682,0.08550
12123.30958,0.08319
12119.45234,0.08296
12115.59510,0.08398
12111.73786,0.08523
12107.88062,0.08588
12104.02338,0.08589
12100.16613,0.08686
12096.30889,0.08800
12092.45165,0.08737
12088.59441,0.08606
12084.73717,0.08601
12080.87993,0.08764
12077.02269,0.08960
12073.16544,0.08950
12069.30820,0.08698
12065.45096,0.08404
12061.59372,0.08244
12057.73648,0.08236
12053.87924,0.08296
12050.02200,0.08446
12046.16476,0.08663
12042.30751,0.08759
12038.45027,0.08743
12034.59303,0.08686
12030.73579,0.08586
12026.87855,0.08630
12023.02131,0.08868
12019.16407,0.09044
12015.30682,0.09033
12011.44958,0.08925
12007.59234,0.08867
12003.73510,0.08899
11999.87786,0.08880
11996.02062,0.08863
11992.16338,0.09011
11988.30614,0.09185
11984.44889,0.09180
11980.59165,0.09055
11976.73441,0.08984
11972.87717,0.08992
11969.01993,0.09043
11965.16269,0.09162
11961.30545,0.09315
11957.44820,0.09398
11953.59096,0.09294
11949.73372,0.09081
11945.87648,0.09056
11942.01924,0.09255
11938.16200,0.09394
11934.30476,0.09345
11930.44751,0.09232
11926.59027,0.09209
11922.73303,0.09296
11918.87579,0.09395
11915.01855,0.09420
11911.16131,0.09312
11907.30407,0.09097
11903.44683,0.08947
11899.58958,0.08929
11895.73234,0.08911
11891.87510,0.08800
11888.01786,0.08712
11884.16062,0.08854
11880.30338,0.09151
11876.44614,0.09316
11872.58889,0.09317
11868.73165,0.09291
11864.87441,0.09293
11861.01717,0.09338
11857.15993,0.09436
11853.30269,0.09494
11849.44545,0.09394
11845.58820,0.09306
11841.73096,0.09454
11837.87372,0.09640
11834.01648,0.09587
11830.15924,0.09445
11826.30200,0.09492
11822.44476,0.09668
11818.58752,0.09746
11814.73027,0.09715
11810.87303,0.09615
11807.01579,0.09438
11803.15855,0.09379
11799.30131,0.09532
11795.44407,0.09567
11791.58683,0.09339
11787.72958,0.09255
11783.87234,0.09461
11780.01510,0.09548
11776.15786,0.09434
11772.30062,0.09366
11768.44338,0.09314
11764.58614,0.09229
11760.72890,0.09215
11756.87165,0.09239
11753.01441,0.09255
11749.15717,0.09370
11745.29993,0.09559
11741.44269,0.09638
11737.58545,0.09599
11733.72821,0.09543
11729.87096,0.09500
11726.01372,0.09494
11722.15648,0.09533
11718.29924,0.09584
11714.44200,0.09601
11710.58476,0.09543
11706.72752,0.09456
11702.87027,0.09409
11699.01303,0.09377
11695.15579,0.09368
11691.29855,0.09418
11687.44131,0.09502
11683.58407,0.09563
11679.72683,0.09528
11675.86959,0.09416
11672.01234,0.09320
11668.15510,0.09300
11664.29786,0.09330
11660.44062,0.09301
11656.58338,0.09254
11652.72614,0.09327
11648.86890,0.09431
11645.01165,0.09385
11641.15441,0.09284
11637.29717,0.09290
11633.43993,0.09267
11629.58269,0.09117
11625.72545,0.09037
11621.86821,0.09144
11618.01096,0.09304
11614.15372,0.09357
11610.29648,0.09302
11606.43924,0.09258
11602.58200,0.09306
11598.72476,0.09394
11594.86752,0.09448
11591.01028,0.09497
11587.15303,0.09559
11583.29579,0.09511
11579.43855,0.09312
11575.58131,0.09232
11571.72407,0.09415
11567.86683,0.09506
11564.00959,0.09260
11560.15234,0.09038
11556.29510,0.09196
11552.43786,0.09562
11548.58062,0.09707
11544.72338,0.09522
11540.86614,0.09362
11537.00890,0.09465
11533.15166,0.09570
11529.29441,0.09371
11525.43717,0.09082
11521.57993,0.09123
11517.72269,0.09369
11513.86545,0.09451
11510.00821,0.09397
11506.15097,0.09472
11502.29372,0.09703
11498.43648,0.09775
11494.57924,0.09559
11490.72200,0.09367
11486.86476,0.09455
11483.00752,0.09633
11479.15028,0.09597
11475.29303,0.09410
11471.43579,0.09304
11467.57855,0.09345
11463.72131,0.09428
11459.86407,0.09393
11456.00683,0.09271
11452.14959,0.09247
11448.29235,0.09329
11444.43510,0.09359
11440.57786,0.09271
11436.72062,0.09151
11432.86338,0.09103
11429.00614,0.09109
11425.14890,0.09077
11421.29166,0.09019
11417.43441,0.08987
11413.57717,0.08967
11409.71993,0.08964
11405.86269,0.08982
11402.00545,0.09002
11398.14821,0.08998
11394.29097,0.08960
11390.43372,0.08940
11386.57648,0.08999
11382.71924,0.09123
11378.86200,0.09202
11375.00476,0.09111
11371.14752,0.08939
11367.29028,0.08887
11363.43304,0.09002
11359.57579,0.09226
11355.71855,0.09436
11351.86131,0.09429
11348.00407,0.09240
11344.14683,0.09067
11340.28959,0.08967
11336.43235,0.08953
11332.57510,0.08973
11328.71786,0.08955
11324.86062,0.09001
11321.00338,0.09160
11317.14614,0.09273
11313.28890,0.09252
11309.43166,0.09199
11305.57442,0.09218
11301.71717,0.09291
11297.85993,0.09278
11294.00269,0.09106
11290.14545,0.08965
11286.28821,0.08981
11282.43097,0.09003
11278.57373,0.08940
11274.71648,0.08869
11270.85924,0.08832
11267.00200,0.08820
11263.14476,0.08886
11259.28752,0.09051
11255.43028,0.09167
11251.57304,0.09136
11247.71579,0.09044
11243.85855,0.08982
11240.00131,0.08988
11236.14407,0.09068
11232.28683,0.09156
11228.42959,0.09202
11224.57235,0.09232
11220.71511,0.09208
11216.85786,0.09093
11213.00062,0.08962
11209.14338,0.08885
11205.28614,0.08831
11201.42890,0.08768
11197.57166,0.08804
11193.71442,0.08953
11189.85717,0.09046
11185.99993,0.09036
11182.14269,0.08980
11178.28545,0.08916
11174.42821,0.08896
11170.57097,0.08945
11166.71373,0.09015
11162.85648,0.09042
11158.99924,0.09031
11155.14200,0.09025
11151.28476,0.09016
11147.42752,0.09008
11143.57028,0.09085
11139.71304,0.09217
11135.85580,0.09181
11131.99855,0.09010
11128.14131,0.09008
11124.28407,0.09172
11120.42683,0.09259
11116.56959,0.09200
11112.71235,0.09081
11108.85511,0.08990
11104.99786,0.08952
11101.14062,0.08957
11097.28338,0.08955
11093.42614,0.08927
11089.56890,0.08949
11085.71166,0.09016
11081.85442,0.09037
11077.99718,0.09024
11074.13993,0.09051
11070.28269,0.09123
11066.42545,0.09198
11062.56821,0.09235
11058.71097,0.09214
11054.85373,0.09184
11050.99649,0.09203
11047.13924,0.09211
11043.28200,0.09103
11039.42476,0.08965
11035.56752,0.08942
11031.71028,0.09006
11027.85304,0.09114
11023.99580,0.09212
11020.13855,0.09209
11016.28131,0.09142
11012.42407,0.09103
11008.56683,0.09110
11004.70959,0.09123
11000.85235,0.09122
10996.99511,0.09148
10993.13787,0.09191
10989.28062,0.09192
10985.42338,0.09151
10981.56614,0.09090
10977.70890,0.09055
10973.85166,0.09098
10969.99442,0.09182
10966.13718,0.09206
10962.27993,0.09132
10958.42269,0.09037
10954.56545,0.09009
10950.70821,0.09076
10946.85097,0.09162
10942.99373,0.09145
10939.13649,0.09046
10935.27924,0.09008
10931.42200,0.09047
10927.56476,0.09060
10923.70752,0.09026
10919.85028,0.09005
10915.99304,0.09013
10912.13580,0.09014
10908.27856,0.08985
10904.42131,0.08951
10900.56407,0.08942
10896.70683,0.08967
10892.84959,0.09000
10888.99235,0.08967
10885.13511,0.08893
10881.27787,0.08905
10877.42062,0.08964
10873.56338,0.08933
10869.70614,0.08856
10865.84890,0.08815
10861.99166,0.08788
10858.13442,0.08773
10854.27718,0.08757
10850.41993,0.08752
10846.56269,0.08782
10842.70545,0.08788
10838.84821,0.08765
10834.99097,0.08763
10831.13373,0.08750
10827.27649,0.08704
10823.41925,0.08678
10819.56200,0.08697
10815.70476,0.08721
10811.84752,0.08742
10807.99028,0.08793
10804.13304,0.08826
10800.27580,0.08758
10796.41856,0.08637
10792.56131,0.08616
10788.70407,0.08718
10784.84683,0.08784
10780.98959,0.08743
10777.13235,0.08689
10773.27511,0.08669
10769.41787,0.08683
10765.56063,0.08717
10761.70338,0.08713
10757.84614,0.08698
10753.98890,0.08738
10750.13166,0.08789
10746.27442,0.08829
10742.41718,0.08859
10738.55994,0.08819
10734.70269,0.08708
10730.84545,0.08633
10726.98821,0.08677
10723.13097,0.08777
10719.27373,0.08815
10715.41649,0.08797
10711.55925,0.08789
10707.70200,0.08765
10703.84476,0.08718
10699.98752,0.08699
10696.13028,0.08722
10692.27304,0.08768
10688.41580,0.08799
10684.55856,0.08773
10680.70132,0.08741
10676.84407,0.08763
10672.98683,0.08797
10669.12959,0.08786
10665.27235,0.08755
10661.41511,0.08741
10657.55787,0.08742
10653.70063,0.08721
10649.84338,0.08657
10645.98614,0.08604
10642.12890,0.08640
10638.27166,0.08711
10634.41442,0.08704
10630.55718,0.08669
10626.69994,0.08687
10622.84269,0.08704
10618.98545,0.08712
10615.12821,0.08746
10611.27097,0.08752
10607.41373,0.08685
10603.55649,0.08604
10599.69925,0.08585
10595.84201,0.08626
10591.98476,0.08657
10588.12752,0.08641
10584.27028,0.08617
10580.41304,0.08638
10576.55580,0.08669
10572.69856,0.08675
10568.84132,0.08659
10564.98407,0.08592
10561.12683,0.08492
10557.26959,0.08424
10553.41235,0.08417
10549.55511,0.08436
10545.69787,0.08425
10541.84063,0.08369
10537.98339,0.08321
10534.12614,0.08348
10530.26890,0.08418
10526.41166,0.08432
10522.55442,0.08370
10518.69718,0.08308
10514.83994,0.08315
10510.98270,0.08386
10507.12545,0.08455
10503.26821,0.08470
10499.41097,0.08448
10495.55373,0.08439
10491.69649,0.08452
10487.83925,0.08441
10483.98201,0.08405
10480.12476,0.08398
10476.26752,0.08414
10472.41028,0.08425
10468.55304,0.08444
10464.69580,0.08439
10460.83856,0.08370
10456.98132,0.08329
10453.12408,0.08399
10449.26683,0.08462
10445.40959,0.08421
10441.55235,0.08362
10437.69511,0.08341
10433.83787,0.08331
10429.98063,0.08316
10426.12339,0.08311
10422.26614,0.08328
10418.40890,0.08332
10414.55166,0.08312
10410.69442,0.08304
10406.83718,0.08338
10402.97994,0.08401
10399.12270,0.08432
10395.26545,0.08425
10391.40821,0.08444
10387.55097,0.08476
10383.69373,0.08460
10379.83649,0.08407
10375.97925,0.08359
10372.12201,0.08327
10368.26477,0.08315
10364.40752,0.08317
10360.55028,0.08334
10356.69304,0.08386
10352.83580,0.08442
10348.97856,0.08455
10345.12132,0.08434
10341.26408,0.08406
10337.40683,0.08398
10333.54959,0.08427
10329.69235,0.08449
10325.83511,0.08436
10321.97787,0.08445
10318.12063,0.08499
10314.26339,0.08533
10310.40615,0.08511
10306.54890,0.08480
10302.69166,0.08493
10298.83442,0.08528
10294.97718,0.08542
10291.11994,0.08551
10287.26270,0.08569
10283.40546,0.08564
10279.54821,0.08531
10275.69097,0.08506
10271.83373,0.08505
10267.97649,0.08514
10264.11925,0.08516
10260.26201,0.08521
10256.40477,0.08555
10252.54752,0.08607
10248.69028,0.08622
10244.83304,0.08601
10240.97580,0.08606
10237.11856,0.08647
10233.26132,0.08678
10229.40408,0.08664
10225.54684,0.08631
10221.68959,0.08597
10217.83235,0.08550
10213.97511,0.08528
10210.11787,0.08569
10206.26063,0.08624
10202.40339,0.08639
10198.54615,0.08628
10194.68890,0.08638
10190.83166,0.08656
10186.97442,0.08648
10183.11718,0.08638
10179.25994,0.08642
10175.40270,0.08633
10171.54546,0.08632
10167.68821,0.08668
10163.83097,0.08716
10159.97373,0.08750
10156.11649,0.08749
10152.25925,0.08708
10148.40201,0.08668
10144.54477,0.08694
10140.68753,0.08788
10136.83028,0.08863
10132.97304,0.08845
10129.11580,0.08805
10125.25856,0.08825
10121.40132,0.08854
10117.54408,0.08847
10113.68684,0.08813
10109.82959,0.08747
10105.97235,0.08692
10102.11511,0.08704
10098.25787,0.08743
10094.40063,0.08734
10090.54339,0.08698
10086.68615,0.08698
10082.82891,0.08738
10078.97166,0.08769
10075.11442,0.08756
10071.25718,0.08747
10067.39994,0.08773
10063.54270,0.08776
10059.68546,0.08747
10055.82822,0.08747
10051.97097,0.08779
10048.11373,0.08796
10044.25649,0.08807
10040.39925,0.08831
10036.54201,0.08844
10032.68477,0.08833
10028.82753,0.08821
10024.97028,0.08826
10021.11304,0.08833
10017.25580,0.08822
10013.39856,0.08796
10009.54132,0.08775
10005.68408,0.08774
10001.82684,0.08777
9997.96960,0.08779
9994.11235,0.08793
9990.25511,0.08810
9986.39787,0.08823
9982.54063,0.08830
9978.68339,0.08833
9974.82615,0.08844
9970.96891,0.08852
9967.11166,0.08828
9963.25442,0.08796
9959.39718,0.08795
9955.53994,0.08812
9951.68270,0.08807
9947.82546,0.08797
9943.96822,0.08820
9940.11097,0.08857
9936.25373,0.08882
9932.39649,0.08915
9928.53925,0.08945
9924.68201,0.08927
9920.82477,0.08879
9916.96753,0.08857
9913.11029,0.08858
9909.25304,0.08851
9905.39580,0.08848
9901.53856,0.08864
9897.68132,0.08889
9893.82408,0.08896
9889.96684,0.08899
9886.10960,0.08936
9882.25235,0.08989
9878.39511,0.09005
9874.53787,0.08971
9870.68063,0.08904
9866.82339,0.08842
9862.96615,0.08835
9859.10891,0.08874
9855.25167,0.08897
9851.39442,0.08889
9847.53718,0.08858
9843.67994,0.08829
9839.82270,0.08845
9835.96546,0.08889
9832.10822,0.08895
9828.25098,0.08838
9824.39373,0.08768
9820.53649,0.08769
9816.67925,0.08831
9812.82201,0.08876
9808.96477,0.08883
9805.10753,0.08859
9801.25029,0.08827
9797.39304,0.08833
9793.53580,0.08872
9789.67856,0.08895
9785.82132,0.08896
9781.96408,0.08878
9778.10684,0.08835
9774.24960,0.08815
9770.39236,0.08835
9766.53511,0.08840
9762.67787,0.08824
9758.82063,0.08832
9754.96339,0.08857
9751.10615,0.08877
9747.24891,0.08886
9743.39167,0.08875
9739.53442,0.08846
9735.67718,0.08834
9731.81994,0.08851
9727.96270,0.08855
9724.10546,0.08831
9720.24822,0.08811
9716.39098,0.08818
9712.53373,0.08839
9708.67649,0.08840
9704.81925,0.08824
9700.96201,0.08820
9697.10477,0.08810
9693.24753,0.08791
9689.39029,0.08787
9685.53305,0.08790
9681.67580,0.08773
9677.81856,0.08718
9673.96132,0.08657
9670.10408,0.08642
9666.24684,0.08661
9662.38960,0.08663
9658.53236,0.08660
9654.67511,0.08690
9650.81787,0.08726
9646.96063,0.08726
9643.10339,0.08704
9639.24615,0.08687
9635.38891,0.08684
9631.53167,0.08684
9627.67443,0.08669
9623.81718,0.08653
9619.95994,0.08648
9616.10270,0.08632
9612.24546,0.08595
9608.38822,0.08574
9604.53098,0.08589
9600.67374,0.08620
9596.81649,0.08638
9592.95925,0.08629
9589.10201,0.08618
9585.24477,0.08614
9581.38753,0.08604
9577.53029,0.08595
9573.67305,0.08597
9569.81580,0.08605
9565.95856,0.08610
9562.10132,0.08609
9558.24408,0.08595
9554.38684,0.08571
9550.52960,0.08565
9546.67236,0.08584
9542.81512,0.08604
9538.95787,0.08611
9535.10063,0.08591
9531.24339,0.08563
9527.38615,0.08574
9523.52891,0.08607
9519.67167,0.08605
9515.81443,0.08581
9511.95718,0.08559
9508.09994,0.08526
9504.24270,0.08499
9500.38546,0.08504
9496.52822,0.08526
9492.67098,0.08538
9488.81374,0.08539
9484.95649,0.08522
9481.09925,0.08499
9477.24201,0.08482
9473.38477,0.08479
9469.52753,0.08482
9465.67029,0.08477
9461.81305,0.08454
9457.95581,0.08433
9454.09856,0.08436
9450.24132,0.08442
9446.38408,0.08431
9442.52684,0.08430
9438.66960,0.08442
9434.81236,0.08435
9430.95512,0.08417
9427.09787,0.08427
9423.24063,0.08453
9419.38339,0.08450
9415.52615,0.08419
9411.66891,0.08397
9407.81167,0.08407
9403.95443,0.08439
9400.09719,0.08461
9396.23994,0.08439
9392.38270,0.08400
9388.52546,0.08387
9384.66822,0.08392
9380.81098,0.08396
9376.95374,0.08407
9373.09650,0.08416
9369.23925,0.08405
9365.38201,0.08385
9361.52477,0.08379
9357.66753,0.08380
9353.81029,0.08380
9349.95305,0.08376
9346.09581,0.08369
9342.23856,0.08362
9338.38132,0.08353
9334.52408,0.08351
9330.66684,0.08373
9326.80960,0.08404
9322.95236,0.08408
9319.09512,0.08386
9315.23788,0.08375
9311.38063,0.08360
9307.52339,0.08326
9303.66615,0.08305
9299.80891,0.08312
9295.95167,0.08333
9292.09443,0.08352
9288.23719,0.08350
9284.37994,0.08330
9280.52270,0.08303
9276.66546,0.08270
9272.80822,0.08257
9268.95098,0.08280
9265.09374,0.08317
9261.23650,0.08344
9257.37925,0.08355
9253.52201,0.08358
9249.66477,0.08358
9245.80753,0.08336
9241.95029,0.08304
9238.09305,0.08303
9234.23581,0.08324
9230.37857,0.08332
9226.52132,0.08326
9222.66408,0.08322
9218.80684,0.08328
9214.94960,0.08325
9211.09236,0.08320
9207.23512,0.08332
9203.37788,0.08345
9199.52063,0.08349
9195.66339,0.08347
9191.80615,0.08331
9187.94891,0.08303
9184.09167,0.08283
9180.23443,0.08283
9176.37719,0.08294
9172.51995,0.08299
9168.66270,0.08294
9164.80546,0.08303
9160.94822,0.08326
9157.09098,0.08329
9153.23374,0.08306
9149.37650,0.08286
9145.51926,0.08292
9141.66201,0.08307
9137.80477,0.08311
9133.94753,0.08307
9130.09029,0.08299
9126.23305,0.08296
9122.37581,0.08325
9118.51857,0.08365
9114.66132,0.08370
9110.80408,0.08352
9106.94684,0.08353
9103.08960,0.08375
9099.23236,0.08392
9095.37512,0.08394
9091.51788,0.08398
9087.66064,0.08420
9083.80339,0.08441
9079.94615,0.08450
9076.08891,0.08460
9072.23167,0.08468
9068.37443,0.08462
9064.51719,0.08450
9060.65995,0.08439
9056.80270,0.08436
9052.94546,0.08453
9049.08822,0.08483
9045.23098,0.08511
9041.37374,0.08538
9037.51650,0.08567
9033.65926,0.08582
9029.80201,0.08590
9025.94477,0.08618
9022.08753,0.08660
9018.23029,0.08698
9014.37305,0.08731
9010.51581,0.08760
9006.65857,0.08785
9002.80133,0.08803
8998.94408,0.08830
8995.08684,0.08891
8991.22960,0.08963
8987.37236,0.09011
8983.51512,0.09054
8979.65788,0.09117
8975.80064,0.09186
8971.94339,0.09247
8968.08615,0.09311
8964.22891,0.09386
8960.37167,0.09464
8956.51443,0.09542
8952.65719,0.09627
8948.79995,0.09713
8944.94271,0.09792
8941.08546,0.09875
8937.22822,0.09974
8933.37098,0.10090
8929.51374,0.10217
8925.65650,0.10338
8921.79926,0.10447
8917.94202,0.10555
8914.08477,0.10681
8910.22753,0.10814
8906.37029,0.10946
8902.51305,0.11094
8898.65581,0.11251
8894.79857,0.11389
8890.94133,0.11517
8887.08408,0.11660
8883.22684,0.11807
8879.36960,0.11935
8875.51236,0.12043
8871.65512,0.12138
8867.79788,0.12218
8863.94064,0.12275
8860.08340,0.12312
8856.22615,0.12321
8852.36891,0.12300
8848.51167,0.12271
8844.65443,0.12242
8840.79719,0.12200
8836.93995,0.12139
8833.08271,0.12058
8829.22546,0.11967
8825.36822,0.11863
8821.51098,0.11755
8817.65374,0.11646
8813.79650,0.11523
8809.93926,0.11384
8806.08202,0.11245
8802.22477,0.11113
8798.36753,0.10980
8794.51029,0.10837
8790.65305,0.10698
8786.79581,0.10578
8782.93857,0.10476
8779.08133,0.10379
8775.22409,0.10285
8771.36684,0.10196
8767.50960,0.10124
8763.65236,0.10072
8759.79512,0.10035
8755.93788,0.10003
8752.08064,0.09968
8748.22340,0.09929
8744.36615,0.09896
8740.50891,0.09883
8736.65167,0.09880
8732.79443,0.09863
8728.93719,0.09844
8725.07995,0.09846
8721.22271,0.09860
8717.36547,0.09875
8713.50822,0.09902
8709.65098,0.09933
8705.79374,0.09964
8701.93650,0.09986
8698.07926,0.09996
8694.22202,0.10013
8690.36478,0.10047
8686.50753,0.10079
8682.65029,0.10096
8678.79305,0.10105
8674.93581,0.10123
8671.07857,0.10147
8667.22133,0.10168
8663.36409,0.10192
8659.50684,0.10222
8655.64960,0.10253
8651.79236,0.10287
8647.93512,0.10337
8644.07788,0.10398
8640.22064,0.10456
8636.36340,0.10496
8632.50616,0.10532
8628.64891,0.10576
8624.79167,0.10619
8620.93443,0.10642
8617.07719,0.10658
8613.21995,0.10685
8609.36271,0.10728
8605.50547,0.10783
8601.64822,0.10840
8597.79098,0.10882
8593.93374,0.10908
8590.07650,0.10935
8586.21926,0.10973
8582.36202,0.11018
8578.50478,0.11063
8574.64753,0.11107
8570.79029,0.11139
8566.93305,0.11152
8563.07581,0.11159
8559.21857,0.11181
8555.36133,0.11220
8551.50409,0.11265
8547.64685,0.11307
8543.78960,0.11339
8539.93236,0.11368
8536.07512,0.11400
8532.21788,0.11432
8528.36064,0.11466
8524.50340,0.11506
8520.64616,0.11543
8516.78891,0.11566
8512.93167,0.11577
8509.07443,0.11587
8505.21719,0.11603
8501.35995,0.11605
8497.50271,0.11600
8493.64547,0.11601
8489.78822,0.11609
8485.93098,0.11626
8482.07374,0.11651
8478.21650,0.11663
8474.35926,0.11658
8470.50202,0.11648
8466.64478,0.11635
8462.78754,0.11619
8458.93029,0.11604
8455.07305,0.11590
8451.21581,0.11574
8447.35857,0.11553
8443.50133,0.11529
8439.64409,0.11513
8435.78685,0.11508
8431.92960,0.11503
8428.07236,0.11492
8424.21512,0.11481
8420.35788,0.11472
8416.50064,0.11461
8412.64340,0.11450
8408.78616,0.11437
8404.92892,0.11419
8401.07167,0.11400
8397.21443,0.11384
8393.35719,0.11358
8389.49995,0.11322
8385.64271,0.11296
8381.78547,0.11284
8377.92823,0.11271
8374.07098,0.11259
8370.21374,0.11246
8366.35650,0.11219
8362.49926,0.11191
8358.64202,0.11186
8354.78478,0.11194
8350.92754,0.11201
8347.07029,0.11192
8343.21305,0.11170
8339.35581,0.11154
8335.49857,0.11149
8331.64133,0.11145
8327.78409,0.11137
8323.92685,0.11132
8320.06961,0.11131
8316.21236,0.11126
8312.35512,0.11117
8308.49788,0.11110
8304.64064,0.11108
8300.78340,0.11110
8296.92616,0.11112
8293.06892,0.11110
8289.21167,0.11108
8285.35443,0.11108
8281.49719,0.11107
8277.63995,0.11106
8273.78271,0.11103
8269.92547,0.11099
8266.06823,0.11102
8262.21098,0.11107
8258.35374,0.11108
8254.49650,0.11114
8250.63926,0.11126
8246.78202,0.11136
8242.92478,0.11148
8239.06754,0.11161
8235.21030,0.11163
8231.35305,0.11154
8227.49581,0.11149
8223.63857,0.11151
8219.78133,0.11146
8215.92409,0.11134
8212.06685,0.11132
8208.20961,0.11139
8204.35236,0.11131
8200.49512,0.11110
8196.63788,0.11088
8192.78064,0.11074
8188.92340,0.11070
8185.06616,0.11066
8181.20892,0.11048
8177.35168,0.11017
8173.49443,0.10986
8169.63719,0.10962
8165.77995,0.10948
8161.92271,0.10942
8158.06547,0.10930
8154.20823,0.10912
8150.35099,0.10902
8146.49374,0.10901
8142.63650,0.10893
8138.77926,0.10867
8134.92202,0.10832
8131.06478,0.10804
8127.20754,0.10788
8123.35030,0.10779
8119.49305,0.10769
8115.63581,0.10748
8111.77857,0.10719
8107.92133,0.10694
8104.06409,0.10674
8100.20685,0.10648
8096.34961,0.10619
8092.49237,0.10592
8088.63512,0.10566
8084.77788,0.10542
8080.92064,0.10529
8077.06340,0.10524
8073.20616,0.10513
8069.34892,0.10493
8065.49168,0.10467
8061.63443,0.10440
8057.77719,0.10421
8053.91995,0.10412
8050.06271,0.10404
8046.20547,0.10388
8042.34823,0.10370
8038.49099,0.10354
8034.63374,0.10338
8030.77650,0.10319
8026.91926,0.10298
8023.06202,0.10281
8019.20478,0.10269
8015.34754,0.10258
8011.49030,0.10240
8007.63306,0.10224
8003.77581,0.10217
7999.91857,0.10213
7996.06133,0.10207
7992.20409,0.10203
7988.34685,0.10208
7984.48961,0.10218
7980.63237,0.10219
7976.77512,0.10203
7972.91788,0.10178
7969.06064,0.10154
7965.20340,0.10142
7961.34616,0.10149
7957.48892,0.10151
7953.63168,0.10135
7949.77444,0.10123
7945.91719,0.10124
7942.05995,0.10120
7938.20271,0.10109
7934.34547,0.10092
7930.48823,0.10074
7926.63099,0.10072
7922.77375,0.10086
7918.91650,0.10092
7915.05926,0.10086
7911.20202,0.10075
7907.34478,0.10067
7903.48754,0.10071
7899.63030,0.10082
7895.77306,0.10087
7891.91581,0.10086
7888.05857,0.10091
7884.20133,0.10108
7880.34409,0.10120
7876.48685,0.10113
7872.62961,0.10108
7868.77237,0.10116
7864.91513,0.10114
7861.05788,0.10093
7857.20064,0.10078
7853.34340,0.10082
7849.48616,0.10087
7845.62892,0.10077
7841.77168,0.10060
7837.91444,0.10048
7834.05719,0.10035
7830.19995,0.10011
7826.34271,0.09986
7822.48547,0.09968
7818.62823,0.09959
7814.77099,0.09962
7810.91375,0.09965
7807.05650,0.09953
7803.19926,0.09937
7799.34202,0.09922
7795.48478,0.09892
7791.62754,0.09859
7787.77030,0.09860
7783.91306,0.09871
7780.05582,0.09858
7776.19857,0.09845
7772.34133,0.09840
7768.48409,0.09814
7764.62685,0.09781
7760.76961,0.09779
7756.91237,0.09787
7753.05513,0.09774
7749.19788,0.09754
7745.34064,0.09738
7741.48340,0.09707
7737.62616,0.09666
7733.76892,0.09639
7729.91168,0.09632
7726.05444,0.09625
7722.19720,0.09604
7718.33995,0.09574
7714.48271,0.09556
7710.62547,0.09572
7706.76823,0.09590
7702.91099,0.09570
7699.05375,0.09533
7695.19651,0.09503
7691.33926,0.09475
7687.48202,0.09465
7683.62478,0.09490
7679.76754,0.09527
7675.91030,0.09546
7672.05306,0.09540
7668.19582,0.09525
7664.33857,0.09516
7660.48133,0.09521
7656.62409,0.09538
7652.76685,0.09556
7648.90961,0.09571
7645.05237,0.09585
7641.19513,0.09590
7637.33789,0.09585
7633.48064,0.09585
7629.62340,0.09587
7625.76616,0.09581
7621.90892,0.09579
7618.05168,0.09591
7614.19444,0.09611
7610.33720,0.09635
7606.47995,0.09662
7602.62271,0.09681
7598.76547,0.09683
7594.90823,0.09679
7591.05099,0.09671
7587.19375,0.09668
7583.33651,0.09687
7579.47926,0.09724
7575.62202,0.09747
7571.76478,0.09749
7567.90754,0.09751
7564.05030,0.09762
7560.19306,0.09786
7556.33582,0.09836
7552.47858,0.09895
7548.62133,0.09943
7544.76409,0.09985
7540.90685,0.10022
7537.04961,0.10052
7533.19237,0.10076
7529.33513,0.10089
7525.47789,0.10095
7521.62064,0.10111
7517.76340,0.10137
7513.90616,0.10157
7510.04892,0.10167
7506.19168,0.10187
7502.33444,0.10216
7498.47720,0.10244
7494.61996,0.10278
7490.76271,0.10318
7486.90547,0.10348
7483.04823,0.10378
7479.19099,0.10426
7475.33375,0.10485
7471.47651,0.10543
7467.61927,0.10598
7463.76202,0.10659
7459.90478,0.10738
7456.04754,0.10831
7452.19030,0.10920
7448.33306,0.11003
7444.47582,0.11095
7440.61858,0.11199
7436.76133,0.11302
7432.90409,0.11405
7429.04685,0.11520
7425.18961,0.11641
7421.33237,0.11753
7417.47513,0.11855
7413.61789,0.11950
7409.76065,0.12049
7405.90340,0.12159
7402.04616,0.12271
7398.18892,0.12372
7394.33168,0.12473
7390.47444,0.12584
7386.61720,0.12702
7382.75996,0.12830
7378.90271,0.12962
7375.04547,0.13090
7371.18823,0.13214
7367.33099,0.13339
7363.47375,0.13463
7359.61651,0.13579
7355.75927,0.13682
7351.90202,0.13771
7348.04478,0.13854
7344.18754,0.13942
7340.33030,0.14027
7336.47306,0.14099
7332.61582,0.14165
7328.75858,0.14227
7324.90134,0.14274
7321.04409,0.14300
7317.18685,0.14324
7313.32961,0.14367
7309.47237,0.14411
7305.61513,0.14430
7301.75789,0.14435
7297.90065,0.14452
7294.04340,0.14484
7290.18616,0.14517
7286.32892,0.14542
7282.47168,0.14566
7278.61444,0.14593
7274.75720,0.14623
7270.89996,0.14658
7267.04272,0.14698
7263.18547,0.14741
7259.32823,0.14783
7255.47099,0.14823
7251.61375,0.14851
7247.75651,0.14867
7243.89927,0.14887
7240.04203,0.14918
7236.18478,0.14948
7232.32754,0.14967
7228.47030,0.14975
7224.61306,0.14980
7220.75582,0.14992
7216.89858,0.15025
7213.04134,0.15066
7209.18409,0.15091
7205.32685,0.15100
7201.46961,0.15105
7197.61237,0.15109
7193.75513,0.15115
7189.89789,0.15129
7186.04065,0.15160
7182.18341,0.15208
7178.32616,0.15262
7174.46892,0.15317
7170.61168,0.15381
7166.75444,0.15451
7162.89720,0.15523
7159.03996,0.15603
7155.18272,0.15696
7151.32547,0.15800
7147.46823,0.15907
7143.61099,0.16014
7139.75375,0.16123
7135.89651,0.16242
7132.03927,0.16366
7128.18203,0.16483
7124.32478,0.16593
7120.46754,0.16711
7116.61030,0.16835
7112.75306,0.16950
7108.89582,0.17065
7105.03858,0.17191
7101.18134,0.17323
7097.32410,0.17460
7093.46685,0.17608
7089.60961,0.17762
7085.75237,0.17917
7081.89513,0.18075
7078.03789,0.18240
7074.18065,0.18416
7070.32341,0.18600
7066.46616,0.18777
7062.60892,0.18942
7058.75168,0.19100
7054.89444,0.19262
7051.03720,0.19426
7047.17996,0.19582
7043.32272,0.19729
7039.46548,0.19876
7035.60823,0.20024
7031.75099,0.20171
7027.89375,0.20314
7024.03651,0.20442
7020.17927,0.20554
7016.32203,0.20659
7012.46479,0.20767
7008.60754,0.20878
7004.75030,0.20980
7000.89306,0.21067
6997.03582,0.21149
6993.17858,0.21241
6989.32134,0.21339
6985.46410,0.21427
6981.60685,0.21503
6977.74961,0.21577
6973.89237,0.21652
6970.03513,0.21719
6966.17789,0.21777
6962.32065,0.21828
6958.46341,0.21875
6954.60617,0.21919
6950.74892,0.21962
6946.89168,0.21999
6943.03444,0.22034
6939.17720,0.22073
6935.31996,0.22117
6931.46272,0.22161
6927.60548,0.22208
6923.74823,0.22256
6919.89099,0.22297
6916.03375,0.22336
6912.17651,0.22380
6908.31927,0.22427
6904.46203,0.22475
6900.60479,0.22523
6896.74754,0.22562
6892.89030,0.22595
6889.03306,0.22634
6885.17582,0.22683
6881.31858,0.22738
6877.46134,0.22788
6873.60410,0.22841
6869.74686,0.22907
6865.88961,0.22981
6862.03237,0.23056
6858.17513,0.23126
6854.31789,0.23189
6850.46065,0.23249
6846.60341,0.23317
6842.74617,0.23395
6838.88892,0.23476
6835.03168,0.23549
6831.17444,0.23613
6827.31720,0.23676
6823.45996,0.23746
6819.60272,0.23826
6815.74548,0.23917
6811.88824,0.24011
6808.03099,0.24102
6804.17375,0.24189
6800.31651,0.24276
6796.45927,0.24365
6792.60203,0.24450
6788.74479,0.24534
6784.88755,0.24625
6781.03030,0.24723
6777.17306,0.24815
6773.31582,0.24893
6769.45858,0.24959
6765.60134,0.25023
6761.74410,0.25086
6757.88686,0.25141
6754.02961,0.25183
6750.17237,0.25224
6746.31513,0.25270
6742.45789,0.25307
6738.60065,0.25331
6734.74341,0.25349
6730.88617,0.25362
6727.02893,0.25373
6723.17168,0.25388
6719.31444,0.25397
6715.45720,0.25396
6711.59996,0.25398
6707.74272,0.25410
6703.88548,0.25414
6700.02824,0.25407
6696.17099,0.25401
6692.31375,0.25399
6688.45651,0.25395
6684.59927,0.25383
6680.74203,0.25361
6676.88479,0.25341
6673.02755,0.25333
6669.17030,0.25317
6665.31306,0.25280
6661.45582,0.25235
6657.59858,0.25195
6653.74134,0.25164
6649.88410,0.25137
6646.02686,0.25098
6642.16962,0.25045
6638.31237,0.24996
6634.45513,0.24955
6630.59789,0.24904
6626.74065,0.24844
6622.88341,0.24789
6619.02617,0.24742
6615.16893,0.24688
6611.31168,0.24623
6607.45444,0.24567
6603.59720,0.24523
6599.73996,0.24481
6595.88272,0.24437
6592.02548,0.24399
6588.16824,0.24371
6584.31100,0.24348
6580.45375,0.24329
6576.59651,0.24313
6572.73927,0.24297
6568.88203,0.24284
6565.02479,0.24280
6561.16755,0.24285
6557.31031,0.24295
6553.45306,0.24306
6549.59582,0.24315
6545.73858,0.24323
6541.88134,0.24330
6538.02410,0.24342
6534.16686,0.24356
6530.30962,0.24368
6526.45237,0.24378
6522.59513,0.24392
6518.73789,0.24413
6514.88065,0.24438
6511.02341,0.24460
6507.16617,0.24472
6503.30893,0.24476
6499.45169,0.24481
6495.59444,0.24491
6491.73720,0.24500
6487.87996,0.24501
6484.02272,0.24495
6480.16548,0.24488
6476.30824,0.24477
6472.45100,0.24458
6468.59375,0.24430
6464.73651,0.24409
6460.87927,0.24401
6457.02203,0.24394
6453.16479,0.24378
6449.30755,0.24355
6445.45031,0.24325
6441.59306,0.24291
6437.73582,0.24258
6433.87858,0.24230
6430.02134,0.24194
6426.16410,0.24151
6422.30686,0.24114
6418.44962,0.24078
6414.59238,0.24035
6410.73513,0.24004
6406.87789,0.23987
6403.02065,0.23965
6399.16341,0.23935
6395.30617,0.23909
6391.44893,0.23891
6387.59169,0.23872
6383.73444,0.23854
6379.87720,0.23840
6376.01996,0.23824
6372.16272,0.23803
6368.30548,0.23781
6364.44824,0.23754
6360.59100,0.23727
6356.73376,0.23710
6352.87651,0.23700
6349.01927,0.23691
6345.16203,0.23684
6341.30479,0.23681
6337.44755,0.23678
6333.59031,0.23674
6329.73307,0.23675
6325.87582,0.23676
6322.01858,0.23670
6318.16134,0.23658
6314.30410,0.23647
6310.44686,0.23637
6306.58962,0.23625
6302.73238,0.23608
6298.87513,0.23582
6295.01789,0.23545
6291.16065,0.23502
6287.30341,0.23453
6283.44617,0.23395
6279.58893,0.23335
6275.73169,0.23275
6271.87445,0.23208
6268.01720,0.23129
6264.15996,0.23046
6260.30272,0.22966
6256.44548,0.22887
6252.58824,0.22803
6248.73100,0.22710
6244.87376,0.22612
6241.01651,0.22512
6237.15927,0.22412
6233.30203,0.22312
6229.44479,0.22215
6225.58755,0.22126
6221.73031,0.22054
6217.87307,0.22002
6214.01582,0.21978
6210.15858,0.21984
6206.30134,0.22008
6202.44410,0.22041
6198.58686,0.22064
6194.72962,0.22044
6190.87238,0.21967
6187.01514,0.21840
6183.15789,0.21688
6179.30065,0.21542
6175.44341,0.21428
6171.58617,0.21353
6167.72893,0.21309
6163.87169,0.21292
6160.01445,0.21306
6156.15720,0.21347
6152.29996,0.21403
6148.44272,0.21459
6144.58548,0.21496
6140.72824,0.21497
6136.87100,0.21463
6133.01376,0.21425
6129.15652,0.21416
6125.29927,0.21454
6121.44203,0.21551
6117.58479,0.21722
6113.72755,0.21979
6109.87031,0.22322
6106.01307,0.22736
6102.15583,0.23201
6098.29858,0.23702
6094.44134,0.24218
6090.58410,0.24734
6086.72686,0.25228
6082.86962,0.25682
6079.01238,0.26110
6075.15514,0.26569
6071.29789,0.27124
6067.44065,0.27791
6063.58341,0.28515
6059.72617,0.29215
6055.86893,0.29837
6052.01169,0.30375
6048.15445,0.30857
6044.29721,0.31331
6040.43996,0.31844
6036.58272,0.32420
6032.72548,0.33035
6028.86824,0.33614
6025.01100,0.34063
6021.15376,0.34296
6017.29652,0.34255
6013.43927,0.33931
6009.58203,0.33352
6005.72479,0.32594
6001.86755,0.31765
5998.01031,0.30961
5994.15307,0.30248
5990.29583,0.29681
5986.43858,0.29284
5982.58134,0.29023
5978.72410,0.28812
5974.86686,0.28552
5971.00962,0.28188
5967.15238,0.27755
5963.29514,0.27341
5959.43790,0.27026
5955.58065,0.26841
5951.72341,0.26760
5947.86617,0.26720
5944.00893,0.26650
5940.15169,0.26495
5936.29445,0.26221
5932.43721,0.25833
5928.57996,0.25378
5924.72272,0.24915
5920.86548,0.24486
5917.00824,0.24109
5913.15100,0.23795
5909.29376,0.23560
5905.43652,0.23427
5901.57927,0.23412
5897.72203,0.23517
5893.86479,0.23717
5890.00755,0.23980
5886.15031,0.24275
5882.29307,0.24566
5878.43583,0.24826
5874.57859,0.25055
5870.72134,0.25257
5866.86410,0.25415
5863.00686,0.25499
5859.14962,0.25497
5855.29238,0.25426
5851.43514,0.25322
5847.57790,0.25214
5843.72065,0.25123
5839.86341,0.25060
5836.00617,0.25029
5832.14893,0.25030
5828.29169,0.25052
5824.43445,0.25082
5820.57721,0.25117
5816.71997,0.25154
5812.86272,0.25184
5809.00548,0.25198
5805.14824,0.25188
5801.29100,0.25154
5797.43376,0.25108
5793.57652,0.25068
5789.71928,0.25040
5785.86203,0.25010
5782.00479,0.24971
5778.14755,0.24926
5774.29031,0.24869
5770.43307,0.24793
5766.57583,0.24696
5762.71859,0.24576
5758.86134,0.24429
5755.00410,0.24258
5751.14686,0.24075
5747.28962,0.23882
5743.43238,0.23681
5739.57514,0.23481
5735.71790,0.23294
5731.86066,0.23132
5728.00341,0.23011
5724.14617,0.22944
5720.28893,0.22927
5716.43169,0.22941
5712.57445,0.22961
5708.71721,0.22971
5704.85997,0.22966
5701.00272,0.22950
5697.14548,0.22921
5693.28824,0.22885
5689.43100,0.22848
5685.57376,0.22811
5681.71652,0.22777
5677.85928,0.22757
5674.00203,0.22764
5670.14479,0.22795
5666.28755,0.22841
5662.43031,0.22892
5658.57307,0.22934
5654.71583,0.22956
5650.85859,0.22945
5647.00135,0.22894
5643.14410,0.22807
5639.28686,0.22704
5635.42962,0.22596
5631.57238,0.22495
5627.71514,0.22407
5623.85790,0.22334
5620.00066,0.22274
5616.14341,0.22234
5612.28617,0.22217
5608.42893,0.22220
5604.57169,0.22236
5600.71445,0.22264
5596.85721,0.22306
5592.99997,0.22359
5589.14273,0.22414
5585.28548,0.22471
5581.42824,0.22537
5577.57100,0.22614
5573.71376,0.22687
5569.85652,0.22741
5565.99928,0.22773
5562.14204,0.22787
5558.28479,0.22788
5554.42755,0.22784
5550.57031,0.22778
5546.71307,0.22770
5542.85583,0.22764
5538.99859,0.22764
5535.14135,0.22761
5531.28410,0.22749
5527.42686,0.22731
5523.56962,0.22707
5519.71238,0.22675
5515.85514,0.22636
5511.99790,0.22602
5508.14066,0.22582
5504.28342,0.22586
5500.42617,0.22615
5496.56893,0.22662
5492.71169,0.22723
5488.85445,0.22789
5484.99721,0.22842
5481.13997,0.22872
5477.28273,0.22872
5473.42548,0.22839
5469.56824,0.22780
5465.71100,0.22707
5461.85376,0.22617
5457.99652,0.22505
5454.13928,0.22379
5450.28204,0.22240
5446.42479,0.22082
5442.56755,0.21911
5438.71031,0.21740
5434.85307,0.21576
5430.99583,0.21428
5427.13859,0.21306
5423.28135,0.21213
5419.42411,0.21138
5415.56686,0.21078
5411.70962,0.21034
5407.85238,0.21005
5403.99514,0.20982
5400.13790,0.20960
5396.28066,0.20940
5392.42342,0.20923
5388.56617,0.20912
5384.70893,0.20910
5380.85169,0.20921
5376.99445,0.20943
5373.13721,0.20971
5369.27997,0.21003
5365.42273,0.21043
5361.56549,0.21097
5357.70824,0.21160
5353.85100,0.21218
5349.99376,0.21261
5346.13652,0.21291
5342.27928,0.21317
5338.42204,0.21342
5334.56480,0.21374
5330.70755,0.21417
5326.85031,0.21478
5322.99307,0.21566
5319.13583,0.21688
5315.27859,0.21845
5311.42135,0.22033
5307.56411,0.22249
5303.70686,0.22494
5299.84962,0.22769
5295.99238,0.23081
5292.13514,0.23439
5288.27790,0.23853
5284.42066,0.24317
5280.56342,0.24831
5276.70618,0.25383
5272.84893,0.25956
5268.99169,0.26539
5265.13445,0.27123
5261.27721,0.27680
5257.41997,0.28179
5253.56273,0.28626
5249.70549,0.29028
5245.84824,0.29390
5241.99100,0.29706
5238.13376,0.29968
5234.27652,0.30191
5230.41928,0.30390
5226.56204,0.30569
5222.70480,0.30725
5218.84755,0.30851
5214.99031,0.30951
5211.13307,0.31034
5207.27583,0.31105
5203.41859,0.31162
5199.56135,0.31207
5195.70411,0.31251
5191.84687,0.31294
5187.98962,0.31329
5184.13238,0.31348
5180.27514,0.31353
5176.41790,0.31351
5172.56066,0.31344
5168.70342,0.31333
5164.84618,0.31319
5160.98893,0.31308
5157.13169,0.31297
5153.27445,0.31279
5149.41721,0.31255
5145.55997,0.31227
5141.70273,0.31202
5137.84549,0.31188
5133.98825,0.31182
5130.13100,0.31177
5126.27376,0.31164
5122.41652,0.31122
5118.55928,0.31018
5114.70204,0.30831
5110.84480,0.30566
5106.98756,0.30253
5103.13031,0.29930
5099.27307,0.29621
5095.41583,0.29330
5091.55859,0.29057
5087.70135,0.28808
5083.84411,0.28584
5079.98687,0.28382
5076.12962,0.28196
5072.27238,0.28024
5068.41514,0.27861
5064.55790,0.27708
5060.70066,0.27564
5056.84342,0.27425
5052.98618,0.27295
5049.12894,0.27183
5045.27169,0.27081
5041.41445,0.26984
5037.55721,0.26895
5033.69997,0.26813
5029.84273,0.26734
5025.98549,0.26661
5022.12825,0.26598
5018.27100,0.26541
5014.41376,0.26483
5010.55652,0.26425
5006.69928,0.26364
5002.84204,0.26297
4998.98480,0.26230
4995.12756,0.26177
4991.27031,0.26143
4987.41307,0.26124
4983.55583,0.26113
4979.69859,0.26116
4975.84135,0.26139
4971.98411,0.26187
4968.12687,0.26267
4964.26963,0.26372
4960.41238,0.26500
4956.55514,0.26651
4952.69790,0.26822
4948.84066,0.27007
4944.98342,0.27204
4941.12618,0.27415
4937.26894,0.27638
4933.41169,0.27868
4929.55445,0.28105
4925.69721,0.28359
4921.83997,0.28630
4917.98273,0.28912
4914.12549,0.29209
4910.26825,0.29519
4906.41101,0.29842
4902.55376,0.30182
4898.69652,0.30535
4894.83928,0.30893
4890.98204,0.31256
4887.12480,0.31627
4883.26756,0.32006
4879.41032,0.32384
4875.55307,0.32758
4871.69583,0.33121
4867.83859,0.33467
4863.98135,0.33795
4860.12411,0.34115
4856.26687,0.34441
4852.40963,0.34782
4848.55238,0.35145
4844.69514,0.35527
4840.83790,0.35929
4836.98066,0.36358
4833.12342,0.36810
4829.26618,0.37264
4825.40894,0.37704
4821.55170,0.38121
4817.69445,0.38504
4813.83721,0.38856
4809.97997,0.39180
4806.12273,0.39473
4802.26549,0.39730
4798.40825,0.39949
4794.55101,0.40126
4790.69376,0.40254
4786.83652,0.40332
4782.97928,0.40380
4779.12204,0.40415
4775.26480,0.40450
4771.40756,0.40500
4767.55032,0.40588
4763.69307,0.40729
4759.83583,0.40926
4755.97859,0.41164
4752.12135,0.41426
4748.26411,0.41692
4744.40687,0.41946
4740.54963,0.42188
4736.69239,0.42451
4732.83514,0.42785
4728.97790,0.43206
4725.12066,0.43651
4721.26342,0.44000
4717.40618,0.44176
4713.54894,0.44236
4709.69170,0.44324
4705.83445,0.44592
4701.97721,0.45102
4698.11997,0.45747
4694.26273,0.46286
4690.40549,0.46463
4686.54825,0.46158
4682.69101,0.45430
4678.83377,0.44452
4674.97652,0.43445
4671.11928,0.42595
4667.26204,0.41986
4663.40480,0.41600
4659.54756,0.41384
4655.69032,0.41318
4651.83308,0.41448
4647.97583,0.41821
4644.11859,0.42379
4640.26135,0.42936
4636.40411,0.43234
4632.54687,0.43050
4628.68963,0.42331
4624.83239,0.41252
4620.97514,0.40109
4617.11790,0.39140
4613.26066,0.38442
4609.40342,0.38020
4605.54618,0.37857
4601.68894,0.37941
4597.83170,0.38219
4593.97446,0.38560
4590.11721,0.38852
4586.25997,0.39088
4582.40273,0.39233
4578.54549,0.39098
4574.68825,0.38522
4570.83101,0.37618
4566.97377,0.36680
4563.11652,0.35941
4559.25928,0.35469
4555.40204,0.35208
4551.54480,0.35069
4547.68756,0.34980
4543.83032,0.34911
4539.97308,0.34854
4536.11583,0.34819
4532.25859,0.34823
4528.40135,0.34884
4524.54411,0.35009
4520.68687,0.35199
4516.82963,0.35464
4512.97239,0.35822
4509.11515,0.36302
4505.25790,0.36948
4501.40066,0.37795
4497.54342,0.38803
4493.68618,0.39836
4489.82894,0.40734
4485.97170,0.41439
4482.11446,0.42033
4478.25721,0.42682
4474.39997,0.43557
4470.54273,0.44772
4466.68549,0.46318
4462.82825,0.47958
4458.97101,0.49271
4455.11377,0.50013
4451.25653,0.50383
4447.39928,0.50759
4443.54204,0.51297
4439.68480,0.51889
4435.82756,0.52347
4431.97032,0.52518
4428.11308,0.52322
4424.25584,0.51843
4420.39859,0.51319
4416.54135,0.50986
4412.68411,0.50946
4408.82687,0.51110
4404.96963,0.51253
4401.11239,0.51186
4397.25515,0.50871
4393.39790,0.50399
4389.54066,0.49887
4385.68342,0.49417
4381.82618,0.49042
4377.96894,0.48776
4374.11170,0.48608
4370.25446,0.48548
4366.39722,0.48614
4362.53997,0.48775
4358.68273,0.48956
4354.82549,0.49121
4350.96825,0.49299
4347.11101,0.49541
4343.25377,0.49852
4339.39653,0.50173
4335.53928,0.50441
4331.68204,0.50661
4327.82480,0.50872
4323.96756,0.51102
4320.11032,0.51374
4316.25308,0.51730
4312.39584,0.52202
4308.53859,0.52786
4304.68135,0.53422
4300.82411,0.54033
4296.96687,0.54543
4293.10963,0.54894
4289.25239,0.55071
4285.39515,0.55098
4281.53791,0.55029
4277.68066,0.54911
4273.82342,0.54747
4269.96618,0.54520
4266.10894,0.54253
4262.25170,0.54012
4258.39446,0.53865
4254.53722,0.53839
4250.67997,0.53894
4246.82273,0.53932
4242.96549,0.53879
4239.10825,0.53732
4235.25101,0.53568
4231.39377,0.53455
4227.53653,0.53364
4223.67929,0.53201
4219.82204,0.52923
4215.96480,0.52575
4212.10756,0.52237
4208.25032,0.51960
4204.39308,0.51740
4200.53584,0.51561
4196.67860,0.51463
4192.82135,0.51528
4188.96411,0.51808
4185.10687,0.52275
4181.24963,0.52765
4177.39239,0.52998
4173.53515,0.52781
4169.67791,0.52181
4165.82066,0.51452
4161.96342,0.50831
4158.10618,0.50428
4154.24894,0.50249
4150.39170,0.50263
4146.53446,0.50452
4142.67722,0.50809
4138.81998,0.51285
4134.96273,0.51769
4131.10549,0.52159
4127.24825,0.52454
4123.39101,0.52747
4119.53377,0.53139
4115.67653,0.53696
4111.81929,0.54468
4107.96204,0.55489
4104.10480,0.56807
4100.24756,0.58514
4096.39032,0.60510
4092.53308,0.62176
4088.67584,0.62775
4084.81860,0.62221
4080.96135,0.60993
4077.10411,0.59600
4073.24687,0.58429
4069.38963,0.57664
4065.53239,0.57269
4061.67515,0.57130
4057.81791,0.57162
4053.96067,0.57301
4050.10342,0.57490
4046.24618,0.57676
4042.38894,0.57802
4038.53170,0.57847
4034.67446,0.57858
4030.81722,0.57878
4026.95998,0.57900
4023.10273,0.57911
4019.24549,0.57909
4015.38825,0.57870
4011.53101,0.57753
4007.67377,0.57562
4003.81653,0.57330
3999.95929,0.57063
3996.10205,0.56751
3992.24480,0.56427
3988.38756,0.56138
3984.53032,0.55916
3980.67308,0.55759
3976.81584,0.55630
3972.95860,0.55480
3969.10136,0.55283
3965.24411,0.55035
3961.38687,0.54742
3957.52963,0.54434
3953.67239,0.54128
3949.81515,0.53817
3945.95791,0.53511
3942.10067,0.53233
3938.24342,0.52988
3934.38618,0.52757
3930.52894,0.52537
3926.67170,0.52341
3922.81446,0.52155
3918.95722,0.51962
3915.09998,0.51755
3911.24274,0.51529
3907.38549,0.51255
3903.52825,0.50888
3899.67101,0.50475
3895.81377,0.50110
3891.95653,0.49782
3888.09929,0.49489
3884.24205,0.49258
3880.38480,0.49080
3876.52756,0.48902
3872.67032,0.48657
3868.81308,0.48336
3864.95584,0.47999
3861.09860,0.47700
3857.24136,0.47423
3853.38411,0.47120
3849.52687,0.46878
3845.66963,0.46731
3841.81239,0.46605
3837.95515,0.46506
3834.09791,0.46459
3830.24067,0.46439
3826.38343,0.46443
3822.52618,0.46536
3818.66894,0.46800
3814.81170,0.47146
3810.95446,0.47409
3807.09722,0.47543
3803.23998,0.47518
3799.38274,0.47334
3795.52549,0.47096
3791.66825,0.46909
3787.81101,0.46814
3783.95377,0.46834
3780.09653,0.46972
3776.23929,0.47180
3772.38205,0.47427
3768.52481,0.47742
3764.66756,0.48104
3760.81032,0.48406
3756.95308,0.48515
3753.09584,0.48333
3749.23860,0.47973
3745.38136,0.47768
3741.52412,0.47850
3737.66687,0.48160
3733.80963,0.48618
3729.95239,0.48932
3726.09515,0.48997
3722.23791,0.49026
3718.38067,0.49196
3714.52343,0.49572
3710.66618,0.50268
3706.80894,0.51220
3702.95170,0.52308
3699.09446,0.53605
3695.23722,0.55112
3691.37998,0.57046
3687.52274,0.59259
3683.66550,0.60760
3679.80825,0.61631
3675.95101,0.62660
3672.09377,0.64302
3668.23653,0.66235
3664.37929,0.68047
3660.52205,0.69760
3656.66481,0.71511
3652.80756,0.73319
3648.95032,0.75296
3645.09308,0.77191
3641.23584,0.78538
3637.37860,0.79614
3633.52136,0.80667
3629.66412,0.81821
3625.80687,0.82989
3621.94963,0.83693
3618.09239,0.84123
3614.23515,0.84659
3610.37791,0.85372
3606.52067,0.86103
3602.66343,0.86741
3598.80619,0.87398
