12493.60475,0.08736
12489.74751,0.08588
12485.89027,0.08491
12482.03303,0.08786
12478.17579,0.09167
12474.31855,0.09145
12470.46130,0.08674
12466.60406,0.08135
12462.74682,0.07948
12458.88958,0.08050
12455.03234,0.08159
12451.17510,0.08312
12447.31786,0.08467
12443.46062,0.08440
12439.60337,0.08459
12435.74613,0.08656
12431.88889,0.08648
12428.03165,0.08384
12424.17441,0.08286
12420.31717,0.08422
12416.45993,0.08489
12412.60268,0.08449
12408.74544,0.08481
12404.88820,0.08512
12401.03096,0.08497
12397.17372,0.08609
12393.31648,0.08661
12389.45924,0.08513
12385.60199,0.08537
12381.74475,0.08850
12377.88751,0.09101
12374.03027,0.09111
12370.17303,0.08952
12366.31579,0.08700
12362.45855,0.08483
12358.60131,0.08366
12354.74406,0.08277
12350.88682,0.08193
12347.02958,0.08131
12343.17234,0.08181
12339.31510,0.08320
12335.45786,0.08407
12331.60062,0.08457
12327.74337,0.08427
12323.88613,0.08414
12320.02889,0.08664
12316.17165,0.08986
12312.31441,0.09060
12308.45717,0.08869
12304.59993,0.08530
12300.74268,0.08274
12296.88544,0.08307
12293.02820,0.08465
12289.17096,0.08519
12285.31372,0.08498
12281.45648,0.08515
12277.59924,0.08608
12273.74200,0.08670
12269.88475,0.08658
12266.02751,0.08630
12262.17027,0.08551
12258.31303,0.08464
12254.45579,0.08463
12250.59855,0.08530
12246.74131,0.08590
12242.88406,0.08588
12239.02682,0.08527
12235.16958,0.08469
12231.31234,0.08465
12227.45510,0.08472
12223.59786,0.08488
12219.74062,0.08535
12215.88338,0.08575
12212.02613,0.08643
12208.16889,0.08749
12204.31165,0.08730
12200.45441,0.08517
12196.59717,0.08341
12192.73993,0.08339
12188.88269,0.08274
12185.02544,0.08097
12181.16820,0.08126
12177.31096,0.08353
12173.45372,0.08450
12169.59648,0.08445
12165.73924,0.08495
12161.88200,0.08496
12158.02475,0.08405
12154.16751,0.08318
12150.31027,0.08302
12146.45303,0.08352
12142.59579,0.08377
12138.73855,0.08344
12134.88131,0.08314
12131.02407,0.08308
12127.16682,0.08286
12123.30958,0.08275
12119.45234,0.08300
12115.59510,0.08315
12111.73786,0.08300
12107.88062,0.08303
12104.02338,0.08315
12100.16613,0.08233
12096.30889,0.08097
12092.45165,0.08060
12088.59441,0.08195
12084.73717,0.08456
12080.87993,0.08598
12077.02269,0.08538
12073.16544,0.08490
12069.30820,0.08438
12065.45096,0.08255
12061.59372,0.08102
12057.73648,0.08077
12053.87924,0.08059
12050.02200,0.08081
12046.16476,0.08237
12042.30751,0.08398
12038.45027,0.08448
12034.59303,0.08422
12030.73579,0.08449
12026.87855,0.08568
12023.02131,0.08598
12019.16407,0.08546
12015.30682,0.08593
12011.44958,0.08687
12007.59234,0.08753
12003.73510,0.08762
11999.87786,0.08649
11996.02062,0.08546
11992.16338,0.08632
11988.30614,0.08820
11984.44889,0.08855
11980.59165,0.08666
11976.73441,0.08510
11972.87717,0.08556
11969.01993,0.08694
11965.16269,0.08774
11961.30545,0.08771
11957.44820,0.08817
11953.59096,0.08851
11949.73372,0.08733
11945.87648,0.08732
11942.01924,0.08994
11938.16200,0.09149
11934.30476,0.09024
11930.44751,0.08882
11926.59027,0.08827
11922.73303,0.08793
11918.87579,0.08868
11915.01855,0.09037
11911.16131,0.09117
11907.30407,0.09057
11903.44683,0.08901
11899.58958,0.08719
11895.73234,0.08643
11891.87510,0.08724
11888.01786,0.08873
11884.16062,0.08996
11880.30338,0.09059
11876.44614,0.09111
11872.58889,0.09151
11868.73165,0.09045
11864.87441,0.08887
11861.01717,0.08869
11857.15993,0.08864
11853.30269,0.08826
11849.44545,0.08925
11845.58820,0.09078
11841.73096,0.09098
11837.87372,0.09043
11834.01648,0.09000
11830.15924,0.08918
11826.30200,0.08826
11822.44476,0.08771
11818.58752,0.08695
11814.73027,0.08646
11810.87303,0.08713
11807.01579,0.08801
11803.15855,0.08795
11799.30131,0.08780
11795.44407,0.08860
11791.58683,0.08964
11787.72958,0.09045
11783.87234,0.09153
11780.01510,0.09210
11776.15786,0.09157
11772.30062,0.09146
11768.44338,0.09229
11764.58614,0.09243
11760.72890,0.09078
11756.87165,0.08882
11753.01441,0.08837
11749.15717,0.08917
11745.29993,0.09026
11741.44269,0.09055
11737.58545,0.08953
11733.72821,0.08865
11729.87096,0.08900
11726.01372,0.09052
11722.15648,0.09267
11718.29924,0.09407
11714.44200,0.09337
11710.58476,0.09169
11706.72752,0.09191
11702.87027,0.09341
11699.01303,0.09392
11695.15579,0.09309
11691.29855,0.09087
11687.44131,0.08901
11683.58407,0.08968
11679.72683,0.09100
11675.86959,0.09025
11672.01234,0.08906
11668.15510,0.09010
11664.29786,0.09182
11660.44062,0.09179
11656.58338,0.09096
11652.72614,0.09104
11648.86890,0.09150
11645.01165,0.09078
11641.15441,0.08926
11637.29717,0.08872
11633.43993,0.08888
11629.58269,0.08903
11625.72545,0.08995
11621.86821,0.09119
11618.01096,0.09187
11614.15372,0.09231
11610.29648,0.09246
11606.43924,0.09208
11602.58200,0.09110
11598.72476,0.08995
11594.86752,0.08958
11591.01028,0.09016
11587.15303,0.09113
11583.29579,0.09160
11579.43855,0.09097
11575.58131,0.09007
11571.72407,0.08993
11567.86683,0.08935
11564.00959,0.08692
11560.15234,0.08516
11556.29510,0.08731
11552.43786,0.09145
11548.58062,0.09282
11544.72338,0.09043
11540.86614,0.08791
11537.00890,0.08832
11533.15166,0.09068
11529.29441,0.09216
11525.43717,0.09212
11521.57993,0.09216
11517.72269,0.09271
11513.86545,0.09262
11510.00821,0.09168
11506.15097,0.09133
11502.29372,0.09189
11498.43648,0.09124
11494.57924,0.08867
11490.72200,0.08735
11486.86476,0.08978
11483.00752,0.09293
11479.15028,0.09297
11475.29303,0.09104
11471.43579,0.08948
11467.57855,0.08843
11463.72131,0.08803
11459.86407,0.08842
11456.00683,0.08915
11452.14959,0.09008
11448.29235,0.09043
11444.43510,0.08903
11440.57786,0.08691
11436.72062,0.08619
11432.86338,0.08683
11429.00614,0.08788
11425.14890,0.08870
11421.29166,0.08805
11417.43441,0.08635
11413.57717,0.08598
11409.71993,0.08686
11405.86269,0.08731
11402.00545,0.08775
11398.14821,0.08833
11394.29097,0.08817
11390.43372,0.08754
11386.57648,0.08715
11382.71924,0.08753
11378.86200,0.08823
11375.00476,0.08789
11371.14752,0.08676
11367.29028,0.08600
11363.43304,0.08620
11359.57579,0.08789
11355.71855,0.08991
11351.86131,0.08971
11348.00407,0.08803
11344.14683,0.08778
11340.28959,0.08876
11336.43235,0.08879
11332.57510,0.08758
11328.71786,0.08675
11324.86062,0.08743
11321.00338,0.08848
11317.14614,0.08840
11313.28890,0.08770
11309.43166,0.08673
11305.57442,0.08558
11301.71717,0.08567
11297.85993,0.08635
11294.00269,0.08582
11290.14545,0.08554
11286.28821,0.08722
11282.43097,0.08924
11278.57373,0.08964
11274.71648,0.08925
11270.85924,0.08924
11267.00200,0.08890
11263.14476,0.08896
11259.28752,0.09005
11255.43028,0.08991
11251.57304,0.08812
11247.71579,0.08672
11243.85855,0.08612
11240.00131,0.08607
11236.14407,0.08682
11232.28683,0.08767
11228.42959,0.08807
11224.57235,0.08807
11220.71511,0.08731
11216.85786,0.08618
11213.00062,0.08572
11209.14338,0.08598
11205.28614,0.08612
11201.42890,0.08568
11197.57166,0.08519
11193.71442,0.08506
11189.85717,0.08515
11185.99993,0.08547
11182.14269,0.08608
11178.28545,0.08636
11174.42821,0.08599
11170.57097,0.08613
11166.71373,0.08742
11162.85648,0.08853
11158.99924,0.08851
11155.14200,0.08814
11151.28476,0.08809
11147.42752,0.08777
11143.57028,0.08733
11139.71304,0.08760
11135.85580,0.08811
11131.99855,0.08838
11128.14131,0.08857
11124.28407,0.08862
11120.42683,0.08814
11116.56959,0.08690
11112.71235,0.08583
11108.85511,0.08618
11104.99786,0.08730
11101.14062,0.08773
11097.28338,0.08776
11093.42614,0.08776
11089.56890,0.08721
11085.71166,0.08706
11081.85442,0.08769
11077.99718,0.08759
11074.13993,0.08701
11070.28269,0.08714
11066.42545,0.08752
11062.56821,0.08785
11058.71097,0.08834
11054.85373,0.08824
11050.99649,0.08740
11047.13924,0.08685
11043.28200,0.08703
11039.42476,0.08769
11035.56752,0.08792
11031.71028,0.08712
11027.85304,0.08645
11023.99580,0.08691
11020.13855,0.08774
11016.28131,0.08798
11012.42407,0.08752
11008.56683,0.08701
11004.70959,0.08699
11000.85235,0.08734
10996.99511,0.08786
10993.13787,0.08814
10989.28062,0.08783
10985.42338,0.08753
10981.56614,0.08776
10977.70890,0.08817
10973.85166,0.08828
10969.99442,0.08814
10966.13718,0.08785
10962.27993,0.08731
10958.42269,0.08713
10954.56545,0.08754
10950.70821,0.08743
10946.85097,0.08714
10942.99373,0.08752
10939.13649,0.08766
10935.27924,0.08750
10931.42200,0.08755
10927.56476,0.08707
10923.70752,0.08628
10919.85028,0.08597
10915.99304,0.08591
10912.13580,0.08590
10908.27856,0.08574
10904.42131,0.08513
10900.56407,0.08456
10896.70683,0.08461
10892.84959,0.08486
10888.99235,0.08505
10885.13511,0.08532
10881.27787,0.08537
10877.42062,0.08546
10873.56338,0.08595
10869.70614,0.08609
10865.84890,0.08548
10861.99166,0.08467
10858.13442,0.08423
10854.27718,0.08416
10850.41993,0.08431
10846.56269,0.08465
10842.70545,0.08454
10838.84821,0.08390
10834.99097,0.08367
10831.13373,0.08417
10827.27649,0.08470
10823.41925,0.08474
10819.56200,0.08459
10815.70476,0.08459
10811.84752,0.08467
10807.99028,0.08494
10804.13304,0.08518
10800.27580,0.08503
10796.41856,0.08476
10792.56131,0.08461
10788.70407,0.08445
10784.84683,0.08415
10780.98959,0.08385
10777.13235,0.08397
10773.27511,0.08430
10769.41787,0.08413
10765.56063,0.08325
10761.70338,0.08260
10757.84614,0.08305
10753.98890,0.08409
10750.13166,0.08455
10746.27442,0.08393
10742.41718,0.08299
10738.55994,0.08273
10734.70269,0.08317
10730.84545,0.08377
10726.98821,0.08393
10723.13097,0.08349
10719.27373,0.08317
10715.41649,0.08359
10711.55925,0.08433
10707.70200,0.08477
10703.84476,0.08486
10699.98752,0.08459
10696.13028,0.08425
10692.27304,0.08448
10688.41580,0.08497
10684.55856,0.08513
10680.70132,0.08522
10676.84407,0.08518
10672.98683,0.08465
10669.12959,0.08398
10665.27235,0.08364
10661.41511,0.08365
10657.55787,0.08384
10653.70063,0.08410
10649.84338,0.08392
10645.98614,0.08290
10642.12890,0.08195
10638.27166,0.08180
10634.41442,0.08205
10630.55718,0.08251
10626.69994,0.08293
10622.84269,0.08300
10618.98545,0.08325
10615.12821,0.08376
10611.27097,0.08396
10607.41373,0.08393
10603.55649,0.08379
10599.69925,0.08347
10595.84201,0.08314
10591.98476,0.08287
10588.12752,0.08268
10584.27028,0.08279
10580.41304,0.08301
10576.55580,0.08291
10572.69856,0.08261
10568.84132,0.08236
10564.98407,0.08201
10561.12683,0.08135
10557.26959,0.08060
10553.41235,0.08042
10549.55511,0.08076
10545.69787,0.08069
10541.84063,0.07996
10537.98339,0.07967
10534.12614,0.08049
10530.26890,0.08147
10526.41166,0.08153
10522.55442,0.08076
10518.69718,0.08034
10514.83994,0.08078
10510.98270,0.08085
10507.12545,0.08005
10503.26821,0.07951
10499.41097,0.07974
10495.55373,0.08038
10491.69649,0.08076
10487.83925,0.08028
10483.98201,0.07931
10480.12476,0.07889
10476.26752,0.07933
10472.41028,0.07994
10468.55304,0.08008
10464.69580,0.07964
10460.83856,0.07890
10456.98132,0.07875
10453.12408,0.07956
10449.26683,0.08022
10445.40959,0.07995
10441.55235,0.07962
10437.69511,0.08009
10433.83787,0.08090
10429.98063,0.08117
10426.12339,0.08095
10422.26614,0.08076
10418.40890,0.08035
10414.55166,0.07957
10410.69442,0.07927
10406.83718,0.07993
10402.97994,0.08060
10399.12270,0.08072
10395.26545,0.08083
10391.40821,0.08106
10387.55097,0.08100
10383.69373,0.08048
10379.83649,0.07966
10375.97925,0.07926
10372.12201,0.07975
10368.26477,0.08045
10364.40752,0.08066
10360.55028,0.08034
10356.69304,0.08002
10352.83580,0.08029
10348.97856,0.08086
10345.12132,0.08103
10341.26408,0.08087
10337.40683,0.08085
10333.54959,0.08117
10329.69235,0.08146
10325.83511,0.08148
10321.97787,0.08149
10318.12063,0.08158
10314.26339,0.08161
10310.40615,0.08156
10306.54890,0.08138
10302.69166,0.08110
10298.83442,0.08082
10294.97718,0.08076
10291.11994,0.08102
10287.26270,0.08122
10283.40546,0.08147
10279.54821,0.08198
10275.69097,0.08209
10271.83373,0.08172
10267.97649,0.08171
10264.11925,0.08216
10260.26201,0.08246
10256.40477,0.08232
10252.54752,0.08204
10248.69028,0.08207
10244.83304,0.08237
10240.97580,0.08253
10237.11856,0.08243
10233.26132,0.08215
10229.40408,0.08189
10225.54684,0.08212
10221.68959,0.08257
10217.83235,0.08257
10213.97511,0.08257
10210.11787,0.08302
10206.26063,0.08329
10202.40339,0.08286
10198.54615,0.08229
10194.68890,0.08230
10190.83166,0.08262
10186.97442,0.08264
10183.11718,0.08249
10179.25994,0.08284
10175.40270,0.08354
10171.54546,0.08349
10167.68821,0.08300
10163.83097,0.08324
10159.97373,0.08399
10156.11649,0.08440
10152.25925,0.08417
10148.40201,0.08367
10144.54477,0.08345
10140.68753,0.08348
10136.83028,0.08364
10132.97304,0.08393
10129.11580,0.08426
10125.25856,0.08447
10121.40132,0.08443
10117.54408,0.08436
10113.68684,0.08457
10109.82959,0.08489
10105.97235,0.08486
10102.11511,0.08452
10098.25787,0.08455
10094.40063,0.08484
10090.54339,0.08466
10086.68615,0.08417
10082.82891,0.08394
10078.97166,0.08381
10075.11442,0.08368
10071.25718,0.08383
10067.39994,0.08429
10063.54270,0.08458
10059.68546,0.08417
10055.82822,0.08361
10051.97097,0.08393
10048.11373,0.08479
10044.25649,0.08538
10040.39925,0.08553
10036.54201,0.08534
10032.68477,0.08500
10028.82753,0.08477
10024.97028,0.08473
10021.11304,0.08473
10017.25580,0.08458
10013.39856,0.08431
10009.54132,0.08430
10005.68408,0.08467
10001.82684,0.08474
9997.96960,0.08437
9994.11235,0.08417
9990.25511,0.08403
9986.39787,0.08389
9982.54063,0.08412
9978.68339,0.08461
9974.82615,0.08492
9970.96891,0.08497
9967.11166,0.08490
9963.25442,0.08487
9959.39718,0.08494
9955.53994,0.08497
9951.68270,0.08496
9947.82546,0.08502
9943.96822,0.08515
9940.11097,0.08524
9936.25373,0.08526
9932.39649,0.08531
9928.53925,0.08557
9924.68201,0.08575
9920.82477,0.08538
9916.96753,0.08465
9913.11029,0.08415
9909.25304,0.08415
9905.39580,0.08469
9901.53856,0.08542
9897.68132,0.08570
9893.82408,0.08572
9889.96684,0.08588
9886.10960,0.08575
9882.25235,0.08511
9878.39511,0.08460
9874.53787,0.08461
9870.68063,0.08474
9866.82339,0.08464
9862.96615,0.08450
9859.10891,0.08450
9855.25167,0.08460
9851.39442,0.08467
9847.53718,0.08480
9843.67994,0.08527
9839.82270,0.08581
9835.96546,0.08585
9832.10822,0.08546
9828.25098,0.08518
9824.39373,0.08512
9820.53649,0.08503
9816.67925,0.08478
9812.82201,0.08447
9808.96477,0.08431
9805.10753,0.08446
9801.25029,0.08489
9797.39304,0.08538
9793.53580,0.08574
9789.67856,0.08586
9785.82132,0.08568
9781.96408,0.08545
9778.10684,0.08545
9774.24960,0.08551
9770.39236,0.08542
9766.53511,0.08513
9762.67787,0.08471
9758.82063,0.08440
9754.96339,0.08429
9751.10615,0.08431
9747.24891,0.08452
9743.39167,0.08484
9739.53442,0.08485
9735.67718,0.08440
9731.81994,0.08397
9727.96270,0.08406
9724.10546,0.08445
9720.24822,0.08460
9716.39098,0.08439
9712.53373,0.08426
9708.67649,0.08425
9704.81925,0.08405
9700.96201,0.08375
9697.10477,0.08365
9693.24753,0.08380
9689.39029,0.08407
9685.53305,0.08427
9681.67580,0.08419
9677.81856,0.08392
9673.96132,0.08384
9670.10408,0.08401
9666.24684,0.08407
9662.38960,0.08390
9658.53236,0.08371
9654.67511,0.08351
9650.81787,0.08329
9646.96063,0.08313
9643.10339,0.08294
9639.24615,0.08260
9635.38891,0.08249
9631.53167,0.08283
9627.67443,0.08324
9623.81718,0.08339
9619.95994,0.08323
9616.10270,0.08294
9612.24546,0.08269
9608.38822,0.08242
9604.53098,0.08215
9600.67374,0.08206
9596.81649,0.08217
9592.95925,0.08241
9589.10201,0.08254
9585.24477,0.08231
9581.38753,0.08185
9577.53029,0.08144
9573.67305,0.08144
9569.81580,0.08204
9565.95856,0.08265
9562.10132,0.08257
9558.24408,0.08205
9554.38684,0.08187
9550.52960,0.08200
9546.67236,0.08195
9542.81512,0.08186
9538.95787,0.08182
9535.10063,0.08169
9531.24339,0.08164
9527.38615,0.08182
9523.52891,0.08197
9519.67167,0.08181
9515.81443,0.08150
9511.95718,0.08138
9508.09994,0.08139
9504.24270,0.08142
9500.38546,0.08163
9496.52822,0.08182
9492.67098,0.08163
9488.81374,0.08127
9484.95649,0.08109
9481.09925,0.08108
9477.24201,0.08117
9473.38477,0.08140
9469.52753,0.08160
9465.67029,0.08153
9461.81305,0.08138
9457.95581,0.08139
9454.09856,0.08133
9450.24132,0.08110
9446.38408,0.08098
9442.52684,0.08104
9438.66960,0.08101
9434.81236,0.08077
9430.95512,0.08061
9427.09787,0.08060
9423.24063,0.08050
9419.38339,0.08030
9415.52615,0.08031
9411.66891,0.08058
9407.81167,0.08076
9403.95443,0.08072
9400.09719,0.08064
9396.23994,0.08051
9392.38270,0.08031
9388.52546,0.08019
9384.66822,0.08019
9380.81098,0.08009
9376.95374,0.07985
9373.09650,0.07967
9369.23925,0.07978
9365.38201,0.08010
9361.52477,0.08037
9357.66753,0.08055
9353.81029,0.08072
9349.95305,0.08081
9346.09581,0.08068
9342.23856,0.08040
9338.38132,0.08015
9334.52408,0.08004
9330.66684,0.08008
9326.80960,0.08026
9322.95236,0.08034
9319.09512,0.08011
9315.23788,0.07974
9311.38063,0.07949
9307.52339,0.07953
9303.66615,0.07992
9299.80891,0.08024
9295.95167,0.08013
9292.09443,0.07978
9288.23719,0.07959
9284.37994,0.07972
9280.52270,0.07985
9276.66546,0.07971
9272.80822,0.07952
9268.95098,0.07944
9265.09374,0.07947
9261.23650,0.07965
9257.37925,0.07979
9253.52201,0.07964
9249.66477,0.07930
9245.80753,0.07913
9241.95029,0.07927
9238.09305,0.07951
9234.23581,0.07965
9230.37857,0.07968
9226.52132,0.07962
9222.66408,0.07972
9218.80684,0.08004
9214.94960,0.08015
9211.09236,0.07990
9207.23512,0.07975
9203.37788,0.07983
9199.52063,0.07980
9195.66339,0.07953
9191.80615,0.07909
9187.94891,0.07886
9184.09167,0.07906
9180.23443,0.07939
9176.37719,0.07964
9172.51995,0.07980
9168.66270,0.07980
9164.80546,0.07974
9160.94822,0.07967
9157.09098,0.07944
9153.23374,0.07918
9149.37650,0.07920
9145.51926,0.07943
9141.66201,0.07969
9137.80477,0.07996
9133.94753,0.08005
9130.09029,0.07984
9126.23305,0.07962
9122.37581,0.07957
9118.51857,0.07966
9114.66132,0.07990
9110.80408,0.08017
9106.94684,0.08031
9103.08960,0.08021
9099.23236,0.07998
9095.37512,0.07995
9091.51788,0.08028
9087.66064,0.08066
9083.80339,0.08071
9079.94615,0.08055
9076.08891,0.08058
9072.23167,0.08086
9068.37443,0.08100
9064.51719,0.08090
9060.65995,0.08092
9056.80270,0.08120
9052.94546,0.08146
9049.08822,0.08154
9045.23098,0.08161
9041.37374,0.08179
9037.51650,0.08200
9033.65926,0.08223
9029.80201,0.08246
9025.94477,0.08267
9022.08753,0.08287
9018.23029,0.08303
9014.37305,0.08319
9010.51581,0.08354
9006.65857,0.08408
9002.80133,0.08455
8998.94408,0.08488
8995.08684,0.08528
8991.22960,0.08577
8987.37236,0.08625
8983.51512,0.08681
8979.65788,0.08747
8975.80064,0.08806
8971.94339,0.08858
8968.08615,0.08914
8964.22891,0.08984
8960.37167,0.09079
8956.51443,0.09179
8952.65719,0.09254
8948.79995,0.09314
8944.94271,0.09382
8941.08546,0.09462
8937.22822,0.09572
8933.37098,0.09704
8929.51374,0.09822
8925.65650,0.09918
8921.79926,0.10009
8917.94202,0.10119
8914.08477,0.10262
8910.22753,0.10401
8906.37029,0.10524
8902.51305,0.10668
8898.65581,0.10828
8894.79857,0.10970
8890.94133,0.11095
8887.08408,0.11224
8883.22684,0.11356
8879.36960,0.11485
8875.51236,0.11612
8871.65512,0.11724
8867.79788,0.11802
8863.94064,0.11847
8860.08340,0.11865
8856.22615,0.11862
8852.36891,0.11851
8848.51167,0.11832
8844.65443,0.11791
8840.79719,0.11723
8836.93995,0.11652
8833.08271,0.11586
8829.22546,0.11514
8825.36822,0.11430
8821.51098,0.11326
8817.65374,0.11211
8813.79650,0.11093
8809.93926,0.10962
8806.08202,0.10823
8802.22477,0.10680
8798.36753,0.10546
8794.51029,0.10430
8790.65305,0.10323
8786.79581,0.10209
8782.93857,0.10088
8779.08133,0.09968
8775.22409,0.09863
8771.36684,0.09781
8767.50960,0.09726
8763.65236,0.09689
8759.79512,0.09642
8755.93788,0.09591
8752.08064,0.09555
8748.22340,0.09530
8744.36615,0.09514
8740.50891,0.09505
8736.65167,0.09485
8732.79443,0.09465
8728.93719,0.09463
8725.07995,0.09475
8721.22271,0.09492
8717.36547,0.09501
8713.50822,0.09508
8709.65098,0.09525
8705.79374,0.09554
8701.93650,0.09594
8698.07926,0.09632
8694.22202,0.09658
8690.36478,0.09672
8686.50753,0.09673
8682.65029,0.09680
8678.79305,0.09697
8674.93581,0.09716
8671.07857,0.09745
8667.22133,0.09779
8663.36409,0.09808
8659.50684,0.09840
8655.64960,0.09873
8651.79236,0.09906
8647.93512,0.09952
8644.07788,0.10006
8640.22064,0.10054
8636.36340,0.10097
8632.50616,0.10134
8628.64891,0.10163
8624.79167,0.10192
8620.93443,0.10224
8617.07719,0.10253
8613.21995,0.10276
8609.36271,0.10305
8605.50547,0.10351
8601.64822,0.10392
8597.79098,0.10419
8593.93374,0.10457
8590.07650,0.10507
8586.21926,0.10551
8582.36202,0.10596
8578.50478,0.10633
8574.64753,0.10651
8570.79029,0.10663
8566.93305,0.10689
8563.07581,0.10734
8559.21857,0.10782
8555.36133,0.10813
8551.50409,0.10833
8547.64685,0.10860
8543.78960,0.10898
8539.93236,0.10933
8536.07512,0.10952
8532.21788,0.10968
8528.36064,0.11004
8524.50340,0.11057
8520.64616,0.11101
8516.78891,0.11134
8512.93167,0.11159
8509.07443,0.11172
8505.21719,0.11180
8501.35995,0.11190
8497.50271,0.11191
8493.64547,0.11186
8489.78822,0.11191
8485.93098,0.11196
8482.07374,0.11194
8478.21650,0.11194
8474.35926,0.11195
8470.50202,0.11196
8466.64478,0.11197
8462.78754,0.11189
8458.93029,0.11175
8455.07305,0.11161
8451.21581,0.11137
8447.35857,0.11118
8443.50133,0.11116
8439.64409,0.11113
8435.78685,0.11100
8431.92960,0.11087
8428.07236,0.11085
8424.21512,0.11079
8420.35788,0.11059
8416.50064,0.11037
8412.64340,0.11026
8408.78616,0.11022
8404.92892,0.11011
8401.07167,0.10984
8397.21443,0.10948
8393.35719,0.10925
8389.49995,0.10923
8385.64271,0.10921
8381.78547,0.10898
8377.92823,0.10864
8374.07098,0.10839
8370.21374,0.10836
8366.35650,0.10842
8362.49926,0.10837
8358.64202,0.10826
8354.78478,0.10818
8350.92754,0.10812
8347.07029,0.10801
8343.21305,0.10783
8339.35581,0.10769
8335.49857,0.10763
8331.64133,0.10762
8327.78409,0.10763
8323.92685,0.10761
8320.06961,0.10743
8316.21236,0.10717
8312.35512,0.10708
8308.49788,0.10716
8304.64064,0.10725
8300.78340,0.10733
8296.92616,0.10736
8293.06892,0.10723
8289.21167,0.10705
8285.35443,0.10708
8281.49719,0.10731
8277.63995,0.10745
8273.78271,0.10740
8269.92547,0.10727
8266.06823,0.10718
8262.21098,0.10724
8258.35374,0.10745
8254.49650,0.10765
8250.63926,0.10765
8246.78202,0.10753
8242.92478,0.10752
8239.06754,0.10762
8235.21030,0.10768
8231.35305,0.10772
8227.49581,0.10778
8223.63857,0.10778
8219.78133,0.10767
8215.92409,0.10757
8212.06685,0.10755
8208.20961,0.10754
8204.35236,0.10737
8200.49512,0.10715
8196.63788,0.10714
8192.78064,0.10728
8188.92340,0.10727
8185.06616,0.10702
8181.20892,0.10669
8177.35168,0.10646
8173.49443,0.10621
8169.63719,0.10585
8165.77995,0.10565
8161.92271,0.10570
8158.06547,0.10568
8154.20823,0.10546
8150.35099,0.10523
8146.49374,0.10510
8142.63650,0.10498
8138.77926,0.10476
8134.92202,0.10460
8131.06478,0.10455
8127.20754,0.10438
8123.35030,0.10410
8119.49305,0.10389
8115.63581,0.10361
8111.77857,0.10322
8107.92133,0.10289
8104.06409,0.10269
8100.20685,0.10246
8096.34961,0.10218
8092.49237,0.10200
8088.63512,0.10188
8084.77788,0.10171
8080.92064,0.10151
8077.06340,0.10137
8073.20616,0.10124
8069.34892,0.10106
8065.49168,0.10082
8061.63443,0.10061
8057.77719,0.10048
8053.91995,0.10036
8050.06271,0.10021
8046.20547,0.10005
8042.34823,0.09991
8038.49099,0.09984
8034.63374,0.09979
8030.77650,0.09956
8026.91926,0.09921
8023.06202,0.09902
8019.20478,0.09898
8015.34754,0.09894
8011.49030,0.09889
8007.63306,0.09877
8003.77581,0.09858
7999.91857,0.09842
7996.06133,0.09833
7992.20409,0.09831
7988.34685,0.09828
7984.48961,0.09816
7980.63237,0.09805
7976.77512,0.09802
7972.91788,0.09802
7969.06064,0.09792
7965.20340,0.09775
7961.34616,0.09770
7957.48892,0.09768
7953.63168,0.09758
7949.77444,0.09750
7945.91719,0.09746
7942.05995,0.09739
7938.20271,0.09728
7934.34547,0.09718
7930.48823,0.09717
7926.63099,0.09723
7922.77375,0.09724
7918.91650,0.09719
7915.05926,0.09719
7911.20202,0.09722
7907.34478,0.09726
7903.48754,0.09735
7899.63030,0.09742
7895.77306,0.09739
7891.91581,0.09731
7888.05857,0.09733
7884.20133,0.09749
7880.34409,0.09765
7876.48685,0.09760
7872.62961,0.09744
7868.77237,0.09740
7864.91513,0.09743
7861.05788,0.09737
7857.20064,0.09720
7853.34340,0.09708
7849.48616,0.09700
7845.62892,0.09683
7841.77168,0.09673
7837.91444,0.09678
7834.05719,0.09675
7830.19995,0.09657
7826.34271,0.09642
7822.48547,0.09622
7818.62823,0.09594
7814.77099,0.09579
7810.91375,0.09581
7807.05650,0.09581
7803.19926,0.09572
7799.34202,0.09561
7795.48478,0.09537
7791.62754,0.09507
7787.77030,0.09499
7783.91306,0.09498
7780.05582,0.09481
7776.19857,0.09465
7772.34133,0.09457
7768.48409,0.09443
7764.62685,0.09431
7760.76961,0.09431
7756.91237,0.09422
7753.05513,0.09398
7749.19788,0.09377
7745.34064,0.09360
7741.48340,0.09338
7737.62616,0.09310
7733.76892,0.09286
7729.91168,0.09277
7726.05444,0.09270
7722.19720,0.09241
7718.33995,0.09196
7714.48271,0.09174
7710.62547,0.09188
7706.76823,0.09196
7702.91099,0.09179
7699.05375,0.09159
7695.19651,0.09147
7691.33926,0.09140
7687.48202,0.09136
7683.62478,0.09136
7679.76754,0.09142
7675.91030,0.09152
7672.05306,0.09157
7668.19582,0.09157
7664.33857,0.09162
7660.48133,0.09170
7656.62409,0.09177
7652.76685,0.09184
7648.90961,0.09194
7645.05237,0.09217
7641.19513,0.09240
7637.33789,0.09246
7633.48064,0.09236
7629.62340,0.09223
7625.76616,0.09221
7621.90892,0.09232
7618.05168,0.09248
7614.19444,0.09267
7610.33720,0.09291
7606.47995,0.09319
7602.62271,0.09330
7598.76547,0.09316
7594.90823,0.09307
7591.05099,0.09314
7587.19375,0.09320
7583.33651,0.09328
7579.47926,0.09349
7575.62202,0.09370
7571.76478,0.09379
7567.90754,0.09387
7564.05030,0.09411
7560.19306,0.09451
7556.33582,0.09501
7552.47858,0.09550
7548.62133,0.09593
7544.76409,0.09632
7540.90685,0.09658
7537.04961,0.09674
7533.19237,0.09696
7529.33513,0.09714
7525.47789,0.09720
7521.62064,0.09726
7517.76340,0.09736
7513.90616,0.09749
7510.04892,0.09770
7506.19168,0.09798
7502.33444,0.09828
7498.47720,0.09859
7494.61996,0.09896
7490.76271,0.09942
7486.90547,0.09982
7483.04823,0.10016
7479.19099,0.10062
7475.33375,0.10125
7471.47651,0.10182
7467.61927,0.10224
7463.76202,0.10274
7459.90478,0.10347
7456.04754,0.10438
7452.19030,0.10531
7448.33306,0.10612
7444.47582,0.10687
7440.61858,0.10766
7436.76133,0.10856
7432.90409,0.10962
7429.04685,0.11089
7425.18961,0.11224
7421.33237,0.11345
7417.47513,0.11450
7413.61789,0.11541
7409.76065,0.11624
7405.90340,0.11718
7402.04616,0.11831
7398.18892,0.11945
7394.33168,0.12055
7390.47444,0.12169
7386.61720,0.12290
7382.75996,0.12415
7378.90271,0.12542
7375.04547,0.12663
7371.18823,0.12780
7367.33099,0.12899
7363.47375,0.13013
7359.61651,0.13117
7355.75927,0.13214
7351.90202,0.13301
7348.04478,0.13387
7344.18754,0.13479
7340.33030,0.13565
7336.47306,0.13627
7332.61582,0.13676
7328.75858,0.13737
7324.90134,0.13797
7321.04409,0.13833
7317.18685,0.13860
7313.32961,0.13896
7309.47237,0.13926
7305.61513,0.13943
7301.75789,0.13961
7297.90065,0.13988
7294.04340,0.14014
7290.18616,0.14033
7286.32892,0.14057
7282.47168,0.14095
7278.61444,0.14128
7274.75720,0.14148
7270.89996,0.14175
7267.04272,0.14220
7263.18547,0.14265
7259.32823,0.14301
7255.47099,0.14333
7251.61375,0.14365
7247.75651,0.14394
7243.89927,0.14419
7240.04203,0.14446
7236.18478,0.14473
7232.32754,0.14487
7228.47030,0.14493
7224.61306,0.14508
7220.75582,0.14533
7216.89858,0.14559
7213.04134,0.14579
7209.18409,0.14594
7205.32685,0.14614
7201.46961,0.14639
7197.61237,0.14659
7193.75513,0.14672
7189.89789,0.14684
7186.04065,0.14704
7182.18341,0.14734
7178.32616,0.14776
7174.46892,0.14826
7170.61168,0.14889
7166.75444,0.14959
7162.89720,0.15028
7159.03996,0.15102
7155.18272,0.15181
7151.32547,0.15268
7147.46823,0.15373
7143.61099,0.15495
7139.75375,0.15622
7135.89651,0.15746
7132.03927,0.15861
7128.18203,0.15967
7124.32478,0.16074
7120.46754,0.16182
7116.61030,0.16294
7112.75306,0.16410
7108.89582,0.16533
7105.03858,0.16661
7101.18134,0.16792
7097.32410,0.16932
7093.46685,0.17078
7089.60961,0.17225
7085.75237,0.17378
7081.89513,0.17540
7078.03789,0.17705
7074.18065,0.17874
7070.32341,0.18050
7066.46616,0.18228
7062.60892,0.18395
7058.75168,0.18553
7054.89444,0.18714
7051.03720,0.18879
7047.17996,0.19040
7043.32272,0.19196
7039.46548,0.19351
7035.60823,0.19504
7031.75099,0.19646
7027.89375,0.19776
7024.03651,0.19905
7020.17927,0.20026
7016.32203,0.20135
7012.46479,0.20236
7008.60754,0.20334
7004.75030,0.20434
7000.89306,0.20535
6997.03582,0.20631
6993.17858,0.20723
6989.32134,0.20812
6985.46410,0.20893
6981.60685,0.20966
6977.74961,0.21033
6973.89237,0.21096
6970.03513,0.21159
6966.17789,0.21226
6962.32065,0.21290
6958.46341,0.21341
6954.60617,0.21382
6950.74892,0.21421
6946.89168,0.21463
6943.03444,0.21505
6939.17720,0.21545
6935.31996,0.21586
6931.46272,0.21629
6927.60548,0.21676
6923.74823,0.21729
6919.89099,0.21781
6916.03375,0.21819
6912.17651,0.21847
6908.31927,0.21875
6904.46203,0.21910
6900.60479,0.21952
6896.74754,0.22001
6892.89030,0.22050
6889.03306,0.22099
6885.17582,0.22149
6881.31858,0.22198
6877.46134,0.22250
6873.60410,0.22309
6869.74686,0.22371
6865.88961,0.22441
6862.03237,0.22519
6858.17513,0.22593
6854.31789,0.22659
6850.46065,0.22729
6846.60341,0.22801
6842.74617,0.22868
6838.88892,0.22931
6835.03168,0.22997
6831.17444,0.23067
6827.31720,0.23144
6823.45996,0.23231
6819.60272,0.23319
6815.74548,0.23396
6811.88824,0.23467
6808.03099,0.23550
6804.17375,0.23648
6800.31651,0.23747
6796.45927,0.23834
6792.60203,0.23916
6788.74479,0.24004
6784.88755,0.24091
6781.03030,0.24174
6777.17306,0.24258
6773.31582,0.24345
6769.45858,0.24425
6765.60134,0.24494
6761.74410,0.24557
6757.88686,0.24611
6754.02961,0.24656
6750.17237,0.24698
6746.31513,0.24737
6742.45789,0.24762
6738.60065,0.24777
6734.74341,0.24793
6730.88617,0.24813
6727.02893,0.24828
6723.17168,0.24836
6719.31444,0.24845
6715.45720,0.24858
6711.59996,0.24870
6707.74272,0.24876
6703.88548,0.24875
6700.02824,0.24869
6696.17099,0.24864
6692.31375,0.24859
6688.45651,0.24850
6684.59927,0.24844
6680.74203,0.24837
6676.88479,0.24822
6673.02755,0.24800
6669.17030,0.24775
6665.31306,0.24740
6661.45582,0.24704
6657.59858,0.24675
6653.74134,0.24644
6649.88410,0.24601
6646.02686,0.24552
6642.16962,0.24509
6638.31237,0.24468
6634.45513,0.24421
6630.59789,0.24369
6626.74065,0.24319
6622.88341,0.24266
6619.02617,0.24206
6615.16893,0.24145
6611.31168,0.24088
6607.45444,0.24037
6603.59720,0.23993
6599.73996,0.23955
6595.88272,0.23919
6592.02548,0.23882
6588.16824,0.23843
6584.31100,0.23810
6580.45375,0.23787
6576.59651,0.23767
6572.73927,0.23749
6568.88203,0.23740
6565.02479,0.23741
6561.16755,0.23746
6557.31031,0.23754
6553.45306,0.23764
6549.59582,0.23776
6545.73858,0.23787
6541.88134,0.23794
6538.02410,0.23802
6534.16686,0.23819
6530.30962,0.23835
6526.45237,0.23848
6522.59513,0.23866
6518.73789,0.23887
6514.88065,0.23902
6511.02341,0.23914
6507.16617,0.23927
6503.30893,0.23937
6499.45169,0.23948
6495.59444,0.23963
6491.73720,0.23978
6487.87996,0.23982
6484.02272,0.23972
6480.16548,0.23954
6476.30824,0.23940
6472.45100,0.23930
6468.59375,0.23915
6464.73651,0.23898
6460.87927,0.23883
6457.02203,0.23868
6453.16479,0.23849
6449.30755,0.23820
6445.45031,0.23788
6441.59306,0.23763
6437.73582,0.23732
6433.87858,0.23689
6430.02134,0.23649
6426.16410,0.23617
6422.30686,0.23586
6418.44962,0.23554
6414.59238,0.23520
6410.73513,0.23482
6406.87789,0.23447
6403.02065,0.23424
6399.16341,0.23409
6395.30617,0.23390
6391.44893,0.23366
6387.59169,0.23343
6383.73444,0.23326
6379.87720,0.23310
6376.01996,0.23295
6372.16272,0.23281
6368.30548,0.23259
6364.44824,0.23231
6360.59100,0.23206
6356.73376,0.23189
6352.87651,0.23176
6349.01927,0.23161
6345.16203,0.23148
6341.30479,0.23150
6337.44755,0.23161
6333.59031,0.23164
6329.73307,0.23155
6325.87582,0.23147
6322.01858,0.23145
6318.16134,0.23143
6314.30410,0.23135
6310.44686,0.23124
6306.58962,0.23112
6302.73238,0.23095
6298.87513,0.23069
6295.01789,0.23034
6291.16065,0.22989
6287.30341,0.22941
6283.44617,0.22892
6279.58893,0.22834
6275.73169,0.22763
6271.87445,0.22685
6268.01720,0.22604
6264.15996,0.22520
6260.30272,0.22438
6256.44548,0.22360
6252.58824,0.22279
6248.73100,0.22190
6244.87376,0.22100
6241.01651,0.22009
6237.15927,0.21908
6233.30203,0.21798
6229.44479,0.21697
6225.58755,0.21611
6221.73031,0.21533
6217.87307,0.21466
6214.01582,0.21432
6210.15858,0.21436
6206.30134,0.21471
6202.44410,0.21520
6198.58686,0.21553
6194.72962,0.21531
6190.87238,0.21446
6187.01514,0.21315
6183.15789,0.21165
6179.30065,0.21020
6175.44341,0.20901
6171.58617,0.20816
6167.72893,0.20765
6163.87169,0.20745
6160.01445,0.20755
6156.15720,0.20793
6152.29996,0.20854
6148.44272,0.20913
6144.58548,0.20943
6140.72824,0.20940
6136.87100,0.20915
6133.01376,0.20877
6129.15652,0.20855
6125.29927,0.20882
6121.44203,0.20976
6117.58479,0.21145
6113.72755,0.21395
6109.87031,0.21728
6106.01307,0.22131
6102.15583,0.22583
6098.29858,0.23068
6094.44134,0.23575
6090.58410,0.24083
6086.72686,0.24564
6082.86962,0.25010
6079.01238,0.25436
6075.15514,0.25890
6071.29789,0.26425
6067.44065,0.27063
6063.58341,0.27766
6059.72617,0.28456
6055.86893,0.29073
6052.01169,0.29603
6048.15445,0.30071
6044.29721,0.30531
6040.43996,0.31033
6036.58272,0.31601
6032.72548,0.32204
6028.86824,0.32762
6025.01100,0.33187
6021.15376,0.33415
6017.29652,0.33391
6013.43927,0.33084
6009.58203,0.32522
6005.72479,0.31779
6001.86755,0.30955
5998.01031,0.30152
5994.15307,0.29450
5990.29583,0.28896
5986.43858,0.28504
5982.58134,0.28245
5978.72410,0.28040
5974.86686,0.27786
5971.00962,0.27429
5967.15238,0.27003
5963.29514,0.26603
5959.43790,0.26304
5955.58065,0.26123
5951.72341,0.26038
5947.86617,0.26003
5944.00893,0.25948
5940.15169,0.25800
5936.29445,0.25522
5932.43721,0.25133
5928.57996,0.24690
5924.72272,0.24245
5920.86548,0.23829
5917.00824,0.23458
5913.15100,0.23145
5909.29376,0.22916
5905.43652,0.22792
5901.57927,0.22786
5897.72203,0.22891
5893.86479,0.23089
5890.00755,0.23350
5886.15031,0.23635
5882.29307,0.23910
5878.43583,0.24158
5874.57859,0.24381
5870.72134,0.24581
5866.86410,0.24740
5863.00686,0.24828
5859.14962,0.24828
5855.29238,0.24756
5851.43514,0.24652
5847.57790,0.24553
5843.72065,0.24477
5839.86341,0.24426
5836.00617,0.24397
5832.14893,0.24389
5828.29169,0.24401
5824.43445,0.24431
5820.57721,0.24471
5816.71997,0.24512
5812.86272,0.24538
5809.00548,0.24540
5805.14824,0.24520
5801.29100,0.24488
5797.43376,0.24452
5793.57652,0.24418
5789.71928,0.24387
5785.86203,0.24357
5782.00479,0.24325
5778.14755,0.24288
5774.29031,0.24238
5770.43307,0.24167
5766.57583,0.24074
5762.71859,0.23956
5758.86134,0.23814
5755.00410,0.23647
5751.14686,0.23464
5747.28962,0.23271
5743.43238,0.23072
5739.57514,0.22874
5735.71790,0.22694
5731.86066,0.22540
5728.00341,0.22419
5724.14617,0.22347
5720.28893,0.22328
5716.43169,0.22344
5712.57445,0.22370
5708.71721,0.22386
5704.85997,0.22387
5701.00272,0.22376
5697.14548,0.22350
5693.28824,0.22310
5689.43100,0.22267
5685.57376,0.22227
5681.71652,0.22195
5677.85928,0.22179
5674.00203,0.22186
5670.14479,0.22217
5666.28755,0.22261
5662.43031,0.22307
5658.57307,0.22350
5654.71583,0.22376
5650.85859,0.22365
5647.00135,0.22315
5643.14410,0.22232
5639.28686,0.22123
5635.42962,0.22012
5631.57238,0.21915
5627.71514,0.21832
5623.85790,0.21756
5620.00066,0.21697
5616.14341,0.21660
5612.28617,0.21643
5608.42893,0.21646
5604.57169,0.21670
5600.71445,0.21706
5596.85721,0.21742
5592.99997,0.21780
5589.14273,0.21830
5585.28548,0.21894
5581.42824,0.21964
5577.57100,0.22037
5573.71376,0.22105
5569.85652,0.22157
5565.99928,0.22191
5562.14204,0.22204
5558.28479,0.22200
5554.42755,0.22190
5550.57031,0.22186
5546.71307,0.22187
5542.85583,0.22185
5538.99859,0.22181
5535.14135,0.22179
5531.28410,0.22174
5527.42686,0.22155
5523.56962,0.22124
5519.71238,0.22089
5515.85514,0.22051
5511.99790,0.22019
5508.14066,0.21999
5504.28342,0.21995
5500.42617,0.22015
5496.56893,0.22063
5492.71169,0.22126
5488.85445,0.22192
5484.99721,0.22250
5481.13997,0.22284
5477.28273,0.22283
5473.42548,0.22247
5469.56824,0.22189
5465.71100,0.22113
5461.85376,0.22018
5457.99652,0.21914
5454.13928,0.21800
5450.28204,0.21666
5446.42479,0.21507
5442.56755,0.21337
5438.71031,0.21168
5434.85307,0.21009
5430.99583,0.20863
5427.13859,0.20737
5423.28135,0.20640
5419.42411,0.20568
5415.56686,0.20512
5411.70962,0.20473
5407.85238,0.20449
5403.99514,0.20430
5400.13790,0.20409
5396.28066,0.20383
5392.42342,0.20356
5388.56617,0.20342
5384.70893,0.20345
5380.85169,0.20359
5376.99445,0.20383
5373.13721,0.20415
5369.27997,0.20452
5365.42273,0.20496
5361.56549,0.20549
5357.70824,0.20607
5353.85100,0.20654
5349.99376,0.20686
5346.13652,0.20712
5342.27928,0.20739
5338.42204,0.20766
5334.56480,0.20794
5330.70755,0.20834
5326.85031,0.20896
5322.99307,0.20989
5319.13583,0.21109
5315.27859,0.21256
5311.42135,0.21438
5307.56411,0.21661
5303.70686,0.21915
5299.84962,0.22191
5295.99238,0.22492
5292.13514,0.22835
5288.27790,0.23235
5284.42066,0.23691
5280.56342,0.24199
5276.70618,0.24746
5272.84893,0.25313
5268.99169,0.25887
5265.13445,0.26465
5261.27721,0.27020
5257.41997,0.27515
5253.56273,0.27951
5249.70549,0.28340
5245.84824,0.28696
5241.99100,0.29017
5238.13376,0.29288
5234.27652,0.29515
5230.41928,0.29717
5226.56204,0.29896
5222.70480,0.30046
5218.84755,0.30169
5214.99031,0.30268
5211.13307,0.30350
5207.27583,0.30426
5203.41859,0.30499
5199.56135,0.30558
5195.70411,0.30600
5191.84687,0.30633
5187.98962,0.30663
5184.13238,0.30687
5180.27514,0.30699
5176.41790,0.30696
5172.56066,0.30685
5168.70342,0.30672
5164.84618,0.30658
5160.98893,0.30643
5157.13169,0.30628
5153.27445,0.30611
5149.41721,0.30590
5145.55997,0.30567
5141.70273,0.30544
5137.84549,0.30523
5133.98825,0.30507
5130.13100,0.30497
5126.27376,0.30486
5122.41652,0.30447
5118.55928,0.30347
5114.70204,0.30161
5110.84480,0.29894
5106.98756,0.29582
5103.13031,0.29263
5099.27307,0.28956
5095.41583,0.28671
5091.55859,0.28406
5087.70135,0.28160
5083.84411,0.27936
5079.98687,0.27738
5076.12962,0.27558
5072.27238,0.27386
5068.41514,0.27221
5064.55790,0.27070
5060.70066,0.26928
5056.84342,0.26789
5052.98618,0.26659
5049.12894,0.26551
5045.27169,0.26457
5041.41445,0.26365
5037.55721,0.26277
5033.69997,0.26194
5029.84273,0.26115
5025.98549,0.26046
5022.12825,0.25988
5018.27100,0.25933
5014.41376,0.25879
5010.55652,0.25825
5006.69928,0.25766
5002.84204,0.25703
4998.98480,0.25640
4995.12756,0.25585
4991.27031,0.25542
4987.41307,0.25517
4983.55583,0.25512
4979.69859,0.25527
4975.84135,0.25559
4971.98411,0.25607
4968.12687,0.25682
4964.26963,0.25787
4960.41238,0.25916
4956.55514,0.26063
4952.69790,0.26232
4948.84066,0.26420
4944.98342,0.26618
4941.12618,0.26830
4937.26894,0.27057
4933.41169,0.27288
4929.55445,0.27525
4925.69721,0.27777
4921.83997,0.28047
4917.98273,0.28331
4914.12549,0.28627
4910.26825,0.28937
4906.41101,0.29263
4902.55376,0.29602
4898.69652,0.29947
4894.83928,0.30303
4890.98204,0.30672
4887.12480,0.31048
4883.26756,0.31425
4879.41032,0.31804
4875.55307,0.32180
4871.69583,0.32545
4867.83859,0.32895
4863.98135,0.33229
4860.12411,0.33552
4856.26687,0.33871
4852.40963,0.34195
4848.55238,0.34536
4844.69514,0.34909
4840.83790,0.35319
4836.98066,0.35759
4833.12342,0.36204
4829.26618,0.36645
4825.40894,0.37081
4821.55170,0.37502
4817.69445,0.37886
4813.83721,0.38236
4809.97997,0.38562
4806.12273,0.38867
4802.26549,0.39137
4798.40825,0.39360
4794.55101,0.39532
4790.69376,0.39650
4786.83652,0.39717
4782.97928,0.39761
4779.12204,0.39799
4775.26480,0.39832
4771.40756,0.39879
4767.55032,0.39968
4763.69307,0.40106
4759.83583,0.40293
4755.97859,0.40523
4752.12135,0.40784
4748.26411,0.41049
4744.40687,0.41294
4740.54963,0.41522
4736.69239,0.41774
4732.83514,0.42101
4728.97790,0.42517
4725.12066,0.42953
4721.26342,0.43288
4717.40618,0.43453
4713.54894,0.43500
4709.69170,0.43584
4705.83445,0.43853
4701.97721,0.44349
4698.11997,0.44963
4694.26273,0.45471
4690.40549,0.45640
4686.54825,0.45351
4682.69101,0.44644
4678.83377,0.43681
4674.97652,0.42683
4671.11928,0.41844
4667.26204,0.41252
4663.40480,0.40886
4659.54756,0.40679
4655.69032,0.40615
4651.83308,0.40740
4647.97583,0.41096
4644.11859,0.41629
4640.26135,0.42163
4636.40411,0.42447
4632.54687,0.42266
4628.68963,0.41567
4624.83239,0.40510
4620.97514,0.39391
4617.11790,0.38445
4613.26066,0.37764
4609.40342,0.37355
4605.54618,0.37196
4601.68894,0.37271
4597.83170,0.37538
4593.97446,0.37866
4590.11721,0.38139
4586.25997,0.38360
4582.40273,0.38496
4578.54549,0.38361
4574.68825,0.37806
4570.83101,0.36933
4566.97377,0.36012
4563.11652,0.35281
4559.25928,0.34816
4555.40204,0.34561
4551.54480,0.34422
4547.68756,0.34330
4543.83032,0.34255
4539.97308,0.34196
4536.11583,0.34163
4532.25859,0.34170
4528.40135,0.34227
4524.54411,0.34336
4520.68687,0.34509
4516.82963,0.34763
4512.97239,0.35113
4509.11515,0.35587
4505.25790,0.36227
4501.40066,0.37057
4497.54342,0.38032
4493.68618,0.39029
4489.82894,0.39903
4485.97170,0.40591
4482.11446,0.41172
4478.25721,0.41812
4474.39997,0.42671
4470.54273,0.43858
4466.68549,0.45370
4462.82825,0.46973
4458.97101,0.48251
4455.11377,0.48977
4451.25653,0.49354
4447.39928,0.49734
4443.54204,0.50262
4439.68480,0.50849
4435.82756,0.51318
4431.97032,0.51506
4428.11308,0.51331
4424.25584,0.50876
4420.39859,0.50381
4416.54135,0.50080
4412.68411,0.50057
4408.82687,0.50219
4404.96963,0.50355
4401.11239,0.50282
4397.25515,0.49968
4393.39790,0.49504
4389.54066,0.49002
4385.68342,0.48544
4381.82618,0.48175
4377.96894,0.47905
4374.11170,0.47738
4370.25446,0.47693
4366.39722,0.47773
4362.53997,0.47929
4358.68273,0.48093
4354.82549,0.48245
4350.96825,0.48419
4347.11101,0.48661
4343.25377,0.48972
4339.39653,0.49290
4335.53928,0.49551
4331.68204,0.49760
4327.82480,0.49962
4323.96756,0.50202
4320.11032,0.50496
4316.25308,0.50855
4312.39584,0.51305
4308.53859,0.51851
4304.68135,0.52455
4300.82411,0.53047
4296.96687,0.53553
4293.10963,0.53920
4289.25239,0.54116
4285.39515,0.54146
4281.53791,0.54077
4277.68066,0.53974
4273.82342,0.53835
4269.96618,0.53630
4266.10894,0.53375
4262.25170,0.53134
4258.39446,0.52976
4254.53722,0.52935
4250.67997,0.52976
4246.82273,0.53008
4242.96549,0.52954
4239.10825,0.52809
4235.25101,0.52642
4231.39377,0.52526
4227.53653,0.52437
4223.67929,0.52282
4219.82204,0.52016
4215.96480,0.51687
4212.10756,0.51370
4208.25032,0.51102
4204.39308,0.50876
4200.53584,0.50694
4196.67860,0.50599
4192.82135,0.50654
4188.96411,0.50916
4185.10687,0.51374
4181.24963,0.51852
4177.39239,0.52065
4173.53515,0.51839
4169.67791,0.51254
4165.82066,0.50552
4161.96342,0.49956
4158.10618,0.49568
4154.24894,0.49389
4150.39170,0.49397
4146.53446,0.49583
4142.67722,0.49940
4138.81998,0.50416
4134.96273,0.50890
4131.10549,0.51264
4127.24825,0.51550
4123.39101,0.51840
4119.53377,0.52230
4115.67653,0.52787
4111.81929,0.53547
4107.96204,0.54535
4104.10480,0.55813
4100.24756,0.57485
4096.39032,0.59438
4092.53308,0.61064
4088.67584,0.61659
4084.81860,0.61145
4080.96135,0.59973
4077.10411,0.58635
4073.24687,0.57509
4069.38963,0.56775
4065.53239,0.56399
4061.67515,0.56267
4057.81791,0.56294
4053.96067,0.56433
4050.10342,0.56629
4046.24618,0.56817
4042.38894,0.56946
4038.53170,0.57013
4034.67446,0.57051
4030.81722,0.57091
4026.95998,0.57134
4023.10273,0.57150
4019.24549,0.57124
4015.38825,0.57060
4011.53101,0.56940
4007.67377,0.56751
4003.81653,0.56507
3999.95929,0.56237
3996.10205,0.55946
3992.24480,0.55649
3988.38756,0.55383
3984.53032,0.55166
3980.67308,0.54984
3976.81584,0.54827
3972.95860,0.54684
3969.10136,0.54509
3965.24411,0.54263
3961.38687,0.53960
3957.52963,0.53651
3953.67239,0.53356
3949.81515,0.53062
3945.95791,0.52769
3942.10067,0.52482
3938.24342,0.52215
3934.38618,0.51979
3930.52894,0.51775
3926.67170,0.51597
3922.81446,0.51422
3918.95722,0.51221
3915.09998,0.50996
3911.24274,0.50756
3907.38549,0.50476
3903.52825,0.50119
3899.67101,0.49724
3895.81377,0.49372
3891.95653,0.49059
3888.09929,0.48785
3884.24205,0.48569
3880.38480,0.48399
3876.52756,0.48225
3872.67032,0.47968
3868.81308,0.47616
3864.95584,0.47260
3861.09860,0.46968
3857.24136,0.46708
3853.38411,0.46432
3849.52687,0.46212
3845.66963,0.46063
3841.81239,0.45930
3837.95515,0.45830
3834.09791,0.45771
3830.24067,0.45726
3826.38343,0.45709
3822.52618,0.45793
3818.66894,0.46061
3814.81170,0.46423
3810.95446,0.46697
3807.09722,0.46818
3803.23998,0.46760
3799.38274,0.46551
3795.52549,0.46320
3791.66825,0.46159
3787.81101,0.46094
3783.95377,0.46136
3780.09653,0.46281
3776.23929,0.46487
3772.38205,0.46722
3768.52481,0.47016
3764.66756,0.47357
3760.81032,0.47636
3756.95308,0.47724
3753.09584,0.47544
3749.23860,0.47204
3745.38136,0.47015
3741.52412,0.47112
3737.66687,0.47431
3733.80963,0.47873
3729.95239,0.48162
3726.09515,0.48225
3722.23791,0.48271
3718.38067,0.48450
3714.52343,0.48814
3710.66618,0.49484
3706.80894,0.50418
3702.95170,0.51509
3699.09446,0.52798
3695.23722,0.54273
3691.37998,0.56160
3687.52274,0.58324
3683.66550,0.59811
3679.80825,0.60706
3675.95101,0.61744
3672.09377,0.63334
3668.23653,0.65204
3664.37929,0.67001
3660.52205,0.68721
3656.66481,0.70418
3652.80756,0.72128
3648.95032,0.74121
3645.09308,0.76178
3641.23584,0.77666
3637.37860,0.78760
3633.52136,0.79639
3629.66412,0.80451
3625.80687,0.81472
3621.94963,0.82470
3618.09239,0.83316
3614.23515,0.83941
3610.37791,0.84435
3606.52067,0.84992
3602.66343,0.85654
3598.80619,0.86482
