12493.60475,0.10876
12489.74751,0.10578
12485.89027,0.10334
12482.03303,0.10390
12478.17579,0.10577
12474.31855,0.10566
12470.46130,0.10369
12466.60406,0.10265
12462.74682,0.10299
12458.88958,0.10297
12455.03234,0.10208
12451.17510,0.10200
12447.31786,0.10313
12443.46062,0.10422
12439.60337,0.10565
12435.74613,0.10726
12431.88889,0.10788
12428.03165,0.10845
12424.17441,0.11000
12420.31717,0.11162
12416.45993,0.11130
12412.60268,0.10879
12408.74544,0.10669
12404.88820,0.10646
12401.03096,0.10760
12397.17372,0.10795
12393.31648,0.10500
12389.45924,0.10173
12385.60199,0.10295
12381.74475,0.10689
12377.88751,0.10814
12374.03027,0.10629
12370.17303,0.10457
12366.31579,0.10393
12362.45855,0.10462
12358.60131,0.10637
12354.74406,0.10695
12350.88682,0.10644
12347.02958,0.10682
12343.17234,0.10771
12339.31510,0.10750
12335.45786,0.10634
12331.60062,0.10618
12327.74337,0.10684
12323.88613,0.10634
12320.02889,0.10583
12316.17165,0.10711
12312.31441,0.10833
12308.45717,0.10746
12304.59993,0.10587
12300.74268,0.10570
12296.88544,0.10578
12293.02820,0.10388
12289.17096,0.10126
12285.31372,0.10139
12281.45648,0.10473
12277.59924,0.10717
12273.74200,0.10702
12269.88475,0.10686
12266.02751,0.10704
12262.17027,0.10702
12258.31303,0.10805
12254.45579,0.10977
12250.59855,0.11073
12246.74131,0.11072
12242.88406,0.10962
12239.02682,0.10713
12235.16958,0.10416
12231.31234,0.10297
12227.45510,0.10395
12223.59786,0.10443
12219.74062,0.10406
12215.88338,0.10483
12212.02613,0.10574
12208.16889,0.10560
12204.31165,0.10539
12200.45441,0.10493
12196.59717,0.10389
12192.73993,0.10345
12188.88269,0.10339
12185.02544,0.10274
12181.16820,0.10308
12177.31096,0.10504
12173.45372,0.10612
12169.59648,0.10538
12165.73924,0.10495
12161.88200,0.10560
12158.02475,0.10507
12154.16751,0.10372
12150.31027,0.10500
12146.45303,0.10776
12142.59579,0.10855
12138.73855,0.10716
12134.88131,0.10479
12131.02407,0.10332
12127.16682,0.10305
12123.30958,0.10215
12119.45234,0.10135
12115.59510,0.10242
12111.73786,0.10439
12107.88062,0.10551
12104.02338,0.10573
12100.16613,0.10570
12096.30889,0.10520
12092.45165,0.10485
12088.59441,0.10593
12084.73717,0.10738
12080.87993,0.10671
12077.02269,0.10438
12073.16544,0.10265
12069.30820,0.10114
12065.45096,0.09911
12061.59372,0.09821
12057.73648,0.09922
12053.87924,0.10084
12050.02200,0.10189
12046.16476,0.10253
12042.30751,0.10386
12038.45027,0.10544
12034.59303,0.10553
12030.73579,0.10540
12026.87855,0.10638
12023.02131,0.10535
12019.16407,0.10279
12015.30682,0.10298
12011.44958,0.10474
12007.59234,0.10536
12003.73510,0.10516
11999.87786,0.10458
11996.02062,0.10448
11992.16338,0.10546
11988.30614,0.10637
11984.44889,0.10563
11980.59165,0.10404
11976.73441,0.10419
11972.87717,0.10563
11969.01993,0.10625
11965.16269,0.10612
11961.30545,0.10638
11957.44820,0.10758
11953.59096,0.10842
11949.73372,0.10713
11945.87648,0.10579
11942.01924,0.10768
11938.16200,0.11047
11934.30476,0.11037
11930.44751,0.10930
11926.59027,0.10993
11922.73303,0.11039
11918.87579,0.10949
11915.01855,0.10891
11911.16131,0.10847
11907.30407,0.10678
11903.44683,0.10541
11899.58958,0.10686
11895.73234,0.10942
11891.87510,0.10969
11888.01786,0.10826
11884.16062,0.10750
11880.30338,0.10776
11876.44614,0.10853
11872.58889,0.10898
11868.73165,0.10858
11864.87441,0.10863
11861.01717,0.10970
11857.15993,0.11034
11853.30269,0.10987
11849.44545,0.10934
11845.58820,0.11027
11841.73096,0.11237
11837.87372,0.11345
11834.01648,0.11256
11830.15924,0.11124
11826.30200,0.11134
11822.44476,0.11240
11818.58752,0.11297
11814.73027,0.11281
11810.87303,0.11172
11807.01579,0.10961
11803.15855,0.10783
11799.30131,0.10759
11795.44407,0.10825
11791.58683,0.10871
11787.72958,0.10889
11783.87234,0.10878
11780.01510,0.10802
11776.15786,0.10767
11772.30062,0.10941
11768.44338,0.11211
11764.58614,0.11290
11760.72890,0.11151
11756.87165,0.11052
11753.01441,0.11089
11749.15717,0.11105
11745.29993,0.11075
11741.44269,0.11075
11737.58545,0.11113
11733.72821,0.11150
11729.87096,0.11094
11726.01372,0.11019
11722.15648,0.11103
11718.29924,0.11249
11714.44200,0.11261
11710.58476,0.11205
11706.72752,0.11233
11702.87027,0.11281
11699.01303,0.11237
11695.15579,0.11143
11691.29855,0.11028
11687.44131,0.10918
11683.58407,0.10906
11679.72683,0.10951
11675.86959,0.10935
11672.01234,0.10965
11668.15510,0.11132
11664.29786,0.11235
11660.44062,0.11189
11656.58338,0.11163
11652.72614,0.11168
11648.86890,0.11084
11645.01165,0.10916
11641.15441,0.10753
11637.29717,0.10648
11633.43993,0.10592
11629.58269,0.10588
11625.72545,0.10676
11621.86821,0.10841
11618.01096,0.10957
11614.15372,0.10879
11610.29648,0.10763
11606.43924,0.10847
11602.58200,0.10997
11598.72476,0.11006
11594.86752,0.10914
11591.01028,0.10871
11587.15303,0.10924
11583.29579,0.10994
11579.43855,0.11020
11575.58131,0.10990
11571.72407,0.10939
11567.86683,0.10866
11564.00959,0.10720
11560.15234,0.10600
11556.29510,0.10689
11552.43786,0.10941
11548.58062,0.11072
11544.72338,0.10949
11540.86614,0.10812
11537.00890,0.10906
11533.15166,0.11106
11529.29441,0.11149
11525.43717,0.11045
11521.57993,0.11002
11517.72269,0.11025
11513.86545,0.10955
11510.00821,0.10843
11506.15097,0.10891
11502.29372,0.11061
11498.43648,0.11060
11494.57924,0.10811
11490.72200,0.10659
11486.86476,0.10819
11483.00752,0.11042
11479.15028,0.11083
11475.29303,0.11017
11471.43579,0.10925
11467.57855,0.10791
11463.72131,0.10685
11459.86407,0.10669
11456.00683,0.10713
11452.14959,0.10764
11448.29235,0.10729
11444.43510,0.10582
11440.57786,0.10458
11436.72062,0.10466
11432.86338,0.10553
11429.00614,0.10656
11425.14890,0.10705
11421.29166,0.10638
11417.43441,0.10537
11413.57717,0.10527
11409.71993,0.10636
11405.86269,0.10763
11402.00545,0.10812
11398.14821,0.10781
11394.29097,0.10706
11390.43372,0.10660
11386.57648,0.10715
11382.71924,0.10817
11378.86200,0.10801
11375.00476,0.10624
11371.14752,0.10464
11367.29028,0.10423
11363.43304,0.10467
11359.57579,0.10649
11355.71855,0.10911
11351.86131,0.10981
11348.00407,0.10847
11344.14683,0.10737
11340.28959,0.10676
11336.43235,0.10616
11332.57510,0.10578
11328.71786,0.10560
11324.86062,0.10604
11321.00338,0.10695
11317.14614,0.10682
11313.28890,0.10564
11309.43166,0.10506
11305.57442,0.10566
11301.71717,0.10666
11297.85993,0.10693
11294.00269,0.10618
11290.14545,0.10601
11286.28821,0.10749
11282.43097,0.10900
11278.57373,0.10905
11274.71648,0.10861
11270.85924,0.10831
11267.00200,0.10721
11263.14476,0.10626
11259.28752,0.10672
11255.43028,0.10689
11251.57304,0.10629
11247.71579,0.10632
11243.85855,0.10628
11240.00131,0.10576
11236.14407,0.10556
11232.28683,0.10534
11228.42959,0.10501
11224.57235,0.10515
11220.71511,0.10544
11216.85786,0.10556
11213.00062,0.10559
11209.14338,0.10554
11205.28614,0.10529
11201.42890,0.10456
11197.57166,0.10387
11193.71442,0.10403
11189.85717,0.10480
11185.99993,0.10515
11182.14269,0.10463
11178.28545,0.10377
11174.42821,0.10340
11170.57097,0.10424
11166.71373,0.10580
11162.85648,0.10667
11158.99924,0.10658
11155.14200,0.10644
11151.28476,0.10642
11147.42752,0.10583
11143.57028,0.10506
11139.71304,0.10529
11135.85580,0.10644
11131.99855,0.10728
11128.14131,0.10691
11124.28407,0.10544
11120.42683,0.10379
11116.56959,0.10309
11112.71235,0.10379
11108.85511,0.10519
11104.99786,0.10619
11101.14062,0.10641
11097.28338,0.10639
11093.42614,0.10597
11089.56890,0.10509
11085.71166,0.10535
11081.85442,0.10659
11077.99718,0.10685
11074.13993,0.10639
11070.28269,0.10626
11066.42545,0.10625
11062.56821,0.10621
11058.71097,0.10592
11054.85373,0.10538
11050.99649,0.10530
11047.13924,0.10546
11043.28200,0.10557
11039.42476,0.10603
11035.56752,0.10615
11031.71028,0.10557
11027.85304,0.10569
11023.99580,0.10693
11020.13855,0.10772
11016.28131,0.10712
11012.42407,0.10596
11008.56683,0.10504
11004.70959,0.10462
11000.85235,0.10479
10996.99511,0.10504
10993.13787,0.10509
10989.28062,0.10544
10985.42338,0.10626
10981.56614,0.10681
10977.70890,0.10640
10973.85166,0.10555
10969.99442,0.10530
10966.13718,0.10536
10962.27993,0.10463
10958.42269,0.10383
10954.56545,0.10405
10950.70821,0.10470
10946.85097,0.10539
10942.99373,0.10591
10939.13649,0.10576
10935.27924,0.10560
10931.42200,0.10572
10927.56476,0.10548
10923.70752,0.10539
10919.85028,0.10586
10915.99304,0.10600
10912.13580,0.10533
10908.27856,0.10430
10904.42131,0.10326
10900.56407,0.10282
10896.70683,0.10328
10892.84959,0.10387
10888.99235,0.10430
10885.13511,0.10452
10881.27787,0.10415
10877.42062,0.10376
10873.56338,0.10397
10869.70614,0.10413
10865.84890,0.10364
10861.99166,0.10281
10858.13442,0.10215
10854.27718,0.10191
10850.41993,0.10224
10846.56269,0.10290
10842.70545,0.10336
10838.84821,0.10333
10834.99097,0.10265
10831.13373,0.10185
10827.27649,0.10192
10823.41925,0.10274
10819.56200,0.10349
10815.70476,0.10372
10811.84752,0.10353
10807.99028,0.10321
10804.13304,0.10294
10800.27580,0.10288
10796.41856,0.10308
10792.56131,0.10341
10788.70407,0.10363
10784.84683,0.10362
10780.98959,0.10360
10777.13235,0.10357
10773.27511,0.10318
10769.41787,0.10221
10765.56063,0.10094
10761.70338,0.10048
10757.84614,0.10137
10753.98890,0.10250
10750.13166,0.10263
10746.27442,0.10203
10742.41718,0.10160
10738.55994,0.10155
10734.70269,0.10193
10730.84545,0.10233
10726.98821,0.10184
10723.13097,0.10085
10719.27373,0.10083
10715.41649,0.10193
10711.55925,0.10274
10707.70200,0.10240
10703.84476,0.10137
10699.98752,0.10052
10696.13028,0.10056
10692.27304,0.10134
10688.41580,0.10208
10684.55856,0.10245
10680.70132,0.10258
10676.84407,0.10224
10672.98683,0.10137
10669.12959,0.10068
10665.27235,0.10057
10661.41511,0.10066
10657.55787,0.10074
10653.70063,0.10106
10649.84338,0.10148
10645.98614,0.10138
10642.12890,0.10097
10638.27166,0.10089
10634.41442,0.10087
10630.55718,0.10072
10626.69994,0.10080
10622.84269,0.10095
10618.98545,0.10117
10615.12821,0.10181
10611.27097,0.10240
10607.41373,0.10258
10603.55649,0.10219
10599.69925,0.10114
10595.84201,0.10029
10591.98476,0.10012
10588.12752,0.10041
10584.27028,0.10126
10580.41304,0.10191
10576.55580,0.10133
10572.69856,0.10053
10568.84132,0.10044
10564.98407,0.10015
10561.12683,0.09918
10557.26959,0.09850
10553.41235,0.09895
10549.55511,0.09977
10545.69787,0.09993
10541.84063,0.09958
10537.98339,0.09919
10534.12614,0.09911
10530.26890,0.09928
10526.41166,0.09902
10522.55442,0.09822
10518.69718,0.09775
10514.83994,0.09802
10510.98270,0.09822
10507.12545,0.09808
10503.26821,0.09838
10499.41097,0.09919
10495.55373,0.09960
10491.69649,0.09925
10487.83925,0.09863
10483.98201,0.09828
10480.12476,0.09829
10476.26752,0.09833
10472.41028,0.09818
10468.55304,0.09808
10464.69580,0.09791
10460.83856,0.09748
10456.98132,0.09742
10453.12408,0.09802
10449.26683,0.09858
10445.40959,0.09845
10441.55235,0.09797
10437.69511,0.09785
10433.83787,0.09788
10429.98063,0.09758
10426.12339,0.09765
10422.26614,0.09842
10418.40890,0.09862
10414.55166,0.09788
10410.69442,0.09752
10406.83718,0.09787
10402.97994,0.09792
10399.12270,0.09758
10395.26545,0.09757
10391.40821,0.09788
10387.55097,0.09811
10383.69373,0.09820
10379.83649,0.09824
10375.97925,0.09821
10372.12201,0.09799
10368.26477,0.09778
10364.40752,0.09798
10360.55028,0.09850
10356.69304,0.09896
10352.83580,0.09934
10348.97856,0.09969
10345.12132,0.09977
10341.26408,0.09944
10337.40683,0.09897
10333.54959,0.09878
10329.69235,0.09882
10325.83511,0.09873
10321.97787,0.09870
10318.12063,0.09904
10314.26339,0.09936
10310.40615,0.09934
10306.54890,0.09928
10302.69166,0.09930
10298.83442,0.09905
10294.97718,0.09871
10291.11994,0.09869
10287.26270,0.09885
10283.40546,0.09914
10279.54821,0.09953
10275.69097,0.09959
10271.83373,0.09923
10267.97649,0.09907
10264.11925,0.09945
10260.26201,0.09991
10256.40477,0.09991
10252.54752,0.09985
10248.69028,0.10021
10244.83304,0.10044
10240.97580,0.10045
10237.11856,0.10067
10233.26132,0.10058
10229.40408,0.10007
10225.54684,0.09971
10221.68959,0.09952
10217.83235,0.09934
10213.97511,0.09945
10210.11787,0.10000
10206.26063,0.10044
10202.40339,0.10013
10198.54615,0.09938
10194.68890,0.09928
10190.83166,0.09996
10186.97442,0.10026
10183.11718,0.09996
10179.25994,0.09989
10175.40270,0.10017
10171.54546,0.10035
10167.68821,0.10044
10163.83097,0.10062
10159.97373,0.10096
10156.11649,0.10136
10152.25925,0.10135
10148.40201,0.10102
10144.54477,0.10089
10140.68753,0.10071
10136.83028,0.10037
10132.97304,0.10037
10129.11580,0.10090
10125.25856,0.10153
10121.40132,0.10172
10117.54408,0.10154
10113.68684,0.10134
10109.82959,0.10123
10105.97235,0.10140
10102.11511,0.10200
10098.25787,0.10263
10094.40063,0.10272
10090.54339,0.10221
10086.68615,0.10151
10082.82891,0.10113
10078.97166,0.10128
10075.11442,0.10164
10071.25718,0.10177
10067.39994,0.10203
10063.54270,0.10239
10059.68546,0.10191
10055.82822,0.10089
10051.97097,0.10076
10048.11373,0.10153
10044.25649,0.10202
10040.39925,0.10181
10036.54201,0.10160
10032.68477,0.10194
10028.82753,0.10236
10024.97028,0.10238
10021.11304,0.10187
10017.25580,0.10110
10013.39856,0.10095
10009.54132,0.10165
10005.68408,0.10214
10001.82684,0.10186
9997.96960,0.10161
9994.11235,0.10178
9990.25511,0.10172
9986.39787,0.10150
9982.54063,0.10171
9978.68339,0.10205
9974.82615,0.10222
9970.96891,0.10234
9967.11166,0.10248
9963.25442,0.10254
9959.39718,0.10231
9955.53994,0.10182
9951.68270,0.10160
9947.82546,0.10201
9943.96822,0.10256
9940.11097,0.10257
9936.25373,0.10233
9932.39649,0.10255
9928.53925,0.10329
9924.68201,0.10366
9920.82477,0.10306
9916.96753,0.10222
9913.11029,0.10190
9909.25304,0.10195
9905.39580,0.10208
9901.53856,0.10219
9897.68132,0.10219
9893.82408,0.10213
9889.96684,0.10219
9886.10960,0.10220
9882.25235,0.10208
9878.39511,0.10215
9874.53787,0.10240
9870.68063,0.10245
9866.82339,0.10214
9862.96615,0.10183
9859.10891,0.10188
9855.25167,0.10194
9851.39442,0.10171
9847.53718,0.10167
9843.67994,0.10210
9839.82270,0.10248
9835.96546,0.10256
9832.10822,0.10248
9828.25098,0.10231
9824.39373,0.10221
9820.53649,0.10210
9816.67925,0.10181
9812.82201,0.10162
9808.96477,0.10161
9805.10753,0.10162
9801.25029,0.10186
9797.39304,0.10240
9793.53580,0.10269
9789.67856,0.10245
9785.82132,0.10213
9781.96408,0.10204
9778.10684,0.10198
9774.24960,0.10180
9770.39236,0.10174
9766.53511,0.10186
9762.67787,0.10183
9758.82063,0.10140
9754.96339,0.10084
9751.10615,0.10071
9747.24891,0.10112
9743.39167,0.10160
9739.53442,0.10179
9735.67718,0.10163
9731.81994,0.10133
9727.96270,0.10110
9724.10546,0.10117
9720.24822,0.10158
9716.39098,0.10199
9712.53373,0.10200
9708.67649,0.10159
9704.81925,0.10107
9700.96201,0.10079
9697.10477,0.10068
9693.24753,0.10055
9689.39029,0.10051
9685.53305,0.10048
9681.67580,0.10015
9677.81856,0.09977
9673.96132,0.09985
9670.10408,0.10033
9666.24684,0.10063
9662.38960,0.10050
9658.53236,0.10033
9654.67511,0.10039
9650.81787,0.10063
9646.96063,0.10087
9643.10339,0.10073
9639.24615,0.10022
9635.38891,0.09994
9631.53167,0.10012
9627.67443,0.10035
9623.81718,0.10032
9619.95994,0.09999
9616.10270,0.09979
9612.24546,0.09992
9608.38822,0.09988
9604.53098,0.09959
9600.67374,0.09942
9596.81649,0.09951
9592.95925,0.09982
9589.10201,0.10010
9585.24477,0.10009
9581.38753,0.09970
9577.53029,0.09909
9573.67305,0.09875
9569.81580,0.09906
9565.95856,0.09954
9562.10132,0.09950
9558.24408,0.09918
9554.38684,0.09912
9550.52960,0.09910
9546.67236,0.09897
9542.81512,0.09894
9538.95787,0.09888
9535.10063,0.09875
9531.24339,0.09890
9527.38615,0.09924
9523.52891,0.09926
9519.67167,0.09904
9515.81443,0.09906
9511.95718,0.09922
9508.09994,0.09921
9504.24270,0.09901
9500.38546,0.09879
9496.52822,0.09864
9492.67098,0.09848
9488.81374,0.09841
9484.95649,0.09843
9481.09925,0.09841
9477.24201,0.09835
9473.38477,0.09833
9469.52753,0.09838
9465.67029,0.09842
9461.81305,0.09846
9457.95581,0.09859
9454.09856,0.09854
9450.24132,0.09815
9446.38408,0.09792
9442.52684,0.09821
9438.66960,0.09848
9434.81236,0.09831
9430.95512,0.09794
9427.09787,0.09773
9423.24063,0.09777
9419.38339,0.09785
9415.52615,0.09787
9411.66891,0.09794
9407.81167,0.09812
9403.95443,0.09828
9400.09719,0.09810
9396.23994,0.09762
9392.38270,0.09722
9388.52546,0.09718
9384.66822,0.09738
9380.81098,0.09741
9376.95374,0.09722
9373.09650,0.09716
9369.23925,0.09734
9365.38201,0.09766
9361.52477,0.09792
9357.66753,0.09790
9353.81029,0.09774
9349.95305,0.09771
9346.09581,0.09776
9342.23856,0.09775
9338.38132,0.09767
9334.52408,0.09756
9330.66684,0.09746
9326.80960,0.09750
9322.95236,0.09759
9319.09512,0.09749
9315.23788,0.09730
9311.38063,0.09714
9307.52339,0.09710
9303.66615,0.09720
9299.80891,0.09726
9295.95167,0.09729
9292.09443,0.09731
9288.23719,0.09736
9284.37994,0.09755
9280.52270,0.09759
9276.66546,0.09729
9272.80822,0.09691
9268.95098,0.09677
9265.09374,0.09694
9261.23650,0.09732
9257.37925,0.09760
9253.52201,0.09750
9249.66477,0.09711
9245.80753,0.09681
9241.95029,0.09677
9238.09305,0.09692
9234.23581,0.09718
9230.37857,0.09732
9226.52132,0.09714
9222.66408,0.09695
9218.80684,0.09711
9214.94960,0.09737
9211.09236,0.09741
9207.23512,0.09735
9203.37788,0.09733
9199.52063,0.09724
9195.66339,0.09697
9191.80615,0.09660
9187.94891,0.09646
9184.09167,0.09667
9180.23443,0.09696
9176.37719,0.09727
9172.51995,0.09759
9168.66270,0.09767
9164.80546,0.09755
9160.94822,0.09748
9157.09098,0.09736
9153.23374,0.09723
9149.37650,0.09730
9145.51926,0.09746
9141.66201,0.09748
9137.80477,0.09738
9133.94753,0.09731
9130.09029,0.09736
9126.23305,0.09744
9122.37581,0.09741
9118.51857,0.09737
9114.66132,0.09753
9110.80408,0.09777
9106.94684,0.09785
9103.08960,0.09774
9099.23236,0.09756
9095.37512,0.09750
9091.51788,0.09769
9087.66064,0.09796
9083.80339,0.09806
9079.94615,0.09798
9076.08891,0.09801
9072.23167,0.09839
9068.37443,0.09883
9064.51719,0.09885
9060.65995,0.09865
9056.80270,0.09866
9052.94546,0.09876
9049.08822,0.09874
9045.23098,0.09870
9041.37374,0.09886
9037.51650,0.09925
9033.65926,0.09958
9029.80201,0.09964
9025.94477,0.09966
9022.08753,0.09981
9018.23029,0.10001
9014.37305,0.10031
9010.51581,0.10072
9006.65857,0.10122
9002.80133,0.10177
8998.94408,0.10212
8995.08684,0.10222
8991.22960,0.10242
8987.37236,0.10281
8983.51512,0.10338
8979.65788,0.10409
8975.80064,0.10469
8971.94339,0.10505
8968.08615,0.10531
8964.22891,0.10573
8960.37167,0.10650
8956.51443,0.10736
8952.65719,0.10792
8948.79995,0.10831
8944.94271,0.10892
8941.08546,0.10984
8937.22822,0.11105
8933.37098,0.11224
8929.51374,0.11301
8925.65650,0.11353
8921.79926,0.11431
8917.94202,0.11549
8914.08477,0.11680
8910.22753,0.11785
8906.37029,0.11877
8902.51305,0.12005
8898.65581,0.12163
8894.79857,0.12296
8890.94133,0.12407
8887.08408,0.12528
8883.22684,0.12663
8879.36960,0.12785
8875.51236,0.12884
8871.65512,0.12972
8867.79788,0.13055
8863.94064,0.13112
8860.08340,0.13125
8856.22615,0.13105
8852.36891,0.13080
8848.51167,0.13054
8844.65443,0.13010
8840.79719,0.12944
8836.93995,0.12881
8833.08271,0.12833
8829.22546,0.12781
8825.36822,0.12715
8821.51098,0.12640
8817.65374,0.12549
8813.79650,0.12435
8809.93926,0.12317
8806.08202,0.12210
8802.22477,0.12095
8798.36753,0.11962
8794.51029,0.11827
8790.65305,0.11700
8786.79581,0.11582
8782.93857,0.11478
8779.08133,0.11391
8775.22409,0.11319
8771.36684,0.11256
8767.50960,0.11198
8763.65236,0.11152
8759.79512,0.11108
8755.93788,0.11060
8752.08064,0.11028
8748.22340,0.11022
8744.36615,0.11025
8740.50891,0.11016
8736.65167,0.10995
8732.79443,0.10984
8728.93719,0.10991
8725.07995,0.11008
8721.22271,0.11028
8717.36547,0.11036
8713.50822,0.11033
8709.65098,0.11045
8705.79374,0.11073
8701.93650,0.11100
8698.07926,0.11123
8694.22202,0.11140
8690.36478,0.11150
8686.50753,0.11161
8682.65029,0.11172
8678.79305,0.11180
8674.93581,0.11190
8671.07857,0.11208
8667.22133,0.11237
8663.36409,0.11268
8659.50684,0.11294
8655.64960,0.11314
8651.79236,0.11333
8647.93512,0.11368
8644.07788,0.11421
8640.22064,0.11463
8636.36340,0.11492
8632.50616,0.11528
8628.64891,0.11570
8624.79167,0.11607
8620.93443,0.11639
8617.07719,0.11663
8613.21995,0.11680
8609.36271,0.11696
8605.50547,0.11728
8601.64822,0.11772
8597.79098,0.11809
8593.93374,0.11848
8590.07650,0.11892
8586.21926,0.11932
8582.36202,0.11967
8578.50478,0.11998
8574.64753,0.12013
8570.79029,0.12018
8566.93305,0.12030
8563.07581,0.12058
8559.21857,0.12106
8555.36133,0.12154
8551.50409,0.12189
8547.64685,0.12216
8543.78960,0.12233
8539.93236,0.12247
8536.07512,0.12270
8532.21788,0.12302
8528.36064,0.12340
8524.50340,0.12375
8520.64616,0.12397
8516.78891,0.12415
8512.93167,0.12442
8509.07443,0.12462
8505.21719,0.12456
8501.35995,0.12445
8497.50271,0.12456
8493.64547,0.12478
8489.78822,0.12497
8485.93098,0.12510
8482.07374,0.12508
8478.21650,0.12496
8474.35926,0.12497
8470.50202,0.12507
8466.64478,0.12504
8462.78754,0.12487
8458.93029,0.12474
8455.07305,0.12478
8451.21581,0.12474
8447.35857,0.12446
8443.50133,0.12419
8439.64409,0.12414
8435.78685,0.12414
8431.92960,0.12402
8428.07236,0.12388
8424.21512,0.12384
8420.35788,0.12369
8416.50064,0.12339
8412.64340,0.12324
8408.78616,0.12323
8404.92892,0.12315
8401.07167,0.12294
8397.21443,0.12266
8393.35719,0.12237
8389.49995,0.12223
8385.64271,0.12219
8381.78547,0.12205
8377.92823,0.12180
8374.07098,0.12157
8370.21374,0.12145
8366.35650,0.12144
8362.49926,0.12144
8358.64202,0.12146
8354.78478,0.12145
8350.92754,0.12134
8347.07029,0.12122
8343.21305,0.12118
8339.35581,0.12118
8335.49857,0.12118
8331.64133,0.12117
8327.78409,0.12115
8323.92685,0.12111
8320.06961,0.12102
8316.21236,0.12088
8312.35512,0.12080
8308.49788,0.12077
8304.64064,0.12075
8300.78340,0.12072
8296.92616,0.12071
8293.06892,0.12075
8289.21167,0.12080
8285.35443,0.12083
8281.49719,0.12087
8277.63995,0.12087
8273.78271,0.12076
8269.92547,0.12058
8266.06823,0.12051
8262.21098,0.12066
8258.35374,0.12091
8254.49650,0.12106
8250.63926,0.12102
8246.78202,0.12095
8242.92478,0.12100
8239.06754,0.12104
8235.21030,0.12101
8231.35305,0.12101
8227.49581,0.12102
8223.63857,0.12093
8219.78133,0.12085
8215.92409,0.12089
8212.06685,0.12101
8208.20961,0.12104
8204.35236,0.12083
8200.49512,0.12053
8196.63788,0.12040
8192.78064,0.12039
8188.92340,0.12034
8185.06616,0.12015
8181.20892,0.11984
8177.35168,0.11955
8173.49443,0.11936
8169.63719,0.11919
8165.77995,0.11914
8161.92271,0.11922
8158.06547,0.11918
8154.20823,0.11898
8150.35099,0.11876
8146.49374,0.11862
8142.63650,0.11851
8138.77926,0.11839
8134.92202,0.11833
8131.06478,0.11832
8127.20754,0.11821
8123.35030,0.11801
8119.49305,0.11775
8115.63581,0.11739
8111.77857,0.11708
8107.92133,0.11693
8104.06409,0.11683
8100.20685,0.11670
8096.34961,0.11648
8092.49237,0.11619
8088.63512,0.11591
8084.77788,0.11570
8080.92064,0.11561
8077.06340,0.11553
8073.20616,0.11530
8069.34892,0.11503
8065.49168,0.11491
8061.63443,0.11483
8057.77719,0.11471
8053.91995,0.11457
8050.06271,0.11444
8046.20547,0.11435
8042.34823,0.11431
8038.49099,0.11429
8034.63374,0.11419
8030.77650,0.11391
8026.91926,0.11359
8023.06202,0.11341
8019.20478,0.11340
8015.34754,0.11338
8011.49030,0.11327
8007.63306,0.11312
8003.77581,0.11302
7999.91857,0.11294
7996.06133,0.11285
7992.20409,0.11275
7988.34685,0.11270
7984.48961,0.11266
7980.63237,0.11258
7976.77512,0.11257
7972.91788,0.11261
7969.06064,0.11253
7965.20340,0.11241
7961.34616,0.11235
7957.48892,0.11225
7953.63168,0.11212
7949.77444,0.11213
7945.91719,0.11221
7942.05995,0.11215
7938.20271,0.11196
7934.34547,0.11183
7930.48823,0.11183
7926.63099,0.11187
7922.77375,0.11193
7918.91650,0.11205
7915.05926,0.11210
7911.20202,0.11203
7907.34478,0.11199
7903.48754,0.11206
7899.63030,0.11212
7895.77306,0.11206
7891.91581,0.11196
7888.05857,0.11197
7884.20133,0.11209
7880.34409,0.11214
7876.48685,0.11208
7872.62961,0.11203
7868.77237,0.11206
7864.91513,0.11205
7861.05788,0.11190
7857.20064,0.11174
7853.34340,0.11174
7849.48616,0.11176
7845.62892,0.11155
7841.77168,0.11128
7837.91444,0.11122
7834.05719,0.11131
7830.19995,0.11137
7826.34271,0.11130
7822.48547,0.11104
7818.62823,0.11069
7814.77099,0.11051
7810.91375,0.11058
7807.05650,0.11073
7803.19926,0.11071
7799.34202,0.11043
7795.48478,0.11001
7791.62754,0.10971
7787.77030,0.10975
7783.91306,0.10983
7780.05582,0.10968
7776.19857,0.10954
7772.34133,0.10953
7768.48409,0.10941
7764.62685,0.10921
7760.76961,0.10921
7756.91237,0.10928
7753.05513,0.10918
7749.19788,0.10904
7745.34064,0.10894
7741.48340,0.10871
7737.62616,0.10834
7733.76892,0.10804
7729.91168,0.10796
7726.05444,0.10797
7722.19720,0.10781
7718.33995,0.10743
7714.48271,0.10718
7710.62547,0.10735
7706.76823,0.10759
7702.91099,0.10755
7699.05375,0.10738
7695.19651,0.10721
7691.33926,0.10700
7687.48202,0.10688
7683.62478,0.10695
7679.76754,0.10710
7675.91030,0.10721
7672.05306,0.10718
7668.19582,0.10704
7664.33857,0.10702
7660.48133,0.10718
7656.62409,0.10735
7652.76685,0.10742
7648.90961,0.10745
7645.05237,0.10754
7641.19513,0.10761
7637.33789,0.10761
7633.48064,0.10758
7629.62340,0.10754
7625.76616,0.10753
7621.90892,0.10757
7618.05168,0.10769
7614.19444,0.10788
7610.33720,0.10820
7606.47995,0.10857
7602.62271,0.10868
7598.76547,0.10846
7594.90823,0.10829
7591.05099,0.10832
7587.19375,0.10839
7583.33651,0.10846
7579.47926,0.10865
7575.62202,0.10889
7571.76478,0.10905
7567.90754,0.10916
7564.05030,0.10929
7560.19306,0.10946
7556.33582,0.10981
7552.47858,0.11032
7548.62133,0.11078
7544.76409,0.11108
7540.90685,0.11128
7537.04961,0.11146
7533.19237,0.11171
7529.33513,0.11187
7525.47789,0.11187
7521.62064,0.11184
7517.76340,0.11190
7513.90616,0.11209
7510.04892,0.11235
7506.19168,0.11261
7502.33444,0.11289
7498.47720,0.11320
7494.61996,0.11362
7490.76271,0.11404
7486.90547,0.11429
7483.04823,0.11440
7479.19099,0.11470
7475.33375,0.11526
7471.47651,0.11581
7467.61927,0.11620
7463.76202,0.11667
7459.90478,0.11739
7456.04754,0.11826
7452.19030,0.11913
7448.33306,0.11986
7444.47582,0.12050
7440.61858,0.12119
7436.76133,0.12201
7432.90409,0.12297
7429.04685,0.12410
7425.18961,0.12530
7421.33237,0.12636
7417.47513,0.12727
7413.61789,0.12808
7409.76065,0.12882
7405.90340,0.12967
7402.04616,0.13068
7398.18892,0.13170
7394.33168,0.13269
7390.47444,0.13369
7386.61720,0.13477
7382.75996,0.13595
7378.90271,0.13708
7375.04547,0.13810
7371.18823,0.13917
7367.33099,0.14033
7363.47375,0.14142
7359.61651,0.14240
7355.75927,0.14330
7351.90202,0.14413
7348.04478,0.14492
7344.18754,0.14574
7340.33030,0.14648
7336.47306,0.14699
7332.61582,0.14744
7328.75858,0.14805
7324.90134,0.14859
7321.04409,0.14887
7317.18685,0.14913
7313.32961,0.14951
7309.47237,0.14981
7305.61513,0.14995
7301.75789,0.15003
7297.90065,0.15020
7294.04340,0.15050
7290.18616,0.15082
7286.32892,0.15110
7282.47168,0.15134
7278.61444,0.15157
7274.75720,0.15186
7270.89996,0.15226
7267.04272,0.15263
7263.18547,0.15295
7259.32823,0.15333
7255.47099,0.15368
7251.61375,0.15386
7247.75651,0.15401
7243.89927,0.15425
7240.04203,0.15447
7236.18478,0.15465
7232.32754,0.15477
7228.47030,0.15483
7224.61306,0.15494
7220.75582,0.15516
7216.89858,0.15542
7213.04134,0.15564
7209.18409,0.15581
7205.32685,0.15599
7201.46961,0.15624
7197.61237,0.15645
7193.75513,0.15657
7189.89789,0.15671
7186.04065,0.15696
7182.18341,0.15727
7178.32616,0.15762
7174.46892,0.15802
7170.61168,0.15850
7166.75444,0.15902
7162.89720,0.15969
7159.03996,0.16055
7155.18272,0.16146
7151.32547,0.16237
7147.46823,0.16336
7143.61099,0.16444
7139.75375,0.16554
7135.89651,0.16662
7132.03927,0.16768
7128.18203,0.16872
7124.32478,0.16977
7120.46754,0.17078
7116.61030,0.17177
7112.75306,0.17277
7108.89582,0.17383
7105.03858,0.17501
7101.18134,0.17630
7097.32410,0.17764
7093.46685,0.17903
7089.60961,0.18043
7085.75237,0.18192
7081.89513,0.18354
7078.03789,0.18517
7074.18065,0.18674
7070.32341,0.18833
7066.46616,0.18991
7062.60892,0.19145
7058.75168,0.19302
7054.89444,0.19460
7051.03720,0.19615
7047.17996,0.19769
7043.32272,0.19922
7039.46548,0.20069
7035.60823,0.20209
7031.75099,0.20343
7027.89375,0.20466
7024.03651,0.20584
7020.17927,0.20696
7016.32203,0.20803
7012.46479,0.20903
7008.60754,0.20995
7004.75030,0.21088
7000.89306,0.21184
6997.03582,0.21277
6993.17858,0.21366
6989.32134,0.21453
6985.46410,0.21535
6981.60685,0.21607
6977.74961,0.21674
6973.89237,0.21737
6970.03513,0.21800
6966.17789,0.21862
6962.32065,0.21916
6958.46341,0.21964
6954.60617,0.22013
6950.74892,0.22053
6946.89168,0.22089
6943.03444,0.22132
6939.17720,0.22174
6935.31996,0.22215
6931.46272,0.22260
6927.60548,0.22303
6923.74823,0.22346
6919.89099,0.22387
6916.03375,0.22422
6912.17651,0.22459
6908.31927,0.22503
6904.46203,0.22542
6900.60479,0.22579
6896.74754,0.22621
6892.89030,0.22665
6889.03306,0.22705
6885.17582,0.22743
6881.31858,0.22788
6877.46134,0.22848
6873.60410,0.22922
6869.74686,0.22995
6865.88961,0.23061
6862.03237,0.23123
6858.17513,0.23183
6854.31789,0.23247
6850.46065,0.23317
6846.60341,0.23388
6842.74617,0.23462
6838.88892,0.23538
6835.03168,0.23606
6831.17444,0.23667
6827.31720,0.23731
6823.45996,0.23803
6819.60272,0.23878
6815.74548,0.23955
6811.88824,0.24040
6808.03099,0.24127
6804.17375,0.24213
6800.31651,0.24302
6796.45927,0.24395
6792.60203,0.24486
6788.74479,0.24573
6784.88755,0.24655
6781.03030,0.24729
6777.17306,0.24805
6773.31582,0.24884
6769.45858,0.24958
6765.60134,0.25023
6761.74410,0.25083
6757.88686,0.25134
6754.02961,0.25177
6750.17237,0.25219
6746.31513,0.25260
6742.45789,0.25299
6738.60065,0.25331
6734.74341,0.25351
6730.88617,0.25362
6727.02893,0.25374
6723.17168,0.25387
6719.31444,0.25396
6715.45720,0.25402
6711.59996,0.25408
6707.74272,0.25416
6703.88548,0.25420
6700.02824,0.25414
6696.17099,0.25410
6692.31375,0.25409
6688.45651,0.25401
6684.59927,0.25388
6680.74203,0.25380
6676.88479,0.25367
6673.02755,0.25338
6669.17030,0.25297
6665.31306,0.25257
6661.45582,0.25222
6657.59858,0.25191
6653.74134,0.25165
6649.88410,0.25141
6646.02686,0.25105
6642.16962,0.25054
6638.31237,0.25000
6634.45513,0.24952
6630.59789,0.24911
6626.74065,0.24867
6622.88341,0.24814
6619.02617,0.24753
6615.16893,0.24698
6611.31168,0.24651
6607.45444,0.24604
6603.59720,0.24552
6599.73996,0.24504
6595.88272,0.24462
6592.02548,0.24428
6588.16824,0.24399
6584.31100,0.24372
6580.45375,0.24347
6576.59651,0.24334
6572.73927,0.24331
6568.88203,0.24329
6565.02479,0.24324
6561.16755,0.24319
6557.31031,0.24320
6553.45306,0.24328
6549.59582,0.24342
6545.73858,0.24357
6541.88134,0.24365
6538.02410,0.24374
6534.16686,0.24390
6530.30962,0.24412
6526.45237,0.24434
6522.59513,0.24450
6518.73789,0.24464
6514.88065,0.24479
6511.02341,0.24496
6507.16617,0.24512
6503.30893,0.24518
6499.45169,0.24517
6495.59444,0.24518
6491.73720,0.24523
6487.87996,0.24525
6484.02272,0.24522
6480.16548,0.24516
6476.30824,0.24507
6472.45100,0.24496
6468.59375,0.24483
6464.73651,0.24467
6460.87927,0.24449
6457.02203,0.24429
6453.16479,0.24405
6449.30755,0.24380
6445.45031,0.24355
6441.59306,0.24328
6437.73582,0.24298
6433.87858,0.24267
6430.02134,0.24228
6426.16410,0.24184
6422.30686,0.24150
6418.44962,0.24121
6414.59238,0.24088
6410.73513,0.24054
6406.87789,0.24026
6403.02065,0.24006
6399.16341,0.23983
6395.30617,0.23957
6391.44893,0.23935
6387.59169,0.23916
6383.73444,0.23898
6379.87720,0.23881
6376.01996,0.23867
6372.16272,0.23857
6368.30548,0.23845
6364.44824,0.23828
6360.59100,0.23805
6356.73376,0.23785
6352.87651,0.23770
6349.01927,0.23760
6345.16203,0.23752
6341.30479,0.23750
6337.44755,0.23752
6333.59031,0.23750
6329.73307,0.23740
6325.87582,0.23730
6322.01858,0.23727
6318.16134,0.23727
6314.30410,0.23724
6310.44686,0.23715
6306.58962,0.23699
6302.73238,0.23678
6298.87513,0.23650
6295.01789,0.23616
6291.16065,0.23573
6287.30341,0.23519
6283.44617,0.23462
6279.58893,0.23404
6275.73169,0.23347
6271.87445,0.23283
6268.01720,0.23209
6264.15996,0.23133
6260.30272,0.23057
6256.44548,0.22975
6252.58824,0.22888
6248.73100,0.22800
6244.87376,0.22713
6241.01651,0.22622
6237.15927,0.22527
6233.30203,0.22433
6229.44479,0.22342
6225.58755,0.22254
6221.73031,0.22177
6217.87307,0.22118
6214.01582,0.22090
6210.15858,0.22095
6206.30134,0.22126
6202.44410,0.22172
6198.58686,0.22201
6194.72962,0.22176
6190.87238,0.22092
6187.01514,0.21968
6183.15789,0.21827
6179.30065,0.21689
6175.44341,0.21573
6171.58617,0.21491
6167.72893,0.21444
6163.87169,0.21426
6160.01445,0.21435
6156.15720,0.21476
6152.29996,0.21541
6148.44272,0.21603
6144.58548,0.21631
6140.72824,0.21616
6136.87100,0.21580
6133.01376,0.21545
6129.15652,0.21532
6125.29927,0.21562
6121.44203,0.21656
6117.58479,0.21822
6113.72755,0.22063
6109.87031,0.22380
6106.01307,0.22766
6102.15583,0.23203
6098.29858,0.23675
6094.44134,0.24166
6090.58410,0.24653
6086.72686,0.25115
6082.86962,0.25548
6079.01238,0.25963
6075.15514,0.26405
6071.29789,0.26933
6067.44065,0.27565
6063.58341,0.28261
6059.72617,0.28944
6055.86893,0.29549
6052.01169,0.30064
6048.15445,0.30531
6044.29721,0.30994
6040.43996,0.31490
6036.58272,0.32043
6032.72548,0.32631
6028.86824,0.33179
6025.01100,0.33607
6021.15376,0.33842
6017.29652,0.33817
6013.43927,0.33506
6009.58203,0.32946
6005.72479,0.32215
6001.86755,0.31405
5998.01031,0.30611
5994.15307,0.29913
5990.29583,0.29366
5986.43858,0.28982
5982.58134,0.28727
5978.72410,0.28528
5974.86686,0.28285
5971.00962,0.27945
5967.15238,0.27535
5963.29514,0.27137
5959.43790,0.26828
5955.58065,0.26642
5951.72341,0.26563
5947.86617,0.26537
5944.00893,0.26490
5940.15169,0.26349
5936.29445,0.26080
5932.43721,0.25695
5928.57996,0.25255
5924.72272,0.24821
5920.86548,0.24417
5917.00824,0.24048
5913.15100,0.23740
5909.29376,0.23521
5905.43652,0.23407
5901.57927,0.23402
5897.72203,0.23501
5893.86479,0.23692
5890.00755,0.23947
5886.15031,0.24228
5882.29307,0.24500
5878.43583,0.24743
5874.57859,0.24959
5870.72134,0.25153
5866.86410,0.25308
5863.00686,0.25391
5859.14962,0.25387
5855.29238,0.25319
5851.43514,0.25225
5847.57790,0.25134
5843.72065,0.25057
5839.86341,0.24997
5836.00617,0.24962
5832.14893,0.24955
5828.29169,0.24969
5824.43445,0.24997
5820.57721,0.25035
5816.71997,0.25076
5812.86272,0.25106
5809.00548,0.25111
5805.14824,0.25094
5801.29100,0.25066
5797.43376,0.25030
5793.57652,0.24996
5789.71928,0.24965
5785.86203,0.24934
5782.00479,0.24898
5778.14755,0.24857
5774.29031,0.24803
5770.43307,0.24733
5766.57583,0.24645
5762.71859,0.24535
5758.86134,0.24397
5755.00410,0.24235
5751.14686,0.24056
5747.28962,0.23871
5743.43238,0.23683
5739.57514,0.23495
5735.71790,0.23318
5731.86066,0.23167
5728.00341,0.23055
5724.14617,0.22988
5720.28893,0.22964
5716.43169,0.22971
5712.57445,0.22994
5708.71721,0.23017
5704.85997,0.23021
5701.00272,0.23002
5697.14548,0.22971
5693.28824,0.22935
5689.43100,0.22892
5685.57376,0.22847
5681.71652,0.22815
5677.85928,0.22800
5674.00203,0.22805
5670.14479,0.22831
5666.28755,0.22879
5662.43031,0.22933
5658.57307,0.22975
5654.71583,0.22995
5650.85859,0.22987
5647.00135,0.22942
5643.14410,0.22860
5639.28686,0.22757
5635.42962,0.22654
5631.57238,0.22561
5627.71514,0.22478
5623.85790,0.22406
5620.00066,0.22351
5616.14341,0.22314
5612.28617,0.22296
5608.42893,0.22299
5604.57169,0.22320
5600.71445,0.22351
5596.85721,0.22381
5592.99997,0.22420
5589.14273,0.22474
5585.28548,0.22537
5581.42824,0.22607
5577.57100,0.22680
5573.71376,0.22745
5569.85652,0.22798
5565.99928,0.22834
5562.14204,0.22844
5558.28479,0.22835
5554.42755,0.22825
5550.57031,0.22818
5546.71307,0.22817
5542.85583,0.22824
5538.99859,0.22831
5535.14135,0.22827
5531.28410,0.22810
5527.42686,0.22786
5523.56962,0.22757
5519.71238,0.22721
5515.85514,0.22686
5511.99790,0.22658
5508.14066,0.22640
5504.28342,0.22641
5500.42617,0.22668
5496.56893,0.22723
5492.71169,0.22788
5488.85445,0.22846
5484.99721,0.22892
5481.13997,0.22916
5477.28273,0.22911
5473.42548,0.22879
5469.56824,0.22824
5465.71100,0.22749
5461.85376,0.22658
5457.99652,0.22557
5454.13928,0.22443
5450.28204,0.22312
5446.42479,0.22162
5442.56755,0.22002
5438.71031,0.21843
5434.85307,0.21684
5430.99583,0.21536
5427.13859,0.21416
5423.28135,0.21328
5419.42411,0.21262
5415.56686,0.21210
5411.70962,0.21173
5407.85238,0.21147
5403.99514,0.21124
5400.13790,0.21102
5396.28066,0.21082
5392.42342,0.21062
5388.56617,0.21049
5384.70893,0.21048
5380.85169,0.21061
5376.99445,0.21084
5373.13721,0.21113
5369.27997,0.21146
5365.42273,0.21187
5361.56549,0.21238
5357.70824,0.21298
5353.85100,0.21354
5349.99376,0.21390
5346.13652,0.21409
5342.27928,0.21427
5338.42204,0.21450
5334.56480,0.21479
5330.70755,0.21514
5326.85031,0.21570
5322.99307,0.21656
5319.13583,0.21773
5315.27859,0.21922
5311.42135,0.22101
5307.56411,0.22309
5303.70686,0.22546
5299.84962,0.22812
5295.99238,0.23111
5292.13514,0.23449
5288.27790,0.23841
5284.42066,0.24282
5280.56342,0.24769
5276.70618,0.25293
5272.84893,0.25839
5268.99169,0.26394
5265.13445,0.26954
5261.27721,0.27493
5257.41997,0.27980
5253.56273,0.28408
5249.70549,0.28787
5245.84824,0.29137
5241.99100,0.29452
5238.13376,0.29712
5234.27652,0.29931
5230.41928,0.30126
5226.56204,0.30303
5222.70480,0.30459
5218.84755,0.30588
5214.99031,0.30689
5211.13307,0.30769
5207.27583,0.30847
5203.41859,0.30919
5199.56135,0.30975
5195.70411,0.31018
5191.84687,0.31054
5187.98962,0.31081
5184.13238,0.31099
5180.27514,0.31108
5176.41790,0.31105
5172.56066,0.31092
5168.70342,0.31077
5164.84618,0.31063
5160.98893,0.31051
5157.13169,0.31038
5153.27445,0.31022
5149.41721,0.31002
5145.55997,0.30980
5141.70273,0.30954
5137.84549,0.30932
5133.98825,0.30921
5130.13100,0.30915
5126.27376,0.30904
5122.41652,0.30865
5118.55928,0.30767
5114.70204,0.30584
5110.84480,0.30323
5106.98756,0.30019
5103.13031,0.29702
5099.27307,0.29397
5095.41583,0.29114
5091.55859,0.28849
5087.70135,0.28607
5083.84411,0.28395
5079.98687,0.28207
5076.12962,0.28030
5072.27238,0.27862
5068.41514,0.27706
5064.55790,0.27556
5060.70066,0.27413
5056.84342,0.27279
5052.98618,0.27155
5049.12894,0.27049
5045.27169,0.26957
5041.41445,0.26863
5037.55721,0.26772
5033.69997,0.26690
5029.84273,0.26615
5025.98549,0.26542
5022.12825,0.26478
5018.27100,0.26425
5014.41376,0.26377
5010.55652,0.26329
5006.69928,0.26275
5002.84204,0.26214
4998.98480,0.26153
4995.12756,0.26102
4991.27031,0.26065
4987.41307,0.26042
4983.55583,0.26036
4979.69859,0.26049
4975.84135,0.26081
4971.98411,0.26132
4968.12687,0.26204
4964.26963,0.26299
4960.41238,0.26418
4956.55514,0.26562
4952.69790,0.26732
4948.84066,0.26922
4944.98342,0.27123
4941.12618,0.27333
4937.26894,0.27551
4933.41169,0.27776
4929.55445,0.28013
4925.69721,0.28261
4921.83997,0.28521
4917.98273,0.28798
4914.12549,0.29089
4910.26825,0.29394
4906.41101,0.29711
4902.55376,0.30043
4898.69652,0.30391
4894.83928,0.30749
4890.98204,0.31113
4887.12480,0.31477
4883.26756,0.31843
4879.41032,0.32215
4875.55307,0.32586
4871.69583,0.32947
4867.83859,0.33292
4863.98135,0.33621
4860.12411,0.33943
4856.26687,0.34262
4852.40963,0.34583
4848.55238,0.34924
4844.69514,0.35299
4840.83790,0.35704
4836.98066,0.36131
4833.12342,0.36574
4829.26618,0.37020
4825.40894,0.37454
4821.55170,0.37868
4817.69445,0.38251
4813.83721,0.38602
4809.97997,0.38929
4806.12273,0.39230
4802.26549,0.39497
4798.40825,0.39716
4794.55101,0.39881
4790.69376,0.39995
4786.83652,0.40065
4782.97928,0.40106
4779.12204,0.40139
4775.26480,0.40179
4771.40756,0.40233
4767.55032,0.40317
4763.69307,0.40452
4759.83583,0.40645
4755.97859,0.40877
4752.12135,0.41132
4748.26411,0.41395
4744.40687,0.41646
4740.54963,0.41883
4736.69239,0.42143
4732.83514,0.42471
4728.97790,0.42879
4725.12066,0.43304
4721.26342,0.43632
4717.40618,0.43791
4713.54894,0.43843
4709.69170,0.43937
4705.83445,0.44212
4701.97721,0.44715
4698.11997,0.45340
4694.26273,0.45847
4690.40549,0.46006
4686.54825,0.45707
4682.69101,0.44995
4678.83377,0.44036
4674.97652,0.43043
4671.11928,0.42208
4667.26204,0.41619
4663.40480,0.41252
4659.54756,0.41044
4655.69032,0.40984
4651.83308,0.41115
4647.97583,0.41476
4644.11859,0.42017
4640.26135,0.42551
4636.40411,0.42827
4632.54687,0.42637
4628.68963,0.41930
4624.83239,0.40874
4620.97514,0.39758
4617.11790,0.38815
4613.26066,0.38142
4609.40342,0.37737
4605.54618,0.37578
4601.68894,0.37657
4597.83170,0.37926
4593.97446,0.38253
4590.11721,0.38524
4586.25997,0.38744
4582.40273,0.38883
4578.54549,0.38741
4574.68825,0.38168
4570.83101,0.37284
4566.97377,0.36375
4563.11652,0.35662
4559.25928,0.35208
4555.40204,0.34960
4551.54480,0.34828
4547.68756,0.34744
4543.83032,0.34678
4539.97308,0.34622
4536.11583,0.34583
4532.25859,0.34579
4528.40135,0.34627
4524.54411,0.34740
4520.68687,0.34923
4516.82963,0.35177
4512.97239,0.35515
4509.11515,0.35974
4505.25790,0.36603
4501.40066,0.37425
4497.54342,0.38398
4493.68618,0.39403
4489.82894,0.40285
4485.97170,0.40974
4482.11446,0.41548
4478.25721,0.42179
4474.39997,0.43033
4470.54273,0.44221
4466.68549,0.45734
4462.82825,0.47337
4458.97101,0.48621
4455.11377,0.49355
4451.25653,0.49734
4447.39928,0.50109
4443.54204,0.50628
4439.68480,0.51214
4435.82756,0.51699
4431.97032,0.51908
4428.11308,0.51737
4424.25584,0.51270
4420.39859,0.50755
4416.54135,0.50430
4412.68411,0.50396
4408.82687,0.50564
4404.96963,0.50715
4401.11239,0.50652
4397.25515,0.50339
4393.39790,0.49870
4389.54066,0.49367
4385.68342,0.48910
4381.82618,0.48542
4377.96894,0.48282
4374.11170,0.48125
4370.25446,0.48073
4366.39722,0.48132
4362.53997,0.48277
4358.68273,0.48447
4354.82549,0.48608
4350.96825,0.48790
4347.11101,0.49039
4343.25377,0.49347
4339.39653,0.49659
4335.53928,0.49917
4331.68204,0.50121
4327.82480,0.50319
4323.96756,0.50555
4320.11032,0.50846
4316.25308,0.51213
4312.39584,0.51681
4308.53859,0.52240
4304.68135,0.52845
4300.82411,0.53432
4296.96687,0.53935
4293.10963,0.54295
4289.25239,0.54479
4285.39515,0.54502
4281.53791,0.54427
4277.68066,0.54319
4273.82342,0.54178
4269.96618,0.53968
4266.10894,0.53704
4262.25170,0.53459
4258.39446,0.53310
4254.53722,0.53282
4250.67997,0.53334
4246.82273,0.53370
4242.96549,0.53318
4239.10825,0.53181
4235.25101,0.53021
4231.39377,0.52900
4227.53653,0.52807
4223.67929,0.52661
4219.82204,0.52405
4215.96480,0.52067
4212.10756,0.51730
4208.25032,0.51453
4204.39308,0.51232
4200.53584,0.51046
4196.67860,0.50939
4192.82135,0.50999
4188.96411,0.51275
4185.10687,0.51735
4181.24963,0.52214
4177.39239,0.52437
4173.53515,0.52223
4169.67791,0.51637
4165.82066,0.50927
4161.96342,0.50325
4158.10618,0.49932
4154.24894,0.49750
4150.39170,0.49760
4146.53446,0.49952
4142.67722,0.50318
4138.81998,0.50793
4134.96273,0.51259
4131.10549,0.51628
4127.24825,0.51916
4123.39101,0.52213
4119.53377,0.52611
4115.67653,0.53167
4111.81929,0.53917
4107.96204,0.54895
4104.10480,0.56174
4100.24756,0.57861
4096.39032,0.59842
4092.53308,0.61496
4088.67584,0.62098
4084.81860,0.61560
4080.96135,0.60352
4077.10411,0.58992
4073.24687,0.57863
4069.38963,0.57139
4065.53239,0.56771
4061.67515,0.56636
4057.81791,0.56668
4053.96067,0.56825
4050.10342,0.57028
4046.24618,0.57195
4042.38894,0.57295
4038.53170,0.57348
4034.67446,0.57391
4030.81722,0.57434
4026.95998,0.57462
4023.10273,0.57465
4019.24549,0.57448
4015.38825,0.57407
4011.53101,0.57298
4007.67377,0.57100
4003.81653,0.56848
3999.95929,0.56578
3996.10205,0.56288
3992.24480,0.55988
3988.38756,0.55711
3984.53032,0.55486
3980.67308,0.55315
3976.81584,0.55176
3972.95860,0.55032
3969.10136,0.54841
3965.24411,0.54585
3961.38687,0.54281
3957.52963,0.53972
3953.67239,0.53674
3949.81515,0.53374
3945.95791,0.53080
3942.10067,0.52806
3938.24342,0.52561
3934.38618,0.52338
3930.52894,0.52131
3926.67170,0.51935
3922.81446,0.51738
3918.95722,0.51531
3915.09998,0.51322
3911.24274,0.51104
3907.38549,0.50838
3903.52825,0.50477
3899.67101,0.50070
3895.81377,0.49708
3891.95653,0.49392
3888.09929,0.49114
3884.24205,0.48881
3880.38480,0.48695
3876.52756,0.48527
3872.67032,0.48299
3868.81308,0.47983
3864.95584,0.47643
3861.09860,0.47346
3857.24136,0.47075
3853.38411,0.46789
3849.52687,0.46556
3845.66963,0.46395
3841.81239,0.46252
3837.95515,0.46146
3834.09791,0.46097
3830.24067,0.46067
3826.38343,0.46058
3822.52618,0.46147
3818.66894,0.46426
3814.81170,0.46787
3810.95446,0.47034
3807.09722,0.47123
3803.23998,0.47068
3799.38274,0.46891
3795.52549,0.46671
3791.66825,0.46501
3787.81101,0.46429
3783.95377,0.46465
3780.09653,0.46597
3776.23929,0.46801
3772.38205,0.47051
3768.52481,0.47356
3764.66756,0.47697
3760.81032,0.47982
3756.95308,0.48081
3753.09584,0.47899
3749.23860,0.47541
3745.38136,0.47344
3741.52412,0.47439
3737.66687,0.47744
3733.80963,0.48169
3729.95239,0.48462
3726.09515,0.48547
3722.23791,0.48605
3718.38067,0.48781
3714.52343,0.49146
3710.66618,0.49823
3706.80894,0.50747
3702.95170,0.51800
3699.09446,0.53049
3695.23722,0.54513
3691.37998,0.56418
3687.52274,0.58615
3683.66550,0.60118
3679.80825,0.60982
3675.95101,0.61962
3672.09377,0.63550
3668.23653,0.65484
3664.37929,0.67315
3660.52205,0.69025
3656.66481,0.70743
3652.80756,0.72525
3648.95032,0.74518
3645.09308,0.76477
3641.23584,0.77877
3637.37860,0.78924
3633.52136,0.79943
3629.66412,0.81184
3625.80687,0.82428
3621.94963,0.83116
3618.09239,0.83575
3614.23515,0.84288
3610.37791,0.85340
3606.52067,0.86316
3602.66343,0.87059
3598.80619,0.87859
