12493.60475,0.10839
12489.74751,0.10843
12485.89027,0.10643
12482.03303,0.10389
12478.17579,0.10293
12474.31855,0.10338
12470.46130,0.10480
12466.60406,0.10633
12462.74682,0.10591
12458.88958,0.10333
12455.03234,0.10193
12451.17510,0.10318
12447.31786,0.10323
12443.46062,0.10178
12439.60337,0.10244
12435.74613,0.10304
12431.88889,0.10135
12428.03165,0.10184
12424.17441,0.10640
12420.31717,0.11069
12416.45993,0.11181
12412.60268,0.11113
12408.74544,0.11007
12404.88820,0.10872
12401.03096,0.10863
12397.17372,0.10978
12393.31648,0.10851
12389.45924,0.10530
12385.60199,0.10415
12381.74475,0.10436
12377.88751,0.10380
12374.03027,0.10379
12370.17303,0.10462
12366.31579,0.10466
12362.45855,0.10495
12358.60131,0.10623
12354.74406,0.10731
12350.88682,0.10919
12347.02958,0.11046
12343.17234,0.10689
12339.31510,0.10190
12335.45786,0.10166
12331.60062,0.10438
12327.74337,0.10643
12323.88613,0.10766
12320.02889,0.10907
12316.17165,0.11044
12312.31441,0.11088
12308.45717,0.11035
12304.59993,0.10811
12300.74268,0.10504
12296.88544,0.10437
12293.02820,0.10643
12289.17096,0.10802
12285.31372,0.10746
12281.45648,0.10726
12277.59924,0.10865
12273.74200,0.11006
12269.88475,0.11098
12266.02751,0.11068
12262.17027,0.10850
12258.31303,0.10614
12254.45579,0.10559
12250.59855,0.10577
12246.74131,0.10441
12242.88406,0.10227
12239.02682,0.10114
12235.16958,0.10120
12231.31234,0.10222
12227.45510,0.10343
12223.59786,0.10361
12219.74062,0.10271
12215.88338,0.10193
12212.02613,0.10287
12208.16889,0.10580
12204.31165,0.10805
12200.45441,0.10749
12196.59717,0.10550
12192.73993,0.10391
12188.88269,0.10290
12185.02544,0.10219
12181.16820,0.10336
12177.31096,0.10659
12173.45372,0.10787
12169.59648,0.10566
12165.73924,0.10386
12161.88200,0.10480
12158.02475,0.10635
12154.16751,0.10662
12150.31027,0.10579
12146.45303,0.10468
12142.59579,0.10431
12138.73855,0.10425
12134.88131,0.10305
12131.02407,0.10081
12127.16682,0.09926
12123.30958,0.09993
12119.45234,0.10196
12115.59510,0.10322
12111.73786,0.10340
12107.88062,0.10358
12104.02338,0.10361
12100.16613,0.10301
12096.30889,0.10290
12092.45165,0.10335
12088.59441,0.10320
12084.73717,0.10340
12080.87993,0.10491
12077.02269,0.10601
12073.16544,0.10465
12069.30820,0.10174
12065.45096,0.09988
12061.59372,0.10029
12057.73648,0.10194
12053.87924,0.10306
12050.02200,0.10361
12046.16476,0.10417
12042.30751,0.10429
12038.45027,0.10419
12034.59303,0.10398
12030.73579,0.10378
12026.87855,0.10412
12023.02131,0.10419
12019.16407,0.10447
12015.30682,0.10609
12011.44958,0.10688
12007.59234,0.10586
12003.73510,0.10524
11999.87786,0.10555
11996.02062,0.10589
11992.16338,0.10645
11988.30614,0.10788
11984.44889,0.10914
11980.59165,0.10843
11976.73441,0.10685
11972.87717,0.10656
11969.01993,0.10684
11965.16269,0.10634
11961.30545,0.10574
11957.44820,0.10571
11953.59096,0.10546
11949.73372,0.10525
11945.87648,0.10644
11942.01924,0.10816
11938.16200,0.10892
11934.30476,0.10860
11930.44751,0.10785
11926.59027,0.10785
11922.73303,0.10870
11918.87579,0.10947
11915.01855,0.10956
11911.16131,0.10940
11907.30407,0.10988
11903.44683,0.10968
11899.58958,0.10776
11895.73234,0.10632
11891.87510,0.10679
11888.01786,0.10808
11884.16062,0.10892
11880.30338,0.10893
11876.44614,0.10891
11872.58889,0.11011
11868.73165,0.11218
11864.87441,0.11343
11861.01717,0.11295
11857.15993,0.11095
11853.30269,0.10869
11849.44545,0.10745
11845.58820,0.10749
11841.73096,0.10841
11837.87372,0.10891
11834.01648,0.10892
11830.15924,0.10965
11826.30200,0.11069
11822.44476,0.11094
11818.58752,0.11064
11814.73027,0.11129
11810.87303,0.11255
11807.01579,0.11217
11803.15855,0.11074
11799.30131,0.11006
11795.44407,0.11015
11791.58683,0.11054
11787.72958,0.11048
11783.87234,0.11000
11780.01510,0.11083
11776.15786,0.11344
11772.30062,0.11531
11768.44338,0.11470
11764.58614,0.11322
11760.72890,0.11203
11756.87165,0.11069
11753.01441,0.10999
11749.15717,0.11080
11745.29993,0.11143
11741.44269,0.11027
11737.58545,0.10881
11733.72821,0.10907
11729.87096,0.11085
11726.01372,0.11307
11722.15648,0.11417
11718.29924,0.11318
11714.44200,0.11169
11710.58476,0.11129
11706.72752,0.11146
11702.87027,0.11156
11699.01303,0.11141
11695.15579,0.11080
11691.29855,0.11003
11687.44131,0.11008
11683.58407,0.11120
11679.72683,0.11209
11675.86959,0.11186
11672.01234,0.11162
11668.15510,0.11276
11664.29786,0.11400
11660.44062,0.11369
11656.58338,0.11344
11652.72614,0.11460
11648.86890,0.11506
11645.01165,0.11328
11641.15441,0.11086
11637.29717,0.11010
11633.43993,0.11021
11629.58269,0.10881
11625.72545,0.10720
11621.86821,0.10794
11618.01096,0.10979
11614.15372,0.11000
11610.29648,0.10827
11606.43924,0.10693
11602.58200,0.10679
11598.72476,0.10622
11594.86752,0.10521
11591.01028,0.10525
11587.15303,0.10712
11583.29579,0.10962
11579.43855,0.11022
11575.58131,0.10936
11571.72407,0.10959
11567.86683,0.11065
11564.00959,0.11034
11560.15234,0.10871
11556.29510,0.10888
11552.43786,0.11215
11548.58062,0.11405
11544.72338,0.11117
11540.86614,0.10792
11537.00890,0.10906
11533.15166,0.11144
11529.29441,0.11015
11525.43717,0.10759
11521.57993,0.10861
11517.72269,0.11107
11513.86545,0.11101
11510.00821,0.11011
11506.15097,0.11146
11502.29372,0.11420
11498.43648,0.11473
11494.57924,0.11217
11490.72200,0.11063
11486.86476,0.11230
11483.00752,0.11348
11479.15028,0.11195
11475.29303,0.11094
11471.43579,0.11254
11467.57855,0.11393
11463.72131,0.11259
11459.86407,0.10999
11456.00683,0.10886
11452.14959,0.11003
11448.29235,0.11178
11444.43510,0.11146
11440.57786,0.10899
11436.72062,0.10696
11432.86338,0.10689
11429.00614,0.10713
11425.14890,0.10595
11421.29166,0.10472
11417.43441,0.10525
11413.57717,0.10682
11409.71993,0.10776
11405.86269,0.10760
11402.00545,0.10730
11398.14821,0.10782
11394.29097,0.10818
11390.43372,0.10708
11386.57648,0.10631
11382.71924,0.10768
11378.86200,0.10923
11375.00476,0.10879
11371.14752,0.10715
11367.29028,0.10613
11363.43304,0.10650
11359.57579,0.10785
11355.71855,0.10903
11351.86131,0.10938
11348.00407,0.10951
11344.14683,0.10961
11340.28959,0.10932
11336.43235,0.10890
11332.57510,0.10855
11328.71786,0.10835
11324.86062,0.10860
11321.00338,0.10902
11317.14614,0.10858
11313.28890,0.10728
11309.43166,0.10669
11305.57442,0.10731
11301.71717,0.10838
11297.85993,0.10914
11294.00269,0.10904
11290.14545,0.10849
11286.28821,0.10834
11282.43097,0.10814
11278.57373,0.10717
11274.71648,0.10667
11270.85924,0.10778
11267.00200,0.10919
11263.14476,0.10956
11259.28752,0.10929
11255.43028,0.10877
11251.57304,0.10753
11247.71579,0.10611
11243.85855,0.10617
11240.00131,0.10718
11236.14407,0.10765
11232.28683,0.10759
11228.42959,0.10713
11224.57235,0.10648
11220.71511,0.10608
11216.85786,0.10573
11213.00062,0.10557
11209.14338,0.10613
11205.28614,0.10693
11201.42890,0.10722
11197.57166,0.10721
11193.71442,0.10706
11189.85717,0.10664
11185.99993,0.10600
11182.14269,0.10578
11178.28545,0.10615
11174.42821,0.10615
11170.57097,0.10601
11166.71373,0.10645
11162.85648,0.10638
11158.99924,0.10537
11155.14200,0.10509
11151.28476,0.10577
11147.42752,0.10604
11143.57028,0.10622
11139.71304,0.10667
11135.85580,0.10647
11131.99855,0.10585
11128.14131,0.10564
11124.28407,0.10624
11120.42683,0.10742
11116.56959,0.10751
11112.71235,0.10608
11108.85511,0.10496
11104.99786,0.10492
11101.14062,0.10551
11097.28338,0.10638
11093.42614,0.10738
11089.56890,0.10806
11085.71166,0.10775
11081.85442,0.10713
11077.99718,0.10703
11074.13993,0.10716
11070.28269,0.10741
11066.42545,0.10734
11062.56821,0.10635
11058.71097,0.10540
11054.85373,0.10574
11050.99649,0.10690
11047.13924,0.10759
11043.28200,0.10758
11039.42476,0.10760
11035.56752,0.10780
11031.71028,0.10766
11027.85304,0.10739
11023.99580,0.10732
11020.13855,0.10717
11016.28131,0.10741
11012.42407,0.10822
11008.56683,0.10847
11004.70959,0.10783
11000.85235,0.10689
10996.99511,0.10612
10993.13787,0.10593
10989.28062,0.10654
10985.42338,0.10756
10981.56614,0.10763
10977.70890,0.10612
10973.85166,0.10473
10969.99442,0.10482
10966.13718,0.10571
10962.27993,0.10687
10958.42269,0.10786
10954.56545,0.10775
10950.70821,0.10682
10946.85097,0.10604
10942.99373,0.10578
10939.13649,0.10600
10935.27924,0.10632
10931.42200,0.10596
10927.56476,0.10505
10923.70752,0.10459
10919.85028,0.10456
10915.99304,0.10475
10912.13580,0.10526
10908.27856,0.10525
10904.42131,0.10488
10900.56407,0.10545
10896.70683,0.10667
10892.84959,0.10729
10888.99235,0.10660
10885.13511,0.10489
10881.27787,0.10361
10877.42062,0.10358
10873.56338,0.10422
10869.70614,0.10435
10865.84890,0.10363
10861.99166,0.10318
10858.13442,0.10352
10854.27718,0.10369
10850.41993,0.10364
10846.56269,0.10384
10842.70545,0.10368
10838.84821,0.10311
10834.99097,0.10326
10831.13373,0.10427
10827.27649,0.10474
10823.41925,0.10396
10819.56200,0.10291
10815.70476,0.10261
10811.84752,0.10259
10807.99028,0.10202
10804.13304,0.10148
10800.27580,0.10186
10796.41856,0.10275
10792.56131,0.10323
10788.70407,0.10287
10784.84683,0.10230
10780.98959,0.10229
10777.13235,0.10267
10773.27511,0.10311
10769.41787,0.10332
10765.56063,0.10319
10761.70338,0.10290
10757.84614,0.10265
10753.98890,0.10285
10750.13166,0.10358
10746.27442,0.10399
10742.41718,0.10380
10738.55994,0.10342
10734.70269,0.10289
10730.84545,0.10240
10726.98821,0.10226
10723.13097,0.10228
10719.27373,0.10248
10715.41649,0.10281
10711.55925,0.10298
10707.70200,0.10303
10703.84476,0.10320
10699.98752,0.10360
10696.13028,0.10416
10692.27304,0.10465
10688.41580,0.10479
10684.55856,0.10442
10680.70132,0.10374
10676.84407,0.10333
10672.98683,0.10347
10669.12959,0.10387
10665.27235,0.10430
10661.41511,0.10447
10657.55787,0.10416
10653.70063,0.10344
10649.84338,0.10255
10645.98614,0.10210
10642.12890,0.10250
10638.27166,0.10299
10634.41442,0.10280
10630.55718,0.10252
10626.69994,0.10270
10622.84269,0.10274
10618.98545,0.10235
10615.12821,0.10200
10611.27097,0.10183
10607.41373,0.10197
10603.55649,0.10268
10599.69925,0.10340
10595.84201,0.10329
10591.98476,0.10256
10588.12752,0.10195
10584.27028,0.10183
10580.41304,0.10215
10576.55580,0.10240
10572.69856,0.10210
10568.84132,0.10155
10564.98407,0.10117
10561.12683,0.10096
10557.26959,0.10113
10553.41235,0.10151
10549.55511,0.10125
10545.69787,0.10043
10541.84063,0.09976
10537.98339,0.09976
10534.12614,0.10037
10530.26890,0.10075
10526.41166,0.10068
10522.55442,0.10044
10518.69718,0.10029
10514.83994,0.10057
10510.98270,0.10084
10507.12545,0.10085
10503.26821,0.10095
10499.41097,0.10112
10495.55373,0.10117
10491.69649,0.10096
10487.83925,0.10049
10483.98201,0.10020
10480.12476,0.10033
10476.26752,0.10068
10472.41028,0.10091
10468.55304,0.10088
10464.69580,0.10053
10460.83856,0.09983
10456.98132,0.09921
10453.12408,0.09908
10449.26683,0.09910
10445.40959,0.09896
10441.55235,0.09911
10437.69511,0.09969
10433.83787,0.09995
10429.98063,0.09947
10426.12339,0.09887
10422.26614,0.09891
10418.40890,0.09926
10414.55166,0.09949
10410.69442,0.09968
10406.83718,0.09962
10402.97994,0.09938
10399.12270,0.09938
10395.26545,0.09920
10391.40821,0.09856
10387.55097,0.09803
10383.69373,0.09793
10379.83649,0.09822
10375.97925,0.09884
10372.12201,0.09937
10368.26477,0.09949
10364.40752,0.09935
10360.55028,0.09913
10356.69304,0.09907
10352.83580,0.09919
10348.97856,0.09923
10345.12132,0.09930
10341.26408,0.09968
10337.40683,0.09984
10333.54959,0.09954
10329.69235,0.09962
10325.83511,0.10006
10321.97787,0.10002
10318.12063,0.09966
10314.26339,0.09961
10310.40615,0.09978
10306.54890,0.09985
10302.69166,0.10011
10298.83442,0.10079
10294.97718,0.10132
10291.11994,0.10127
10287.26270,0.10105
10283.40546,0.10126
10279.54821,0.10165
10275.69097,0.10156
10271.83373,0.10076
10267.97649,0.09970
10264.11925,0.09922
10260.26201,0.09958
10256.40477,0.10020
10252.54752,0.10033
10248.69028,0.09973
10244.83304,0.09928
10240.97580,0.09970
10237.11856,0.10038
10233.26132,0.10077
10229.40408,0.10101
10225.54684,0.10108
10221.68959,0.10080
10217.83235,0.10055
10213.97511,0.10079
10210.11787,0.10115
10206.26063,0.10136
10202.40339,0.10158
10198.54615,0.10148
10194.68890,0.10095
10190.83166,0.10063
10186.97442,0.10090
10183.11718,0.10142
10179.25994,0.10147
10175.40270,0.10102
10171.54546,0.10073
10167.68821,0.10072
10163.83097,0.10063
10159.97373,0.10049
10156.11649,0.10084
10152.25925,0.10166
10148.40201,0.10227
10144.54477,0.10229
10140.68753,0.10203
10136.83028,0.10188
10132.97304,0.10168
10129.11580,0.10119
10125.25856,0.10096
10121.40132,0.10140
10117.54408,0.10203
10113.68684,0.10257
10109.82959,0.10298
10105.97235,0.10288
10102.11511,0.10242
10098.25787,0.10218
10094.40063,0.10196
10090.54339,0.10140
10086.68615,0.10099
10082.82891,0.10105
10078.97166,0.10103
10075.11442,0.10074
10071.25718,0.10088
10067.39994,0.10167
10063.54270,0.10223
10059.68546,0.10206
10055.82822,0.10184
10051.97097,0.10201
10048.11373,0.10220
10044.25649,0.10215
10040.39925,0.10208
10036.54201,0.10204
10032.68477,0.10186
10028.82753,0.10185
10024.97028,0.10222
10021.11304,0.10238
10017.25580,0.10205
10013.39856,0.10193
10009.54132,0.10212
10005.68408,0.10199
10001.82684,0.10149
9997.96960,0.10139
9994.11235,0.10197
9990.25511,0.10238
9986.39787,0.10218
9982.54063,0.10201
9978.68339,0.10213
9974.82615,0.10207
9970.96891,0.10186
9967.11166,0.10199
9963.25442,0.10237
9959.39718,0.10250
9955.53994,0.10234
9951.68270,0.10245
9947.82546,0.10284
9943.96822,0.10288
9940.11097,0.10261
9936.25373,0.10269
9932.39649,0.10304
9928.53925,0.10292
9924.68201,0.10239
9920.82477,0.10211
9916.96753,0.10207
9913.11029,0.10208
9909.25304,0.10219
9905.39580,0.10209
9901.53856,0.10173
9897.68132,0.10174
9893.82408,0.10220
9889.96684,0.10239
9886.10960,0.10197
9882.25235,0.10136
9878.39511,0.10107
9874.53787,0.10136
9870.68063,0.10176
9866.82339,0.10179
9862.96615,0.10167
9859.10891,0.10154
9855.25167,0.10127
9851.39442,0.10104
9847.53718,0.10122
9843.67994,0.10179
9839.82270,0.10234
9835.96546,0.10236
9832.10822,0.10189
9828.25098,0.10147
9824.39373,0.10132
9820.53649,0.10136
9816.67925,0.10174
9812.82201,0.10223
9808.96477,0.10240
9805.10753,0.10236
9801.25029,0.10234
9797.39304,0.10207
9793.53580,0.10173
9789.67856,0.10189
9785.82132,0.10245
9781.96408,0.10273
9778.10684,0.10242
9774.24960,0.10190
9770.39236,0.10167
9766.53511,0.10171
9762.67787,0.10185
9758.82063,0.10205
9754.96339,0.10202
9751.10615,0.10175
9747.24891,0.10144
9743.39167,0.10112
9739.53442,0.10089
9735.67718,0.10074
9731.81994,0.10050
9727.96270,0.10042
9724.10546,0.10066
9720.24822,0.10083
9716.39098,0.10082
9712.53373,0.10079
9708.67649,0.10081
9704.81925,0.10110
9700.96201,0.10165
9697.10477,0.10205
9693.24753,0.10199
9689.39029,0.10167
9685.53305,0.10144
9681.67580,0.10119
9677.81856,0.10083
9673.96132,0.10053
9670.10408,0.10033
9666.24684,0.10024
9662.38960,0.10021
9658.53236,0.10036
9654.67511,0.10069
9650.81787,0.10066
9646.96063,0.10019
9643.10339,0.09989
9639.24615,0.09991
9635.38891,0.09991
9631.53167,0.09992
9627.67443,0.10022
9623.81718,0.10049
9619.95994,0.10033
9616.10270,0.09972
9612.24546,0.09903
9608.38822,0.09881
9604.53098,0.09906
9600.67374,0.09938
9596.81649,0.09960
9592.95925,0.09985
9589.10201,0.10003
9585.24477,0.09981
9581.38753,0.09919
9577.53029,0.09865
9573.67305,0.09851
9569.81580,0.09876
9565.95856,0.09928
9562.10132,0.09970
9558.24408,0.09976
9554.38684,0.09956
9550.52960,0.09937
9546.67236,0.09931
9542.81512,0.09933
9538.95787,0.09939
9535.10063,0.09945
9531.24339,0.09954
9527.38615,0.09964
9523.52891,0.09952
9519.67167,0.09909
9515.81443,0.09870
9511.95718,0.09857
9508.09994,0.09856
9504.24270,0.09860
9500.38546,0.09873
9496.52822,0.09889
9492.67098,0.09893
9488.81374,0.09884
9484.95649,0.09867
9481.09925,0.09854
9477.24201,0.09859
9473.38477,0.09867
9469.52753,0.09857
9465.67029,0.09837
9461.81305,0.09814
9457.95581,0.09783
9454.09856,0.09761
9450.24132,0.09775
9446.38408,0.09812
9442.52684,0.09841
9438.66960,0.09857
9434.81236,0.09869
9430.95512,0.09870
9427.09787,0.09849
9423.24063,0.09828
9419.38339,0.09834
9415.52615,0.09848
9411.66891,0.09854
9407.81167,0.09864
9403.95443,0.09863
9400.09719,0.09845
9396.23994,0.09821
9392.38270,0.09801
9388.52546,0.09801
9384.66822,0.09815
9380.81098,0.09829
9376.95374,0.09835
9373.09650,0.09812
9369.23925,0.09780
9365.38201,0.09784
9361.52477,0.09809
9357.66753,0.09828
9353.81029,0.09842
9349.95305,0.09840
9346.09581,0.09820
9342.23856,0.09810
9338.38132,0.09808
9334.52408,0.09783
9330.66684,0.09761
9326.80960,0.09778
9322.95236,0.09818
9319.09512,0.09837
9315.23788,0.09808
9311.38063,0.09752
9307.52339,0.09727
9303.66615,0.09763
9299.80891,0.09814
9295.95167,0.09828
9292.09443,0.09797
9288.23719,0.09757
9284.37994,0.09751
9280.52270,0.09768
9276.66546,0.09772
9272.80822,0.09770
9268.95098,0.09762
9265.09374,0.09735
9261.23650,0.09718
9257.37925,0.09737
9253.52201,0.09751
9249.66477,0.09742
9245.80753,0.09740
9241.95029,0.09739
9238.09305,0.09726
9234.23581,0.09735
9230.37857,0.09772
9226.52132,0.09790
9222.66408,0.09787
9218.80684,0.09795
9214.94960,0.09814
9211.09236,0.09828
9207.23512,0.09825
9203.37788,0.09804
9199.52063,0.09784
9195.66339,0.09778
9191.80615,0.09771
9187.94891,0.09766
9184.09167,0.09779
9180.23443,0.09793
9176.37719,0.09785
9172.51995,0.09766
9168.66270,0.09766
9164.80546,0.09786
9160.94822,0.09787
9157.09098,0.09765
9153.23374,0.09762
9149.37650,0.09774
9145.51926,0.09765
9141.66201,0.09760
9137.80477,0.09778
9133.94753,0.09788
9130.09029,0.09777
9126.23305,0.09764
9122.37581,0.09758
9118.51857,0.09756
9114.66132,0.09750
9110.80408,0.09751
9106.94684,0.09777
9103.08960,0.09817
9099.23236,0.09842
9095.37512,0.09835
9091.51788,0.09796
9087.66064,0.09763
9083.80339,0.09780
9079.94615,0.09828
9076.08891,0.09861
9072.23167,0.09865
9068.37443,0.09853
9064.51719,0.09838
9060.65995,0.09822
9056.80270,0.09810
9052.94546,0.09823
9049.08822,0.09865
9045.23098,0.09906
9041.37374,0.09920
9037.51650,0.09905
9033.65926,0.09887
9029.80201,0.09892
9025.94477,0.09921
9022.08753,0.09964
9018.23029,0.10001
9014.37305,0.10011
9010.51581,0.10010
9006.65857,0.10018
9002.80133,0.10044
8998.94408,0.10088
8995.08684,0.10122
8991.22960,0.10134
8987.37236,0.10147
8983.51512,0.10176
8979.65788,0.10211
8975.80064,0.10252
8971.94339,0.10302
8968.08615,0.10348
8964.22891,0.10394
8960.37167,0.10452
8956.51443,0.10511
8952.65719,0.10563
8948.79995,0.10616
8944.94271,0.10680
8941.08546,0.10750
8937.22822,0.10812
8933.37098,0.10866
8929.51374,0.10926
8925.65650,0.11010
8921.79926,0.11114
8917.94202,0.11215
8914.08477,0.11305
8910.22753,0.11388
8906.37029,0.11475
8902.51305,0.11574
8898.65581,0.11676
8894.79857,0.11784
8890.94133,0.11909
8887.08408,0.12030
8883.22684,0.12122
8879.36960,0.12217
8875.51236,0.12328
8871.65512,0.12412
8867.79788,0.12460
8863.94064,0.12499
8860.08340,0.12534
8856.22615,0.12550
8852.36891,0.12524
8848.51167,0.12455
8844.65443,0.12394
8840.79719,0.12364
8836.93995,0.12325
8833.08271,0.12263
8829.22546,0.12198
8825.36822,0.12138
8821.51098,0.12082
8817.65374,0.12005
8813.79650,0.11884
8809.93926,0.11752
8806.08202,0.11650
8802.22477,0.11565
8798.36753,0.11474
8794.51029,0.11371
8790.65305,0.11274
8786.79581,0.11199
8782.93857,0.11127
8779.08133,0.11047
8775.22409,0.10978
8771.36684,0.10924
8767.50960,0.10877
8763.65236,0.10839
8759.79512,0.10806
8755.93788,0.10770
8752.08064,0.10744
8748.22340,0.10738
8744.36615,0.10733
8740.50891,0.10724
8736.65167,0.10718
8732.79443,0.10712
8728.93719,0.10704
8725.07995,0.10706
8721.22271,0.10711
8717.36547,0.10710
8713.50822,0.10711
8709.65098,0.10732
8705.79374,0.10758
8701.93650,0.10771
8698.07926,0.10773
8694.22202,0.10780
8690.36478,0.10797
8686.50753,0.10803
8682.65029,0.10799
8678.79305,0.10810
8674.93581,0.10839
8671.07857,0.10870
8667.22133,0.10897
8663.36409,0.10925
8659.50684,0.10955
8655.64960,0.10980
8651.79236,0.10998
8647.93512,0.11020
8644.07788,0.11050
8640.22064,0.11082
8636.36340,0.11108
8632.50616,0.11129
8628.64891,0.11152
8624.79167,0.11174
8620.93443,0.11189
8617.07719,0.11211
8613.21995,0.11243
8609.36271,0.11277
8605.50547,0.11316
8601.64822,0.11359
8597.79098,0.11400
8593.93374,0.11435
8590.07650,0.11454
8586.21926,0.11467
8582.36202,0.11494
8578.50478,0.11526
8574.64753,0.11559
8570.79029,0.11589
8566.93305,0.11608
8563.07581,0.11617
8559.21857,0.11635
8555.36133,0.11662
8551.50409,0.11680
8547.64685,0.11684
8543.78960,0.11694
8539.93236,0.11725
8536.07512,0.11769
8532.21788,0.11810
8528.36064,0.11841
8524.50340,0.11870
8520.64616,0.11891
8516.78891,0.11898
8512.93167,0.11907
8509.07443,0.11927
8505.21719,0.11947
8501.35995,0.11950
8497.50271,0.11941
8493.64547,0.11939
8489.78822,0.11940
8485.93098,0.11944
8482.07374,0.11952
8478.21650,0.11961
8474.35926,0.11966
8470.50202,0.11964
8466.64478,0.11958
8462.78754,0.11948
8458.93029,0.11946
8455.07305,0.11951
8451.21581,0.11939
8447.35857,0.11908
8443.50133,0.11871
8439.64409,0.11834
8435.78685,0.11821
8431.92960,0.11838
8428.07236,0.11854
8424.21512,0.11842
8420.35788,0.11821
8416.50064,0.11808
8412.64340,0.11804
8408.78616,0.11817
8404.92892,0.11829
8401.07167,0.11814
8397.21443,0.11787
8393.35719,0.11761
8389.49995,0.11731
8385.64271,0.11701
8381.78547,0.11682
8377.92823,0.11672
8374.07098,0.11672
8370.21374,0.11673
8366.35650,0.11665
8362.49926,0.11660
8358.64202,0.11666
8354.78478,0.11671
8350.92754,0.11660
8347.07029,0.11634
8343.21305,0.11614
8339.35581,0.11613
8335.49857,0.11608
8331.64133,0.11584
8327.78409,0.11553
8323.92685,0.11541
8320.06961,0.11545
8316.21236,0.11547
8312.35512,0.11552
8308.49788,0.11564
8304.64064,0.11573
8300.78340,0.11580
8296.92616,0.11580
8293.06892,0.11575
8289.21167,0.11575
8285.35443,0.11577
8281.49719,0.11569
8277.63995,0.11557
8273.78271,0.11553
8269.92547,0.11565
8266.06823,0.11581
8262.21098,0.11585
8258.35374,0.11582
8254.49650,0.11576
8250.63926,0.11569
8246.78202,0.11571
8242.92478,0.11582
8239.06754,0.11592
8235.21030,0.11596
8231.35305,0.11593
8227.49581,0.11583
8223.63857,0.11577
8219.78133,0.11580
8215.92409,0.11586
8212.06685,0.11590
8208.20961,0.11589
8204.35236,0.11578
8200.49512,0.11559
8196.63788,0.11542
8192.78064,0.11533
8188.92340,0.11529
8185.06616,0.11511
8181.20892,0.11480
8177.35168,0.11456
8173.49443,0.11444
8169.63719,0.11432
8165.77995,0.11421
8161.92271,0.11417
8158.06547,0.11416
8154.20823,0.11409
8150.35099,0.11401
8146.49374,0.11396
8142.63650,0.11390
8138.77926,0.11375
8134.92202,0.11358
8131.06478,0.11347
8127.20754,0.11333
8123.35030,0.11307
8119.49305,0.11280
8115.63581,0.11261
8111.77857,0.11248
8107.92133,0.11231
8104.06409,0.11207
8100.20685,0.11187
8096.34961,0.11179
8092.49237,0.11175
8088.63512,0.11158
8084.77788,0.11129
8080.92064,0.11105
8077.06340,0.11088
8073.20616,0.11077
8069.34892,0.11070
8065.49168,0.11060
8061.63443,0.11042
8057.77719,0.11026
8053.91995,0.11030
8050.06271,0.11039
8046.20547,0.11027
8042.34823,0.11000
8038.49099,0.10978
8034.63374,0.10969
8030.77650,0.10959
8026.91926,0.10943
8023.06202,0.10941
8019.20478,0.10953
8015.34754,0.10950
8011.49030,0.10927
8007.63306,0.10906
8003.77581,0.10896
7999.91857,0.10890
7996.06133,0.10883
7992.20409,0.10871
7988.34685,0.10863
7984.48961,0.10862
7980.63237,0.10859
7976.77512,0.10853
7972.91788,0.10848
7969.06064,0.10846
7965.20340,0.10848
7961.34616,0.10851
7957.48892,0.10843
7953.63168,0.10822
7949.77444,0.10806
7945.91719,0.10804
7942.05995,0.10805
7938.20271,0.10799
7934.34547,0.10790
7930.48823,0.10787
7926.63099,0.10797
7922.77375,0.10805
7918.91650,0.10799
7915.05926,0.10787
7911.20202,0.10785
7907.34478,0.10794
7903.48754,0.10811
7899.63030,0.10820
7895.77306,0.10820
7891.91581,0.10817
7888.05857,0.10816
7884.20133,0.10823
7880.34409,0.10826
7876.48685,0.10811
7872.62961,0.10794
7868.77237,0.10798
7864.91513,0.10816
7861.05788,0.10822
7857.20064,0.10812
7853.34340,0.10807
7849.48616,0.10801
7845.62892,0.10780
7841.77168,0.10763
7837.91444,0.10764
7834.05719,0.10759
7830.19995,0.10735
7826.34271,0.10708
7822.48547,0.10698
7818.62823,0.10703
7814.77099,0.10708
7810.91375,0.10705
7807.05650,0.10700
7803.19926,0.10701
7799.34202,0.10699
7795.48478,0.10679
7791.62754,0.10657
7787.77030,0.10657
7783.91306,0.10653
7780.05582,0.10627
7776.19857,0.10610
7772.34133,0.10613
7768.48409,0.10607
7764.62685,0.10594
7760.76961,0.10596
7756.91237,0.10599
7753.05513,0.10587
7749.19788,0.10571
7745.34064,0.10561
7741.48340,0.10550
7737.62616,0.10532
7733.76892,0.10509
7729.91168,0.10494
7726.05444,0.10490
7722.19720,0.10473
7718.33995,0.10436
7714.48271,0.10417
7710.62547,0.10429
7706.76823,0.10439
7702.91099,0.10423
7699.05375,0.10406
7695.19651,0.10395
7691.33926,0.10376
7687.48202,0.10366
7683.62478,0.10388
7679.76754,0.10416
7675.91030,0.10419
7672.05306,0.10408
7668.19582,0.10405
7664.33857,0.10408
7660.48133,0.10412
7656.62409,0.10417
7652.76685,0.10421
7648.90961,0.10428
7645.05237,0.10445
7641.19513,0.10459
7637.33789,0.10456
7633.48064,0.10439
7629.62340,0.10421
7625.76616,0.10415
7621.90892,0.10422
7618.05168,0.10431
7614.19444,0.10447
7610.33720,0.10474
7606.47995,0.10509
7602.62271,0.10533
7598.76547,0.10531
7594.90823,0.10515
7591.05099,0.10508
7587.19375,0.10505
7583.33651,0.10505
7579.47926,0.10516
7575.62202,0.10533
7571.76478,0.10539
7567.90754,0.10544
7564.05030,0.10557
7560.19306,0.10580
7556.33582,0.10618
7552.47858,0.10657
7548.62133,0.10687
7544.76409,0.10718
7540.90685,0.10743
7537.04961,0.10756
7533.19237,0.10770
7529.33513,0.10786
7525.47789,0.10793
7521.62064,0.10798
7517.76340,0.10807
7513.90616,0.10829
7510.04892,0.10858
7506.19168,0.10880
7502.33444,0.10889
7498.47720,0.10899
7494.61996,0.10928
7490.76271,0.10970
7486.90547,0.11001
7483.04823,0.11016
7479.19099,0.11031
7475.33375,0.11066
7471.47651,0.11119
7467.61927,0.11168
7463.76202,0.11211
7459.90478,0.11264
7456.04754,0.11332
7452.19030,0.11405
7448.33306,0.11466
7444.47582,0.11518
7440.61858,0.11582
7436.76133,0.11665
7432.90409,0.11757
7429.04685,0.11852
7425.18961,0.11949
7421.33237,0.12045
7417.47513,0.12133
7413.61789,0.12204
7409.76065,0.12269
7405.90340,0.12341
7402.04616,0.12422
7398.18892,0.12512
7394.33168,0.12609
7390.47444,0.12700
7386.61720,0.12789
7382.75996,0.12892
7378.90271,0.13004
7375.04547,0.13114
7371.18823,0.13219
7367.33099,0.13312
7363.47375,0.13398
7359.61651,0.13488
7355.75927,0.13578
7351.90202,0.13656
7348.04478,0.13726
7344.18754,0.13800
7340.33030,0.13875
7336.47306,0.13938
7332.61582,0.13992
7328.75858,0.14047
7324.90134,0.14094
7321.04409,0.14126
7317.18685,0.14153
7313.32961,0.14174
7309.47237,0.14184
7305.61513,0.14193
7301.75789,0.14215
7297.90065,0.14245
7294.04340,0.14270
7290.18616,0.14290
7286.32892,0.14313
7282.47168,0.14334
7278.61444,0.14355
7274.75720,0.14386
7270.89996,0.14420
7267.04272,0.14454
7263.18547,0.14495
7259.32823,0.14538
7255.47099,0.14571
7251.61375,0.14597
7247.75651,0.14626
7243.89927,0.14652
7240.04203,0.14670
7236.18478,0.14684
7232.32754,0.14695
7228.47030,0.14701
7224.61306,0.14712
7220.75582,0.14734
7216.89858,0.14762
7213.04134,0.14786
7209.18409,0.14802
7205.32685,0.14809
7201.46961,0.14815
7197.61237,0.14829
7193.75513,0.14852
7189.89789,0.14881
7186.04065,0.14912
7182.18341,0.14947
7178.32616,0.14985
7174.46892,0.15026
7170.61168,0.15073
7166.75444,0.15132
7162.89720,0.15201
7159.03996,0.15273
7155.18272,0.15346
7151.32547,0.15432
7147.46823,0.15532
7143.61099,0.15643
7139.75375,0.15756
7135.89651,0.15860
7132.03927,0.15955
7128.18203,0.16053
7124.32478,0.16161
7120.46754,0.16277
7116.61030,0.16392
7112.75306,0.16508
7108.89582,0.16626
7105.03858,0.16746
7101.18134,0.16872
7097.32410,0.17004
7093.46685,0.17140
7089.60961,0.17277
7085.75237,0.17413
7081.89513,0.17552
7078.03789,0.17709
7074.18065,0.17886
7070.32341,0.18059
7066.46616,0.18219
7062.60892,0.18379
7058.75168,0.18538
7054.89444,0.18697
7051.03720,0.18855
7047.17996,0.19007
7043.32272,0.19158
7039.46548,0.19308
7035.60823,0.19453
7031.75099,0.19588
7027.89375,0.19716
7024.03651,0.19839
7020.17927,0.19952
7016.32203,0.20056
7012.46479,0.20154
7008.60754,0.20250
7004.75030,0.20343
7000.89306,0.20430
6997.03582,0.20510
6993.17858,0.20588
6989.32134,0.20673
6985.46410,0.20762
6981.60685,0.20848
6977.74961,0.20924
6973.89237,0.20989
6970.03513,0.21049
6966.17789,0.21103
6962.32065,0.21152
6958.46341,0.21202
6954.60617,0.21256
6950.74892,0.21304
6946.89168,0.21343
6943.03444,0.21378
6939.17720,0.21415
6935.31996,0.21460
6931.46272,0.21509
6927.60548,0.21554
6923.74823,0.21596
6919.89099,0.21643
6916.03375,0.21694
6912.17651,0.21738
6908.31927,0.21777
6904.46203,0.21810
6900.60479,0.21844
6896.74754,0.21884
6892.89030,0.21929
6889.03306,0.21975
6885.17582,0.22029
6881.31858,0.22085
6877.46134,0.22136
6873.60410,0.22184
6869.74686,0.22235
6865.88961,0.22303
6862.03237,0.22385
6858.17513,0.22465
6854.31789,0.22536
6850.46065,0.22602
6846.60341,0.22663
6842.74617,0.22727
6838.88892,0.22795
6835.03168,0.22870
6831.17444,0.22951
6827.31720,0.23034
6823.45996,0.23117
6819.60272,0.23195
6815.74548,0.23267
6811.88824,0.23343
6808.03099,0.23430
6804.17375,0.23518
6800.31651,0.23598
6796.45927,0.23679
6792.60203,0.23770
6788.74479,0.23865
6784.88755,0.23954
6781.03030,0.24043
6777.17306,0.24126
6773.31582,0.24198
6769.45858,0.24267
6765.60134,0.24339
6761.74410,0.24405
6757.88686,0.24461
6754.02961,0.24505
6750.17237,0.24546
6746.31513,0.24585
6742.45789,0.24615
6738.60065,0.24637
6734.74341,0.24658
6730.88617,0.24679
6727.02893,0.24699
6723.17168,0.24711
6719.31444,0.24714
6715.45720,0.24717
6711.59996,0.24726
6707.74272,0.24731
6703.88548,0.24730
6700.02824,0.24728
6696.17099,0.24728
6692.31375,0.24724
6688.45651,0.24714
6684.59927,0.24700
6680.74203,0.24684
6676.88479,0.24668
6673.02755,0.24652
6669.17030,0.24627
6665.31306,0.24590
6661.45582,0.24546
6657.59858,0.24506
6653.74134,0.24471
6649.88410,0.24434
6646.02686,0.24396
6642.16962,0.24359
6638.31237,0.24326
6634.45513,0.24290
6630.59789,0.24240
6626.74065,0.24178
6622.88341,0.24117
6619.02617,0.24063
6615.16893,0.24010
6611.31168,0.23956
6607.45444,0.23908
6603.59720,0.23860
6599.73996,0.23809
6595.88272,0.23764
6592.02548,0.23733
6588.16824,0.23699
6584.31100,0.23658
6580.45375,0.23630
6576.59651,0.23621
6572.73927,0.23622
6568.88203,0.23620
6565.02479,0.23609
6561.16755,0.23600
6557.31031,0.23606
6553.45306,0.23621
6549.59582,0.23635
6545.73858,0.23646
6541.88134,0.23657
6538.02410,0.23674
6534.16686,0.23700
6530.30962,0.23728
6526.45237,0.23747
6522.59513,0.23756
6518.73789,0.23760
6514.88065,0.23763
6511.02341,0.23771
6507.16617,0.23785
6503.30893,0.23799
6499.45169,0.23812
6495.59444,0.23822
6491.73720,0.23830
6487.87996,0.23834
6484.02272,0.23832
6480.16548,0.23820
6476.30824,0.23801
6472.45100,0.23784
6468.59375,0.23770
6464.73651,0.23753
6460.87927,0.23734
6457.02203,0.23719
6453.16479,0.23703
6449.30755,0.23678
6445.45031,0.23643
6441.59306,0.23608
6437.73582,0.23571
6433.87858,0.23534
6430.02134,0.23501
6426.16410,0.23471
6422.30686,0.23436
6418.44962,0.23394
6414.59238,0.23351
6410.73513,0.23316
6406.87789,0.23289
6403.02065,0.23265
6399.16341,0.23246
6395.30617,0.23236
6391.44893,0.23224
6387.59169,0.23201
6383.73444,0.23175
6379.87720,0.23158
6376.01996,0.23145
6372.16272,0.23130
6368.30548,0.23115
6364.44824,0.23097
6360.59100,0.23073
6356.73376,0.23049
6352.87651,0.23033
6349.01927,0.23019
6345.16203,0.23004
6341.30479,0.22995
6337.44755,0.22996
6333.59031,0.23000
6329.73307,0.23003
6325.87582,0.23003
6322.01858,0.22999
6318.16134,0.22992
6314.30410,0.22985
6310.44686,0.22978
6306.58962,0.22968
6302.73238,0.22951
6298.87513,0.22926
6295.01789,0.22891
6291.16065,0.22847
6287.30341,0.22795
6283.44617,0.22734
6279.58893,0.22663
6275.73169,0.22588
6271.87445,0.22514
6268.01720,0.22444
6264.15996,0.22377
6260.30272,0.22308
6256.44548,0.22229
6252.58824,0.22140
6248.73100,0.22049
6244.87376,0.21959
6241.01651,0.21867
6237.15927,0.21769
6233.30203,0.21666
6229.44479,0.21562
6225.58755,0.21463
6221.73031,0.21379
6217.87307,0.21324
6214.01582,0.21303
6210.15858,0.21317
6206.30134,0.21352
6202.44410,0.21391
6198.58686,0.21417
6194.72962,0.21400
6190.87238,0.21319
6187.01514,0.21189
6183.15789,0.21043
6179.30065,0.20904
6175.44341,0.20789
6171.58617,0.20710
6167.72893,0.20660
6163.87169,0.20635
6160.01445,0.20645
6156.15720,0.20688
6152.29996,0.20750
6148.44272,0.20811
6144.58548,0.20846
6140.72824,0.20842
6136.87100,0.20806
6133.01376,0.20766
6129.15652,0.20751
6125.29927,0.20784
6121.44203,0.20878
6117.58479,0.21044
6113.72755,0.21293
6109.87031,0.21625
6106.01307,0.22034
6102.15583,0.22498
6098.29858,0.22993
6094.44134,0.23502
6090.58410,0.24013
6086.72686,0.24496
6082.86962,0.24939
6079.01238,0.25365
6075.15514,0.25824
6071.29789,0.26372
6067.44065,0.27022
6063.58341,0.27730
6059.72617,0.28428
6055.86893,0.29058
6052.01169,0.29603
6048.15445,0.30090
6044.29721,0.30562
6040.43996,0.31065
6036.58272,0.31632
6032.72548,0.32237
6028.86824,0.32803
6025.01100,0.33245
6021.15376,0.33483
6017.29652,0.33456
6013.43927,0.33141
6009.58203,0.32567
6005.72479,0.31812
6001.86755,0.30979
5998.01031,0.30168
5994.15307,0.29460
5990.29583,0.28905
5986.43858,0.28508
5982.58134,0.28241
5978.72410,0.28030
5974.86686,0.27774
5971.00962,0.27414
5967.15238,0.26983
5963.29514,0.26574
5959.43790,0.26266
5955.58065,0.26080
5951.72341,0.25995
5947.86617,0.25960
5944.00893,0.25897
5940.15169,0.25742
5936.29445,0.25465
5932.43721,0.25077
5928.57996,0.24627
5924.72272,0.24171
5920.86548,0.23748
5917.00824,0.23373
5913.15100,0.23056
5909.29376,0.22819
5905.43652,0.22691
5901.57927,0.22689
5897.72203,0.22804
5893.86479,0.23005
5890.00755,0.23255
5886.15031,0.23534
5882.29307,0.23821
5878.43583,0.24087
5874.57859,0.24317
5870.72134,0.24517
5866.86410,0.24673
5863.00686,0.24758
5859.14962,0.24757
5855.29238,0.24689
5851.43514,0.24588
5847.57790,0.24485
5843.72065,0.24398
5839.86341,0.24338
5836.00617,0.24309
5832.14893,0.24303
5828.29169,0.24314
5824.43445,0.24339
5820.57721,0.24373
5816.71997,0.24415
5812.86272,0.24449
5809.00548,0.24461
5805.14824,0.24449
5801.29100,0.24419
5797.43376,0.24379
5793.57652,0.24338
5789.71928,0.24302
5785.86203,0.24271
5782.00479,0.24239
5778.14755,0.24200
5774.29031,0.24144
5770.43307,0.24069
5766.57583,0.23974
5762.71859,0.23857
5758.86134,0.23709
5755.00410,0.23538
5751.14686,0.23359
5747.28962,0.23172
5743.43238,0.22971
5739.57514,0.22771
5735.71790,0.22590
5731.86066,0.22437
5728.00341,0.22322
5724.14617,0.22253
5720.28893,0.22225
5716.43169,0.22230
5712.57445,0.22254
5708.71721,0.22274
5704.85997,0.22274
5701.00272,0.22255
5697.14548,0.22229
5693.28824,0.22195
5689.43100,0.22151
5685.57376,0.22104
5681.71652,0.22068
5677.85928,0.22053
5674.00203,0.22059
5670.14479,0.22088
5666.28755,0.22135
5662.43031,0.22188
5658.57307,0.22233
5654.71583,0.22259
5650.85859,0.22253
5647.00135,0.22204
5643.14410,0.22117
5639.28686,0.22012
5635.42962,0.21903
5631.57238,0.21798
5627.71514,0.21708
5623.85790,0.21633
5620.00066,0.21578
5616.14341,0.21548
5612.28617,0.21536
5608.42893,0.21531
5604.57169,0.21539
5600.71445,0.21567
5596.85721,0.21612
5592.99997,0.21669
5589.14273,0.21729
5585.28548,0.21793
5581.42824,0.21862
5577.57100,0.21935
5573.71376,0.22002
5569.85652,0.22058
5565.99928,0.22094
5562.14204,0.22108
5558.28479,0.22104
5554.42755,0.22090
5550.57031,0.22075
5546.71307,0.22067
5542.85583,0.22065
5538.99859,0.22065
5535.14135,0.22067
5531.28410,0.22065
5527.42686,0.22051
5523.56962,0.22024
5519.71238,0.21983
5515.85514,0.21940
5511.99790,0.21907
5508.14066,0.21891
5504.28342,0.21896
5500.42617,0.21921
5496.56893,0.21968
5492.71169,0.22032
5488.85445,0.22099
5484.99721,0.22151
5481.13997,0.22181
5477.28273,0.22186
5473.42548,0.22157
5469.56824,0.22092
5465.71100,0.22006
5461.85376,0.21914
5457.99652,0.21814
5454.13928,0.21693
5450.28204,0.21550
5446.42479,0.21388
5442.56755,0.21221
5438.71031,0.21060
5434.85307,0.20904
5430.99583,0.20758
5427.13859,0.20634
5423.28135,0.20540
5419.42411,0.20468
5415.56686,0.20411
5411.70962,0.20372
5407.85238,0.20350
5403.99514,0.20335
5400.13790,0.20313
5396.28066,0.20285
5392.42342,0.20262
5388.56617,0.20250
5384.70893,0.20247
5380.85169,0.20258
5376.99445,0.20282
5373.13721,0.20312
5369.27997,0.20347
5365.42273,0.20395
5361.56549,0.20454
5357.70824,0.20512
5353.85100,0.20567
5349.99376,0.20612
5346.13652,0.20641
5342.27928,0.20662
5338.42204,0.20685
5334.56480,0.20717
5330.70755,0.20762
5326.85031,0.20829
5322.99307,0.20923
5319.13583,0.21046
5315.27859,0.21199
5311.42135,0.21379
5307.56411,0.21594
5303.70686,0.21847
5299.84962,0.22132
5295.99238,0.22449
5292.13514,0.22810
5288.27790,0.23225
5284.42066,0.23691
5280.56342,0.24207
5276.70618,0.24763
5272.84893,0.25340
5268.99169,0.25924
5265.13445,0.26512
5261.27721,0.27074
5257.41997,0.27582
5253.56273,0.28038
5249.70549,0.28445
5245.84824,0.28804
5241.99100,0.29116
5238.13376,0.29380
5234.27652,0.29611
5230.41928,0.29813
5226.56204,0.29987
5222.70480,0.30137
5218.84755,0.30264
5214.99031,0.30361
5211.13307,0.30438
5207.27583,0.30510
5203.41859,0.30581
5199.56135,0.30636
5195.70411,0.30678
5191.84687,0.30712
5187.98962,0.30740
5184.13238,0.30757
5180.27514,0.30762
5176.41790,0.30756
5172.56066,0.30746
5168.70342,0.30733
5164.84618,0.30717
5160.98893,0.30700
5157.13169,0.30687
5153.27445,0.30674
5149.41721,0.30654
5145.55997,0.30627
5141.70273,0.30596
5137.84549,0.30572
5133.98825,0.30560
5130.13100,0.30558
5126.27376,0.30547
5122.41652,0.30504
5118.55928,0.30397
5114.70204,0.30206
5110.84480,0.29940
5106.98756,0.29634
5103.13031,0.29317
5099.27307,0.29005
5095.41583,0.28711
5091.55859,0.28439
5087.70135,0.28188
5083.84411,0.27959
5079.98687,0.27754
5076.12962,0.27570
5072.27238,0.27399
5068.41514,0.27236
5064.55790,0.27078
5060.70066,0.26930
5056.84342,0.26801
5052.98618,0.26686
5049.12894,0.26575
5045.27169,0.26464
5041.41445,0.26356
5037.55721,0.26261
5033.69997,0.26175
5029.84273,0.26095
5025.98549,0.26022
5022.12825,0.25958
5018.27100,0.25901
5014.41376,0.25847
5010.55652,0.25789
5006.69928,0.25728
5002.84204,0.25667
4998.98480,0.25602
4995.12756,0.25538
4991.27031,0.25488
4987.41307,0.25457
4983.55583,0.25445
4979.69859,0.25456
4975.84135,0.25487
4971.98411,0.25537
4968.12687,0.25609
4964.26963,0.25708
4960.41238,0.25833
4956.55514,0.25985
4952.69790,0.26159
4948.84066,0.26347
4944.98342,0.26544
4941.12618,0.26755
4937.26894,0.26979
4933.41169,0.27207
4929.55445,0.27437
4925.69721,0.27679
4921.83997,0.27940
4917.98273,0.28219
4914.12549,0.28514
4910.26825,0.28832
4906.41101,0.29165
4902.55376,0.29500
4898.69652,0.29844
4894.83928,0.30199
4890.98204,0.30563
4887.12480,0.30931
4883.26756,0.31305
4879.41032,0.31687
4875.55307,0.32068
4871.69583,0.32434
4867.83859,0.32783
4863.98135,0.33120
4860.12411,0.33448
4856.26687,0.33772
4852.40963,0.34100
4848.55238,0.34445
4844.69514,0.34821
4840.83790,0.35231
4836.98066,0.35662
4833.12342,0.36105
4829.26618,0.36553
4825.40894,0.36992
4821.55170,0.37407
4817.69445,0.37790
4813.83721,0.38142
4809.97997,0.38471
4806.12273,0.38771
4802.26549,0.39034
4798.40825,0.39261
4794.55101,0.39441
4790.69376,0.39560
4786.83652,0.39626
4782.97928,0.39667
4779.12204,0.39700
4775.26480,0.39734
4771.40756,0.39786
4767.55032,0.39874
4763.69307,0.40012
4759.83583,0.40205
4755.97859,0.40444
4752.12135,0.40705
4748.26411,0.40966
4744.40687,0.41216
4740.54963,0.41453
4736.69239,0.41711
4732.83514,0.42042
4728.97790,0.42463
4725.12066,0.42906
4721.26342,0.43247
4717.40618,0.43414
4713.54894,0.43469
4709.69170,0.43559
4705.83445,0.43825
4701.97721,0.44323
4698.11997,0.44956
4694.26273,0.45483
4690.40549,0.45657
4686.54825,0.45360
4682.69101,0.44639
4678.83377,0.43667
4674.97652,0.42665
4671.11928,0.41825
4667.26204,0.41234
4663.40480,0.40865
4659.54756,0.40653
4655.69032,0.40581
4651.83308,0.40703
4647.97583,0.41070
4644.11859,0.41623
4640.26135,0.42170
4636.40411,0.42454
4632.54687,0.42265
4628.68963,0.41557
4624.83239,0.40494
4620.97514,0.39361
4617.11790,0.38399
4613.26066,0.37711
4609.40342,0.37298
4605.54618,0.37139
4601.68894,0.37223
4597.83170,0.37501
4593.97446,0.37841
4590.11721,0.38125
4586.25997,0.38351
4582.40273,0.38485
4578.54549,0.38344
4574.68825,0.37780
4570.83101,0.36895
4566.97377,0.35970
4563.11652,0.35232
4559.25928,0.34752
4555.40204,0.34489
4551.54480,0.34356
4547.68756,0.34275
4543.83032,0.34206
4539.97308,0.34146
4536.11583,0.34107
4532.25859,0.34110
4528.40135,0.34172
4524.54411,0.34298
4520.68687,0.34484
4516.82963,0.34740
4512.97239,0.35090
4509.11515,0.35571
4505.25790,0.36223
4501.40066,0.37060
4497.54342,0.38043
4493.68618,0.39065
4489.82894,0.39965
4485.97170,0.40663
4482.11446,0.41242
4478.25721,0.41881
4474.39997,0.42752
4470.54273,0.43960
4466.68549,0.45485
4462.82825,0.47097
4458.97101,0.48388
4455.11377,0.49126
4451.25653,0.49501
4447.39928,0.49872
4443.54204,0.50396
4439.68480,0.50984
4435.82756,0.51457
4431.97032,0.51649
4428.11308,0.51471
4424.25584,0.50998
4420.39859,0.50475
4416.54135,0.50150
4412.68411,0.50111
4408.82687,0.50265
4404.96963,0.50399
4401.11239,0.50329
4397.25515,0.50011
4393.39790,0.49534
4389.54066,0.49020
4385.68342,0.48560
4381.82618,0.48197
4377.96894,0.47935
4374.11170,0.47776
4370.25446,0.47737
4366.39722,0.47825
4362.53997,0.47986
4358.68273,0.48142
4354.82549,0.48284
4350.96825,0.48461
4347.11101,0.48707
4343.25377,0.49017
4339.39653,0.49340
4335.53928,0.49613
4331.68204,0.49826
4327.82480,0.50023
4323.96756,0.50248
4320.11032,0.50531
4316.25308,0.50894
4312.39584,0.51359
4308.53859,0.51924
4304.68135,0.52543
4300.82411,0.53137
4296.96687,0.53644
4293.10963,0.54015
4289.25239,0.54205
4285.39515,0.54228
4281.53791,0.54159
4277.68066,0.54046
4273.82342,0.53880
4269.96618,0.53655
4266.10894,0.53400
4262.25170,0.53171
4258.39446,0.53026
4254.53722,0.52988
4250.67997,0.53026
4246.82273,0.53060
4242.96549,0.53013
4239.10825,0.52875
4235.25101,0.52714
4231.39377,0.52598
4227.53653,0.52508
4223.67929,0.52362
4219.82204,0.52105
4215.96480,0.51763
4212.10756,0.51421
4208.25032,0.51139
4204.39308,0.50911
4200.53584,0.50726
4196.67860,0.50630
4192.82135,0.50699
4188.96411,0.50974
4185.10687,0.51434
4181.24963,0.51921
4177.39239,0.52157
4173.53515,0.51952
4169.67791,0.51369
4165.82066,0.50651
4161.96342,0.50034
4158.10618,0.49630
4154.24894,0.49441
4150.39170,0.49441
4146.53446,0.49632
4142.67722,0.50002
4138.81998,0.50477
4134.96273,0.50944
4131.10549,0.51325
4127.24825,0.51628
4123.39101,0.51924
4119.53377,0.52308
4115.67653,0.52862
4111.81929,0.53630
4107.96204,0.54632
4104.10480,0.55921
4100.24756,0.57597
4096.39032,0.59563
4092.53308,0.61212
4088.67584,0.61818
4084.81860,0.61285
4080.96135,0.60072
4077.10411,0.58692
4073.24687,0.57543
4069.38963,0.56809
4065.53239,0.56433
4061.67515,0.56296
4057.81791,0.56331
4053.96067,0.56474
4050.10342,0.56653
4046.24618,0.56823
4042.38894,0.56944
4038.53170,0.57003
4034.67446,0.57034
4030.81722,0.57069
4026.95998,0.57104
4023.10273,0.57123
4019.24549,0.57110
4015.38825,0.57046
4011.53101,0.56916
4007.67377,0.56724
4003.81653,0.56494
3999.95929,0.56239
3996.10205,0.55943
3992.24480,0.55625
3988.38756,0.55342
3984.53032,0.55128
3980.67308,0.54970
3976.81584,0.54835
3972.95860,0.54680
3969.10136,0.54480
3965.24411,0.54232
3961.38687,0.53937
3957.52963,0.53626
3953.67239,0.53325
3949.81515,0.53024
3945.95791,0.52725
3942.10067,0.52451
3938.24342,0.52208
3934.38618,0.51983
3930.52894,0.51768
3926.67170,0.51570
3922.81446,0.51381
3918.95722,0.51186
3915.09998,0.50981
3911.24274,0.50764
3907.38549,0.50493
3903.52825,0.50118
3899.67101,0.49701
3895.81377,0.49343
3891.95653,0.49033
3888.09929,0.48770
3884.24205,0.48564
3880.38480,0.48385
3876.52756,0.48193
3872.67032,0.47942
3868.81308,0.47626
3864.95584,0.47292
3861.09860,0.46992
3857.24136,0.46717
3853.38411,0.46424
3849.52687,0.46209
3845.66963,0.46079
3841.81239,0.45942
3837.95515,0.45816
3834.09791,0.45756
3830.24067,0.45734
3826.38343,0.45740
3822.52618,0.45840
3818.66894,0.46111
3814.81170,0.46461
3810.95446,0.46729
3807.09722,0.46862
3803.23998,0.46819
3799.38274,0.46615
3795.52549,0.46388
3791.66825,0.46227
3787.81101,0.46155
3783.95377,0.46186
3780.09653,0.46326
3776.23929,0.46538
3772.38205,0.46790
3768.52481,0.47099
3764.66756,0.47445
3760.81032,0.47729
3756.95308,0.47820
3753.09584,0.47627
3749.23860,0.47257
3745.38136,0.47057
3741.52412,0.47163
3737.66687,0.47488
3733.80963,0.47933
3729.95239,0.48241
3726.09515,0.48327
3722.23791,0.48378
3718.38067,0.48554
3714.52343,0.48925
3710.66618,0.49602
3706.80894,0.50544
3702.95170,0.51648
3699.09446,0.52947
3695.23722,0.54428
3691.37998,0.56345
3687.52274,0.58572
3683.66550,0.60114
3679.80825,0.61043
3675.95101,0.62105
3672.09377,0.63728
3668.23653,0.65671
3664.37929,0.67533
3660.52205,0.69241
3656.66481,0.70922
3652.80756,0.72711
3648.95032,0.74777
3645.09308,0.76804
3641.23584,0.78249
3637.37860,0.79273
3633.52136,0.80112
3629.66412,0.81091
3625.80687,0.82226
3621.94963,0.83000
3618.09239,0.83559
3614.23515,0.84223
3610.37791,0.85215
3606.52067,0.86248
3602.66343,0.86939
3598.80619,0.87588
