12493.60475,0.10135
12489.74751,0.10130
12485.89027,0.10011
12482.03303,0.09898
12478.17579,0.09976
12474.31855,0.10055
12470.46130,0.10084
12466.60406,0.10289
12462.74682,0.10363
12458.88958,0.09952
12455.03234,0.09629
12451.17510,0.09900
12447.31786,0.10228
12443.46062,0.10164
12439.60337,0.09959
12435.74613,0.09788
12431.88889,0.09645
12428.03165,0.09693
12424.17441,0.10044
12420.31717,0.10363
12416.45993,0.10327
12412.60268,0.10191
12408.74544,0.10237
12404.88820,0.10359
12401.03096,0.10433
12397.17372,0.10366
12393.31648,0.10107
12389.45924,0.09799
12385.60199,0.09505
12381.74475,0.09289
12377.88751,0.09430
12374.03027,0.09811
12370.17303,0.09946
12366.31579,0.09837
12362.45855,0.09872
12358.60131,0.09988
12354.74406,0.09978
12350.88682,0.10095
12347.02958,0.10267
12343.17234,0.10054
12339.31510,0.09684
12335.45786,0.09625
12331.60062,0.09843
12327.74337,0.10120
12323.88613,0.10267
12320.02889,0.10224
12316.17165,0.10110
12312.31441,0.10006
12308.45717,0.09909
12304.59993,0.09757
12300.74268,0.09679
12296.88544,0.09929
12293.02820,0.10236
12289.17096,0.10227
12285.31372,0.10084
12281.45648,0.10094
12277.59924,0.10329
12273.74200,0.10621
12269.88475,0.10692
12266.02751,0.10536
12262.17027,0.10308
12258.31303,0.10204
12254.45579,0.10341
12250.59855,0.10410
12246.74131,0.10206
12242.88406,0.10066
12239.02682,0.10163
12235.16958,0.10364
12231.31234,0.10557
12227.45510,0.10597
12223.59786,0.10433
12219.74062,0.10145
12215.88338,0.09880
12212.02613,0.09808
12208.16889,0.09935
12204.31165,0.10078
12200.45441,0.10119
12196.59717,0.10032
12192.73993,0.09851
12188.88269,0.09821
12185.02544,0.10052
12181.16820,0.10289
12177.31096,0.10384
12173.45372,0.10363
12169.59648,0.10223
12165.73924,0.10144
12161.88200,0.10303
12158.02475,0.10455
12154.16751,0.10331
12150.31027,0.10076
12146.45303,0.09922
12142.59579,0.09880
12138.73855,0.09832
12134.88131,0.09741
12131.02407,0.09607
12127.16682,0.09425
12123.30958,0.09350
12119.45234,0.09492
12115.59510,0.09766
12111.73786,0.10014
12107.88062,0.10135
12104.02338,0.10138
12100.16613,0.10053
12096.30889,0.09942
12092.45165,0.09899
12088.59441,0.09898
12084.73717,0.09852
12080.87993,0.09814
12077.02269,0.09866
12073.16544,0.09895
12069.30820,0.09840
12065.45096,0.09840
12061.59372,0.09962
12057.73648,0.10090
12053.87924,0.10085
12050.02200,0.10011
12046.16476,0.09994
12042.30751,0.10027
12038.45027,0.10037
12034.59303,0.09966
12030.73579,0.09870
12026.87855,0.09822
12023.02131,0.09796
12019.16407,0.09866
12015.30682,0.10066
12011.44958,0.10146
12007.59234,0.09991
12003.73510,0.09847
11999.87786,0.09932
11996.02062,0.10199
11992.16338,0.10403
11988.30614,0.10407
11984.44889,0.10292
11980.59165,0.10097
11976.73441,0.09883
11972.87717,0.09802
11969.01993,0.09886
11965.16269,0.10030
11961.30545,0.10142
11957.44820,0.10210
11953.59096,0.10264
11949.73372,0.10341
11945.87648,0.10446
11942.01924,0.10477
11938.16200,0.10373
11934.30476,0.10237
11930.44751,0.10204
11926.59027,0.10311
11922.73303,0.10458
11918.87579,0.10504
11915.01855,0.10465
11911.16131,0.10405
11907.30407,0.10327
11903.44683,0.10265
11899.58958,0.10281
11895.73234,0.10422
11891.87510,0.10586
11888.01786,0.10632
11884.16062,0.10627
11880.30338,0.10652
11876.44614,0.10710
11872.58889,0.10770
11868.73165,0.10739
11864.87441,0.10632
11861.01717,0.10546
11857.15993,0.10546
11853.30269,0.10617
11849.44545,0.10567
11845.58820,0.10420
11841.73096,0.10484
11837.87372,0.10644
11834.01648,0.10604
11830.15924,0.10513
11826.30200,0.10567
11822.44476,0.10711
11818.58752,0.10848
11814.73027,0.10902
11810.87303,0.10831
11807.01579,0.10698
11803.15855,0.10655
11799.30131,0.10726
11795.44407,0.10795
11791.58683,0.10825
11787.72958,0.10789
11783.87234,0.10644
11780.01510,0.10517
11776.15786,0.10577
11772.30062,0.10756
11768.44338,0.10847
11764.58614,0.10798
11760.72890,0.10729
11756.87165,0.10705
11753.01441,0.10692
11749.15717,0.10697
11745.29993,0.10707
11741.44269,0.10646
11737.58545,0.10551
11733.72821,0.10520
11729.87096,0.10621
11726.01372,0.10848
11722.15648,0.10961
11718.29924,0.10807
11714.44200,0.10670
11710.58476,0.10796
11706.72752,0.11054
11702.87027,0.11186
11699.01303,0.11070
11695.15579,0.10873
11691.29855,0.10788
11687.44131,0.10762
11683.58407,0.10738
11679.72683,0.10741
11675.86959,0.10705
11672.01234,0.10650
11668.15510,0.10759
11664.29786,0.10966
11660.44062,0.11046
11656.58338,0.11078
11652.72614,0.11161
11648.86890,0.11085
11645.01165,0.10802
11641.15441,0.10608
11637.29717,0.10677
11633.43993,0.10789
11629.58269,0.10727
11625.72545,0.10643
11621.86821,0.10687
11618.01096,0.10782
11614.15372,0.10797
11610.29648,0.10686
11606.43924,0.10623
11602.58200,0.10674
11598.72476,0.10634
11594.86752,0.10513
11591.01028,0.10556
11587.15303,0.10751
11583.29579,0.10830
11579.43855,0.10711
11575.58131,0.10630
11571.72407,0.10776
11567.86683,0.10953
11564.00959,0.10903
11560.15234,0.10759
11556.29510,0.10787
11552.43786,0.11004
11548.58062,0.11125
11544.72338,0.10936
11540.86614,0.10702
11537.00890,0.10733
11533.15166,0.10865
11529.29441,0.10784
11525.43717,0.10548
11521.57993,0.10478
11517.72269,0.10589
11513.86545,0.10646
11510.00821,0.10676
11506.15097,0.10850
11502.29372,0.11079
11498.43648,0.11086
11494.57924,0.10839
11490.72200,0.10716
11486.86476,0.10946
11483.00752,0.11164
11479.15028,0.11049
11475.29303,0.10877
11471.43579,0.10954
11467.57855,0.11081
11463.72131,0.10987
11459.86407,0.10787
11456.00683,0.10729
11452.14959,0.10841
11448.29235,0.10923
11444.43510,0.10808
11440.57786,0.10609
11436.72062,0.10549
11432.86338,0.10619
11429.00614,0.10629
11425.14890,0.10526
11421.29166,0.10447
11417.43441,0.10429
11413.57717,0.10408
11409.71993,0.10413
11405.86269,0.10460
11402.00545,0.10522
11398.14821,0.10573
11394.29097,0.10563
11390.43372,0.10485
11386.57648,0.10414
11382.71924,0.10441
11378.86200,0.10466
11375.00476,0.10328
11371.14752,0.10210
11367.29028,0.10334
11363.43304,0.10584
11359.57579,0.10775
11355.71855,0.10838
11351.86131,0.10752
11348.00407,0.10604
11344.14683,0.10507
11340.28959,0.10486
11336.43235,0.10514
11332.57510,0.10570
11328.71786,0.10664
11324.86062,0.10757
11321.00338,0.10759
11317.14614,0.10637
11313.28890,0.10478
11309.43166,0.10436
11305.57442,0.10490
11301.71717,0.10503
11297.85993,0.10475
11294.00269,0.10490
11290.14545,0.10582
11286.28821,0.10717
11282.43097,0.10788
11278.57373,0.10717
11274.71648,0.10618
11270.85924,0.10624
11267.00200,0.10700
11263.14476,0.10798
11259.28752,0.10834
11255.43028,0.10706
11251.57304,0.10510
11247.71579,0.10449
11243.85855,0.10542
11240.00131,0.10621
11236.14407,0.10597
11232.28683,0.10502
11228.42959,0.10367
11224.57235,0.10266
11220.71511,0.10277
11216.85786,0.10373
11213.00062,0.10504
11209.14338,0.10595
11205.28614,0.10595
11201.42890,0.10553
11197.57166,0.10499
11193.71442,0.10478
11189.85717,0.10511
11185.99993,0.10481
11182.14269,0.10390
11178.28545,0.10391
11174.42821,0.10495
11170.57097,0.10603
11166.71373,0.10616
11162.85648,0.10481
11158.99924,0.10317
11155.14200,0.10307
11151.28476,0.10402
11147.42752,0.10468
11143.57028,0.10513
11139.71304,0.10545
11135.85580,0.10519
11131.99855,0.10480
11128.14131,0.10485
11124.28407,0.10499
11120.42683,0.10512
11116.56959,0.10518
11112.71235,0.10498
11108.85511,0.10509
11104.99786,0.10537
11101.14062,0.10518
11097.28338,0.10496
11093.42614,0.10497
11089.56890,0.10500
11085.71166,0.10533
11081.85442,0.10605
11077.99718,0.10632
11074.13993,0.10607
11070.28269,0.10596
11066.42545,0.10608
11062.56821,0.10613
11058.71097,0.10574
11054.85373,0.10540
11050.99649,0.10582
11047.13924,0.10602
11043.28200,0.10520
11039.42476,0.10465
11035.56752,0.10519
11031.71028,0.10601
11027.85304,0.10660
11023.99580,0.10652
11020.13855,0.10585
11016.28131,0.10617
11012.42407,0.10749
11008.56683,0.10770
11004.70959,0.10667
11000.85235,0.10604
10996.99511,0.10563
10993.13787,0.10499
10989.28062,0.10513
10985.42338,0.10606
10981.56614,0.10620
10977.70890,0.10507
10973.85166,0.10403
10969.99442,0.10394
10966.13718,0.10445
10962.27993,0.10526
10958.42269,0.10580
10954.56545,0.10556
10950.70821,0.10517
10946.85097,0.10496
10942.99373,0.10442
10939.13649,0.10404
10935.27924,0.10447
10931.42200,0.10472
10927.56476,0.10421
10923.70752,0.10388
10919.85028,0.10391
10915.99304,0.10387
10912.13580,0.10416
10908.27856,0.10448
10904.42131,0.10424
10900.56407,0.10421
10896.70683,0.10496
10892.84959,0.10547
10888.99235,0.10464
10885.13511,0.10325
10881.27787,0.10275
10877.42062,0.10323
10873.56338,0.10397
10869.70614,0.10416
10865.84890,0.10352
10861.99166,0.10299
10858.13442,0.10331
10854.27718,0.10362
10850.41993,0.10313
10846.56269,0.10253
10842.70545,0.10225
10838.84821,0.10206
10834.99097,0.10211
10831.13373,0.10253
10827.27649,0.10266
10823.41925,0.10233
10819.56200,0.10221
10815.70476,0.10239
10811.84752,0.10250
10807.99028,0.10259
10804.13304,0.10268
10800.27580,0.10255
10796.41856,0.10214
10792.56131,0.10182
10788.70407,0.10166
10784.84683,0.10135
10780.98959,0.10107
10777.13235,0.10132
10773.27511,0.10195
10769.41787,0.10251
10765.56063,0.10275
10761.70338,0.10262
10757.84614,0.10269
10753.98890,0.10312
10750.13166,0.10318
10746.27442,0.10274
10742.41718,0.10226
10738.55994,0.10200
10734.70269,0.10209
10730.84545,0.10242
10726.98821,0.10260
10723.13097,0.10252
10719.27373,0.10247
10715.41649,0.10284
10711.55925,0.10347
10707.70200,0.10359
10703.84476,0.10306
10699.98752,0.10242
10696.13028,0.10231
10692.27304,0.10284
10688.41580,0.10303
10684.55856,0.10233
10680.70132,0.10143
10676.84407,0.10113
10672.98683,0.10173
10669.12959,0.10284
10665.27235,0.10358
10661.41511,0.10353
10657.55787,0.10263
10653.70063,0.10122
10649.84338,0.10017
10645.98614,0.09993
10642.12890,0.10025
10638.27166,0.10074
10634.41442,0.10121
10630.55718,0.10174
10626.69994,0.10207
10622.84269,0.10193
10618.98545,0.10165
10615.12821,0.10150
10611.27097,0.10132
10607.41373,0.10122
10603.55649,0.10160
10599.69925,0.10206
10595.84201,0.10209
10591.98476,0.10182
10588.12752,0.10112
10584.27028,0.10014
10580.41304,0.09987
10576.55580,0.10029
10572.69856,0.10058
10568.84132,0.10073
10564.98407,0.10085
10561.12683,0.10070
10557.26959,0.10053
10553.41235,0.10052
10549.55511,0.10025
10545.69787,0.09976
10541.84063,0.09944
10537.98339,0.09941
10534.12614,0.09978
10530.26890,0.10039
10526.41166,0.10073
10522.55442,0.10041
10518.69718,0.09958
10514.83994,0.09886
10510.98270,0.09847
10507.12545,0.09850
10503.26821,0.09920
10499.41097,0.10002
10495.55373,0.10030
10491.69649,0.10022
10487.83925,0.10012
10483.98201,0.09995
10480.12476,0.09979
10476.26752,0.09960
10472.41028,0.09942
10468.55304,0.09963
10464.69580,0.09981
10460.83856,0.09928
10456.98132,0.09874
10453.12408,0.09877
10449.26683,0.09882
10445.40959,0.09872
10441.55235,0.09865
10437.69511,0.09854
10433.83787,0.09845
10429.98063,0.09829
10426.12339,0.09811
10422.26614,0.09832
10418.40890,0.09866
10414.55166,0.09854
10410.69442,0.09820
10406.83718,0.09821
10402.97994,0.09847
10399.12270,0.09853
10395.26545,0.09865
10391.40821,0.09915
10387.55097,0.09946
10383.69373,0.09911
10379.83649,0.09854
10375.97925,0.09819
10372.12201,0.09816
10368.26477,0.09852
10364.40752,0.09893
10360.55028,0.09882
10356.69304,0.09843
10352.83580,0.09843
10348.97856,0.09870
10345.12132,0.09887
10341.26408,0.09897
10337.40683,0.09916
10333.54959,0.09955
10329.69235,0.10002
10325.83511,0.10020
10321.97787,0.10000
10318.12063,0.09968
10314.26339,0.09942
10310.40615,0.09942
10306.54890,0.09991
10302.69166,0.10073
10298.83442,0.10131
10294.97718,0.10130
10291.11994,0.10091
10287.26270,0.10038
10283.40546,0.09998
10279.54821,0.10008
10275.69097,0.10039
10271.83373,0.10061
10267.97649,0.10090
10264.11925,0.10116
10260.26201,0.10101
10256.40477,0.10040
10252.54752,0.09993
10248.69028,0.09999
10244.83304,0.10028
10240.97580,0.10053
10237.11856,0.10081
10233.26132,0.10118
10229.40408,0.10139
10225.54684,0.10128
10221.68959,0.10118
10217.83235,0.10138
10213.97511,0.10179
10210.11787,0.10185
10206.26063,0.10158
10202.40339,0.10148
10198.54615,0.10129
10194.68890,0.10089
10190.83166,0.10098
10186.97442,0.10167
10183.11718,0.10225
10179.25994,0.10227
10175.40270,0.10211
10171.54546,0.10215
10167.68821,0.10225
10163.83097,0.10217
10159.97373,0.10191
10156.11649,0.10182
10152.25925,0.10199
10148.40201,0.10208
10144.54477,0.10217
10140.68753,0.10237
10136.83028,0.10238
10132.97304,0.10200
10129.11580,0.10159
10125.25856,0.10174
10121.40132,0.10241
10117.54408,0.10308
10113.68684,0.10352
10109.82959,0.10355
10105.97235,0.10309
10102.11511,0.10256
10098.25787,0.10232
10094.40063,0.10246
10090.54339,0.10283
10086.68615,0.10316
10082.82891,0.10337
10078.97166,0.10350
10075.11442,0.10365
10071.25718,0.10394
10067.39994,0.10401
10063.54270,0.10344
10059.68546,0.10265
10055.82822,0.10242
10051.97097,0.10286
10048.11373,0.10344
10044.25649,0.10367
10040.39925,0.10353
10036.54201,0.10341
10032.68477,0.10356
10028.82753,0.10377
10024.97028,0.10368
10021.11304,0.10335
10017.25580,0.10312
10013.39856,0.10319
10009.54132,0.10350
10005.68408,0.10361
10001.82684,0.10325
9997.96960,0.10297
9994.11235,0.10314
9990.25511,0.10336
9986.39787,0.10329
9982.54063,0.10319
9978.68339,0.10330
9974.82615,0.10340
9970.96891,0.10346
9967.11166,0.10369
9963.25442,0.10391
9959.39718,0.10383
9955.53994,0.10353
9951.68270,0.10343
9947.82546,0.10354
9943.96822,0.10343
9940.11097,0.10321
9936.25373,0.10323
9932.39649,0.10346
9928.53925,0.10355
9924.68201,0.10339
9920.82477,0.10330
9916.96753,0.10341
9913.11029,0.10349
9909.25304,0.10337
9905.39580,0.10328
9901.53856,0.10360
9897.68132,0.10399
9893.82408,0.10395
9889.96684,0.10372
9886.10960,0.10356
9882.25235,0.10332
9878.39511,0.10315
9874.53787,0.10341
9870.68063,0.10387
9866.82339,0.10406
9862.96615,0.10411
9859.10891,0.10404
9855.25167,0.10365
9851.39442,0.10332
9847.53718,0.10337
9843.67994,0.10367
9839.82270,0.10402
9835.96546,0.10425
9832.10822,0.10416
9828.25098,0.10385
9824.39373,0.10360
9820.53649,0.10346
9816.67925,0.10350
9812.82201,0.10367
9808.96477,0.10366
9805.10753,0.10357
9801.25029,0.10355
9797.39304,0.10339
9793.53580,0.10315
9789.67856,0.10319
9785.82132,0.10345
9781.96408,0.10363
9778.10684,0.10385
9774.24960,0.10407
9770.39236,0.10397
9766.53511,0.10363
9762.67787,0.10341
9758.82063,0.10358
9754.96339,0.10384
9751.10615,0.10365
9747.24891,0.10321
9743.39167,0.10303
9739.53442,0.10299
9735.67718,0.10277
9731.81994,0.10235
9727.96270,0.10202
9724.10546,0.10217
9720.24822,0.10258
9716.39098,0.10276
9712.53373,0.10272
9708.67649,0.10267
9704.81925,0.10292
9700.96201,0.10338
9697.10477,0.10360
9693.24753,0.10341
9689.39029,0.10307
9685.53305,0.10289
9681.67580,0.10277
9677.81856,0.10245
9673.96132,0.10204
9670.10408,0.10174
9666.24684,0.10157
9662.38960,0.10148
9658.53236,0.10161
9654.67511,0.10208
9650.81787,0.10234
9646.96063,0.10210
9643.10339,0.10204
9639.24615,0.10234
9635.38891,0.10256
9631.53167,0.10253
9627.67443,0.10247
9623.81718,0.10247
9619.95994,0.10230
9616.10270,0.10172
9612.24546,0.10112
9608.38822,0.10112
9604.53098,0.10150
9600.67374,0.10163
9596.81649,0.10157
9592.95925,0.10159
9589.10201,0.10150
9585.24477,0.10114
9581.38753,0.10063
9577.53029,0.10017
9573.67305,0.10000
9569.81580,0.10014
9565.95856,0.10051
9562.10132,0.10098
9558.24408,0.10125
9554.38684,0.10127
9550.52960,0.10120
9546.67236,0.10110
9542.81512,0.10100
9538.95787,0.10088
9535.10063,0.10086
9531.24339,0.10101
9527.38615,0.10109
9523.52891,0.10084
9519.67167,0.10055
9515.81443,0.10054
9511.95718,0.10060
9508.09994,0.10054
9504.24270,0.10037
9500.38546,0.10028
9496.52822,0.10050
9492.67098,0.10075
9488.81374,0.10066
9484.95649,0.10032
9481.09925,0.10006
9477.24201,0.10007
9473.38477,0.10010
9469.52753,0.09995
9465.67029,0.09992
9461.81305,0.10007
9457.95581,0.10002
9454.09856,0.09977
9450.24132,0.09970
9446.38408,0.09974
9442.52684,0.09969
9438.66960,0.09967
9434.81236,0.09965
9430.95512,0.09945
9427.09787,0.09921
9423.24063,0.09916
9419.38339,0.09925
9415.52615,0.09930
9411.66891,0.09935
9407.81167,0.09957
9403.95443,0.09986
9400.09719,0.09985
9396.23994,0.09952
9392.38270,0.09937
9388.52546,0.09945
9384.66822,0.09935
9380.81098,0.09932
9376.95374,0.09963
9373.09650,0.09986
9369.23925,0.09968
9365.38201,0.09943
9361.52477,0.09949
9357.66753,0.09984
9353.81029,0.10003
9349.95305,0.09975
9346.09581,0.09933
9342.23856,0.09932
9338.38132,0.09953
9334.52408,0.09953
9330.66684,0.09940
9326.80960,0.09939
9322.95236,0.09945
9319.09512,0.09947
9315.23788,0.09945
9311.38063,0.09932
9307.52339,0.09909
9303.66615,0.09909
9299.80891,0.09951
9295.95167,0.09992
9292.09443,0.09983
9288.23719,0.09931
9284.37994,0.09889
9280.52270,0.09888
9276.66546,0.09899
9272.80822,0.09901
9268.95098,0.09907
9265.09374,0.09917
9261.23650,0.09915
9257.37925,0.09901
9253.52201,0.09883
9249.66477,0.09874
9245.80753,0.09873
9241.95029,0.09858
9238.09305,0.09839
9234.23581,0.09847
9230.37857,0.09873
9226.52132,0.09887
9222.66408,0.09886
9218.80684,0.09887
9214.94960,0.09906
9211.09236,0.09932
9207.23512,0.09935
9203.37788,0.09918
9199.52063,0.09906
9195.66339,0.09906
9191.80615,0.09898
9187.94891,0.09881
9184.09167,0.09892
9180.23443,0.09928
9176.37719,0.09952
9172.51995,0.09952
9168.66270,0.09942
9164.80546,0.09931
9160.94822,0.09911
9157.09098,0.09886
9153.23374,0.09878
9149.37650,0.09894
9145.51926,0.09909
9141.66201,0.09909
9137.80477,0.09921
9133.94753,0.09942
9130.09029,0.09931
9126.23305,0.09900
9122.37581,0.09894
9118.51857,0.09916
9114.66132,0.09934
9110.80408,0.09922
9106.94684,0.09898
9103.08960,0.09906
9099.23236,0.09944
9095.37512,0.09972
9091.51788,0.09977
9087.66064,0.09984
9083.80339,0.09991
9079.94615,0.09990
9076.08891,0.10003
9072.23167,0.10034
9068.37443,0.10040
9064.51719,0.10012
9060.65995,0.09990
9056.80270,0.10004
9052.94546,0.10039
9049.08822,0.10066
9045.23098,0.10087
9041.37374,0.10115
9037.51650,0.10140
9033.65926,0.10157
9029.80201,0.10173
9025.94477,0.10202
9022.08753,0.10253
9018.23029,0.10301
9014.37305,0.10307
9010.51581,0.10292
9006.65857,0.10303
9002.80133,0.10349
8998.94408,0.10408
8995.08684,0.10465
8991.22960,0.10507
8987.37236,0.10532
8983.51512,0.10559
8979.65788,0.10609
8975.80064,0.10662
8971.94339,0.10711
8968.08615,0.10780
8964.22891,0.10861
8960.37167,0.10934
8956.51443,0.11004
8952.65719,0.11083
8948.79995,0.11163
8944.94271,0.11243
8941.08546,0.11327
8937.22822,0.11412
8933.37098,0.11493
8929.51374,0.11566
8925.65650,0.11647
8921.79926,0.11757
8917.94202,0.11884
8914.08477,0.12013
8910.22753,0.12149
8906.37029,0.12285
8902.51305,0.12413
8898.65581,0.12536
8894.79857,0.12664
8890.94133,0.12813
8887.08408,0.12970
8883.22684,0.13108
8879.36960,0.13231
8875.51236,0.13351
8871.65512,0.13447
8867.79788,0.13507
8863.94064,0.13546
8860.08340,0.13577
8856.22615,0.13593
8852.36891,0.13557
8848.51167,0.13486
8844.65443,0.13434
8840.79719,0.13406
8836.93995,0.13360
8833.08271,0.13286
8829.22546,0.13207
8825.36822,0.13146
8821.51098,0.13088
8817.65374,0.12995
8813.79650,0.12854
8809.93926,0.12699
8806.08202,0.12573
8802.22477,0.12470
8798.36753,0.12355
8794.51029,0.12222
8790.65305,0.12093
8786.79581,0.11969
8782.93857,0.11854
8779.08133,0.11762
8775.22409,0.11688
8771.36684,0.11615
8767.50960,0.11542
8763.65236,0.11475
8759.79512,0.11420
8755.93788,0.11384
8752.08064,0.11368
8748.22340,0.11357
8744.36615,0.11348
8740.50891,0.11349
8736.65167,0.11347
8732.79443,0.11329
8728.93719,0.11317
8725.07995,0.11324
8721.22271,0.11342
8717.36547,0.11349
8713.50822,0.11351
8709.65098,0.11367
8705.79374,0.11392
8701.93650,0.11405
8698.07926,0.11416
8694.22202,0.11442
8690.36478,0.11466
8686.50753,0.11479
8682.65029,0.11490
8678.79305,0.11508
8674.93581,0.11532
8671.07857,0.11562
8667.22133,0.11601
8663.36409,0.11640
8659.50684,0.11661
8655.64960,0.11668
8651.79236,0.11690
8647.93512,0.11734
8644.07788,0.11787
8640.22064,0.11839
8636.36340,0.11886
8632.50616,0.11912
8628.64891,0.11924
8624.79167,0.11941
8620.93443,0.11968
8617.07719,0.12012
8613.21995,0.12068
8609.36271,0.12114
8605.50547,0.12148
8601.64822,0.12176
8597.79098,0.12202
8593.93374,0.12236
8590.07650,0.12275
8586.21926,0.12319
8582.36202,0.12373
8578.50478,0.12410
8574.64753,0.12422
8570.79029,0.12444
8566.93305,0.12478
8563.07581,0.12495
8559.21857,0.12513
8555.36133,0.12560
8551.50409,0.12609
8547.64685,0.12633
8543.78960,0.12653
8539.93236,0.12680
8536.07512,0.12709
8532.21788,0.12741
8528.36064,0.12773
8524.50340,0.12802
8520.64616,0.12824
8516.78891,0.12838
8512.93167,0.12844
8509.07443,0.12854
8505.21719,0.12875
8501.35995,0.12894
8497.50271,0.12903
8493.64547,0.12911
8489.78822,0.12921
8485.93098,0.12920
8482.07374,0.12917
8478.21650,0.12926
8474.35926,0.12935
8470.50202,0.12930
8466.64478,0.12917
8462.78754,0.12902
8458.93029,0.12895
8455.07305,0.12895
8451.21581,0.12886
8447.35857,0.12863
8443.50133,0.12833
8439.64409,0.12806
8435.78685,0.12792
8431.92960,0.12797
8428.07236,0.12802
8424.21512,0.12789
8420.35788,0.12769
8416.50064,0.12752
8412.64340,0.12741
8408.78616,0.12747
8404.92892,0.12750
8401.07167,0.12729
8397.21443,0.12698
8393.35719,0.12670
8389.49995,0.12647
8385.64271,0.12630
8381.78547,0.12617
8377.92823,0.12599
8374.07098,0.12565
8370.21374,0.12540
8366.35650,0.12539
8362.49926,0.12543
8358.64202,0.12534
8354.78478,0.12522
8350.92754,0.12515
8347.07029,0.12504
8343.21305,0.12491
8339.35581,0.12485
8335.49857,0.12481
8331.64133,0.12476
8327.78409,0.12476
8323.92685,0.12470
8320.06961,0.12455
8316.21236,0.12443
8312.35512,0.12440
8308.49788,0.12436
8304.64064,0.12434
8300.78340,0.12439
8296.92616,0.12442
8293.06892,0.12436
8289.21167,0.12440
8285.35443,0.12461
8281.49719,0.12477
8277.63995,0.12463
8273.78271,0.12431
8269.92547,0.12421
8266.06823,0.12437
8262.21098,0.12449
8258.35374,0.12451
8254.49650,0.12456
8250.63926,0.12456
8246.78202,0.12445
8242.92478,0.12444
8239.06754,0.12463
8235.21030,0.12481
8231.35305,0.12484
8227.49581,0.12473
8223.63857,0.12461
8219.78133,0.12459
8215.92409,0.12467
8212.06685,0.12473
8208.20961,0.12466
8204.35236,0.12451
8200.49512,0.12430
8196.63788,0.12403
8192.78064,0.12381
8188.92340,0.12375
8185.06616,0.12366
8181.20892,0.12350
8177.35168,0.12335
8173.49443,0.12317
8169.63719,0.12294
8165.77995,0.12278
8161.92271,0.12274
8158.06547,0.12267
8154.20823,0.12246
8150.35099,0.12231
8146.49374,0.12231
8142.63650,0.12232
8138.77926,0.12224
8134.92202,0.12207
8131.06478,0.12185
8127.20754,0.12155
8123.35030,0.12127
8119.49305,0.12115
8115.63581,0.12102
8111.77857,0.12072
8107.92133,0.12038
8104.06409,0.12014
8100.20685,0.11998
8096.34961,0.11983
8092.49237,0.11968
8088.63512,0.11949
8084.77788,0.11927
8080.92064,0.11912
8077.06340,0.11897
8073.20616,0.11873
8069.34892,0.11851
8065.49168,0.11834
8061.63443,0.11815
8057.77719,0.11803
8053.91995,0.11800
8050.06271,0.11788
8046.20547,0.11760
8042.34823,0.11731
8038.49099,0.11717
8034.63374,0.11719
8030.77650,0.11714
8026.91926,0.11697
8023.06202,0.11685
8019.20478,0.11683
8015.34754,0.11674
8011.49030,0.11657
8007.63306,0.11648
8003.77581,0.11650
7999.91857,0.11649
7996.06133,0.11637
7992.20409,0.11623
7988.34685,0.11622
7984.48961,0.11630
7980.63237,0.11625
7976.77512,0.11606
7972.91788,0.11592
7969.06064,0.11585
7965.20340,0.11579
7961.34616,0.11574
7957.48892,0.11568
7953.63168,0.11555
7949.77444,0.11539
7945.91719,0.11525
7942.05995,0.11519
7938.20271,0.11513
7934.34547,0.11502
7930.48823,0.11504
7926.63099,0.11521
7922.77375,0.11523
7918.91650,0.11506
7915.05926,0.11494
7911.20202,0.11493
7907.34478,0.11497
7903.48754,0.11510
7899.63030,0.11531
7895.77306,0.11544
7891.91581,0.11540
7888.05857,0.11527
7884.20133,0.11523
7880.34409,0.11523
7876.48685,0.11516
7872.62961,0.11508
7868.77237,0.11507
7864.91513,0.11513
7861.05788,0.11517
7857.20064,0.11513
7853.34340,0.11504
7849.48616,0.11495
7845.62892,0.11484
7841.77168,0.11474
7837.91444,0.11474
7834.05719,0.11473
7830.19995,0.11451
7826.34271,0.11427
7822.48547,0.11417
7818.62823,0.11415
7814.77099,0.11415
7810.91375,0.11411
7807.05650,0.11404
7803.19926,0.11398
7799.34202,0.11385
7795.48478,0.11349
7791.62754,0.11309
7787.77030,0.11304
7783.91306,0.11310
7780.05582,0.11291
7776.19857,0.11278
7772.34133,0.11285
7768.48409,0.11277
7764.62685,0.11260
7760.76961,0.11258
7756.91237,0.11249
7753.05513,0.11222
7749.19788,0.11209
7745.34064,0.11206
7741.48340,0.11183
7737.62616,0.11146
7733.76892,0.11118
7729.91168,0.11107
7726.05444,0.11104
7722.19720,0.11088
7718.33995,0.11055
7714.48271,0.11034
7710.62547,0.11047
7706.76823,0.11065
7702.91099,0.11050
7699.05375,0.11023
7695.19651,0.11009
7691.33926,0.10989
7687.48202,0.10972
7683.62478,0.10991
7679.76754,0.11027
7675.91030,0.11035
7672.05306,0.11018
7668.19582,0.11004
7664.33857,0.11000
7660.48133,0.11012
7656.62409,0.11034
7652.76685,0.11050
7648.90961,0.11053
7645.05237,0.11061
7641.19513,0.11072
7637.33789,0.11072
7633.48064,0.11067
7629.62340,0.11064
7625.76616,0.11065
7621.90892,0.11070
7618.05168,0.11082
7614.19444,0.11097
7610.33720,0.11122
7606.47995,0.11156
7602.62271,0.11175
7598.76547,0.11175
7594.90823,0.11176
7591.05099,0.11179
7587.19375,0.11174
7583.33651,0.11171
7579.47926,0.11184
7575.62202,0.11199
7571.76478,0.11202
7567.90754,0.11208
7564.05030,0.11227
7560.19306,0.11259
7556.33582,0.11303
7552.47858,0.11346
7548.62133,0.11379
7544.76409,0.11413
7540.90685,0.11448
7537.04961,0.11481
7533.19237,0.11508
7529.33513,0.11520
7525.47789,0.11523
7521.62064,0.11542
7517.76340,0.11571
7513.90616,0.11594
7510.04892,0.11611
7506.19168,0.11629
7502.33444,0.11649
7498.47720,0.11674
7494.61996,0.11716
7490.76271,0.11766
7486.90547,0.11804
7483.04823,0.11829
7479.19099,0.11858
7475.33375,0.11898
7471.47651,0.11946
7467.61927,0.11997
7463.76202,0.12051
7459.90478,0.12122
7456.04754,0.12213
7452.19030,0.12304
7448.33306,0.12379
7444.47582,0.12446
7440.61858,0.12522
7436.76133,0.12610
7432.90409,0.12711
7429.04685,0.12830
7425.18961,0.12958
7421.33237,0.13078
7417.47513,0.13179
7413.61789,0.13260
7409.76065,0.13335
7405.90340,0.13427
7402.04616,0.13527
7398.18892,0.13626
7394.33168,0.13732
7390.47444,0.13845
7386.61720,0.13955
7382.75996,0.14070
7378.90271,0.14188
7375.04547,0.14304
7371.18823,0.14420
7367.33099,0.14525
7363.47375,0.14623
7359.61651,0.14729
7355.75927,0.14831
7351.90202,0.14915
7348.04478,0.14988
7344.18754,0.15068
7340.33030,0.15152
7336.47306,0.15224
7332.61582,0.15279
7328.75858,0.15330
7324.90134,0.15375
7321.04409,0.15408
7317.18685,0.15433
7313.32961,0.15456
7309.47237,0.15475
7305.61513,0.15495
7301.75789,0.15518
7297.90065,0.15546
7294.04340,0.15574
7290.18616,0.15598
7286.32892,0.15624
7282.47168,0.15653
7278.61444,0.15678
7274.75720,0.15700
7270.89996,0.15725
7267.04272,0.15754
7263.18547,0.15791
7259.32823,0.15832
7255.47099,0.15871
7251.61375,0.15902
7247.75651,0.15929
7243.89927,0.15953
7240.04203,0.15972
7236.18478,0.15988
7232.32754,0.16003
7228.47030,0.16021
7224.61306,0.16047
7220.75582,0.16074
7216.89858,0.16098
7213.04134,0.16125
7209.18409,0.16151
7205.32685,0.16162
7201.46961,0.16162
7197.61237,0.16166
7193.75513,0.16180
7189.89789,0.16204
7186.04065,0.16233
7182.18341,0.16268
7178.32616,0.16313
7174.46892,0.16366
7170.61168,0.16421
7166.75444,0.16478
7162.89720,0.16540
7159.03996,0.16615
7155.18272,0.16698
7151.32547,0.16786
7147.46823,0.16880
7143.61099,0.16986
7139.75375,0.17109
7135.89651,0.17229
7132.03927,0.17333
7128.18203,0.17431
7124.32478,0.17536
7120.46754,0.17645
7116.61030,0.17760
7112.75306,0.17881
7108.89582,0.18001
7105.03858,0.18120
7101.18134,0.18243
7097.32410,0.18376
7093.46685,0.18516
7089.60961,0.18659
7085.75237,0.18805
7081.89513,0.18956
7078.03789,0.19106
7074.18065,0.19265
7070.32341,0.19435
7066.46616,0.19603
7062.60892,0.19761
7058.75168,0.19915
7054.89444,0.20070
7051.03720,0.20226
7047.17996,0.20382
7043.32272,0.20532
7039.46548,0.20673
7035.60823,0.20811
7031.75099,0.20952
7027.89375,0.21091
7024.03651,0.21216
7020.17927,0.21327
7016.32203,0.21433
7012.46479,0.21532
7008.60754,0.21624
7004.75030,0.21713
7000.89306,0.21800
6997.03582,0.21885
6993.17858,0.21968
6989.32134,0.22047
6985.46410,0.22127
6981.60685,0.22207
6977.74961,0.22283
6973.89237,0.22349
6970.03513,0.22405
6966.17789,0.22454
6962.32065,0.22505
6958.46341,0.22562
6954.60617,0.22619
6950.74892,0.22668
6946.89168,0.22713
6943.03444,0.22758
6939.17720,0.22799
6935.31996,0.22838
6931.46272,0.22884
6927.60548,0.22936
6923.74823,0.22981
6919.89099,0.23019
6916.03375,0.23060
6912.17651,0.23100
6908.31927,0.23131
6904.46203,0.23161
6900.60479,0.23200
6896.74754,0.23243
6892.89030,0.23285
6889.03306,0.23328
6885.17582,0.23377
6881.31858,0.23434
6877.46134,0.23489
6873.60410,0.23542
6869.74686,0.23603
6865.88961,0.23672
6862.03237,0.23740
6858.17513,0.23806
6854.31789,0.23875
6850.46065,0.23942
6846.60341,0.24008
6842.74617,0.24076
6838.88892,0.24147
6835.03168,0.24217
6831.17444,0.24287
6827.31720,0.24361
6823.45996,0.24444
6819.60272,0.24533
6815.74548,0.24617
6811.88824,0.24694
6808.03099,0.24773
6804.17375,0.24857
6800.31651,0.24941
6796.45927,0.25021
6792.60203,0.25104
6788.74479,0.25197
6784.88755,0.25295
6781.03030,0.25384
6777.17306,0.25463
6773.31582,0.25537
6769.45858,0.25603
6765.60134,0.25665
6761.74410,0.25728
6757.88686,0.25785
6754.02961,0.25827
6750.17237,0.25860
6746.31513,0.25894
6742.45789,0.25930
6738.60065,0.25964
6734.74341,0.25992
6730.88617,0.26013
6727.02893,0.26027
6723.17168,0.26037
6719.31444,0.26045
6715.45720,0.26051
6711.59996,0.26053
6707.74272,0.26048
6703.88548,0.26044
6700.02824,0.26047
6696.17099,0.26054
6692.31375,0.26059
6688.45651,0.26056
6684.59927,0.26040
6680.74203,0.26018
6676.88479,0.26003
6673.02755,0.25991
6669.17030,0.25966
6665.31306,0.25929
6661.45582,0.25893
6657.59858,0.25865
6653.74134,0.25840
6649.88410,0.25806
6646.02686,0.25762
6642.16962,0.25716
6638.31237,0.25669
6634.45513,0.25619
6630.59789,0.25567
6626.74065,0.25512
6622.88341,0.25455
6619.02617,0.25400
6615.16893,0.25346
6611.31168,0.25292
6607.45444,0.25241
6603.59720,0.25194
6599.73996,0.25150
6595.88272,0.25111
6592.02548,0.25079
6588.16824,0.25047
6584.31100,0.25017
6580.45375,0.24994
6576.59651,0.24978
6572.73927,0.24972
6568.88203,0.24970
6565.02479,0.24961
6561.16755,0.24955
6557.31031,0.24962
6553.45306,0.24971
6549.59582,0.24977
6545.73858,0.24985
6541.88134,0.25000
6538.02410,0.25026
6534.16686,0.25054
6530.30962,0.25078
6526.45237,0.25093
6522.59513,0.25097
6518.73789,0.25103
6514.88065,0.25117
6511.02341,0.25134
6507.16617,0.25143
6503.30893,0.25146
6499.45169,0.25148
6495.59444,0.25157
6491.73720,0.25172
6487.87996,0.25180
6484.02272,0.25171
6480.16548,0.25157
6476.30824,0.25148
6472.45100,0.25140
6468.59375,0.25130
6464.73651,0.25118
6460.87927,0.25102
6457.02203,0.25081
6453.16479,0.25057
6449.30755,0.25027
6445.45031,0.24995
6441.59306,0.24960
6437.73582,0.24923
6433.87858,0.24891
6430.02134,0.24862
6426.16410,0.24832
6422.30686,0.24803
6418.44962,0.24774
6414.59238,0.24738
6410.73513,0.24700
6406.87789,0.24672
6403.02065,0.24652
6399.16341,0.24635
6395.30617,0.24618
6391.44893,0.24601
6387.59169,0.24578
6383.73444,0.24556
6379.87720,0.24547
6376.01996,0.24538
6372.16272,0.24518
6368.30548,0.24495
6364.44824,0.24478
6360.59100,0.24461
6356.73376,0.24443
6352.87651,0.24424
6349.01927,0.24403
6345.16203,0.24392
6341.30479,0.24391
6337.44755,0.24391
6333.59031,0.24389
6329.73307,0.24388
6325.87582,0.24387
6322.01858,0.24382
6318.16134,0.24375
6314.30410,0.24370
6310.44686,0.24366
6306.58962,0.24354
6302.73238,0.24331
6298.87513,0.24300
6295.01789,0.24264
6291.16065,0.24226
6287.30341,0.24181
6283.44617,0.24125
6279.58893,0.24059
6275.73169,0.23991
6271.87445,0.23924
6268.01720,0.23855
6264.15996,0.23784
6260.30272,0.23707
6256.44548,0.23623
6252.58824,0.23540
6248.73100,0.23460
6244.87376,0.23371
6241.01651,0.23271
6237.15927,0.23170
6233.30203,0.23074
6229.44479,0.22980
6225.58755,0.22884
6221.73031,0.22804
6217.87307,0.22758
6214.01582,0.22742
6210.15858,0.22748
6206.30134,0.22774
6202.44410,0.22814
6198.58686,0.22842
6194.72962,0.22825
6190.87238,0.22745
6187.01514,0.22617
6183.15789,0.22469
6179.30065,0.22329
6175.44341,0.22213
6171.58617,0.22130
6167.72893,0.22080
6163.87169,0.22059
6160.01445,0.22070
6156.15720,0.22115
6152.29996,0.22179
6148.44272,0.22236
6144.58548,0.22266
6140.72824,0.22261
6136.87100,0.22227
6133.01376,0.22189
6129.15652,0.22176
6125.29927,0.22208
6121.44203,0.22308
6117.58479,0.22485
6113.72755,0.22734
6109.87031,0.23054
6106.01307,0.23445
6102.15583,0.23894
6098.29858,0.24383
6094.44134,0.24886
6090.58410,0.25376
6086.72686,0.25836
6082.86962,0.26268
6079.01238,0.26689
6075.15514,0.27139
6071.29789,0.27666
6067.44065,0.28293
6063.58341,0.28987
6059.72617,0.29673
6055.86893,0.30283
6052.01169,0.30811
6048.15445,0.31285
6044.29721,0.31745
6040.43996,0.32240
6036.58272,0.32798
6032.72548,0.33387
6028.86824,0.33940
6025.01100,0.34371
6021.15376,0.34600
6017.29652,0.34562
6013.43927,0.34246
6009.58203,0.33689
6005.72479,0.32963
6001.86755,0.32159
5998.01031,0.31367
5994.15307,0.30669
5990.29583,0.30127
5986.43858,0.29749
5982.58134,0.29495
5978.72410,0.29288
5974.86686,0.29030
5971.00962,0.28671
5967.15238,0.28254
5963.29514,0.27863
5959.43790,0.27561
5955.58065,0.27374
5951.72341,0.27292
5947.86617,0.27264
5944.00893,0.27214
5940.15169,0.27072
5936.29445,0.26804
5932.43721,0.26422
5928.57996,0.25976
5924.72272,0.25532
5920.86548,0.25126
5917.00824,0.24764
5913.15100,0.24453
5909.29376,0.24222
5905.43652,0.24100
5901.57927,0.24100
5897.72203,0.24213
5893.86479,0.24415
5890.00755,0.24670
5886.15031,0.24945
5882.29307,0.25212
5878.43583,0.25458
5874.57859,0.25680
5870.72134,0.25877
5866.86410,0.26030
5863.00686,0.26109
5859.14962,0.26104
5855.29238,0.26039
5851.43514,0.25948
5847.57790,0.25852
5843.72065,0.25766
5839.86341,0.25706
5836.00617,0.25679
5832.14893,0.25679
5828.29169,0.25697
5824.43445,0.25723
5820.57721,0.25753
5816.71997,0.25789
5812.86272,0.25820
5809.00548,0.25836
5805.14824,0.25829
5801.29100,0.25795
5797.43376,0.25749
5793.57652,0.25711
5789.71928,0.25681
5785.86203,0.25651
5782.00479,0.25617
5778.14755,0.25575
5774.29031,0.25519
5770.43307,0.25446
5766.57583,0.25353
5762.71859,0.25240
5758.86134,0.25104
5755.00410,0.24944
5751.14686,0.24763
5747.28962,0.24570
5743.43238,0.24375
5739.57514,0.24188
5735.71790,0.24015
5731.86066,0.23861
5728.00341,0.23747
5724.14617,0.23684
5720.28893,0.23665
5716.43169,0.23673
5712.57445,0.23691
5708.71721,0.23703
5704.85997,0.23701
5701.00272,0.23684
5697.14548,0.23657
5693.28824,0.23623
5689.43100,0.23581
5685.57376,0.23541
5681.71652,0.23514
5677.85928,0.23501
5674.00203,0.23507
5670.14479,0.23534
5666.28755,0.23575
5662.43031,0.23621
5658.57307,0.23663
5654.71583,0.23687
5650.85859,0.23680
5647.00135,0.23636
5643.14410,0.23557
5639.28686,0.23457
5635.42962,0.23348
5631.57238,0.23243
5627.71514,0.23153
5623.85790,0.23083
5620.00066,0.23031
5616.14341,0.22997
5612.28617,0.22980
5608.42893,0.22977
5604.57169,0.22991
5600.71445,0.23026
5596.85721,0.23075
5592.99997,0.23131
5589.14273,0.23188
5585.28548,0.23246
5581.42824,0.23306
5577.57100,0.23368
5573.71376,0.23430
5569.85652,0.23485
5565.99928,0.23525
5562.14204,0.23542
5558.28479,0.23537
5554.42755,0.23523
5550.57031,0.23512
5546.71307,0.23506
5542.85583,0.23504
5538.99859,0.23504
5535.14135,0.23505
5531.28410,0.23499
5527.42686,0.23482
5523.56962,0.23454
5519.71238,0.23417
5515.85514,0.23377
5511.99790,0.23342
5508.14066,0.23325
5504.28342,0.23330
5500.42617,0.23356
5496.56893,0.23406
5492.71169,0.23477
5488.85445,0.23546
5484.99721,0.23593
5481.13997,0.23615
5477.28273,0.23613
5473.42548,0.23583
5469.56824,0.23525
5465.71100,0.23446
5461.85376,0.23353
5457.99652,0.23248
5454.13928,0.23132
5450.28204,0.22999
5446.42479,0.22843
5442.56755,0.22675
5438.71031,0.22508
5434.85307,0.22356
5430.99583,0.22223
5427.13859,0.22106
5423.28135,0.22008
5419.42411,0.21933
5415.56686,0.21879
5411.70962,0.21840
5407.85238,0.21815
5403.99514,0.21797
5400.13790,0.21779
5396.28066,0.21759
5392.42342,0.21738
5388.56617,0.21725
5384.70893,0.21721
5380.85169,0.21727
5376.99445,0.21744
5373.13721,0.21769
5369.27997,0.21800
5365.42273,0.21843
5361.56549,0.21903
5357.70824,0.21971
5353.85100,0.22036
5349.99376,0.22081
5346.13652,0.22105
5342.27928,0.22121
5338.42204,0.22139
5334.56480,0.22162
5330.70755,0.22198
5326.85031,0.22256
5322.99307,0.22344
5319.13583,0.22462
5315.27859,0.22607
5311.42135,0.22781
5307.56411,0.22990
5303.70686,0.23233
5299.84962,0.23504
5295.99238,0.23801
5292.13514,0.24141
5288.27790,0.24536
5284.42066,0.24981
5280.56342,0.25473
5276.70618,0.26008
5272.84893,0.26566
5268.99169,0.27136
5265.13445,0.27705
5261.27721,0.28241
5257.41997,0.28724
5253.56273,0.29162
5249.70549,0.29552
5245.84824,0.29898
5241.99100,0.30199
5238.13376,0.30455
5234.27652,0.30683
5230.41928,0.30889
5226.56204,0.31071
5222.70480,0.31222
5218.84755,0.31344
5214.99031,0.31446
5211.13307,0.31536
5207.27583,0.31618
5203.41859,0.31685
5199.56135,0.31732
5195.70411,0.31772
5191.84687,0.31810
5187.98962,0.31844
5184.13238,0.31866
5180.27514,0.31870
5176.41790,0.31861
5172.56066,0.31852
5168.70342,0.31842
5164.84618,0.31827
5160.98893,0.31809
5157.13169,0.31792
5153.27445,0.31776
5149.41721,0.31759
5145.55997,0.31740
5141.70273,0.31721
5137.84549,0.31704
5133.98825,0.31694
5130.13100,0.31690
5126.27376,0.31679
5122.41652,0.31639
5118.55928,0.31538
5114.70204,0.31350
5110.84480,0.31089
5106.98756,0.30785
5103.13031,0.30470
5099.27307,0.30165
5095.41583,0.29880
5091.55859,0.29613
5087.70135,0.29369
5083.84411,0.29150
5079.98687,0.28950
5076.12962,0.28764
5072.27238,0.28592
5068.41514,0.28434
5064.55790,0.28288
5060.70066,0.28155
5056.84342,0.28027
5052.98618,0.27905
5049.12894,0.27798
5045.27169,0.27701
5041.41445,0.27606
5037.55721,0.27514
5033.69997,0.27431
5029.84273,0.27357
5025.98549,0.27288
5022.12825,0.27221
5018.27100,0.27161
5014.41376,0.27111
5010.55652,0.27063
5006.69928,0.27007
5002.84204,0.26949
4998.98480,0.26896
4995.12756,0.26846
4991.27031,0.26797
4987.41307,0.26768
4983.55583,0.26760
4979.69859,0.26766
4975.84135,0.26795
4971.98411,0.26849
4968.12687,0.26926
4964.26963,0.27028
4960.41238,0.27156
4956.55514,0.27306
4952.69790,0.27476
4948.84066,0.27662
4944.98342,0.27856
4941.12618,0.28058
4937.26894,0.28270
4933.41169,0.28496
4929.55445,0.28738
4925.69721,0.28990
4921.83997,0.29253
4917.98273,0.29529
4914.12549,0.29819
4910.26825,0.30124
4906.41101,0.30442
4902.55376,0.30771
4898.69652,0.31114
4894.83928,0.31469
4890.98204,0.31834
4887.12480,0.32207
4883.26756,0.32582
4879.41032,0.32954
4875.55307,0.33326
4871.69583,0.33691
4867.83859,0.34039
4863.98135,0.34371
4860.12411,0.34691
4856.26687,0.35009
4852.40963,0.35337
4848.55238,0.35684
4844.69514,0.36059
4840.83790,0.36465
4836.98066,0.36892
4833.12342,0.37333
4829.26618,0.37779
4825.40894,0.38213
4821.55170,0.38618
4817.69445,0.38995
4813.83721,0.39350
4809.97997,0.39684
4806.12273,0.39985
4802.26549,0.40242
4798.40825,0.40457
4794.55101,0.40629
4790.69376,0.40750
4786.83652,0.40826
4782.97928,0.40873
4779.12204,0.40909
4775.26480,0.40948
4771.40756,0.41004
4767.55032,0.41091
4763.69307,0.41225
4759.83583,0.41410
4755.97859,0.41635
4752.12135,0.41890
4748.26411,0.42153
4744.40687,0.42397
4740.54963,0.42626
4736.69239,0.42881
4732.83514,0.43209
4728.97790,0.43620
4725.12066,0.44051
4721.26342,0.44385
4717.40618,0.44552
4713.54894,0.44610
4709.69170,0.44706
4705.83445,0.44977
4701.97721,0.45468
4698.11997,0.46084
4694.26273,0.46597
4690.40549,0.46772
4686.54825,0.46485
4682.69101,0.45772
4678.83377,0.44802
4674.97652,0.43805
4671.11928,0.42969
4667.26204,0.42378
4663.40480,0.42012
4659.54756,0.41807
4655.69032,0.41741
4651.83308,0.41865
4647.97583,0.42228
4644.11859,0.42773
4640.26135,0.43313
4636.40411,0.43597
4632.54687,0.43413
4628.68963,0.42708
4624.83239,0.41651
4620.97514,0.40534
4617.11790,0.39588
4613.26066,0.38905
4609.40342,0.38493
4605.54618,0.38329
4601.68894,0.38402
4597.83170,0.38670
4593.97446,0.39006
4590.11721,0.39292
4586.25997,0.39516
4582.40273,0.39644
4578.54549,0.39498
4574.68825,0.38935
4570.83101,0.38060
4566.97377,0.37144
4563.11652,0.36413
4559.25928,0.35944
4555.40204,0.35688
4551.54480,0.35557
4547.68756,0.35484
4543.83032,0.35423
4539.97308,0.35364
4536.11583,0.35323
4532.25859,0.35323
4528.40135,0.35374
4524.54411,0.35489
4520.68687,0.35677
4516.82963,0.35940
4512.97239,0.36290
4509.11515,0.36760
4505.25790,0.37392
4501.40066,0.38202
4497.54342,0.39161
4493.68618,0.40170
4489.82894,0.41064
4485.97170,0.41755
4482.11446,0.42328
4478.25721,0.42962
4474.39997,0.43822
4470.54273,0.45014
4466.68549,0.46528
4462.82825,0.48129
4458.97101,0.49412
4455.11377,0.50147
4451.25653,0.50522
4447.39928,0.50893
4443.54204,0.51420
4439.68480,0.52014
4435.82756,0.52488
4431.97032,0.52675
4428.11308,0.52496
4424.25584,0.52035
4420.39859,0.51527
4416.54135,0.51212
4412.68411,0.51183
4408.82687,0.51343
4404.96963,0.51482
4401.11239,0.51425
4397.25515,0.51130
4393.39790,0.50663
4389.54066,0.50144
4385.68342,0.49673
4381.82618,0.49302
4377.96894,0.49040
4374.11170,0.48878
4370.25446,0.48829
4366.39722,0.48905
4362.53997,0.49061
4358.68273,0.49228
4354.82549,0.49384
4350.96825,0.49568
4347.11101,0.49827
4343.25377,0.50148
4339.39653,0.50462
4335.53928,0.50719
4331.68204,0.50926
4327.82480,0.51124
4323.96756,0.51345
4320.11032,0.51620
4316.25308,0.51981
4312.39584,0.52442
4308.53859,0.52997
4304.68135,0.53616
4300.82411,0.54230
4296.96687,0.54751
4293.10963,0.55112
4289.25239,0.55290
4285.39515,0.55319
4281.53791,0.55260
4277.68066,0.55159
4273.82342,0.55016
4269.96618,0.54799
4266.10894,0.54520
4262.25170,0.54260
4258.39446,0.54103
4254.53722,0.54071
4250.67997,0.54123
4246.82273,0.54169
4242.96549,0.54121
4239.10825,0.53979
4235.25101,0.53820
4231.39377,0.53706
4227.53653,0.53608
4223.67929,0.53450
4219.82204,0.53187
4215.96480,0.52850
4212.10756,0.52510
4208.25032,0.52223
4204.39308,0.52004
4200.53584,0.51842
4196.67860,0.51753
4192.82135,0.51800
4188.96411,0.52054
4185.10687,0.52510
4181.24963,0.52998
4177.39239,0.53232
4173.53515,0.53025
4169.67791,0.52447
4165.82066,0.51739
4161.96342,0.51133
4158.10618,0.50732
4154.24894,0.50542
4150.39170,0.50540
4146.53446,0.50723
4142.67722,0.51084
4138.81998,0.51562
4134.96273,0.52039
4131.10549,0.52423
4127.24825,0.52719
4123.39101,0.53011
4119.53377,0.53400
4115.67653,0.53957
4111.81929,0.54714
4107.96204,0.55701
4104.10480,0.56986
4100.24756,0.58675
4096.39032,0.60652
4092.53308,0.62300
4088.67584,0.62905
4084.81860,0.62375
4080.96135,0.61166
4077.10411,0.59796
4073.24687,0.58660
4069.38963,0.57942
4065.53239,0.57585
4061.67515,0.57458
4057.81791,0.57498
4053.96067,0.57658
4050.10342,0.57849
4046.24618,0.58009
4042.38894,0.58121
4038.53170,0.58185
4034.67446,0.58230
4030.81722,0.58275
4026.95998,0.58305
4023.10273,0.58310
4019.24549,0.58292
4015.38825,0.58235
4011.53101,0.58115
4007.67377,0.57925
4003.81653,0.57688
3999.95929,0.57418
3996.10205,0.57110
3992.24480,0.56787
3988.38756,0.56504
3984.53032,0.56291
3980.67308,0.56137
3976.81584,0.56011
3972.95860,0.55866
3969.10136,0.55662
3965.24411,0.55401
3961.38687,0.55114
3957.52963,0.54822
3953.67239,0.54528
3949.81515,0.54222
3945.95791,0.53915
3942.10067,0.53630
3938.24342,0.53372
3934.38618,0.53133
3930.52894,0.52909
3926.67170,0.52707
3922.81446,0.52518
3918.95722,0.52327
3915.09998,0.52121
3911.24274,0.51893
3907.38549,0.51622
3903.52825,0.51260
3899.67101,0.50850
3895.81377,0.50488
3891.95653,0.50173
3888.09929,0.49902
3884.24205,0.49689
3880.38480,0.49511
3876.52756,0.49323
3872.67032,0.49071
3868.81308,0.48748
3864.95584,0.48419
3861.09860,0.48130
3857.24136,0.47853
3853.38411,0.47558
3849.52687,0.47341
3845.66963,0.47203
3841.81239,0.47068
3837.95515,0.46954
3834.09791,0.46899
3830.24067,0.46872
3826.38343,0.46870
3822.52618,0.46963
3818.66894,0.47232
3814.81170,0.47586
3810.95446,0.47849
3807.09722,0.47967
3803.23998,0.47917
3799.38274,0.47721
3795.52549,0.47499
3791.66825,0.47344
3787.81101,0.47279
3783.95377,0.47304
3780.09653,0.47420
3776.23929,0.47607
3772.38205,0.47851
3768.52481,0.48172
3764.66756,0.48532
3760.81032,0.48819
3756.95308,0.48903
3753.09584,0.48689
3749.23860,0.48293
3745.38136,0.48092
3741.52412,0.48211
3737.66687,0.48540
3733.80963,0.48988
3729.95239,0.49298
3726.09515,0.49377
3722.23791,0.49420
3718.38067,0.49603
3714.52343,0.49981
3710.66618,0.50645
3706.80894,0.51556
3702.95170,0.52634
3699.09446,0.53918
3695.23722,0.55387
3691.37998,0.57287
3687.52274,0.59493
3683.66550,0.61013
3679.80825,0.61915
3675.95101,0.62975
3672.09377,0.64622
3668.23653,0.66559
3664.37929,0.68410
3660.52205,0.70124
3656.66481,0.71788
3652.80756,0.73555
3648.95032,0.75594
3645.09308,0.77520
3641.23584,0.78920
3637.37860,0.80113
3633.52136,0.81240
3629.66412,0.82326
3625.80687,0.83355
3621.94963,0.84113
3618.09239,0.84818
3614.23515,0.85623
3610.37791,0.86593
3606.52067,0.87522
3602.66343,0.88177
3598.80619,0.88839
