3996.35288,0.03096
3994.42414,0.03077
3992.49539,0.03055
3990.56665,0.03047
3988.63791,0.03048
3986.70917,0.03059
3984.78043,0.03088
3982.85169,0.03117
3980.92294,0.03118
3978.99420,0.03092
3977.06546,0.03067
3975.13672,0.03057
3973.20798,0.03065
3971.27924,0.03079
3969.35049,0.03092
3967.42175,0.03105
3965.49301,0.03116
3963.56427,0.03110
3961.63553,0.03090
3959.70679,0.03085
3957.77804,0.03099
3955.84930,0.03106
3953.92056,0.03094
3951.99182,0.03075
3950.06308,0.03058
3948.13433,0.03051
3946.20559,0.03062
3944.27685,0.03075
3942.34811,0.03076
3940.41937,0.03083
3938.49063,0.03090
3936.56188,0.03085
3934.63314,0.03081
3932.70440,0.03067
3930.77566,0.03053
3928.84692,0.03075
3926.91818,0.03108
3924.98943,0.03110
3923.06069,0.03097
3921.13195,0.03107
3919.20321,0.03119
3917.27447,0.03100
3915.34573,0.03073
3913.41698,0.03073
3911.48824,0.03085
3909.55950,0.03091
3907.63076,0.03096
3905.70202,0.03094
3903.77327,0.03079
3901.84453,0.03072
3899.91579,0.03067
3897.98705,0.03051
3896.05831,0.03055
3894.12957,0.03087
3892.20082,0.03102
3890.27208,0.03083
3888.34334,0.03087
3886.41460,0.03101
3884.48586,0.03093
3882.55712,0.03088
3880.62837,0.03067
3878.69963,0.03039
3876.77089,0.03050
3874.84215,0.03071
3872.91341,0.03085
3870.98467,0.03088
3869.05592,0.03048
3867.12718,0.03010
3865.19844,0.03004
3863.26970,0.03010
3861.34096,0.03023
3859.41221,0.03045
3857.48347,0.03073
3855.55473,0.03087
3853.62599,0.03055
3851.69725,0.03006
3849.76851,0.03002
3847.83976,0.03022
3845.91102,0.03048
3843.98228,0.03056
3842.05354,0.03042
3840.12480,0.03025
3838.19606,0.03003
3836.26731,0.02984
3834.33857,0.02992
3832.40983,0.03016
3830.48109,0.03033
3828.55235,0.03048
3826.62361,0.03065
3824.69486,0.03083
3822.76612,0.03084
3820.83738,0.03032
3818.90864,0.02988
3816.97990,0.02991
3815.05115,0.02991
3813.12241,0.03000
3811.19367,0.03024
3809.26493,0.03040
3807.33619,0.03024
3805.40745,0.03010
3803.47870,0.03030
3801.54996,0.03029
3799.62122,0.03017
3797.69248,0.03020
3795.76374,0.03001
3793.83500,0.02982
3791.90625,0.02986
3789.97751,0.03008
3788.04877,0.03029
3786.12003,0.03023
3784.19129,0.03003
3782.26255,0.03014
3780.33380,0.03036
3778.40506,0.03029
3776.47632,0.03018
3774.54758,0.03030
3772.61884,0.03048
3770.69009,0.03039
3768.76135,0.03015
3766.83261,0.03016
3764.90387,0.03028
3762.97513,0.03048
3761.04639,0.03078
3759.11764,0.03093
3757.18890,0.03074
3755.26016,0.03052
3753.33142,0.03043
3751.40268,0.03022
3749.47394,0.03003
3747.54519,0.03043
3745.61645,0.03063
3743.68771,0.02998
3741.75897,0.02962
3739.83023,0.02995
3737.90149,0.03045
3735.97274,0.03052
3734.04400,0.02990
3732.11526,0.02955
3730.18652,0.02977
3728.25778,0.03008
3726.32904,0.03029
3724.40029,0.03035
3722.47155,0.03018
3720.54281,0.02997
3718.61407,0.02996
3716.68533,0.03011
3714.75658,0.03033
3712.82784,0.03041
3710.89910,0.03006
3708.97036,0.02974
3707.04162,0.02978
3705.11288,0.02993
3703.18413,0.02988
3701.25539,0.02957
3699.32665,0.02931
3697.39791,0.02935
3695.46917,0.02972
3693.54043,0.03029
3691.61168,0.03061
3689.68294,0.03023
3687.75420,0.02972
3685.82546,0.02982
3683.89672,0.03011
3681.96798,0.03027
3680.03923,0.03029
3678.11049,0.03028
3676.18175,0.02994
3674.25301,0.02947
3672.32427,0.02961
3670.39552,0.02966
3668.46678,0.02949
3666.53804,0.02973
3664.60930,0.03007
3662.68056,0.03022
3660.75182,0.03035
3658.82307,0.03058
3656.89433,0.03074
3654.96559,0.03086
3653.03685,0.03127
3651.10811,0.03163
3649.17937,0.03105
3647.25062,0.03013
3645.32188,0.03009
3643.39314,0.03050
3641.46440,0.03101
3639.53566,0.03140
3637.60692,0.03149
3635.67817,0.03141
3633.74943,0.03142
3631.82069,0.03168
3629.89195,0.03188
3627.96321,0.03150
3626.03446,0.03114
3624.10572,0.03122
3622.17698,0.03158
3620.24824,0.03188
3618.31950,0.03177
3616.39076,0.03167
3614.46201,0.03159
3612.53327,0.03129
3610.60453,0.03125
3608.67579,0.03160
3606.74705,0.03188
3604.81831,0.03194
3602.88956,0.03184
3600.96082,0.03169
3599.03208,0.03163
3597.10334,0.03172
3595.17460,0.03186
3593.24586,0.03200
3591.31711,0.03221
3589.38837,0.03234
3587.45963,0.03217
3585.53089,0.03201
3583.60215,0.03213
3581.67340,0.03233
3579.74466,0.03258
3577.81592,0.03284
3575.88718,0.03306
3573.95844,0.03328
3572.02970,0.03354
3570.10095,0.03388
3568.17221,0.03402
3566.24347,0.03364
3564.31473,0.03343
3562.38599,0.03366
3560.45725,0.03392
3558.52850,0.03404
3556.59976,0.03415
3554.67102,0.03429
3552.74228,0.03446
3550.81354,0.03468
3548.88480,0.03499
3546.95605,0.03518
3545.02731,0.03507
3543.09857,0.03505
3541.16983,0.03540
3539.24109,0.03571
3537.31234,0.03561
3535.38360,0.03547
3533.45486,0.03565
3531.52612,0.03590
3529.59738,0.03611
3527.66864,0.03634
3525.73989,0.03652
3523.81115,0.03659
3521.88241,0.03665
3519.95367,0.03678
3518.02493,0.03700
3516.09619,0.03736
3514.16744,0.03774
3512.23870,0.03788
3510.30996,0.03777
3508.38122,0.03771
3506.45248,0.03803
3504.52374,0.03859
3502.59499,0.03894
3500.66625,0.03897
3498.73751,0.03890
3496.80877,0.03891
3494.88003,0.03904
3492.95128,0.03926
3491.02254,0.03947
3489.09380,0.03961
3487.16506,0.03986
3485.23632,0.04021
3483.30758,0.04041
3481.37883,0.04059
3479.45009,0.04100
3477.52135,0.04134
3475.59261,0.04128
3473.66387,0.04119
3471.73513,0.04150
3469.80638,0.04193
3467.87764,0.04207
3465.94890,0.04207
3464.02016,0.04239
3462.09142,0.04300
3460.16268,0.04353
3458.23393,0.04389
3456.30519,0.04414
3454.37645,0.04440
3452.44771,0.04481
3450.51897,0.04524
3448.59022,0.04538
3446.66148,0.04531
3444.73274,0.04558
3442.80400,0.04633
3440.87526,0.04711
3438.94652,0.04762
3437.01777,0.04796
3435.08903,0.04830
3433.16029,0.04875
3431.23155,0.04910
3429.30281,0.04927
3427.37407,0.04947
3425.44532,0.04976
3423.51658,0.05008
3421.58784,0.05037
3419.65910,0.05052
3417.73036,0.05073
3415.80162,0.05106
3413.87287,0.05121
3411.94413,0.05118
3410.01539,0.05136
3408.08665,0.05188
3406.15791,0.05236
3404.22917,0.05247
3402.30042,0.05244
3400.37168,0.05260
3398.44294,0.05282
3396.51420,0.05304
3394.58546,0.05333
3392.65671,0.05359
3390.72797,0.05371
3388.79923,0.05390
3386.87049,0.05420
3384.94175,0.05442
3383.01301,0.05453
3381.08426,0.05463
3379.15552,0.05467
3377.22678,0.05481
3375.29804,0.05526
3373.36930,0.05586
3371.44056,0.05626
3369.51181,0.05638
3367.58307,0.05649
3365.65433,0.05688
3363.72559,0.05741
3361.79685,0.05783
3359.86811,0.05823
3357.93936,0.05872
3356.01062,0.05915
3354.08188,0.05948
3352.15314,0.05986
3350.22440,0.06036
3348.29565,0.06089
3346.36691,0.06133
3344.43817,0.06172
3342.50943,0.06214
3340.58069,0.06244
3338.65195,0.06261
3336.72320,0.06283
3334.79446,0.06313
3332.86572,0.06336
3330.93698,0.06343
3329.00824,0.06324
3327.07950,0.06297
3325.15075,0.06287
3323.22201,0.06281
3321.29327,0.06258
3319.36453,0.06238
3317.43579,0.06245
3315.50705,0.06263
3313.57830,0.06267
3311.64956,0.06261
3309.72082,0.06257
3307.79208,0.06256
3305.86334,0.06251
3303.93459,0.06250
3302.00585,0.06261
3300.07711,0.06276
3298.14837,0.06288
3296.21963,0.06306
3294.29089,0.06330
3292.36214,0.06345
3290.43340,0.06338
3288.50466,0.06316
3286.57592,0.06301
3284.64718,0.06307
3282.71844,0.06321
3280.78969,0.06331
3278.86095,0.06345
3276.93221,0.06358
3275.00347,0.06350
3273.07473,0.06328
3271.14599,0.06311
3269.21724,0.06302
3267.28850,0.06296
3265.35976,0.06289
3263.43102,0.06285
3261.50228,0.06271
3259.57353,0.06227
3257.64479,0.06186
3255.71605,0.06170
3253.78731,0.06151
3251.85857,0.06130
3249.92983,0.06115
3248.00108,0.06092
3246.07234,0.06067
3244.14360,0.06048
3242.21486,0.06024
3240.28612,0.05985
3238.35738,0.05943
3236.42863,0.05921
3234.49989,0.05915
3232.57115,0.05901
3230.64241,0.05858
3228.71367,0.05796
3226.78493,0.05753
3224.85618,0.05744
3222.92744,0.05746
3220.99870,0.05744
3219.06996,0.05742
3217.14122,0.05722
3215.21247,0.05678
3213.28373,0.05646
3211.35499,0.05638
3209.42625,0.05623
3207.49751,0.05591
3205.56877,0.05564
3203.64002,0.05550
3201.71128,0.05540
3199.78254,0.05519
3197.85380,0.05484
3195.92506,0.05445
3193.99632,0.05404
3192.06757,0.05369
3190.13883,0.05352
3188.21009,0.05353
3186.28135,0.05358
3184.35261,0.05347
3182.42387,0.05322
3180.49512,0.05302
3178.56638,0.05292
3176.63764,0.05278
3174.70890,0.05256
3172.78016,0.05227
3170.85141,0.05194
3168.92267,0.05171
3166.99393,0.05171
3165.06519,0.05178
3163.13645,0.05168
3161.20771,0.05146
3159.27896,0.05122
3157.35022,0.05093
3155.42148,0.05074
3153.49274,0.05073
3151.56400,0.05068
3149.63526,0.05053
3147.70651,0.05043
3145.77777,0.05032
3143.84903,0.05011
3141.92029,0.04985
3139.99155,0.04966
3138.06281,0.04963
3136.13406,0.04963
3134.20532,0.04949
3132.27658,0.04927
3130.34784,0.04909
3128.41910,0.04896
3126.49035,0.04892
3124.56161,0.04888
3122.63287,0.04871
3120.70413,0.04846
3118.77539,0.04831
3116.84665,0.04821
3114.91790,0.04809
3112.98916,0.04810
3111.06042,0.04815
3109.13168,0.04805
3107.20294,0.04795
3105.27420,0.04787
3103.34545,0.04779
3101.41671,0.04777
3099.48797,0.04767
3097.55923,0.04743
3095.63049,0.04727
3093.70175,0.04727
3091.77300,0.04723
3089.84426,0.04698
3087.91552,0.04663
3085.98678,0.04648
3084.05804,0.04659
3082.12930,0.04673
3080.20055,0.04669
3078.27181,0.04651
3076.34307,0.04636
3074.41433,0.04633
3072.48559,0.04633
3070.55684,0.04630
3068.62810,0.04620
3066.69936,0.04608
3064.77062,0.04597
3062.84188,0.04583
3060.91314,0.04564
3058.98439,0.04552
3057.05565,0.04563
3055.12691,0.04583
3053.19817,0.04586
3051.26943,0.04563
3049.34069,0.04535
3047.41194,0.04521
3045.48320,0.04505
3043.55446,0.04464
3041.62572,0.04417
3039.69698,0.04396
3037.76824,0.04390
3035.83949,0.04375
3033.91075,0.04358
3031.98201,0.04345
3030.05327,0.04335
3028.12453,0.04334
3026.19578,0.04339
3024.26704,0.04341
3022.33830,0.04334
3020.40956,0.04331
3018.48082,0.04347
3016.55208,0.04387
3014.62333,0.04430
3012.69459,0.04450
3010.76585,0.04441
3008.83711,0.04423
3006.90837,0.04417
3004.97963,0.04426
3003.05088,0.04434
3001.12214,0.04432
2999.19340,0.04434
2997.26466,0.04450
2995.33592,0.04469
2993.40718,0.04479
2991.47843,0.04480
2989.54969,0.04487
2987.62095,0.04503
2985.69221,0.04511
2983.76347,0.04524
2981.83472,0.04556
2979.90598,0.04591
2977.97724,0.04634
2976.04850,0.04707
2974.11976,0.04795
2972.19102,0.04864
2970.26227,0.04905
2968.33353,0.04925
2966.40479,0.04932
2964.47605,0.04929
2962.54731,0.04919
2960.61857,0.04904
2958.68982,0.04891
2956.76108,0.04873
2954.83234,0.04847
2952.90360,0.04825
2950.97486,0.04813
2949.04612,0.04801
2947.11737,0.04797
2945.18863,0.04801
2943.25989,0.04802
2941.33115,0.04792
2939.40241,0.04772
2937.47366,0.04752
2935.54492,0.04741
2933.61618,0.04739
2931.68744,0.04739
2929.75870,0.04740
2927.82996,0.04743
2925.90121,0.04747
2923.97247,0.04760
2922.04373,0.04785
2920.11499,0.04821
2918.18625,0.04871
2916.25751,0.04935
2914.32876,0.05003
2912.40002,0.05063
2910.47128,0.05125
2908.54254,0.05194
2906.61380,0.05250
2904.68506,0.05276
2902.75631,0.05281
2900.82757,0.05282
2898.89883,0.05283
2896.97009,0.05279
2895.04135,0.05266
2893.11260,0.05247
2891.18386,0.05231
2889.25512,0.05213
2887.32638,0.05186
2885.39764,0.05158
2883.46890,0.05138
2881.54015,0.05123
2879.61141,0.05109
2877.68267,0.05095
2875.75393,0.05085
2873.82519,0.05072
2871.89645,0.05055
2869.96770,0.05046
2868.03896,0.05048
2866.11022,0.05049
2864.18148,0.05043
2862.25274,0.05024
2860.32400,0.04997
2858.39525,0.04982
2856.46651,0.04973
2854.53777,0.04949
2852.60903,0.04917
2850.68029,0.04892
2848.75154,0.04867
2846.82280,0.04835
2844.89406,0.04803
2842.96532,0.04773
2841.03658,0.04737
2839.10784,0.04702
2837.17909,0.04678
2835.25035,0.04664
2833.32161,0.04643
2831.39287,0.04617
2829.46413,0.04597
2827.53539,0.04581
2825.60664,0.04560
2823.67790,0.04537
2821.74916,0.04523
2819.82042,0.04515
2817.89168,0.04505
2815.96294,0.04494
2814.03419,0.04484
2812.10545,0.04480
2810.17671,0.04478
2808.24797,0.04469
2806.31923,0.04451
2804.39048,0.04439
2802.46174,0.04434
2800.53300,0.04419
2798.60426,0.04393
2796.67552,0.04370
2794.74678,0.04363
2792.81803,0.04367
2790.88929,0.04365
2788.96055,0.04361
2787.03181,0.04364
2785.10307,0.04365
2783.17433,0.04349
2781.24558,0.04332
2779.31684,0.04332
2777.38810,0.04336
2775.45936,0.04326
2773.53062,0.04312
2771.60188,0.04296
2769.67313,0.04275
2767.74439,0.04266
2765.81565,0.04270
2763.88691,0.04268
2761.95817,0.04255
2760.02943,0.04247
2758.10068,0.04251
2756.17194,0.04254
2754.24320,0.04254
2752.31446,0.04255
2750.38572,0.04255
2748.45697,0.04260
2746.52823,0.04271
2744.59949,0.04276
2742.67075,0.04263
2740.74201,0.04245
2738.81327,0.04234
2736.88452,0.04228
2734.95578,0.04227
2733.02704,0.04233
2731.09830,0.04239
2729.16956,0.04236
2727.24082,0.04228
2725.31207,0.04221
2723.38333,0.04218
2721.45459,0.04213
2719.52585,0.04201
2717.59711,0.04193
2715.66837,0.04190
2713.73962,0.04185
2711.81088,0.04181
2709.88214,0.04180
2707.95340,0.04182
2706.02466,0.04182
2704.09591,0.04172
2702.16717,0.04156
2700.23843,0.04146
2698.30969,0.04147
2696.38095,0.04150
2694.45221,0.04150
2692.52346,0.04143
2690.59472,0.04135
2688.66598,0.04132
2686.73724,0.04129
2684.80850,0.04126
2682.87976,0.04120
2680.95101,0.04111
2679.02227,0.04102
2677.09353,0.04097
2675.16479,0.04097
2673.23605,0.04103
2671.30731,0.04106
2669.37856,0.04099
2667.44982,0.04091
2665.52108,0.04095
2663.59234,0.04112
2661.66360,0.04126
2659.73485,0.04126
2657.80611,0.04118
2655.87737,0.04115
2653.94863,0.04111
2652.01989,0.04105
2650.09115,0.04108
2648.16240,0.04119
2646.23366,0.04128
2644.30492,0.04131
2642.37618,0.04126
2640.44744,0.04129
2638.51870,0.04145
2636.58995,0.04156
2634.66121,0.04159
2632.73247,0.04160
2630.80373,0.04161
2628.87499,0.04163
2626.94625,0.04164
2625.01750,0.04160
2623.08876,0.04155
2621.16002,0.04157
2619.23128,0.04159
2617.30254,0.04155
2615.37379,0.04154
2613.44505,0.04158
2611.51631,0.04159
2609.58757,0.04154
2607.65883,0.04147
2605.73009,0.04144
2603.80134,0.04146
2601.87260,0.04156
2599.94386,0.04167
2598.01512,0.04166
2596.08638,0.04153
2594.15764,0.04145
2592.22889,0.04148
2590.30015,0.04148
2588.37141,0.04147
2586.44267,0.04154
2584.51393,0.04163
2582.58519,0.04163
2580.65644,0.04150
2578.72770,0.04133
2576.79896,0.04127
2574.87022,0.04132
2572.94148,0.04125
2571.01273,0.04109
2569.08399,0.04109
2567.15525,0.04124
2565.22651,0.04134
2563.29777,0.04135
2561.36903,0.04132
2559.44028,0.04127
2557.51154,0.04124
2555.58280,0.04124
2553.65406,0.04128
2551.72532,0.04138
2549.79658,0.04142
2547.86783,0.04130
2545.93909,0.04109
2544.01035,0.04093
2542.08161,0.04094
2540.15287,0.04108
2538.22413,0.04119
2536.29538,0.04129
2534.36664,0.04136
2532.43790,0.04133
2530.50916,0.04120
2528.58042,0.04115
2526.65167,0.04116
2524.72293,0.04107
2522.79419,0.04095
2520.86545,0.04096
2518.93671,0.04101
2517.00797,0.04102
2515.07922,0.04103
2513.15048,0.04104
2511.22174,0.04108
2509.29300,0.04108
2507.36426,0.04089
2505.43552,0.04072
2503.50677,0.04077
2501.57803,0.04084
2499.64929,0.04081
2497.72055,0.04074
2495.79181,0.04071
2493.86307,0.04068
2491.93432,0.04065
2490.00558,0.04065
2488.07684,0.04060
2486.14810,0.04044
2484.21936,0.04030
2482.29061,0.04026
2480.36187,0.04022
2478.43313,0.04017
2476.50439,0.04020
2474.57565,0.04033
2472.64691,0.04044
2470.71816,0.04040
2468.78942,0.04021
2466.86068,0.04008
2464.93194,0.04005
2463.00320,0.04005
2461.07446,0.04001
2459.14571,0.03997
2457.21697,0.03995
2455.28823,0.03994
2453.35949,0.03992
2451.43075,0.03985
2449.50201,0.03984
2447.57326,0.03993
2445.64452,0.03992
2443.71578,0.03978
2441.78704,0.03969
2439.85830,0.03971
2437.92956,0.03979
2436.00081,0.03988
2434.07207,0.03992
2432.14333,0.03988
2430.21459,0.03978
2428.28585,0.03974
2426.35710,0.03978
2424.42836,0.03983
2422.49962,0.03982
2420.57088,0.03972
2418.64214,0.03957
2416.71340,0.03954
2414.78465,0.03962
2412.85591,0.03969
2410.92717,0.03963
2408.99843,0.03945
2407.06969,0.03936
2405.14095,0.03942
2403.21220,0.03942
2401.28346,0.03930
2399.35472,0.03926
2397.42598,0.03921
2395.49724,0.03909
2393.56850,0.03903
2391.63975,0.03911
2389.71101,0.03919
2387.78227,0.03913
2385.85353,0.03898
2383.92479,0.03896
2381.99604,0.03907
2380.06730,0.03920
2378.13856,0.03930
2376.20982,0.03939
2374.28108,0.03945
2372.35234,0.03932
2370.42359,0.03903
2368.49485,0.03899
2366.56611,0.03924
2364.63737,0.03918
2362.70863,0.03886
2360.77989,0.03882
2358.85114,0.03890
2356.92240,0.03901
2354.99366,0.03921
2353.06492,0.03905
2351.13618,0.03865
2349.20744,0.03862
2347.27869,0.03894
2345.34995,0.03915
2343.42121,0.03903
2341.49247,0.03882
2339.56373,0.03863
2337.63498,0.03859
2335.70624,0.03867
2333.77750,0.03867
2331.84876,0.03854
2329.92002,0.03843
2327.99128,0.03852
2326.06253,0.03880
2324.13379,0.03907
2322.20505,0.03926
2320.27631,0.03942
2318.34757,0.03940
2316.41883,0.03916
2314.49008,0.03893
2312.56134,0.03881
2310.63260,0.03879
2308.70386,0.03888
2306.77512,0.03895
2304.84638,0.03894
2302.91763,0.03902
2300.98889,0.03914
2299.06015,0.03914
2297.13141,0.03911
2295.20267,0.03905
2293.27392,0.03903
2291.34518,0.03922
2289.41644,0.03956
2287.48770,0.03979
2285.55896,0.03971
2283.63022,0.03947
2281.70147,0.03936
2279.77273,0.03943
2277.84399,0.03959
2275.91525,0.03964
2273.98651,0.03947
2272.05777,0.03927
2270.12902,0.03933
2268.20028,0.03950
2266.27154,0.03941
2264.34280,0.03924
2262.41406,0.03935
2260.48532,0.03962
2258.55657,0.03965
2256.62783,0.03945
2254.69909,0.03926
2252.77035,0.03912
2250.84161,0.03908
2248.91286,0.03919
2246.98412,0.03917
2245.05538,0.03886
2243.12664,0.03865
2241.19790,0.03875
2239.26916,0.03888
2237.34041,0.03892
2235.41167,0.03898
2233.48293,0.03907
2231.55419,0.03903
2229.62545,0.03895
2227.69671,0.03884
2225.76796,0.03859
2223.83922,0.03845
2221.91048,0.03863
2219.98174,0.03892
2218.05300,0.03915
2216.12426,0.03914
2214.19551,0.03881
2212.26677,0.03840
2210.33803,0.03837
2208.40929,0.03844
2206.48055,0.03830
2204.55180,0.03847
2202.62306,0.03880
2200.69432,0.03851
2198.76558,0.03792
2196.83684,0.03774
2194.90810,0.03803
2192.97935,0.03837
2191.05061,0.03842
2189.12187,0.03841
2187.19313,0.03847
2185.26439,0.03839
2183.33565,0.03814
2181.40690,0.03795
2179.47816,0.03800
2177.54942,0.03817
2175.62068,0.03805
2173.69194,0.03776
2171.76320,0.03775
2169.83445,0.03788
2167.90571,0.03798
2165.97697,0.03825
2164.04823,0.03860
2162.11949,0.03852
2160.19074,0.03770
2158.26200,0.03638
2156.33326,0.03567
2154.40452,0.03597
2152.47578,0.03628
2150.54704,0.03620
2148.61829,0.03617
2146.68955,0.03643
2144.76081,0.03689
2142.83207,0.03735
2140.90333,0.03767
2138.97459,0.03762
2137.04584,0.03716
2135.11710,0.03657
2133.18836,0.03621
2131.25962,0.03633
2129.33088,0.03674
2127.40214,0.03705
2125.47339,0.03708
2123.54465,0.03708
2121.61591,0.03739
2119.68717,0.03783
2117.75843,0.03813
2115.82969,0.03830
2113.90094,0.03831
2111.97220,0.03824
2110.04346,0.03827
2108.11472,0.03836
2106.18598,0.03836
2104.25723,0.03826
2102.32849,0.03821
2100.39975,0.03825
2098.47101,0.03821
2096.54227,0.03796
2094.61353,0.03766
2092.68478,0.03756
2090.75604,0.03758
2088.82730,0.03753
2086.89856,0.03746
2084.96982,0.03746
2083.04108,0.03752
2081.11233,0.03763
2079.18359,0.03786
2077.25485,0.03808
2075.32611,0.03807
2073.39737,0.03786
2071.46863,0.03769
2069.53988,0.03763
2067.61114,0.03760
2065.68240,0.03754
2063.75366,0.03757
2061.82492,0.03764
2059.89617,0.03749
2057.96743,0.03709
2056.03869,0.03674
2054.10995,0.03669
2052.18121,0.03707
2050.25247,0.03753
2048.32372,0.03740
2046.39498,0.03678
2044.46624,0.03639
2042.53750,0.03638
2040.60876,0.03656
2038.68002,0.03665
2036.75127,0.03647
2034.82253,0.03615
2032.89379,0.03567
2030.96505,0.03511
2029.03631,0.03503
2027.10757,0.03541
2025.17882,0.03558
2023.25008,0.03547
2021.32134,0.03540
2019.39260,0.03525
2017.46386,0.03510
2015.53511,0.03522
2013.60637,0.03534
2011.67763,0.03525
2009.74889,0.03510
2007.82015,0.03492
2005.89141,0.03457
2003.96266,0.03432
2002.03392,0.03445
2000.10518,0.03478
1998.17644,0.03502
1996.24770,0.03515
1994.31896,0.03524
1992.39021,0.03543
1990.46147,0.03579
1988.53273,0.03581
1986.60399,0.03535
1984.67525,0.03520
1982.74651,0.03564
1980.81776,0.03610
1978.88902,0.03612
1976.96028,0.03565
1975.03154,0.03527
1973.10280,0.03538
1971.17405,0.03550
1969.24531,0.03553
1967.31657,0.03584
1965.38783,0.03606
1963.45909,0.03576
1961.53035,0.03547
1959.60160,0.03548
1957.67286,0.03535
1955.74412,0.03526
1953.81538,0.03563
1951.88664,0.03598
1949.95790,0.03584
1948.02915,0.03558
1946.10041,0.03542
1944.17167,0.03527
1942.24293,0.03528
1940.31419,0.03527
1938.38545,0.03508
1936.45670,0.03492
1934.52796,0.03471
1932.59922,0.03427
1930.67048,0.03383
1928.74174,0.03350
1926.81299,0.03311
1924.88425,0.03284
1922.95551,0.03295
1921.02677,0.03319
1919.09803,0.03315
1917.16929,0.03286
1915.24054,0.03262
1913.31180,0.03238
1911.38306,0.03210
1909.45432,0.03198
1907.52558,0.03205
1905.59684,0.03211
1903.66809,0.03208
1901.73935,0.03191
1899.81061,0.03171
1897.88187,0.03158
1895.95313,0.03140
1894.02439,0.03117
1892.09564,0.03100
1890.16690,0.03087
1888.23816,0.03071
1886.30942,0.03054
1884.38068,0.03045
1882.45193,0.03046
1880.52319,0.03042
1878.59445,0.03024
1876.66571,0.03005
1874.73697,0.03000
1872.80823,0.02998
1870.87948,0.02989
1868.95074,0.02971
1867.02200,0.02963
1865.09326,0.02970
1863.16452,0.02972
1861.23578,0.02964
1859.30703,0.02947
1857.37829,0.02930
1855.44955,0.02916
1853.52081,0.02901
1851.59207,0.02895
1849.66333,0.02904
1847.73458,0.02916
1845.80584,0.02924
1843.87710,0.02921
1841.94836,0.02914
1840.01962,0.02919
1838.09087,0.02927
1836.16213,0.02925
1834.23339,0.02922
1832.30465,0.02925
1830.37591,0.02930
1828.44717,0.02931
1826.51842,0.02926
1824.58968,0.02912
1822.66094,0.02898
1820.73220,0.02884
1818.80346,0.02854
1816.87472,0.02821
1814.94597,0.02815
1813.01723,0.02823
1811.08849,0.02820
1809.15975,0.02801
1807.23101,0.02775
1805.30227,0.02752
1803.37352,0.02742
1801.44478,0.02732
1799.51604,0.02705
1797.58730,0.02679
1795.65856,0.02662
1793.72982,0.02634
1791.80107,0.02587
1789.87233,0.02558
1787.94359,0.02554
1786.01485,0.02553
1784.08611,0.02539
1782.15736,0.02516
1780.22862,0.02483
1778.29988,0.02451
1776.37114,0.02437
1774.44240,0.02428
1772.51366,0.02409
1770.58491,0.02390
1768.65617,0.02382
1766.72743,0.02375
1764.79869,0.02365
1762.86995,0.02359
1760.94121,0.02358
1759.01246,0.02374
1757.08372,0.02414
1755.15498,0.02473
1753.22624,0.02553
1751.29750,0.02687
1749.36876,0.02931
1747.44001,0.03272
1745.51127,0.03692
1743.58253,0.04216
1741.65379,0.04844
1739.72505,0.05592
1737.79630,0.06314
1735.86756,0.06986
1733.93882,0.07910
1732.01008,0.08876
1730.08134,0.09619
1728.15260,0.10340
1726.22385,0.11053
1724.29511,0.11792
1722.36637,0.12529
1720.43763,0.13173
1718.50889,0.13848
1716.58015,0.14621
1714.65140,0.15127
1712.72266,0.15306
1710.79392,0.15247
1708.86518,0.14992
1706.93644,0.14519
1705.00770,0.13854
1703.07895,0.13275
1701.15021,0.12650
1699.22147,0.11820
1697.29273,0.11156
1695.36399,0.10585
1693.43524,0.10156
1691.50650,0.09874
1689.57776,0.09595
1687.64902,0.09364
1685.72028,0.09171
1683.79154,0.08859
1681.86279,0.08597
1679.93405,0.08462
1678.00531,0.08341
1676.07657,0.08177
1674.14783,0.07971
1672.21909,0.07818
1670.29034,0.07653
1668.36160,0.07420
1666.43286,0.07265
1664.50412,0.07150
1662.57538,0.06982
1660.64664,0.06807
1658.71789,0.06704
1656.78915,0.06663
1654.86041,0.06625
1652.93167,0.06445
1651.00293,0.06289
1649.07418,0.06264
1647.14544,0.06188
1645.21670,0.06052
1643.28796,0.05978
1641.35922,0.05945
1639.43048,0.05921
1637.50173,0.05874
1635.57299,0.05767
1633.64425,0.05684
1631.71551,0.05661
1629.78677,0.05629
1627.85803,0.05565
1625.92928,0.05509
1624.00054,0.05456
1622.07180,0.05399
1620.14306,0.05374
1618.21432,0.05368
1616.28558,0.05343
1614.35683,0.05321
1612.42809,0.05305
1610.49935,0.05253
1608.57061,0.05162
1606.64187,0.05067
1604.71312,0.04986
1602.78438,0.04908
1600.85564,0.04835
1598.92690,0.04777
1596.99816,0.04727
1595.06942,0.04675
1593.14067,0.04624
1591.21193,0.04584
1589.28319,0.04554
1587.35445,0.04546
1585.42571,0.04577
1583.49697,0.04650
1581.56822,0.04752
1579.63948,0.04853
1577.71074,0.04904
1575.78200,0.04844
1573.85326,0.04740
1571.92452,0.04656
1569.99577,0.04540
1568.06703,0.04422
1566.13829,0.04363
1564.20955,0.04330
1562.28081,0.04311
1560.35206,0.04273
1558.42332,0.04138
1556.49458,0.04056
1554.56584,0.04045
1552.63710,0.04037
1550.70836,0.04023
1548.77961,0.03999
1546.85087,0.03985
1544.92213,0.03971
1542.99339,0.03931
1541.06465,0.03868
1539.13591,0.03803
1537.20716,0.03797
1535.27842,0.03813
1533.34968,0.03804
1531.42094,0.03783
1529.49220,0.03777
1527.56346,0.03776
1525.63471,0.03775
1523.70597,0.03770
1521.77723,0.03719
1519.84849,0.03640
1517.91975,0.03592
1515.99100,0.03567
1514.06226,0.03585
1512.13352,0.03667
1510.20478,0.03823
1508.27604,0.04163
1506.34730,0.04746
1504.41855,0.04932
1502.48981,0.04760
1500.56107,0.04458
1498.63233,0.04106
1496.70359,0.03800
1494.77485,0.03637
1492.84610,0.03589
1490.91736,0.03586
1488.98862,0.03620
1487.05988,0.03705
1485.13114,0.03826
1483.20240,0.03970
1481.27365,0.04133
1479.34491,0.04288
1477.41617,0.04427
1475.48743,0.04582
1473.55869,0.04774
1471.62995,0.04921
1469.70120,0.04936
1467.77246,0.04896
1465.84372,0.04872
1463.91498,0.04897
1461.98624,0.04965
1460.05749,0.05053
1458.12875,0.05156
1456.20001,0.05242
1454.27127,0.05279
1452.34253,0.05284
1450.41379,0.05265
1448.48504,0.05223
1446.55630,0.05164
1444.62756,0.05107
1442.69882,0.05055
1440.77008,0.05018
1438.84134,0.05004
1436.91259,0.04984
1434.98385,0.04947
1433.05511,0.04912
1431.12637,0.04863
1429.19763,0.04782
1427.26889,0.04699
1425.34014,0.04634
1423.41140,0.04595
1421.48266,0.04608
1419.55392,0.04735
1417.62518,0.05089
1415.69643,0.05654
1413.76769,0.06411
1411.83895,0.07289
1409.91021,0.07999
1407.98147,0.08273
1406.05273,0.08061
1404.12398,0.07504
1402.19524,0.06927
1400.26650,0.06441
1398.33776,0.06001
1396.40902,0.05650
1394.48028,0.05388
1392.55153,0.05218
1390.62279,0.05136
1388.69405,0.05103
1386.76531,0.05108
1384.83657,0.05141
1382.90783,0.05187
1380.97908,0.05251
1379.05034,0.05345
1377.12160,0.05463
1375.19286,0.05604
1373.26412,0.05749
1371.33537,0.05844
1369.40663,0.05847
1367.47789,0.05757
1365.54915,0.05622
1363.62041,0.05475
1361.69167,0.05326
1359.76292,0.05210
1357.83418,0.05142
1355.90544,0.05118
1353.97670,0.05146
1352.04796,0.05244
1350.11922,0.05463
1348.19047,0.05875
1346.26173,0.06525
1344.33299,0.07375
1342.40425,0.08277
1340.47551,0.09042
1338.54677,0.09413
1336.61802,0.09237
1334.68928,0.08641
1332.76054,0.07818
1330.83180,0.06966
1328.90306,0.06276
1326.97431,0.05842
1325.04557,0.05642
1323.11683,0.05613
1321.18809,0.05699
1319.25935,0.05857
1317.33061,0.06040
1315.40186,0.06199
1313.47312,0.06313
1311.54438,0.06391
1309.61564,0.06448
1307.68690,0.06488
1305.75816,0.06521
1303.82941,0.06575
1301.90067,0.06688
1299.97193,0.06882
1298.04319,0.07149
1296.11445,0.07472
1294.18571,0.07832
1292.25696,0.08209
1290.32822,0.08583
1288.39948,0.08951
1286.47074,0.09315
1284.54200,0.09677
1282.61325,0.10048
1280.68451,0.10413
1278.75577,0.10748
1276.82703,0.11072
1274.89829,0.11428
1272.96955,0.11824
1271.04080,0.12253
1269.11206,0.12712
1267.18332,0.13193
1265.25458,0.13669
1263.32584,0.14093
1261.39710,0.14431
1259.46835,0.14687
1257.53961,0.14894
1255.61087,0.15094
1253.68213,0.15333
1251.75339,0.15637
1249.82465,0.15979
1247.89590,0.16310
1245.96716,0.16601
1244.03842,0.16832
1242.10968,0.16975
1240.18094,0.17006
1238.25219,0.16900
1236.32345,0.16652
1234.39471,0.16269
1232.46597,0.15778
1230.53723,0.15239
1228.60849,0.14717
1226.67974,0.14240
1224.75100,0.13802
1222.82226,0.13387
1220.89352,0.12980
1218.96478,0.12570
1217.03604,0.12163
1215.10729,0.11789
1213.17855,0.11477
1211.24981,0.11239
1209.32107,0.11071
1207.39233,0.10932
1205.46359,0.10747
1203.53484,0.10490
1201.60610,0.10192
1199.67736,0.09868
1197.74862,0.09514
1195.81988,0.09144
1193.89113,0.08783
1191.96239,0.08453
1190.03365,0.08163
1188.10491,0.07915
1186.17617,0.07724
1184.24743,0.07611
1182.31868,0.07578
1180.38994,0.07607
1178.46120,0.07675
1176.53246,0.07774
1174.60372,0.07887
1172.67498,0.07993
1170.74623,0.08079
1168.81749,0.08145
1166.88875,0.08210
1164.96001,0.08291
1163.03127,0.08365
1161.10253,0.08371
1159.17378,0.08282
1157.24504,0.08134
1155.31630,0.07987
1153.38756,0.07894
1151.45882,0.07868
1149.53007,0.07897
1147.60133,0.07964
1145.67259,0.08056
1143.74385,0.08178
1141.81511,0.08364
1139.88637,0.08659
1137.95762,0.09097
1136.02888,0.09686
1134.10014,0.10412
1132.17140,0.11230
1130.24266,0.12102
1128.31392,0.13003
1126.38517,0.13878
1124.45643,0.14660
1122.52769,0.15329
1120.59895,0.15919
1118.67021,0.16453
1116.74147,0.16933
1114.81272,0.17377
1112.88398,0.17801
1110.95524,0.18199
1109.02650,0.18594
1107.09776,0.19033
1105.16902,0.19531
1103.24027,0.20015
1101.31153,0.20375
1099.38279,0.20571
1097.45405,0.20626
1095.52531,0.20573
1093.59656,0.20440
1091.66782,0.20275
1089.73908,0.20117
1087.81034,0.19931
1085.88160,0.19695
1083.95286,0.19456
1082.02411,0.19223
1080.09537,0.18966
1078.16663,0.18681
1076.23789,0.18389
1074.30915,0.18101
1072.38041,0.17833
1070.45166,0.17643
1068.52292,0.17563
1066.59418,0.17579
1064.66544,0.17700
1062.73670,0.17936
1060.80796,0.18205
1058.87921,0.18372
1056.95047,0.18409
1055.02173,0.18376
1053.09299,0.18301
1051.16425,0.18164
1049.23550,0.17969
1047.30676,0.17742
1045.37802,0.17509
1043.44928,0.17294
1041.52054,0.17147
1039.59180,0.17108
1037.66305,0.17155
1035.73431,0.17225
1033.80557,0.17246
1031.87683,0.17158
1029.94809,0.17003
1028.01935,0.16981
1026.09060,0.17310
1024.16186,0.18030
1022.23312,0.18978
1020.30438,0.19939
1018.37564,0.20700
1016.44690,0.20982
1014.51815,0.20654
1012.58941,0.19927
1010.66067,0.19159
1008.73193,0.18564
1006.80319,0.18144
1004.87444,0.17838
1002.94570,0.17624
1001.01696,0.17448
999.08822,0.17255
997.15948,0.17039
995.23074,0.16814
993.30199,0.16602
991.37325,0.16440
989.44451,0.16358
987.51577,0.16358
985.58703,0.16390
983.65829,0.16389
981.72954,0.16328
979.80080,0.16218
977.87206,0.16097
975.94332,0.16013
974.01458,0.15980
972.08584,0.15950
970.15709,0.15867
968.22835,0.15700
966.29961,0.15448
964.37087,0.15143
962.44213,0.14829
960.51338,0.14515
958.58464,0.14198
956.65590,0.13898
954.72716,0.13637
952.79842,0.13401
950.86968,0.13167
948.94093,0.12942
947.01219,0.12726
945.08345,0.12514
943.15471,0.12325
941.22597,0.12172
939.29723,0.12026
937.36848,0.11865
935.43974,0.11709
933.51100,0.11571
931.58226,0.11453
929.65352,0.11351
927.72478,0.11239
925.79603,0.11101
923.86729,0.10968
921.93855,0.10861
920.00981,0.10765
918.08107,0.10690
916.15232,0.10647
914.22358,0.10625
912.29484,0.10629
910.36610,0.10662
908.43736,0.10703
906.50862,0.10748
904.57987,0.10810
902.65113,0.10883
900.72239,0.10951
898.79365,0.10999
896.86491,0.11014
894.93617,0.10977
893.00742,0.10873
891.07868,0.10734
889.14994,0.10625
887.22120,0.10572
885.29246,0.10599
883.36372,0.10756
881.43497,0.11047
879.50623,0.11451
877.57749,0.12017
875.64875,0.12848
873.72001,0.13821
871.79126,0.14387
869.86252,0.14121
867.93378,0.13331
866.00504,0.12567
864.07630,0.12049
862.14756,0.11763
860.21881,0.11627
858.29007,0.11553
856.36133,0.11519
854.43259,0.11560
852.50385,0.11679
850.57511,0.11849
848.64636,0.12040
846.71762,0.12167
844.78888,0.12135
842.86014,0.11961
840.93140,0.11730
839.00266,0.11495
837.07391,0.11284
835.14517,0.11094
833.21643,0.10904
831.28769,0.10727
829.35895,0.10570
827.43020,0.10419
825.50146,0.10272
823.57272,0.10126
821.64398,0.09999
819.71524,0.09932
817.78650,0.09898
815.85775,0.09849
813.92901,0.09796
812.00027,0.09739
810.07153,0.09676
808.14279,0.09620
806.21405,0.09563
804.28530,0.09519
802.35656,0.09502
800.42782,0.09503
798.49908,0.09555
796.57034,0.09707
794.64160,0.09919
792.71285,0.10068
790.78411,0.10073
788.85537,0.09950
786.92663,0.09759
784.99789,0.09548
783.06915,0.09337
781.14040,0.09158
779.21166,0.09027
777.28292,0.08923
775.35418,0.08829
773.42544,0.08727
771.49669,0.08594
769.56795,0.08443
767.63921,0.08296
765.71047,0.08159
763.78173,0.08021
761.85299,0.07887
759.92424,0.07779
757.99550,0.07675
756.06676,0.07535
754.13802,0.07378
752.20928,0.07246
750.28054,0.07157
748.35179,0.07096
746.42305,0.07061
744.49431,0.07113
742.56557,0.07367
740.63683,0.07958
738.70809,0.08985
736.77934,0.10437
734.85060,0.12212
732.92186,0.14178
730.99312,0.16224
729.06438,0.18308
727.13563,0.20369
725.20689,0.22130
723.27815,0.23190
721.34941,0.23431
719.42067,0.23081
717.49193,0.22429
715.56318,0.21700
713.63444,0.21067
711.70570,0.20550
709.77696,0.20067
707.84822,0.19605
705.91948,0.19178
703.99073,0.18784
702.06199,0.18433
700.13325,0.18083
698.20451,0.17690
696.27577,0.17288
694.34703,0.16906
692.41828,0.16569
690.48954,0.16298
688.56080,0.16090
686.63206,0.15966
684.70332,0.15935
682.77457,0.15922
680.84583,0.15872
678.91709,0.15828
676.98835,0.15829
675.05961,0.15871
673.13087,0.15954
671.20212,0.16035
669.27338,0.16073
667.34464,0.16100
665.41590,0.16166
663.48716,0.16228
661.55842,0.16211
659.62967,0.16088
657.70093,0.15942
655.77219,0.15819
653.84345,0.15665
651.91471,0.15484
649.98597,0.15364
648.05722,0.15360
646.12848,0.15414
644.19974,0.15412
642.27100,0.15333
640.34226,0.15289
638.41351,0.15327
636.48477,0.15313
634.55603,0.15276
632.62729,0.15419
630.69855,0.15639
628.76981,0.15741
626.84106,0.15772
624.91232,0.15770
622.98358,0.15783
621.05484,0.15919
619.12610,0.16099
617.19736,0.16291
615.26861,0.16514
613.33987,0.16462
611.41113,0.16034
609.48239,0.15702
607.55365,0.15647
605.62491,0.15590
603.69616,0.15498
601.76742,0.15468
599.83868,0.15458
