12493.60475,0.10379
12489.74751,0.10148
12485.89027,0.10024
12482.03303,0.10161
12478.17579,0.10098
12474.31855,0.09961
12470.46130,0.10120
12466.60406,0.10309
12462.74682,0.10154
12458.88958,0.09662
12455.03234,0.09339
12451.17510,0.09604
12447.31786,0.10066
12443.46062,0.10304
12439.60337,0.10393
12435.74613,0.10321
12431.88889,0.09988
12428.03165,0.09682
12424.17441,0.09801
12420.31717,0.10099
12416.45993,0.10131
12412.60268,0.10048
12408.74544,0.10010
12404.88820,0.09963
12401.03096,0.10064
12397.17372,0.10300
12393.31648,0.10390
12389.45924,0.10368
12385.60199,0.10441
12381.74475,0.10565
12377.88751,0.10605
12374.03027,0.10462
12370.17303,0.10158
12366.31579,0.09917
12362.45855,0.09945
12358.60131,0.10174
12354.74406,0.10278
12350.88682,0.10265
12347.02958,0.10402
12343.17234,0.10551
12339.31510,0.10553
12335.45786,0.10541
12331.60062,0.10552
12327.74337,0.10483
12323.88613,0.10311
12320.02889,0.10196
12316.17165,0.10268
12312.31441,0.10506
12308.45717,0.10716
12304.59993,0.10647
12300.74268,0.10454
12296.88544,0.10469
12293.02820,0.10591
12289.17096,0.10606
12285.31372,0.10511
12281.45648,0.10362
12277.59924,0.10325
12273.74200,0.10483
12269.88475,0.10535
12266.02751,0.10351
12262.17027,0.10255
12258.31303,0.10300
12254.45579,0.10224
12250.59855,0.10055
12246.74131,0.09977
12242.88406,0.10062
12239.02682,0.10256
12235.16958,0.10394
12231.31234,0.10362
12227.45510,0.10235
12223.59786,0.10166
12219.74062,0.10105
12215.88338,0.09986
12212.02613,0.09933
12208.16889,0.09988
12204.31165,0.10058
12200.45441,0.10136
12196.59717,0.10267
12192.73993,0.10337
12188.88269,0.10241
12185.02544,0.10161
12181.16820,0.10237
12177.31096,0.10295
12173.45372,0.10214
12169.59648,0.10106
12165.73924,0.10037
12161.88200,0.10040
12158.02475,0.10120
12154.16751,0.10197
12150.31027,0.10259
12146.45303,0.10193
12142.59579,0.09948
12138.73855,0.09814
12134.88131,0.09888
12131.02407,0.09908
12127.16682,0.09687
12123.30958,0.09341
12119.45234,0.09181
12115.59510,0.09338
12111.73786,0.09595
12107.88062,0.09782
12104.02338,0.09898
12100.16613,0.09844
12096.30889,0.09773
12092.45165,0.10014
12088.59441,0.10380
12084.73717,0.10538
12080.87993,0.10493
12077.02269,0.10371
12073.16544,0.10207
12069.30820,0.10012
12065.45096,0.09855
12061.59372,0.09779
12057.73648,0.09720
12053.87924,0.09697
12050.02200,0.09894
12046.16476,0.10210
12042.30751,0.10280
12038.45027,0.10207
12034.59303,0.10288
12030.73579,0.10451
12026.87855,0.10539
12023.02131,0.10509
12019.16407,0.10416
12015.30682,0.10379
12011.44958,0.10367
12007.59234,0.10343
12003.73510,0.10364
11999.87786,0.10429
11996.02062,0.10546
11992.16338,0.10681
11988.30614,0.10702
11984.44889,0.10569
11980.59165,0.10400
11976.73441,0.10373
11972.87717,0.10518
11969.01993,0.10671
11965.16269,0.10722
11961.30545,0.10722
11957.44820,0.10715
11953.59096,0.10595
11949.73372,0.10336
11945.87648,0.10183
11942.01924,0.10222
11938.16200,0.10230
11934.30476,0.10196
11930.44751,0.10335
11926.59027,0.10598
11922.73303,0.10730
11918.87579,0.10693
11915.01855,0.10599
11911.16131,0.10498
11907.30407,0.10447
11903.44683,0.10454
11899.58958,0.10485
11895.73234,0.10625
11891.87510,0.10844
11888.01786,0.10883
11884.16062,0.10695
11880.30338,0.10550
11876.44614,0.10624
11872.58889,0.10768
11868.73165,0.10784
11864.87441,0.10695
11861.01717,0.10629
11857.15993,0.10699
11853.30269,0.10910
11849.44545,0.11101
11845.58820,0.11153
11841.73096,0.11004
11837.87372,0.10714
11834.01648,0.10605
11830.15924,0.10851
11826.30200,0.11152
11822.44476,0.11122
11818.58752,0.10785
11814.73027,0.10522
11810.87303,0.10468
11807.01579,0.10393
11803.15855,0.10336
11799.30131,0.10528
11795.44407,0.10808
11791.58683,0.10966
11787.72958,0.10994
11783.87234,0.10923
11780.01510,0.10877
11776.15786,0.10838
11772.30062,0.10716
11768.44338,0.10673
11764.58614,0.10774
11760.72890,0.10798
11756.87165,0.10698
11753.01441,0.10655
11749.15717,0.10698
11745.29993,0.10753
11741.44269,0.10791
11737.58545,0.10727
11733.72821,0.10571
11729.87096,0.10492
11726.01372,0.10618
11722.15648,0.10793
11718.29924,0.10769
11714.44200,0.10729
11710.58476,0.10998
11706.72752,0.11343
11702.87027,0.11356
11699.01303,0.11216
11695.15579,0.11241
11691.29855,0.11220
11687.44131,0.10978
11683.58407,0.10767
11679.72683,0.10733
11675.86959,0.10747
11672.01234,0.10734
11668.15510,0.10770
11664.29786,0.10816
11660.44062,0.10714
11656.58338,0.10583
11652.72614,0.10664
11648.86890,0.10832
11645.01165,0.10847
11641.15441,0.10749
11637.29717,0.10668
11633.43993,0.10677
11629.58269,0.10761
11625.72545,0.10812
11621.86821,0.10833
11618.01096,0.10879
11614.15372,0.10882
11610.29648,0.10780
11606.43924,0.10671
11602.58200,0.10596
11598.72476,0.10406
11594.86752,0.10170
11591.01028,0.10163
11587.15303,0.10405
11583.29579,0.10606
11579.43855,0.10532
11575.58131,0.10358
11571.72407,0.10370
11567.86683,0.10486
11564.00959,0.10472
11560.15234,0.10410
11556.29510,0.10599
11552.43786,0.10958
11548.58062,0.11063
11544.72338,0.10826
11540.86614,0.10594
11537.00890,0.10654
11533.15166,0.10834
11529.29441,0.10823
11525.43717,0.10727
11521.57993,0.10790
11517.72269,0.10920
11513.86545,0.10904
11510.00821,0.10801
11506.15097,0.10849
11502.29372,0.11061
11498.43648,0.11087
11494.57924,0.10761
11490.72200,0.10507
11486.86476,0.10656
11483.00752,0.10886
11479.15028,0.10883
11475.29303,0.10803
11471.43579,0.10845
11467.57855,0.10940
11463.72131,0.10910
11459.86407,0.10721
11456.00683,0.10570
11452.14959,0.10632
11448.29235,0.10729
11444.43510,0.10588
11440.57786,0.10382
11436.72062,0.10381
11432.86338,0.10457
11429.00614,0.10425
11425.14890,0.10310
11421.29166,0.10192
11417.43441,0.10150
11413.57717,0.10221
11409.71993,0.10319
11405.86269,0.10384
11402.00545,0.10442
11398.14821,0.10451
11394.29097,0.10382
11390.43372,0.10280
11386.57648,0.10227
11382.71924,0.10323
11378.86200,0.10438
11375.00476,0.10378
11371.14752,0.10236
11367.29028,0.10187
11363.43304,0.10327
11359.57579,0.10640
11355.71855,0.10867
11351.86131,0.10830
11348.00407,0.10745
11344.14683,0.10778
11340.28959,0.10778
11336.43235,0.10649
11332.57510,0.10497
11328.71786,0.10476
11324.86062,0.10583
11321.00338,0.10617
11317.14614,0.10472
11313.28890,0.10272
11309.43166,0.10190
11305.57442,0.10242
11301.71717,0.10353
11297.85993,0.10490
11294.00269,0.10555
11290.14545,0.10565
11286.28821,0.10698
11282.43097,0.10831
11278.57373,0.10744
11274.71648,0.10610
11270.85924,0.10593
11267.00200,0.10626
11263.14476,0.10728
11259.28752,0.10865
11255.43028,0.10848
11251.57304,0.10664
11247.71579,0.10512
11243.85855,0.10481
11240.00131,0.10477
11236.14407,0.10444
11232.28683,0.10405
11228.42959,0.10370
11224.57235,0.10346
11220.71511,0.10331
11216.85786,0.10377
11213.00062,0.10521
11209.14338,0.10593
11205.28614,0.10511
11201.42890,0.10477
11197.57166,0.10526
11193.71442,0.10469
11189.85717,0.10345
11185.99993,0.10303
11182.14269,0.10310
11178.28545,0.10264
11174.42821,0.10166
11170.57097,0.10186
11166.71373,0.10367
11162.85648,0.10453
11158.99924,0.10356
11155.14200,0.10308
11151.28476,0.10360
11147.42752,0.10343
11143.57028,0.10310
11139.71304,0.10351
11135.85580,0.10329
11131.99855,0.10273
11128.14131,0.10346
11124.28407,0.10497
11120.42683,0.10564
11116.56959,0.10490
11112.71235,0.10385
11108.85511,0.10400
11104.99786,0.10477
11101.14062,0.10466
11097.28338,0.10395
11093.42614,0.10353
11089.56890,0.10349
11085.71166,0.10386
11081.85442,0.10421
11077.99718,0.10427
11074.13993,0.10439
11070.28269,0.10440
11066.42545,0.10430
11062.56821,0.10440
11058.71097,0.10402
11054.85373,0.10307
11050.99649,0.10280
11047.13924,0.10344
11043.28200,0.10422
11039.42476,0.10472
11035.56752,0.10462
11031.71028,0.10441
11027.85304,0.10461
11023.99580,0.10447
11020.13855,0.10407
11016.28131,0.10386
11012.42407,0.10329
11008.56683,0.10270
11004.70959,0.10309
11000.85235,0.10411
10996.99511,0.10483
10993.13787,0.10524
10989.28062,0.10526
10985.42338,0.10465
10981.56614,0.10444
10977.70890,0.10510
10973.85166,0.10560
10969.99442,0.10574
10966.13718,0.10559
10962.27993,0.10472
10958.42269,0.10376
10954.56545,0.10362
10950.70821,0.10382
10946.85097,0.10353
10942.99373,0.10253
10939.13649,0.10145
10935.27924,0.10154
10931.42200,0.10242
10927.56476,0.10258
10923.70752,0.10221
10919.85028,0.10220
10915.99304,0.10226
10912.13580,0.10227
10908.27856,0.10237
10904.42131,0.10244
10900.56407,0.10268
10896.70683,0.10306
10892.84959,0.10358
10888.99235,0.10414
10885.13511,0.10409
10881.27787,0.10322
10877.42062,0.10214
10873.56338,0.10146
10869.70614,0.10136
10865.84890,0.10156
10861.99166,0.10176
10858.13442,0.10167
10854.27718,0.10153
10850.41993,0.10211
10846.56269,0.10306
10842.70545,0.10322
10838.84821,0.10266
10834.99097,0.10230
10831.13373,0.10235
10827.27649,0.10227
10823.41925,0.10189
10819.56200,0.10165
10815.70476,0.10185
10811.84752,0.10203
10807.99028,0.10179
10804.13304,0.10155
10800.27580,0.10137
10796.41856,0.10085
10792.56131,0.10057
10788.70407,0.10110
10784.84683,0.10169
10780.98959,0.10124
10777.13235,0.10050
10773.27511,0.10081
10769.41787,0.10140
10765.56063,0.10157
10761.70338,0.10171
10757.84614,0.10153
10753.98890,0.10096
10750.13166,0.10070
10746.27442,0.10081
10742.41718,0.10099
10738.55994,0.10109
10734.70269,0.10113
10730.84545,0.10118
10726.98821,0.10122
10723.13097,0.10118
10719.27373,0.10092
10715.41649,0.10087
10711.55925,0.10148
10707.70200,0.10195
10703.84476,0.10191
10699.98752,0.10174
10696.13028,0.10131
10692.27304,0.10076
10688.41580,0.10048
10684.55856,0.10029
10680.70132,0.10018
10676.84407,0.10063
10672.98683,0.10152
10669.12959,0.10210
10665.27235,0.10227
10661.41511,0.10209
10657.55787,0.10138
10653.70063,0.10088
10649.84338,0.10132
10645.98614,0.10195
10642.12890,0.10203
10638.27166,0.10183
10634.41442,0.10122
10630.55718,0.10031
10626.69994,0.10007
10622.84269,0.10085
10618.98545,0.10178
10615.12821,0.10190
10611.27097,0.10129
10607.41373,0.10069
10603.55649,0.10069
10599.69925,0.10099
10595.84201,0.10092
10591.98476,0.10064
10588.12752,0.10056
10584.27028,0.10043
10580.41304,0.10004
10576.55580,0.09955
10572.69856,0.09918
10568.84132,0.09918
10564.98407,0.09915
10561.12683,0.09841
10557.26959,0.09769
10553.41235,0.09785
10549.55511,0.09820
10545.69787,0.09831
10541.84063,0.09821
10537.98339,0.09748
10534.12614,0.09669
10530.26890,0.09694
10526.41166,0.09748
10522.55442,0.09728
10518.69718,0.09695
10514.83994,0.09712
10510.98270,0.09744
10507.12545,0.09768
10503.26821,0.09792
10499.41097,0.09803
10495.55373,0.09806
10491.69649,0.09830
10487.83925,0.09841
10483.98201,0.09800
10480.12476,0.09768
10476.26752,0.09816
10472.41028,0.09909
10468.55304,0.09933
10464.69580,0.09848
10460.83856,0.09750
10456.98132,0.09735
10453.12408,0.09786
10449.26683,0.09786
10445.40959,0.09706
10441.55235,0.09655
10437.69511,0.09686
10433.83787,0.09761
10429.98063,0.09815
10426.12339,0.09810
10422.26614,0.09772
10418.40890,0.09743
10414.55166,0.09731
10410.69442,0.09695
10406.83718,0.09607
10402.97994,0.09536
10399.12270,0.09579
10395.26545,0.09694
10391.40821,0.09770
10387.55097,0.09775
10383.69373,0.09752
10379.83649,0.09744
10375.97925,0.09779
10372.12201,0.09804
10368.26477,0.09749
10364.40752,0.09671
10360.55028,0.09675
10356.69304,0.09731
10352.83580,0.09739
10348.97856,0.09716
10345.12132,0.09724
10341.26408,0.09755
10337.40683,0.09775
10333.54959,0.09785
10329.69235,0.09801
10325.83511,0.09807
10321.97787,0.09777
10318.12063,0.09731
10314.26339,0.09726
10310.40615,0.09778
10306.54890,0.09838
10302.69166,0.09859
10298.83442,0.09831
10294.97718,0.09793
10291.11994,0.09809
10287.26270,0.09865
10283.40546,0.09891
10279.54821,0.09883
10275.69097,0.09865
10271.83373,0.09860
10267.97649,0.09882
10264.11925,0.09909
10260.26201,0.09927
10256.40477,0.09923
10252.54752,0.09864
10248.69028,0.09776
10244.83304,0.09732
10240.97580,0.09750
10237.11856,0.09788
10233.26132,0.09814
10229.40408,0.09816
10225.54684,0.09792
10221.68959,0.09768
10217.83235,0.09789
10213.97511,0.09827
10210.11787,0.09824
10206.26063,0.09809
10202.40339,0.09830
10198.54615,0.09861
10194.68890,0.09877
10190.83166,0.09895
10186.97442,0.09925
10183.11718,0.09954
10179.25994,0.09964
10175.40270,0.09957
10171.54546,0.09943
10167.68821,0.09918
10163.83097,0.09888
10159.97373,0.09892
10156.11649,0.09935
10152.25925,0.09985
10148.40201,0.10030
10144.54477,0.10038
10140.68753,0.09985
10136.83028,0.09933
10132.97304,0.09955
10129.11580,0.10023
10125.25856,0.10075
10121.40132,0.10089
10117.54408,0.10069
10113.68684,0.10038
10109.82959,0.10030
10105.97235,0.10035
10102.11511,0.10006
10098.25787,0.09939
10094.40063,0.09876
10090.54339,0.09860
10086.68615,0.09910
10082.82891,0.09971
10078.97166,0.09976
10075.11442,0.09957
10071.25718,0.09950
10067.39994,0.09948
10063.54270,0.09947
10059.68546,0.09932
10055.82822,0.09918
10051.97097,0.09945
10048.11373,0.09982
10044.25649,0.10003
10040.39925,0.10024
10036.54201,0.10048
10032.68477,0.10077
10028.82753,0.10098
10024.97028,0.10095
10021.11304,0.10080
10017.25580,0.10057
10013.39856,0.10012
10009.54132,0.09947
10005.68408,0.09894
10001.82684,0.09885
9997.96960,0.09908
9994.11235,0.09926
9990.25511,0.09919
9986.39787,0.09918
9982.54063,0.09939
9978.68339,0.09961
9974.82615,0.09967
9970.96891,0.09975
9967.11166,0.10016
9963.25442,0.10060
9959.39718,0.10055
9955.53994,0.10020
9951.68270,0.10023
9947.82546,0.10060
9943.96822,0.10091
9940.11097,0.10115
9936.25373,0.10122
9932.39649,0.10088
9928.53925,0.10048
9924.68201,0.10040
9920.82477,0.10044
9916.96753,0.10031
9913.11029,0.10020
9909.25304,0.10026
9905.39580,0.10037
9901.53856,0.10062
9897.68132,0.10093
9893.82408,0.10101
9889.96684,0.10102
9886.10960,0.10110
9882.25235,0.10092
9878.39511,0.10033
9874.53787,0.09972
9870.68063,0.09950
9866.82339,0.09939
9862.96615,0.09920
9859.10891,0.09909
9855.25167,0.09908
9851.39442,0.09941
9847.53718,0.10011
9843.67994,0.10082
9839.82270,0.10135
9835.96546,0.10138
9832.10822,0.10078
9828.25098,0.10018
9824.39373,0.10012
9820.53649,0.10035
9816.67925,0.10047
9812.82201,0.10049
9808.96477,0.10037
9805.10753,0.10010
9801.25029,0.09986
9797.39304,0.09974
9793.53580,0.09984
9789.67856,0.10017
9785.82132,0.10033
9781.96408,0.10012
9778.10684,0.10000
9774.24960,0.10005
9770.39236,0.09999
9766.53511,0.09991
9762.67787,0.09990
9758.82063,0.09991
9754.96339,0.10003
9751.10615,0.10019
9747.24891,0.10029
9743.39167,0.10032
9739.53442,0.10001
9735.67718,0.09923
9731.81994,0.09850
9727.96270,0.09822
9724.10546,0.09816
9720.24822,0.09828
9716.39098,0.09873
9712.53373,0.09916
9708.67649,0.09919
9704.81925,0.09920
9700.96201,0.09953
9697.10477,0.09972
9693.24753,0.09949
9689.39029,0.09930
9685.53305,0.09951
9681.67580,0.09967
9677.81856,0.09925
9673.96132,0.09864
9670.10408,0.09858
9666.24684,0.09894
9662.38960,0.09899
9658.53236,0.09861
9654.67511,0.09837
9650.81787,0.09841
9646.96063,0.09862
9643.10339,0.09884
9639.24615,0.09873
9635.38891,0.09828
9631.53167,0.09782
9627.67443,0.09775
9623.81718,0.09801
9619.95994,0.09805
9616.10270,0.09778
9612.24546,0.09753
9608.38822,0.09758
9604.53098,0.09785
9600.67374,0.09782
9596.81649,0.09752
9592.95925,0.09763
9589.10201,0.09808
9585.24477,0.09817
9581.38753,0.09785
9577.53029,0.09755
9573.67305,0.09742
9569.81580,0.09746
9565.95856,0.09775
9562.10132,0.09806
9558.24408,0.09796
9554.38684,0.09752
9550.52960,0.09715
9546.67236,0.09708
9542.81512,0.09729
9538.95787,0.09766
9535.10063,0.09788
9531.24339,0.09781
9527.38615,0.09764
9523.52891,0.09748
9519.67167,0.09738
9515.81443,0.09732
9511.95718,0.09694
9508.09994,0.09638
9504.24270,0.09617
9500.38546,0.09636
9496.52822,0.09664
9492.67098,0.09671
9488.81374,0.09643
9484.95649,0.09602
9481.09925,0.09578
9477.24201,0.09590
9473.38477,0.09619
9469.52753,0.09626
9465.67029,0.09619
9461.81305,0.09630
9457.95581,0.09651
9454.09856,0.09655
9450.24132,0.09654
9446.38408,0.09672
9442.52684,0.09712
9438.66960,0.09745
9434.81236,0.09747
9430.95512,0.09725
9427.09787,0.09698
9423.24063,0.09672
9419.38339,0.09657
9415.52615,0.09662
9411.66891,0.09666
9407.81167,0.09657
9403.95443,0.09651
9400.09719,0.09655
9396.23994,0.09661
9392.38270,0.09668
9388.52546,0.09666
9384.66822,0.09658
9380.81098,0.09656
9376.95374,0.09649
9373.09650,0.09632
9369.23925,0.09611
9365.38201,0.09614
9361.52477,0.09648
9357.66753,0.09671
9353.81029,0.09667
9349.95305,0.09659
9346.09581,0.09657
9342.23856,0.09658
9338.38132,0.09655
9334.52408,0.09637
9330.66684,0.09618
9326.80960,0.09620
9322.95236,0.09642
9319.09512,0.09654
9315.23788,0.09645
9311.38063,0.09628
9307.52339,0.09621
9303.66615,0.09624
9299.80891,0.09615
9295.95167,0.09594
9292.09443,0.09577
9288.23719,0.09554
9284.37994,0.09545
9280.52270,0.09566
9276.66546,0.09578
9272.80822,0.09565
9268.95098,0.09546
9265.09374,0.09548
9261.23650,0.09575
9257.37925,0.09605
9253.52201,0.09615
9249.66477,0.09596
9245.80753,0.09578
9241.95029,0.09583
9238.09305,0.09591
9234.23581,0.09602
9230.37857,0.09624
9226.52132,0.09629
9222.66408,0.09627
9218.80684,0.09638
9214.94960,0.09639
9211.09236,0.09622
9207.23512,0.09601
9203.37788,0.09582
9199.52063,0.09586
9195.66339,0.09615
9191.80615,0.09634
9187.94891,0.09632
9184.09167,0.09632
9180.23443,0.09640
9176.37719,0.09636
9172.51995,0.09612
9168.66270,0.09589
9164.80546,0.09598
9160.94822,0.09620
9157.09098,0.09610
9153.23374,0.09588
9149.37650,0.09590
9145.51926,0.09605
9141.66201,0.09614
9137.80477,0.09615
9133.94753,0.09620
9130.09029,0.09641
9126.23305,0.09666
9122.37581,0.09682
9118.51857,0.09684
9114.66132,0.09679
9110.80408,0.09665
9106.94684,0.09647
9103.08960,0.09646
9099.23236,0.09649
9095.37512,0.09638
9091.51788,0.09633
9087.66064,0.09647
9083.80339,0.09651
9079.94615,0.09640
9076.08891,0.09642
9072.23167,0.09656
9068.37443,0.09660
9064.51719,0.09655
9060.65995,0.09656
9056.80270,0.09680
9052.94546,0.09720
9049.08822,0.09735
9045.23098,0.09721
9041.37374,0.09713
9037.51650,0.09727
9033.65926,0.09751
9029.80201,0.09770
9025.94477,0.09771
9022.08753,0.09766
9018.23029,0.09784
9014.37305,0.09829
9010.51581,0.09865
9006.65857,0.09875
9002.80133,0.09876
8998.94408,0.09877
8995.08684,0.09880
8991.22960,0.09912
8987.37236,0.09984
8983.51512,0.10045
8979.65788,0.10055
8975.80064,0.10056
8971.94339,0.10094
8968.08615,0.10155
8964.22891,0.10215
8960.37167,0.10277
8956.51443,0.10347
8952.65719,0.10400
8948.79995,0.10436
8944.94271,0.10487
8941.08546,0.10557
8937.22822,0.10630
8933.37098,0.10693
8929.51374,0.10746
8925.65650,0.10812
8921.79926,0.10904
8917.94202,0.11005
8914.08477,0.11102
8910.22753,0.11195
8906.37029,0.11281
8902.51305,0.11368
8898.65581,0.11474
8894.79857,0.11593
8890.94133,0.11701
8887.08408,0.11804
8883.22684,0.11907
8879.36960,0.12004
8875.51236,0.12095
8871.65512,0.12168
8867.79788,0.12225
8863.94064,0.12271
8860.08340,0.12303
8856.22615,0.12313
8852.36891,0.12296
8848.51167,0.12258
8844.65443,0.12212
8840.79719,0.12170
8836.93995,0.12122
8833.08271,0.12063
8829.22546,0.12016
8825.36822,0.11978
8821.51098,0.11913
8817.65374,0.11818
8813.79650,0.11718
8809.93926,0.11619
8806.08202,0.11516
8802.22477,0.11418
8798.36753,0.11326
8794.51029,0.11222
8790.65305,0.11115
8786.79581,0.11024
8782.93857,0.10942
8779.08133,0.10868
8775.22409,0.10806
8771.36684,0.10745
8767.50960,0.10685
8763.65236,0.10647
8759.79512,0.10631
8755.93788,0.10604
8752.08064,0.10560
8748.22340,0.10534
8744.36615,0.10540
8740.50891,0.10562
8736.65167,0.10575
8732.79443,0.10574
8728.93719,0.10564
8725.07995,0.10558
8721.22271,0.10560
8717.36547,0.10554
8713.50822,0.10546
8709.65098,0.10556
8705.79374,0.10577
8701.93650,0.10598
8698.07926,0.10618
8694.22202,0.10636
8690.36478,0.10653
8686.50753,0.10667
8682.65029,0.10672
8678.79305,0.10673
8674.93581,0.10675
8671.07857,0.10693
8667.22133,0.10729
8663.36409,0.10758
8659.50684,0.10770
8655.64960,0.10786
8651.79236,0.10819
8647.93512,0.10859
8644.07788,0.10898
8640.22064,0.10933
8636.36340,0.10951
8632.50616,0.10958
8628.64891,0.10977
8624.79167,0.11002
8620.93443,0.11028
8617.07719,0.11065
8613.21995,0.11101
8609.36271,0.11125
8605.50547,0.11149
8601.64822,0.11186
8597.79098,0.11221
8593.93374,0.11247
8590.07650,0.11278
8586.21926,0.11309
8582.36202,0.11330
8578.50478,0.11354
8574.64753,0.11389
8570.79029,0.11418
8566.93305,0.11440
8563.07581,0.11462
8559.21857,0.11472
8555.36133,0.11467
8551.50409,0.11476
8547.64685,0.11515
8543.78960,0.11556
8539.93236,0.11578
8536.07512,0.11593
8532.21788,0.11620
8528.36064,0.11659
8524.50340,0.11698
8520.64616,0.11734
8516.78891,0.11763
8512.93167,0.11778
8509.07443,0.11782
8505.21719,0.11775
8501.35995,0.11759
8497.50271,0.11755
8493.64547,0.11775
8489.78822,0.11794
8485.93098,0.11800
8482.07374,0.11811
8478.21650,0.11833
8474.35926,0.11845
8470.50202,0.11838
8466.64478,0.11827
8462.78754,0.11824
8458.93029,0.11818
8455.07305,0.11800
8451.21581,0.11774
8447.35857,0.11756
8443.50133,0.11744
8439.64409,0.11724
8435.78685,0.11705
8431.92960,0.11695
8428.07236,0.11689
8424.21512,0.11690
8420.35788,0.11699
8416.50064,0.11711
8412.64340,0.11720
8408.78616,0.11723
8404.92892,0.11706
8401.07167,0.11665
8397.21443,0.11632
8393.35719,0.11615
8389.49995,0.11593
8385.64271,0.11576
8381.78547,0.11577
8377.92823,0.11577
8374.07098,0.11573
8370.21374,0.11581
8366.35650,0.11592
8362.49926,0.11588
8358.64202,0.11576
8354.78478,0.11567
8350.92754,0.11565
8347.07029,0.11564
8343.21305,0.11550
8339.35581,0.11525
8335.49857,0.11506
8331.64133,0.11498
8327.78409,0.11485
8323.92685,0.11468
8320.06961,0.11454
8316.21236,0.11446
8312.35512,0.11453
8308.49788,0.11467
8304.64064,0.11464
8300.78340,0.11457
8296.92616,0.11458
8293.06892,0.11450
8289.21167,0.11437
8285.35443,0.11447
8281.49719,0.11472
8277.63995,0.11487
8273.78271,0.11483
8269.92547,0.11474
8266.06823,0.11471
8262.21098,0.11477
8258.35374,0.11492
8254.49650,0.11512
8250.63926,0.11532
8246.78202,0.11543
8242.92478,0.11535
8239.06754,0.11516
8235.21030,0.11499
8231.35305,0.11492
8227.49581,0.11502
8223.63857,0.11512
8219.78133,0.11507
8215.92409,0.11495
8212.06685,0.11493
8208.20961,0.11501
8204.35236,0.11500
8200.49512,0.11473
8196.63788,0.11436
8192.78064,0.11418
8188.92340,0.11421
8185.06616,0.11421
8181.20892,0.11416
8177.35168,0.11406
8173.49443,0.11385
8169.63719,0.11366
8165.77995,0.11364
8161.92271,0.11371
8158.06547,0.11374
8154.20823,0.11372
8150.35099,0.11357
8146.49374,0.11324
8142.63650,0.11290
8138.77926,0.11266
8134.92202,0.11251
8131.06478,0.11238
8127.20754,0.11223
8123.35030,0.11212
8119.49305,0.11211
8115.63581,0.11206
8111.77857,0.11184
8107.92133,0.11155
8104.06409,0.11133
8100.20685,0.11118
8096.34961,0.11112
8092.49237,0.11101
8088.63512,0.11076
8084.77788,0.11051
8080.92064,0.11041
8077.06340,0.11039
8073.20616,0.11038
8069.34892,0.11033
8065.49168,0.11021
8061.63443,0.11002
8057.77719,0.10980
8053.91995,0.10958
8050.06271,0.10937
8046.20547,0.10915
8042.34823,0.10900
8038.49099,0.10900
8034.63374,0.10899
8030.77650,0.10884
8026.91926,0.10867
8023.06202,0.10864
8019.20478,0.10867
8015.34754,0.10864
8011.49030,0.10857
8007.63306,0.10849
8003.77581,0.10836
7999.91857,0.10818
7996.06133,0.10805
7992.20409,0.10799
7988.34685,0.10800
7984.48961,0.10806
7980.63237,0.10798
7976.77512,0.10785
7972.91788,0.10785
7969.06064,0.10787
7965.20340,0.10782
7961.34616,0.10779
7957.48892,0.10773
7953.63168,0.10760
7949.77444,0.10747
7945.91719,0.10743
7942.05995,0.10740
7938.20271,0.10726
7934.34547,0.10711
7930.48823,0.10706
7926.63099,0.10715
7922.77375,0.10722
7918.91650,0.10715
7915.05926,0.10706
7911.20202,0.10711
7907.34478,0.10722
7903.48754,0.10731
7899.63030,0.10743
7895.77306,0.10748
7891.91581,0.10741
7888.05857,0.10740
7884.20133,0.10751
7880.34409,0.10759
7876.48685,0.10756
7872.62961,0.10751
7868.77237,0.10750
7864.91513,0.10746
7861.05788,0.10732
7857.20064,0.10715
7853.34340,0.10709
7849.48616,0.10709
7845.62892,0.10696
7841.77168,0.10684
7837.91444,0.10680
7834.05719,0.10669
7830.19995,0.10653
7826.34271,0.10642
7822.48547,0.10633
7818.62823,0.10629
7814.77099,0.10640
7810.91375,0.10662
7807.05650,0.10675
7803.19926,0.10659
7799.34202,0.10627
7795.48478,0.10593
7791.62754,0.10570
7787.77030,0.10567
7783.91306,0.10559
7780.05582,0.10534
7776.19857,0.10527
7772.34133,0.10536
7768.48409,0.10525
7764.62685,0.10508
7760.76961,0.10510
7756.91237,0.10508
7753.05513,0.10486
7749.19788,0.10470
7745.34064,0.10461
7741.48340,0.10440
7737.62616,0.10414
7733.76892,0.10404
7729.91168,0.10408
7726.05444,0.10406
7722.19720,0.10385
7718.33995,0.10359
7714.48271,0.10351
7710.62547,0.10368
7706.76823,0.10380
7702.91099,0.10362
7699.05375,0.10333
7695.19651,0.10316
7691.33926,0.10309
7687.48202,0.10306
7683.62478,0.10314
7679.76754,0.10325
7675.91030,0.10324
7672.05306,0.10319
7668.19582,0.10319
7664.33857,0.10314
7660.48133,0.10305
7656.62409,0.10307
7652.76685,0.10321
7648.90961,0.10341
7645.05237,0.10358
7641.19513,0.10361
7637.33789,0.10354
7633.48064,0.10349
7629.62340,0.10344
7625.76616,0.10339
7621.90892,0.10346
7618.05168,0.10360
7614.19444,0.10373
7610.33720,0.10394
7606.47995,0.10421
7602.62271,0.10434
7598.76547,0.10429
7594.90823,0.10427
7591.05099,0.10428
7587.19375,0.10430
7583.33651,0.10438
7579.47926,0.10451
7575.62202,0.10460
7571.76478,0.10460
7567.90754,0.10464
7564.05030,0.10478
7560.19306,0.10501
7556.33582,0.10533
7552.47858,0.10568
7548.62133,0.10599
7544.76409,0.10628
7540.90685,0.10644
7537.04961,0.10655
7533.19237,0.10673
7529.33513,0.10689
7525.47789,0.10695
7521.62064,0.10705
7517.76340,0.10727
7513.90616,0.10754
7510.04892,0.10777
7506.19168,0.10793
7502.33444,0.10803
7498.47720,0.10813
7494.61996,0.10834
7490.76271,0.10875
7486.90547,0.10913
7483.04823,0.10936
7479.19099,0.10961
7475.33375,0.11004
7471.47651,0.11047
7467.61927,0.11081
7463.76202,0.11116
7459.90478,0.11164
7456.04754,0.11227
7452.19030,0.11307
7448.33306,0.11387
7444.47582,0.11453
7440.61858,0.11513
7436.76133,0.11582
7432.90409,0.11661
7429.04685,0.11751
7425.18961,0.11849
7421.33237,0.11942
7417.47513,0.12022
7413.61789,0.12099
7409.76065,0.12183
7405.90340,0.12272
7402.04616,0.12359
7398.18892,0.12450
7394.33168,0.12548
7390.47444,0.12642
7386.61720,0.12734
7382.75996,0.12834
7378.90271,0.12937
7375.04547,0.13033
7371.18823,0.13133
7367.33099,0.13240
7363.47375,0.13346
7359.61651,0.13446
7355.75927,0.13536
7351.90202,0.13615
7348.04478,0.13683
7344.18754,0.13749
7340.33030,0.13815
7336.47306,0.13878
7332.61582,0.13936
7328.75858,0.13996
7324.90134,0.14053
7321.04409,0.14092
7317.18685,0.14119
7313.32961,0.14141
7309.47237,0.14159
7305.61513,0.14177
7301.75789,0.14201
7297.90065,0.14220
7294.04340,0.14229
7290.18616,0.14241
7286.32892,0.14271
7282.47168,0.14313
7278.61444,0.14352
7274.75720,0.14380
7270.89996,0.14403
7267.04272,0.14431
7263.18547,0.14465
7259.32823,0.14503
7255.47099,0.14538
7251.61375,0.14565
7247.75651,0.14590
7243.89927,0.14614
7240.04203,0.14633
7236.18478,0.14648
7232.32754,0.14663
7228.47030,0.14674
7224.61306,0.14682
7220.75582,0.14705
7216.89858,0.14743
7213.04134,0.14773
7209.18409,0.14779
7205.32685,0.14777
7201.46961,0.14790
7197.61237,0.14813
7193.75513,0.14832
7189.89789,0.14848
7186.04065,0.14879
7182.18341,0.14928
7178.32616,0.14977
7174.46892,0.15018
7170.61168,0.15063
7166.75444,0.15124
7162.89720,0.15198
7159.03996,0.15275
7155.18272,0.15357
7151.32547,0.15446
7147.46823,0.15542
7143.61099,0.15644
7139.75375,0.15753
7135.89651,0.15870
7132.03927,0.15987
7128.18203,0.16096
7124.32478,0.16203
7120.46754,0.16318
7116.61030,0.16439
7112.75306,0.16552
7108.89582,0.16663
7105.03858,0.16788
7101.18134,0.16922
7097.32410,0.17052
7093.46685,0.17184
7089.60961,0.17329
7085.75237,0.17488
7081.89513,0.17647
7078.03789,0.17804
7074.18065,0.17972
7070.32341,0.18151
7066.46616,0.18322
7062.60892,0.18482
7058.75168,0.18647
7054.89444,0.18816
7051.03720,0.18983
7047.17996,0.19144
7043.32272,0.19294
7039.46548,0.19437
7035.60823,0.19585
7031.75099,0.19736
7027.89375,0.19877
7024.03651,0.20004
7020.17927,0.20118
7016.32203,0.20225
7012.46479,0.20333
7008.60754,0.20437
7004.75030,0.20530
7000.89306,0.20612
6997.03582,0.20697
6993.17858,0.20787
6989.32134,0.20879
6985.46410,0.20962
6981.60685,0.21037
6977.74961,0.21109
6973.89237,0.21181
6970.03513,0.21252
6966.17789,0.21317
6962.32065,0.21369
6958.46341,0.21414
6954.60617,0.21463
6950.74892,0.21516
6946.89168,0.21566
6943.03444,0.21611
6939.17720,0.21652
6935.31996,0.21693
6931.46272,0.21736
6927.60548,0.21780
6923.74823,0.21826
6919.89099,0.21874
6916.03375,0.21919
6912.17651,0.21964
6908.31927,0.22007
6904.46203,0.22046
6900.60479,0.22082
6896.74754,0.22121
6892.89030,0.22165
6889.03306,0.22213
6885.17582,0.22268
6881.31858,0.22329
6877.46134,0.22387
6873.60410,0.22446
6869.74686,0.22513
6865.88961,0.22583
6862.03237,0.22647
6858.17513,0.22708
6854.31789,0.22775
6850.46065,0.22845
6846.60341,0.22914
6842.74617,0.22989
6838.88892,0.23072
6835.03168,0.23154
6831.17444,0.23232
6827.31720,0.23313
6823.45996,0.23398
6819.60272,0.23480
6815.74548,0.23555
6811.88824,0.23630
6808.03099,0.23713
6804.17375,0.23806
6800.31651,0.23901
6796.45927,0.23996
6792.60203,0.24090
6788.74479,0.24179
6784.88755,0.24262
6781.03030,0.24345
6777.17306,0.24428
6773.31582,0.24509
6769.45858,0.24584
6765.60134,0.24656
6761.74410,0.24724
6757.88686,0.24787
6754.02961,0.24841
6750.17237,0.24885
6746.31513,0.24923
6742.45789,0.24954
6738.60065,0.24975
6734.74341,0.24987
6730.88617,0.24999
6727.02893,0.25019
6723.17168,0.25040
6719.31444,0.25050
6715.45720,0.25055
6711.59996,0.25067
6707.74272,0.25078
6703.88548,0.25081
6700.02824,0.25080
6696.17099,0.25081
6692.31375,0.25074
6688.45651,0.25055
6684.59927,0.25031
6680.74203,0.25008
6676.88479,0.24992
6673.02755,0.24976
6669.17030,0.24946
6665.31306,0.24901
6661.45582,0.24861
6657.59858,0.24833
6653.74134,0.24806
6649.88410,0.24768
6646.02686,0.24726
6642.16962,0.24687
6638.31237,0.24642
6634.45513,0.24584
6630.59789,0.24531
6626.74065,0.24487
6622.88341,0.24437
6619.02617,0.24377
6615.16893,0.24319
6611.31168,0.24265
6607.45444,0.24212
6603.59720,0.24162
6599.73996,0.24120
6595.88272,0.24078
6592.02548,0.24037
6588.16824,0.24004
6584.31100,0.23979
6580.45375,0.23957
6576.59651,0.23937
6572.73927,0.23922
6568.88203,0.23915
6565.02479,0.23916
6561.16755,0.23922
6557.31031,0.23929
6553.45306,0.23936
6549.59582,0.23951
6545.73858,0.23975
6541.88134,0.23997
6538.02410,0.24010
6534.16686,0.24014
6530.30962,0.24020
6526.45237,0.24036
6522.59513,0.24056
6518.73789,0.24077
6514.88065,0.24097
6511.02341,0.24113
6507.16617,0.24125
6503.30893,0.24134
6499.45169,0.24137
6495.59444,0.24135
6491.73720,0.24133
6487.87996,0.24129
6484.02272,0.24124
6480.16548,0.24120
6476.30824,0.24116
6472.45100,0.24110
6468.59375,0.24096
6464.73651,0.24074
6460.87927,0.24053
6457.02203,0.24034
6453.16479,0.24007
6449.30755,0.23972
6445.45031,0.23936
6441.59306,0.23904
6437.73582,0.23875
6433.87858,0.23845
6430.02134,0.23811
6426.16410,0.23770
6422.30686,0.23727
6418.44962,0.23690
6414.59238,0.23657
6410.73513,0.23622
6406.87789,0.23591
6403.02065,0.23564
6399.16341,0.23543
6395.30617,0.23532
6391.44893,0.23523
6387.59169,0.23508
6383.73444,0.23491
6379.87720,0.23470
6376.01996,0.23444
6372.16272,0.23416
6368.30548,0.23390
6364.44824,0.23366
6360.59100,0.23343
6356.73376,0.23325
6352.87651,0.23313
6349.01927,0.23304
6345.16203,0.23294
6341.30479,0.23290
6337.44755,0.23293
6333.59031,0.23294
6329.73307,0.23292
6325.87582,0.23291
6322.01858,0.23287
6318.16134,0.23276
6314.30410,0.23261
6310.44686,0.23246
6306.58962,0.23232
6302.73238,0.23219
6298.87513,0.23204
6295.01789,0.23178
6291.16065,0.23133
6287.30341,0.23072
6283.44617,0.23005
6279.58893,0.22939
6275.73169,0.22875
6271.87445,0.22801
6268.01720,0.22717
6264.15996,0.22632
6260.30272,0.22550
6256.44548,0.22468
6252.58824,0.22383
6248.73100,0.22296
6244.87376,0.22205
6241.01651,0.22105
6237.15927,0.21997
6233.30203,0.21892
6229.44479,0.21789
6225.58755,0.21692
6221.73031,0.21609
6217.87307,0.21548
6214.01582,0.21515
6210.15858,0.21510
6206.30134,0.21529
6202.44410,0.21559
6198.58686,0.21576
6194.72962,0.21551
6190.87238,0.21471
6187.01514,0.21349
6183.15789,0.21204
6179.30065,0.21060
6175.44341,0.20941
6171.58617,0.20854
6167.72893,0.20798
6163.87169,0.20769
6160.01445,0.20771
6156.15720,0.20806
6152.29996,0.20863
6148.44272,0.20918
6144.58548,0.20945
6140.72824,0.20933
6136.87100,0.20894
6133.01376,0.20853
6129.15652,0.20839
6125.29927,0.20871
6121.44203,0.20960
6117.58479,0.21124
6113.72755,0.21370
6109.87031,0.21691
6106.01307,0.22072
6102.15583,0.22509
6098.29858,0.22989
6094.44134,0.23485
6090.58410,0.23974
6086.72686,0.24439
6082.86962,0.24871
6079.01238,0.25291
6075.15514,0.25752
6071.29789,0.26296
6067.44065,0.26924
6063.58341,0.27602
6059.72617,0.28267
6055.86893,0.28867
6052.01169,0.29396
6048.15445,0.29875
6044.29721,0.30339
6040.43996,0.30829
6036.58272,0.31375
6032.72548,0.31953
6028.86824,0.32494
6025.01100,0.32926
6021.15376,0.33176
6017.29652,0.33167
6013.43927,0.32863
6009.58203,0.32302
6005.72479,0.31569
6001.86755,0.30760
5998.01031,0.29967
5994.15307,0.29259
5990.29583,0.28691
5986.43858,0.28284
5982.58134,0.28006
5978.72410,0.27780
5974.86686,0.27518
5971.00962,0.27169
5967.15238,0.26764
5963.29514,0.26381
5959.43790,0.26087
5955.58065,0.25907
5951.72341,0.25827
5947.86617,0.25792
5944.00893,0.25728
5940.15169,0.25580
5936.29445,0.25317
5932.43721,0.24947
5928.57996,0.24511
5924.72272,0.24058
5920.86548,0.23637
5917.00824,0.23274
5913.15100,0.22978
5909.29376,0.22757
5905.43652,0.22629
5901.57927,0.22615
5897.72203,0.22715
5893.86479,0.22910
5890.00755,0.23166
5886.15031,0.23450
5882.29307,0.23729
5878.43583,0.23982
5874.57859,0.24203
5870.72134,0.24395
5866.86410,0.24543
5863.00686,0.24621
5859.14962,0.24618
5855.29238,0.24555
5851.43514,0.24465
5847.57790,0.24379
5843.72065,0.24311
5839.86341,0.24267
5836.00617,0.24246
5832.14893,0.24245
5828.29169,0.24251
5824.43445,0.24264
5820.57721,0.24290
5816.71997,0.24320
5812.86272,0.24344
5809.00548,0.24356
5805.14824,0.24352
5801.29100,0.24328
5797.43376,0.24293
5793.57652,0.24261
5789.71928,0.24234
5785.86203,0.24202
5782.00479,0.24168
5778.14755,0.24128
5774.29031,0.24070
5770.43307,0.23993
5766.57583,0.23900
5762.71859,0.23786
5758.86134,0.23648
5755.00410,0.23487
5751.14686,0.23310
5747.28962,0.23121
5743.43238,0.22929
5739.57514,0.22746
5735.71790,0.22578
5731.86066,0.22428
5728.00341,0.22313
5724.14617,0.22247
5720.28893,0.22226
5716.43169,0.22234
5712.57445,0.22255
5708.71721,0.22273
5704.85997,0.22277
5701.00272,0.22267
5697.14548,0.22241
5693.28824,0.22204
5689.43100,0.22163
5685.57376,0.22126
5681.71652,0.22097
5677.85928,0.22084
5674.00203,0.22092
5670.14479,0.22120
5666.28755,0.22160
5662.43031,0.22206
5658.57307,0.22250
5654.71583,0.22279
5650.85859,0.22275
5647.00135,0.22231
5643.14410,0.22151
5639.28686,0.22052
5635.42962,0.21946
5631.57238,0.21849
5627.71514,0.21767
5623.85790,0.21697
5620.00066,0.21642
5616.14341,0.21607
5612.28617,0.21592
5608.42893,0.21594
5604.57169,0.21607
5600.71445,0.21631
5596.85721,0.21667
5592.99997,0.21715
5589.14273,0.21768
5585.28548,0.21829
5581.42824,0.21897
5577.57100,0.21966
5573.71376,0.22031
5569.85652,0.22082
5565.99928,0.22111
5562.14204,0.22122
5558.28479,0.22124
5554.42755,0.22120
5550.57031,0.22115
5546.71307,0.22109
5542.85583,0.22102
5538.99859,0.22099
5535.14135,0.22101
5531.28410,0.22098
5527.42686,0.22083
5523.56962,0.22055
5519.71238,0.22018
5515.85514,0.21980
5511.99790,0.21952
5508.14066,0.21941
5504.28342,0.21950
5500.42617,0.21980
5496.56893,0.22027
5492.71169,0.22083
5488.85445,0.22139
5484.99721,0.22181
5481.13997,0.22201
5477.28273,0.22199
5473.42548,0.22174
5469.56824,0.22123
5465.71100,0.22045
5461.85376,0.21950
5457.99652,0.21848
5454.13928,0.21736
5450.28204,0.21601
5446.42479,0.21442
5442.56755,0.21275
5438.71031,0.21112
5434.85307,0.20957
5430.99583,0.20815
5427.13859,0.20695
5423.28135,0.20603
5419.42411,0.20527
5415.56686,0.20465
5411.70962,0.20418
5407.85238,0.20389
5403.99514,0.20372
5400.13790,0.20361
5396.28066,0.20347
5392.42342,0.20327
5388.56617,0.20312
5384.70893,0.20310
5380.85169,0.20321
5376.99445,0.20341
5373.13721,0.20372
5369.27997,0.20413
5365.42273,0.20463
5361.56549,0.20516
5357.70824,0.20568
5353.85100,0.20622
5349.99376,0.20673
5346.13652,0.20708
5342.27928,0.20733
5338.42204,0.20760
5334.56480,0.20798
5330.70755,0.20849
5326.85031,0.20920
5322.99307,0.21017
5319.13583,0.21143
5315.27859,0.21304
5311.42135,0.21493
5307.56411,0.21716
5303.70686,0.21975
5299.84962,0.22267
5295.99238,0.22587
5292.13514,0.22949
5288.27790,0.23364
5284.42066,0.23835
5280.56342,0.24363
5276.70618,0.24938
5272.84893,0.25530
5268.99169,0.26126
5265.13445,0.26727
5261.27721,0.27305
5257.41997,0.27822
5253.56273,0.28282
5249.70549,0.28697
5245.84824,0.29073
5241.99100,0.29399
5238.13376,0.29667
5234.27652,0.29902
5230.41928,0.30120
5226.56204,0.30315
5222.70480,0.30478
5218.84755,0.30610
5214.99031,0.30715
5211.13307,0.30798
5207.27583,0.30879
5203.41859,0.30955
5199.56135,0.31013
5195.70411,0.31059
5191.84687,0.31103
5187.98962,0.31139
5184.13238,0.31155
5180.27514,0.31154
5176.41790,0.31148
5172.56066,0.31136
5168.70342,0.31116
5164.84618,0.31092
5160.98893,0.31065
5157.13169,0.31040
5153.27445,0.31016
5149.41721,0.30992
5145.55997,0.30963
5141.70273,0.30931
5137.84549,0.30897
5133.98825,0.30863
5130.13100,0.30838
5126.27376,0.30817
5122.41652,0.30766
5118.55928,0.30650
5114.70204,0.30460
5110.84480,0.30205
5106.98756,0.29904
5103.13031,0.29587
5099.27307,0.29280
5095.41583,0.28989
5091.55859,0.28717
5087.70135,0.28473
5083.84411,0.28252
5079.98687,0.28046
5076.12962,0.27853
5072.27238,0.27673
5068.41514,0.27508
5064.55790,0.27355
5060.70066,0.27209
5056.84342,0.27071
5052.98618,0.26944
5049.12894,0.26826
5045.27169,0.26716
5041.41445,0.26614
5037.55721,0.26518
5033.69997,0.26428
5029.84273,0.26347
5025.98549,0.26275
5022.12825,0.26206
5018.27100,0.26140
5014.41376,0.26079
5010.55652,0.26024
5006.69928,0.25965
5002.84204,0.25900
4998.98480,0.25836
4995.12756,0.25779
4991.27031,0.25731
4987.41307,0.25701
4983.55583,0.25692
4979.69859,0.25700
4975.84135,0.25726
4971.98411,0.25777
4968.12687,0.25853
4964.26963,0.25955
4960.41238,0.26081
4956.55514,0.26231
4952.69790,0.26400
4948.84066,0.26585
4944.98342,0.26787
4941.12618,0.27001
4937.26894,0.27223
4933.41169,0.27453
4929.55445,0.27696
4925.69721,0.27953
4921.83997,0.28223
4917.98273,0.28509
4914.12549,0.28810
4910.26825,0.29120
4906.41101,0.29448
4902.55376,0.29797
4898.69652,0.30156
4894.83928,0.30521
4890.98204,0.30894
4887.12480,0.31276
4883.26756,0.31663
4879.41032,0.32049
4875.55307,0.32429
4871.69583,0.32800
4867.83859,0.33160
4863.98135,0.33507
4860.12411,0.33842
4856.26687,0.34172
4852.40963,0.34512
4848.55238,0.34874
4844.69514,0.35260
4840.83790,0.35668
4836.98066,0.36098
4833.12342,0.36543
4829.26618,0.36995
4825.40894,0.37438
4821.55170,0.37854
4817.69445,0.38238
4813.83721,0.38591
4809.97997,0.38925
4806.12273,0.39234
4802.26549,0.39502
4798.40825,0.39725
4794.55101,0.39903
4790.69376,0.40028
4786.83652,0.40105
4782.97928,0.40152
4779.12204,0.40188
4775.26480,0.40225
4771.40756,0.40284
4767.55032,0.40383
4763.69307,0.40528
4759.83583,0.40716
4755.97859,0.40943
4752.12135,0.41196
4748.26411,0.41449
4744.40687,0.41679
4740.54963,0.41893
4736.69239,0.42132
4732.83514,0.42441
4728.97790,0.42831
4725.12066,0.43240
4721.26342,0.43554
4717.40618,0.43702
4713.54894,0.43735
4709.69170,0.43802
4705.83445,0.44043
4701.97721,0.44498
4698.11997,0.45072
4694.26273,0.45553
4690.40549,0.45712
4686.54825,0.45435
4682.69101,0.44753
4678.83377,0.43818
4674.97652,0.42850
4671.11928,0.42039
4667.26204,0.41463
4663.40480,0.41090
4659.54756,0.40859
4655.69032,0.40768
4651.83308,0.40871
4647.97583,0.41208
4644.11859,0.41723
4640.26135,0.42244
4636.40411,0.42524
4632.54687,0.42342
4628.68963,0.41655
4624.83239,0.40630
4620.97514,0.39540
4617.11790,0.38611
4613.26066,0.37946
4609.40342,0.37539
4605.54618,0.37362
4601.68894,0.37416
4597.83170,0.37663
4593.97446,0.37972
4590.11721,0.38233
4586.25997,0.38438
4582.40273,0.38554
4578.54549,0.38412
4574.68825,0.37871
4570.83101,0.37021
4566.97377,0.36124
4563.11652,0.35407
4559.25928,0.34947
4555.40204,0.34692
4551.54480,0.34552
4547.68756,0.34461
4543.83032,0.34384
4539.97308,0.34318
4536.11583,0.34281
4532.25859,0.34287
4528.40135,0.34336
4524.54411,0.34437
4520.68687,0.34605
4516.82963,0.34849
4512.97239,0.35187
4509.11515,0.35651
4505.25790,0.36275
4501.40066,0.37074
4497.54342,0.38013
4493.68618,0.38986
4489.82894,0.39849
4485.97170,0.40532
4482.11446,0.41106
4478.25721,0.41728
4474.39997,0.42553
4470.54273,0.43691
4466.68549,0.45137
4462.82825,0.46668
4458.97101,0.47908
4455.11377,0.48652
4451.25653,0.49078
4447.39928,0.49505
4443.54204,0.50058
4439.68480,0.50647
4435.82756,0.51111
4431.97032,0.51299
4428.11308,0.51148
4424.25584,0.50744
4420.39859,0.50301
4416.54135,0.50039
4412.68411,0.50047
4408.82687,0.50231
4404.96963,0.50381
4401.11239,0.50325
4397.25515,0.50027
4393.39790,0.49566
4389.54066,0.49056
4385.68342,0.48586
4381.82618,0.48200
4377.96894,0.47919
4374.11170,0.47745
4370.25446,0.47679
4366.39722,0.47738
4362.53997,0.47896
4358.68273,0.48074
4354.82549,0.48229
4350.96825,0.48402
4347.11101,0.48641
4343.25377,0.48939
4339.39653,0.49247
4335.53928,0.49522
4331.68204,0.49761
4327.82480,0.49989
4323.96756,0.50236
4320.11032,0.50527
4316.25308,0.50891
4312.39584,0.51346
4308.53859,0.51887
4304.68135,0.52475
4300.82411,0.53051
4296.96687,0.53547
4293.10963,0.53909
4289.25239,0.54112
4285.39515,0.54168
4281.53791,0.54126
4277.68066,0.54039
4273.82342,0.53915
4269.96618,0.53723
4266.10894,0.53474
4262.25170,0.53239
4258.39446,0.53084
4254.53722,0.53031
4250.67997,0.53055
4246.82273,0.53079
4242.96549,0.53030
4239.10825,0.52889
4235.25101,0.52718
4231.39377,0.52591
4227.53653,0.52496
4223.67929,0.52348
4219.82204,0.52094
4215.96480,0.51771
4212.10756,0.51463
4208.25032,0.51203
4204.39308,0.50973
4200.53584,0.50776
4196.67860,0.50669
4192.82135,0.50726
4188.96411,0.50989
4185.10687,0.51429
4181.24963,0.51890
4177.39239,0.52114
4173.53515,0.51912
4169.67791,0.51345
4165.82066,0.50655
4161.96342,0.50072
4158.10618,0.49693
4154.24894,0.49516
4150.39170,0.49525
4146.53446,0.49713
4142.67722,0.50061
4138.81998,0.50504
4134.96273,0.50949
4131.10549,0.51315
4127.24825,0.51606
4123.39101,0.51910
4119.53377,0.52322
4115.67653,0.52888
4111.81929,0.53635
4107.96204,0.54601
4104.10480,0.55854
4100.24756,0.57478
4096.39032,0.59364
4092.53308,0.60948
4088.67584,0.61578
4084.81860,0.61155
4080.96135,0.60075
4077.10411,0.58807
4073.24687,0.57723
4069.38963,0.57022
4065.53239,0.56685
4061.67515,0.56602
4057.81791,0.56683
4053.96067,0.56875
4050.10342,0.57111
4046.24618,0.57322
4042.38894,0.57477
4038.53170,0.57578
4034.67446,0.57640
4030.81722,0.57687
4026.95998,0.57728
4023.10273,0.57748
4019.24549,0.57735
4015.38825,0.57675
4011.53101,0.57548
4007.67377,0.57359
4003.81653,0.57130
3999.95929,0.56872
3996.10205,0.56578
3992.24480,0.56270
3988.38756,0.55991
3984.53032,0.55763
3980.67308,0.55580
3976.81584,0.55423
3972.95860,0.55262
3969.10136,0.55062
3965.24411,0.54809
3961.38687,0.54512
3957.52963,0.54206
3953.67239,0.53909
3949.81515,0.53616
3945.95791,0.53324
3942.10067,0.53040
3938.24342,0.52780
3934.38618,0.52542
3930.52894,0.52320
3926.67170,0.52122
3922.81446,0.51936
3918.95722,0.51744
3915.09998,0.51538
3911.24274,0.51306
3907.38549,0.51017
3903.52825,0.50644
3899.67101,0.50256
3895.81377,0.49934
3891.95653,0.49640
3888.09929,0.49357
3884.24205,0.49119
3880.38480,0.48942
3876.52756,0.48775
3872.67032,0.48546
3868.81308,0.48237
3864.95584,0.47904
3861.09860,0.47600
3857.24136,0.47311
3853.38411,0.46997
3849.52687,0.46753
3845.66963,0.46597
3841.81239,0.46450
3837.95515,0.46339
3834.09791,0.46298
3830.24067,0.46282
3826.38343,0.46276
3822.52618,0.46349
3818.66894,0.46596
3814.81170,0.46936
3810.95446,0.47193
3807.09722,0.47306
3803.23998,0.47258
3799.38274,0.47065
3795.52549,0.46845
3791.66825,0.46697
3787.81101,0.46640
3783.95377,0.46671
3780.09653,0.46798
3776.23929,0.47006
3772.38205,0.47261
3768.52481,0.47574
3764.66756,0.47918
3760.81032,0.48191
3756.95308,0.48283
3753.09584,0.48125
3749.23860,0.47814
3745.38136,0.47657
3741.52412,0.47790
3737.66687,0.48138
3733.80963,0.48593
3729.95239,0.48890
3726.09515,0.48976
3722.23791,0.49062
3718.38067,0.49280
3714.52343,0.49664
3710.66618,0.50336
3706.80894,0.51278
3702.95170,0.52395
3699.09446,0.53713
3695.23722,0.55195
3691.37998,0.57081
3687.52274,0.59293
3683.66550,0.60899
3679.80825,0.61937
3675.95101,0.63133
3672.09377,0.64875
3668.23653,0.66851
3664.37929,0.68713
3660.52205,0.70521
3656.66481,0.72396
3652.80756,0.74303
3648.95032,0.76285
3645.09308,0.78178
3641.23584,0.79638
3637.37860,0.80860
3633.52136,0.82030
3629.66412,0.83331
3625.80687,0.84653
3621.94963,0.85520
3618.09239,0.86137
3614.23515,0.86703
3610.37791,0.87406
3606.52067,0.88214
3602.66343,0.88830
3598.80619,0.89426
