12493.60475,0.11142
12489.74751,0.11201
12485.89027,0.11260
12482.03303,0.11176
12478.17579,0.11028
12474.31855,0.10969
12470.46130,0.11010
12466.60406,0.11122
12462.74682,0.11211
12458.88958,0.11105
12455.03234,0.10917
12451.17510,0.10909
12447.31786,0.11014
12443.46062,0.11099
12439.60337,0.11186
12435.74613,0.11183
12431.88889,0.11027
12428.03165,0.10972
12424.17441,0.11251
12420.31717,0.11583
12416.45993,0.11529
12412.60268,0.11065
12408.74544,0.10602
12404.88820,0.10767
12401.03096,0.11495
12397.17372,0.11885
12393.31648,0.11606
12389.45924,0.11134
12385.60199,0.10845
12381.74475,0.10806
12377.88751,0.10969
12374.03027,0.11103
12370.17303,0.10962
12366.31579,0.10744
12362.45855,0.10775
12358.60131,0.10941
12354.74406,0.10969
12350.88682,0.10832
12347.02958,0.10604
12343.17234,0.10413
12339.31510,0.10465
12335.45786,0.10765
12331.60062,0.11080
12327.74337,0.11263
12323.88613,0.11405
12320.02889,0.11519
12316.17165,0.11391
12312.31441,0.11055
12308.45717,0.10880
12304.59993,0.10978
12300.74268,0.11145
12296.88544,0.11265
12293.02820,0.11285
12289.17096,0.11216
12285.31372,0.11169
12281.45648,0.11106
12277.59924,0.11038
12273.74200,0.11160
12269.88475,0.11390
12266.02751,0.11446
12262.17027,0.11337
12258.31303,0.11234
12254.45579,0.11166
12250.59855,0.11073
12246.74131,0.10952
12242.88406,0.10844
12239.02682,0.10749
12235.16958,0.10757
12231.31234,0.10943
12227.45510,0.11126
12223.59786,0.11176
12219.74062,0.11218
12215.88338,0.11279
12212.02613,0.11194
12208.16889,0.10962
12204.31165,0.10823
12200.45441,0.10917
12196.59717,0.11070
12192.73993,0.11072
12188.88269,0.11006
12185.02544,0.11032
12181.16820,0.11144
12177.31096,0.11289
12173.45372,0.11342
12169.59648,0.11306
12165.73924,0.11314
12161.88200,0.11276
12158.02475,0.11138
12154.16751,0.11038
12150.31027,0.10982
12146.45303,0.10851
12142.59579,0.10709
12138.73855,0.10660
12134.88131,0.10534
12131.02407,0.10316
12127.16682,0.10211
12123.30958,0.10180
12119.45234,0.10177
12115.59510,0.10268
12111.73786,0.10450
12107.88062,0.10639
12104.02338,0.10699
12100.16613,0.10659
12096.30889,0.10662
12092.45165,0.10741
12088.59441,0.10879
12084.73717,0.11005
12080.87993,0.10979
12077.02269,0.10871
12073.16544,0.10845
12069.30820,0.10869
12065.45096,0.10903
12061.59372,0.10869
12057.73648,0.10698
12053.87924,0.10629
12050.02200,0.10787
12046.16476,0.10951
12042.30751,0.11016
12038.45027,0.11052
12034.59303,0.11094
12030.73579,0.11159
12026.87855,0.11228
12023.02131,0.11282
12019.16407,0.11333
12015.30682,0.11387
12011.44958,0.11397
12007.59234,0.11282
12003.73510,0.11160
11999.87786,0.11222
11996.02062,0.11357
11992.16338,0.11423
11988.30614,0.11443
11984.44889,0.11387
11980.59165,0.11270
11976.73441,0.11191
11972.87717,0.11152
11969.01993,0.11126
11965.16269,0.11144
11961.30545,0.11241
11957.44820,0.11401
11953.59096,0.11465
11949.73372,0.11366
11945.87648,0.11355
11942.01924,0.11534
11938.16200,0.11675
11934.30476,0.11657
11930.44751,0.11596
11926.59027,0.11586
11922.73303,0.11513
11918.87579,0.11348
11915.01855,0.11262
11911.16131,0.11238
11907.30407,0.11142
11903.44683,0.11056
11899.58958,0.11071
11895.73234,0.11134
11891.87510,0.11185
11888.01786,0.11214
11884.16062,0.11308
11880.30338,0.11545
11876.44614,0.11782
11872.58889,0.11813
11868.73165,0.11680
11864.87441,0.11571
11861.01717,0.11546
11857.15993,0.11529
11853.30269,0.11516
11849.44545,0.11592
11845.58820,0.11752
11841.73096,0.11876
11837.87372,0.11847
11834.01648,0.11736
11830.15924,0.11717
11826.30200,0.11733
11822.44476,0.11658
11818.58752,0.11618
11814.73027,0.11678
11810.87303,0.11641
11807.01579,0.11493
11803.15855,0.11410
11799.30131,0.11405
11795.44407,0.11480
11791.58683,0.11659
11787.72958,0.11808
11783.87234,0.11819
11780.01510,0.11754
11776.15786,0.11709
11772.30062,0.11664
11768.44338,0.11572
11764.58614,0.11487
11760.72890,0.11495
11756.87165,0.11558
11753.01441,0.11629
11749.15717,0.11759
11745.29993,0.11857
11741.44269,0.11828
11737.58545,0.11751
11733.72821,0.11595
11729.87096,0.11385
11726.01372,0.11371
11722.15648,0.11535
11718.29924,0.11596
11714.44200,0.11623
11710.58476,0.11777
11706.72752,0.11886
11702.87027,0.11827
11699.01303,0.11712
11695.15579,0.11661
11691.29855,0.11670
11687.44131,0.11701
11683.58407,0.11759
11679.72683,0.11804
11675.86959,0.11769
11672.01234,0.11658
11668.15510,0.11612
11664.29786,0.11655
11660.44062,0.11599
11656.58338,0.11486
11652.72614,0.11493
11648.86890,0.11557
11645.01165,0.11565
11641.15441,0.11538
11637.29717,0.11527
11633.43993,0.11509
11629.58269,0.11437
11625.72545,0.11406
11621.86821,0.11577
11618.01096,0.11826
11614.15372,0.11817
11610.29648,0.11551
11606.43924,0.11423
11602.58200,0.11548
11598.72476,0.11622
11594.86752,0.11551
11591.01028,0.11492
11587.15303,0.11470
11583.29579,0.11424
11579.43855,0.11360
11575.58131,0.11406
11571.72407,0.11569
11567.86683,0.11577
11564.00959,0.11349
11560.15234,0.11185
11556.29510,0.11356
11552.43786,0.11799
11548.58062,0.12091
11544.72338,0.11908
11540.86614,0.11561
11537.00890,0.11495
11533.15166,0.11577
11529.29441,0.11465
11525.43717,0.11254
11521.57993,0.11291
11517.72269,0.11541
11513.86545,0.11698
11510.00821,0.11694
11506.15097,0.11686
11502.29372,0.11751
11498.43648,0.11724
11494.57924,0.11556
11490.72200,0.11490
11486.86476,0.11605
11483.00752,0.11690
11479.15028,0.11634
11475.29303,0.11561
11471.43579,0.11581
11467.57855,0.11669
11463.72131,0.11700
11459.86407,0.11577
11456.00683,0.11444
11452.14959,0.11492
11448.29235,0.11585
11444.43510,0.11465
11440.57786,0.11211
11436.72062,0.11106
11432.86338,0.11168
11429.00614,0.11262
11425.14890,0.11319
11421.29166,0.11343
11417.43441,0.11383
11413.57717,0.11390
11409.71993,0.11278
11405.86269,0.11143
11402.00545,0.11129
11398.14821,0.11230
11394.29097,0.11341
11390.43372,0.11316
11386.57648,0.11197
11382.71924,0.11231
11378.86200,0.11371
11375.00476,0.11292
11371.14752,0.11016
11367.29028,0.10847
11363.43304,0.10912
11359.57579,0.11158
11355.71855,0.11456
11351.86131,0.11621
11348.00407,0.11603
11344.14683,0.11523
11340.28959,0.11468
11336.43235,0.11403
11332.57510,0.11318
11328.71786,0.11310
11324.86062,0.11397
11321.00338,0.11449
11317.14614,0.11393
11313.28890,0.11302
11309.43166,0.11266
11305.57442,0.11277
11301.71717,0.11317
11297.85993,0.11381
11294.00269,0.11421
11290.14545,0.11444
11286.28821,0.11518
11282.43097,0.11554
11278.57373,0.11440
11274.71648,0.11327
11270.85924,0.11343
11267.00200,0.11391
11263.14476,0.11431
11259.28752,0.11466
11255.43028,0.11471
11251.57304,0.11475
11247.71579,0.11411
11243.85855,0.11209
11240.00131,0.11051
11236.14407,0.11080
11232.28683,0.11161
11228.42959,0.11186
11224.57235,0.11169
11220.71511,0.11122
11216.85786,0.11120
11213.00062,0.11192
11209.14338,0.11253
11205.28614,0.11243
11201.42890,0.11220
11197.57166,0.11267
11193.71442,0.11336
11189.85717,0.11351
11185.99993,0.11267
11182.14269,0.11097
11178.28545,0.10989
11174.42821,0.10984
11170.57097,0.10986
11166.71373,0.10998
11162.85648,0.11049
11158.99924,0.11073
11155.14200,0.11043
11151.28476,0.11048
11147.42752,0.11143
11143.57028,0.11258
11139.71304,0.11329
11135.85580,0.11353
11131.99855,0.11354
11128.14131,0.11356
11124.28407,0.11349
11120.42683,0.11332
11116.56959,0.11305
11112.71235,0.11256
11108.85511,0.11200
11104.99786,0.11152
11101.14062,0.11091
11097.28338,0.11034
11093.42614,0.11071
11089.56890,0.11210
11085.71166,0.11321
11081.85442,0.11333
11077.99718,0.11272
11074.13993,0.11204
11070.28269,0.11189
11066.42545,0.11238
11062.56821,0.11332
11058.71097,0.11398
11054.85373,0.11369
11050.99649,0.11306
11047.13924,0.11292
11043.28200,0.11313
11039.42476,0.11340
11035.56752,0.11381
11031.71028,0.11403
11027.85304,0.11349
11023.99580,0.11241
11020.13855,0.11182
11016.28131,0.11200
11012.42407,0.11247
11008.56683,0.11308
11004.70959,0.11341
11000.85235,0.11300
10996.99511,0.11236
10993.13787,0.11226
10989.28062,0.11247
10985.42338,0.11265
10981.56614,0.11292
10977.70890,0.11290
10973.85166,0.11253
10969.99442,0.11234
10966.13718,0.11236
10962.27993,0.11239
10958.42269,0.11245
10954.56545,0.11275
10950.70821,0.11290
10946.85097,0.11262
10942.99373,0.11257
10939.13649,0.11284
10935.27924,0.11283
10931.42200,0.11248
10927.56476,0.11213
10923.70752,0.11173
10919.85028,0.11103
10915.99304,0.11056
10912.13580,0.11080
10908.27856,0.11107
10904.42131,0.11094
10900.56407,0.11074
10896.70683,0.11082
10892.84959,0.11132
10888.99235,0.11182
10885.13511,0.11131
10881.27787,0.10978
10877.42062,0.10871
10873.56338,0.10897
10869.70614,0.10937
10865.84890,0.10905
10861.99166,0.10878
10858.13442,0.10902
10854.27718,0.10923
10850.41993,0.10915
10846.56269,0.10881
10842.70545,0.10787
10838.84821,0.10693
10834.99097,0.10727
10831.13373,0.10812
10827.27649,0.10822
10823.41925,0.10823
10819.56200,0.10875
10815.70476,0.10908
10811.84752,0.10904
10807.99028,0.10942
10804.13304,0.11011
10800.27580,0.11013
10796.41856,0.10957
10792.56131,0.10925
10788.70407,0.10917
10784.84683,0.10899
10780.98959,0.10884
10777.13235,0.10917
10773.27511,0.10984
10769.41787,0.11004
10765.56063,0.10969
10761.70338,0.10913
10757.84614,0.10867
10753.98890,0.10902
10750.13166,0.10943
10746.27442,0.10887
10742.41718,0.10843
10738.55994,0.10857
10734.70269,0.10826
10730.84545,0.10784
10726.98821,0.10817
10723.13097,0.10882
10719.27373,0.10899
10715.41649,0.10883
10711.55925,0.10854
10707.70200,0.10809
10703.84476,0.10811
10699.98752,0.10882
10696.13028,0.10926
10692.27304,0.10917
10688.41580,0.10901
10684.55856,0.10884
10680.70132,0.10885
10676.84407,0.10914
10672.98683,0.10917
10669.12959,0.10897
10665.27235,0.10886
10661.41511,0.10865
10657.55787,0.10839
10653.70063,0.10821
10649.84338,0.10788
10645.98614,0.10764
10642.12890,0.10767
10638.27166,0.10786
10634.41442,0.10834
10630.55718,0.10890
10626.69994,0.10907
10622.84269,0.10914
10618.98545,0.10952
10615.12821,0.11005
10611.27097,0.11040
10607.41373,0.11022
10603.55649,0.10932
10599.69925,0.10835
10595.84201,0.10818
10591.98476,0.10855
10588.12752,0.10859
10584.27028,0.10807
10580.41304,0.10732
10576.55580,0.10709
10572.69856,0.10765
10568.84132,0.10819
10564.98407,0.10801
10561.12683,0.10727
10557.26959,0.10658
10553.41235,0.10631
10549.55511,0.10611
10545.69787,0.10559
10541.84063,0.10504
10537.98339,0.10521
10534.12614,0.10640
10530.26890,0.10740
10526.41166,0.10687
10522.55442,0.10552
10518.69718,0.10525
10514.83994,0.10615
10510.98270,0.10668
10507.12545,0.10653
10503.26821,0.10640
10499.41097,0.10623
10495.55373,0.10571
10491.69649,0.10539
10487.83925,0.10558
10483.98201,0.10587
10480.12476,0.10612
10476.26752,0.10636
10472.41028,0.10676
10468.55304,0.10706
10464.69580,0.10652
10460.83856,0.10548
10456.98132,0.10530
10453.12408,0.10615
10449.26683,0.10681
10445.40959,0.10680
10441.55235,0.10656
10437.69511,0.10626
10433.83787,0.10573
10429.98063,0.10492
10426.12339,0.10429
10422.26614,0.10446
10418.40890,0.10529
10414.55166,0.10613
10410.69442,0.10640
10406.83718,0.10590
10402.97994,0.10517
10399.12270,0.10478
10395.26545,0.10489
10391.40821,0.10529
10387.55097,0.10543
10383.69373,0.10531
10379.83649,0.10550
10375.97925,0.10578
10372.12201,0.10561
10368.26477,0.10523
10364.40752,0.10510
10360.55028,0.10529
10356.69304,0.10570
10352.83580,0.10590
10348.97856,0.10553
10345.12132,0.10521
10341.26408,0.10555
10337.40683,0.10603
10333.54959,0.10620
10329.69235,0.10647
10325.83511,0.10711
10321.97787,0.10761
10318.12063,0.10726
10314.26339,0.10628
10310.40615,0.10567
10306.54890,0.10612
10302.69166,0.10711
10298.83442,0.10759
10294.97718,0.10723
10291.11994,0.10664
10287.26270,0.10662
10283.40546,0.10708
10279.54821,0.10699
10275.69097,0.10600
10271.83373,0.10516
10267.97649,0.10542
10264.11925,0.10610
10260.26201,0.10625
10256.40477,0.10615
10252.54752,0.10632
10248.69028,0.10645
10244.83304,0.10616
10240.97580,0.10591
10237.11856,0.10618
10233.26132,0.10666
10229.40408,0.10663
10225.54684,0.10608
10221.68959,0.10584
10217.83235,0.10626
10213.97511,0.10705
10210.11787,0.10766
10206.26063,0.10776
10202.40339,0.10781
10198.54615,0.10790
10194.68890,0.10767
10190.83166,0.10730
10186.97442,0.10708
10183.11718,0.10692
10179.25994,0.10673
10175.40270,0.10653
10171.54546,0.10631
10167.68821,0.10639
10163.83097,0.10677
10159.97373,0.10728
10156.11649,0.10798
10152.25925,0.10854
10148.40201,0.10882
10144.54477,0.10898
10140.68753,0.10876
10136.83028,0.10826
10132.97304,0.10815
10129.11580,0.10842
10125.25856,0.10840
10121.40132,0.10803
10117.54408,0.10775
10113.68684,0.10784
10109.82959,0.10814
10105.97235,0.10813
10102.11511,0.10786
10098.25787,0.10793
10094.40063,0.10833
10090.54339,0.10844
10086.68615,0.10794
10082.82891,0.10722
10078.97166,0.10686
10075.11442,0.10693
10071.25718,0.10724
10067.39994,0.10771
10063.54270,0.10782
10059.68546,0.10731
10055.82822,0.10673
10051.97097,0.10673
10048.11373,0.10747
10044.25649,0.10826
10040.39925,0.10840
10036.54201,0.10832
10032.68477,0.10845
10028.82753,0.10844
10024.97028,0.10817
10021.11304,0.10784
10017.25580,0.10762
10013.39856,0.10763
10009.54132,0.10779
10005.68408,0.10783
10001.82684,0.10756
9997.96960,0.10736
9994.11235,0.10771
9990.25511,0.10816
9986.39787,0.10803
9982.54063,0.10770
9978.68339,0.10789
9974.82615,0.10834
9970.96891,0.10845
9967.11166,0.10833
9963.25442,0.10822
9959.39718,0.10821
9955.53994,0.10827
9951.68270,0.10835
9947.82546,0.10862
9943.96822,0.10905
9940.11097,0.10919
9936.25373,0.10891
9932.39649,0.10847
9928.53925,0.10817
9924.68201,0.10812
9920.82477,0.10819
9916.96753,0.10817
9913.11029,0.10796
9909.25304,0.10760
9905.39580,0.10742
9901.53856,0.10770
9897.68132,0.10809
9893.82408,0.10817
9889.96684,0.10798
9886.10960,0.10789
9882.25235,0.10794
9878.39511,0.10792
9874.53787,0.10783
9870.68063,0.10779
9866.82339,0.10760
9862.96615,0.10726
9859.10891,0.10706
9855.25167,0.10697
9851.39442,0.10698
9847.53718,0.10750
9843.67994,0.10845
9839.82270,0.10924
9835.96546,0.10929
9832.10822,0.10871
9828.25098,0.10819
9824.39373,0.10814
9820.53649,0.10838
9816.67925,0.10857
9812.82201,0.10860
9808.96477,0.10854
9805.10753,0.10848
9801.25029,0.10834
9797.39304,0.10806
9793.53580,0.10791
9789.67856,0.10812
9785.82132,0.10834
9781.96408,0.10838
9778.10684,0.10853
9774.24960,0.10855
9770.39236,0.10815
9766.53511,0.10763
9762.67787,0.10744
9758.82063,0.10773
9754.96339,0.10816
9751.10615,0.10823
9747.24891,0.10807
9743.39167,0.10804
9739.53442,0.10793
9735.67718,0.10749
9731.81994,0.10703
9727.96270,0.10683
9724.10546,0.10698
9720.24822,0.10732
9716.39098,0.10753
9712.53373,0.10745
9708.67649,0.10728
9704.81925,0.10736
9700.96201,0.10766
9697.10477,0.10785
9693.24753,0.10777
9689.39029,0.10736
9685.53305,0.10693
9681.67580,0.10670
9677.81856,0.10643
9673.96132,0.10621
9670.10408,0.10635
9666.24684,0.10663
9662.38960,0.10667
9658.53236,0.10650
9654.67511,0.10637
9650.81787,0.10639
9646.96063,0.10660
9643.10339,0.10673
9639.24615,0.10656
9635.38891,0.10622
9631.53167,0.10592
9627.67443,0.10582
9623.81718,0.10601
9619.95994,0.10619
9616.10270,0.10611
9612.24546,0.10594
9608.38822,0.10585
9604.53098,0.10568
9600.67374,0.10548
9596.81649,0.10545
9592.95925,0.10556
9589.10201,0.10559
9585.24477,0.10544
9581.38753,0.10523
9577.53029,0.10504
9573.67305,0.10478
9569.81580,0.10448
9565.95856,0.10443
9562.10132,0.10472
9558.24408,0.10526
9554.38684,0.10575
9550.52960,0.10576
9546.67236,0.10539
9542.81512,0.10524
9538.95787,0.10549
9535.10063,0.10570
9531.24339,0.10560
9527.38615,0.10548
9523.52891,0.10546
9519.67167,0.10534
9515.81443,0.10516
9511.95718,0.10507
9508.09994,0.10490
9504.24270,0.10463
9500.38546,0.10456
9496.52822,0.10471
9492.67098,0.10482
9488.81374,0.10483
9484.95649,0.10475
9481.09925,0.10457
9477.24201,0.10438
9473.38477,0.10428
9469.52753,0.10428
9465.67029,0.10444
9461.81305,0.10468
9457.95581,0.10461
9454.09856,0.10428
9450.24132,0.10425
9446.38408,0.10444
9442.52684,0.10451
9438.66960,0.10451
9434.81236,0.10453
9430.95512,0.10462
9427.09787,0.10468
9423.24063,0.10457
9419.38339,0.10451
9415.52615,0.10457
9411.66891,0.10449
9407.81167,0.10417
9403.95443,0.10385
9400.09719,0.10376
9396.23994,0.10377
9392.38270,0.10379
9388.52546,0.10384
9384.66822,0.10394
9380.81098,0.10414
9376.95374,0.10421
9373.09650,0.10397
9369.23925,0.10381
9365.38201,0.10393
9361.52477,0.10402
9357.66753,0.10379
9353.81029,0.10347
9349.95305,0.10345
9346.09581,0.10370
9342.23856,0.10398
9338.38132,0.10414
9334.52408,0.10415
9330.66684,0.10408
9326.80960,0.10400
9322.95236,0.10390
9319.09512,0.10384
9315.23788,0.10392
9311.38063,0.10394
9307.52339,0.10388
9303.66615,0.10396
9299.80891,0.10410
9295.95167,0.10420
9292.09443,0.10406
9288.23719,0.10372
9284.37994,0.10362
9280.52270,0.10375
9276.66546,0.10385
9272.80822,0.10389
9268.95098,0.10385
9265.09374,0.10365
9261.23650,0.10348
9257.37925,0.10359
9253.52201,0.10387
9249.66477,0.10395
9245.80753,0.10372
9241.95029,0.10342
9238.09305,0.10347
9234.23581,0.10381
9230.37857,0.10400
9226.52132,0.10379
9222.66408,0.10342
9218.80684,0.10332
9214.94960,0.10357
9211.09236,0.10387
9207.23512,0.10407
9203.37788,0.10409
9199.52063,0.10397
9195.66339,0.10377
9191.80615,0.10352
9187.94891,0.10330
9184.09167,0.10329
9180.23443,0.10365
9176.37719,0.10414
9172.51995,0.10427
9168.66270,0.10405
9164.80546,0.10397
9160.94822,0.10407
9157.09098,0.10404
9153.23374,0.10391
9149.37650,0.10387
9145.51926,0.10392
9141.66201,0.10391
9137.80477,0.10383
9133.94753,0.10369
9130.09029,0.10361
9126.23305,0.10368
9122.37581,0.10387
9118.51857,0.10396
9114.66132,0.10388
9110.80408,0.10392
9106.94684,0.10420
9103.08960,0.10433
9099.23236,0.10415
9095.37512,0.10389
9091.51788,0.10379
9087.66064,0.10397
9083.80339,0.10425
9079.94615,0.10443
9076.08891,0.10450
9072.23167,0.10455
9068.37443,0.10462
9064.51719,0.10471
9060.65995,0.10480
9056.80270,0.10479
9052.94546,0.10474
9049.08822,0.10478
9045.23098,0.10480
9041.37374,0.10483
9037.51650,0.10499
9033.65926,0.10516
9029.80201,0.10522
9025.94477,0.10538
9022.08753,0.10557
9018.23029,0.10567
9014.37305,0.10595
9010.51581,0.10644
9006.65857,0.10685
9002.80133,0.10715
8998.94408,0.10735
8995.08684,0.10740
8991.22960,0.10738
8987.37236,0.10746
8983.51512,0.10774
8979.65788,0.10820
8975.80064,0.10879
8971.94339,0.10941
8968.08615,0.10992
8964.22891,0.11025
8960.37167,0.11059
8956.51443,0.11107
8952.65719,0.11170
8948.79995,0.11236
8944.94271,0.11288
8941.08546,0.11336
8937.22822,0.11406
8933.37098,0.11491
8929.51374,0.11560
8925.65650,0.11604
8921.79926,0.11657
8917.94202,0.11739
8914.08477,0.11842
8910.22753,0.11952
8906.37029,0.12055
8902.51305,0.12153
8898.65581,0.12261
8894.79857,0.12386
8890.94133,0.12517
8887.08408,0.12634
8883.22684,0.12731
8879.36960,0.12814
8875.51236,0.12890
8871.65512,0.12963
8867.79788,0.13024
8863.94064,0.13069
8860.08340,0.13090
8856.22615,0.13079
8852.36891,0.13055
8848.51167,0.13036
8844.65443,0.13012
8840.79719,0.12966
8836.93995,0.12910
8833.08271,0.12861
8829.22546,0.12814
8825.36822,0.12754
8821.51098,0.12672
8817.65374,0.12574
8813.79650,0.12472
8809.93926,0.12372
8806.08202,0.12283
8802.22477,0.12204
8798.36753,0.12127
8794.51029,0.12036
8790.65305,0.11933
8786.79581,0.11842
8782.93857,0.11758
8779.08133,0.11664
8775.22409,0.11573
8771.36684,0.11499
8767.50960,0.11442
8763.65236,0.11411
8759.79512,0.11399
8755.93788,0.11390
8752.08064,0.11378
8748.22340,0.11369
8744.36615,0.11360
8740.50891,0.11339
8736.65167,0.11308
8732.79443,0.11293
8728.93719,0.11299
8725.07995,0.11309
8721.22271,0.11324
8717.36547,0.11349
8713.50822,0.11367
8709.65098,0.11371
8705.79374,0.11383
8701.93650,0.11413
8698.07926,0.11442
8694.22202,0.11452
8690.36478,0.11442
8686.50753,0.11435
8682.65029,0.11449
8678.79305,0.11469
8674.93581,0.11487
8671.07857,0.11506
8667.22133,0.11524
8663.36409,0.11537
8659.50684,0.11546
8655.64960,0.11560
8651.79236,0.11585
8647.93512,0.11612
8644.07788,0.11645
8640.22064,0.11696
8636.36340,0.11746
8632.50616,0.11764
8628.64891,0.11768
8624.79167,0.11782
8620.93443,0.11805
8617.07719,0.11836
8613.21995,0.11866
8609.36271,0.11885
8605.50547,0.11909
8601.64822,0.11940
8597.79098,0.11972
8593.93374,0.12006
8590.07650,0.12038
8586.21926,0.12062
8582.36202,0.12085
8578.50478,0.12109
8574.64753,0.12134
8570.79029,0.12157
8566.93305,0.12188
8563.07581,0.12235
8559.21857,0.12274
8555.36133,0.12291
8551.50409,0.12303
8547.64685,0.12326
8543.78960,0.12357
8539.93236,0.12380
8536.07512,0.12396
8532.21788,0.12416
8528.36064,0.12437
8524.50340,0.12459
8520.64616,0.12486
8516.78891,0.12514
8512.93167,0.12541
8509.07443,0.12556
8505.21719,0.12557
8501.35995,0.12553
8497.50271,0.12551
8493.64547,0.12560
8489.78822,0.12574
8485.93098,0.12572
8482.07374,0.12561
8478.21650,0.12569
8474.35926,0.12585
8470.50202,0.12587
8466.64478,0.12577
8462.78754,0.12567
8458.93029,0.12556
8455.07305,0.12539
8451.21581,0.12520
8447.35857,0.12502
8443.50133,0.12479
8439.64409,0.12452
8435.78685,0.12433
8431.92960,0.12428
8428.07236,0.12436
8424.21512,0.12454
8420.35788,0.12465
8416.50064,0.12461
8412.64340,0.12449
8408.78616,0.12439
8404.92892,0.12428
8401.07167,0.12403
8397.21443,0.12366
8393.35719,0.12335
8389.49995,0.12323
8385.64271,0.12318
8381.78547,0.12303
8377.92823,0.12285
8374.07098,0.12278
8370.21374,0.12280
8366.35650,0.12280
8362.49926,0.12279
8358.64202,0.12286
8354.78478,0.12293
8350.92754,0.12286
8347.07029,0.12264
8343.21305,0.12240
8339.35581,0.12227
8335.49857,0.12221
8331.64133,0.12216
8327.78409,0.12215
8323.92685,0.12206
8320.06961,0.12184
8316.21236,0.12164
8312.35512,0.12162
8308.49788,0.12179
8304.64064,0.12194
8300.78340,0.12189
8296.92616,0.12174
8293.06892,0.12166
8289.21167,0.12167
8285.35443,0.12176
8281.49719,0.12189
8277.63995,0.12194
8273.78271,0.12185
8269.92547,0.12177
8266.06823,0.12180
8262.21098,0.12190
8258.35374,0.12199
8254.49650,0.12201
8250.63926,0.12199
8246.78202,0.12197
8242.92478,0.12195
8239.06754,0.12201
8235.21030,0.12213
8231.35305,0.12221
8227.49581,0.12223
8223.63857,0.12226
8219.78133,0.12227
8215.92409,0.12223
8212.06685,0.12213
8208.20961,0.12193
8204.35236,0.12173
8200.49512,0.12163
8196.63788,0.12158
8192.78064,0.12148
8188.92340,0.12145
8185.06616,0.12144
8181.20892,0.12132
8177.35168,0.12115
8173.49443,0.12109
8169.63719,0.12103
8165.77995,0.12088
8161.92271,0.12073
8158.06547,0.12061
8154.20823,0.12041
8150.35099,0.12019
8146.49374,0.12002
8142.63650,0.11982
8138.77926,0.11957
8134.92202,0.11942
8131.06478,0.11941
8127.20754,0.11943
8123.35030,0.11938
8119.49305,0.11930
8115.63581,0.11924
8111.77857,0.11908
8107.92133,0.11882
8104.06409,0.11863
8100.20685,0.11851
8096.34961,0.11832
8092.49237,0.11810
8088.63512,0.11796
8084.77788,0.11781
8080.92064,0.11755
8077.06340,0.11738
8073.20616,0.11736
8069.34892,0.11730
8065.49168,0.11713
8061.63443,0.11696
8057.77719,0.11681
8053.91995,0.11668
8050.06271,0.11657
8046.20547,0.11640
8042.34823,0.11620
8038.49099,0.11610
8034.63374,0.11605
8030.77650,0.11592
8026.91926,0.11581
8023.06202,0.11582
8019.20478,0.11584
8015.34754,0.11577
8011.49030,0.11569
8007.63306,0.11565
8003.77581,0.11558
7999.91857,0.11545
7996.06133,0.11530
7992.20409,0.11518
7988.34685,0.11510
7984.48961,0.11502
7980.63237,0.11499
7976.77512,0.11504
7972.91788,0.11509
7969.06064,0.11505
7965.20340,0.11492
7961.34616,0.11481
7957.48892,0.11475
7953.63168,0.11467
7949.77444,0.11456
7945.91719,0.11455
7942.05995,0.11458
7938.20271,0.11447
7934.34547,0.11431
7930.48823,0.11424
7926.63099,0.11426
7922.77375,0.11437
7918.91650,0.11445
7915.05926,0.11446
7911.20202,0.11443
7907.34478,0.11438
7903.48754,0.11436
7899.63030,0.11445
7895.77306,0.11460
7891.91581,0.11463
7888.05857,0.11452
7884.20133,0.11448
7880.34409,0.11456
7876.48685,0.11461
7872.62961,0.11458
7868.77237,0.11455
7864.91513,0.11454
7861.05788,0.11447
7857.20064,0.11434
7853.34340,0.11429
7849.48616,0.11429
7845.62892,0.11419
7841.77168,0.11400
7837.91444,0.11389
7834.05719,0.11390
7830.19995,0.11386
7826.34271,0.11365
7822.48547,0.11339
7818.62823,0.11324
7814.77099,0.11329
7810.91375,0.11341
7807.05650,0.11344
7803.19926,0.11343
7799.34202,0.11345
7795.48478,0.11329
7791.62754,0.11288
7787.77030,0.11266
7783.91306,0.11266
7780.05582,0.11260
7776.19857,0.11250
7772.34133,0.11249
7768.48409,0.11246
7764.62685,0.11240
7760.76961,0.11237
7756.91237,0.11225
7753.05513,0.11204
7749.19788,0.11195
7745.34064,0.11197
7741.48340,0.11190
7737.62616,0.11172
7733.76892,0.11162
7729.91168,0.11160
7726.05444,0.11140
7722.19720,0.11097
7718.33995,0.11060
7714.48271,0.11056
7710.62547,0.11078
7706.76823,0.11096
7702.91099,0.11089
7699.05375,0.11071
7695.19651,0.11051
7691.33926,0.11029
7687.48202,0.11026
7683.62478,0.11052
7679.76754,0.11075
7675.91030,0.11071
7672.05306,0.11055
7668.19582,0.11051
7664.33857,0.11055
7660.48133,0.11055
7656.62409,0.11058
7652.76685,0.11067
7648.90961,0.11076
7645.05237,0.11085
7641.19513,0.11088
7637.33789,0.11083
7633.48064,0.11082
7629.62340,0.11086
7625.76616,0.11087
7621.90892,0.11086
7618.05168,0.11088
7614.19444,0.11102
7610.33720,0.11128
7606.47995,0.11150
7602.62271,0.11156
7598.76547,0.11155
7594.90823,0.11163
7591.05099,0.11167
7587.19375,0.11162
7583.33651,0.11165
7579.47926,0.11185
7575.62202,0.11201
7571.76478,0.11202
7567.90754,0.11203
7564.05030,0.11212
7560.19306,0.11234
7556.33582,0.11268
7552.47858,0.11305
7548.62133,0.11337
7544.76409,0.11365
7540.90685,0.11383
7537.04961,0.11396
7533.19237,0.11418
7529.33513,0.11436
7525.47789,0.11439
7521.62064,0.11444
7517.76340,0.11463
7513.90616,0.11481
7510.04892,0.11490
7506.19168,0.11504
7502.33444,0.11531
7498.47720,0.11562
7494.61996,0.11587
7490.76271,0.11603
7486.90547,0.11616
7483.04823,0.11638
7479.19099,0.11678
7475.33375,0.11729
7471.47651,0.11772
7467.61927,0.11802
7463.76202,0.11841
7459.90478,0.11896
7456.04754,0.11959
7452.19030,0.12029
7448.33306,0.12100
7444.47582,0.12166
7440.61858,0.12231
7436.76133,0.12306
7432.90409,0.12393
7429.04685,0.12490
7425.18961,0.12585
7421.33237,0.12665
7417.47513,0.12738
7413.61789,0.12818
7409.76065,0.12902
7405.90340,0.12985
7402.04616,0.13061
7398.18892,0.13137
7394.33168,0.13220
7390.47444,0.13313
7386.61720,0.13420
7382.75996,0.13535
7378.90271,0.13640
7375.04547,0.13732
7371.18823,0.13827
7367.33099,0.13930
7363.47375,0.14028
7359.61651,0.14115
7355.75927,0.14197
7351.90202,0.14278
7348.04478,0.14357
7344.18754,0.14433
7340.33030,0.14505
7336.47306,0.14572
7332.61582,0.14632
7328.75858,0.14681
7324.90134,0.14717
7321.04409,0.14744
7317.18685,0.14774
7313.32961,0.14810
7309.47237,0.14841
7305.61513,0.14858
7301.75789,0.14875
7297.90065,0.14898
7294.04340,0.14923
7290.18616,0.14944
7286.32892,0.14960
7282.47168,0.14976
7278.61444,0.14998
7274.75720,0.15030
7270.89996,0.15066
7267.04272,0.15095
7263.18547,0.15119
7259.32823,0.15151
7255.47099,0.15192
7251.61375,0.15230
7247.75651,0.15256
7243.89927,0.15274
7240.04203,0.15288
7236.18478,0.15302
7232.32754,0.15320
7228.47030,0.15339
7224.61306,0.15355
7220.75582,0.15378
7216.89858,0.15405
7213.04134,0.15426
7209.18409,0.15438
7205.32685,0.15453
7201.46961,0.15470
7197.61237,0.15479
7193.75513,0.15481
7189.89789,0.15492
7186.04065,0.15515
7182.18341,0.15544
7178.32616,0.15583
7174.46892,0.15636
7170.61168,0.15697
7166.75444,0.15763
7162.89720,0.15838
7159.03996,0.15921
7155.18272,0.16003
7151.32547,0.16085
7147.46823,0.16180
7143.61099,0.16293
7139.75375,0.16404
7135.89651,0.16509
7132.03927,0.16611
7128.18203,0.16716
7124.32478,0.16829
7120.46754,0.16944
7116.61030,0.17052
7112.75306,0.17163
7108.89582,0.17286
7105.03858,0.17417
7101.18134,0.17545
7097.32410,0.17679
7093.46685,0.17820
7089.60961,0.17958
7085.75237,0.18097
7081.89513,0.18248
7078.03789,0.18403
7074.18065,0.18560
7070.32341,0.18726
7066.46616,0.18899
7062.60892,0.19072
7058.75168,0.19240
7054.89444,0.19400
7051.03720,0.19552
7047.17996,0.19703
7043.32272,0.19858
7039.46548,0.20010
7035.60823,0.20157
7031.75099,0.20294
7027.89375,0.20420
7024.03651,0.20538
7020.17927,0.20649
7016.32203,0.20753
7012.46479,0.20852
7008.60754,0.20950
7004.75030,0.21047
7000.89306,0.21146
6997.03582,0.21242
6993.17858,0.21329
6989.32134,0.21409
6985.46410,0.21488
6981.60685,0.21569
6977.74961,0.21646
6973.89237,0.21711
6970.03513,0.21768
6966.17789,0.21828
6962.32065,0.21889
6958.46341,0.21945
6954.60617,0.21991
6950.74892,0.22033
6946.89168,0.22077
6943.03444,0.22123
6939.17720,0.22165
6935.31996,0.22204
6931.46272,0.22246
6927.60548,0.22287
6923.74823,0.22324
6919.89099,0.22366
6916.03375,0.22411
6912.17651,0.22451
6908.31927,0.22486
6904.46203,0.22530
6900.60479,0.22580
6896.74754,0.22615
6892.89030,0.22643
6889.03306,0.22687
6885.17582,0.22744
6881.31858,0.22799
6877.46134,0.22856
6873.60410,0.22921
6869.74686,0.22984
6865.88961,0.23046
6862.03237,0.23115
6858.17513,0.23189
6854.31789,0.23258
6850.46065,0.23320
6846.60341,0.23382
6842.74617,0.23450
6838.88892,0.23524
6835.03168,0.23598
6831.17444,0.23673
6827.31720,0.23751
6823.45996,0.23828
6819.60272,0.23904
6815.74548,0.23983
6811.88824,0.24067
6808.03099,0.24154
6804.17375,0.24243
6800.31651,0.24331
6796.45927,0.24420
6792.60203,0.24509
6788.74479,0.24599
6784.88755,0.24689
6781.03030,0.24778
6777.17306,0.24865
6773.31582,0.24948
6769.45858,0.25023
6765.60134,0.25088
6761.74410,0.25146
6757.88686,0.25196
6754.02961,0.25236
6750.17237,0.25265
6746.31513,0.25285
6742.45789,0.25308
6738.60065,0.25339
6734.74341,0.25370
6730.88617,0.25395
6727.02893,0.25414
6723.17168,0.25431
6719.31444,0.25447
6715.45720,0.25452
6711.59996,0.25446
6707.74272,0.25441
6703.88548,0.25446
6700.02824,0.25452
6696.17099,0.25451
6692.31375,0.25447
6688.45651,0.25442
6684.59927,0.25428
6680.74203,0.25409
6676.88479,0.25391
6673.02755,0.25374
6669.17030,0.25351
6665.31306,0.25316
6661.45582,0.25273
6657.59858,0.25234
6653.74134,0.25200
6649.88410,0.25161
6646.02686,0.25115
6642.16962,0.25065
6638.31237,0.25016
6634.45513,0.24971
6630.59789,0.24925
6626.74065,0.24875
6622.88341,0.24822
6619.02617,0.24768
6615.16893,0.24711
6611.31168,0.24653
6607.45444,0.24599
6603.59720,0.24550
6599.73996,0.24507
6595.88272,0.24468
6592.02548,0.24431
6588.16824,0.24399
6584.31100,0.24372
6580.45375,0.24351
6576.59651,0.24337
6572.73927,0.24327
6568.88203,0.24324
6565.02479,0.24328
6561.16755,0.24330
6557.31031,0.24330
6553.45306,0.24334
6549.59582,0.24339
6545.73858,0.24349
6541.88134,0.24368
6538.02410,0.24388
6534.16686,0.24401
6530.30962,0.24410
6526.45237,0.24424
6522.59513,0.24443
6518.73789,0.24463
6514.88065,0.24475
6511.02341,0.24483
6507.16617,0.24495
6503.30893,0.24513
6499.45169,0.24525
6495.59444,0.24524
6491.73720,0.24520
6487.87996,0.24517
6484.02272,0.24510
6480.16548,0.24501
6476.30824,0.24497
6472.45100,0.24496
6468.59375,0.24486
6464.73651,0.24463
6460.87927,0.24436
6457.02203,0.24411
6453.16479,0.24387
6449.30755,0.24360
6445.45031,0.24336
6441.59306,0.24310
6437.73582,0.24276
6433.87858,0.24242
6430.02134,0.24207
6426.16410,0.24161
6422.30686,0.24114
6418.44962,0.24078
6414.59238,0.24051
6410.73513,0.24022
6406.87789,0.23988
6403.02065,0.23956
6399.16341,0.23935
6395.30617,0.23920
6391.44893,0.23907
6387.59169,0.23896
6383.73444,0.23881
6379.87720,0.23859
6376.01996,0.23836
6372.16272,0.23812
6368.30548,0.23787
6364.44824,0.23764
6360.59100,0.23747
6356.73376,0.23734
6352.87651,0.23719
6349.01927,0.23700
6345.16203,0.23684
6341.30479,0.23681
6337.44755,0.23682
6333.59031,0.23682
6329.73307,0.23684
6325.87582,0.23688
6322.01858,0.23688
6318.16134,0.23679
6314.30410,0.23663
6310.44686,0.23646
6306.58962,0.23631
6302.73238,0.23615
6298.87513,0.23594
6295.01789,0.23562
6291.16065,0.23522
6287.30341,0.23474
6283.44617,0.23413
6279.58893,0.23348
6275.73169,0.23284
6271.87445,0.23218
6268.01720,0.23142
6264.15996,0.23065
6260.30272,0.22988
6256.44548,0.22904
6252.58824,0.22813
6248.73100,0.22722
6244.87376,0.22631
6241.01651,0.22533
6237.15927,0.22427
6233.30203,0.22326
6229.44479,0.22233
6225.58755,0.22144
6221.73031,0.22061
6217.87307,0.21999
6214.01582,0.21970
6210.15858,0.21972
6206.30134,0.21998
6202.44410,0.22039
6198.58686,0.22074
6194.72962,0.22062
6190.87238,0.21984
6187.01514,0.21858
6183.15789,0.21712
6179.30065,0.21569
6175.44341,0.21447
6171.58617,0.21358
6167.72893,0.21304
6163.87169,0.21282
6160.01445,0.21292
6156.15720,0.21330
6152.29996,0.21389
6148.44272,0.21447
6144.58548,0.21478
6140.72824,0.21472
6136.87100,0.21441
6133.01376,0.21409
6129.15652,0.21401
6125.29927,0.21441
6121.44203,0.21546
6117.58479,0.21722
6113.72755,0.21973
6109.87031,0.22300
6106.01307,0.22692
6102.15583,0.23142
6098.29858,0.23640
6094.44134,0.24160
6090.58410,0.24673
6086.72686,0.25156
6082.86962,0.25604
6079.01238,0.26039
6075.15514,0.26505
6071.29789,0.27050
6067.44065,0.27694
6063.58341,0.28402
6059.72617,0.29098
6055.86893,0.29722
6052.01169,0.30261
6048.15445,0.30747
6044.29721,0.31222
6040.43996,0.31724
6036.58272,0.32279
6032.72548,0.32875
6028.86824,0.33442
6025.01100,0.33886
6021.15376,0.34131
6017.29652,0.34116
6013.43927,0.33812
6009.58203,0.33241
6005.72479,0.32481
6001.86755,0.31640
5998.01031,0.30816
5994.15307,0.30093
5990.29583,0.29523
5986.43858,0.29119
5982.58134,0.28842
5978.72410,0.28613
5974.86686,0.28339
5971.00962,0.27977
5967.15238,0.27565
5963.29514,0.27184
5959.43790,0.26891
5955.58065,0.26707
5951.72341,0.26618
5947.86617,0.26581
5944.00893,0.26527
5940.15169,0.26383
5936.29445,0.26108
5932.43721,0.25714
5928.57996,0.25259
5924.72272,0.24805
5920.86548,0.24382
5917.00824,0.23998
5913.15100,0.23676
5909.29376,0.23447
5905.43652,0.23329
5901.57927,0.23324
5897.72203,0.23423
5893.86479,0.23609
5890.00755,0.23860
5886.15031,0.24149
5882.29307,0.24436
5878.43583,0.24689
5874.57859,0.24907
5870.72134,0.25098
5866.86410,0.25250
5863.00686,0.25333
5859.14962,0.25337
5855.29238,0.25278
5851.43514,0.25190
5847.57790,0.25102
5843.72065,0.25028
5839.86341,0.24974
5836.00617,0.24945
5832.14893,0.24939
5828.29169,0.24948
5824.43445,0.24969
5820.57721,0.24999
5816.71997,0.25034
5812.86272,0.25064
5809.00548,0.25077
5805.14824,0.25066
5801.29100,0.25036
5797.43376,0.24999
5793.57652,0.24960
5789.71928,0.24923
5785.86203,0.24890
5782.00479,0.24859
5778.14755,0.24819
5774.29031,0.24766
5770.43307,0.24693
5766.57583,0.24599
5762.71859,0.24480
5758.86134,0.24338
5755.00410,0.24175
5751.14686,0.23992
5747.28962,0.23795
5743.43238,0.23593
5739.57514,0.23395
5735.71790,0.23214
5731.86066,0.23063
5728.00341,0.22950
5724.14617,0.22882
5720.28893,0.22859
5716.43169,0.22870
5712.57445,0.22897
5708.71721,0.22920
5704.85997,0.22923
5701.00272,0.22907
5697.14548,0.22874
5693.28824,0.22834
5689.43100,0.22789
5685.57376,0.22744
5681.71652,0.22708
5677.85928,0.22692
5674.00203,0.22698
5670.14479,0.22726
5666.28755,0.22770
5662.43031,0.22821
5658.57307,0.22866
5654.71583,0.22889
5650.85859,0.22882
5647.00135,0.22837
5643.14410,0.22753
5639.28686,0.22650
5635.42962,0.22549
5631.57238,0.22452
5627.71514,0.22361
5623.85790,0.22282
5620.00066,0.22220
5616.14341,0.22180
5612.28617,0.22162
5608.42893,0.22162
5604.57169,0.22176
5600.71445,0.22206
5596.85721,0.22249
5592.99997,0.22301
5589.14273,0.22355
5585.28548,0.22409
5581.42824,0.22469
5577.57100,0.22540
5573.71376,0.22613
5569.85652,0.22674
5565.99928,0.22714
5562.14204,0.22728
5558.28479,0.22721
5554.42755,0.22708
5550.57031,0.22699
5546.71307,0.22697
5542.85583,0.22701
5538.99859,0.22704
5535.14135,0.22705
5531.28410,0.22704
5527.42686,0.22692
5523.56962,0.22663
5519.71238,0.22620
5515.85514,0.22574
5511.99790,0.22539
5508.14066,0.22521
5504.28342,0.22524
5500.42617,0.22550
5496.56893,0.22598
5492.71169,0.22662
5488.85445,0.22727
5484.99721,0.22776
5481.13997,0.22803
5477.28273,0.22803
5473.42548,0.22774
5469.56824,0.22718
5465.71100,0.22644
5461.85376,0.22550
5457.99652,0.22439
5454.13928,0.22319
5450.28204,0.22185
5446.42479,0.22031
5442.56755,0.21867
5438.71031,0.21705
5434.85307,0.21549
5430.99583,0.21402
5427.13859,0.21277
5423.28135,0.21183
5419.42411,0.21114
5415.56686,0.21058
5411.70962,0.21012
5407.85238,0.20984
5403.99514,0.20967
5400.13790,0.20949
5396.28066,0.20929
5392.42342,0.20912
5388.56617,0.20903
5384.70893,0.20901
5380.85169,0.20907
5376.99445,0.20928
5373.13721,0.20961
5369.27997,0.20998
5365.42273,0.21043
5361.56549,0.21097
5357.70824,0.21153
5353.85100,0.21206
5349.99376,0.21251
5346.13652,0.21285
5342.27928,0.21311
5338.42204,0.21336
5334.56480,0.21370
5330.70755,0.21416
5326.85031,0.21483
5322.99307,0.21581
5319.13583,0.21709
5315.27859,0.21866
5311.42135,0.22052
5307.56411,0.22274
5303.70686,0.22531
5299.84962,0.22816
5295.99238,0.23134
5292.13514,0.23498
5288.27790,0.23922
5284.42066,0.24398
5280.56342,0.24926
5276.70618,0.25496
5272.84893,0.26084
5268.99169,0.26676
5265.13445,0.27267
5261.27721,0.27837
5257.41997,0.28356
5253.56273,0.28818
5249.70549,0.29231
5245.84824,0.29604
5241.99100,0.29935
5238.13376,0.30213
5234.27652,0.30443
5230.41928,0.30633
5226.56204,0.30798
5222.70480,0.30950
5218.84755,0.31088
5214.99031,0.31200
5211.13307,0.31282
5207.27583,0.31354
5203.41859,0.31422
5199.56135,0.31478
5195.70411,0.31517
5191.84687,0.31546
5187.98962,0.31569
5184.13238,0.31590
5180.27514,0.31605
5176.41790,0.31611
5172.56066,0.31604
5168.70342,0.31585
5164.84618,0.31560
5160.98893,0.31537
5157.13169,0.31523
5153.27445,0.31513
5149.41721,0.31495
5145.55997,0.31462
5141.70273,0.31424
5137.84549,0.31394
5133.98825,0.31374
5130.13100,0.31358
5126.27376,0.31339
5122.41652,0.31291
5118.55928,0.31177
5114.70204,0.30978
5110.84480,0.30713
5106.98756,0.30412
5103.13031,0.30095
5099.27307,0.29782
5095.41583,0.29484
5091.55859,0.29208
5087.70135,0.28964
5083.84411,0.28746
5079.98687,0.28541
5076.12962,0.28347
5072.27238,0.28165
5068.41514,0.27996
5064.55790,0.27842
5060.70066,0.27697
5056.84342,0.27559
5052.98618,0.27433
5049.12894,0.27319
5045.27169,0.27208
5041.41445,0.27104
5037.55721,0.27011
5033.69997,0.26928
5029.84273,0.26854
5025.98549,0.26787
5022.12825,0.26718
5018.27100,0.26646
5014.41376,0.26582
5010.55652,0.26521
5006.69928,0.26456
5002.84204,0.26389
4998.98480,0.26325
4995.12756,0.26268
4991.27031,0.26223
4987.41307,0.26196
4983.55583,0.26191
4979.69859,0.26204
4975.84135,0.26230
4971.98411,0.26275
4968.12687,0.26350
4964.26963,0.26449
4960.41238,0.26573
4956.55514,0.26720
4952.69790,0.26890
4948.84066,0.27082
4944.98342,0.27285
4941.12618,0.27494
4937.26894,0.27714
4933.41169,0.27945
4929.55445,0.28184
4925.69721,0.28435
4921.83997,0.28707
4917.98273,0.28998
4914.12549,0.29301
4910.26825,0.29613
4906.41101,0.29938
4902.55376,0.30274
4898.69652,0.30618
4894.83928,0.30973
4890.98204,0.31341
4887.12480,0.31721
4883.26756,0.32107
4879.41032,0.32491
4875.55307,0.32867
4871.69583,0.33234
4867.83859,0.33590
4863.98135,0.33934
4860.12411,0.34265
4856.26687,0.34589
4852.40963,0.34917
4848.55238,0.35267
4844.69514,0.35652
4840.83790,0.36068
4836.98066,0.36506
4833.12342,0.36958
4829.26618,0.37408
4825.40894,0.37847
4821.55170,0.38264
4817.69445,0.38654
4813.83721,0.39014
4809.97997,0.39345
4806.12273,0.39647
4802.26549,0.39919
4798.40825,0.40158
4794.55101,0.40343
4790.69376,0.40463
4786.83652,0.40531
4782.97928,0.40571
4779.12204,0.40602
4775.26480,0.40638
4771.40756,0.40688
4767.55032,0.40774
4763.69307,0.40908
4759.83583,0.41097
4755.97859,0.41334
4752.12135,0.41600
4748.26411,0.41871
4744.40687,0.42123
4740.54963,0.42356
4736.69239,0.42608
4732.83514,0.42940
4728.97790,0.43361
4725.12066,0.43797
4721.26342,0.44129
4717.40618,0.44291
4713.54894,0.44338
4709.69170,0.44424
4705.83445,0.44696
4701.97721,0.45197
4698.11997,0.45814
4694.26273,0.46320
4690.40549,0.46487
4686.54825,0.46197
4682.69101,0.45488
4678.83377,0.44518
4674.97652,0.43509
4671.11928,0.42656
4667.26204,0.42050
4663.40480,0.41670
4659.54756,0.41455
4655.69032,0.41386
4651.83308,0.41508
4647.97583,0.41869
4644.11859,0.42420
4640.26135,0.42968
4636.40411,0.43259
4632.54687,0.43079
4628.68963,0.42373
4624.83239,0.41305
4620.97514,0.40172
4617.11790,0.39213
4613.26066,0.38525
4609.40342,0.38104
4605.54618,0.37927
4601.68894,0.37994
4597.83170,0.38262
4593.97446,0.38592
4590.11721,0.38863
4586.25997,0.39076
4582.40273,0.39202
4578.54549,0.39064
4574.68825,0.38511
4570.83101,0.37639
4566.97377,0.36716
4563.11652,0.35976
4559.25928,0.35501
4555.40204,0.35238
4551.54480,0.35098
4547.68756,0.35012
4543.83032,0.34944
4539.97308,0.34888
4536.11583,0.34852
4532.25859,0.34854
4528.40135,0.34911
4524.54411,0.35028
4520.68687,0.35210
4516.82963,0.35469
4512.97239,0.35819
4509.11515,0.36291
4505.25790,0.36932
4501.40066,0.37762
4497.54342,0.38747
4493.68618,0.39769
4489.82894,0.40662
4485.97170,0.41353
4482.11446,0.41932
4478.25721,0.42572
4474.39997,0.43432
4470.54273,0.44620
4466.68549,0.46124
4462.82825,0.47713
4458.97101,0.49002
4455.11377,0.49776
4451.25653,0.50210
4447.39928,0.50639
4443.54204,0.51203
4439.68480,0.51805
4435.82756,0.52273
4431.97032,0.52452
4428.11308,0.52271
4424.25584,0.51823
4420.39859,0.51339
4416.54135,0.51043
4412.68411,0.51023
4408.82687,0.51193
4404.96963,0.51338
4401.11239,0.51265
4397.25515,0.50934
4393.39790,0.50440
4389.54066,0.49913
4385.68342,0.49440
4381.82618,0.49059
4377.96894,0.48781
4374.11170,0.48610
4370.25446,0.48553
4366.39722,0.48615
4362.53997,0.48771
4358.68273,0.48951
4354.82549,0.49113
4350.96825,0.49293
4347.11101,0.49544
4343.25377,0.49860
4339.39653,0.50180
4335.53928,0.50452
4331.68204,0.50680
4327.82480,0.50904
4323.96756,0.51152
4320.11032,0.51444
4316.25308,0.51810
4312.39584,0.52276
4308.53859,0.52841
4304.68135,0.53463
4300.82411,0.54062
4296.96687,0.54565
4293.10963,0.54923
4289.25239,0.55114
4285.39515,0.55157
4281.53791,0.55108
4277.68066,0.55017
4273.82342,0.54881
4269.96618,0.54677
4266.10894,0.54421
4262.25170,0.54182
4258.39446,0.54026
4254.53722,0.53972
4250.67997,0.53988
4246.82273,0.54004
4242.96549,0.53950
4239.10825,0.53810
4235.25101,0.53645
4231.39377,0.53518
4227.53653,0.53418
4223.67929,0.53265
4219.82204,0.53005
4215.96480,0.52671
4212.10756,0.52344
4208.25032,0.52073
4204.39308,0.51849
4200.53584,0.51661
4196.67860,0.51554
4192.82135,0.51609
4188.96411,0.51882
4185.10687,0.52340
4181.24963,0.52819
4177.39239,0.53047
4173.53515,0.52829
4169.67791,0.52241
4165.82066,0.51544
4161.96342,0.50954
4158.10618,0.50556
4154.24894,0.50359
4150.39170,0.50357
4146.53446,0.50547
4142.67722,0.50915
4138.81998,0.51391
4134.96273,0.51861
4131.10549,0.52234
4127.24825,0.52526
4123.39101,0.52836
4119.53377,0.53252
4115.67653,0.53826
4111.81929,0.54591
4107.96204,0.55594
4104.10480,0.56901
4100.24756,0.58592
4096.39032,0.60548
4092.53308,0.62191
4088.67584,0.62829
4084.81860,0.62346
4080.96135,0.61173
4077.10411,0.59822
4073.24687,0.58686
4069.38963,0.57946
4065.53239,0.57575
4061.67515,0.57448
4057.81791,0.57480
4053.96067,0.57629
4050.10342,0.57831
4046.24618,0.58018
4042.38894,0.58150
4038.53170,0.58227
4034.67446,0.58274
4030.81722,0.58317
4026.95998,0.58357
4023.10273,0.58367
4019.24549,0.58342
4015.38825,0.58277
4011.53101,0.58152
4007.67377,0.57963
4003.81653,0.57731
3999.95929,0.57473
3996.10205,0.57184
3992.24480,0.56875
3988.38756,0.56585
3984.53032,0.56354
3980.67308,0.56189
3976.81584,0.56053
3972.95860,0.55893
3969.10136,0.55684
3965.24411,0.55424
3961.38687,0.55121
3957.52963,0.54806
3953.67239,0.54501
3949.81515,0.54202
3945.95791,0.53908
3942.10067,0.53624
3938.24342,0.53365
3934.38618,0.53129
3930.52894,0.52904
3926.67170,0.52698
3922.81446,0.52514
3918.95722,0.52332
3915.09998,0.52133
3911.24274,0.51903
3907.38549,0.51608
3903.52825,0.51213
3899.67101,0.50796
3895.81377,0.50447
3891.95653,0.50135
3888.09929,0.49849
3884.24205,0.49618
3880.38480,0.49443
3876.52756,0.49274
3872.67032,0.49042
3868.81308,0.48726
3864.95584,0.48381
3861.09860,0.48077
3857.24136,0.47795
3853.38411,0.47481
3849.52687,0.47246
3845.66963,0.47110
3841.81239,0.46974
3837.95515,0.46854
3834.09791,0.46798
3830.24067,0.46779
3826.38343,0.46789
3822.52618,0.46893
3818.66894,0.47164
3814.81170,0.47510
3810.95446,0.47775
3807.09722,0.47902
3803.23998,0.47852
3799.38274,0.47645
3795.52549,0.47410
3791.66825,0.47239
3787.81101,0.47159
3783.95377,0.47191
3780.09653,0.47342
3776.23929,0.47567
3772.38205,0.47828
3768.52481,0.48146
3764.66756,0.48498
3760.81032,0.48783
3756.95308,0.48878
3753.09584,0.48693
3749.23860,0.48343
3745.38136,0.48174
3741.52412,0.48306
3737.66687,0.48652
3733.80963,0.49107
3729.95239,0.49403
3726.09515,0.49478
3722.23791,0.49536
3718.38067,0.49732
3714.52343,0.50131
3710.66618,0.50830
3706.80894,0.51771
3702.95170,0.52870
3699.09446,0.54200
3695.23722,0.55742
3691.37998,0.57709
3687.52274,0.59979
3683.66550,0.61592
3679.80825,0.62597
3675.95101,0.63730
3672.09377,0.65405
3668.23653,0.67338
3664.37929,0.69218
3660.52205,0.71085
3656.66481,0.72948
3652.80756,0.74768
3648.95032,0.76810
3645.09308,0.78898
3641.23584,0.80445
3637.37860,0.81619
3633.52136,0.82526
3629.66412,0.83414
3625.80687,0.84562
3621.94963,0.85502
3618.09239,0.86297
3614.23515,0.87117
3610.37791,0.87824
3606.52067,0.88441
3602.66343,0.89228
3598.80619,0.90233
