12493.60475,0.08595
12489.74751,0.08419
12485.89027,0.08381
12482.03303,0.08536
12478.17579,0.08750
12474.31855,0.08883
12470.46130,0.08911
12466.60406,0.08906
12462.74682,0.08909
12458.88958,0.08950
12455.03234,0.09033
12451.17510,0.09069
12447.31786,0.08953
12443.46062,0.08797
12439.60337,0.08870
12435.74613,0.09012
12431.88889,0.08908
12428.03165,0.08749
12424.17441,0.08702
12420.31717,0.08752
12416.45993,0.08987
12412.60268,0.09170
12408.74544,0.09015
12404.88820,0.08792
12401.03096,0.08881
12397.17372,0.09054
12393.31648,0.08912
12389.45924,0.08738
12385.60199,0.08872
12381.74475,0.09078
12377.88751,0.09163
12374.03027,0.09163
12370.17303,0.09084
12366.31579,0.08983
12362.45855,0.08992
12358.60131,0.09104
12354.74406,0.09109
12350.88682,0.08966
12347.02958,0.08893
12343.17234,0.08982
12339.31510,0.09024
12335.45786,0.08945
12331.60062,0.08941
12327.74337,0.09014
12323.88613,0.09087
12320.02889,0.09189
12316.17165,0.09204
12312.31441,0.09148
12308.45717,0.09165
12304.59993,0.09151
12300.74268,0.09006
12296.88544,0.08829
12293.02820,0.08686
12289.17096,0.08550
12285.31372,0.08505
12281.45648,0.08699
12277.59924,0.08986
12273.74200,0.09112
12269.88475,0.09166
12266.02751,0.09274
12262.17027,0.09345
12258.31303,0.09373
12254.45579,0.09372
12250.59855,0.09349
12246.74131,0.09294
12242.88406,0.09099
12239.02682,0.08914
12235.16958,0.08909
12231.31234,0.08874
12227.45510,0.08711
12223.59786,0.08634
12219.74062,0.08712
12215.88338,0.08865
12212.02613,0.09093
12208.16889,0.09256
12204.31165,0.09143
12200.45441,0.08940
12196.59717,0.08921
12192.73993,0.08956
12188.88269,0.08848
12185.02544,0.08768
12181.16820,0.08908
12177.31096,0.09091
12173.45372,0.09034
12169.59648,0.08805
12165.73924,0.08702
12161.88200,0.08762
12158.02475,0.08759
12154.16751,0.08609
12150.31027,0.08488
12146.45303,0.08520
12142.59579,0.08657
12138.73855,0.08827
12134.88131,0.08929
12131.02407,0.08898
12127.16682,0.08741
12123.30958,0.08536
12119.45234,0.08419
12115.59510,0.08433
12111.73786,0.08591
12107.88062,0.08799
12104.02338,0.08791
12100.16613,0.08577
12096.30889,0.08389
12092.45165,0.08325
12088.59441,0.08481
12084.73717,0.08816
12080.87993,0.09007
12077.02269,0.08985
12073.16544,0.08913
12069.30820,0.08743
12065.45096,0.08534
12061.59372,0.08501
12057.73648,0.08579
12053.87924,0.08672
12050.02200,0.08793
12046.16476,0.08884
12042.30751,0.08967
12038.45027,0.09017
12034.59303,0.08912
12030.73579,0.08808
12026.87855,0.08906
12023.02131,0.09044
12019.16407,0.09044
12015.30682,0.08995
12011.44958,0.08996
12007.59234,0.09070
12003.73510,0.09181
11999.87786,0.09221
11996.02062,0.09188
11992.16338,0.09173
11988.30614,0.09228
11984.44889,0.09217
11980.59165,0.09086
11976.73441,0.09145
11972.87717,0.09394
11969.01993,0.09463
11965.16269,0.09336
11961.30545,0.09267
11957.44820,0.09307
11953.59096,0.09282
11949.73372,0.09170
11945.87648,0.09216
11942.01924,0.09442
11938.16200,0.09546
11934.30476,0.09450
11930.44751,0.09413
11926.59027,0.09442
11922.73303,0.09306
11918.87579,0.09115
11915.01855,0.09071
11911.16131,0.09074
11907.30407,0.09051
11903.44683,0.09029
11899.58958,0.09040
11895.73234,0.09158
11891.87510,0.09325
11888.01786,0.09400
11884.16062,0.09390
11880.30338,0.09385
11876.44614,0.09439
11872.58889,0.09471
11868.73165,0.09377
11864.87441,0.09219
11861.01717,0.09182
11857.15993,0.09327
11853.30269,0.09507
11849.44545,0.09570
11845.58820,0.09567
11841.73096,0.09575
11837.87372,0.09539
11834.01648,0.09472
11830.15924,0.09476
11826.30200,0.09530
11822.44476,0.09538
11818.58752,0.09503
11814.73027,0.09526
11810.87303,0.09520
11807.01579,0.09354
11803.15855,0.09242
11799.30131,0.09350
11795.44407,0.09478
11791.58683,0.09498
11787.72958,0.09486
11783.87234,0.09444
11780.01510,0.09349
11776.15786,0.09355
11772.30062,0.09549
11768.44338,0.09717
11764.58614,0.09703
11760.72890,0.09652
11756.87165,0.09686
11753.01441,0.09673
11749.15717,0.09541
11745.29993,0.09484
11741.44269,0.09553
11737.58545,0.09565
11733.72821,0.09442
11729.87096,0.09305
11726.01372,0.09383
11722.15648,0.09691
11718.29924,0.09923
11714.44200,0.09880
11710.58476,0.09765
11706.72752,0.09803
11702.87027,0.09837
11699.01303,0.09775
11695.15579,0.09775
11691.29855,0.09769
11687.44131,0.09625
11683.58407,0.09466
11679.72683,0.09381
11675.86959,0.09361
11672.01234,0.09457
11668.15510,0.09618
11664.29786,0.09683
11660.44062,0.09635
11656.58338,0.09573
11652.72614,0.09502
11648.86890,0.09388
11645.01165,0.09282
11641.15441,0.09304
11637.29717,0.09443
11633.43993,0.09497
11629.58269,0.09387
11625.72545,0.09305
11621.86821,0.09442
11618.01096,0.09697
11614.15372,0.09747
11610.29648,0.09552
11606.43924,0.09449
11602.58200,0.09478
11598.72476,0.09410
11594.86752,0.09310
11591.01028,0.09320
11587.15303,0.09432
11583.29579,0.09580
11579.43855,0.09607
11575.58131,0.09538
11571.72407,0.09539
11567.86683,0.09456
11564.00959,0.09121
11560.15234,0.08851
11556.29510,0.09046
11552.43786,0.09520
11548.58062,0.09762
11544.72338,0.09630
11540.86614,0.09406
11537.00890,0.09436
11533.15166,0.09646
11529.29441,0.09643
11525.43717,0.09472
11521.57993,0.09472
11517.72269,0.09590
11513.86545,0.09556
11510.00821,0.09423
11506.15097,0.09506
11502.29372,0.09792
11498.43648,0.09823
11494.57924,0.09494
11490.72200,0.09323
11486.86476,0.09562
11483.00752,0.09820
11479.15028,0.09776
11475.29303,0.09596
11471.43579,0.09483
11467.57855,0.09372
11463.72131,0.09242
11459.86407,0.09200
11456.00683,0.09283
11452.14959,0.09466
11448.29235,0.09590
11444.43510,0.09489
11440.57786,0.09310
11436.72062,0.09280
11432.86338,0.09359
11429.00614,0.09417
11425.14890,0.09357
11421.29166,0.09141
11417.43441,0.08924
11413.57717,0.08919
11409.71993,0.09141
11405.86269,0.09361
11402.00545,0.09373
11398.14821,0.09264
11394.29097,0.09208
11390.43372,0.09213
11386.57648,0.09280
11382.71924,0.09427
11378.86200,0.09531
11375.00476,0.09481
11371.14752,0.09310
11367.29028,0.09101
11363.43304,0.09032
11359.57579,0.09260
11355.71855,0.09580
11351.86131,0.09611
11348.00407,0.09423
11344.14683,0.09328
11340.28959,0.09338
11336.43235,0.09353
11332.57510,0.09325
11328.71786,0.09301
11324.86062,0.09364
11321.00338,0.09418
11317.14614,0.09411
11313.28890,0.09374
11309.43166,0.09245
11305.57442,0.09091
11301.71717,0.09073
11297.85993,0.09170
11294.00269,0.09244
11290.14545,0.09297
11286.28821,0.09412
11282.43097,0.09492
11278.57373,0.09441
11274.71648,0.09397
11270.85924,0.09415
11267.00200,0.09361
11263.14476,0.09297
11259.28752,0.09350
11255.43028,0.09350
11251.57304,0.09203
11247.71579,0.09117
11243.85855,0.09132
11240.00131,0.09143
11236.14407,0.09212
11232.28683,0.09293
11228.42959,0.09260
11224.57235,0.09176
11220.71511,0.09157
11216.85786,0.09202
11213.00062,0.09201
11209.14338,0.09102
11205.28614,0.08988
11201.42890,0.08966
11197.57166,0.09074
11193.71442,0.09208
11189.85717,0.09245
11185.99993,0.09200
11182.14269,0.09153
11178.28545,0.09117
11174.42821,0.09105
11170.57097,0.09173
11166.71373,0.09293
11162.85648,0.09365
11158.99924,0.09290
11155.14200,0.09178
11151.28476,0.09199
11147.42752,0.09243
11143.57028,0.09261
11139.71304,0.09350
11135.85580,0.09424
11131.99855,0.09413
11128.14131,0.09377
11124.28407,0.09331
11120.42683,0.09258
11116.56959,0.09169
11112.71235,0.09121
11108.85511,0.09150
11104.99786,0.09206
11101.14062,0.09249
11097.28338,0.09321
11093.42614,0.09399
11089.56890,0.09399
11085.71166,0.09379
11081.85442,0.09396
11077.99718,0.09373
11074.13993,0.09331
11070.28269,0.09328
11066.42545,0.09330
11062.56821,0.09330
11058.71097,0.09334
11054.85373,0.09292
11050.99649,0.09232
11047.13924,0.09234
11043.28200,0.09282
11039.42476,0.09308
11035.56752,0.09235
11031.71028,0.09096
11027.85304,0.09084
11023.99580,0.09230
11020.13855,0.09389
11016.28131,0.09474
11012.42407,0.09465
11008.56683,0.09418
11004.70959,0.09353
11000.85235,0.09222
10996.99511,0.09129
10993.13787,0.09190
10989.28062,0.09300
10985.42338,0.09360
10981.56614,0.09395
10977.70890,0.09393
10973.85166,0.09353
10969.99442,0.09323
10966.13718,0.09328
10962.27993,0.09322
10958.42269,0.09300
10954.56545,0.09319
10950.70821,0.09346
10946.85097,0.09377
10942.99373,0.09430
10939.13649,0.09429
10935.27924,0.09365
10931.42200,0.09288
10927.56476,0.09210
10923.70752,0.09169
10919.85028,0.09189
10915.99304,0.09226
10912.13580,0.09232
10908.27856,0.09173
10904.42131,0.09056
10900.56407,0.08964
10896.70683,0.08942
10892.84959,0.08960
10888.99235,0.08998
10885.13511,0.09028
10881.27787,0.09021
10877.42062,0.09019
10873.56338,0.09054
10869.70614,0.09067
10865.84890,0.09027
10861.99166,0.08992
10858.13442,0.08970
10854.27718,0.08933
10850.41993,0.08923
10846.56269,0.08947
10842.70545,0.08954
10838.84821,0.08955
10834.99097,0.08963
10831.13373,0.08946
10827.27649,0.08920
10823.41925,0.08920
10819.56200,0.08904
10815.70476,0.08881
10811.84752,0.08944
10807.99028,0.09054
10804.13304,0.09087
10800.27580,0.09023
10796.41856,0.08965
10792.56131,0.08998
10788.70407,0.09043
10784.84683,0.09018
10780.98959,0.08971
10777.13235,0.08931
10773.27511,0.08891
10769.41787,0.08870
10765.56063,0.08877
10761.70338,0.08925
10757.84614,0.08980
10753.98890,0.08968
10750.13166,0.08897
10746.27442,0.08843
10742.41718,0.08860
10738.55994,0.08912
10734.70269,0.08971
10730.84545,0.09041
10726.98821,0.09034
10723.13097,0.08934
10719.27373,0.08886
10715.41649,0.08936
10711.55925,0.09015
10707.70200,0.09039
10703.84476,0.08983
10699.98752,0.08935
10696.13028,0.08951
10692.27304,0.09010
10688.41580,0.09062
10684.55856,0.09064
10680.70132,0.09041
10676.84407,0.09024
10672.98683,0.08981
10669.12959,0.08910
10665.27235,0.08858
10661.41511,0.08846
10657.55787,0.08860
10653.70063,0.08862
10649.84338,0.08836
10645.98614,0.08794
10642.12890,0.08779
10638.27166,0.08813
10634.41442,0.08843
10630.55718,0.08860
10626.69994,0.08887
10622.84269,0.08888
10618.98545,0.08894
10615.12821,0.08960
10611.27097,0.08990
10607.41373,0.08927
10603.55649,0.08858
10599.69925,0.08819
10595.84201,0.08788
10591.98476,0.08772
10588.12752,0.08790
10584.27028,0.08838
10580.41304,0.08876
10576.55580,0.08873
10572.69856,0.08844
10568.84132,0.08808
10564.98407,0.08769
10561.12683,0.08715
10557.26959,0.08658
10553.41235,0.08637
10549.55511,0.08657
10545.69787,0.08684
10541.84063,0.08687
10537.98339,0.08661
10534.12614,0.08647
10530.26890,0.08673
10526.41166,0.08677
10522.55442,0.08621
10518.69718,0.08582
10514.83994,0.08602
10510.98270,0.08611
10507.12545,0.08608
10503.26821,0.08648
10499.41097,0.08700
10495.55373,0.08718
10491.69649,0.08704
10487.83925,0.08641
10483.98201,0.08558
10480.12476,0.08535
10476.26752,0.08590
10472.41028,0.08655
10468.55304,0.08657
10464.69580,0.08587
10460.83856,0.08520
10456.98132,0.08542
10453.12408,0.08606
10449.26683,0.08612
10445.40959,0.08566
10441.55235,0.08533
10437.69511,0.08549
10433.83787,0.08587
10429.98063,0.08580
10426.12339,0.08523
10422.26614,0.08499
10418.40890,0.08531
10414.55166,0.08558
10410.69442,0.08548
10406.83718,0.08518
10402.97994,0.08476
10399.12270,0.08461
10395.26545,0.08526
10391.40821,0.08598
10387.55097,0.08585
10383.69373,0.08540
10379.83649,0.08550
10375.97925,0.08602
10372.12201,0.08630
10368.26477,0.08619
10364.40752,0.08610
10360.55028,0.08611
10356.69304,0.08599
10352.83580,0.08587
10348.97856,0.08613
10345.12132,0.08668
10341.26408,0.08707
10337.40683,0.08717
10333.54959,0.08715
10329.69235,0.08702
10325.83511,0.08673
10321.97787,0.08674
10318.12063,0.08732
10314.26339,0.08773
10310.40615,0.08745
10306.54890,0.08712
10302.69166,0.08709
10298.83442,0.08687
10294.97718,0.08658
10291.11994,0.08658
10287.26270,0.08675
10283.40546,0.08706
10279.54821,0.08744
10275.69097,0.08739
10271.83373,0.08674
10267.97649,0.08630
10264.11925,0.08679
10260.26201,0.08767
10256.40477,0.08798
10252.54752,0.08786
10248.69028,0.08790
10244.83304,0.08796
10240.97580,0.08803
10237.11856,0.08820
10233.26132,0.08815
10229.40408,0.08781
10225.54684,0.08744
10221.68959,0.08723
10217.83235,0.08742
10213.97511,0.08805
10210.11787,0.08875
10206.26063,0.08915
10202.40339,0.08907
10198.54615,0.08844
10194.68890,0.08792
10190.83166,0.08801
10186.97442,0.08808
10183.11718,0.08794
10179.25994,0.08808
10175.40270,0.08857
10171.54546,0.08891
10167.68821,0.08882
10163.83097,0.08866
10159.97373,0.08880
10156.11649,0.08906
10152.25925,0.08917
10148.40201,0.08917
10144.54477,0.08928
10140.68753,0.08929
10136.83028,0.08902
10132.97304,0.08883
10129.11580,0.08897
10125.25856,0.08927
10121.40132,0.08951
10117.54408,0.08973
10113.68684,0.08995
10109.82959,0.09002
10105.97235,0.08989
10102.11511,0.08976
10098.25787,0.08986
10094.40063,0.09018
10090.54339,0.09022
10086.68615,0.08966
10082.82891,0.08902
10078.97166,0.08900
10075.11442,0.08929
10071.25718,0.08928
10067.39994,0.08928
10063.54270,0.08955
10059.68546,0.08948
10055.82822,0.08909
10051.97097,0.08908
10048.11373,0.08955
10044.25649,0.09004
10040.39925,0.09025
10036.54201,0.09011
10032.68477,0.08996
10028.82753,0.09023
10024.97028,0.09050
10021.11304,0.09018
10017.25580,0.08975
10013.39856,0.08985
10009.54132,0.09023
10005.68408,0.09042
10001.82684,0.09017
9997.96960,0.08981
9994.11235,0.08984
9990.25511,0.08996
9986.39787,0.08984
9982.54063,0.09000
9978.68339,0.09056
9974.82615,0.09097
9970.96891,0.09103
9967.11166,0.09096
9963.25442,0.09087
9959.39718,0.09076
9955.53994,0.09053
9951.68270,0.09013
9947.82546,0.09003
9943.96822,0.09038
9940.11097,0.09063
9936.25373,0.09054
9932.39649,0.09044
9928.53925,0.09076
9924.68201,0.09127
9920.82477,0.09136
9916.96753,0.09100
9913.11029,0.09055
9909.25304,0.09028
9905.39580,0.09037
9901.53856,0.09071
9897.68132,0.09086
9893.82408,0.09076
9889.96684,0.09079
9886.10960,0.09087
9882.25235,0.09075
9878.39511,0.09055
9874.53787,0.09034
9870.68063,0.09001
9866.82339,0.08975
9862.96615,0.08984
9859.10891,0.09019
9855.25167,0.09033
9851.39442,0.08998
9847.53718,0.08974
9843.67994,0.09028
9839.82270,0.09097
9835.96546,0.09095
9832.10822,0.09042
9828.25098,0.09020
9824.39373,0.09049
9820.53649,0.09070
9816.67925,0.09061
9812.82201,0.09043
9808.96477,0.09023
9805.10753,0.09019
9801.25029,0.09044
9797.39304,0.09086
9793.53580,0.09124
9789.67856,0.09122
9785.82132,0.09086
9781.96408,0.09070
9778.10684,0.09072
9774.24960,0.09059
9770.39236,0.09065
9766.53511,0.09093
9762.67787,0.09081
9758.82063,0.09025
9754.96339,0.08982
9751.10615,0.08988
9747.24891,0.09020
9743.39167,0.09031
9739.53442,0.09010
9735.67718,0.08982
9731.81994,0.08978
9727.96270,0.09003
9724.10546,0.09021
9720.24822,0.09013
9716.39098,0.09001
9712.53373,0.08996
9708.67649,0.08977
9704.81925,0.08943
9700.96201,0.08915
9697.10477,0.08907
9693.24753,0.08923
9689.39029,0.08965
9685.53305,0.09008
9681.67580,0.08993
9677.81856,0.08929
9673.96132,0.08899
9670.10408,0.08925
9666.24684,0.08937
9662.38960,0.08892
9658.53236,0.08841
9654.67511,0.08844
9650.81787,0.08897
9646.96063,0.08935
9643.10339,0.08905
9639.24615,0.08852
9635.38891,0.08850
9631.53167,0.08878
9627.67443,0.08891
9623.81718,0.08889
9619.95994,0.08870
9616.10270,0.08848
9612.24546,0.08841
9608.38822,0.08830
9604.53098,0.08808
9600.67374,0.08792
9596.81649,0.08791
9592.95925,0.08815
9589.10201,0.08857
9585.24477,0.08869
9581.38753,0.08826
9577.53029,0.08761
9573.67305,0.08736
9569.81580,0.08782
9565.95856,0.08830
9562.10132,0.08806
9558.24408,0.08765
9554.38684,0.08760
9550.52960,0.08765
9546.67236,0.08757
9542.81512,0.08755
9538.95787,0.08761
9535.10063,0.08765
9531.24339,0.08774
9527.38615,0.08786
9523.52891,0.08783
9519.67167,0.08763
9515.81443,0.08743
9511.95718,0.08734
9508.09994,0.08731
9504.24270,0.08724
9500.38546,0.08721
9496.52822,0.08720
9492.67098,0.08695
9488.81374,0.08666
9484.95649,0.08672
9481.09925,0.08694
9477.24201,0.08709
9473.38477,0.08727
9469.52753,0.08760
9465.67029,0.08780
9461.81305,0.08757
9457.95581,0.08715
9454.09856,0.08689
9450.24132,0.08681
9446.38408,0.08688
9442.52684,0.08704
9438.66960,0.08714
9434.81236,0.08705
9430.95512,0.08691
9427.09787,0.08675
9423.24063,0.08666
9419.38339,0.08667
9415.52615,0.08660
9411.66891,0.08643
9407.81167,0.08635
9403.95443,0.08645
9400.09719,0.08663
9396.23994,0.08662
9392.38270,0.08635
9388.52546,0.08613
9384.66822,0.08617
9380.81098,0.08619
9376.95374,0.08587
9373.09650,0.08561
9369.23925,0.08575
9365.38201,0.08596
9361.52477,0.08594
9357.66753,0.08585
9353.81029,0.08589
9349.95305,0.08598
9346.09581,0.08600
9342.23856,0.08606
9338.38132,0.08616
9334.52408,0.08623
9330.66684,0.08631
9326.80960,0.08645
9322.95236,0.08642
9319.09512,0.08613
9315.23788,0.08587
9311.38063,0.08578
9307.52339,0.08589
9303.66615,0.08608
9299.80891,0.08611
9295.95167,0.08597
9292.09443,0.08578
9288.23719,0.08573
9284.37994,0.08587
9280.52270,0.08588
9276.66546,0.08558
9272.80822,0.08522
9268.95098,0.08515
9265.09374,0.08524
9261.23650,0.08534
9257.37925,0.08560
9253.52201,0.08586
9249.66477,0.08576
9245.80753,0.08542
9241.95029,0.08524
9238.09305,0.08534
9234.23581,0.08557
9230.37857,0.08578
9226.52132,0.08581
9222.66408,0.08572
9218.80684,0.08580
9214.94960,0.08593
9211.09236,0.08586
9207.23512,0.08586
9203.37788,0.08592
9199.52063,0.08573
9195.66339,0.08544
9191.80615,0.08517
9187.94891,0.08501
9184.09167,0.08507
9180.23443,0.08527
9176.37719,0.08557
9172.51995,0.08599
9168.66270,0.08610
9164.80546,0.08581
9160.94822,0.08574
9157.09098,0.08588
9153.23374,0.08575
9149.37650,0.08551
9145.51926,0.08548
9141.66201,0.08560
9137.80477,0.08577
9133.94753,0.08594
9130.09029,0.08594
9126.23305,0.08585
9122.37581,0.08592
9118.51857,0.08613
9114.66132,0.08628
9110.80408,0.08635
9106.94684,0.08638
9103.08960,0.08616
9099.23236,0.08577
9095.37512,0.08570
9091.51788,0.08604
9087.66064,0.08647
9083.80339,0.08668
9079.94615,0.08663
9076.08891,0.08659
9072.23167,0.08667
9068.37443,0.08675
9064.51719,0.08676
9060.65995,0.08684
9056.80270,0.08710
9052.94546,0.08735
9049.08822,0.08733
9045.23098,0.08712
9041.37374,0.08714
9037.51650,0.08750
9033.65926,0.08794
9029.80201,0.08832
9025.94477,0.08876
9022.08753,0.08914
9018.23029,0.08928
9014.37305,0.08935
9010.51581,0.08958
9006.65857,0.08993
9002.80133,0.09027
8998.94408,0.09060
8995.08684,0.09095
8991.22960,0.09133
8987.37236,0.09184
8983.51512,0.09250
8979.65788,0.09313
8975.80064,0.09369
8971.94339,0.09430
8968.08615,0.09504
8964.22891,0.09583
8960.37167,0.09658
8956.51443,0.09729
8952.65719,0.09791
8948.79995,0.09850
8944.94271,0.09924
8941.08546,0.10014
8937.22822,0.10111
8933.37098,0.10207
8929.51374,0.10291
8925.65650,0.10378
8921.79926,0.10485
8917.94202,0.10608
8914.08477,0.10741
8910.22753,0.10872
8906.37029,0.10987
8902.51305,0.11099
8898.65581,0.11227
8894.79857,0.11369
8890.94133,0.11518
8887.08408,0.11657
8883.22684,0.11785
8879.36960,0.11906
8875.51236,0.12019
8871.65512,0.12121
8867.79788,0.12207
8863.94064,0.12265
8860.08340,0.12290
8856.22615,0.12294
8852.36891,0.12278
8848.51167,0.12235
8844.65443,0.12178
8840.79719,0.12117
8836.93995,0.12055
8833.08271,0.11991
8829.22546,0.11915
8825.36822,0.11835
8821.51098,0.11752
8817.65374,0.11652
8813.79650,0.11523
8809.93926,0.11389
8806.08202,0.11268
8802.22477,0.11136
8798.36753,0.11005
8794.51029,0.10896
8790.65305,0.10792
8786.79581,0.10679
8782.93857,0.10565
8779.08133,0.10455
8775.22409,0.10349
8771.36684,0.10249
8767.50960,0.10184
8763.65236,0.10159
8759.79512,0.10128
8755.93788,0.10083
8752.08064,0.10060
8748.22340,0.10063
8744.36615,0.10068
8740.50891,0.10057
8736.65167,0.10026
8732.79443,0.10000
8728.93719,0.09995
8725.07995,0.10003
8721.22271,0.10011
8717.36547,0.10010
8713.50822,0.10012
8709.65098,0.10031
8705.79374,0.10059
8701.93650,0.10090
8698.07926,0.10125
8694.22202,0.10155
8690.36478,0.10174
8686.50753,0.10184
8682.65029,0.10194
8678.79305,0.10214
8674.93581,0.10238
8671.07857,0.10257
8667.22133,0.10270
8663.36409,0.10288
8659.50684,0.10325
8655.64960,0.10373
8651.79236,0.10415
8647.93512,0.10454
8644.07788,0.10495
8640.22064,0.10529
8636.36340,0.10566
8632.50616,0.10610
8628.64891,0.10645
8624.79167,0.10669
8620.93443,0.10698
8617.07719,0.10729
8613.21995,0.10755
8609.36271,0.10789
8605.50547,0.10832
8601.64822,0.10863
8597.79098,0.10890
8593.93374,0.10931
8590.07650,0.10976
8586.21926,0.11021
8582.36202,0.11075
8578.50478,0.11122
8574.64753,0.11136
8570.79029,0.11140
8566.93305,0.11161
8563.07581,0.11207
8559.21857,0.11250
8555.36133,0.11258
8551.50409,0.11258
8547.64685,0.11289
8543.78960,0.11331
8539.93236,0.11358
8536.07512,0.11382
8532.21788,0.11411
8528.36064,0.11447
8524.50340,0.11492
8520.64616,0.11537
8516.78891,0.11579
8512.93167,0.11615
8509.07443,0.11631
8505.21719,0.11631
8501.35995,0.11636
8497.50271,0.11654
8493.64547,0.11673
8489.78822,0.11679
8485.93098,0.11670
8482.07374,0.11662
8478.21650,0.11668
8474.35926,0.11673
8470.50202,0.11658
8466.64478,0.11635
8462.78754,0.11620
8458.93029,0.11617
8455.07305,0.11623
8451.21581,0.11622
8447.35857,0.11611
8443.50133,0.11603
8439.64409,0.11596
8435.78685,0.11583
8431.92960,0.11566
8428.07236,0.11553
8424.21512,0.11544
8420.35788,0.11534
8416.50064,0.11523
8412.64340,0.11512
8408.78616,0.11502
8404.92892,0.11484
8401.07167,0.11455
8397.21443,0.11428
8393.35719,0.11414
8389.49995,0.11407
8385.64271,0.11383
8381.78547,0.11341
8377.92823,0.11312
8374.07098,0.11314
8370.21374,0.11327
8366.35650,0.11324
8362.49926,0.11303
8358.64202,0.11281
8354.78478,0.11268
8350.92754,0.11260
8347.07029,0.11252
8343.21305,0.11246
8339.35581,0.11251
8335.49857,0.11253
8331.64133,0.11240
8327.78409,0.11229
8323.92685,0.11233
8320.06961,0.11230
8316.21236,0.11211
8312.35512,0.11199
8308.49788,0.11207
8304.64064,0.11212
8300.78340,0.11196
8296.92616,0.11182
8293.06892,0.11182
8289.21167,0.11192
8285.35443,0.11205
8281.49719,0.11213
8277.63995,0.11215
8273.78271,0.11213
8269.92547,0.11202
8266.06823,0.11194
8262.21098,0.11203
8258.35374,0.11223
8254.49650,0.11236
8250.63926,0.11236
8246.78202,0.11237
8242.92478,0.11249
8239.06754,0.11267
8235.21030,0.11274
8231.35305,0.11272
8227.49581,0.11262
8223.63857,0.11250
8219.78133,0.11241
8215.92409,0.11231
8212.06685,0.11223
8208.20961,0.11218
8204.35236,0.11203
8200.49512,0.11181
8196.63788,0.11173
8192.78064,0.11171
8188.92340,0.11162
8185.06616,0.11146
8181.20892,0.11122
8177.35168,0.11097
8173.49443,0.11078
8169.63719,0.11063
8165.77995,0.11059
8161.92271,0.11066
8158.06547,0.11067
8154.20823,0.11052
8150.35099,0.11029
8146.49374,0.11007
8142.63650,0.10989
8138.77926,0.10970
8134.92202,0.10953
8131.06478,0.10938
8127.20754,0.10916
8123.35030,0.10890
8119.49305,0.10872
8115.63581,0.10853
8111.77857,0.10824
8107.92133,0.10795
8104.06409,0.10779
8100.20685,0.10766
8096.34961,0.10746
8092.49237,0.10724
8088.63512,0.10699
8084.77788,0.10669
8080.92064,0.10647
8077.06340,0.10642
8073.20616,0.10634
8069.34892,0.10603
8065.49168,0.10564
8061.63443,0.10538
8057.77719,0.10531
8053.91995,0.10530
8050.06271,0.10522
8046.20547,0.10505
8042.34823,0.10489
8038.49099,0.10483
8034.63374,0.10476
8030.77650,0.10452
8026.91926,0.10422
8023.06202,0.10408
8019.20478,0.10407
8015.34754,0.10409
8011.49030,0.10415
8007.63306,0.10412
8003.77581,0.10394
7999.91857,0.10370
7996.06133,0.10355
7992.20409,0.10351
7988.34685,0.10345
7984.48961,0.10333
7980.63237,0.10325
7976.77512,0.10327
7972.91788,0.10334
7969.06064,0.10329
7965.20340,0.10312
7961.34616,0.10302
7957.48892,0.10298
7953.63168,0.10288
7949.77444,0.10279
7945.91719,0.10276
7942.05995,0.10271
7938.20271,0.10257
7934.34547,0.10244
7930.48823,0.10242
7926.63099,0.10240
7922.77375,0.10233
7918.91650,0.10230
7915.05926,0.10234
7911.20202,0.10242
7907.34478,0.10244
7903.48754,0.10247
7899.63030,0.10255
7895.77306,0.10258
7891.91581,0.10250
7888.05857,0.10250
7884.20133,0.10268
7880.34409,0.10285
7876.48685,0.10276
7872.62961,0.10249
7868.77237,0.10230
7864.91513,0.10224
7861.05788,0.10220
7857.20064,0.10214
7853.34340,0.10220
7849.48616,0.10231
7845.62892,0.10228
7841.77168,0.10216
7837.91444,0.10206
7834.05719,0.10194
7830.19995,0.10180
7826.34271,0.10171
7822.48547,0.10153
7818.62823,0.10125
7814.77099,0.10111
7810.91375,0.10117
7807.05650,0.10120
7803.19926,0.10104
7799.34202,0.10080
7795.48478,0.10055
7791.62754,0.10039
7787.77030,0.10043
7783.91306,0.10041
7780.05582,0.10017
7776.19857,0.10001
7772.34133,0.09991
7768.48409,0.09967
7764.62685,0.09950
7760.76961,0.09959
7756.91237,0.09965
7753.05513,0.09947
7749.19788,0.09918
7745.34064,0.09889
7741.48340,0.09860
7737.62616,0.09834
7733.76892,0.09822
7729.91168,0.09823
7726.05444,0.09821
7722.19720,0.09798
7718.33995,0.09753
7714.48271,0.09723
7710.62547,0.09738
7706.76823,0.09756
7702.91099,0.09739
7699.05375,0.09715
7695.19651,0.09703
7691.33926,0.09688
7687.48202,0.09678
7683.62478,0.09685
7679.76754,0.09697
7675.91030,0.09705
7672.05306,0.09703
7668.19582,0.09697
7664.33857,0.09701
7660.48133,0.09711
7656.62409,0.09724
7652.76685,0.09743
7648.90961,0.09763
7645.05237,0.09781
7641.19513,0.09791
7637.33789,0.09788
7633.48064,0.09780
7629.62340,0.09767
7625.76616,0.09763
7621.90892,0.09770
7618.05168,0.09786
7614.19444,0.09809
7610.33720,0.09837
7606.47995,0.09872
7602.62271,0.09890
7598.76547,0.09876
7594.90823,0.09862
7591.05099,0.09866
7587.19375,0.09868
7583.33651,0.09869
7579.47926,0.09883
7575.62202,0.09894
7571.76478,0.09897
7567.90754,0.09911
7564.05030,0.09941
7560.19306,0.09976
7556.33582,0.10017
7552.47858,0.10062
7548.62133,0.10107
7544.76409,0.10149
7540.90685,0.10175
7537.04961,0.10189
7533.19237,0.10212
7529.33513,0.10231
7525.47789,0.10232
7521.62064,0.10236
7517.76340,0.10256
7513.90616,0.10280
7510.04892,0.10297
7506.19168,0.10317
7502.33444,0.10347
7498.47720,0.10384
7494.61996,0.10427
7490.76271,0.10470
7486.90547,0.10497
7483.04823,0.10519
7479.19099,0.10561
7475.33375,0.10626
7471.47651,0.10687
7467.61927,0.10730
7463.76202,0.10773
7459.90478,0.10842
7456.04754,0.10933
7452.19030,0.11022
7448.33306,0.11101
7444.47582,0.11180
7440.61858,0.11262
7436.76133,0.11345
7432.90409,0.11441
7429.04685,0.11559
7425.18961,0.11683
7421.33237,0.11797
7417.47513,0.11901
7413.61789,0.11993
7409.76065,0.12082
7405.90340,0.12185
7402.04616,0.12293
7398.18892,0.12396
7394.33168,0.12496
7390.47444,0.12603
7386.61720,0.12718
7382.75996,0.12843
7378.90271,0.12971
7375.04547,0.13086
7371.18823,0.13196
7367.33099,0.13316
7363.47375,0.13432
7359.61651,0.13534
7355.75927,0.13629
7351.90202,0.13718
7348.04478,0.13802
7344.18754,0.13888
7340.33030,0.13972
7336.47306,0.14030
7332.61582,0.14072
7328.75858,0.14130
7324.90134,0.14193
7321.04409,0.14232
7317.18685,0.14259
7313.32961,0.14296
7309.47237,0.14334
7305.61513,0.14355
7301.75789,0.14368
7297.90065,0.14391
7294.04340,0.14420
7290.18616,0.14435
7286.32892,0.14448
7282.47168,0.14480
7278.61444,0.14517
7274.75720,0.14543
7270.89996,0.14573
7267.04272,0.14618
7263.18547,0.14663
7259.32823,0.14702
7255.47099,0.14739
7251.61375,0.14771
7247.75651,0.14794
7243.89927,0.14809
7240.04203,0.14822
7236.18478,0.14843
7232.32754,0.14866
7228.47030,0.14884
7224.61306,0.14901
7220.75582,0.14924
7216.89858,0.14951
7213.04134,0.14977
7209.18409,0.14994
7205.32685,0.15007
7201.46961,0.15023
7197.61237,0.15036
7193.75513,0.15040
7189.89789,0.15054
7186.04065,0.15088
7182.18341,0.15127
7178.32616,0.15167
7174.46892,0.15220
7170.61168,0.15286
7166.75444,0.15351
7162.89720,0.15410
7159.03996,0.15475
7155.18272,0.15558
7151.32547,0.15659
7147.46823,0.15765
7143.61099,0.15871
7139.75375,0.15983
7135.89651,0.16100
7132.03927,0.16218
7128.18203,0.16332
7124.32478,0.16444
7120.46754,0.16554
7116.61030,0.16661
7112.75306,0.16768
7108.89582,0.16884
7105.03858,0.17010
7101.18134,0.17143
7097.32410,0.17284
7093.46685,0.17427
7089.60961,0.17566
7085.75237,0.17716
7081.89513,0.17885
7078.03789,0.18060
7074.18065,0.18230
7070.32341,0.18397
7066.46616,0.18563
7062.60892,0.18726
7058.75168,0.18889
7054.89444,0.19051
7051.03720,0.19211
7047.17996,0.19364
7043.32272,0.19513
7039.46548,0.19666
7035.60823,0.19819
7031.75099,0.19962
7027.89375,0.20092
7024.03651,0.20213
7020.17927,0.20325
7016.32203,0.20431
7012.46479,0.20541
7008.60754,0.20652
7004.75030,0.20753
7000.89306,0.20849
6997.03582,0.20942
6993.17858,0.21026
6989.32134,0.21103
6985.46410,0.21179
6981.60685,0.21256
6977.74961,0.21334
6973.89237,0.21403
6970.03513,0.21461
6966.17789,0.21516
6962.32065,0.21578
6958.46341,0.21636
6954.60617,0.21687
6950.74892,0.21735
6946.89168,0.21778
6943.03444,0.21815
6939.17720,0.21850
6935.31996,0.21892
6931.46272,0.21941
6927.60548,0.21991
6923.74823,0.22040
6919.89099,0.22084
6916.03375,0.22122
6912.17651,0.22159
6908.31927,0.22193
6904.46203,0.22226
6900.60479,0.22266
6896.74754,0.22311
6892.89030,0.22360
6889.03306,0.22409
6885.17582,0.22455
6881.31858,0.22501
6877.46134,0.22553
6873.60410,0.22614
6869.74686,0.22683
6865.88961,0.22760
6862.03237,0.22836
6858.17513,0.22900
6854.31789,0.22957
6850.46065,0.23016
6846.60341,0.23084
6842.74617,0.23159
6838.88892,0.23236
6835.03168,0.23313
6831.17444,0.23388
6827.31720,0.23464
6823.45996,0.23538
6819.60272,0.23613
6815.74548,0.23692
6811.88824,0.23773
6808.03099,0.23862
6804.17375,0.23960
6800.31651,0.24053
6796.45927,0.24132
6792.60203,0.24206
6788.74479,0.24290
6784.88755,0.24380
6781.03030,0.24470
6777.17306,0.24559
6773.31582,0.24645
6769.45858,0.24725
6765.60134,0.24799
6761.74410,0.24860
6757.88686,0.24905
6754.02961,0.24946
6750.17237,0.24988
6746.31513,0.25029
6742.45789,0.25058
6738.60065,0.25072
6734.74341,0.25088
6730.88617,0.25105
6727.02893,0.25120
6723.17168,0.25138
6719.31444,0.25158
6715.45720,0.25168
6711.59996,0.25170
6707.74272,0.25174
6703.88548,0.25177
6700.02824,0.25177
6696.17099,0.25175
6692.31375,0.25170
6688.45651,0.25157
6684.59927,0.25138
6680.74203,0.25120
6676.88479,0.25105
6673.02755,0.25088
6669.17030,0.25066
6665.31306,0.25040
6661.45582,0.25010
6657.59858,0.24977
6653.74134,0.24940
6649.88410,0.24897
6646.02686,0.24852
6642.16962,0.24811
6638.31237,0.24772
6634.45513,0.24726
6630.59789,0.24675
6626.74065,0.24622
6622.88341,0.24563
6619.02617,0.24499
6615.16893,0.24442
6611.31168,0.24394
6607.45444,0.24350
6603.59720,0.24306
6599.73996,0.24260
6595.88272,0.24215
6592.02548,0.24172
6588.16824,0.24134
6584.31100,0.24106
6580.45375,0.24089
6576.59651,0.24076
6572.73927,0.24061
6568.88203,0.24051
6565.02479,0.24055
6561.16755,0.24066
6557.31031,0.24070
6553.45306,0.24073
6549.59582,0.24083
6545.73858,0.24093
6541.88134,0.24097
6538.02410,0.24110
6534.16686,0.24133
6530.30962,0.24150
6526.45237,0.24161
6522.59513,0.24179
6518.73789,0.24203
6514.88065,0.24224
6511.02341,0.24242
6507.16617,0.24253
6503.30893,0.24254
6499.45169,0.24252
6495.59444,0.24257
6491.73720,0.24267
6487.87996,0.24273
6484.02272,0.24272
6480.16548,0.24263
6476.30824,0.24251
6472.45100,0.24240
6468.59375,0.24228
6464.73651,0.24214
6460.87927,0.24199
6457.02203,0.24182
6453.16479,0.24159
6449.30755,0.24133
6445.45031,0.24107
6441.59306,0.24073
6437.73582,0.24031
6433.87858,0.23994
6430.02134,0.23961
6426.16410,0.23923
6422.30686,0.23886
6418.44962,0.23854
6414.59238,0.23824
6410.73513,0.23791
6406.87789,0.23764
6403.02065,0.23748
6399.16341,0.23729
6395.30617,0.23702
6391.44893,0.23677
6387.59169,0.23659
6383.73444,0.23646
6379.87720,0.23631
6376.01996,0.23612
6372.16272,0.23595
6368.30548,0.23577
6364.44824,0.23556
6360.59100,0.23530
6356.73376,0.23505
6352.87651,0.23489
6349.01927,0.23484
6345.16203,0.23486
6341.30479,0.23490
6337.44755,0.23490
6333.59031,0.23486
6329.73307,0.23477
6325.87582,0.23468
6322.01858,0.23463
6318.16134,0.23460
6314.30410,0.23459
6310.44686,0.23450
6306.58962,0.23426
6302.73238,0.23399
6298.87513,0.23376
6295.01789,0.23346
6291.16065,0.23302
6287.30341,0.23248
6283.44617,0.23190
6279.58893,0.23130
6275.73169,0.23067
6271.87445,0.23001
6268.01720,0.22933
6264.15996,0.22861
6260.30272,0.22783
6256.44548,0.22700
6252.58824,0.22611
6248.73100,0.22518
6244.87376,0.22421
6241.01651,0.22324
6237.15927,0.22228
6233.30203,0.22129
6229.44479,0.22031
6225.58755,0.21940
6221.73031,0.21861
6217.87307,0.21804
6214.01582,0.21776
6210.15858,0.21778
6206.30134,0.21805
6202.44410,0.21849
6198.58686,0.21878
6194.72962,0.21853
6190.87238,0.21767
6187.01514,0.21641
6183.15789,0.21499
6179.30065,0.21359
6175.44341,0.21240
6171.58617,0.21154
6167.72893,0.21106
6163.87169,0.21090
6160.01445,0.21099
6156.15720,0.21134
6152.29996,0.21190
6148.44272,0.21247
6144.58548,0.21278
6140.72824,0.21267
6136.87100,0.21229
6133.01376,0.21193
6129.15652,0.21182
6125.29927,0.21216
6121.44203,0.21311
6117.58479,0.21476
6113.72755,0.21721
6109.87031,0.22048
6106.01307,0.22442
6102.15583,0.22886
6098.29858,0.23367
6094.44134,0.23868
6090.58410,0.24361
6086.72686,0.24824
6082.86962,0.25255
6079.01238,0.25683
6075.15514,0.26149
6071.29789,0.26690
6067.44065,0.27320
6063.58341,0.28009
6059.72617,0.28687
6055.86893,0.29292
6052.01169,0.29819
6048.15445,0.30298
6044.29721,0.30764
6040.43996,0.31261
6036.58272,0.31823
6032.72548,0.32427
6028.86824,0.32991
6025.01100,0.33428
6021.15376,0.33659
6017.29652,0.33626
6013.43927,0.33312
6009.58203,0.32745
6005.72479,0.31997
6001.86755,0.31170
5998.01031,0.30369
5994.15307,0.29673
5990.29583,0.29130
5986.43858,0.28747
5982.58134,0.28491
5978.72410,0.28282
5974.86686,0.28024
5971.00962,0.27669
5967.15238,0.27254
5963.29514,0.26862
5959.43790,0.26564
5955.58065,0.26381
5951.72341,0.26296
5947.86617,0.26261
5944.00893,0.26203
5940.15169,0.26050
5936.29445,0.25770
5932.43721,0.25384
5928.57996,0.24949
5924.72272,0.24519
5920.86548,0.24113
5917.00824,0.23740
5913.15100,0.23424
5909.29376,0.23196
5905.43652,0.23080
5901.57927,0.23080
5897.72203,0.23184
5893.86479,0.23376
5890.00755,0.23632
5886.15031,0.23913
5882.29307,0.24187
5878.43583,0.24440
5874.57859,0.24667
5870.72134,0.24863
5866.86410,0.25015
5863.00686,0.25102
5859.14962,0.25104
5855.29238,0.25032
5851.43514,0.24930
5847.57790,0.24835
5843.72065,0.24757
5839.86341,0.24698
5836.00617,0.24668
5832.14893,0.24668
5828.29169,0.24686
5824.43445,0.24715
5820.57721,0.24750
5816.71997,0.24783
5812.86272,0.24808
5809.00548,0.24817
5805.14824,0.24803
5801.29100,0.24775
5797.43376,0.24744
5793.57652,0.24711
5789.71928,0.24676
5785.86203,0.24638
5782.00479,0.24599
5778.14755,0.24563
5774.29031,0.24516
5770.43307,0.24443
5766.57583,0.24345
5762.71859,0.24228
5758.86134,0.24091
5755.00410,0.23930
5751.14686,0.23749
5747.28962,0.23558
5743.43238,0.23363
5739.57514,0.23172
5735.71790,0.22997
5731.86066,0.22849
5728.00341,0.22736
5724.14617,0.22667
5720.28893,0.22643
5716.43169,0.22653
5712.57445,0.22679
5708.71721,0.22697
5704.85997,0.22696
5701.00272,0.22677
5697.14548,0.22644
5693.28824,0.22607
5689.43100,0.22570
5685.57376,0.22536
5681.71652,0.22506
5677.85928,0.22487
5674.00203,0.22488
5670.14479,0.22517
5666.28755,0.22569
5662.43031,0.22627
5658.57307,0.22673
5654.71583,0.22694
5650.85859,0.22679
5647.00135,0.22626
5643.14410,0.22542
5639.28686,0.22439
5635.42962,0.22330
5631.57238,0.22227
5627.71514,0.22141
5623.85790,0.22074
5620.00066,0.22024
5616.14341,0.21989
5612.28617,0.21970
5608.42893,0.21970
5604.57169,0.21991
5600.71445,0.22025
5596.85721,0.22065
5592.99997,0.22106
5589.14273,0.22152
5585.28548,0.22210
5581.42824,0.22282
5577.57100,0.22363
5573.71376,0.22435
5569.85652,0.22488
5565.99928,0.22518
5562.14204,0.22527
5558.28479,0.22524
5554.42755,0.22518
5550.57031,0.22512
5546.71307,0.22506
5542.85583,0.22502
5538.99859,0.22502
5535.14135,0.22500
5531.28410,0.22491
5527.42686,0.22470
5523.56962,0.22440
5519.71238,0.22406
5515.85514,0.22370
5511.99790,0.22337
5508.14066,0.22314
5504.28342,0.22314
5500.42617,0.22344
5496.56893,0.22397
5492.71169,0.22458
5488.85445,0.22516
5484.99721,0.22568
5481.13997,0.22600
5477.28273,0.22598
5473.42548,0.22563
5469.56824,0.22505
5465.71100,0.22429
5461.85376,0.22339
5457.99652,0.22237
5454.13928,0.22125
5450.28204,0.21994
5446.42479,0.21836
5442.56755,0.21668
5438.71031,0.21504
5434.85307,0.21344
5430.99583,0.21193
5427.13859,0.21063
5423.28135,0.20965
5419.42411,0.20896
5415.56686,0.20845
5411.70962,0.20806
5407.85238,0.20780
5403.99514,0.20763
5400.13790,0.20741
5396.28066,0.20714
5392.42342,0.20691
5388.56617,0.20681
5384.70893,0.20683
5380.85169,0.20694
5376.99445,0.20711
5373.13721,0.20737
5369.27997,0.20775
5365.42273,0.20823
5361.56549,0.20877
5357.70824,0.20933
5353.85100,0.20984
5349.99376,0.21021
5346.13652,0.21047
5342.27928,0.21070
5338.42204,0.21094
5334.56480,0.21121
5330.70755,0.21160
5326.85031,0.21223
5322.99307,0.21316
5319.13583,0.21437
5315.27859,0.21585
5311.42135,0.21763
5307.56411,0.21979
5303.70686,0.22228
5299.84962,0.22495
5295.99238,0.22788
5292.13514,0.23125
5288.27790,0.23520
5284.42066,0.23969
5280.56342,0.24469
5276.70618,0.25009
5272.84893,0.25563
5268.99169,0.26120
5265.13445,0.26684
5261.27721,0.27235
5257.41997,0.27732
5253.56273,0.28165
5249.70549,0.28548
5245.84824,0.28899
5241.99100,0.29216
5238.13376,0.29484
5234.27652,0.29710
5230.41928,0.29909
5226.56204,0.30092
5222.70480,0.30254
5218.84755,0.30385
5214.99031,0.30488
5211.13307,0.30572
5207.27583,0.30651
5203.41859,0.30721
5199.56135,0.30775
5195.70411,0.30813
5191.84687,0.30843
5187.98962,0.30872
5184.13238,0.30901
5180.27514,0.30919
5176.41790,0.30915
5172.56066,0.30899
5168.70342,0.30885
5164.84618,0.30876
5160.98893,0.30869
5157.13169,0.30854
5153.27445,0.30830
5149.41721,0.30805
5145.55997,0.30786
5141.70273,0.30768
5137.84549,0.30749
5133.98825,0.30735
5130.13100,0.30730
5126.27376,0.30721
5122.41652,0.30678
5118.55928,0.30571
5114.70204,0.30386
5110.84480,0.30129
5106.98756,0.29824
5103.13031,0.29506
5099.27307,0.29202
5095.41583,0.28918
5091.55859,0.28655
5087.70135,0.28413
5083.84411,0.28191
5079.98687,0.27987
5076.12962,0.27801
5072.27238,0.27630
5068.41514,0.27468
5064.55790,0.27318
5060.70066,0.27178
5056.84342,0.27043
5052.98618,0.26917
5049.12894,0.26810
5045.27169,0.26713
5041.41445,0.26620
5037.55721,0.26533
5033.69997,0.26455
5029.84273,0.26383
5025.98549,0.26317
5022.12825,0.26252
5018.27100,0.26192
5014.41376,0.26138
5010.55652,0.26087
5006.69928,0.26031
5002.84204,0.25972
4998.98480,0.25915
4995.12756,0.25867
4991.27031,0.25830
4987.41307,0.25804
4983.55583,0.25797
4979.69859,0.25808
4975.84135,0.25836
4971.98411,0.25879
4968.12687,0.25947
4964.26963,0.26047
4960.41238,0.26176
4956.55514,0.26327
4952.69790,0.26499
4948.84066,0.26692
4944.98342,0.26896
4941.12618,0.27107
4937.26894,0.27326
4933.41169,0.27553
4929.55445,0.27791
4925.69721,0.28046
4921.83997,0.28315
4917.98273,0.28595
4914.12549,0.28888
4910.26825,0.29197
4906.41101,0.29523
4902.55376,0.29857
4898.69652,0.30200
4894.83928,0.30553
4890.98204,0.30918
4887.12480,0.31290
4883.26756,0.31666
4879.41032,0.32045
4875.55307,0.32423
4871.69583,0.32788
4867.83859,0.33130
4863.98135,0.33453
4860.12411,0.33770
4856.26687,0.34092
4852.40963,0.34425
4848.55238,0.34775
4844.69514,0.35147
4840.83790,0.35547
4836.98066,0.35977
4833.12342,0.36424
4829.26618,0.36869
4825.40894,0.37306
4821.55170,0.37729
4817.69445,0.38119
4813.83721,0.38467
4809.97997,0.38786
4806.12273,0.39082
4802.26549,0.39348
4798.40825,0.39573
4794.55101,0.39743
4790.69376,0.39859
4786.83652,0.39932
4782.97928,0.39978
4779.12204,0.40013
4775.26480,0.40048
4771.40756,0.40098
4767.55032,0.40180
4763.69307,0.40314
4759.83583,0.40502
4755.97859,0.40736
4752.12135,0.40997
4748.26411,0.41262
4744.40687,0.41509
4740.54963,0.41743
4736.69239,0.42001
4732.83514,0.42327
4728.97790,0.42737
4725.12066,0.43173
4721.26342,0.43512
4717.40618,0.43674
4713.54894,0.43720
4709.69170,0.43812
4705.83445,0.44089
4701.97721,0.44589
4698.11997,0.45212
4694.26273,0.45728
4690.40549,0.45899
4686.54825,0.45607
4682.69101,0.44895
4678.83377,0.43922
4674.97652,0.42916
4671.11928,0.42078
4667.26204,0.41494
4663.40480,0.41132
4659.54756,0.40922
4655.69032,0.40851
4651.83308,0.40970
4647.97583,0.41325
4644.11859,0.41866
4640.26135,0.42410
4636.40411,0.42702
4632.54687,0.42522
4628.68963,0.41811
4624.83239,0.40742
4620.97514,0.39610
4617.11790,0.38659
4613.26066,0.37987
4609.40342,0.37582
4605.54618,0.37420
4601.68894,0.37499
4597.83170,0.37772
4593.97446,0.38102
4590.11721,0.38374
4586.25997,0.38597
4582.40273,0.38735
4578.54549,0.38594
4574.68825,0.38027
4570.83101,0.37148
4566.97377,0.36231
4563.11652,0.35504
4559.25928,0.35043
4555.40204,0.34792
4551.54480,0.34658
4547.68756,0.34572
4543.83032,0.34503
4539.97308,0.34445
4536.11583,0.34409
4532.25859,0.34412
4528.40135,0.34470
4524.54411,0.34589
4520.68687,0.34768
4516.82963,0.35014
4512.97239,0.35352
4509.11515,0.35818
4505.25790,0.36452
4501.40066,0.37278
4497.54342,0.38262
4493.68618,0.39277
4489.82894,0.40160
4485.97170,0.40846
4482.11446,0.41424
4478.25721,0.42064
4474.39997,0.42927
4470.54273,0.44123
4466.68549,0.45640
4462.82825,0.47243
4458.97101,0.48529
4455.11377,0.49266
4451.25653,0.49650
4447.39928,0.50039
4443.54204,0.50571
4439.68480,0.51149
4435.82756,0.51609
4431.97032,0.51797
4428.11308,0.51629
4424.25584,0.51174
4420.39859,0.50661
4416.54135,0.50336
4412.68411,0.50300
4408.82687,0.50466
4404.96963,0.50617
4401.11239,0.50556
4397.25515,0.50243
4393.39790,0.49772
4389.54066,0.49269
4385.68342,0.48817
4381.82618,0.48449
4377.96894,0.48177
4374.11170,0.48008
4370.25446,0.47950
4366.39722,0.48017
4362.53997,0.48181
4358.68273,0.48362
4354.82549,0.48516
4350.96825,0.48684
4347.11101,0.48926
4343.25377,0.49235
4339.39653,0.49558
4335.53928,0.49837
4331.68204,0.50051
4327.82480,0.50241
4323.96756,0.50462
4320.11032,0.50742
4316.25308,0.51105
4312.39584,0.51576
4308.53859,0.52151
4304.68135,0.52776
4300.82411,0.53371
4296.96687,0.53872
4293.10963,0.54234
4289.25239,0.54423
4285.39515,0.54454
4281.53791,0.54387
4277.68066,0.54277
4273.82342,0.54128
4269.96618,0.53909
4266.10894,0.53639
4262.25170,0.53391
4258.39446,0.53232
4254.53722,0.53184
4250.67997,0.53219
4246.82273,0.53261
4242.96549,0.53224
4239.10825,0.53093
4235.25101,0.52935
4231.39377,0.52818
4227.53653,0.52723
4223.67929,0.52562
4219.82204,0.52288
4215.96480,0.51953
4212.10756,0.51628
4208.25032,0.51352
4204.39308,0.51121
4200.53584,0.50929
4196.67860,0.50825
4192.82135,0.50894
4188.96411,0.51182
4185.10687,0.51658
4181.24963,0.52145
4177.39239,0.52360
4173.53515,0.52130
4169.67791,0.51538
4165.82066,0.50832
4161.96342,0.50229
4158.10618,0.49829
4154.24894,0.49640
4150.39170,0.49645
4146.53446,0.49836
4142.67722,0.50197
4138.81998,0.50672
4134.96273,0.51150
4131.10549,0.51534
4127.24825,0.51829
4123.39101,0.52126
4119.53377,0.52524
4115.67653,0.53085
4111.81929,0.53844
4107.96204,0.54831
4104.10480,0.56112
4100.24756,0.57799
4096.39032,0.59781
4092.53308,0.61430
4088.67584,0.62023
4084.81860,0.61479
4080.96135,0.60267
4077.10411,0.58899
4073.24687,0.57758
4069.38963,0.57023
4065.53239,0.56658
4061.67515,0.56534
4057.81791,0.56567
4053.96067,0.56716
4050.10342,0.56914
4046.24618,0.57083
4042.38894,0.57193
4038.53170,0.57253
4034.67446,0.57281
4030.81722,0.57304
4026.95998,0.57336
4023.10273,0.57357
4019.24549,0.57341
4015.38825,0.57277
4011.53101,0.57159
4007.67377,0.56980
4003.81653,0.56749
3999.95929,0.56479
3996.10205,0.56180
3992.24480,0.55870
3988.38756,0.55587
3984.53032,0.55363
3980.67308,0.55195
3976.81584,0.55061
3972.95860,0.54924
3969.10136,0.54731
3965.24411,0.54461
3961.38687,0.54153
3957.52963,0.53854
3953.67239,0.53569
3949.81515,0.53279
3945.95791,0.52988
3942.10067,0.52703
3938.24342,0.52434
3934.38618,0.52189
3930.52894,0.51983
3926.67170,0.51810
3922.81446,0.51629
3918.95722,0.51420
3915.09998,0.51203
3911.24274,0.50982
3907.38549,0.50711
3903.52825,0.50335
3899.67101,0.49914
3895.81377,0.49553
3891.95653,0.49238
3888.09929,0.48959
3884.24205,0.48736
3880.38480,0.48567
3876.52756,0.48405
3872.67032,0.48167
3868.81308,0.47840
3864.95584,0.47505
3861.09860,0.47208
3857.24136,0.46916
3853.38411,0.46606
3849.52687,0.46378
3845.66963,0.46236
3841.81239,0.46105
3837.95515,0.46008
3834.09791,0.45961
3830.24067,0.45924
3826.38343,0.45911
3822.52618,0.45999
3818.66894,0.46265
3814.81170,0.46623
3810.95446,0.46899
3807.09722,0.47023
3803.23998,0.46971
3799.38274,0.46778
3795.52549,0.46553
3791.66825,0.46381
3787.81101,0.46300
3783.95377,0.46329
3780.09653,0.46466
3776.23929,0.46671
3772.38205,0.46909
3768.52481,0.47204
3764.66756,0.47546
3760.81032,0.47830
3756.95308,0.47922
3753.09584,0.47743
3749.23860,0.47404
3745.38136,0.47212
3741.52412,0.47292
3737.66687,0.47582
3733.80963,0.48004
3729.95239,0.48298
3726.09515,0.48370
3722.23791,0.48406
3718.38067,0.48568
3714.52343,0.48919
3710.66618,0.49576
3706.80894,0.50500
3702.95170,0.51592
3699.09446,0.52900
3695.23722,0.54399
3691.37998,0.56306
3687.52274,0.58481
3683.66550,0.59940
3679.80825,0.60760
3675.95101,0.61708
3672.09377,0.63306
3668.23653,0.65261
3664.37929,0.67076
3660.52205,0.68753
3656.66481,0.70409
3652.80756,0.72079
3648.95032,0.74023
3645.09308,0.76059
3641.23584,0.77503
3637.37860,0.78544
3633.52136,0.79519
3629.66412,0.80529
3625.80687,0.81437
3621.94963,0.82117
3618.09239,0.82848
3614.23515,0.83561
3610.37791,0.84307
3606.52067,0.85235
3602.66343,0.86080
3598.80619,0.86721
