12493.60475,0.11065
12489.74751,0.11076
12485.89027,0.10981
12482.03303,0.10798
12478.17579,0.10839
12474.31855,0.10930
12470.46130,0.10932
12466.60406,0.11054
12462.74682,0.11074
12458.88958,0.10811
12455.03234,0.10694
12451.17510,0.10986
12447.31786,0.11251
12443.46062,0.11187
12439.60337,0.11078
12435.74613,0.11083
12431.88889,0.11120
12428.03165,0.11196
12424.17441,0.11303
12420.31717,0.11386
12416.45993,0.11445
12412.60268,0.11506
12408.74544,0.11475
12404.88820,0.11351
12401.03096,0.11391
12397.17372,0.11528
12393.31648,0.11425
12389.45924,0.11201
12385.60199,0.11195
12381.74475,0.11372
12377.88751,0.11515
12374.03027,0.11507
12370.17303,0.11384
12366.31579,0.11262
12362.45855,0.11101
12358.60131,0.10838
12354.74406,0.10643
12350.88682,0.10695
12347.02958,0.10857
12343.17234,0.10931
12339.31510,0.10930
12335.45786,0.10889
12331.60062,0.10935
12327.74337,0.11051
12323.88613,0.10956
12320.02889,0.10906
12316.17165,0.11187
12312.31441,0.11343
12308.45717,0.11153
12304.59993,0.10919
12300.74268,0.10792
12296.88544,0.10785
12293.02820,0.10905
12289.17096,0.11113
12285.31372,0.11370
12281.45648,0.11567
12277.59924,0.11552
12273.74200,0.11384
12269.88475,0.11254
12266.02751,0.11176
12262.17027,0.11130
12258.31303,0.11192
12254.45579,0.11328
12250.59855,0.11335
12246.74131,0.11083
12242.88406,0.10812
12239.02682,0.10771
12235.16958,0.10851
12231.31234,0.10981
12227.45510,0.11140
12223.59786,0.11170
12219.74062,0.11127
12215.88338,0.11241
12212.02613,0.11455
12208.16889,0.11510
12204.31165,0.11346
12200.45441,0.11012
12196.59717,0.10700
12192.73993,0.10739
12188.88269,0.11012
12185.02544,0.11159
12181.16820,0.11152
12177.31096,0.11100
12173.45372,0.11064
12169.59648,0.11110
12165.73924,0.11195
12161.88200,0.11121
12158.02475,0.10817
12154.16751,0.10546
12150.31027,0.10448
12146.45303,0.10296
12142.59579,0.10133
12138.73855,0.10214
12134.88131,0.10408
12131.02407,0.10546
12127.16682,0.10550
12123.30958,0.10338
12119.45234,0.10142
12115.59510,0.10211
12111.73786,0.10427
12107.88062,0.10522
12104.02338,0.10521
12100.16613,0.10689
12096.30889,0.10908
12092.45165,0.10921
12088.59441,0.10866
12084.73717,0.10823
12080.87993,0.10725
12077.02269,0.10750
12073.16544,0.10918
12069.30820,0.10957
12065.45096,0.10828
12061.59372,0.10619
12057.73648,0.10411
12053.87924,0.10358
12050.02200,0.10465
12046.16476,0.10625
12042.30751,0.10754
12038.45027,0.10824
12034.59303,0.10883
12030.73579,0.10969
12026.87855,0.11064
12023.02131,0.11142
12019.16407,0.11259
12015.30682,0.11335
12011.44958,0.11212
12007.59234,0.11103
12003.73510,0.11149
11999.87786,0.11172
11996.02062,0.11230
11992.16338,0.11433
11988.30614,0.11598
11984.44889,0.11488
11980.59165,0.11184
11976.73441,0.11079
11972.87717,0.11296
11969.01993,0.11509
11965.16269,0.11511
11961.30545,0.11478
11957.44820,0.11567
11953.59096,0.11564
11949.73372,0.11351
11945.87648,0.11284
11942.01924,0.11442
11938.16200,0.11488
11934.30476,0.11364
11930.44751,0.11224
11926.59027,0.11185
11922.73303,0.11290
11918.87579,0.11402
11915.01855,0.11427
11911.16131,0.11448
11907.30407,0.11451
11903.44683,0.11333
11899.58958,0.11189
11895.73234,0.11156
11891.87510,0.11132
11888.01786,0.11032
11884.16062,0.11002
11880.30338,0.11166
11876.44614,0.11470
11872.58889,0.11724
11868.73165,0.11757
11864.87441,0.11653
11861.01717,0.11582
11857.15993,0.11590
11853.30269,0.11694
11849.44545,0.11801
11845.58820,0.11840
11841.73096,0.11892
11837.87372,0.11973
11834.01648,0.11941
11830.15924,0.11722
11826.30200,0.11513
11822.44476,0.11450
11818.58752,0.11446
11814.73027,0.11466
11810.87303,0.11465
11807.01579,0.11459
11803.15855,0.11594
11799.30131,0.11730
11795.44407,0.11612
11791.58683,0.11364
11787.72958,0.11298
11783.87234,0.11426
11780.01510,0.11515
11776.15786,0.11511
11772.30062,0.11529
11768.44338,0.11575
11764.58614,0.11592
11760.72890,0.11576
11756.87165,0.11559
11753.01441,0.11588
11749.15717,0.11642
11745.29993,0.11657
11741.44269,0.11609
11737.58545,0.11540
11733.72821,0.11523
11729.87096,0.11574
11726.01372,0.11634
11722.15648,0.11627
11718.29924,0.11586
11714.44200,0.11591
11710.58476,0.11627
11706.72752,0.11673
11702.87027,0.11726
11699.01303,0.11725
11695.15579,0.11657
11691.29855,0.11616
11687.44131,0.11659
11683.58407,0.11702
11679.72683,0.11628
11675.86959,0.11506
11672.01234,0.11509
11668.15510,0.11629
11664.29786,0.11689
11660.44062,0.11595
11656.58338,0.11493
11652.72614,0.11478
11648.86890,0.11438
11645.01165,0.11411
11641.15441,0.11522
11637.29717,0.11650
11633.43993,0.11607
11629.58269,0.11436
11625.72545,0.11360
11621.86821,0.11459
11618.01096,0.11519
11614.15372,0.11381
11610.29648,0.11212
11606.43924,0.11182
11602.58200,0.11219
11598.72476,0.11280
11594.86752,0.11376
11591.01028,0.11453
11587.15303,0.11455
11583.29579,0.11327
11579.43855,0.11109
11575.58131,0.11052
11571.72407,0.11285
11567.86683,0.11467
11564.00959,0.11302
11560.15234,0.11088
11556.29510,0.11208
11552.43786,0.11551
11548.58062,0.11727
11544.72338,0.11592
11540.86614,0.11465
11537.00890,0.11612
11533.15166,0.11785
11529.29441,0.11628
11525.43717,0.11308
11521.57993,0.11312
11517.72269,0.11595
11513.86545,0.11701
11510.00821,0.11596
11506.15097,0.11577
11502.29372,0.11702
11498.43648,0.11745
11494.57924,0.11602
11490.72200,0.11486
11486.86476,0.11539
11483.00752,0.11582
11479.15028,0.11511
11475.29303,0.11494
11471.43579,0.11563
11467.57855,0.11619
11463.72131,0.11660
11459.86407,0.11644
11456.00683,0.11538
11452.14959,0.11457
11448.29235,0.11466
11444.43510,0.11462
11440.57786,0.11405
11436.72062,0.11321
11432.86338,0.11190
11429.00614,0.11082
11425.14890,0.11052
11421.29166,0.11087
11417.43441,0.11196
11413.57717,0.11286
11409.71993,0.11219
11405.86269,0.11069
11402.00545,0.11061
11398.14821,0.11168
11394.29097,0.11202
11390.43372,0.11129
11386.57648,0.11021
11382.71924,0.11073
11378.86200,0.11309
11375.00476,0.11393
11371.14752,0.11233
11367.29028,0.11109
11363.43304,0.11176
11359.57579,0.11424
11355.71855,0.11662
11351.86131,0.11604
11348.00407,0.11370
11344.14683,0.11239
11340.28959,0.11206
11336.43235,0.11209
11332.57510,0.11205
11328.71786,0.11162
11324.86062,0.11167
11321.00338,0.11257
11317.14614,0.11285
11313.28890,0.11178
11309.43166,0.11110
11305.57442,0.11139
11301.71717,0.11132
11297.85993,0.11076
11294.00269,0.11059
11290.14545,0.11144
11286.28821,0.11273
11282.43097,0.11278
11278.57373,0.11143
11274.71648,0.11093
11270.85924,0.11184
11267.00200,0.11225
11263.14476,0.11226
11259.28752,0.11280
11255.43028,0.11244
11251.57304,0.11093
11247.71579,0.11019
11243.85855,0.11052
11240.00131,0.11109
11236.14407,0.11157
11232.28683,0.11134
11228.42959,0.11058
11224.57235,0.11035
11220.71511,0.11045
11216.85786,0.11014
11213.00062,0.10927
11209.14338,0.10813
11205.28614,0.10742
11201.42890,0.10784
11197.57166,0.10947
11193.71442,0.11123
11189.85717,0.11174
11185.99993,0.11090
11182.14269,0.10995
11178.28545,0.10993
11174.42821,0.11034
11170.57097,0.11066
11166.71373,0.11079
11162.85648,0.11005
11158.99924,0.10881
11155.14200,0.10858
11151.28476,0.10959
11147.42752,0.11092
11143.57028,0.11174
11139.71304,0.11165
11135.85580,0.11079
11131.99855,0.11010
11128.14131,0.11034
11124.28407,0.11108
11120.42683,0.11163
11116.56959,0.11184
11112.71235,0.11183
11108.85511,0.11173
11104.99786,0.11146
11101.14062,0.11071
11097.28338,0.10971
11093.42614,0.10926
11089.56890,0.10950
11085.71166,0.10994
11081.85442,0.11058
11077.99718,0.11143
11074.13993,0.11160
11070.28269,0.11090
11066.42545,0.11082
11062.56821,0.11163
11058.71097,0.11189
11054.85373,0.11153
11050.99649,0.11143
11047.13924,0.11133
11043.28200,0.11081
11039.42476,0.11007
11035.56752,0.10996
11031.71028,0.11097
11027.85304,0.11208
11023.99580,0.11205
11020.13855,0.11140
11016.28131,0.11125
11012.42407,0.11151
11008.56683,0.11163
11004.70959,0.11129
11000.85235,0.11085
10996.99511,0.11116
10993.13787,0.11194
10989.28062,0.11241
10985.42338,0.11250
10981.56614,0.11228
10977.70890,0.11200
10973.85166,0.11182
10969.99442,0.11164
10966.13718,0.11130
10962.27993,0.11075
10958.42269,0.11042
10954.56545,0.11047
10950.70821,0.11061
10946.85097,0.11073
10942.99373,0.11077
10939.13649,0.11045
10935.27924,0.11003
10931.42200,0.10989
10927.56476,0.10998
10923.70752,0.11040
10919.85028,0.11095
10915.99304,0.11085
10912.13580,0.11019
10908.27856,0.10973
10904.42131,0.10940
10900.56407,0.10880
10896.70683,0.10879
10892.84959,0.10980
10888.99235,0.11036
10885.13511,0.10971
10881.27787,0.10891
10877.42062,0.10876
10873.56338,0.10879
10869.70614,0.10839
10865.84890,0.10761
10861.99166,0.10688
10858.13442,0.10687
10854.27718,0.10755
10850.41993,0.10805
10846.56269,0.10783
10842.70545,0.10719
10838.84821,0.10654
10834.99097,0.10590
10831.13373,0.10561
10827.27649,0.10569
10823.41925,0.10558
10819.56200,0.10541
10815.70476,0.10558
10811.84752,0.10617
10807.99028,0.10697
10804.13304,0.10728
10800.27580,0.10672
10796.41856,0.10604
10792.56131,0.10599
10788.70407,0.10634
10784.84683,0.10667
10780.98959,0.10672
10777.13235,0.10642
10773.27511,0.10633
10769.41787,0.10689
10765.56063,0.10764
10761.70338,0.10797
10757.84614,0.10798
10753.98890,0.10815
10750.13166,0.10871
10746.27442,0.10943
10742.41718,0.10970
10738.55994,0.10911
10734.70269,0.10813
10730.84545,0.10786
10726.98821,0.10823
10723.13097,0.10820
10719.27373,0.10766
10715.41649,0.10739
10711.55925,0.10746
10707.70200,0.10740
10703.84476,0.10722
10699.98752,0.10712
10696.13028,0.10714
10692.27304,0.10724
10688.41580,0.10697
10684.55856,0.10663
10680.70132,0.10702
10676.84407,0.10768
10672.98683,0.10794
10669.12959,0.10783
10665.27235,0.10757
10661.41511,0.10756
10657.55787,0.10787
10653.70063,0.10791
10649.84338,0.10727
10645.98614,0.10638
10642.12890,0.10604
10638.27166,0.10637
10634.41442,0.10676
10630.55718,0.10704
10626.69994,0.10744
10622.84269,0.10752
10618.98545,0.10721
10615.12821,0.10724
10611.27097,0.10757
10607.41373,0.10774
10603.55649,0.10764
10599.69925,0.10744
10595.84201,0.10735
10591.98476,0.10721
10588.12752,0.10667
10584.27028,0.10593
10580.41304,0.10557
10576.55580,0.10583
10572.69856,0.10597
10568.84132,0.10530
10564.98407,0.10444
10561.12683,0.10398
10557.26959,0.10383
10553.41235,0.10413
10549.55511,0.10436
10545.69787,0.10393
10541.84063,0.10315
10537.98339,0.10275
10534.12614,0.10314
10530.26890,0.10373
10526.41166,0.10366
10522.55442,0.10318
10518.69718,0.10306
10514.83994,0.10332
10510.98270,0.10356
10507.12545,0.10371
10503.26821,0.10393
10499.41097,0.10418
10495.55373,0.10415
10491.69649,0.10388
10487.83925,0.10381
10483.98201,0.10396
10480.12476,0.10403
10476.26752,0.10382
10472.41028,0.10363
10468.55304,0.10385
10464.69580,0.10410
10460.83856,0.10392
10456.98132,0.10382
10453.12408,0.10434
10449.26683,0.10502
10445.40959,0.10495
10441.55235,0.10422
10437.69511,0.10363
10433.83787,0.10347
10429.98063,0.10341
10426.12339,0.10336
10422.26614,0.10351
10418.40890,0.10369
10414.55166,0.10351
10410.69442,0.10311
10406.83718,0.10292
10402.97994,0.10308
10399.12270,0.10326
10395.26545,0.10328
10391.40821,0.10327
10387.55097,0.10315
10383.69373,0.10289
10379.83649,0.10284
10375.97925,0.10298
10372.12201,0.10304
10368.26477,0.10324
10364.40752,0.10373
10360.55028,0.10408
10356.69304,0.10389
10352.83580,0.10359
10348.97856,0.10360
10345.12132,0.10396
10341.26408,0.10437
10337.40683,0.10420
10333.54959,0.10372
10329.69235,0.10386
10325.83511,0.10430
10321.97787,0.10444
10318.12063,0.10448
10314.26339,0.10430
10310.40615,0.10387
10306.54890,0.10372
10302.69166,0.10392
10298.83442,0.10404
10294.97718,0.10390
10291.11994,0.10368
10287.26270,0.10387
10283.40546,0.10434
10279.54821,0.10447
10275.69097,0.10428
10271.83373,0.10418
10267.97649,0.10404
10264.11925,0.10396
10260.26201,0.10413
10256.40477,0.10429
10252.54752,0.10450
10248.69028,0.10471
10244.83304,0.10457
10240.97580,0.10434
10237.11856,0.10431
10233.26132,0.10414
10229.40408,0.10383
10225.54684,0.10379
10221.68959,0.10381
10217.83235,0.10370
10213.97511,0.10397
10210.11787,0.10463
10206.26063,0.10520
10202.40339,0.10533
10198.54615,0.10502
10194.68890,0.10461
10190.83166,0.10427
10186.97442,0.10410
10183.11718,0.10426
10179.25994,0.10444
10175.40270,0.10438
10171.54546,0.10436
10167.68821,0.10449
10163.83097,0.10475
10159.97373,0.10534
10156.11649,0.10588
10152.25925,0.10572
10148.40201,0.10520
10144.54477,0.10513
10140.68753,0.10560
10136.83028,0.10613
10132.97304,0.10638
10129.11580,0.10636
10125.25856,0.10615
10121.40132,0.10605
10117.54408,0.10641
10113.68684,0.10670
10109.82959,0.10622
10105.97235,0.10544
10102.11511,0.10504
10098.25787,0.10497
10094.40063,0.10493
10090.54339,0.10493
10086.68615,0.10502
10082.82891,0.10513
10078.97166,0.10522
10075.11442,0.10531
10071.25718,0.10544
10067.39994,0.10563
10063.54270,0.10558
10059.68546,0.10522
10055.82822,0.10491
10051.97097,0.10486
10048.11373,0.10498
10044.25649,0.10529
10040.39925,0.10579
10036.54201,0.10618
10032.68477,0.10628
10028.82753,0.10637
10024.97028,0.10656
10021.11304,0.10660
10017.25580,0.10637
10013.39856,0.10594
10009.54132,0.10546
10005.68408,0.10516
10001.82684,0.10504
9997.96960,0.10514
9994.11235,0.10537
9990.25511,0.10548
9986.39787,0.10562
9982.54063,0.10581
9978.68339,0.10579
9974.82615,0.10567
9970.96891,0.10567
9967.11166,0.10591
9963.25442,0.10629
9959.39718,0.10656
9955.53994,0.10663
9951.68270,0.10644
9947.82546,0.10610
9943.96822,0.10601
9940.11097,0.10625
9936.25373,0.10658
9932.39649,0.10690
9928.53925,0.10721
9924.68201,0.10722
9920.82477,0.10662
9916.96753,0.10571
9913.11029,0.10514
9909.25304,0.10518
9905.39580,0.10551
9901.53856,0.10580
9897.68132,0.10613
9893.82408,0.10649
9889.96684,0.10665
9886.10960,0.10668
9882.25235,0.10664
9878.39511,0.10649
9874.53787,0.10637
9870.68063,0.10622
9866.82339,0.10584
9862.96615,0.10540
9859.10891,0.10511
9855.25167,0.10509
9851.39442,0.10554
9847.53718,0.10611
9843.67994,0.10642
9839.82270,0.10660
9835.96546,0.10653
9832.10822,0.10617
9828.25098,0.10580
9824.39373,0.10558
9820.53649,0.10578
9816.67925,0.10614
9812.82201,0.10607
9808.96477,0.10595
9805.10753,0.10597
9801.25029,0.10582
9797.39304,0.10581
9793.53580,0.10593
9789.67856,0.10593
9785.82132,0.10596
9781.96408,0.10598
9778.10684,0.10580
9774.24960,0.10549
9770.39236,0.10520
9766.53511,0.10516
9762.67787,0.10542
9758.82063,0.10562
9754.96339,0.10546
9751.10615,0.10518
9747.24891,0.10514
9743.39167,0.10521
9739.53442,0.10506
9735.67718,0.10477
9731.81994,0.10442
9727.96270,0.10418
9724.10546,0.10429
9720.24822,0.10460
9716.39098,0.10485
9712.53373,0.10480
9708.67649,0.10450
9704.81925,0.10438
9700.96201,0.10462
9697.10477,0.10479
9693.24753,0.10469
9689.39029,0.10461
9685.53305,0.10469
9681.67580,0.10458
9677.81856,0.10395
9673.96132,0.10341
9670.10408,0.10353
9666.24684,0.10369
9662.38960,0.10358
9658.53236,0.10375
9654.67511,0.10420
9650.81787,0.10442
9646.96063,0.10430
9643.10339,0.10399
9639.24615,0.10376
9635.38891,0.10393
9631.53167,0.10428
9627.67443,0.10432
9623.81718,0.10410
9619.95994,0.10384
9616.10270,0.10354
9612.24546,0.10326
9608.38822,0.10318
9604.53098,0.10326
9600.67374,0.10326
9596.81649,0.10309
9592.95925,0.10296
9589.10201,0.10299
9585.24477,0.10286
9581.38753,0.10255
9577.53029,0.10245
9573.67305,0.10261
9569.81580,0.10279
9565.95856,0.10292
9562.10132,0.10306
9558.24408,0.10310
9554.38684,0.10302
9550.52960,0.10308
9546.67236,0.10313
9542.81512,0.10297
9538.95787,0.10299
9535.10063,0.10322
9531.24339,0.10323
9527.38615,0.10314
9523.52891,0.10317
9519.67167,0.10307
9515.81443,0.10271
9511.95718,0.10237
9508.09994,0.10218
9504.24270,0.10213
9500.38546,0.10233
9496.52822,0.10268
9492.67098,0.10270
9488.81374,0.10237
9484.95649,0.10211
9481.09925,0.10203
9477.24201,0.10191
9473.38477,0.10173
9469.52753,0.10167
9465.67029,0.10168
9461.81305,0.10161
9457.95581,0.10142
9454.09856,0.10131
9450.24132,0.10147
9446.38408,0.10179
9442.52684,0.10212
9438.66960,0.10231
9434.81236,0.10235
9430.95512,0.10235
9427.09787,0.10235
9423.24063,0.10234
9419.38339,0.10210
9415.52615,0.10163
9411.66891,0.10141
9407.81167,0.10160
9403.95443,0.10180
9400.09719,0.10175
9396.23994,0.10161
9392.38270,0.10152
9388.52546,0.10152
9384.66822,0.10163
9380.81098,0.10184
9376.95374,0.10186
9373.09650,0.10164
9369.23925,0.10148
9365.38201,0.10147
9361.52477,0.10140
9357.66753,0.10118
9353.81029,0.10110
9349.95305,0.10129
9346.09581,0.10143
9342.23856,0.10142
9338.38132,0.10141
9334.52408,0.10137
9330.66684,0.10126
9326.80960,0.10122
9322.95236,0.10124
9319.09512,0.10132
9315.23788,0.10143
9311.38063,0.10139
9307.52339,0.10124
9303.66615,0.10122
9299.80891,0.10131
9295.95167,0.10143
9292.09443,0.10145
9288.23719,0.10136
9284.37994,0.10132
9280.52270,0.10114
9276.66546,0.10071
9272.80822,0.10043
9268.95098,0.10056
9265.09374,0.10101
9261.23650,0.10140
9257.37925,0.10145
9253.52201,0.10138
9249.66477,0.10136
9245.80753,0.10126
9241.95029,0.10121
9238.09305,0.10127
9234.23581,0.10132
9230.37857,0.10134
9226.52132,0.10126
9222.66408,0.10115
9218.80684,0.10125
9214.94960,0.10141
9211.09236,0.10136
9207.23512,0.10121
9203.37788,0.10120
9199.52063,0.10137
9195.66339,0.10141
9191.80615,0.10109
9187.94891,0.10071
9184.09167,0.10069
9180.23443,0.10096
9176.37719,0.10119
9172.51995,0.10126
9168.66270,0.10120
9164.80546,0.10126
9160.94822,0.10146
9157.09098,0.10145
9153.23374,0.10128
9149.37650,0.10128
9145.51926,0.10133
9141.66201,0.10119
9137.80477,0.10095
9133.94753,0.10091
9130.09029,0.10101
9126.23305,0.10103
9122.37581,0.10110
9118.51857,0.10134
9114.66132,0.10155
9110.80408,0.10159
9106.94684,0.10159
9103.08960,0.10170
9099.23236,0.10176
9095.37512,0.10162
9091.51788,0.10149
9087.66064,0.10156
9083.80339,0.10161
9079.94615,0.10160
9076.08891,0.10170
9072.23167,0.10188
9068.37443,0.10199
9064.51719,0.10201
9060.65995,0.10196
9056.80270,0.10194
9052.94546,0.10200
9049.08822,0.10206
9045.23098,0.10218
9041.37374,0.10249
9037.51650,0.10279
9033.65926,0.10288
9029.80201,0.10282
9025.94477,0.10283
9022.08753,0.10301
9018.23029,0.10324
9014.37305,0.10343
9010.51581,0.10361
9006.65857,0.10379
9002.80133,0.10393
8998.94408,0.10413
8995.08684,0.10451
8991.22960,0.10495
8987.37236,0.10520
8983.51512,0.10541
8979.65788,0.10577
8975.80064,0.10618
8971.94339,0.10649
8968.08615,0.10685
8964.22891,0.10741
8960.37167,0.10803
8956.51443,0.10858
8952.65719,0.10913
8948.79995,0.10959
8944.94271,0.10993
8941.08546,0.11043
8937.22822,0.11123
8933.37098,0.11206
8929.51374,0.11286
8925.65650,0.11383
8921.79926,0.11485
8917.94202,0.11563
8914.08477,0.11625
8910.22753,0.11702
8906.37029,0.11807
8902.51305,0.11928
8898.65581,0.12045
8894.79857,0.12155
8890.94133,0.12264
8887.08408,0.12369
8883.22684,0.12460
8879.36960,0.12544
8875.51236,0.12645
8871.65512,0.12745
8867.79788,0.12803
8863.94064,0.12824
8860.08340,0.12832
8856.22615,0.12833
8852.36891,0.12828
8848.51167,0.12817
8844.65443,0.12793
8840.79719,0.12755
8836.93995,0.12701
8833.08271,0.12643
8829.22546,0.12599
8825.36822,0.12542
8821.51098,0.12452
8817.65374,0.12350
8813.79650,0.12245
8809.93926,0.12134
8806.08202,0.12024
8802.22477,0.11916
8798.36753,0.11807
8794.51029,0.11709
8790.65305,0.11624
8786.79581,0.11542
8782.93857,0.11456
8779.08133,0.11378
8775.22409,0.11311
8771.36684,0.11250
8767.50960,0.11194
8763.65236,0.11150
8759.79512,0.11124
8755.93788,0.11104
8752.08064,0.11088
8748.22340,0.11082
8744.36615,0.11078
8740.50891,0.11067
8736.65167,0.11056
8732.79443,0.11049
8728.93719,0.11036
8725.07995,0.11025
8721.22271,0.11027
8717.36547,0.11035
8713.50822,0.11047
8709.65098,0.11072
8705.79374,0.11103
8701.93650,0.11119
8698.07926,0.11127
8694.22202,0.11142
8690.36478,0.11157
8686.50753,0.11164
8682.65029,0.11170
8678.79305,0.11182
8674.93581,0.11195
8671.07857,0.11200
8667.22133,0.11206
8663.36409,0.11225
8659.50684,0.11246
8655.64960,0.11273
8651.79236,0.11310
8647.93512,0.11351
8644.07788,0.11403
8640.22064,0.11456
8636.36340,0.11488
8632.50616,0.11508
8628.64891,0.11531
8624.79167,0.11552
8620.93443,0.11560
8617.07719,0.11568
8613.21995,0.11584
8609.36271,0.11607
8605.50547,0.11653
8601.64822,0.11714
8597.79098,0.11756
8593.93374,0.11772
8590.07650,0.11779
8586.21926,0.11791
8582.36202,0.11819
8578.50478,0.11860
8574.64753,0.11901
8570.79029,0.11933
8566.93305,0.11952
8563.07581,0.11954
8559.21857,0.11950
8555.36133,0.11966
8551.50409,0.12004
8547.64685,0.12045
8543.78960,0.12071
8539.93236,0.12086
8536.07512,0.12107
8532.21788,0.12135
8528.36064,0.12157
8524.50340,0.12179
8520.64616,0.12204
8516.78891,0.12225
8512.93167,0.12239
8509.07443,0.12255
8505.21719,0.12274
8501.35995,0.12284
8497.50271,0.12286
8493.64547,0.12284
8489.78822,0.12274
8485.93098,0.12273
8482.07374,0.12300
8478.21650,0.12326
8474.35926,0.12323
8470.50202,0.12305
8466.64478,0.12289
8462.78754,0.12276
8458.93029,0.12272
8455.07305,0.12273
8451.21581,0.12261
8447.35857,0.12237
8443.50133,0.12203
8439.64409,0.12165
8435.78685,0.12144
8431.92960,0.12144
8428.07236,0.12151
8424.21512,0.12155
8420.35788,0.12157
8416.50064,0.12161
8412.64340,0.12168
8408.78616,0.12165
8404.92892,0.12142
8401.07167,0.12114
8397.21443,0.12091
8393.35719,0.12060
8389.49995,0.12026
8385.64271,0.12001
8381.78547,0.11987
8377.92823,0.11985
8374.07098,0.11993
8370.21374,0.11992
8366.35650,0.11973
8362.49926,0.11957
8358.64202,0.11965
8354.78478,0.11981
8350.92754,0.11983
8347.07029,0.11959
8343.21305,0.11933
8339.35581,0.11916
8335.49857,0.11896
8331.64133,0.11872
8327.78409,0.11855
8323.92685,0.11856
8320.06961,0.11871
8316.21236,0.11881
8312.35512,0.11874
8308.49788,0.11860
8304.64064,0.11859
8300.78340,0.11869
8296.92616,0.11869
8293.06892,0.11861
8289.21167,0.11869
8285.35443,0.11890
8281.49719,0.11901
8277.63995,0.11901
8273.78271,0.11896
8269.92547,0.11890
8266.06823,0.11883
8262.21098,0.11878
8258.35374,0.11878
8254.49650,0.11883
8250.63926,0.11895
8246.78202,0.11911
8242.92478,0.11913
8239.06754,0.11901
8235.21030,0.11890
8231.35305,0.11892
8227.49581,0.11907
8223.63857,0.11916
8219.78133,0.11903
8215.92409,0.11889
8212.06685,0.11892
8208.20961,0.11899
8204.35236,0.11896
8200.49512,0.11888
8196.63788,0.11880
8192.78064,0.11867
8188.92340,0.11844
8185.06616,0.11818
8181.20892,0.11795
8177.35168,0.11781
8173.49443,0.11777
8169.63719,0.11771
8165.77995,0.11756
8161.92271,0.11750
8158.06547,0.11753
8154.20823,0.11751
8150.35099,0.11738
8146.49374,0.11722
8142.63650,0.11710
8138.77926,0.11694
8134.92202,0.11662
8131.06478,0.11627
8127.20754,0.11609
8123.35030,0.11607
8119.49305,0.11610
8115.63581,0.11609
8111.77857,0.11603
8107.92133,0.11588
8104.06409,0.11564
8100.20685,0.11538
8096.34961,0.11519
8092.49237,0.11503
8088.63512,0.11482
8084.77788,0.11455
8080.92064,0.11434
8077.06340,0.11426
8073.20616,0.11426
8069.34892,0.11424
8065.49168,0.11406
8061.63443,0.11378
8057.77719,0.11360
8053.91995,0.11353
8050.06271,0.11345
8046.20547,0.11329
8042.34823,0.11311
8038.49099,0.11293
8034.63374,0.11277
8030.77650,0.11261
8026.91926,0.11252
8023.06202,0.11249
8019.20478,0.11243
8015.34754,0.11232
8011.49030,0.11223
8007.63306,0.11221
8003.77581,0.11224
7999.91857,0.11222
7996.06133,0.11211
7992.20409,0.11198
7988.34685,0.11196
7984.48961,0.11200
7980.63237,0.11195
7976.77512,0.11182
7972.91788,0.11170
7969.06064,0.11162
7965.20340,0.11163
7961.34616,0.11171
7957.48892,0.11169
7953.63168,0.11152
7949.77444,0.11140
7945.91719,0.11137
7942.05995,0.11129
7938.20271,0.11121
7934.34547,0.11118
7930.48823,0.11114
7926.63099,0.11110
7922.77375,0.11104
7918.91650,0.11096
7915.05926,0.11088
7911.20202,0.11086
7907.34478,0.11089
7903.48754,0.11098
7899.63030,0.11110
7895.77306,0.11119
7891.91581,0.11120
7888.05857,0.11117
7884.20133,0.11121
7880.34409,0.11133
7876.48685,0.11132
7872.62961,0.11129
7868.77237,0.11135
7864.91513,0.11131
7861.05788,0.11112
7857.20064,0.11101
7853.34340,0.11109
7849.48616,0.11116
7845.62892,0.11108
7841.77168,0.11095
7837.91444,0.11084
7834.05719,0.11068
7830.19995,0.11046
7826.34271,0.11025
7822.48547,0.11010
7818.62823,0.11007
7814.77099,0.11020
7810.91375,0.11031
7807.05650,0.11026
7803.19926,0.11018
7799.34202,0.11009
7795.48478,0.10985
7791.62754,0.10961
7787.77030,0.10963
7783.91306,0.10969
7780.05582,0.10951
7776.19857,0.10934
7772.34133,0.10934
7768.48409,0.10923
7764.62685,0.10903
7760.76961,0.10898
7756.91237,0.10900
7753.05513,0.10899
7749.19788,0.10895
7745.34064,0.10878
7741.48340,0.10848
7737.62616,0.10824
7733.76892,0.10809
7729.91168,0.10805
7726.05444,0.10799
7722.19720,0.10778
7718.33995,0.10750
7714.48271,0.10736
7710.62547,0.10751
7706.76823,0.10767
7702.91099,0.10752
7699.05375,0.10729
7695.19651,0.10714
7691.33926,0.10695
7687.48202,0.10686
7683.62478,0.10700
7679.76754,0.10719
7675.91030,0.10723
7672.05306,0.10715
7668.19582,0.10714
7664.33857,0.10718
7660.48133,0.10721
7656.62409,0.10726
7652.76685,0.10731
7648.90961,0.10737
7645.05237,0.10748
7641.19513,0.10751
7637.33789,0.10748
7633.48064,0.10755
7629.62340,0.10759
7625.76616,0.10749
7621.90892,0.10743
7618.05168,0.10754
7614.19444,0.10773
7610.33720,0.10795
7606.47995,0.10819
7602.62271,0.10830
7598.76547,0.10826
7594.90823,0.10823
7591.05099,0.10817
7587.19375,0.10808
7583.33651,0.10810
7579.47926,0.10834
7575.62202,0.10861
7571.76478,0.10874
7567.90754,0.10877
7564.05030,0.10886
7560.19306,0.10909
7556.33582,0.10943
7552.47858,0.10976
7548.62133,0.11004
7544.76409,0.11030
7540.90685,0.11049
7537.04961,0.11062
7533.19237,0.11076
7529.33513,0.11091
7525.47789,0.11102
7521.62064,0.11121
7517.76340,0.11143
7513.90616,0.11154
7510.04892,0.11162
7506.19168,0.11180
7502.33444,0.11202
7498.47720,0.11218
7494.61996,0.11243
7490.76271,0.11275
7486.90547,0.11294
7483.04823,0.11306
7479.19099,0.11338
7475.33375,0.11388
7471.47651,0.11435
7467.61927,0.11470
7463.76202,0.11511
7459.90478,0.11573
7456.04754,0.11645
7452.19030,0.11713
7448.33306,0.11781
7444.47582,0.11845
7440.61858,0.11907
7436.76133,0.11976
7432.90409,0.12064
7429.04685,0.12163
7425.18961,0.12253
7421.33237,0.12326
7417.47513,0.12399
7413.61789,0.12486
7409.76065,0.12578
7405.90340,0.12669
7402.04616,0.12755
7398.18892,0.12834
7394.33168,0.12913
7390.47444,0.12998
7386.61720,0.13090
7382.75996,0.13194
7378.90271,0.13308
7375.04547,0.13419
7371.18823,0.13518
7367.33099,0.13616
7363.47375,0.13719
7359.61651,0.13818
7355.75927,0.13906
7351.90202,0.13980
7348.04478,0.14049
7344.18754,0.14125
7340.33030,0.14204
7336.47306,0.14267
7332.61582,0.14320
7328.75858,0.14369
7324.90134,0.14409
7321.04409,0.14435
7317.18685,0.14457
7313.32961,0.14486
7309.47237,0.14515
7305.61513,0.14532
7301.75789,0.14549
7297.90065,0.14572
7294.04340,0.14593
7290.18616,0.14613
7286.32892,0.14637
7282.47168,0.14663
7278.61444,0.14687
7274.75720,0.14711
7270.89996,0.14743
7267.04272,0.14784
7263.18547,0.14822
7259.32823,0.14849
7255.47099,0.14875
7251.61375,0.14911
7247.75651,0.14949
7243.89927,0.14977
7240.04203,0.14996
7236.18478,0.15012
7232.32754,0.15025
7228.47030,0.15035
7224.61306,0.15049
7220.75582,0.15069
7216.89858,0.15097
7213.04134,0.15123
7209.18409,0.15137
7205.32685,0.15146
7201.46961,0.15154
7197.61237,0.15166
7193.75513,0.15186
7189.89789,0.15212
7186.04065,0.15246
7182.18341,0.15284
7178.32616,0.15319
7174.46892,0.15354
7170.61168,0.15400
7166.75444,0.15460
7162.89720,0.15534
7159.03996,0.15619
7155.18272,0.15706
7151.32547,0.15795
7147.46823,0.15893
7143.61099,0.16005
7139.75375,0.16125
7135.89651,0.16237
7132.03927,0.16340
7128.18203,0.16445
7124.32478,0.16557
7120.46754,0.16671
7116.61030,0.16786
7112.75306,0.16896
7108.89582,0.17006
7105.03858,0.17124
7101.18134,0.17248
7097.32410,0.17376
7093.46685,0.17513
7089.60961,0.17658
7085.75237,0.17809
7081.89513,0.17963
7078.03789,0.18121
7074.18065,0.18282
7070.32341,0.18447
7066.46616,0.18614
7062.60892,0.18778
7058.75168,0.18939
7054.89444,0.19095
7051.03720,0.19243
7047.17996,0.19383
7043.32272,0.19522
7039.46548,0.19668
7035.60823,0.19819
7031.75099,0.19962
7027.89375,0.20091
7024.03651,0.20203
7020.17927,0.20309
7016.32203,0.20416
7012.46479,0.20523
7008.60754,0.20632
7004.75030,0.20735
7000.89306,0.20825
6997.03582,0.20906
6993.17858,0.20983
6989.32134,0.21065
6985.46410,0.21149
6981.60685,0.21222
6977.74961,0.21286
6973.89237,0.21355
6970.03513,0.21430
6966.17789,0.21496
6962.32065,0.21550
6958.46341,0.21601
6954.60617,0.21645
6950.74892,0.21682
6946.89168,0.21719
6943.03444,0.21758
6939.17720,0.21795
6935.31996,0.21834
6931.46272,0.21881
6927.60548,0.21936
6923.74823,0.21984
6919.89099,0.22017
6916.03375,0.22049
6912.17651,0.22091
6908.31927,0.22138
6904.46203,0.22184
6900.60479,0.22231
6896.74754,0.22274
6892.89030,0.22312
6889.03306,0.22350
6885.17582,0.22397
6881.31858,0.22453
6877.46134,0.22507
6873.60410,0.22564
6869.74686,0.22630
6865.88961,0.22698
6862.03237,0.22763
6858.17513,0.22826
6854.31789,0.22887
6850.46065,0.22952
6846.60341,0.23021
6842.74617,0.23097
6838.88892,0.23178
6835.03168,0.23257
6831.17444,0.23330
6827.31720,0.23399
6823.45996,0.23473
6819.60272,0.23552
6815.74548,0.23631
6811.88824,0.23712
6808.03099,0.23796
6804.17375,0.23880
6800.31651,0.23968
6796.45927,0.24056
6792.60203,0.24137
6788.74479,0.24221
6784.88755,0.24314
6781.03030,0.24408
6777.17306,0.24495
6773.31582,0.24575
6769.45858,0.24648
6765.60134,0.24721
6761.74410,0.24788
6757.88686,0.24839
6754.02961,0.24877
6750.17237,0.24914
6746.31513,0.24951
6742.45789,0.24982
6738.60065,0.25012
6734.74341,0.25037
6730.88617,0.25052
6727.02893,0.25065
6723.17168,0.25080
6719.31444,0.25089
6715.45720,0.25087
6711.59996,0.25085
6707.74272,0.25091
6703.88548,0.25097
6700.02824,0.25098
6696.17099,0.25097
6692.31375,0.25091
6688.45651,0.25078
6684.59927,0.25065
6680.74203,0.25049
6676.88479,0.25028
6673.02755,0.25006
6669.17030,0.24980
6665.31306,0.24950
6661.45582,0.24918
6657.59858,0.24880
6653.74134,0.24842
6649.88410,0.24808
6646.02686,0.24773
6642.16962,0.24727
6638.31237,0.24678
6634.45513,0.24633
6630.59789,0.24585
6626.74065,0.24529
6622.88341,0.24473
6619.02617,0.24420
6615.16893,0.24367
6611.31168,0.24316
6607.45444,0.24267
6603.59720,0.24217
6599.73996,0.24169
6595.88272,0.24128
6592.02548,0.24092
6588.16824,0.24054
6584.31100,0.24022
6580.45375,0.24001
6576.59651,0.23984
6572.73927,0.23972
6568.88203,0.23963
6565.02479,0.23962
6561.16755,0.23967
6557.31031,0.23971
6553.45306,0.23977
6549.59582,0.23990
6545.73858,0.24000
6541.88134,0.24008
6538.02410,0.24022
6534.16686,0.24040
6530.30962,0.24054
6526.45237,0.24070
6522.59513,0.24089
6518.73789,0.24110
6514.88065,0.24133
6511.02341,0.24149
6507.16617,0.24153
6503.30893,0.24153
6499.45169,0.24159
6495.59444,0.24167
6491.73720,0.24174
6487.87996,0.24179
6484.02272,0.24180
6480.16548,0.24175
6476.30824,0.24160
6472.45100,0.24141
6468.59375,0.24124
6464.73651,0.24105
6460.87927,0.24085
6457.02203,0.24067
6453.16479,0.24047
6449.30755,0.24020
6445.45031,0.23991
6441.59306,0.23960
6437.73582,0.23928
6433.87858,0.23893
6430.02134,0.23853
6426.16410,0.23813
6422.30686,0.23777
6418.44962,0.23744
6414.59238,0.23710
6410.73513,0.23679
6406.87789,0.23651
6403.02065,0.23623
6399.16341,0.23592
6395.30617,0.23566
6391.44893,0.23552
6387.59169,0.23542
6383.73444,0.23528
6379.87720,0.23514
6376.01996,0.23495
6372.16272,0.23472
6368.30548,0.23449
6364.44824,0.23424
6360.59100,0.23395
6356.73376,0.23371
6352.87651,0.23358
6349.01927,0.23350
6345.16203,0.23344
6341.30479,0.23339
6337.44755,0.23337
6333.59031,0.23336
6329.73307,0.23335
6325.87582,0.23333
6322.01858,0.23327
6318.16134,0.23317
6314.30410,0.23308
6310.44686,0.23304
6306.58962,0.23296
6302.73238,0.23277
6298.87513,0.23245
6295.01789,0.23207
6291.16065,0.23168
6287.30341,0.23122
6283.44617,0.23067
6279.58893,0.23007
6275.73169,0.22944
6271.87445,0.22871
6268.01720,0.22790
6264.15996,0.22709
6260.30272,0.22631
6256.44548,0.22551
6252.58824,0.22464
6248.73100,0.22375
6244.87376,0.22283
6241.01651,0.22187
6237.15927,0.22088
6233.30203,0.21986
6229.44479,0.21889
6225.58755,0.21803
6221.73031,0.21731
6217.87307,0.21677
6214.01582,0.21650
6210.15858,0.21652
6206.30134,0.21680
6202.44410,0.21720
6198.58686,0.21745
6194.72962,0.21722
6190.87238,0.21642
6187.01514,0.21516
6183.15789,0.21366
6179.30065,0.21224
6175.44341,0.21107
6171.58617,0.21023
6167.72893,0.20977
6163.87169,0.20959
6160.01445,0.20970
6156.15720,0.21014
6152.29996,0.21077
6148.44272,0.21134
6144.58548,0.21167
6140.72824,0.21168
6136.87100,0.21140
6133.01376,0.21103
6129.15652,0.21086
6125.29927,0.21113
6121.44203,0.21204
6117.58479,0.21375
6113.72755,0.21635
6109.87031,0.21974
6106.01307,0.22377
6102.15583,0.22835
6098.29858,0.23333
6094.44134,0.23849
6090.58410,0.24359
6086.72686,0.24844
6082.86962,0.25299
6079.01238,0.25739
6075.15514,0.26208
6071.29789,0.26762
6067.44065,0.27420
6063.58341,0.28138
6059.72617,0.28839
6055.86893,0.29465
6052.01169,0.30010
6048.15445,0.30502
6044.29721,0.30986
6040.43996,0.31506
6036.58272,0.32085
6032.72548,0.32697
6028.86824,0.33272
6025.01100,0.33718
6021.15376,0.33952
6017.29652,0.33918
6013.43927,0.33593
6009.58203,0.33008
6005.72479,0.32247
6001.86755,0.31405
5998.01031,0.30584
5994.15307,0.29869
5990.29583,0.29306
5986.43858,0.28903
5982.58134,0.28641
5978.72410,0.28435
5974.86686,0.28177
5971.00962,0.27812
5967.15238,0.27373
5963.29514,0.26953
5959.43790,0.26636
5955.58065,0.26449
5951.72341,0.26364
5947.86617,0.26327
5944.00893,0.26269
5940.15169,0.26120
5936.29445,0.25840
5932.43721,0.25443
5928.57996,0.24989
5924.72272,0.24534
5920.86548,0.24109
5917.00824,0.23730
5913.15100,0.23413
5909.29376,0.23180
5905.43652,0.23052
5901.57927,0.23043
5897.72203,0.23145
5893.86479,0.23337
5890.00755,0.23593
5886.15031,0.23885
5882.29307,0.24180
5878.43583,0.24447
5874.57859,0.24679
5870.72134,0.24878
5866.86410,0.25031
5863.00686,0.25111
5859.14962,0.25108
5855.29238,0.25038
5851.43514,0.24933
5847.57790,0.24825
5843.72065,0.24741
5839.86341,0.24689
5836.00617,0.24665
5832.14893,0.24663
5828.29169,0.24676
5824.43445,0.24698
5820.57721,0.24724
5816.71997,0.24756
5812.86272,0.24791
5809.00548,0.24809
5805.14824,0.24798
5801.29100,0.24762
5797.43376,0.24713
5793.57652,0.24667
5789.71928,0.24633
5785.86203,0.24605
5782.00479,0.24573
5778.14755,0.24533
5774.29031,0.24481
5770.43307,0.24412
5766.57583,0.24318
5762.71859,0.24197
5758.86134,0.24050
5755.00410,0.23886
5751.14686,0.23702
5747.28962,0.23501
5743.43238,0.23297
5739.57514,0.23102
5735.71790,0.22924
5731.86066,0.22770
5728.00341,0.22651
5724.14617,0.22579
5720.28893,0.22560
5716.43169,0.22577
5712.57445,0.22601
5708.71721,0.22609
5704.85997,0.22603
5701.00272,0.22587
5697.14548,0.22558
5693.28824,0.22519
5689.43100,0.22475
5685.57376,0.22437
5681.71652,0.22409
5677.85928,0.22393
5674.00203,0.22398
5670.14479,0.22428
5666.28755,0.22475
5662.43031,0.22528
5658.57307,0.22574
5654.71583,0.22598
5650.85859,0.22583
5647.00135,0.22527
5643.14410,0.22444
5639.28686,0.22343
5635.42962,0.22235
5631.57238,0.22134
5627.71514,0.22046
5623.85790,0.21975
5620.00066,0.21922
5616.14341,0.21887
5612.28617,0.21868
5608.42893,0.21865
5604.57169,0.21877
5600.71445,0.21906
5596.85721,0.21950
5592.99997,0.22002
5589.14273,0.22060
5585.28548,0.22123
5581.42824,0.22193
5577.57100,0.22266
5573.71376,0.22331
5569.85652,0.22381
5565.99928,0.22411
5562.14204,0.22420
5558.28479,0.22417
5554.42755,0.22412
5550.57031,0.22409
5546.71307,0.22407
5542.85583,0.22404
5538.99859,0.22403
5535.14135,0.22400
5531.28410,0.22392
5527.42686,0.22375
5523.56962,0.22351
5519.71238,0.22321
5515.85514,0.22280
5511.99790,0.22239
5508.14066,0.22215
5504.28342,0.22221
5500.42617,0.22254
5496.56893,0.22302
5492.71169,0.22364
5488.85445,0.22431
5484.99721,0.22484
5481.13997,0.22513
5477.28273,0.22511
5473.42548,0.22478
5469.56824,0.22420
5465.71100,0.22344
5461.85376,0.22252
5457.99652,0.22147
5454.13928,0.22028
5450.28204,0.21892
5446.42479,0.21734
5442.56755,0.21561
5438.71031,0.21390
5434.85307,0.21227
5430.99583,0.21080
5427.13859,0.20957
5423.28135,0.20860
5419.42411,0.20788
5415.56686,0.20737
5411.70962,0.20697
5407.85238,0.20665
5403.99514,0.20644
5400.13790,0.20627
5396.28066,0.20609
5392.42342,0.20594
5388.56617,0.20587
5384.70893,0.20590
5380.85169,0.20603
5376.99445,0.20624
5373.13721,0.20652
5369.27997,0.20687
5365.42273,0.20734
5361.56549,0.20790
5357.70824,0.20847
5353.85100,0.20902
5349.99376,0.20950
5346.13652,0.20989
5342.27928,0.21024
5338.42204,0.21053
5334.56480,0.21080
5330.70755,0.21120
5326.85031,0.21188
5322.99307,0.21291
5319.13583,0.21423
5315.27859,0.21586
5311.42135,0.21779
5307.56411,0.22005
5303.70686,0.22265
5299.84962,0.22554
5295.99238,0.22879
5292.13514,0.23255
5288.27790,0.23692
5284.42066,0.24180
5280.56342,0.24715
5276.70618,0.25296
5272.84893,0.25900
5268.99169,0.26507
5265.13445,0.27112
5261.27721,0.27693
5257.41997,0.28214
5253.56273,0.28679
5249.70549,0.29100
5245.84824,0.29476
5241.99100,0.29795
5238.13376,0.30057
5234.27652,0.30284
5230.41928,0.30487
5226.56204,0.30662
5222.70480,0.30809
5218.84755,0.30931
5214.99031,0.31028
5211.13307,0.31109
5207.27583,0.31179
5203.41859,0.31234
5199.56135,0.31277
5195.70411,0.31313
5191.84687,0.31343
5187.98962,0.31372
5184.13238,0.31396
5180.27514,0.31407
5176.41790,0.31406
5172.56066,0.31398
5168.70342,0.31379
5164.84618,0.31356
5160.98893,0.31336
5157.13169,0.31322
5153.27445,0.31307
5149.41721,0.31285
5145.55997,0.31255
5141.70273,0.31219
5137.84549,0.31187
5133.98825,0.31168
5130.13100,0.31160
5126.27376,0.31146
5122.41652,0.31096
5118.55928,0.30983
5114.70204,0.30794
5110.84480,0.30533
5106.98756,0.30224
5103.13031,0.29897
5099.27307,0.29578
5095.41583,0.29281
5091.55859,0.29008
5087.70135,0.28759
5083.84411,0.28534
5079.98687,0.28328
5076.12962,0.28139
5072.27238,0.27962
5068.41514,0.27791
5064.55790,0.27628
5060.70066,0.27474
5056.84342,0.27331
5052.98618,0.27203
5049.12894,0.27088
5045.27169,0.26982
5041.41445,0.26886
5037.55721,0.26794
5033.69997,0.26702
5029.84273,0.26614
5025.98549,0.26538
5022.12825,0.26468
5018.27100,0.26401
5014.41376,0.26337
5010.55652,0.26275
5006.69928,0.26212
5002.84204,0.26146
4998.98480,0.26080
4995.12756,0.26021
4991.27031,0.25973
4987.41307,0.25938
4983.55583,0.25923
4979.69859,0.25926
4975.84135,0.25945
4971.98411,0.25987
4968.12687,0.26060
4964.26963,0.26160
4960.41238,0.26281
4956.55514,0.26424
4952.69790,0.26590
4948.84066,0.26775
4944.98342,0.26971
4941.12618,0.27173
4937.26894,0.27385
4933.41169,0.27608
4929.55445,0.27844
4925.69721,0.28095
4921.83997,0.28358
4917.98273,0.28629
4914.12549,0.28917
4910.26825,0.29224
4906.41101,0.29547
4902.55376,0.29884
4898.69652,0.30232
4894.83928,0.30584
4890.98204,0.30946
4887.12480,0.31321
4883.26756,0.31704
4879.41032,0.32085
4875.55307,0.32456
4871.69583,0.32812
4867.83859,0.33154
4863.98135,0.33486
4860.12411,0.33812
4856.26687,0.34137
4852.40963,0.34468
4848.55238,0.34814
4844.69514,0.35182
4840.83790,0.35584
4836.98066,0.36019
4833.12342,0.36474
4829.26618,0.36932
4825.40894,0.37374
4821.55170,0.37791
4817.69445,0.38180
4813.83721,0.38538
4809.97997,0.38868
4806.12273,0.39170
4802.26549,0.39438
4798.40825,0.39663
4794.55101,0.39835
4790.69376,0.39952
4786.83652,0.40024
4782.97928,0.40066
4779.12204,0.40098
4775.26480,0.40136
4771.40756,0.40193
4767.55032,0.40281
4763.69307,0.40418
4759.83583,0.40609
4755.97859,0.40844
4752.12135,0.41109
4748.26411,0.41378
4744.40687,0.41626
4740.54963,0.41859
4736.69239,0.42124
4732.83514,0.42462
4728.97790,0.42879
4725.12066,0.43321
4721.26342,0.43677
4717.40618,0.43862
4713.54894,0.43919
4709.69170,0.44007
4705.83445,0.44284
4701.97721,0.44797
4698.11997,0.45441
4694.26273,0.45974
4690.40549,0.46151
4686.54825,0.45857
4682.69101,0.45137
4678.83377,0.44153
4674.97652,0.43130
4671.11928,0.42273
4667.26204,0.41675
4663.40480,0.41303
4659.54756,0.41088
4655.69032,0.41017
4651.83308,0.41145
4647.97583,0.41515
4644.11859,0.42068
4640.26135,0.42618
4636.40411,0.42910
4632.54687,0.42726
4628.68963,0.42008
4624.83239,0.40925
4620.97514,0.39777
4617.11790,0.38809
4613.26066,0.38118
4609.40342,0.37703
4605.54618,0.37540
4601.68894,0.37619
4597.83170,0.37900
4593.97446,0.38251
4590.11721,0.38545
4586.25997,0.38768
4582.40273,0.38901
4578.54549,0.38764
4574.68825,0.38192
4570.83101,0.37291
4566.97377,0.36350
4563.11652,0.35605
4559.25928,0.35129
4555.40204,0.34873
4551.54480,0.34743
4547.68756,0.34658
4543.83032,0.34585
4539.97308,0.34523
4536.11583,0.34489
4532.25859,0.34493
4528.40135,0.34548
4524.54411,0.34667
4520.68687,0.34856
4516.82963,0.35118
4512.97239,0.35475
4509.11515,0.35967
4505.25790,0.36631
4501.40066,0.37480
4497.54342,0.38480
4493.68618,0.39512
4489.82894,0.40414
4485.97170,0.41113
4482.11446,0.41699
4478.25721,0.42352
4474.39997,0.43238
4470.54273,0.44460
4466.68549,0.46010
4462.82825,0.47654
4458.97101,0.48966
4455.11377,0.49704
4451.25653,0.50072
4447.39928,0.50446
4443.54204,0.50979
4439.68480,0.51567
4435.82756,0.52028
4431.97032,0.52207
4428.11308,0.52019
4424.25584,0.51540
4420.39859,0.51015
4416.54135,0.50686
4412.68411,0.50646
4408.82687,0.50796
4404.96963,0.50925
4401.11239,0.50858
4397.25515,0.50547
4393.39790,0.50064
4389.54066,0.49536
4385.68342,0.49068
4381.82618,0.48703
4377.96894,0.48441
4374.11170,0.48275
4370.25446,0.48221
4366.39722,0.48296
4362.53997,0.48463
4358.68273,0.48638
4354.82549,0.48795
4350.96825,0.48975
4347.11101,0.49229
4343.25377,0.49552
4339.39653,0.49875
4335.53928,0.50142
4331.68204,0.50350
4327.82480,0.50538
4323.96756,0.50760
4320.11032,0.51049
4316.25308,0.51420
4312.39584,0.51885
4308.53859,0.52444
4304.68135,0.53061
4300.82411,0.53665
4296.96687,0.54185
4293.10963,0.54559
4289.25239,0.54750
4285.39515,0.54778
4281.53791,0.54711
4277.68066,0.54602
4273.82342,0.54448
4269.96618,0.54226
4266.10894,0.53951
4262.25170,0.53705
4258.39446,0.53558
4254.53722,0.53523
4250.67997,0.53565
4246.82273,0.53607
4242.96549,0.53565
4239.10825,0.53428
4235.25101,0.53263
4231.39377,0.53138
4227.53653,0.53036
4223.67929,0.52872
4219.82204,0.52601
4215.96480,0.52266
4212.10756,0.51944
4208.25032,0.51676
4204.39308,0.51452
4200.53584,0.51264
4196.67860,0.51157
4192.82135,0.51209
4188.96411,0.51481
4185.10687,0.51954
4181.24963,0.52462
4177.39239,0.52710
4173.53515,0.52497
4169.67791,0.51896
4165.82066,0.51167
4161.96342,0.50544
4158.10618,0.50134
4154.24894,0.49941
4150.39170,0.49944
4146.53446,0.50134
4142.67722,0.50504
4138.81998,0.50995
4134.96273,0.51479
4131.10549,0.51851
4127.24825,0.52135
4123.39101,0.52435
4119.53377,0.52837
4115.67653,0.53397
4111.81929,0.54158
4107.96204,0.55155
4104.10480,0.56460
4100.24756,0.58176
4096.39032,0.60177
4092.53308,0.61835
4088.67584,0.62430
4084.81860,0.61883
4080.96135,0.60660
4077.10411,0.59268
4073.24687,0.58098
4069.38963,0.57345
4065.53239,0.56970
4061.67515,0.56839
4057.81791,0.56859
4053.96067,0.56987
4050.10342,0.57166
4046.24618,0.57330
4042.38894,0.57442
4038.53170,0.57506
4034.67446,0.57548
4030.81722,0.57592
4026.95998,0.57629
4023.10273,0.57634
4019.24549,0.57609
4015.38825,0.57554
4011.53101,0.57440
4007.67377,0.57255
4003.81653,0.57026
3999.95929,0.56759
3996.10205,0.56450
3992.24480,0.56134
3988.38756,0.55856
3984.53032,0.55638
3980.67308,0.55478
3976.81584,0.55350
3972.95860,0.55203
3969.10136,0.54998
3965.24411,0.54736
3961.38687,0.54443
3957.52963,0.54147
3953.67239,0.53853
3949.81515,0.53553
3945.95791,0.53257
3942.10067,0.52976
3938.24342,0.52721
3934.38618,0.52489
3930.52894,0.52274
3926.67170,0.52083
3922.81446,0.51902
3918.95722,0.51711
3915.09998,0.51506
3911.24274,0.51285
3907.38549,0.51015
3903.52825,0.50648
3899.67101,0.50236
3895.81377,0.49877
3891.95653,0.49557
3888.09929,0.49273
3884.24205,0.49042
3880.38480,0.48855
3876.52756,0.48681
3872.67032,0.48449
3868.81308,0.48134
3864.95584,0.47794
3861.09860,0.47490
3857.24136,0.47214
3853.38411,0.46930
3849.52687,0.46711
3845.66963,0.46570
3841.81239,0.46441
3837.95515,0.46345
3834.09791,0.46303
3830.24067,0.46277
3826.38343,0.46272
3822.52618,0.46362
3818.66894,0.46639
3814.81170,0.47008
3810.95446,0.47281
3807.09722,0.47406
3803.23998,0.47359
3799.38274,0.47148
3795.52549,0.46913
3791.66825,0.46760
3787.81101,0.46700
3783.95377,0.46744
3780.09653,0.46891
3776.23929,0.47100
3772.38205,0.47353
3768.52481,0.47671
3764.66756,0.48019
3760.81032,0.48304
3756.95308,0.48404
3753.09584,0.48223
3749.23860,0.47875
3745.38136,0.47690
3741.52412,0.47800
3737.66687,0.48144
3733.80963,0.48612
3729.95239,0.48914
3726.09515,0.48982
3722.23791,0.49032
3718.38067,0.49236
3714.52343,0.49636
3710.66618,0.50320
3706.80894,0.51271
3702.95170,0.52423
3699.09446,0.53798
3695.23722,0.55341
3691.37998,0.57292
3687.52274,0.59562
3683.66550,0.61152
3679.80825,0.62106
3675.95101,0.63222
3672.09377,0.64963
3668.23653,0.66969
3664.37929,0.68828
3660.52205,0.70593
3656.66481,0.72402
3652.80756,0.74242
3648.95032,0.76172
3645.09308,0.78052
3641.23584,0.79531
3637.37860,0.80795
3633.52136,0.81999
3629.66412,0.83121
3625.80687,0.84021
3621.94963,0.84772
3618.09239,0.85739
3614.23515,0.86441
3610.37791,0.86640
3606.52067,0.86975
3602.66343,0.87715
3598.80619,0.88709
