12493.60475,0.09714
12489.74751,0.09385
12485.89027,0.08900
12482.03303,0.08673
12478.17579,0.08787
12474.31855,0.09002
12470.46130,0.09229
12466.60406,0.09522
12462.74682,0.09718
12458.88958,0.09547
12455.03234,0.09202
12451.17510,0.09162
12447.31786,0.09373
12443.46062,0.09508
12439.60337,0.09437
12435.74613,0.09213
12431.88889,0.09102
12428.03165,0.09273
12424.17441,0.09573
12420.31717,0.09816
12416.45993,0.09884
12412.60268,0.09803
12408.74544,0.09758
12404.88820,0.09820
12401.03096,0.09932
12397.17372,0.09948
12393.31648,0.09753
12389.45924,0.09504
12385.60199,0.09303
12381.74475,0.09150
12377.88751,0.09180
12374.03027,0.09351
12370.17303,0.09397
12366.31579,0.09205
12362.45855,0.09069
12358.60131,0.09160
12354.74406,0.09354
12350.88682,0.09747
12347.02958,0.10005
12343.17234,0.09556
12339.31510,0.08922
12335.45786,0.08865
12331.60062,0.09168
12327.74337,0.09383
12323.88613,0.09501
12320.02889,0.09590
12316.17165,0.09540
12312.31441,0.09307
12308.45717,0.09123
12304.59993,0.09101
12300.74268,0.09113
12296.88544,0.09215
12293.02820,0.09445
12289.17096,0.09590
12285.31372,0.09468
12281.45648,0.09231
12277.59924,0.09252
12273.74200,0.09573
12269.88475,0.09872
12266.02751,0.09877
12262.17027,0.09648
12258.31303,0.09514
12254.45579,0.09609
12250.59855,0.09738
12246.74131,0.09721
12242.88406,0.09600
12239.02682,0.09479
12235.16958,0.09425
12231.31234,0.09464
12227.45510,0.09521
12223.59786,0.09521
12219.74062,0.09406
12215.88338,0.09194
12212.02613,0.09084
12208.16889,0.09207
12204.31165,0.09422
12200.45441,0.09513
12196.59717,0.09371
12192.73993,0.09120
12188.88269,0.09020
12185.02544,0.09101
12181.16820,0.09249
12177.31096,0.09389
12173.45372,0.09414
12169.59648,0.09314
12165.73924,0.09250
12161.88200,0.09333
12158.02475,0.09406
12154.16751,0.09317
12150.31027,0.09125
12146.45303,0.09022
12142.59579,0.09223
12138.73855,0.09588
12134.88131,0.09724
12131.02407,0.09487
12127.16682,0.09059
12123.30958,0.08740
12119.45234,0.08782
12115.59510,0.09177
12111.73786,0.09487
12107.88062,0.09442
12104.02338,0.09320
12100.16613,0.09300
12096.30889,0.09303
12092.45165,0.09345
12088.59441,0.09469
12084.73717,0.09516
12080.87993,0.09429
12077.02269,0.09366
12073.16544,0.09333
12069.30820,0.09316
12065.45096,0.09319
12061.59372,0.09241
12057.73648,0.09144
12053.87924,0.09176
12050.02200,0.09277
12046.16476,0.09274
12042.30751,0.09156
12038.45027,0.09098
12034.59303,0.09162
12030.73579,0.09246
12026.87855,0.09317
12023.02131,0.09395
12019.16407,0.09549
12015.30682,0.09793
12011.44958,0.09906
12007.59234,0.09826
12003.73510,0.09712
11999.87786,0.09594
11996.02062,0.09519
11992.16338,0.09528
11988.30614,0.09561
11984.44889,0.09515
11980.59165,0.09354
11976.73441,0.09301
11972.87717,0.09405
11969.01993,0.09452
11965.16269,0.09517
11961.30545,0.09664
11957.44820,0.09730
11953.59096,0.09692
11949.73372,0.09613
11945.87648,0.09547
11942.01924,0.09512
11938.16200,0.09410
11934.30476,0.09285
11930.44751,0.09359
11926.59027,0.09626
11922.73303,0.09840
11918.87579,0.09909
11915.01855,0.09945
11911.16131,0.09943
11907.30407,0.09832
11903.44683,0.09695
11899.58958,0.09594
11895.73234,0.09576
11891.87510,0.09704
11888.01786,0.09872
11884.16062,0.09967
11880.30338,0.10024
11876.44614,0.10096
11872.58889,0.10156
11868.73165,0.10153
11864.87441,0.10138
11861.01717,0.10149
11857.15993,0.10127
11853.30269,0.10095
11849.44545,0.10068
11845.58820,0.10051
11841.73096,0.10124
11837.87372,0.10156
11834.01648,0.10031
11830.15924,0.09965
11826.30200,0.10039
11822.44476,0.10118
11818.58752,0.10143
11814.73027,0.10114
11810.87303,0.10065
11807.01579,0.10030
11803.15855,0.10059
11799.30131,0.10162
11795.44407,0.10232
11791.58683,0.10227
11787.72958,0.10216
11783.87234,0.10210
11780.01510,0.10214
11776.15786,0.10302
11772.30062,0.10389
11768.44338,0.10345
11764.58614,0.10265
11760.72890,0.10204
11756.87165,0.10103
11753.01441,0.10011
11749.15717,0.10027
11745.29993,0.10140
11741.44269,0.10214
11737.58545,0.10131
11733.72821,0.09980
11729.87096,0.09979
11726.01372,0.10155
11722.15648,0.10331
11718.29924,0.10357
11714.44200,0.10194
11710.58476,0.09983
11706.72752,0.09926
11702.87027,0.09986
11699.01303,0.09993
11695.15579,0.09987
11691.29855,0.10045
11687.44131,0.10095
11683.58407,0.10128
11679.72683,0.10161
11675.86959,0.10104
11672.01234,0.09965
11668.15510,0.09936
11664.29786,0.10043
11660.44062,0.10093
11656.58338,0.10132
11652.72614,0.10313
11648.86890,0.10410
11645.01165,0.10233
11641.15441,0.10022
11637.29717,0.09992
11633.43993,0.10068
11629.58269,0.10111
11625.72545,0.10071
11621.86821,0.10013
11618.01096,0.10059
11614.15372,0.10172
11610.29648,0.10167
11606.43924,0.10073
11602.58200,0.10025
11598.72476,0.09946
11594.86752,0.09802
11591.01028,0.09782
11587.15303,0.09987
11583.29579,0.10159
11579.43855,0.10063
11575.58131,0.09933
11571.72407,0.10007
11567.86683,0.10094
11564.00959,0.10015
11560.15234,0.09874
11556.29510,0.09867
11552.43786,0.10052
11548.58062,0.10195
11544.72338,0.10109
11540.86614,0.09992
11537.00890,0.10094
11533.15166,0.10295
11529.29441,0.10274
11525.43717,0.10081
11521.57993,0.10057
11517.72269,0.10159
11513.86545,0.10165
11510.00821,0.10129
11506.15097,0.10166
11502.29372,0.10229
11498.43648,0.10162
11494.57924,0.09896
11490.72200,0.09655
11486.86476,0.09732
11483.00752,0.10016
11479.15028,0.10178
11475.29303,0.10184
11471.43579,0.10219
11467.57855,0.10279
11463.72131,0.10218
11459.86407,0.10065
11456.00683,0.09985
11452.14959,0.10005
11448.29235,0.10017
11444.43510,0.09976
11440.57786,0.09921
11436.72062,0.09880
11432.86338,0.09807
11429.00614,0.09659
11425.14890,0.09503
11421.29166,0.09436
11417.43441,0.09469
11413.57717,0.09546
11409.71993,0.09609
11405.86269,0.09640
11402.00545,0.09634
11398.14821,0.09632
11394.29097,0.09674
11390.43372,0.09678
11386.57648,0.09629
11382.71924,0.09668
11378.86200,0.09751
11375.00476,0.09694
11371.14752,0.09529
11367.29028,0.09423
11363.43304,0.09481
11359.57579,0.09703
11355.71855,0.09911
11351.86131,0.09933
11348.00407,0.09803
11344.14683,0.09650
11340.28959,0.09620
11336.43235,0.09735
11332.57510,0.09843
11328.71786,0.09876
11324.86062,0.09904
11321.00338,0.09980
11317.14614,0.10046
11313.28890,0.09992
11309.43166,0.09907
11305.57442,0.09895
11301.71717,0.09904
11297.85993,0.09914
11294.00269,0.09911
11290.14545,0.09890
11286.28821,0.09922
11282.43097,0.09974
11278.57373,0.09923
11274.71648,0.09806
11270.85924,0.09780
11267.00200,0.09863
11263.14476,0.09948
11259.28752,0.09918
11255.43028,0.09766
11251.57304,0.09656
11247.71579,0.09688
11243.85855,0.09758
11240.00131,0.09754
11236.14407,0.09700
11232.28683,0.09636
11228.42959,0.09573
11224.57235,0.09557
11220.71511,0.09605
11216.85786,0.09688
11213.00062,0.09751
11209.14338,0.09734
11205.28614,0.09660
11201.42890,0.09633
11197.57166,0.09697
11193.71442,0.09760
11189.85717,0.09733
11185.99993,0.09617
11182.14269,0.09487
11178.28545,0.09477
11174.42821,0.09589
11170.57097,0.09686
11166.71373,0.09695
11162.85648,0.09629
11158.99924,0.09581
11155.14200,0.09674
11151.28476,0.09799
11147.42752,0.09757
11143.57028,0.09650
11139.71304,0.09613
11135.85580,0.09554
11131.99855,0.09493
11128.14131,0.09537
11124.28407,0.09636
11120.42683,0.09698
11116.56959,0.09676
11112.71235,0.09618
11108.85511,0.09627
11104.99786,0.09689
11101.14062,0.09746
11097.28338,0.09791
11093.42614,0.09831
11089.56890,0.09858
11085.71166,0.09841
11081.85442,0.09791
11077.99718,0.09805
11074.13993,0.09913
11070.28269,0.10000
11066.42545,0.09967
11062.56821,0.09845
11058.71097,0.09712
11054.85373,0.09679
11050.99649,0.09760
11047.13924,0.09797
11043.28200,0.09763
11039.42476,0.09766
11035.56752,0.09782
11031.71028,0.09771
11027.85304,0.09796
11023.99580,0.09858
11020.13855,0.09892
11016.28131,0.09897
11012.42407,0.09877
11008.56683,0.09801
11004.70959,0.09704
11000.85235,0.09669
10996.99511,0.09706
10993.13787,0.09762
10989.28062,0.09828
10985.42338,0.09923
10981.56614,0.09940
10977.70890,0.09812
10973.85166,0.09671
10969.99442,0.09602
10966.13718,0.09584
10962.27993,0.09592
10958.42269,0.09611
10954.56545,0.09620
10950.70821,0.09616
10946.85097,0.09610
10942.99373,0.09604
10939.13649,0.09630
10935.27924,0.09711
10931.42200,0.09761
10927.56476,0.09745
10923.70752,0.09722
10919.85028,0.09654
10915.99304,0.09543
10912.13580,0.09509
10908.27856,0.09522
10904.42131,0.09506
10900.56407,0.09547
10896.70683,0.09684
10892.84959,0.09797
10888.99235,0.09752
10885.13511,0.09591
10881.27787,0.09500
10877.42062,0.09531
10873.56338,0.09589
10869.70614,0.09596
10865.84890,0.09531
10861.99166,0.09466
10858.13442,0.09448
10854.27718,0.09431
10850.41993,0.09456
10846.56269,0.09527
10842.70545,0.09479
10838.84821,0.09346
10834.99097,0.09357
10831.13373,0.09484
10827.27649,0.09511
10823.41925,0.09384
10819.56200,0.09241
10815.70476,0.09223
10811.84752,0.09300
10807.99028,0.09326
10804.13304,0.09281
10800.27580,0.09266
10796.41856,0.09318
10792.56131,0.09395
10788.70407,0.09421
10784.84683,0.09335
10780.98959,0.09216
10777.13235,0.09209
10773.27511,0.09288
10769.41787,0.09328
10765.56063,0.09317
10761.70338,0.09301
10757.84614,0.09306
10753.98890,0.09329
10750.13166,0.09354
10746.27442,0.09366
10742.41718,0.09342
10738.55994,0.09306
10734.70269,0.09304
10730.84545,0.09339
10726.98821,0.09405
10723.13097,0.09453
10719.27373,0.09439
10715.41649,0.09446
10711.55925,0.09496
10707.70200,0.09478
10703.84476,0.09412
10699.98752,0.09395
10696.13028,0.09417
10692.27304,0.09445
10688.41580,0.09476
10684.55856,0.09492
10680.70132,0.09478
10676.84407,0.09461
10672.98683,0.09469
10669.12959,0.09488
10665.27235,0.09487
10661.41511,0.09439
10657.55787,0.09363
10653.70063,0.09325
10649.84338,0.09334
10645.98614,0.09345
10642.12890,0.09360
10638.27166,0.09383
10634.41442,0.09382
10630.55718,0.09345
10626.69994,0.09282
10622.84269,0.09227
10618.98545,0.09214
10615.12821,0.09205
10611.27097,0.09176
10607.41373,0.09212
10603.55649,0.09322
10599.69925,0.09361
10595.84201,0.09294
10591.98476,0.09232
10588.12752,0.09235
10584.27028,0.09278
10580.41304,0.09321
10576.55580,0.09319
10572.69856,0.09264
10568.84132,0.09225
10564.98407,0.09229
10561.12683,0.09203
10557.26959,0.09158
10553.41235,0.09161
10549.55511,0.09192
10545.69787,0.09198
10541.84063,0.09167
10537.98339,0.09127
10534.12614,0.09123
10530.26890,0.09163
10526.41166,0.09202
10522.55442,0.09196
10518.69718,0.09168
10514.83994,0.09152
10510.98270,0.09137
10507.12545,0.09123
10503.26821,0.09118
10499.41097,0.09108
10495.55373,0.09087
10491.69649,0.09084
10487.83925,0.09089
10483.98201,0.09065
10480.12476,0.09046
10476.26752,0.09064
10472.41028,0.09087
10468.55304,0.09093
10464.69580,0.09069
10460.83856,0.08998
10456.98132,0.08929
10453.12408,0.08940
10449.26683,0.09001
10445.40959,0.09009
10441.55235,0.08961
10437.69511,0.08941
10433.83787,0.08963
10429.98063,0.08982
10426.12339,0.08992
10422.26614,0.09021
10418.40890,0.09059
10414.55166,0.09068
10410.69442,0.09038
10406.83718,0.08998
10402.97994,0.08979
10399.12270,0.08985
10395.26545,0.08999
10391.40821,0.09008
10387.55097,0.08994
10383.69373,0.08955
10379.83649,0.08936
10375.97925,0.08967
10372.12201,0.09012
10368.26477,0.09024
10364.40752,0.09018
10360.55028,0.09004
10356.69304,0.08987
10352.83580,0.08990
10348.97856,0.09010
10345.12132,0.09048
10341.26408,0.09090
10337.40683,0.09108
10333.54959,0.09127
10329.69235,0.09163
10325.83511,0.09157
10321.97787,0.09094
10318.12063,0.09062
10314.26339,0.09090
10310.40615,0.09101
10306.54890,0.09106
10302.69166,0.09171
10298.83442,0.09253
10294.97718,0.09286
10291.11994,0.09249
10287.26270,0.09160
10283.40546,0.09145
10279.54821,0.09237
10275.69097,0.09290
10271.83373,0.09245
10267.97649,0.09184
10264.11925,0.09171
10260.26201,0.09187
10256.40477,0.09179
10252.54752,0.09152
10248.69028,0.09138
10244.83304,0.09119
10240.97580,0.09101
10237.11856,0.09139
10233.26132,0.09245
10229.40408,0.09357
10225.54684,0.09390
10221.68959,0.09348
10217.83235,0.09315
10213.97511,0.09308
10210.11787,0.09290
10206.26063,0.09283
10202.40339,0.09291
10198.54615,0.09265
10194.68890,0.09222
10190.83166,0.09220
10186.97442,0.09257
10183.11718,0.09284
10179.25994,0.09283
10175.40270,0.09291
10171.54546,0.09317
10167.68821,0.09341
10163.83097,0.09355
10159.97373,0.09347
10156.11649,0.09326
10152.25925,0.09344
10148.40201,0.09398
10144.54477,0.09423
10140.68753,0.09397
10136.83028,0.09363
10132.97304,0.09345
10129.11580,0.09326
10125.25856,0.09329
10121.40132,0.09387
10117.54408,0.09454
10113.68684,0.09485
10109.82959,0.09489
10105.97235,0.09458
10102.11511,0.09407
10098.25787,0.09374
10094.40063,0.09370
10090.54339,0.09385
10086.68615,0.09402
10082.82891,0.09415
10078.97166,0.09434
10075.11442,0.09464
10071.25718,0.09494
10067.39994,0.09501
10063.54270,0.09469
10059.68546,0.09427
10055.82822,0.09418
10051.97097,0.09435
10048.11373,0.09445
10044.25649,0.09447
10040.39925,0.09452
10036.54201,0.09466
10032.68477,0.09478
10028.82753,0.09481
10024.97028,0.09491
10021.11304,0.09493
10017.25580,0.09467
10013.39856,0.09458
10009.54132,0.09484
10005.68408,0.09493
10001.82684,0.09472
9997.96960,0.09473
9994.11235,0.09495
9990.25511,0.09478
9986.39787,0.09433
9982.54063,0.09420
9978.68339,0.09439
9974.82615,0.09475
9970.96891,0.09518
9967.11166,0.09543
9963.25442,0.09532
9959.39718,0.09486
9955.53994,0.09448
9951.68270,0.09475
9947.82546,0.09543
9943.96822,0.09587
9940.11097,0.09586
9936.25373,0.09561
9932.39649,0.09535
9928.53925,0.09508
9924.68201,0.09486
9920.82477,0.09491
9916.96753,0.09516
9913.11029,0.09529
9909.25304,0.09520
9905.39580,0.09499
9901.53856,0.09487
9897.68132,0.09492
9893.82408,0.09498
9889.96684,0.09494
9886.10960,0.09474
9882.25235,0.09441
9878.39511,0.09438
9874.53787,0.09484
9870.68063,0.09519
9866.82339,0.09511
9862.96615,0.09503
9859.10891,0.09498
9855.25167,0.09472
9851.39442,0.09454
9847.53718,0.09476
9843.67994,0.09513
9839.82270,0.09536
9835.96546,0.09539
9832.10822,0.09517
9828.25098,0.09483
9824.39373,0.09456
9820.53649,0.09449
9816.67925,0.09490
9812.82201,0.09548
9808.96477,0.09545
9805.10753,0.09495
9801.25029,0.09466
9797.39304,0.09454
9793.53580,0.09446
9789.67856,0.09478
9785.82132,0.09538
9781.96408,0.09564
9778.10684,0.09538
9774.24960,0.09498
9770.39236,0.09472
9766.53511,0.09455
9762.67787,0.09449
9758.82063,0.09479
9754.96339,0.09527
9751.10615,0.09533
9747.24891,0.09504
9743.39167,0.09495
9739.53442,0.09496
9735.67718,0.09455
9731.81994,0.09390
9727.96270,0.09368
9724.10546,0.09398
9720.24822,0.09422
9716.39098,0.09418
9712.53373,0.09421
9708.67649,0.09436
9704.81925,0.09448
9700.96201,0.09456
9697.10477,0.09456
9693.24753,0.09438
9689.39029,0.09433
9685.53305,0.09443
9681.67580,0.09426
9677.81856,0.09392
9673.96132,0.09377
9670.10408,0.09356
9666.24684,0.09308
9662.38960,0.09276
9658.53236,0.09302
9654.67511,0.09368
9650.81787,0.09404
9646.96063,0.09384
9643.10339,0.09358
9639.24615,0.09350
9635.38891,0.09343
9631.53167,0.09328
9627.67443,0.09313
9623.81718,0.09301
9619.95994,0.09289
9616.10270,0.09270
9612.24546,0.09261
9608.38822,0.09268
9604.53098,0.09259
9600.67374,0.09240
9596.81649,0.09255
9592.95925,0.09297
9589.10201,0.09317
9585.24477,0.09290
9581.38753,0.09220
9577.53029,0.09140
9573.67305,0.09100
9569.81580,0.09115
9565.95856,0.09155
9562.10132,0.09189
9558.24408,0.09204
9554.38684,0.09200
9550.52960,0.09180
9546.67236,0.09164
9542.81512,0.09162
9538.95787,0.09166
9535.10063,0.09180
9531.24339,0.09204
9527.38615,0.09211
9523.52891,0.09183
9519.67167,0.09148
9515.81443,0.09151
9511.95718,0.09183
9508.09994,0.09201
9504.24270,0.09196
9500.38546,0.09204
9496.52822,0.09239
9492.67098,0.09264
9488.81374,0.09244
9484.95649,0.09182
9481.09925,0.09121
9477.24201,0.09094
9473.38477,0.09088
9469.52753,0.09080
9465.67029,0.09066
9461.81305,0.09063
9457.95581,0.09068
9454.09856,0.09067
9450.24132,0.09073
9446.38408,0.09084
9442.52684,0.09076
9438.66960,0.09069
9434.81236,0.09082
9430.95512,0.09078
9427.09787,0.09052
9423.24063,0.09045
9419.38339,0.09069
9415.52615,0.09100
9411.66891,0.09120
9407.81167,0.09129
9403.95443,0.09128
9400.09719,0.09113
9396.23994,0.09080
9392.38270,0.09048
9388.52546,0.09040
9384.66822,0.09059
9380.81098,0.09083
9376.95374,0.09082
9373.09650,0.09066
9369.23925,0.09066
9365.38201,0.09076
9361.52477,0.09081
9357.66753,0.09092
9353.81029,0.09105
9349.95305,0.09082
9346.09581,0.09040
9342.23856,0.09040
9338.38132,0.09061
9334.52408,0.09045
9330.66684,0.09020
9326.80960,0.09040
9322.95236,0.09076
9319.09512,0.09073
9315.23788,0.09046
9311.38063,0.09035
9307.52339,0.09032
9303.66615,0.09038
9299.80891,0.09051
9295.95167,0.09054
9292.09443,0.09042
9288.23719,0.09027
9284.37994,0.09019
9280.52270,0.09014
9276.66546,0.09000
9272.80822,0.08984
9268.95098,0.08981
9265.09374,0.08992
9261.23650,0.09003
9257.37925,0.09006
9253.52201,0.09010
9249.66477,0.09024
9245.80753,0.09034
9241.95029,0.09025
9238.09305,0.09010
9234.23581,0.09021
9230.37857,0.09056
9226.52132,0.09065
9222.66408,0.09025
9218.80684,0.08995
9214.94960,0.09020
9211.09236,0.09058
9207.23512,0.09069
9203.37788,0.09045
9199.52063,0.09016
9195.66339,0.09018
9191.80615,0.09024
9187.94891,0.09012
9184.09167,0.09022
9180.23443,0.09064
9176.37719,0.09093
9172.51995,0.09085
9168.66270,0.09066
9164.80546,0.09049
9160.94822,0.09027
9157.09098,0.09002
9153.23374,0.08999
9149.37650,0.09034
9145.51926,0.09066
9141.66201,0.09065
9137.80477,0.09048
9133.94753,0.09045
9130.09029,0.09047
9126.23305,0.09041
9122.37581,0.09039
9118.51857,0.09046
9114.66132,0.09045
9110.80408,0.09034
9106.94684,0.09049
9103.08960,0.09088
9099.23236,0.09108
9095.37512,0.09084
9091.51788,0.09050
9087.66064,0.09059
9083.80339,0.09098
9079.94615,0.09120
9076.08891,0.09128
9072.23167,0.09142
9068.37443,0.09153
9064.51719,0.09146
9060.65995,0.09139
9056.80270,0.09142
9052.94546,0.09149
9049.08822,0.09174
9045.23098,0.09216
9041.37374,0.09252
9037.51650,0.09265
9033.65926,0.09263
9029.80201,0.09266
9025.94477,0.09291
9022.08753,0.09336
9018.23029,0.09370
9014.37305,0.09378
9010.51581,0.09390
9006.65857,0.09423
9002.80133,0.09463
8998.94408,0.09511
8995.08684,0.09575
8991.22960,0.09635
8987.37236,0.09674
8983.51512,0.09711
8979.65788,0.09759
8975.80064,0.09807
8971.94339,0.09858
8968.08615,0.09910
8964.22891,0.09960
8960.37167,0.10025
8956.51443,0.10113
8952.65719,0.10217
8948.79995,0.10323
8944.94271,0.10426
8941.08546,0.10521
8937.22822,0.10599
8933.37098,0.10669
8929.51374,0.10742
8925.65650,0.10821
8921.79926,0.10921
8917.94202,0.11039
8914.08477,0.11148
8910.22753,0.11251
8906.37029,0.11390
8902.51305,0.11568
8898.65581,0.11744
8894.79857,0.11893
8890.94133,0.12026
8887.08408,0.12163
8883.22684,0.12297
8879.36960,0.12418
8875.51236,0.12526
8871.65512,0.12609
8867.79788,0.12667
8863.94064,0.12715
8860.08340,0.12745
8856.22615,0.12745
8852.36891,0.12713
8848.51167,0.12668
8844.65443,0.12628
8840.79719,0.12584
8836.93995,0.12529
8833.08271,0.12462
8829.22546,0.12383
8825.36822,0.12300
8821.51098,0.12230
8817.65374,0.12144
8813.79650,0.12012
8809.93926,0.11869
8806.08202,0.11750
8802.22477,0.11634
8798.36753,0.11501
8794.51029,0.11367
8790.65305,0.11235
8786.79581,0.11101
8782.93857,0.10987
8779.08133,0.10909
8775.22409,0.10856
8771.36684,0.10788
8767.50960,0.10689
8763.65236,0.10601
8759.79512,0.10546
8755.93788,0.10511
8752.08064,0.10493
8748.22340,0.10485
8744.36615,0.10477
8740.50891,0.10463
8736.65167,0.10442
8732.79443,0.10425
8728.93719,0.10419
8725.07995,0.10429
8721.22271,0.10452
8717.36547,0.10474
8713.50822,0.10503
8709.65098,0.10549
8705.79374,0.10581
8701.93650,0.10583
8698.07926,0.10579
8694.22202,0.10594
8690.36478,0.10622
8686.50753,0.10636
8682.65029,0.10638
8678.79305,0.10656
8674.93581,0.10688
8671.07857,0.10707
8667.22133,0.10726
8663.36409,0.10769
8659.50684,0.10825
8655.64960,0.10863
8651.79236,0.10893
8647.93512,0.10925
8644.07788,0.10948
8640.22064,0.10973
8636.36340,0.11016
8632.50616,0.11066
8628.64891,0.11110
8624.79167,0.11136
8620.93443,0.11148
8617.07719,0.11172
8613.21995,0.11210
8609.36271,0.11249
8605.50547,0.11288
8601.64822,0.11317
8597.79098,0.11341
8593.93374,0.11381
8590.07650,0.11440
8586.21926,0.11500
8582.36202,0.11544
8578.50478,0.11570
8574.64753,0.11598
8570.79029,0.11626
8566.93305,0.11643
8563.07581,0.11656
8559.21857,0.11684
8555.36133,0.11721
8551.50409,0.11749
8547.64685,0.11768
8543.78960,0.11796
8539.93236,0.11834
8536.07512,0.11874
8532.21788,0.11912
8528.36064,0.11953
8524.50340,0.11985
8520.64616,0.11998
8516.78891,0.12012
8512.93167,0.12041
8509.07443,0.12064
8505.21719,0.12075
8501.35995,0.12082
8497.50271,0.12088
8493.64547,0.12096
8489.78822,0.12105
8485.93098,0.12108
8482.07374,0.12108
8478.21650,0.12113
8474.35926,0.12116
8470.50202,0.12107
8466.64478,0.12089
8462.78754,0.12072
8458.93029,0.12067
8455.07305,0.12075
8451.21581,0.12074
8447.35857,0.12054
8443.50133,0.12023
8439.64409,0.11996
8435.78685,0.11983
8431.92960,0.11978
8428.07236,0.11968
8424.21512,0.11954
8420.35788,0.11940
8416.50064,0.11928
8412.64340,0.11916
8408.78616,0.11906
8404.92892,0.11899
8401.07167,0.11884
8397.21443,0.11862
8393.35719,0.11846
8389.49995,0.11837
8385.64271,0.11823
8381.78547,0.11799
8377.92823,0.11775
8374.07098,0.11767
8370.21374,0.11764
8366.35650,0.11751
8362.49926,0.11732
8358.64202,0.11720
8354.78478,0.11720
8350.92754,0.11725
8347.07029,0.11717
8343.21305,0.11694
8339.35581,0.11678
8335.49857,0.11666
8331.64133,0.11652
8327.78409,0.11647
8323.92685,0.11644
8320.06961,0.11637
8316.21236,0.11638
8312.35512,0.11646
8308.49788,0.11653
8304.64064,0.11662
8300.78340,0.11666
8296.92616,0.11652
8293.06892,0.11631
8289.21167,0.11622
8285.35443,0.11627
8281.49719,0.11630
8277.63995,0.11621
8273.78271,0.11612
8269.92547,0.11616
8266.06823,0.11633
8262.21098,0.11643
8258.35374,0.11642
8254.49650,0.11646
8250.63926,0.11648
8246.78202,0.11640
8242.92478,0.11638
8239.06754,0.11652
8235.21030,0.11661
8231.35305,0.11655
8227.49581,0.11652
8223.63857,0.11653
8219.78133,0.11652
8215.92409,0.11649
8212.06685,0.11646
8208.20961,0.11647
8204.35236,0.11648
8200.49512,0.11639
8196.63788,0.11619
8192.78064,0.11596
8188.92340,0.11577
8185.06616,0.11561
8181.20892,0.11543
8177.35168,0.11528
8173.49443,0.11518
8169.63719,0.11502
8165.77995,0.11484
8161.92271,0.11475
8158.06547,0.11465
8154.20823,0.11450
8150.35099,0.11443
8146.49374,0.11434
8142.63650,0.11418
8138.77926,0.11398
8134.92202,0.11371
8131.06478,0.11345
8127.20754,0.11327
8123.35030,0.11310
8119.49305,0.11295
8115.63581,0.11278
8111.77857,0.11247
8107.92133,0.11205
8104.06409,0.11175
8100.20685,0.11170
8096.34961,0.11172
8092.49237,0.11164
8088.63512,0.11141
8084.77788,0.11111
8080.92064,0.11086
8077.06340,0.11070
8073.20616,0.11056
8069.34892,0.11035
8065.49168,0.11008
8061.63443,0.10980
8057.77719,0.10958
8053.91995,0.10952
8050.06271,0.10952
8046.20547,0.10936
8042.34823,0.10909
8038.49099,0.10888
8034.63374,0.10878
8030.77650,0.10866
8026.91926,0.10848
8023.06202,0.10839
8019.20478,0.10845
8015.34754,0.10841
8011.49030,0.10824
8007.63306,0.10818
8003.77581,0.10822
7999.91857,0.10818
7996.06133,0.10803
7992.20409,0.10784
7988.34685,0.10774
7984.48961,0.10770
7980.63237,0.10763
7976.77512,0.10750
7972.91788,0.10734
7969.06064,0.10717
7965.20340,0.10714
7961.34616,0.10732
7957.48892,0.10747
7953.63168,0.10737
7949.77444,0.10712
7945.91719,0.10690
7942.05995,0.10673
7938.20271,0.10655
7934.34547,0.10646
7930.48823,0.10657
7926.63099,0.10677
7922.77375,0.10683
7918.91650,0.10669
7915.05926,0.10653
7911.20202,0.10656
7907.34478,0.10670
7903.48754,0.10680
7899.63030,0.10686
7895.77306,0.10684
7891.91581,0.10672
7888.05857,0.10667
7884.20133,0.10681
7880.34409,0.10693
7876.48685,0.10689
7872.62961,0.10676
7868.77237,0.10680
7864.91513,0.10696
7861.05788,0.10698
7857.20064,0.10685
7853.34340,0.10670
7849.48616,0.10657
7845.62892,0.10650
7841.77168,0.10648
7837.91444,0.10648
7834.05719,0.10642
7830.19995,0.10617
7826.34271,0.10585
7822.48547,0.10568
7818.62823,0.10557
7814.77099,0.10543
7810.91375,0.10535
7807.05650,0.10541
7803.19926,0.10552
7799.34202,0.10547
7795.48478,0.10512
7791.62754,0.10472
7787.77030,0.10463
7783.91306,0.10461
7780.05582,0.10435
7776.19857,0.10420
7772.34133,0.10428
7768.48409,0.10419
7764.62685,0.10400
7760.76961,0.10404
7756.91237,0.10402
7753.05513,0.10378
7749.19788,0.10359
7745.34064,0.10347
7741.48340,0.10323
7737.62616,0.10288
7733.76892,0.10260
7729.91168,0.10255
7726.05444,0.10251
7722.19720,0.10222
7718.33995,0.10178
7714.48271,0.10159
7710.62547,0.10178
7706.76823,0.10196
7702.91099,0.10179
7699.05375,0.10157
7695.19651,0.10146
7691.33926,0.10126
7687.48202,0.10107
7683.62478,0.10112
7679.76754,0.10136
7675.91030,0.10161
7672.05306,0.10166
7668.19582,0.10154
7664.33857,0.10145
7660.48133,0.10148
7656.62409,0.10160
7652.76685,0.10171
7648.90961,0.10185
7645.05237,0.10207
7641.19513,0.10219
7637.33789,0.10210
7633.48064,0.10200
7629.62340,0.10198
7625.76616,0.10204
7621.90892,0.10211
7618.05168,0.10212
7614.19444,0.10219
7610.33720,0.10245
7606.47995,0.10283
7602.62271,0.10310
7598.76547,0.10313
7594.90823,0.10310
7591.05099,0.10312
7587.19375,0.10313
7583.33651,0.10315
7579.47926,0.10330
7575.62202,0.10346
7571.76478,0.10345
7567.90754,0.10346
7564.05030,0.10369
7560.19306,0.10402
7556.33582,0.10442
7552.47858,0.10489
7548.62133,0.10536
7544.76409,0.10577
7540.90685,0.10608
7537.04961,0.10636
7533.19237,0.10668
7529.33513,0.10688
7525.47789,0.10685
7521.62064,0.10690
7517.76340,0.10712
7513.90616,0.10733
7510.04892,0.10749
7506.19168,0.10767
7502.33444,0.10789
7498.47720,0.10816
7494.61996,0.10853
7490.76271,0.10894
7486.90547,0.10929
7483.04823,0.10963
7479.19099,0.11000
7475.33375,0.11047
7471.47651,0.11107
7467.61927,0.11167
7463.76202,0.11223
7459.90478,0.11285
7456.04754,0.11361
7452.19030,0.11449
7448.33306,0.11534
7444.47582,0.11613
7440.61858,0.11700
7436.76133,0.11797
7432.90409,0.11896
7429.04685,0.12009
7425.18961,0.12138
7421.33237,0.12262
7417.47513,0.12368
7413.61789,0.12456
7409.76065,0.12541
7405.90340,0.12635
7402.04616,0.12738
7398.18892,0.12850
7394.33168,0.12968
7390.47444,0.13076
7386.61720,0.13179
7382.75996,0.13290
7378.90271,0.13410
7375.04547,0.13532
7371.18823,0.13655
7367.33099,0.13768
7363.47375,0.13872
7359.61651,0.13974
7355.75927,0.14075
7351.90202,0.14172
7348.04478,0.14260
7344.18754,0.14338
7340.33030,0.14412
7336.47306,0.14487
7332.61582,0.14554
7328.75858,0.14609
7324.90134,0.14651
7321.04409,0.14684
7317.18685,0.14716
7313.32961,0.14746
7309.47237,0.14766
7305.61513,0.14784
7301.75789,0.14805
7297.90065,0.14823
7294.04340,0.14840
7290.18616,0.14867
7286.32892,0.14904
7282.47168,0.14929
7278.61444,0.14946
7274.75720,0.14982
7270.89996,0.15034
7267.04272,0.15074
7263.18547,0.15103
7259.32823,0.15144
7255.47099,0.15188
7251.61375,0.15217
7247.75651,0.15234
7243.89927,0.15248
7240.04203,0.15269
7236.18478,0.15294
7232.32754,0.15314
7228.47030,0.15326
7224.61306,0.15340
7220.75582,0.15360
7216.89858,0.15380
7213.04134,0.15400
7209.18409,0.15428
7205.32685,0.15453
7201.46961,0.15466
7197.61237,0.15477
7193.75513,0.15498
7189.89789,0.15524
7186.04065,0.15550
7182.18341,0.15579
7178.32616,0.15617
7174.46892,0.15665
7170.61168,0.15725
7166.75444,0.15794
7162.89720,0.15867
7159.03996,0.15941
7155.18272,0.16015
7151.32547,0.16099
7147.46823,0.16202
7143.61099,0.16315
7139.75375,0.16431
7135.89651,0.16543
7132.03927,0.16648
7128.18203,0.16757
7124.32478,0.16880
7120.46754,0.17004
7116.61030,0.17119
7112.75306,0.17238
7108.89582,0.17364
7105.03858,0.17490
7101.18134,0.17614
7097.32410,0.17741
7093.46685,0.17880
7089.60961,0.18029
7085.75237,0.18187
7081.89513,0.18347
7078.03789,0.18509
7074.18065,0.18675
7070.32341,0.18846
7066.46616,0.19014
7062.60892,0.19176
7058.75168,0.19339
7054.89444,0.19509
7051.03720,0.19677
7047.17996,0.19832
7043.32272,0.19981
7039.46548,0.20130
7035.60823,0.20281
7031.75099,0.20424
7027.89375,0.20559
7024.03651,0.20683
7020.17927,0.20796
7016.32203,0.20907
7012.46479,0.21018
7008.60754,0.21126
7004.75030,0.21228
7000.89306,0.21323
6997.03582,0.21411
6993.17858,0.21497
6989.32134,0.21583
6985.46410,0.21664
6981.60685,0.21740
6977.74961,0.21815
6973.89237,0.21891
6970.03513,0.21959
6966.17789,0.22015
6962.32065,0.22068
6958.46341,0.22120
6954.60617,0.22162
6950.74892,0.22196
6946.89168,0.22234
6943.03444,0.22278
6939.17720,0.22323
6935.31996,0.22376
6931.46272,0.22427
6927.60548,0.22467
6923.74823,0.22505
6919.89099,0.22551
6916.03375,0.22600
6912.17651,0.22643
6908.31927,0.22681
6904.46203,0.22713
6900.60479,0.22744
6896.74754,0.22785
6892.89030,0.22838
6889.03306,0.22894
6885.17582,0.22948
6881.31858,0.23000
6877.46134,0.23056
6873.60410,0.23117
6869.74686,0.23180
6865.88961,0.23242
6862.03237,0.23312
6858.17513,0.23386
6854.31789,0.23461
6850.46065,0.23535
6846.60341,0.23609
6842.74617,0.23679
6838.88892,0.23741
6835.03168,0.23802
6831.17444,0.23877
6827.31720,0.23962
6823.45996,0.24046
6819.60272,0.24122
6815.74548,0.24194
6811.88824,0.24273
6808.03099,0.24363
6804.17375,0.24459
6800.31651,0.24551
6796.45927,0.24635
6792.60203,0.24715
6788.74479,0.24803
6784.88755,0.24904
6781.03030,0.25004
6777.17306,0.25094
6773.31582,0.25170
6769.45858,0.25238
6765.60134,0.25304
6761.74410,0.25368
6757.88686,0.25417
6754.02961,0.25454
6750.17237,0.25493
6746.31513,0.25540
6742.45789,0.25581
6738.60065,0.25604
6734.74341,0.25619
6730.88617,0.25641
6727.02893,0.25664
6723.17168,0.25680
6719.31444,0.25688
6715.45720,0.25697
6711.59996,0.25712
6707.74272,0.25723
6703.88548,0.25725
6700.02824,0.25723
6696.17099,0.25718
6692.31375,0.25706
6688.45651,0.25695
6684.59927,0.25689
6680.74203,0.25679
6676.88479,0.25658
6673.02755,0.25628
6669.17030,0.25594
6665.31306,0.25565
6661.45582,0.25534
6657.59858,0.25499
6653.74134,0.25462
6649.88410,0.25421
6646.02686,0.25378
6642.16962,0.25337
6638.31237,0.25301
6634.45513,0.25265
6630.59789,0.25223
6626.74065,0.25170
6622.88341,0.25107
6619.02617,0.25043
6615.16893,0.24989
6611.31168,0.24941
6607.45444,0.24892
6603.59720,0.24838
6599.73996,0.24784
6595.88272,0.24738
6592.02548,0.24702
6588.16824,0.24670
6584.31100,0.24640
6580.45375,0.24615
6576.59651,0.24596
6572.73927,0.24587
6568.88203,0.24586
6565.02479,0.24587
6561.16755,0.24589
6557.31031,0.24593
6553.45306,0.24601
6549.59582,0.24615
6545.73858,0.24630
6541.88134,0.24643
6538.02410,0.24658
6534.16686,0.24680
6530.30962,0.24705
6526.45237,0.24722
6522.59513,0.24728
6518.73789,0.24731
6514.88065,0.24742
6511.02341,0.24759
6507.16617,0.24775
6503.30893,0.24785
6499.45169,0.24792
6495.59444,0.24799
6491.73720,0.24807
6487.87996,0.24810
6484.02272,0.24803
6480.16548,0.24790
6476.30824,0.24777
6472.45100,0.24769
6468.59375,0.24760
6464.73651,0.24750
6460.87927,0.24734
6457.02203,0.24707
6453.16479,0.24677
6449.30755,0.24649
6445.45031,0.24619
6441.59306,0.24590
6437.73582,0.24561
6433.87858,0.24526
6430.02134,0.24491
6426.16410,0.24458
6422.30686,0.24423
6418.44962,0.24386
6414.59238,0.24352
6410.73513,0.24320
6406.87789,0.24292
6403.02065,0.24265
6399.16341,0.24241
6395.30617,0.24222
6391.44893,0.24207
6387.59169,0.24191
6383.73444,0.24178
6379.87720,0.24161
6376.01996,0.24138
6372.16272,0.24115
6368.30548,0.24098
6364.44824,0.24077
6360.59100,0.24056
6356.73376,0.24038
6352.87651,0.24024
6349.01927,0.24010
6345.16203,0.24000
6341.30479,0.23998
6337.44755,0.24000
6333.59031,0.24000
6329.73307,0.23994
6325.87582,0.23990
6322.01858,0.23986
6318.16134,0.23975
6314.30410,0.23963
6310.44686,0.23958
6306.58962,0.23950
6302.73238,0.23931
6298.87513,0.23900
6295.01789,0.23862
6291.16065,0.23822
6287.30341,0.23776
6283.44617,0.23718
6279.58893,0.23653
6275.73169,0.23588
6271.87445,0.23521
6268.01720,0.23444
6264.15996,0.23363
6260.30272,0.23284
6256.44548,0.23203
6252.58824,0.23117
6248.73100,0.23030
6244.87376,0.22942
6241.01651,0.22849
6237.15927,0.22744
6233.30203,0.22638
6229.44479,0.22537
6225.58755,0.22442
6221.73031,0.22361
6217.87307,0.22302
6214.01582,0.22269
6210.15858,0.22269
6206.30134,0.22303
6202.44410,0.22354
6198.58686,0.22387
6194.72962,0.22366
6190.87238,0.22277
6187.01514,0.22139
6183.15789,0.21982
6179.30065,0.21838
6175.44341,0.21726
6171.58617,0.21644
6167.72893,0.21590
6163.87169,0.21570
6160.01445,0.21586
6156.15720,0.21633
6152.29996,0.21697
6148.44272,0.21752
6144.58548,0.21777
6140.72824,0.21767
6136.87100,0.21735
6133.01376,0.21698
6129.15652,0.21679
6125.29927,0.21708
6121.44203,0.21807
6117.58479,0.21979
6113.72755,0.22225
6109.87031,0.22551
6106.01307,0.22952
6102.15583,0.23408
6098.29858,0.23892
6094.44134,0.24388
6090.58410,0.24881
6086.72686,0.25350
6082.86962,0.25786
6079.01238,0.26211
6075.15514,0.26669
6071.29789,0.27204
6067.44065,0.27834
6063.58341,0.28526
6059.72617,0.29211
6055.86893,0.29826
6052.01169,0.30355
6048.15445,0.30828
6044.29721,0.31290
6040.43996,0.31788
6036.58272,0.32346
6032.72548,0.32944
6028.86824,0.33503
6025.01100,0.33930
6021.15376,0.34151
6017.29652,0.34115
6013.43927,0.33805
6009.58203,0.33245
6005.72479,0.32509
6001.86755,0.31696
5998.01031,0.30902
5994.15307,0.30203
5990.29583,0.29653
5986.43858,0.29268
5982.58134,0.29014
5978.72410,0.28811
5974.86686,0.28557
5971.00962,0.28201
5967.15238,0.27782
5963.29514,0.27384
5959.43790,0.27077
5955.58065,0.26891
5951.72341,0.26808
5947.86617,0.26775
5944.00893,0.26723
5940.15169,0.26578
5936.29445,0.26306
5932.43721,0.25922
5928.57996,0.25476
5924.72272,0.25025
5920.86548,0.24611
5917.00824,0.24249
5913.15100,0.23942
5909.29376,0.23711
5905.43652,0.23589
5901.57927,0.23589
5897.72203,0.23702
5893.86479,0.23904
5890.00755,0.24159
5886.15031,0.24433
5882.29307,0.24704
5878.43583,0.24956
5874.57859,0.25183
5870.72134,0.25388
5866.86410,0.25550
5863.00686,0.25632
5859.14962,0.25621
5855.29238,0.25547
5851.43514,0.25450
5847.57790,0.25355
5843.72065,0.25272
5839.86341,0.25210
5836.00617,0.25177
5832.14893,0.25175
5828.29169,0.25193
5824.43445,0.25222
5820.57721,0.25257
5816.71997,0.25294
5812.86272,0.25329
5809.00548,0.25347
5805.14824,0.25340
5801.29100,0.25307
5797.43376,0.25263
5793.57652,0.25222
5789.71928,0.25191
5785.86203,0.25167
5782.00479,0.25139
5778.14755,0.25097
5774.29031,0.25036
5770.43307,0.24959
5766.57583,0.24866
5762.71859,0.24749
5758.86134,0.24609
5755.00410,0.24444
5751.14686,0.24260
5747.28962,0.24064
5743.43238,0.23866
5739.57514,0.23675
5735.71790,0.23497
5731.86066,0.23347
5728.00341,0.23238
5724.14617,0.23174
5720.28893,0.23150
5716.43169,0.23153
5712.57445,0.23167
5708.71721,0.23180
5704.85997,0.23184
5701.00272,0.23176
5697.14548,0.23155
5693.28824,0.23124
5689.43100,0.23084
5685.57376,0.23037
5681.71652,0.23002
5677.85928,0.22990
5674.00203,0.22999
5670.14479,0.23026
5666.28755,0.23067
5662.43031,0.23117
5658.57307,0.23159
5654.71583,0.23181
5650.85859,0.23173
5647.00135,0.23127
5643.14410,0.23044
5639.28686,0.22942
5635.42962,0.22836
5631.57238,0.22733
5627.71514,0.22644
5623.85790,0.22576
5620.00066,0.22526
5616.14341,0.22492
5612.28617,0.22472
5608.42893,0.22465
5604.57169,0.22477
5600.71445,0.22508
5596.85721,0.22553
5592.99997,0.22606
5589.14273,0.22664
5585.28548,0.22725
5581.42824,0.22789
5577.57100,0.22855
5573.71376,0.22923
5569.85652,0.22983
5565.99928,0.23021
5562.14204,0.23036
5558.28479,0.23032
5554.42755,0.23020
5550.57031,0.23009
5546.71307,0.23004
5542.85583,0.23004
5538.99859,0.23005
5535.14135,0.23000
5531.28410,0.22989
5527.42686,0.22971
5523.56962,0.22941
5519.71238,0.22901
5515.85514,0.22863
5511.99790,0.22833
5508.14066,0.22815
5504.28342,0.22820
5500.42617,0.22853
5496.56893,0.22904
5492.71169,0.22965
5488.85445,0.23029
5484.99721,0.23085
5481.13997,0.23118
5477.28273,0.23117
5473.42548,0.23082
5469.56824,0.23022
5465.71100,0.22944
5461.85376,0.22850
5457.99652,0.22744
5454.13928,0.22627
5450.28204,0.22491
5446.42479,0.22332
5442.56755,0.22161
5438.71031,0.21995
5434.85307,0.21838
5430.99583,0.21693
5427.13859,0.21569
5423.28135,0.21472
5419.42411,0.21399
5415.56686,0.21339
5411.70962,0.21292
5407.85238,0.21265
5403.99514,0.21254
5400.13790,0.21240
5396.28066,0.21215
5392.42342,0.21190
5388.56617,0.21176
5384.70893,0.21173
5380.85169,0.21180
5376.99445,0.21201
5373.13721,0.21228
5369.27997,0.21261
5365.42273,0.21303
5361.56549,0.21356
5357.70824,0.21414
5353.85100,0.21472
5349.99376,0.21516
5346.13652,0.21543
5342.27928,0.21564
5338.42204,0.21588
5334.56480,0.21618
5330.70755,0.21658
5326.85031,0.21716
5322.99307,0.21806
5319.13583,0.21932
5315.27859,0.22086
5311.42135,0.22263
5307.56411,0.22474
5303.70686,0.22724
5299.84962,0.23001
5295.99238,0.23305
5292.13514,0.23650
5288.27790,0.24051
5284.42066,0.24504
5280.56342,0.25006
5276.70618,0.25549
5272.84893,0.26114
5268.99169,0.26687
5265.13445,0.27256
5261.27721,0.27799
5257.41997,0.28297
5253.56273,0.28746
5249.70549,0.29145
5245.84824,0.29499
5241.99100,0.29811
5238.13376,0.30079
5234.27652,0.30318
5230.41928,0.30532
5226.56204,0.30714
5222.70480,0.30868
5218.84755,0.30995
5214.99031,0.31099
5211.13307,0.31186
5207.27583,0.31272
5203.41859,0.31349
5199.56135,0.31404
5195.70411,0.31440
5191.84687,0.31473
5187.98962,0.31509
5184.13238,0.31536
5180.27514,0.31544
5176.41790,0.31540
5172.56066,0.31533
5168.70342,0.31521
5164.84618,0.31507
5160.98893,0.31493
5157.13169,0.31474
5153.27445,0.31451
5149.41721,0.31432
5145.55997,0.31413
5141.70273,0.31387
5137.84549,0.31358
5133.98825,0.31338
5130.13100,0.31330
5126.27376,0.31325
5122.41652,0.31291
5118.55928,0.31193
5114.70204,0.31008
5110.84480,0.30745
5106.98756,0.30438
5103.13031,0.30117
5099.27307,0.29804
5095.41583,0.29511
5091.55859,0.29243
5087.70135,0.28999
5083.84411,0.28779
5079.98687,0.28580
5076.12962,0.28398
5072.27238,0.28228
5068.41514,0.28060
5064.55790,0.27898
5060.70066,0.27753
5056.84342,0.27625
5052.98618,0.27505
5049.12894,0.27394
5045.27169,0.27294
5041.41445,0.27199
5037.55721,0.27108
5033.69997,0.27021
5029.84273,0.26938
5025.98549,0.26861
5022.12825,0.26798
5018.27100,0.26749
5014.41376,0.26703
5010.55652,0.26652
5006.69928,0.26596
5002.84204,0.26535
4998.98480,0.26472
4995.12756,0.26418
4991.27031,0.26376
4987.41307,0.26346
4983.55583,0.26333
4979.69859,0.26339
4975.84135,0.26369
4971.98411,0.26426
4968.12687,0.26509
4964.26963,0.26615
4960.41238,0.26741
4956.55514,0.26888
4952.69790,0.27058
4948.84066,0.27246
4944.98342,0.27447
4941.12618,0.27659
4937.26894,0.27882
4933.41169,0.28111
4929.55445,0.28349
4925.69721,0.28605
4921.83997,0.28880
4917.98273,0.29163
4914.12549,0.29454
4910.26825,0.29767
4906.41101,0.30102
4902.55376,0.30449
4898.69652,0.30801
4894.83928,0.31156
4890.98204,0.31520
4887.12480,0.31899
4883.26756,0.32285
4879.41032,0.32668
4875.55307,0.33042
4871.69583,0.33405
4867.83859,0.33755
4863.98135,0.34093
4860.12411,0.34417
4856.26687,0.34739
4852.40963,0.35079
4848.55238,0.35438
4844.69514,0.35820
4840.83790,0.36232
4836.98066,0.36667
4833.12342,0.37115
4829.26618,0.37564
4825.40894,0.38003
4821.55170,0.38417
4817.69445,0.38799
4813.83721,0.39153
4809.97997,0.39482
4806.12273,0.39779
4802.26549,0.40040
4798.40825,0.40267
4794.55101,0.40451
4790.69376,0.40578
4786.83652,0.40654
4782.97928,0.40698
4779.12204,0.40725
4775.26480,0.40755
4771.40756,0.40811
4767.55032,0.40904
4763.69307,0.41042
4759.83583,0.41229
4755.97859,0.41462
4752.12135,0.41725
4748.26411,0.41988
4744.40687,0.42229
4740.54963,0.42459
4736.69239,0.42716
4732.83514,0.43039
4728.97790,0.43438
4725.12066,0.43857
4721.26342,0.44184
4717.40618,0.44350
4713.54894,0.44401
4709.69170,0.44484
4705.83445,0.44747
4701.97721,0.45237
4698.11997,0.45854
4694.26273,0.46365
4690.40549,0.46530
4686.54825,0.46233
4682.69101,0.45524
4678.83377,0.44567
4674.97652,0.43580
4671.11928,0.42747
4667.26204,0.42158
4663.40480,0.41791
4659.54756,0.41580
4655.69032,0.41502
4651.83308,0.41613
4647.97583,0.41964
4644.11859,0.42494
4640.26135,0.43024
4636.40411,0.43304
4632.54687,0.43119
4628.68963,0.42421
4624.83239,0.41367
4620.97514,0.40245
4617.11790,0.39301
4613.26066,0.38631
4609.40342,0.38222
4605.54618,0.38057
4601.68894,0.38134
4597.83170,0.38406
4593.97446,0.38741
4590.11721,0.39020
4586.25997,0.39235
4582.40273,0.39359
4578.54549,0.39211
4574.68825,0.38643
4570.83101,0.37763
4566.97377,0.36846
4563.11652,0.36121
4559.25928,0.35659
4555.40204,0.35401
4551.54480,0.35260
4547.68756,0.35174
4543.83032,0.35107
4539.97308,0.35051
4536.11583,0.35013
4532.25859,0.35012
4528.40135,0.35065
4524.54411,0.35181
4520.68687,0.35364
4516.82963,0.35618
4512.97239,0.35961
4509.11515,0.36425
4505.25790,0.37052
4501.40066,0.37867
4497.54342,0.38836
4493.68618,0.39841
4489.82894,0.40728
4485.97170,0.41425
4482.11446,0.42009
4478.25721,0.42646
4474.39997,0.43499
4470.54273,0.44679
4466.68549,0.46182
4462.82825,0.47781
4458.97101,0.49068
4455.11377,0.49804
4451.25653,0.50177
4447.39928,0.50543
4443.54204,0.51057
4439.68480,0.51643
4435.82756,0.52122
4431.97032,0.52320
4428.11308,0.52152
4424.25584,0.51702
4420.39859,0.51209
4416.54135,0.50911
4412.68411,0.50893
4408.82687,0.51059
4404.96963,0.51207
4401.11239,0.51152
4397.25515,0.50841
4393.39790,0.50365
4389.54066,0.49855
4385.68342,0.49400
4381.82618,0.49041
4377.96894,0.48784
4374.11170,0.48619
4370.25446,0.48559
4366.39722,0.48624
4362.53997,0.48775
4358.68273,0.48941
4354.82549,0.49094
4350.96825,0.49275
4347.11101,0.49529
4343.25377,0.49848
4339.39653,0.50174
4335.53928,0.50449
4331.68204,0.50667
4327.82480,0.50864
4323.96756,0.51081
4320.11032,0.51357
4316.25308,0.51723
4312.39584,0.52192
4308.53859,0.52754
4304.68135,0.53365
4300.82411,0.53954
4296.96687,0.54454
4293.10963,0.54816
4289.25239,0.55013
4285.39515,0.55060
4281.53791,0.55003
4277.68066,0.54889
4273.82342,0.54729
4269.96618,0.54508
4266.10894,0.54246
4262.25170,0.54010
4258.39446,0.53859
4254.53722,0.53820
4250.67997,0.53862
4246.82273,0.53901
4242.96549,0.53857
4239.10825,0.53723
4235.25101,0.53563
4231.39377,0.53448
4227.53653,0.53357
4223.67929,0.53201
4219.82204,0.52925
4215.96480,0.52583
4212.10756,0.52261
4208.25032,0.51992
4204.39308,0.51767
4200.53584,0.51587
4196.67860,0.51489
4192.82135,0.51539
4188.96411,0.51798
4185.10687,0.52247
4181.24963,0.52725
4177.39239,0.52951
4173.53515,0.52736
4169.67791,0.52155
4165.82066,0.51448
4161.96342,0.50838
4158.10618,0.50439
4154.24894,0.50255
4150.39170,0.50267
4146.53446,0.50466
4142.67722,0.50834
4138.81998,0.51298
4134.96273,0.51750
4131.10549,0.52116
4127.24825,0.52408
4123.39101,0.52708
4119.53377,0.53109
4115.67653,0.53676
4111.81929,0.54444
4107.96204,0.55441
4104.10480,0.56728
4100.24756,0.58406
4096.39032,0.60372
4092.53308,0.62015
4088.67584,0.62614
4084.81860,0.62084
4080.96135,0.60887
4077.10411,0.59538
4073.24687,0.58427
4069.38963,0.57723
4065.53239,0.57375
4061.67515,0.57259
4057.81791,0.57301
4053.96067,0.57459
4050.10342,0.57666
4046.24618,0.57844
4042.38894,0.57959
4038.53170,0.58027
4034.67446,0.58081
4030.81722,0.58134
4026.95998,0.58178
4023.10273,0.58197
4019.24549,0.58180
4015.38825,0.58109
4011.53101,0.57966
4007.67377,0.57760
4003.81653,0.57518
3999.95929,0.57259
3996.10205,0.56974
3992.24480,0.56666
3988.38756,0.56378
3984.53032,0.56149
3980.67308,0.55979
3976.81584,0.55839
3972.95860,0.55691
3969.10136,0.55495
3965.24411,0.55237
3961.38687,0.54940
3957.52963,0.54640
3953.67239,0.54355
3949.81515,0.54064
3945.95791,0.53761
3942.10067,0.53468
3938.24342,0.53204
3934.38618,0.52958
3930.52894,0.52725
3926.67170,0.52520
3922.81446,0.52338
3918.95722,0.52154
3915.09998,0.51956
3911.24274,0.51734
3907.38549,0.51454
3903.52825,0.51076
3899.67101,0.50661
3895.81377,0.50305
3891.95653,0.50000
3888.09929,0.49738
3884.24205,0.49520
3880.38480,0.49331
3876.52756,0.49141
3872.67032,0.48881
3868.81308,0.48539
3864.95584,0.48197
3861.09860,0.47911
3857.24136,0.47651
3853.38411,0.47364
3849.52687,0.47129
3845.66963,0.46983
3841.81239,0.46854
3837.95515,0.46734
3834.09791,0.46658
3830.24067,0.46628
3826.38343,0.46633
3822.52618,0.46717
3818.66894,0.46973
3814.81170,0.47334
3810.95446,0.47613
3807.09722,0.47735
3803.23998,0.47680
3799.38274,0.47469
3795.52549,0.47228
3791.66825,0.47061
3787.81101,0.46998
3783.95377,0.47040
3780.09653,0.47178
3776.23929,0.47379
3772.38205,0.47624
3768.52481,0.47935
3764.66756,0.48286
3760.81032,0.48571
3756.95308,0.48655
3753.09584,0.48450
3749.23860,0.48089
3745.38136,0.47914
3741.52412,0.48022
3737.66687,0.48330
3733.80963,0.48768
3729.95239,0.49075
3726.09515,0.49161
3722.23791,0.49226
3718.38067,0.49416
3714.52343,0.49786
3710.66618,0.50450
3706.80894,0.51354
3702.95170,0.52405
3699.09446,0.53682
3695.23722,0.55182
3691.37998,0.57135
3687.52274,0.59385
3683.66550,0.60901
3679.80825,0.61737
3675.95101,0.62677
3672.09377,0.64282
3668.23653,0.66297
3664.37929,0.68206
3660.52205,0.69994
3656.66481,0.71821
3652.80756,0.73726
3648.95032,0.75790
3645.09308,0.77703
3641.23584,0.78998
3637.37860,0.79955
3633.52136,0.80905
3629.66412,0.82123
3625.80687,0.83451
3621.94963,0.84286
3618.09239,0.84866
3614.23515,0.85631
3610.37791,0.86718
3606.52067,0.87639
3602.66343,0.88066
3598.80619,0.88626
