12493.60475,0.10804
12489.74751,0.10583
12485.89027,0.10447
12482.03303,0.10449
12478.17579,0.10515
12474.31855,0.10799
12470.46130,0.11168
12466.60406,0.11293
12462.74682,0.11154
12458.88958,0.10908
12455.03234,0.10753
12451.17510,0.10808
12447.31786,0.10784
12443.46062,0.10593
12439.60337,0.10720
12435.74613,0.10961
12431.88889,0.10650
12428.03165,0.10241
12424.17441,0.10412
12420.31717,0.10814
12416.45993,0.11015
12412.60268,0.10966
12408.74544,0.10690
12404.88820,0.10478
12401.03096,0.10683
12397.17372,0.11082
12393.31648,0.11157
12389.45924,0.10937
12385.60199,0.10781
12381.74475,0.10737
12377.88751,0.10628
12374.03027,0.10398
12370.17303,0.10272
12366.31579,0.10385
12362.45855,0.10595
12358.60131,0.10798
12354.74406,0.10962
12350.88682,0.11083
12347.02958,0.11137
12343.17234,0.11025
12339.31510,0.10816
12335.45786,0.10685
12331.60062,0.10587
12327.74337,0.10503
12323.88613,0.10609
12320.02889,0.10815
12316.17165,0.10848
12312.31441,0.10736
12308.45717,0.10618
12304.59993,0.10517
12300.74268,0.10551
12296.88544,0.10793
12293.02820,0.10934
12289.17096,0.10802
12285.31372,0.10680
12281.45648,0.10698
12277.59924,0.10740
12273.74200,0.10788
12269.88475,0.10856
12266.02751,0.10784
12262.17027,0.10541
12258.31303,0.10466
12254.45579,0.10665
12250.59855,0.10815
12246.74131,0.10776
12242.88406,0.10709
12239.02682,0.10700
12235.16958,0.10723
12231.31234,0.10860
12227.45510,0.11010
12223.59786,0.10831
12219.74062,0.10442
12215.88338,0.10407
12212.02613,0.10811
12208.16889,0.11041
12204.31165,0.10816
12200.45441,0.10601
12196.59717,0.10632
12192.73993,0.10719
12188.88269,0.10771
12185.02544,0.10774
12181.16820,0.10747
12177.31096,0.10675
12173.45372,0.10556
12169.59648,0.10559
12165.73924,0.10725
12161.88200,0.10839
12158.02475,0.10809
12154.16751,0.10713
12150.31027,0.10556
12146.45303,0.10389
12142.59579,0.10430
12138.73855,0.10659
12134.88131,0.10746
12131.02407,0.10648
12127.16682,0.10519
12123.30958,0.10316
12119.45234,0.10192
12115.59510,0.10312
12111.73786,0.10383
12107.88062,0.10260
12104.02338,0.10240
12100.16613,0.10437
12096.30889,0.10627
12092.45165,0.10716
12088.59441,0.10780
12084.73717,0.10841
12080.87993,0.10865
12077.02269,0.10846
12073.16544,0.10857
12069.30820,0.10834
12065.45096,0.10660
12061.59372,0.10500
12057.73648,0.10532
12053.87924,0.10678
12050.02200,0.10776
12046.16476,0.10801
12042.30751,0.10818
12038.45027,0.10781
12034.59303,0.10699
12030.73579,0.10642
12026.87855,0.10612
12023.02131,0.10646
12019.16407,0.10708
12015.30682,0.10703
12011.44958,0.10649
12007.59234,0.10597
12003.73510,0.10564
11999.87786,0.10598
11996.02062,0.10783
11992.16338,0.11125
11988.30614,0.11365
11984.44889,0.11199
11980.59165,0.10861
11976.73441,0.10857
11972.87717,0.11128
11969.01993,0.11252
11965.16269,0.11122
11961.30545,0.10983
11957.44820,0.10992
11953.59096,0.11022
11949.73372,0.11061
11945.87648,0.11300
11942.01924,0.11580
11938.16200,0.11519
11934.30476,0.11199
11930.44751,0.11007
11926.59027,0.10993
11922.73303,0.10951
11918.87579,0.10884
11915.01855,0.10863
11911.16131,0.10881
11907.30407,0.10923
11903.44683,0.10918
11899.58958,0.10856
11895.73234,0.10816
11891.87510,0.10861
11888.01786,0.10986
11884.16062,0.11058
11880.30338,0.11073
11876.44614,0.11193
11872.58889,0.11335
11868.73165,0.11239
11864.87441,0.11010
11861.01717,0.10955
11857.15993,0.11002
11853.30269,0.10963
11849.44545,0.11008
11845.58820,0.11283
11841.73096,0.11524
11837.87372,0.11541
11834.01648,0.11427
11830.15924,0.11260
11826.30200,0.11179
11822.44476,0.11254
11818.58752,0.11324
11814.73027,0.11365
11810.87303,0.11414
11807.01579,0.11333
11803.15855,0.11121
11799.30131,0.11038
11795.44407,0.11168
11791.58683,0.11351
11787.72958,0.11501
11783.87234,0.11557
11780.01510,0.11556
11776.15786,0.11638
11772.30062,0.11677
11768.44338,0.11557
11764.58614,0.11436
11760.72890,0.11361
11756.87165,0.11247
11753.01441,0.11211
11749.15717,0.11326
11745.29993,0.11348
11741.44269,0.11236
11737.58545,0.11248
11733.72821,0.11389
11729.87096,0.11508
11726.01372,0.11596
11722.15648,0.11635
11718.29924,0.11564
11714.44200,0.11448
11710.58476,0.11419
11706.72752,0.11460
11702.87027,0.11483
11699.01303,0.11476
11695.15579,0.11421
11691.29855,0.11336
11687.44131,0.11329
11683.58407,0.11432
11679.72683,0.11533
11675.86959,0.11538
11672.01234,0.11446
11668.15510,0.11302
11664.29786,0.11213
11660.44062,0.11238
11656.58338,0.11360
11652.72614,0.11552
11648.86890,0.11654
11645.01165,0.11530
11641.15441,0.11395
11637.29717,0.11413
11633.43993,0.11416
11629.58269,0.11318
11625.72545,0.11246
11621.86821,0.11309
11618.01096,0.11413
11614.15372,0.11341
11610.29648,0.11126
11606.43924,0.11059
11602.58200,0.11133
11598.72476,0.11141
11594.86752,0.11106
11591.01028,0.11109
11587.15303,0.11158
11583.29579,0.11223
11579.43855,0.11226
11575.58131,0.11213
11571.72407,0.11229
11567.86683,0.11163
11564.00959,0.10981
11560.15234,0.10828
11556.29510,0.10918
11552.43786,0.11221
11548.58062,0.11407
11544.72338,0.11316
11540.86614,0.11185
11537.00890,0.11266
11533.15166,0.11408
11529.29441,0.11329
11525.43717,0.11160
11521.57993,0.11245
11517.72269,0.11534
11513.86545,0.11626
11510.00821,0.11512
11506.15097,0.11553
11502.29372,0.11719
11498.43648,0.11653
11494.57924,0.11330
11490.72200,0.11129
11486.86476,0.11250
11483.00752,0.11394
11479.15028,0.11357
11475.29303,0.11323
11471.43579,0.11344
11467.57855,0.11285
11463.72131,0.11180
11459.86407,0.11141
11456.00683,0.11160
11452.14959,0.11199
11448.29235,0.11201
11444.43510,0.11094
11440.57786,0.10966
11436.72062,0.10951
11432.86338,0.10964
11429.00614,0.10862
11425.14890,0.10680
11421.29166,0.10582
11417.43441,0.10675
11413.57717,0.10818
11409.71993,0.10874
11405.86269,0.10891
11402.00545,0.10896
11398.14821,0.10914
11394.29097,0.10927
11390.43372,0.10855
11386.57648,0.10790
11382.71924,0.10870
11378.86200,0.10962
11375.00476,0.10895
11371.14752,0.10789
11367.29028,0.10784
11363.43304,0.10866
11359.57579,0.11014
11355.71855,0.11189
11351.86131,0.11245
11348.00407,0.11132
11344.14683,0.11040
11340.28959,0.11087
11336.43235,0.11143
11332.57510,0.11078
11328.71786,0.10980
11324.86062,0.10984
11321.00338,0.11051
11317.14614,0.11121
11313.28890,0.11127
11309.43166,0.11002
11305.57442,0.10899
11301.71717,0.10970
11297.85993,0.11062
11294.00269,0.10984
11290.14545,0.10883
11286.28821,0.10996
11282.43097,0.11161
11278.57373,0.11131
11274.71648,0.11016
11270.85924,0.10933
11267.00200,0.10868
11263.14476,0.10903
11259.28752,0.11007
11255.43028,0.11020
11251.57304,0.10975
11247.71579,0.10975
11243.85855,0.10966
11240.00131,0.10938
11236.14407,0.10942
11232.28683,0.10948
11228.42959,0.10957
11224.57235,0.10963
11220.71511,0.10952
11216.85786,0.10947
11213.00062,0.10932
11209.14338,0.10917
11205.28614,0.10933
11201.42890,0.10959
11197.57166,0.10963
11193.71442,0.10937
11189.85717,0.10912
11185.99993,0.10865
11182.14269,0.10780
11178.28545,0.10784
11174.42821,0.10905
11170.57097,0.11028
11166.71373,0.11133
11162.85648,0.11158
11158.99924,0.11001
11155.14200,0.10809
11151.28476,0.10781
11147.42752,0.10900
11143.57028,0.11057
11139.71304,0.11116
11135.85580,0.11031
11131.99855,0.10941
11128.14131,0.10945
11124.28407,0.10994
11120.42683,0.10995
11116.56959,0.10889
11112.71235,0.10764
11108.85511,0.10772
11104.99786,0.10870
11101.14062,0.10916
11097.28338,0.10943
11093.42614,0.11014
11089.56890,0.11070
11085.71166,0.11120
11081.85442,0.11179
11077.99718,0.11137
11074.13993,0.11022
11070.28269,0.10977
11066.42545,0.10981
11062.56821,0.10986
11058.71097,0.11020
11054.85373,0.11015
11050.99649,0.10955
11047.13924,0.10935
11043.28200,0.10979
11039.42476,0.11048
11035.56752,0.11065
11031.71028,0.11015
11027.85304,0.10969
11023.99580,0.10938
11020.13855,0.10939
11016.28131,0.11008
11012.42407,0.11096
11008.56683,0.11094
11004.70959,0.11003
11000.85235,0.10942
10996.99511,0.10950
10993.13787,0.10976
10989.28062,0.10993
10985.42338,0.11015
10981.56614,0.11026
10977.70890,0.10985
10973.85166,0.10919
10969.99442,0.10876
10966.13718,0.10856
10962.27993,0.10858
10958.42269,0.10863
10954.56545,0.10838
10950.70821,0.10812
10946.85097,0.10834
10942.99373,0.10874
10939.13649,0.10873
10935.27924,0.10866
10931.42200,0.10869
10927.56476,0.10818
10923.70752,0.10753
10919.85028,0.10739
10915.99304,0.10725
10912.13580,0.10738
10908.27856,0.10822
10904.42131,0.10876
10900.56407,0.10849
10896.70683,0.10803
10892.84959,0.10793
10888.99235,0.10807
10885.13511,0.10802
10881.27787,0.10775
10877.42062,0.10757
10873.56338,0.10783
10869.70614,0.10858
10865.84890,0.10886
10861.99166,0.10776
10858.13442,0.10608
10854.27718,0.10539
10850.41993,0.10601
10846.56269,0.10687
10842.70545,0.10697
10838.84821,0.10616
10834.99097,0.10504
10831.13373,0.10463
10827.27649,0.10516
10823.41925,0.10578
10819.56200,0.10580
10815.70476,0.10537
10811.84752,0.10523
10807.99028,0.10578
10804.13304,0.10667
10800.27580,0.10719
10796.41856,0.10705
10792.56131,0.10650
10788.70407,0.10615
10784.84683,0.10631
10780.98959,0.10649
10777.13235,0.10627
10773.27511,0.10595
10769.41787,0.10580
10765.56063,0.10575
10761.70338,0.10550
10757.84614,0.10505
10753.98890,0.10512
10750.13166,0.10557
10746.27442,0.10540
10742.41718,0.10505
10738.55994,0.10543
10734.70269,0.10613
10730.84545,0.10656
10726.98821,0.10649
10723.13097,0.10614
10719.27373,0.10606
10715.41649,0.10645
10711.55925,0.10707
10707.70200,0.10728
10703.84476,0.10675
10699.98752,0.10609
10696.13028,0.10593
10692.27304,0.10612
10688.41580,0.10621
10684.55856,0.10596
10680.70132,0.10579
10676.84407,0.10602
10672.98683,0.10631
10669.12959,0.10657
10665.27235,0.10679
10661.41511,0.10664
10657.55787,0.10594
10653.70063,0.10494
10649.84338,0.10442
10645.98614,0.10447
10642.12890,0.10460
10638.27166,0.10491
10634.41442,0.10537
10630.55718,0.10585
10626.69994,0.10618
10622.84269,0.10578
10618.98545,0.10498
10615.12821,0.10484
10611.27097,0.10516
10607.41373,0.10510
10603.55649,0.10498
10599.69925,0.10523
10595.84201,0.10538
10591.98476,0.10525
10588.12752,0.10531
10584.27028,0.10545
10580.41304,0.10522
10576.55580,0.10498
10572.69856,0.10514
10568.84132,0.10494
10564.98407,0.10401
10561.12683,0.10317
10557.26959,0.10316
10553.41235,0.10410
10549.55511,0.10486
10545.69787,0.10437
10541.84063,0.10328
10537.98339,0.10267
10534.12614,0.10289
10530.26890,0.10348
10526.41166,0.10332
10522.55442,0.10235
10518.69718,0.10183
10514.83994,0.10211
10510.98270,0.10246
10507.12545,0.10264
10503.26821,0.10253
10499.41097,0.10210
10495.55373,0.10190
10491.69649,0.10222
10487.83925,0.10250
10483.98201,0.10224
10480.12476,0.10192
10476.26752,0.10240
10472.41028,0.10337
10468.55304,0.10377
10464.69580,0.10324
10460.83856,0.10236
10456.98132,0.10194
10453.12408,0.10217
10449.26683,0.10246
10445.40959,0.10225
10441.55235,0.10187
10437.69511,0.10200
10433.83787,0.10243
10429.98063,0.10238
10426.12339,0.10210
10422.26614,0.10238
10418.40890,0.10270
10414.55166,0.10251
10410.69442,0.10236
10406.83718,0.10236
10402.97994,0.10241
10399.12270,0.10236
10395.26545,0.10193
10391.40821,0.10159
10387.55097,0.10161
10383.69373,0.10165
10379.83649,0.10188
10375.97925,0.10230
10372.12201,0.10245
10368.26477,0.10227
10364.40752,0.10215
10360.55028,0.10214
10356.69304,0.10205
10352.83580,0.10229
10348.97856,0.10333
10345.12132,0.10435
10341.26408,0.10427
10337.40683,0.10338
10333.54959,0.10263
10329.69235,0.10263
10325.83511,0.10317
10321.97787,0.10365
10318.12063,0.10388
10314.26339,0.10396
10310.40615,0.10390
10306.54890,0.10359
10302.69166,0.10339
10298.83442,0.10354
10294.97718,0.10387
10291.11994,0.10411
10287.26270,0.10392
10283.40546,0.10378
10279.54821,0.10414
10275.69097,0.10446
10271.83373,0.10452
10267.97649,0.10448
10264.11925,0.10438
10260.26201,0.10432
10256.40477,0.10419
10252.54752,0.10395
10248.69028,0.10389
10244.83304,0.10404
10240.97580,0.10414
10237.11856,0.10406
10233.26132,0.10391
10229.40408,0.10394
10225.54684,0.10400
10221.68959,0.10393
10217.83235,0.10398
10213.97511,0.10428
10210.11787,0.10487
10206.26063,0.10569
10202.40339,0.10619
10198.54615,0.10610
10194.68890,0.10605
10190.83166,0.10623
10186.97442,0.10610
10183.11718,0.10571
10179.25994,0.10539
10175.40270,0.10515
10171.54546,0.10522
10167.68821,0.10554
10163.83097,0.10563
10159.97373,0.10551
10156.11649,0.10535
10152.25925,0.10526
10148.40201,0.10540
10144.54477,0.10572
10140.68753,0.10604
10136.83028,0.10613
10132.97304,0.10572
10129.11580,0.10523
10125.25856,0.10535
10121.40132,0.10590
10117.54408,0.10624
10113.68684,0.10635
10109.82959,0.10652
10105.97235,0.10660
10102.11511,0.10629
10098.25787,0.10577
10094.40063,0.10565
10090.54339,0.10593
10086.68615,0.10608
10082.82891,0.10584
10078.97166,0.10545
10075.11442,0.10520
10071.25718,0.10520
10067.39994,0.10540
10063.54270,0.10589
10059.68546,0.10656
10055.82822,0.10675
10051.97097,0.10639
10048.11373,0.10623
10044.25649,0.10647
10040.39925,0.10666
10036.54201,0.10665
10032.68477,0.10667
10028.82753,0.10689
10024.97028,0.10719
10021.11304,0.10737
10017.25580,0.10719
10013.39856,0.10692
10009.54132,0.10711
10005.68408,0.10717
10001.82684,0.10638
9997.96960,0.10564
9994.11235,0.10580
9990.25511,0.10634
9986.39787,0.10685
9982.54063,0.10730
9978.68339,0.10755
9974.82615,0.10740
9970.96891,0.10679
9967.11166,0.10628
9963.25442,0.10642
9959.39718,0.10691
9955.53994,0.10713
9951.68270,0.10706
9947.82546,0.10727
9943.96822,0.10783
9940.11097,0.10792
9936.25373,0.10726
9932.39649,0.10651
9928.53925,0.10618
9924.68201,0.10637
9920.82477,0.10688
9916.96753,0.10736
9913.11029,0.10756
9909.25304,0.10760
9905.39580,0.10771
9901.53856,0.10789
9897.68132,0.10785
9893.82408,0.10756
9889.96684,0.10744
9886.10960,0.10751
9882.25235,0.10736
9878.39511,0.10701
9874.53787,0.10680
9870.68063,0.10682
9866.82339,0.10676
9862.96615,0.10671
9859.10891,0.10703
9855.25167,0.10733
9851.39442,0.10734
9847.53718,0.10738
9843.67994,0.10757
9839.82270,0.10771
9835.96546,0.10768
9832.10822,0.10741
9828.25098,0.10705
9824.39373,0.10692
9820.53649,0.10697
9816.67925,0.10696
9812.82201,0.10698
9808.96477,0.10714
9805.10753,0.10728
9801.25029,0.10715
9797.39304,0.10696
9793.53580,0.10714
9789.67856,0.10745
9785.82132,0.10739
9781.96408,0.10716
9778.10684,0.10716
9774.24960,0.10719
9770.39236,0.10704
9766.53511,0.10691
9762.67787,0.10699
9758.82063,0.10714
9754.96339,0.10725
9751.10615,0.10716
9747.24891,0.10682
9743.39167,0.10663
9739.53442,0.10665
9735.67718,0.10649
9731.81994,0.10631
9727.96270,0.10637
9724.10546,0.10640
9720.24822,0.10612
9716.39098,0.10581
9712.53373,0.10579
9708.67649,0.10581
9704.81925,0.10577
9700.96201,0.10596
9697.10477,0.10629
9693.24753,0.10654
9689.39029,0.10648
9685.53305,0.10593
9681.67580,0.10509
9677.81856,0.10452
9673.96132,0.10451
9670.10408,0.10500
9666.24684,0.10555
9662.38960,0.10560
9658.53236,0.10535
9654.67511,0.10531
9650.81787,0.10538
9646.96063,0.10549
9643.10339,0.10559
9639.24615,0.10533
9635.38891,0.10484
9631.53167,0.10464
9627.67443,0.10458
9623.81718,0.10442
9619.95994,0.10436
9616.10270,0.10432
9612.24546,0.10420
9608.38822,0.10431
9604.53098,0.10469
9600.67374,0.10496
9596.81649,0.10507
9592.95925,0.10521
9589.10201,0.10526
9585.24477,0.10495
9581.38753,0.10443
9577.53029,0.10410
9573.67305,0.10397
9569.81580,0.10391
9565.95856,0.10402
9562.10132,0.10416
9558.24408,0.10408
9554.38684,0.10383
9550.52960,0.10365
9546.67236,0.10366
9542.81512,0.10373
9538.95787,0.10381
9535.10063,0.10406
9531.24339,0.10436
9527.38615,0.10443
9523.52891,0.10418
9519.67167,0.10377
9515.81443,0.10349
9511.95718,0.10339
9508.09994,0.10319
9504.24270,0.10301
9500.38546,0.10332
9496.52822,0.10374
9492.67098,0.10367
9488.81374,0.10342
9484.95649,0.10331
9481.09925,0.10328
9477.24201,0.10345
9473.38477,0.10370
9469.52753,0.10360
9465.67029,0.10329
9461.81305,0.10307
9457.95581,0.10291
9454.09856,0.10279
9450.24132,0.10283
9446.38408,0.10303
9442.52684,0.10331
9438.66960,0.10344
9434.81236,0.10347
9430.95512,0.10342
9427.09787,0.10312
9423.24063,0.10282
9419.38339,0.10272
9415.52615,0.10254
9411.66891,0.10230
9407.81167,0.10238
9403.95443,0.10278
9400.09719,0.10307
9396.23994,0.10299
9392.38270,0.10280
9388.52546,0.10282
9384.66822,0.10293
9380.81098,0.10294
9376.95374,0.10291
9373.09650,0.10292
9369.23925,0.10279
9365.38201,0.10253
9361.52477,0.10245
9357.66753,0.10248
9353.81029,0.10239
9349.95305,0.10227
9346.09581,0.10223
9342.23856,0.10221
9338.38132,0.10210
9334.52408,0.10186
9330.66684,0.10168
9326.80960,0.10185
9322.95236,0.10218
9319.09512,0.10231
9315.23788,0.10234
9311.38063,0.10239
9307.52339,0.10239
9303.66615,0.10237
9299.80891,0.10228
9295.95167,0.10216
9292.09443,0.10202
9288.23719,0.10179
9284.37994,0.10157
9280.52270,0.10152
9276.66546,0.10165
9272.80822,0.10179
9268.95098,0.10187
9265.09374,0.10198
9261.23650,0.10205
9257.37925,0.10203
9253.52201,0.10195
9249.66477,0.10175
9245.80753,0.10163
9241.95029,0.10173
9238.09305,0.10190
9234.23581,0.10200
9230.37857,0.10211
9226.52132,0.10221
9222.66408,0.10231
9218.80684,0.10242
9214.94960,0.10236
9211.09236,0.10212
9207.23512,0.10191
9203.37788,0.10193
9199.52063,0.10207
9195.66339,0.10191
9191.80615,0.10162
9187.94891,0.10179
9184.09167,0.10214
9180.23443,0.10215
9176.37719,0.10202
9172.51995,0.10198
9168.66270,0.10200
9164.80546,0.10206
9160.94822,0.10217
9157.09098,0.10214
9153.23374,0.10196
9149.37650,0.10188
9145.51926,0.10192
9141.66201,0.10187
9137.80477,0.10189
9133.94753,0.10223
9130.09029,0.10244
9126.23305,0.10223
9122.37581,0.10211
9118.51857,0.10239
9114.66132,0.10274
9110.80408,0.10289
9106.94684,0.10290
9103.08960,0.10277
9099.23236,0.10246
9095.37512,0.10224
9091.51788,0.10225
9087.66064,0.10224
9083.80339,0.10210
9079.94615,0.10223
9076.08891,0.10282
9072.23167,0.10330
9068.37443,0.10333
9064.51719,0.10312
9060.65995,0.10293
9056.80270,0.10301
9052.94546,0.10340
9049.08822,0.10377
9045.23098,0.10395
9041.37374,0.10411
9037.51650,0.10429
9033.65926,0.10445
9029.80201,0.10461
9025.94477,0.10474
9022.08753,0.10495
9018.23029,0.10546
9014.37305,0.10601
9010.51581,0.10616
9006.65857,0.10611
9002.80133,0.10634
8998.94408,0.10683
8995.08684,0.10733
8991.22960,0.10786
8987.37236,0.10841
8983.51512,0.10883
8979.65788,0.10915
8975.80064,0.10966
8971.94339,0.11041
8968.08615,0.11119
8964.22891,0.11188
8960.37167,0.11258
8956.51443,0.11339
8952.65719,0.11434
8948.79995,0.11532
8944.94271,0.11622
8941.08546,0.11697
8937.22822,0.11764
8933.37098,0.11836
8929.51374,0.11911
8925.65650,0.11983
8921.79926,0.12077
8917.94202,0.12208
8914.08477,0.12350
8910.22753,0.12481
8906.37029,0.12608
8902.51305,0.12746
8898.65581,0.12900
8894.79857,0.13054
8890.94133,0.13199
8887.08408,0.13341
8883.22684,0.13483
8879.36960,0.13607
8875.51236,0.13707
8871.65512,0.13789
8867.79788,0.13855
8863.94064,0.13908
8860.08340,0.13949
8856.22615,0.13958
8852.36891,0.13928
8848.51167,0.13889
8844.65443,0.13860
8840.79719,0.13824
8836.93995,0.13770
8833.08271,0.13710
8829.22546,0.13644
8825.36822,0.13552
8821.51098,0.13437
8817.65374,0.13328
8813.79650,0.13224
8809.93926,0.13097
8806.08202,0.12947
8802.22477,0.12805
8798.36753,0.12679
8794.51029,0.12558
8790.65305,0.12447
8786.79581,0.12348
8782.93857,0.12249
8779.08133,0.12147
8775.22409,0.12044
8771.36684,0.11960
8767.50960,0.11903
8763.65236,0.11846
8759.79512,0.11781
8755.93788,0.11730
8752.08064,0.11709
8748.22340,0.11703
8744.36615,0.11689
8740.50891,0.11665
8736.65167,0.11650
8732.79443,0.11646
8728.93719,0.11643
8725.07995,0.11642
8721.22271,0.11646
8717.36547,0.11655
8713.50822,0.11673
8709.65098,0.11695
8705.79374,0.11707
8701.93650,0.11715
8698.07926,0.11743
8694.22202,0.11779
8690.36478,0.11798
8686.50753,0.11805
8682.65029,0.11816
8678.79305,0.11841
8674.93581,0.11864
8671.07857,0.11885
8667.22133,0.11913
8663.36409,0.11938
8659.50684,0.11967
8655.64960,0.12015
8651.79236,0.12073
8647.93512,0.12120
8644.07788,0.12158
8640.22064,0.12201
8636.36340,0.12235
8632.50616,0.12255
8628.64891,0.12275
8624.79167,0.12299
8620.93443,0.12326
8617.07719,0.12358
8613.21995,0.12385
8609.36271,0.12426
8605.50547,0.12489
8601.64822,0.12543
8597.79098,0.12581
8593.93374,0.12616
8590.07650,0.12647
8586.21926,0.12671
8582.36202,0.12703
8578.50478,0.12740
8574.64753,0.12764
8570.79029,0.12778
8566.93305,0.12802
8563.07581,0.12839
8559.21857,0.12880
8555.36133,0.12915
8551.50409,0.12943
8547.64685,0.12967
8543.78960,0.12993
8539.93236,0.13023
8536.07512,0.13056
8532.21788,0.13090
8528.36064,0.13130
8524.50340,0.13169
8520.64616,0.13199
8516.78891,0.13220
8512.93167,0.13234
8509.07443,0.13256
8505.21719,0.13294
8501.35995,0.13319
8497.50271,0.13309
8493.64547,0.13293
8489.78822,0.13305
8485.93098,0.13321
8482.07374,0.13318
8478.21650,0.13310
8474.35926,0.13312
8470.50202,0.13321
8466.64478,0.13330
8462.78754,0.13330
8458.93029,0.13316
8455.07305,0.13292
8451.21581,0.13266
8447.35857,0.13247
8443.50133,0.13232
8439.64409,0.13217
8435.78685,0.13201
8431.92960,0.13189
8428.07236,0.13182
8424.21512,0.13175
8420.35788,0.13168
8416.50064,0.13165
8412.64340,0.13151
8408.78616,0.13120
8404.92892,0.13087
8401.07167,0.13057
8397.21443,0.13030
8393.35719,0.13013
8389.49995,0.13002
8385.64271,0.12993
8381.78547,0.12988
8377.92823,0.12976
8374.07098,0.12954
8370.21374,0.12932
8366.35650,0.12919
8362.49926,0.12919
8358.64202,0.12925
8354.78478,0.12924
8350.92754,0.12909
8347.07029,0.12895
8343.21305,0.12887
8339.35581,0.12884
8335.49857,0.12887
8331.64133,0.12885
8327.78409,0.12865
8323.92685,0.12842
8320.06961,0.12839
8316.21236,0.12846
8312.35512,0.12849
8308.49788,0.12854
8304.64064,0.12858
8300.78340,0.12849
8296.92616,0.12830
8293.06892,0.12817
8289.21167,0.12814
8285.35443,0.12817
8281.49719,0.12819
8277.63995,0.12815
8273.78271,0.12808
8269.92547,0.12802
8266.06823,0.12800
8262.21098,0.12805
8258.35374,0.12811
8254.49650,0.12822
8250.63926,0.12835
8246.78202,0.12843
8242.92478,0.12848
8239.06754,0.12851
8235.21030,0.12852
8231.35305,0.12859
8227.49581,0.12867
8223.63857,0.12866
8219.78133,0.12855
8215.92409,0.12844
8212.06685,0.12843
8208.20961,0.12844
8204.35236,0.12828
8200.49512,0.12799
8196.63788,0.12779
8192.78064,0.12770
8188.92340,0.12759
8185.06616,0.12738
8181.20892,0.12719
8177.35168,0.12708
8173.49443,0.12702
8169.63719,0.12701
8165.77995,0.12701
8161.92271,0.12698
8158.06547,0.12687
8154.20823,0.12662
8150.35099,0.12629
8146.49374,0.12598
8142.63650,0.12574
8138.77926,0.12558
8134.92202,0.12549
8131.06478,0.12541
8127.20754,0.12529
8123.35030,0.12512
8119.49305,0.12492
8115.63581,0.12472
8111.77857,0.12452
8107.92133,0.12426
8104.06409,0.12402
8100.20685,0.12387
8096.34961,0.12369
8092.49237,0.12333
8088.63512,0.12299
8084.77788,0.12280
8080.92064,0.12268
8077.06340,0.12251
8073.20616,0.12229
8069.34892,0.12209
8065.49168,0.12199
8061.63443,0.12193
8057.77719,0.12173
8053.91995,0.12140
8050.06271,0.12109
8046.20547,0.12086
8042.34823,0.12069
8038.49099,0.12069
8034.63374,0.12076
8030.77650,0.12068
8026.91926,0.12051
8023.06202,0.12046
8019.20478,0.12047
8015.34754,0.12043
8011.49030,0.12027
8007.63306,0.12003
8003.77581,0.11981
7999.91857,0.11968
7996.06133,0.11959
7992.20409,0.11952
7988.34685,0.11946
7984.48961,0.11932
7980.63237,0.11920
7976.77512,0.11921
7972.91788,0.11932
7969.06064,0.11938
7965.20340,0.11938
7961.34616,0.11937
7957.48892,0.11932
7953.63168,0.11913
7949.77444,0.11890
7945.91719,0.11881
7942.05995,0.11879
7938.20271,0.11875
7934.34547,0.11875
7930.48823,0.11871
7926.63099,0.11865
7922.77375,0.11871
7918.91650,0.11878
7915.05926,0.11871
7911.20202,0.11856
7907.34478,0.11850
7903.48754,0.11853
7899.63030,0.11860
7895.77306,0.11866
7891.91581,0.11870
7888.05857,0.11878
7884.20133,0.11890
7880.34409,0.11896
7876.48685,0.11894
7872.62961,0.11895
7868.77237,0.11893
7864.91513,0.11878
7861.05788,0.11862
7857.20064,0.11856
7853.34340,0.11852
7849.48616,0.11845
7845.62892,0.11830
7841.77168,0.11815
7837.91444,0.11806
7834.05719,0.11796
7830.19995,0.11783
7826.34271,0.11770
7822.48547,0.11756
7818.62823,0.11742
7814.77099,0.11737
7810.91375,0.11733
7807.05650,0.11722
7803.19926,0.11712
7799.34202,0.11702
7795.48478,0.11686
7791.62754,0.11674
7787.77030,0.11674
7783.91306,0.11665
7780.05582,0.11642
7776.19857,0.11632
7772.34133,0.11629
7768.48409,0.11608
7764.62685,0.11579
7760.76961,0.11562
7756.91237,0.11546
7753.05513,0.11531
7749.19788,0.11531
7745.34064,0.11529
7741.48340,0.11505
7737.62616,0.11474
7733.76892,0.11459
7729.91168,0.11454
7726.05444,0.11438
7722.19720,0.11406
7718.33995,0.11372
7714.48271,0.11364
7710.62547,0.11386
7706.76823,0.11400
7702.91099,0.11374
7699.05375,0.11332
7695.19651,0.11306
7691.33926,0.11296
7687.48202,0.11300
7683.62478,0.11321
7679.76754,0.11347
7675.91030,0.11357
7672.05306,0.11353
7668.19582,0.11342
7664.33857,0.11330
7660.48133,0.11330
7656.62409,0.11351
7652.76685,0.11373
7648.90961,0.11375
7645.05237,0.11379
7641.19513,0.11392
7637.33789,0.11396
7633.48064,0.11389
7629.62340,0.11379
7625.76616,0.11374
7621.90892,0.11381
7618.05168,0.11402
7614.19444,0.11423
7610.33720,0.11446
7606.47995,0.11480
7602.62271,0.11505
7598.76547,0.11500
7594.90823,0.11486
7591.05099,0.11480
7587.19375,0.11482
7583.33651,0.11493
7579.47926,0.11515
7575.62202,0.11532
7571.76478,0.11536
7567.90754,0.11542
7564.05030,0.11559
7560.19306,0.11591
7556.33582,0.11639
7552.47858,0.11688
7548.62133,0.11724
7544.76409,0.11753
7540.90685,0.11782
7537.04961,0.11813
7533.19237,0.11847
7529.33513,0.11870
7525.47789,0.11877
7521.62064,0.11886
7517.76340,0.11905
7513.90616,0.11925
7510.04892,0.11945
7506.19168,0.11974
7502.33444,0.12002
7498.47720,0.12022
7494.61996,0.12049
7490.76271,0.12089
7486.90547,0.12120
7483.04823,0.12143
7479.19099,0.12180
7475.33375,0.12236
7471.47651,0.12292
7467.61927,0.12341
7463.76202,0.12404
7459.90478,0.12483
7456.04754,0.12562
7452.19030,0.12640
7448.33306,0.12725
7444.47582,0.12813
7440.61858,0.12904
7436.76133,0.13001
7432.90409,0.13106
7429.04685,0.13217
7425.18961,0.13328
7421.33237,0.13441
7417.47513,0.13554
7413.61789,0.13659
7409.76065,0.13751
7405.90340,0.13840
7402.04616,0.13935
7398.18892,0.14038
7394.33168,0.14147
7390.47444,0.14260
7386.61720,0.14376
7382.75996,0.14492
7378.90271,0.14604
7375.04547,0.14719
7371.18823,0.14836
7367.33099,0.14950
7363.47375,0.15060
7359.61651,0.15165
7355.75927,0.15264
7351.90202,0.15357
7348.04478,0.15450
7344.18754,0.15542
7340.33030,0.15618
7336.47306,0.15681
7332.61582,0.15747
7328.75858,0.15815
7324.90134,0.15873
7321.04409,0.15913
7317.18685,0.15946
7313.32961,0.15970
7309.47237,0.15980
7305.61513,0.15988
7301.75789,0.16010
7297.90065,0.16040
7294.04340,0.16061
7290.18616,0.16071
7286.32892,0.16089
7282.47168,0.16121
7278.61444,0.16158
7274.75720,0.16198
7270.89996,0.16239
7267.04272,0.16276
7263.18547,0.16310
7259.32823,0.16345
7255.47099,0.16385
7251.61375,0.16421
7247.75651,0.16451
7243.89927,0.16471
7240.04203,0.16481
7236.18478,0.16488
7232.32754,0.16498
7228.47030,0.16515
7224.61306,0.16537
7220.75582,0.16558
7216.89858,0.16583
7213.04134,0.16620
7209.18409,0.16657
7205.32685,0.16674
7201.46961,0.16675
7197.61237,0.16683
7193.75513,0.16700
7189.89789,0.16724
7186.04065,0.16753
7182.18341,0.16789
7178.32616,0.16829
7174.46892,0.16874
7170.61168,0.16926
7166.75444,0.16986
7162.89720,0.17058
7159.03996,0.17144
7155.18272,0.17239
7151.32547,0.17338
7147.46823,0.17442
7143.61099,0.17549
7139.75375,0.17655
7135.89651,0.17761
7132.03927,0.17871
7128.18203,0.17984
7124.32478,0.18099
7120.46754,0.18213
7116.61030,0.18325
7112.75306,0.18443
7108.89582,0.18568
7105.03858,0.18696
7101.18134,0.18828
7097.32410,0.18969
7093.46685,0.19116
7089.60961,0.19262
7085.75237,0.19407
7081.89513,0.19557
7078.03789,0.19719
7074.18065,0.19891
7070.32341,0.20066
7066.46616,0.20238
7062.60892,0.20403
7058.75168,0.20564
7054.89444,0.20729
7051.03720,0.20897
7047.17996,0.21055
7043.32272,0.21206
7039.46548,0.21353
7035.60823,0.21499
7031.75099,0.21649
7027.89375,0.21792
7024.03651,0.21915
7020.17927,0.22019
7016.32203,0.22122
7012.46479,0.22228
7008.60754,0.22328
7004.75030,0.22418
7000.89306,0.22508
6997.03582,0.22603
6993.17858,0.22694
6989.32134,0.22782
6985.46410,0.22869
6981.60685,0.22952
6977.74961,0.23023
6973.89237,0.23086
6970.03513,0.23151
6966.17789,0.23219
6962.32065,0.23274
6958.46341,0.23321
6954.60617,0.23369
6950.74892,0.23414
6946.89168,0.23457
6943.03444,0.23501
6939.17720,0.23545
6935.31996,0.23584
6931.46272,0.23623
6927.60548,0.23666
6923.74823,0.23717
6919.89099,0.23770
6916.03375,0.23813
6912.17651,0.23849
6908.31927,0.23887
6904.46203,0.23930
6900.60479,0.23976
6896.74754,0.24018
6892.89030,0.24054
6889.03306,0.24091
6885.17582,0.24137
6881.31858,0.24193
6877.46134,0.24253
6873.60410,0.24320
6869.74686,0.24388
6865.88961,0.24449
6862.03237,0.24509
6858.17513,0.24571
6854.31789,0.24640
6850.46065,0.24715
6846.60341,0.24790
6842.74617,0.24862
6838.88892,0.24931
6835.03168,0.25000
6831.17444,0.25073
6827.31720,0.25154
6823.45996,0.25237
6819.60272,0.25317
6815.74548,0.25389
6811.88824,0.25466
6808.03099,0.25557
6804.17375,0.25650
6800.31651,0.25740
6796.45927,0.25832
6792.60203,0.25923
6788.74479,0.26014
6784.88755,0.26100
6781.03030,0.26177
6777.17306,0.26259
6773.31582,0.26345
6769.45858,0.26421
6765.60134,0.26486
6761.74410,0.26550
6757.88686,0.26608
6754.02961,0.26656
6750.17237,0.26693
6746.31513,0.26729
6742.45789,0.26761
6738.60065,0.26787
6734.74341,0.26812
6730.88617,0.26837
6727.02893,0.26856
6723.17168,0.26866
6719.31444,0.26872
6715.45720,0.26875
6711.59996,0.26878
6707.74272,0.26881
6703.88548,0.26882
6700.02824,0.26884
6696.17099,0.26892
6692.31375,0.26897
6688.45651,0.26882
6684.59927,0.26856
6680.74203,0.26838
6676.88479,0.26828
6673.02755,0.26810
6669.17030,0.26779
6665.31306,0.26747
6661.45582,0.26719
6657.59858,0.26685
6653.74134,0.26642
6649.88410,0.26603
6646.02686,0.26569
6642.16962,0.26525
6638.31237,0.26474
6634.45513,0.26423
6630.59789,0.26374
6626.74065,0.26328
6622.88341,0.26282
6619.02617,0.26225
6615.16893,0.26161
6611.31168,0.26102
6607.45444,0.26048
6603.59720,0.26003
6599.73996,0.25961
6595.88272,0.25915
6592.02548,0.25869
6588.16824,0.25836
6584.31100,0.25813
6580.45375,0.25790
6576.59651,0.25772
6572.73927,0.25763
6568.88203,0.25760
6565.02479,0.25757
6561.16755,0.25757
6557.31031,0.25769
6553.45306,0.25784
6549.59582,0.25794
6545.73858,0.25806
6541.88134,0.25822
6538.02410,0.25837
6534.16686,0.25847
6530.30962,0.25856
6526.45237,0.25873
6522.59513,0.25901
6518.73789,0.25925
6514.88065,0.25938
6511.02341,0.25948
6507.16617,0.25956
6503.30893,0.25965
6499.45169,0.25975
6495.59444,0.25983
6491.73720,0.25983
6487.87996,0.25976
6484.02272,0.25968
6480.16548,0.25962
6476.30824,0.25960
6472.45100,0.25957
6468.59375,0.25947
6464.73651,0.25929
6460.87927,0.25907
6457.02203,0.25880
6453.16479,0.25848
6449.30755,0.25821
6445.45031,0.25800
6441.59306,0.25775
6437.73582,0.25737
6433.87858,0.25693
6430.02134,0.25656
6426.16410,0.25628
6422.30686,0.25598
6418.44962,0.25560
6414.59238,0.25520
6410.73513,0.25489
6406.87789,0.25465
6403.02065,0.25442
6399.16341,0.25420
6395.30617,0.25399
6391.44893,0.25378
6387.59169,0.25356
6383.73444,0.25339
6379.87720,0.25330
6376.01996,0.25320
6372.16272,0.25298
6368.30548,0.25268
6364.44824,0.25242
6360.59100,0.25219
6356.73376,0.25197
6352.87651,0.25179
6349.01927,0.25169
6345.16203,0.25165
6341.30479,0.25166
6337.44755,0.25169
6333.59031,0.25168
6329.73307,0.25157
6325.87582,0.25145
6322.01858,0.25141
6318.16134,0.25144
6314.30410,0.25146
6310.44686,0.25140
6306.58962,0.25121
6302.73238,0.25094
6298.87513,0.25063
6295.01789,0.25031
6291.16065,0.25000
6287.30341,0.24956
6283.44617,0.24896
6279.58893,0.24832
6275.73169,0.24769
6271.87445,0.24698
6268.01720,0.24618
6264.15996,0.24538
6260.30272,0.24464
6256.44548,0.24390
6252.58824,0.24310
6248.73100,0.24224
6244.87376,0.24131
6241.01651,0.24030
6237.15927,0.23927
6233.30203,0.23827
6229.44479,0.23731
6225.58755,0.23638
6221.73031,0.23550
6217.87307,0.23489
6214.01582,0.23471
6210.15858,0.23483
6206.30134,0.23512
6202.44410,0.23548
6198.58686,0.23567
6194.72962,0.23545
6190.87238,0.23466
6187.01514,0.23337
6183.15789,0.23185
6179.30065,0.23041
6175.44341,0.22923
6171.58617,0.22840
6167.72893,0.22789
6163.87169,0.22771
6160.01445,0.22789
6156.15720,0.22836
6152.29996,0.22900
6148.44272,0.22958
6144.58548,0.22989
6140.72824,0.22987
6136.87100,0.22959
6133.01376,0.22925
6129.15652,0.22910
6125.29927,0.22941
6121.44203,0.23037
6117.58479,0.23213
6113.72755,0.23469
6109.87031,0.23799
6106.01307,0.24193
6102.15583,0.24648
6098.29858,0.25149
6094.44134,0.25672
6090.58410,0.26187
6086.72686,0.26666
6082.86962,0.27104
6079.01238,0.27534
6075.15514,0.28005
6071.29789,0.28561
6067.44065,0.29210
6063.58341,0.29914
6059.72617,0.30608
6055.86893,0.31237
6052.01169,0.31780
6048.15445,0.32263
6044.29721,0.32735
6040.43996,0.33246
6036.58272,0.33822
6032.72548,0.34438
6028.86824,0.35011
6025.01100,0.35442
6021.15376,0.35660
6017.29652,0.35624
6013.43927,0.35315
6009.58203,0.34756
6005.72479,0.34011
6001.86755,0.33173
5998.01031,0.32347
5994.15307,0.31622
5990.29583,0.31058
5986.43858,0.30671
5982.58134,0.30422
5978.72410,0.30224
5974.86686,0.29970
5971.00962,0.29606
5967.15238,0.29168
5963.29514,0.28755
5959.43790,0.28451
5955.58065,0.28271
5951.72341,0.28185
5947.86617,0.28141
5944.00893,0.28078
5940.15169,0.27927
5936.29445,0.27651
5932.43721,0.27264
5928.57996,0.26816
5924.72272,0.26359
5920.86548,0.25927
5917.00824,0.25544
5913.15100,0.25226
5909.29376,0.24998
5905.43652,0.24883
5901.57927,0.24882
5897.72203,0.24983
5893.86479,0.25174
5890.00755,0.25430
5886.15031,0.25719
5882.29307,0.26007
5878.43583,0.26273
5874.57859,0.26508
5870.72134,0.26702
5866.86410,0.26852
5863.00686,0.26943
5859.14962,0.26953
5855.29238,0.26890
5851.43514,0.26793
5847.57790,0.26693
5843.72065,0.26602
5839.86341,0.26528
5836.00617,0.26485
5832.14893,0.26481
5828.29169,0.26510
5824.43445,0.26545
5820.57721,0.26573
5816.71997,0.26602
5812.86272,0.26633
5809.00548,0.26651
5805.14824,0.26643
5801.29100,0.26612
5797.43376,0.26570
5793.57652,0.26531
5789.71928,0.26498
5785.86203,0.26467
5782.00479,0.26427
5778.14755,0.26379
5774.29031,0.26323
5770.43307,0.26252
5766.57583,0.26162
5762.71859,0.26050
5758.86134,0.25909
5755.00410,0.25739
5751.14686,0.25549
5747.28962,0.25348
5743.43238,0.25142
5739.57514,0.24941
5735.71790,0.24757
5731.86066,0.24602
5728.00341,0.24489
5724.14617,0.24425
5720.28893,0.24404
5716.43169,0.24418
5712.57445,0.24447
5708.71721,0.24466
5704.85997,0.24467
5701.00272,0.24451
5697.14548,0.24419
5693.28824,0.24382
5689.43100,0.24341
5685.57376,0.24296
5681.71652,0.24260
5677.85928,0.24243
5674.00203,0.24245
5670.14479,0.24266
5666.28755,0.24311
5662.43031,0.24368
5658.57307,0.24414
5654.71583,0.24430
5650.85859,0.24411
5647.00135,0.24360
5643.14410,0.24281
5639.28686,0.24179
5635.42962,0.24070
5631.57238,0.23971
5627.71514,0.23889
5623.85790,0.23820
5620.00066,0.23759
5616.14341,0.23716
5612.28617,0.23696
5608.42893,0.23699
5604.57169,0.23719
5600.71445,0.23751
5596.85721,0.23789
5592.99997,0.23837
5589.14273,0.23895
5585.28548,0.23959
5581.42824,0.24028
5577.57100,0.24100
5573.71376,0.24168
5569.85652,0.24227
5565.99928,0.24268
5562.14204,0.24283
5558.28479,0.24278
5554.42755,0.24266
5550.57031,0.24257
5546.71307,0.24257
5542.85583,0.24261
5538.99859,0.24257
5535.14135,0.24244
5531.28410,0.24229
5527.42686,0.24214
5523.56962,0.24193
5519.71238,0.24159
5515.85514,0.24117
5511.99790,0.24085
5508.14066,0.24069
5504.28342,0.24072
5500.42617,0.24097
5496.56893,0.24143
5492.71169,0.24206
5488.85445,0.24276
5484.99721,0.24334
5481.13997,0.24363
5477.28273,0.24355
5473.42548,0.24315
5469.56824,0.24257
5465.71100,0.24185
5461.85376,0.24094
5457.99652,0.23988
5454.13928,0.23873
5450.28204,0.23737
5446.42479,0.23571
5442.56755,0.23397
5438.71031,0.23234
5434.85307,0.23081
5430.99583,0.22936
5427.13859,0.22807
5423.28135,0.22703
5419.42411,0.22625
5415.56686,0.22568
5411.70962,0.22527
5407.85238,0.22500
5403.99514,0.22482
5400.13790,0.22464
5396.28066,0.22443
5392.42342,0.22419
5388.56617,0.22401
5384.70893,0.22395
5380.85169,0.22404
5376.99445,0.22430
5373.13721,0.22466
5369.27997,0.22508
5365.42273,0.22555
5361.56549,0.22609
5357.70824,0.22669
5353.85100,0.22723
5349.99376,0.22759
5346.13652,0.22782
5342.27928,0.22806
5338.42204,0.22833
5334.56480,0.22864
5330.70755,0.22909
5326.85031,0.22977
5322.99307,0.23071
5319.13583,0.23192
5315.27859,0.23343
5311.42135,0.23526
5307.56411,0.23739
5303.70686,0.23982
5299.84962,0.24255
5295.99238,0.24564
5292.13514,0.24917
5288.27790,0.25324
5284.42066,0.25785
5280.56342,0.26301
5276.70618,0.26859
5272.84893,0.27432
5268.99169,0.28007
5265.13445,0.28582
5261.27721,0.29132
5257.41997,0.29629
5253.56273,0.30079
5249.70549,0.30482
5245.84824,0.30843
5241.99100,0.31163
5238.13376,0.31434
5234.27652,0.31665
5230.41928,0.31864
5226.56204,0.32040
5222.70480,0.32196
5218.84755,0.32326
5214.99031,0.32431
5211.13307,0.32519
5207.27583,0.32594
5203.41859,0.32661
5199.56135,0.32717
5195.70411,0.32758
5191.84687,0.32789
5187.98962,0.32813
5184.13238,0.32835
5180.27514,0.32850
5176.41790,0.32855
5172.56066,0.32852
5168.70342,0.32843
5164.84618,0.32824
5160.98893,0.32798
5157.13169,0.32774
5153.27445,0.32762
5149.41721,0.32752
5145.55997,0.32734
5141.70273,0.32708
5137.84549,0.32682
5133.98825,0.32665
5130.13100,0.32663
5126.27376,0.32661
5122.41652,0.32628
5118.55928,0.32524
5114.70204,0.32331
5110.84480,0.32063
5106.98756,0.31752
5103.13031,0.31429
5099.27307,0.31116
5095.41583,0.30821
5091.55859,0.30547
5087.70135,0.30298
5083.84411,0.30077
5079.98687,0.29878
5076.12962,0.29692
5072.27238,0.29521
5068.41514,0.29359
5064.55790,0.29201
5060.70066,0.29052
5056.84342,0.28915
5052.98618,0.28786
5049.12894,0.28668
5045.27169,0.28565
5041.41445,0.28472
5037.55721,0.28386
5033.69997,0.28304
5029.84273,0.28225
5025.98549,0.28155
5022.12825,0.28093
5018.27100,0.28035
5014.41376,0.27975
5010.55652,0.27915
5006.69928,0.27859
5002.84204,0.27804
4998.98480,0.27746
4995.12756,0.27690
4991.27031,0.27646
4987.41307,0.27618
4983.55583,0.27608
4979.69859,0.27617
4975.84135,0.27646
4971.98411,0.27692
4968.12687,0.27761
4964.26963,0.27863
4960.41238,0.27995
4956.55514,0.28145
4952.69790,0.28313
4948.84066,0.28500
4944.98342,0.28701
4941.12618,0.28912
4937.26894,0.29132
4933.41169,0.29362
4929.55445,0.29601
4925.69721,0.29851
4921.83997,0.30119
4917.98273,0.30408
4914.12549,0.30711
4910.26825,0.31023
4906.41101,0.31345
4902.55376,0.31681
4898.69652,0.32028
4894.83928,0.32381
4890.98204,0.32748
4887.12480,0.33128
4883.26756,0.33512
4879.41032,0.33891
4875.55307,0.34263
4871.69583,0.34626
4867.83859,0.34974
4863.98135,0.35306
4860.12411,0.35631
4856.26687,0.35953
4852.40963,0.36288
4848.55238,0.36642
4844.69514,0.37021
4840.83790,0.37433
4836.98066,0.37873
4833.12342,0.38323
4829.26618,0.38771
4825.40894,0.39211
4821.55170,0.39628
4817.69445,0.40012
4813.83721,0.40372
4809.97997,0.40710
4806.12273,0.41016
4802.26549,0.41282
4798.40825,0.41505
4794.55101,0.41675
4790.69376,0.41789
4786.83652,0.41861
4782.97928,0.41904
4779.12204,0.41934
4775.26480,0.41967
4771.40756,0.42021
4767.55032,0.42113
4763.69307,0.42253
4759.83583,0.42443
4755.97859,0.42675
4752.12135,0.42931
4748.26411,0.43193
4744.40687,0.43446
4740.54963,0.43690
4736.69239,0.43954
4732.83514,0.44285
4728.97790,0.44703
4725.12066,0.45147
4721.26342,0.45499
4717.40618,0.45677
4713.54894,0.45732
4709.69170,0.45825
4705.83445,0.46106
4701.97721,0.46612
4698.11997,0.47240
4694.26273,0.47764
4690.40549,0.47934
4686.54825,0.47630
4682.69101,0.46902
4678.83377,0.45925
4674.97652,0.44914
4671.11928,0.44058
4667.26204,0.43457
4663.40480,0.43094
4659.54756,0.42896
4655.69032,0.42833
4651.83308,0.42953
4647.97583,0.43313
4644.11859,0.43864
4640.26135,0.44413
4636.40411,0.44698
4632.54687,0.44506
4628.68963,0.43790
4624.83239,0.42719
4620.97514,0.41583
4617.11790,0.40622
4613.26066,0.39935
4609.40342,0.39515
4605.54618,0.39344
4601.68894,0.39425
4597.83170,0.39708
4593.97446,0.40045
4590.11721,0.40322
4586.25997,0.40551
4582.40273,0.40696
4578.54549,0.40560
4574.68825,0.39988
4570.83101,0.39095
4566.97377,0.38168
4563.11652,0.37433
4559.25928,0.36958
4555.40204,0.36697
4551.54480,0.36559
4547.68756,0.36469
4543.83032,0.36394
4539.97308,0.36335
4536.11583,0.36303
4532.25859,0.36308
4528.40135,0.36360
4524.54411,0.36472
4520.68687,0.36657
4516.82963,0.36918
4512.97239,0.37274
4509.11515,0.37759
4505.25790,0.38409
4501.40066,0.39245
4497.54342,0.40237
4493.68618,0.41268
4489.82894,0.42175
4485.97170,0.42879
4482.11446,0.43463
4478.25721,0.44105
4474.39997,0.44975
4470.54273,0.46184
4466.68549,0.47728
4462.82825,0.49365
4458.97101,0.50667
4455.11377,0.51399
4451.25653,0.51768
4447.39928,0.52142
4443.54204,0.52672
4439.68480,0.53261
4435.82756,0.53731
4431.97032,0.53919
4428.11308,0.53737
4424.25584,0.53261
4420.39859,0.52729
4416.54135,0.52399
4412.68411,0.52367
4408.82687,0.52524
4404.96963,0.52663
4401.11239,0.52605
4397.25515,0.52304
4393.39790,0.51838
4389.54066,0.51325
4385.68342,0.50853
4381.82618,0.50472
4377.96894,0.50201
4374.11170,0.50039
4370.25446,0.49994
4366.39722,0.50074
4362.53997,0.50235
4358.68273,0.50409
4354.82549,0.50575
4350.96825,0.50759
4347.11101,0.50999
4343.25377,0.51304
4339.39653,0.51621
4335.53928,0.51894
4331.68204,0.52110
4327.82480,0.52302
4323.96756,0.52521
4320.11032,0.52801
4316.25308,0.53166
4312.39584,0.53641
4308.53859,0.54213
4304.68135,0.54835
4300.82411,0.55435
4296.96687,0.55942
4293.10963,0.56302
4289.25239,0.56487
4285.39515,0.56517
4281.53791,0.56453
4277.68066,0.56340
4273.82342,0.56175
4269.96618,0.55947
4266.10894,0.55682
4262.25170,0.55438
4258.39446,0.55281
4254.53722,0.55244
4250.67997,0.55295
4246.82273,0.55340
4242.96549,0.55292
4239.10825,0.55146
4235.25101,0.54983
4231.39377,0.54871
4227.53653,0.54784
4223.67929,0.54636
4219.82204,0.54372
4215.96480,0.54025
4212.10756,0.53686
4208.25032,0.53410
4204.39308,0.53184
4200.53584,0.52998
4196.67860,0.52897
4192.82135,0.52955
4188.96411,0.53226
4185.10687,0.53690
4181.24963,0.54179
4177.39239,0.54403
4173.53515,0.54184
4169.67791,0.53607
4165.82066,0.52903
4161.96342,0.52287
4158.10618,0.51873
4154.24894,0.51670
4150.39170,0.51663
4146.53446,0.51861
4142.67722,0.52243
4138.81998,0.52732
4134.96273,0.53211
4131.10549,0.53589
4127.24825,0.53875
4123.39101,0.54167
4119.53377,0.54564
4115.67653,0.55126
4111.81929,0.55893
4107.96204,0.56891
4104.10480,0.58180
4100.24756,0.59879
4096.39032,0.61882
4092.53308,0.63548
4088.67584,0.64140
4084.81860,0.63581
4080.96135,0.62354
4077.10411,0.60973
4073.24687,0.59812
4069.38963,0.59059
4065.53239,0.58684
4061.67515,0.58568
4057.81791,0.58621
4053.96067,0.58779
4050.10342,0.58968
4046.24618,0.59132
4042.38894,0.59239
4038.53170,0.59290
4034.67446,0.59322
4030.81722,0.59364
4026.95998,0.59401
4023.10273,0.59408
4019.24549,0.59385
4015.38825,0.59322
4011.53101,0.59190
4007.67377,0.58993
4003.81653,0.58763
3999.95929,0.58508
3996.10205,0.58211
3992.24480,0.57889
3988.38756,0.57600
3984.53032,0.57381
3980.67308,0.57225
3976.81584,0.57088
3972.95860,0.56929
3969.10136,0.56727
3965.24411,0.56475
3961.38687,0.56185
3957.52963,0.55883
3953.67239,0.55583
3949.81515,0.55280
3945.95791,0.54979
3942.10067,0.54694
3938.24342,0.54441
3934.38618,0.54207
3930.52894,0.53979
3926.67170,0.53775
3922.81446,0.53594
3918.95722,0.53413
3915.09998,0.53219
3911.24274,0.53005
3907.38549,0.52735
3903.52825,0.52356
3899.67101,0.51923
3895.81377,0.51548
3891.95653,0.51227
3888.09929,0.50951
3884.24205,0.50730
3880.38480,0.50554
3876.52756,0.50374
3872.67032,0.50125
3868.81308,0.49798
3864.95584,0.49459
3861.09860,0.49162
3857.24136,0.48889
3853.38411,0.48589
3849.52687,0.48356
3845.66963,0.48221
3841.81239,0.48092
3837.95515,0.47969
3834.09791,0.47903
3830.24067,0.47882
3826.38343,0.47890
3822.52618,0.47984
3818.66894,0.48251
3814.81170,0.48612
3810.95446,0.48884
3807.09722,0.49002
3803.23998,0.48944
3799.38274,0.48733
3795.52549,0.48496
3791.66825,0.48334
3787.81101,0.48267
3783.95377,0.48301
3780.09653,0.48443
3776.23929,0.48653
3772.38205,0.48895
3768.52481,0.49199
3764.66756,0.49545
3760.81032,0.49828
3756.95308,0.49924
3753.09584,0.49737
3749.23860,0.49361
3745.38136,0.49149
3741.52412,0.49259
3737.66687,0.49599
3733.80963,0.50050
3729.95239,0.50335
3726.09515,0.50399
3722.23791,0.50448
3718.38067,0.50636
3714.52343,0.51027
3710.66618,0.51729
3706.80894,0.52659
3702.95170,0.53723
3699.09446,0.55014
3695.23722,0.56518
3691.37998,0.58427
3687.52274,0.60616
3683.66550,0.62156
3679.80825,0.63086
3675.95101,0.64110
3672.09377,0.65693
3668.23653,0.67606
3664.37929,0.69441
3660.52205,0.71201
3656.66481,0.72991
3652.80756,0.74805
3648.95032,0.76715
3645.09308,0.78499
3641.23584,0.79870
3637.37860,0.81055
3633.52136,0.82039
3629.66412,0.82940
3625.80687,0.84048
3621.94963,0.85069
3618.09239,0.85936
3614.23515,0.86674
3610.37791,0.87487
3606.52067,0.88395
3602.66343,0.89113
3598.80619,0.89754
