3996.35288,0.03032
3994.42414,0.03014
3992.49539,0.02988
3990.56665,0.02976
3988.63791,0.02977
3986.70917,0.02984
3984.78043,0.02994
3982.85169,0.03005
3980.92294,0.03008
3978.99420,0.03006
3977.06546,0.03001
3975.13672,0.02999
3973.20798,0.03000
3971.27924,0.02997
3969.35049,0.02989
3967.42175,0.02991
3965.49301,0.03000
3963.56427,0.02994
3961.63553,0.02974
3959.70679,0.02969
3957.77804,0.02987
3955.84930,0.03003
3953.92056,0.03002
3951.99182,0.02989
3950.06308,0.02981
3948.13433,0.02990
3946.20559,0.03011
3944.27685,0.03017
3942.34811,0.03009
3940.41937,0.03011
3938.49063,0.03017
3936.56188,0.03007
3934.63314,0.02991
3932.70440,0.02982
3930.77566,0.02982
3928.84692,0.02988
3926.91818,0.02988
3924.98943,0.02982
3923.06069,0.02983
3921.13195,0.02991
3919.20321,0.02999
3917.27447,0.02990
3915.34573,0.02966
3913.41698,0.02961
3911.48824,0.02981
3909.55950,0.02996
3907.63076,0.03002
3905.70202,0.03017
3903.77327,0.03033
3901.84453,0.03033
3899.91579,0.03015
3897.98705,0.02992
3896.05831,0.02989
3894.12957,0.03009
3892.20082,0.03020
3890.27208,0.03005
3888.34334,0.02994
3886.41460,0.02997
3884.48586,0.02998
3882.55712,0.03001
3880.62837,0.02994
3878.69963,0.02968
3876.77089,0.02952
3874.84215,0.02964
3872.91341,0.02989
3870.98467,0.03002
3869.05592,0.02990
3867.12718,0.02989
3865.19844,0.03012
3863.26970,0.03016
3861.34096,0.02997
3859.41221,0.02980
3857.48347,0.02980
3855.55473,0.03006
3853.62599,0.03026
3851.69725,0.03004
3849.76851,0.02986
3847.83976,0.02989
3845.91102,0.02987
3843.98228,0.02981
3842.05354,0.02993
3840.12480,0.03015
3838.19606,0.03013
3836.26731,0.02996
3834.33857,0.02994
3832.40983,0.02991
3830.48109,0.02967
3828.55235,0.02944
3826.62361,0.02937
3824.69486,0.02944
3822.76612,0.02970
3820.83738,0.02990
3818.90864,0.02987
3816.97990,0.02971
3815.05115,0.02945
3813.12241,0.02937
3811.19367,0.02959
3809.26493,0.02992
3807.33619,0.03003
3805.40745,0.02993
3803.47870,0.02997
3801.54996,0.02998
3799.62122,0.02985
3797.69248,0.02985
3795.76374,0.02972
3793.83500,0.02939
3791.90625,0.02921
3789.97751,0.02921
3788.04877,0.02938
3786.12003,0.02959
3784.19129,0.02962
3782.26255,0.02953
3780.33380,0.02950
3778.40506,0.02945
3776.47632,0.02929
3774.54758,0.02919
3772.61884,0.02929
3770.69009,0.02949
3768.76135,0.02955
3766.83261,0.02957
3764.90387,0.02958
3762.97513,0.02958
3761.04639,0.02962
3759.11764,0.02966
3757.18890,0.02969
3755.26016,0.02991
3753.33142,0.03036
3751.40268,0.03074
3749.47394,0.03063
3747.54519,0.03030
3745.61645,0.03013
3743.68771,0.03000
3741.75897,0.02982
3739.83023,0.02977
3737.90149,0.02982
3735.97274,0.02985
3734.04400,0.02986
3732.11526,0.02981
3730.18652,0.02974
3728.25778,0.02964
3726.32904,0.02939
3724.40029,0.02908
3722.47155,0.02898
3720.54281,0.02907
3718.61407,0.02924
3716.68533,0.02948
3714.75658,0.02976
3712.82784,0.02988
3710.89910,0.02976
3708.97036,0.02966
3707.04162,0.02966
3705.11288,0.02958
3703.18413,0.02948
3701.25539,0.02928
3699.32665,0.02903
3697.39791,0.02911
3695.46917,0.02945
3693.54043,0.02969
3691.61168,0.02987
3689.68294,0.03010
3687.75420,0.03007
3685.82546,0.02982
3683.89672,0.02962
3681.96798,0.02955
3680.03923,0.02967
3678.11049,0.02999
3676.18175,0.03028
3674.25301,0.03035
3672.32427,0.03036
3670.39552,0.03039
3668.46678,0.03027
3666.53804,0.03006
3664.60930,0.02999
3662.68056,0.03007
3660.75182,0.03029
3658.82307,0.03060
3656.89433,0.03071
3654.96559,0.03065
3653.03685,0.03089
3651.10811,0.03143
3649.17937,0.03162
3647.25062,0.03121
3645.32188,0.03088
3643.39314,0.03100
3641.46440,0.03113
3639.53566,0.03089
3637.60692,0.03067
3635.67817,0.03084
3633.74943,0.03116
3631.82069,0.03143
3629.89195,0.03156
3627.96321,0.03143
3626.03446,0.03130
3624.10572,0.03128
3622.17698,0.03124
3620.24824,0.03121
3618.31950,0.03127
3616.39076,0.03144
3614.46201,0.03167
3612.53327,0.03190
3610.60453,0.03208
3608.67579,0.03207
3606.74705,0.03182
3604.81831,0.03166
3602.88956,0.03170
3600.96082,0.03181
3599.03208,0.03198
3597.10334,0.03218
3595.17460,0.03230
3593.24586,0.03229
3591.31711,0.03226
3589.38837,0.03238
3587.45963,0.03246
3585.53089,0.03233
3583.60215,0.03232
3581.67340,0.03259
3579.74466,0.03280
3577.81592,0.03284
3575.88718,0.03288
3573.95844,0.03292
3572.02970,0.03301
3570.10095,0.03334
3568.17221,0.03360
3566.24347,0.03354
3564.31473,0.03347
3562.38599,0.03360
3560.45725,0.03374
3558.52850,0.03389
3556.59976,0.03415
3554.67102,0.03437
3552.74228,0.03442
3550.81354,0.03449
3548.88480,0.03464
3546.95605,0.03475
3545.02731,0.03479
3543.09857,0.03485
3541.16983,0.03506
3539.24109,0.03542
3537.31234,0.03579
3535.38360,0.03596
3533.45486,0.03593
3531.52612,0.03589
3529.59738,0.03607
3527.66864,0.03639
3525.73989,0.03652
3523.81115,0.03636
3521.88241,0.03618
3519.95367,0.03627
3518.02493,0.03661
3516.09619,0.03698
3514.16744,0.03731
3512.23870,0.03760
3510.30996,0.03781
3508.38122,0.03787
3506.45248,0.03788
3504.52374,0.03800
3502.59499,0.03815
3500.66625,0.03811
3498.73751,0.03804
3496.80877,0.03814
3494.88003,0.03830
3492.95128,0.03843
3491.02254,0.03867
3489.09380,0.03896
3487.16506,0.03925
3485.23632,0.03960
3483.30758,0.03999
3481.37883,0.04026
3479.45009,0.04043
3477.52135,0.04058
3475.59261,0.04075
3473.66387,0.04099
3471.73513,0.04132
3469.80638,0.04171
3467.87764,0.04203
3465.94890,0.04219
3464.02016,0.04229
3462.09142,0.04255
3460.16268,0.04302
3458.23393,0.04340
3456.30519,0.04355
3454.37645,0.04376
3452.44771,0.04415
3450.51897,0.04456
3448.59022,0.04497
3446.66148,0.04548
3444.73274,0.04603
3442.80400,0.04642
3440.87526,0.04675
3438.94652,0.04709
3437.01777,0.04728
3435.08903,0.04741
3433.16029,0.04780
3431.23155,0.04835
3429.30281,0.04886
3427.37407,0.04923
3425.44532,0.04938
3423.51658,0.04939
3421.58784,0.04950
3419.65910,0.04977
3417.73036,0.05005
3415.80162,0.05036
3413.87287,0.05070
3411.94413,0.05095
3410.01539,0.05114
3408.08665,0.05135
3406.15791,0.05153
3404.22917,0.05162
3402.30042,0.05168
3400.37168,0.05185
3398.44294,0.05207
3396.51420,0.05217
3394.58546,0.05230
3392.65671,0.05264
3390.72797,0.05290
3388.79923,0.05282
3386.87049,0.05277
3384.94175,0.05301
3383.01301,0.05329
3381.08426,0.05346
3379.15552,0.05368
3377.22678,0.05400
3375.29804,0.05432
3373.36930,0.05457
3371.44056,0.05478
3369.51181,0.05504
3367.58307,0.05532
3365.65433,0.05564
3363.72559,0.05612
3361.79685,0.05669
3359.86811,0.05716
3357.93936,0.05733
3356.01062,0.05729
3354.08188,0.05746
3352.15314,0.05800
3350.22440,0.05872
3348.29565,0.05934
3346.36691,0.05974
3344.43817,0.06003
3342.50943,0.06027
3340.58069,0.06043
3338.65195,0.06064
3336.72320,0.06102
3334.79446,0.06138
3332.86572,0.06148
3330.93698,0.06135
3329.00824,0.06108
3327.07950,0.06088
3325.15075,0.06083
3323.22201,0.06080
3321.29327,0.06066
3319.36453,0.06035
3317.43579,0.06001
3315.50705,0.05989
3313.57830,0.06001
3311.64956,0.06018
3309.72082,0.06028
3307.79208,0.06029
3305.86334,0.06025
3303.93459,0.06025
3302.00585,0.06047
3300.07711,0.06077
3298.14837,0.06098
3296.21963,0.06114
3294.29089,0.06130
3292.36214,0.06139
3290.43340,0.06133
3288.50466,0.06118
3286.57592,0.06116
3284.64718,0.06132
3282.71844,0.06141
3280.78969,0.06126
3278.86095,0.06107
3276.93221,0.06111
3275.00347,0.06130
3273.07473,0.06140
3271.14599,0.06145
3269.21724,0.06146
3267.28850,0.06122
3265.35976,0.06075
3263.43102,0.06032
3261.50228,0.06003
3259.57353,0.05984
3257.64479,0.05967
3255.71605,0.05944
3253.78731,0.05904
3251.85857,0.05863
3249.92983,0.05837
3248.00108,0.05819
3246.07234,0.05797
3244.14360,0.05778
3242.21486,0.05759
3240.28612,0.05737
3238.35738,0.05717
3236.42863,0.05701
3234.49989,0.05688
3232.57115,0.05670
3230.64241,0.05639
3228.71367,0.05601
3226.78493,0.05570
3224.85618,0.05550
3222.92744,0.05535
3220.99870,0.05517
3219.06996,0.05497
3217.14122,0.05486
3215.21247,0.05480
3213.28373,0.05464
3211.35499,0.05427
3209.42625,0.05385
3207.49751,0.05353
3205.56877,0.05326
3203.64002,0.05297
3201.71128,0.05277
3199.78254,0.05263
3197.85380,0.05239
3195.92506,0.05208
3193.99632,0.05180
3192.06757,0.05163
3190.13883,0.05152
3188.21009,0.05137
3186.28135,0.05121
3184.35261,0.05101
3182.42387,0.05077
3180.49512,0.05061
3178.56638,0.05052
3176.63764,0.05043
3174.70890,0.05037
3172.78016,0.05035
3170.85141,0.05022
3168.92267,0.04994
3166.99393,0.04963
3165.06519,0.04937
3163.13645,0.04912
3161.20771,0.04888
3159.27896,0.04873
3157.35022,0.04865
3155.42148,0.04854
3153.49274,0.04844
3151.56400,0.04835
3149.63526,0.04818
3147.70651,0.04800
3145.77777,0.04789
3143.84903,0.04784
3141.92029,0.04779
3139.99155,0.04767
3138.06281,0.04756
3136.13406,0.04754
3134.20532,0.04761
3132.27658,0.04762
3130.34784,0.04742
3128.41910,0.04713
3126.49035,0.04690
3124.56161,0.04669
3122.63287,0.04642
3120.70413,0.04620
3118.77539,0.04605
3116.84665,0.04596
3114.91790,0.04597
3112.98916,0.04600
3111.06042,0.04599
3109.13168,0.04600
3107.20294,0.04604
3105.27420,0.04603
3103.34545,0.04595
3101.41671,0.04578
3099.48797,0.04553
3097.55923,0.04536
3095.63049,0.04527
3093.70175,0.04510
3091.77300,0.04489
3089.84426,0.04478
3087.91552,0.04477
3085.98678,0.04483
3084.05804,0.04494
3082.12930,0.04495
3080.20055,0.04482
3078.27181,0.04464
3076.34307,0.04451
3074.41433,0.04448
3072.48559,0.04447
3070.55684,0.04439
3068.62810,0.04429
3066.69936,0.04416
3064.77062,0.04397
3062.84188,0.04384
3060.91314,0.04387
3058.98439,0.04397
3057.05565,0.04397
3055.12691,0.04387
3053.19817,0.04373
3051.26943,0.04351
3049.34069,0.04324
3047.41194,0.04299
3045.48320,0.04279
3043.55446,0.04260
3041.62572,0.04241
3039.69698,0.04231
3037.76824,0.04220
3035.83949,0.04201
3033.91075,0.04193
3031.98201,0.04200
3030.05327,0.04207
3028.12453,0.04210
3026.19578,0.04205
3024.26704,0.04190
3022.33830,0.04189
3020.40956,0.04214
3018.48082,0.04249
3016.55208,0.04273
3014.62333,0.04281
3012.69459,0.04281
3010.76585,0.04278
3008.83711,0.04286
3006.90837,0.04314
3004.97963,0.04345
3003.05088,0.04359
3001.12214,0.04355
2999.19340,0.04356
2997.26466,0.04374
2995.33592,0.04394
2993.40718,0.04405
2991.47843,0.04418
2989.54969,0.04437
2987.62095,0.04456
2985.69221,0.04474
2983.76347,0.04495
2981.83472,0.04531
2979.90598,0.04582
2977.97724,0.04631
2976.04850,0.04680
2974.11976,0.04747
2972.19102,0.04824
2970.26227,0.04883
2968.33353,0.04907
2966.40479,0.04904
2964.47605,0.04891
2962.54731,0.04874
2960.61857,0.04853
2958.68982,0.04842
2956.76108,0.04838
2954.83234,0.04823
2952.90360,0.04802
2950.97486,0.04789
2949.04612,0.04775
2947.11737,0.04754
2945.18863,0.04742
2943.25989,0.04738
2941.33115,0.04736
2939.40241,0.04731
2937.47366,0.04713
2935.54492,0.04687
2933.61618,0.04679
2931.68744,0.04691
2929.75870,0.04704
2927.82996,0.04717
2925.90121,0.04745
2923.97247,0.04792
2922.04373,0.04850
2920.11499,0.04900
2918.18625,0.04936
2916.25751,0.04971
2914.32876,0.05013
2912.40002,0.05069
2910.47128,0.05128
2908.54254,0.05179
2906.61380,0.05216
2904.68506,0.05234
2902.75631,0.05232
2900.82757,0.05215
2898.89883,0.05196
2896.97009,0.05182
2895.04135,0.05169
2893.11260,0.05148
2891.18386,0.05117
2889.25512,0.05083
2887.32638,0.05057
2885.39764,0.05041
2883.46890,0.05030
2881.54015,0.05010
2879.61141,0.04986
2877.68267,0.04968
2875.75393,0.04951
2873.82519,0.04930
2871.89645,0.04913
2869.96770,0.04905
2868.03896,0.04902
2866.11022,0.04896
2864.18148,0.04884
2862.25274,0.04867
2860.32400,0.04848
2858.39525,0.04832
2856.46651,0.04820
2854.53777,0.04815
2852.60903,0.04809
2850.68029,0.04788
2848.75154,0.04744
2846.82280,0.04692
2844.89406,0.04640
2842.96532,0.04591
2841.03658,0.04552
2839.10784,0.04516
2837.17909,0.04473
2835.25035,0.04437
2833.32161,0.04417
2831.39287,0.04405
2829.46413,0.04397
2827.53539,0.04388
2825.60664,0.04371
2823.67790,0.04356
2821.74916,0.04343
2819.82042,0.04325
2817.89168,0.04302
2815.96294,0.04284
2814.03419,0.04270
2812.10545,0.04259
2810.17671,0.04257
2808.24797,0.04260
2806.31923,0.04259
2804.39048,0.04253
2802.46174,0.04236
2800.53300,0.04214
2798.60426,0.04201
2796.67552,0.04198
2794.74678,0.04195
2792.81803,0.04188
2790.88929,0.04173
2788.96055,0.04152
2787.03181,0.04136
2785.10307,0.04126
2783.17433,0.04114
2781.24558,0.04100
2779.31684,0.04093
2777.38810,0.04092
2775.45936,0.04097
2773.53062,0.04103
2771.60188,0.04096
2769.67313,0.04079
2767.74439,0.04073
2765.81565,0.04076
2763.88691,0.04072
2761.95817,0.04066
2760.02943,0.04063
2758.10068,0.04064
2756.17194,0.04071
2754.24320,0.04080
2752.31446,0.04081
2750.38572,0.04077
2748.45697,0.04069
2746.52823,0.04059
2744.59949,0.04054
2742.67075,0.04049
2740.74201,0.04043
2738.81327,0.04038
2736.88452,0.04032
2734.95578,0.04025
2733.02704,0.04021
2731.09830,0.04018
2729.16956,0.04016
2727.24082,0.04015
2725.31207,0.04015
2723.38333,0.04016
2721.45459,0.04014
2719.52585,0.04008
2717.59711,0.03995
2715.66837,0.03981
2713.73962,0.03975
2711.81088,0.03979
2709.88214,0.03974
2707.95340,0.03962
2706.02466,0.03959
2704.09591,0.03963
2702.16717,0.03960
2700.23843,0.03948
2698.30969,0.03934
2696.38095,0.03923
2694.45221,0.03921
2692.52346,0.03922
2690.59472,0.03914
2688.66598,0.03902
2686.73724,0.03901
2684.80850,0.03910
2682.87976,0.03916
2680.95101,0.03915
2679.02227,0.03916
2677.09353,0.03923
2675.16479,0.03925
2673.23605,0.03908
2671.30731,0.03887
2669.37856,0.03879
2667.44982,0.03883
2665.52108,0.03888
2663.59234,0.03893
2661.66360,0.03902
2659.73485,0.03914
2657.80611,0.03929
2655.87737,0.03944
2653.94863,0.03950
2652.01989,0.03943
2650.09115,0.03934
2648.16240,0.03926
2646.23366,0.03923
2644.30492,0.03934
2642.37618,0.03941
2640.44744,0.03932
2638.51870,0.03927
2636.58995,0.03938
2634.66121,0.03950
2632.73247,0.03953
2630.80373,0.03947
2628.87499,0.03941
2626.94625,0.03935
2625.01750,0.03929
2623.08876,0.03929
2621.16002,0.03937
2619.23128,0.03951
2617.30254,0.03970
2615.37379,0.03977
2613.44505,0.03965
2611.51631,0.03951
2609.58757,0.03950
2607.65883,0.03959
2605.73009,0.03958
2603.80134,0.03941
2601.87260,0.03928
2599.94386,0.03930
2598.01512,0.03941
2596.08638,0.03949
2594.15764,0.03950
2592.22889,0.03947
2590.30015,0.03944
2588.37141,0.03943
2586.44267,0.03946
2584.51393,0.03951
2582.58519,0.03957
2580.65644,0.03962
2578.72770,0.03961
2576.79896,0.03959
2574.87022,0.03967
2572.94148,0.03972
2571.01273,0.03959
2569.08399,0.03940
2567.15525,0.03930
2565.22651,0.03929
2563.29777,0.03924
2561.36903,0.03915
2559.44028,0.03918
2557.51154,0.03925
2555.58280,0.03925
2553.65406,0.03924
2551.72532,0.03928
2549.79658,0.03939
2547.86783,0.03946
2545.93909,0.03936
2544.01035,0.03925
2542.08161,0.03929
2540.15287,0.03937
2538.22413,0.03930
2536.29538,0.03906
2534.36664,0.03880
2532.43790,0.03872
2530.50916,0.03888
2528.58042,0.03907
2526.65167,0.03911
2524.72293,0.03910
2522.79419,0.03918
2520.86545,0.03923
2518.93671,0.03922
2517.00797,0.03914
2515.07922,0.03898
2513.15048,0.03889
2511.22174,0.03891
2509.29300,0.03894
2507.36426,0.03893
2505.43552,0.03891
2503.50677,0.03889
2501.57803,0.03874
2499.64929,0.03852
2497.72055,0.03840
2495.79181,0.03840
2493.86307,0.03847
2491.93432,0.03859
2490.00558,0.03857
2488.07684,0.03845
2486.14810,0.03847
2484.21936,0.03851
2482.29061,0.03841
2480.36187,0.03830
2478.43313,0.03821
2476.50439,0.03806
2474.57565,0.03792
2472.64691,0.03789
2470.71816,0.03786
2468.78942,0.03787
2466.86068,0.03801
2464.93194,0.03812
2463.00320,0.03805
2461.07446,0.03800
2459.14571,0.03804
2457.21697,0.03798
2455.28823,0.03788
2453.35949,0.03791
2451.43075,0.03791
2449.50201,0.03773
2447.57326,0.03753
2445.64452,0.03755
2443.71578,0.03765
2441.78704,0.03770
2439.85830,0.03777
2437.92956,0.03779
2436.00081,0.03766
2434.07207,0.03749
2432.14333,0.03740
2430.21459,0.03742
2428.28585,0.03747
2426.35710,0.03747
2424.42836,0.03747
2422.49962,0.03750
2420.57088,0.03743
2418.64214,0.03731
2416.71340,0.03726
2414.78465,0.03728
2412.85591,0.03725
2410.92717,0.03720
2408.99843,0.03722
2407.06969,0.03721
2405.14095,0.03712
2403.21220,0.03717
2401.28346,0.03737
2399.35472,0.03746
2397.42598,0.03732
2395.49724,0.03713
2393.56850,0.03701
2391.63975,0.03700
2389.71101,0.03709
2387.78227,0.03719
2385.85353,0.03718
2383.92479,0.03704
2381.99604,0.03689
2380.06730,0.03683
2378.13856,0.03679
2376.20982,0.03676
2374.28108,0.03673
2372.35234,0.03654
2370.42359,0.03614
2368.49485,0.03582
2366.56611,0.03590
2364.63737,0.03624
2362.70863,0.03630
2360.77989,0.03611
2358.85114,0.03612
2356.92240,0.03619
2354.99366,0.03616
2353.06492,0.03607
2351.13618,0.03597
2349.20744,0.03603
2347.27869,0.03631
2345.34995,0.03664
2343.42121,0.03681
2341.49247,0.03667
2339.56373,0.03638
2337.63498,0.03624
2335.70624,0.03622
2333.77750,0.03613
2331.84876,0.03605
2329.92002,0.03611
2327.99128,0.03626
2326.06253,0.03653
2324.13379,0.03690
2322.20505,0.03710
2320.27631,0.03698
2318.34757,0.03681
2316.41883,0.03681
2314.49008,0.03694
2312.56134,0.03711
2310.63260,0.03715
2308.70386,0.03698
2306.77512,0.03676
2304.84638,0.03666
2302.91763,0.03671
2300.98889,0.03692
2299.06015,0.03726
2297.13141,0.03747
2295.20267,0.03751
2293.27392,0.03758
2291.34518,0.03771
2289.41644,0.03793
2287.48770,0.03818
2285.55896,0.03822
2283.63022,0.03803
2281.70147,0.03780
2279.77273,0.03766
2277.84399,0.03762
2275.91525,0.03751
2273.98651,0.03727
2272.05777,0.03713
2270.12902,0.03726
2268.20028,0.03752
2266.27154,0.03781
2264.34280,0.03800
2262.41406,0.03798
2260.48532,0.03783
2258.55657,0.03766
2256.62783,0.03731
2254.69909,0.03684
2252.77035,0.03670
2250.84161,0.03696
2248.91286,0.03729
2246.98412,0.03745
2245.05538,0.03732
2243.12664,0.03707
2241.19790,0.03695
2239.26916,0.03692
2237.34041,0.03696
2235.41167,0.03711
2233.48293,0.03724
2231.55419,0.03718
2229.62545,0.03713
2227.69671,0.03724
2225.76796,0.03727
2223.83922,0.03718
2221.91048,0.03706
2219.98174,0.03681
2218.05300,0.03646
2216.12426,0.03633
2214.19551,0.03639
2212.26677,0.03638
2210.33803,0.03637
2208.40929,0.03650
2206.48055,0.03664
2204.55180,0.03675
2202.62306,0.03675
2200.69432,0.03650
2198.76558,0.03613
2196.83684,0.03583
2194.90810,0.03563
2192.97935,0.03565
2191.05061,0.03580
2189.12187,0.03592
2187.19313,0.03618
2185.26439,0.03642
2183.33565,0.03626
2181.40690,0.03592
2179.47816,0.03594
2177.54942,0.03615
2175.62068,0.03610
2173.69194,0.03599
2171.76320,0.03602
2169.83445,0.03611
2167.90571,0.03660
2165.97697,0.03747
2164.04823,0.03810
2162.11949,0.03802
2160.19074,0.03685
2158.26200,0.03491
2156.33326,0.03360
2154.40452,0.03346
2152.47578,0.03378
2150.54704,0.03408
2148.61829,0.03404
2146.68955,0.03373
2144.76081,0.03370
2142.83207,0.03405
2140.90333,0.03450
2138.97459,0.03493
2137.04584,0.03503
2135.11710,0.03451
2133.18836,0.03391
2131.25962,0.03388
2129.33088,0.03437
2127.40214,0.03496
2125.47339,0.03522
2123.54465,0.03516
2121.61591,0.03519
2119.68717,0.03542
2117.75843,0.03567
2115.82969,0.03578
2113.90094,0.03579
2111.97220,0.03599
2110.04346,0.03631
2108.11472,0.03635
2106.18598,0.03612
2104.25723,0.03604
2102.32849,0.03609
2100.39975,0.03605
2098.47101,0.03595
2096.54227,0.03588
2094.61353,0.03584
2092.68478,0.03583
2090.75604,0.03590
2088.82730,0.03595
2086.89856,0.03591
2084.96982,0.03587
2083.04108,0.03587
2081.11233,0.03578
2079.18359,0.03559
2077.25485,0.03547
2075.32611,0.03550
2073.39737,0.03556
2071.46863,0.03562
2069.53988,0.03562
2067.61114,0.03539
2065.68240,0.03513
2063.75366,0.03507
2061.82492,0.03511
2059.89617,0.03509
2057.96743,0.03505
2056.03869,0.03499
2054.10995,0.03493
2052.18121,0.03502
2050.25247,0.03502
2048.32372,0.03463
2046.39498,0.03432
2044.46624,0.03439
2042.53750,0.03443
2040.60876,0.03415
2038.68002,0.03395
2036.75127,0.03399
2034.82253,0.03363
2032.89379,0.03301
2030.96505,0.03292
2029.03631,0.03308
2027.10757,0.03293
2025.17882,0.03265
2023.25008,0.03278
2021.32134,0.03321
2019.39260,0.03324
2017.46386,0.03292
2015.53511,0.03277
2013.60637,0.03286
2011.67763,0.03308
2009.74889,0.03321
2007.82015,0.03310
2005.89141,0.03288
2003.96266,0.03269
2002.03392,0.03247
2000.10518,0.03220
1998.17644,0.03207
1996.24770,0.03221
1994.31896,0.03270
1992.39021,0.03338
1990.46147,0.03369
1988.53273,0.03344
1986.60399,0.03329
1984.67525,0.03373
1982.74651,0.03428
1980.81776,0.03440
1978.88902,0.03398
1976.96028,0.03310
1975.03154,0.03232
1973.10280,0.03212
1971.17405,0.03239
1969.24531,0.03284
1967.31657,0.03339
1965.38783,0.03385
1963.45909,0.03395
1961.53035,0.03362
1959.60160,0.03304
1957.67286,0.03270
1955.74412,0.03292
1953.81538,0.03335
1951.88664,0.03341
1949.95790,0.03304
1948.02915,0.03271
1946.10041,0.03257
1944.17167,0.03249
1942.24293,0.03230
1940.31419,0.03195
1938.38545,0.03168
1936.45670,0.03165
1934.52796,0.03172
1932.59922,0.03181
1930.67048,0.03177
1928.74174,0.03142
1926.81299,0.03104
1924.88425,0.03097
1922.95551,0.03109
1921.02677,0.03103
1919.09803,0.03068
1917.16929,0.03020
1915.24054,0.02990
1913.31180,0.02992
1911.38306,0.03007
1909.45432,0.03015
1907.52558,0.03012
1905.59684,0.02984
1903.66809,0.02946
1901.73935,0.02927
1899.81061,0.02918
1897.88187,0.02904
1895.95313,0.02888
1894.02439,0.02878
1892.09564,0.02879
1890.16690,0.02881
1888.23816,0.02864
1886.30942,0.02836
1884.38068,0.02813
1882.45193,0.02795
1880.52319,0.02779
1878.59445,0.02763
1876.66571,0.02738
1874.73697,0.02719
1872.80823,0.02729
1870.87948,0.02756
1868.95074,0.02758
1867.02200,0.02729
1865.09326,0.02704
1863.16452,0.02693
1861.23578,0.02684
1859.30703,0.02676
1857.37829,0.02674
1855.44955,0.02674
1853.52081,0.02674
1851.59207,0.02674
1849.66333,0.02669
1847.73458,0.02664
1845.80584,0.02668
1843.87710,0.02670
1841.94836,0.02660
1840.01962,0.02652
1838.09087,0.02653
1836.16213,0.02654
1834.23339,0.02655
1832.30465,0.02659
1830.37591,0.02669
1828.44717,0.02683
1826.51842,0.02690
1824.58968,0.02678
1822.66094,0.02656
1820.73220,0.02634
1818.80346,0.02608
1816.87472,0.02587
1814.94597,0.02576
1813.01723,0.02568
1811.08849,0.02556
1809.15975,0.02546
1807.23101,0.02545
1805.30227,0.02541
1803.37352,0.02520
1801.44478,0.02488
1799.51604,0.02455
1797.58730,0.02428
1795.65856,0.02416
1793.72982,0.02410
1791.80107,0.02387
1789.87233,0.02357
1787.94359,0.02336
1786.01485,0.02316
1784.08611,0.02290
1782.15736,0.02273
1780.22862,0.02261
1778.29988,0.02244
1776.37114,0.02232
1774.44240,0.02233
1772.51366,0.02231
1770.58491,0.02215
1768.65617,0.02194
1766.72743,0.02173
1764.79869,0.02159
1762.86995,0.02163
1760.94121,0.02177
1759.01246,0.02197
1757.08372,0.02233
1755.15498,0.02293
1753.22624,0.02404
1751.29750,0.02589
1749.36876,0.02843
1747.44001,0.03172
1745.51127,0.03612
1743.58253,0.04184
1741.65379,0.04876
1739.72505,0.05647
1737.79630,0.06424
1735.86756,0.07224
1733.93882,0.08108
1732.01008,0.08963
1730.08134,0.09732
1728.15260,0.10501
1726.22385,0.11283
1724.29511,0.12064
1722.36637,0.12844
1720.43763,0.13625
1718.50889,0.14423
1716.58015,0.15161
1714.65140,0.15681
1712.72266,0.15928
1710.79392,0.15932
1708.86518,0.15724
1706.93644,0.15312
1705.00770,0.14736
1703.07895,0.14111
1701.15021,0.13433
1699.22147,0.12706
1697.29273,0.12043
1695.36399,0.11431
1693.43524,0.10891
1691.50650,0.10464
1689.57776,0.10106
1687.64902,0.09822
1685.72028,0.09607
1683.79154,0.09397
1681.86279,0.09170
1679.93405,0.08944
1678.00531,0.08731
1676.07657,0.08532
1674.14783,0.08330
1672.21909,0.08133
1670.29034,0.07937
1668.36160,0.07731
1666.43286,0.07537
1664.50412,0.07354
1662.57538,0.07172
1660.64664,0.07015
1658.71789,0.06890
1656.78915,0.06798
1654.86041,0.06722
1652.93167,0.06601
1651.00293,0.06449
1649.07418,0.06352
1647.14544,0.06277
1645.21670,0.06173
1643.28796,0.06073
1641.35922,0.06003
1639.43048,0.05952
1637.50173,0.05910
1635.57299,0.05850
1633.64425,0.05762
1631.71551,0.05681
1629.78677,0.05615
1627.85803,0.05546
1625.92928,0.05481
1624.00054,0.05425
1622.07180,0.05379
1620.14306,0.05355
1618.21432,0.05354
1616.28558,0.05342
1614.35683,0.05308
1612.42809,0.05261
1610.49935,0.05189
1608.57061,0.05093
1606.64187,0.04996
1604.71312,0.04907
1602.78438,0.04826
1600.85564,0.04750
1598.92690,0.04678
1596.99816,0.04609
1595.06942,0.04550
1593.14067,0.04506
1591.21193,0.04474
1589.28319,0.04453
1587.35445,0.04451
1585.42571,0.04480
1583.49697,0.04555
1581.56822,0.04672
1579.63948,0.04795
1577.71074,0.04867
1575.78200,0.04833
1573.85326,0.04712
1571.92452,0.04585
1569.99577,0.04468
1568.06703,0.04357
1566.13829,0.04267
1564.20955,0.04210
1562.28081,0.04195
1560.35206,0.04199
1558.42332,0.04157
1556.49458,0.04084
1554.56584,0.04030
1552.63710,0.03983
1550.70836,0.03937
1548.77961,0.03901
1546.85087,0.03881
1544.92213,0.03880
1542.99339,0.03888
1541.06465,0.03881
1539.13591,0.03825
1537.20716,0.03758
1535.27842,0.03725
1533.34968,0.03706
1531.42094,0.03687
1529.49220,0.03684
1527.56346,0.03693
1525.63471,0.03697
1523.70597,0.03694
1521.77723,0.03671
1519.84849,0.03614
1517.91975,0.03552
1515.99100,0.03509
1514.06226,0.03512
1512.13352,0.03609
1510.20478,0.03856
1508.27604,0.04289
1506.34730,0.04770
1504.41855,0.04934
1502.48981,0.04723
1500.56107,0.04361
1498.63233,0.04024
1496.70359,0.03774
1494.77485,0.03608
1492.84610,0.03523
1490.91736,0.03510
1488.98862,0.03549
1487.05988,0.03631
1485.13114,0.03759
1483.20240,0.03920
1481.27365,0.04090
1479.34491,0.04261
1477.41617,0.04447
1475.48743,0.04666
1473.55869,0.04902
1471.62995,0.05051
1469.70120,0.05035
1467.77246,0.04941
1465.84372,0.04881
1463.91498,0.04881
1461.98624,0.04934
1460.05749,0.05040
1458.12875,0.05171
1456.20001,0.05257
1454.27127,0.05272
1452.34253,0.05251
1450.41379,0.05212
1448.48504,0.05153
1446.55630,0.05076
1444.62756,0.05009
1442.69882,0.04965
1440.77008,0.04939
1438.84134,0.04928
1436.91259,0.04908
1434.98385,0.04850
1433.05511,0.04767
1431.12637,0.04678
1429.19763,0.04581
1427.26889,0.04490
1425.34014,0.04422
1423.41140,0.04392
1421.48266,0.04429
1419.55392,0.04596
1417.62518,0.04965
1415.69643,0.05584
1413.76769,0.06447
1411.83895,0.07407
1409.91021,0.08159
1407.98147,0.08443
1406.05273,0.08216
1404.12398,0.07651
1402.19524,0.07006
1400.26650,0.06438
1398.33776,0.05991
1396.40902,0.05664
1394.48028,0.05413
1392.55153,0.05224
1390.62279,0.05119
1388.69405,0.05087
1386.76531,0.05092
1384.83657,0.05109
1382.90783,0.05135
1380.97908,0.05188
1379.05034,0.05269
1377.12160,0.05367
1375.19286,0.05482
1373.26412,0.05607
1371.33537,0.05696
1369.40663,0.05695
1367.47789,0.05593
1365.54915,0.05437
1363.62041,0.05280
1361.69167,0.05145
1359.76292,0.05025
1357.83418,0.04938
1355.90544,0.04911
1353.97670,0.04949
1352.04796,0.05066
1350.11922,0.05328
1348.19047,0.05809
1346.26173,0.06528
1344.33299,0.07432
1342.40425,0.08354
1340.47551,0.09051
1338.54677,0.09307
1336.61802,0.09058
1334.68928,0.08411
1332.76054,0.07554
1330.83180,0.06698
1328.90306,0.06016
1326.97431,0.05581
1325.04557,0.05378
1323.11683,0.05352
1321.18809,0.05443
1319.25935,0.05600
1317.33061,0.05779
1315.40186,0.05940
1313.47312,0.06065
1311.54438,0.06157
1309.61564,0.06227
1307.68690,0.06286
1305.75816,0.06352
1303.82941,0.06452
1301.90067,0.06608
1299.97193,0.06839
1298.04319,0.07146
1296.11445,0.07510
1294.18571,0.07903
1292.25696,0.08306
1290.32822,0.08702
1288.39948,0.09085
1286.47074,0.09463
1284.54200,0.09849
1282.61325,0.10247
1280.68451,0.10639
1278.75577,0.11008
1276.82703,0.11369
1274.89829,0.11745
1272.96955,0.12147
1271.04080,0.12586
1269.11206,0.13064
1267.18332,0.13558
1265.25458,0.14033
1263.32584,0.14460
1261.39710,0.14815
1259.46835,0.15083
1257.53961,0.15289
1255.61087,0.15483
1253.68213,0.15715
1251.75339,0.16006
1249.82465,0.16335
1247.89590,0.16660
1245.96716,0.16934
1244.03842,0.17130
1242.10968,0.17236
1240.18094,0.17232
1238.25219,0.17095
1236.32345,0.16809
1234.39471,0.16380
1232.46597,0.15843
1230.53723,0.15268
1228.60849,0.14724
1226.67974,0.14242
1224.75100,0.13808
1222.82226,0.13398
1220.89352,0.12985
1218.96478,0.12555
1217.03604,0.12124
1215.10729,0.11723
1213.17855,0.11389
1211.24981,0.11155
1209.32107,0.10991
1207.39233,0.10821
1205.46359,0.10604
1203.53484,0.10343
1201.60610,0.10041
1199.67736,0.09705
1197.74862,0.09352
1195.81988,0.08997
1193.89113,0.08663
1191.96239,0.08358
1190.03365,0.08078
1188.10491,0.07846
1186.17617,0.07679
1184.24743,0.07576
1182.31868,0.07548
1180.38994,0.07605
1178.46120,0.07711
1176.53246,0.07814
1174.60372,0.07895
1172.67498,0.07953
1170.74623,0.07976
1168.81749,0.07973
1166.88875,0.07972
1164.96001,0.07988
1163.03127,0.08004
1161.10253,0.07973
1159.17378,0.07877
1157.24504,0.07755
1155.31630,0.07646
1153.38756,0.07573
1151.45882,0.07556
1149.53007,0.07599
1147.60133,0.07696
1145.67259,0.07844
1143.74385,0.08038
1141.81511,0.08295
1139.88637,0.08653
1137.95762,0.09152
1136.02888,0.09806
1134.10014,0.10584
1132.17140,0.11424
1130.24266,0.12280
1128.31392,0.13129
1126.38517,0.13946
1124.45643,0.14686
1122.52769,0.15317
1120.59895,0.15838
1118.67021,0.16271
1116.74147,0.16648
1114.81272,0.17005
1112.88398,0.17370
1110.95524,0.17745
1109.02650,0.18141
1107.09776,0.18584
1105.16902,0.19064
1103.24027,0.19529
1101.31153,0.19916
1099.38279,0.20157
1097.45405,0.20243
1095.52531,0.20231
1093.59656,0.20164
1091.66782,0.20045
1089.73908,0.19887
1087.81034,0.19718
1085.88160,0.19527
1083.95286,0.19292
1082.02411,0.19021
1080.09537,0.18734
1078.16663,0.18421
1076.23789,0.18064
1074.30915,0.17678
1072.38041,0.17314
1070.45166,0.17047
1068.52292,0.16923
1066.59418,0.16914
1064.66544,0.16982
1062.73670,0.17110
1060.80796,0.17251
1058.87921,0.17341
1056.95047,0.17365
1055.02173,0.17349
1053.09299,0.17301
1051.16425,0.17203
1049.23550,0.17052
1047.30676,0.16873
1045.37802,0.16684
1043.44928,0.16508
1041.52054,0.16380
1039.59180,0.16320
1037.66305,0.16326
1035.73431,0.16350
1033.80557,0.16310
1031.87683,0.16189
1029.94809,0.16068
1028.01935,0.16093
1026.09060,0.16433
1024.16186,0.17116
1022.23312,0.18008
1020.30438,0.18934
1018.37564,0.19651
1016.44690,0.19850
1014.51815,0.19439
1012.58941,0.18679
1010.66067,0.17911
1008.73193,0.17309
1006.80319,0.16878
1004.87444,0.16568
1002.94570,0.16341
1001.01696,0.16166
999.08822,0.15994
997.15948,0.15786
995.23074,0.15552
993.30199,0.15334
991.37325,0.15179
989.44451,0.15116
987.51577,0.15128
985.58703,0.15169
983.65829,0.15189
981.72954,0.15153
979.80080,0.15073
977.87206,0.14991
975.94332,0.14947
974.01458,0.14940
972.08584,0.14918
970.15709,0.14825
968.22835,0.14657
966.29961,0.14425
964.37087,0.14148
962.44213,0.13856
960.51338,0.13563
958.58464,0.13282
956.65590,0.13030
954.72716,0.12814
952.79842,0.12613
950.86968,0.12398
948.94093,0.12175
947.01219,0.11976
945.08345,0.11809
943.15471,0.11661
941.22597,0.11526
939.29723,0.11397
937.36848,0.11267
935.43974,0.11135
933.51100,0.11011
931.58226,0.10899
929.65352,0.10781
927.72478,0.10652
925.79603,0.10531
923.86729,0.10429
921.93855,0.10340
920.00981,0.10268
918.08107,0.10223
916.15232,0.10192
914.22358,0.10171
912.29484,0.10172
910.36610,0.10205
908.43736,0.10268
906.50862,0.10343
904.57987,0.10420
902.65113,0.10491
900.72239,0.10545
898.79365,0.10580
896.86491,0.10593
894.93617,0.10573
893.00742,0.10513
891.07868,0.10408
889.14994,0.10281
887.22120,0.10215
885.29246,0.10281
883.36372,0.10481
881.43497,0.10799
879.50623,0.11243
877.57749,0.11853
875.64875,0.12726
873.72001,0.13770
871.79126,0.14425
869.86252,0.14208
867.93378,0.13398
866.00504,0.12575
864.07630,0.11997
862.14756,0.11662
860.21881,0.11495
858.29007,0.11420
856.36133,0.11407
854.43259,0.11465
852.50385,0.11597
850.57511,0.11787
848.64636,0.11979
846.71762,0.12083
844.78888,0.12035
842.86014,0.11838
840.93140,0.11576
839.00266,0.11345
837.07391,0.11167
835.14517,0.10993
833.21643,0.10800
831.28769,0.10609
829.35895,0.10440
827.43020,0.10286
825.50146,0.10144
823.57272,0.10029
821.64398,0.09940
819.71524,0.09853
817.78650,0.09767
815.85775,0.09708
813.92901,0.09689
812.00027,0.09666
810.07153,0.09612
808.14279,0.09557
806.21405,0.09535
804.28530,0.09518
802.35656,0.09464
800.42782,0.09397
798.49908,0.09404
796.57034,0.09559
794.64160,0.09830
792.71285,0.10040
790.78411,0.10044
788.85537,0.09882
786.92663,0.09673
784.99789,0.09460
783.06915,0.09246
781.14040,0.09049
779.21166,0.08874
777.28292,0.08701
775.35418,0.08535
773.42544,0.08398
771.49669,0.08289
769.56795,0.08180
767.63921,0.08062
765.71047,0.07938
763.78173,0.07793
761.85299,0.07627
759.92424,0.07464
757.99550,0.07314
756.06676,0.07184
754.13802,0.07070
752.20928,0.06950
750.28054,0.06830
748.35179,0.06756
746.42305,0.06756
744.49431,0.06857
742.56557,0.07144
740.63683,0.07747
738.70809,0.08773
736.77934,0.10228
734.85060,0.12010
732.92186,0.13981
730.99312,0.16052
729.06438,0.18171
727.13563,0.20241
725.20689,0.22027
723.27815,0.23206
721.34941,0.23612
719.42067,0.23388
717.49193,0.22838
715.56318,0.22198
713.63444,0.21552
711.70570,0.20938
709.77696,0.20398
707.84822,0.19922
705.91948,0.19484
703.99073,0.19076
702.06199,0.18676
700.13325,0.18252
698.20451,0.17788
696.27577,0.17321
694.34703,0.16896
692.41828,0.16535
690.48954,0.16262
688.56080,0.16068
686.63206,0.15926
684.70332,0.15837
682.77457,0.15783
680.84583,0.15722
678.91709,0.15652
676.98835,0.15613
675.05961,0.15631
673.13087,0.15684
671.20212,0.15732
669.27338,0.15747
667.34464,0.15724
665.41590,0.15694
663.48716,0.15651
661.55842,0.15585
659.62967,0.15517
657.70093,0.15423
655.77219,0.15249
653.84345,0.15039
651.91471,0.14878
649.98597,0.14786
648.05722,0.14770
646.12848,0.14811
644.19974,0.14866
642.27100,0.14913
640.34226,0.14871
638.41351,0.14747
636.48477,0.14691
634.55603,0.14796
632.62729,0.14976
630.69855,0.15057
628.76981,0.15019
626.84106,0.14970
624.91232,0.15012
622.98358,0.15240
621.05484,0.15476
619.12610,0.15359
617.19736,0.14914
615.26861,0.14707
613.33987,0.15069
611.41113,0.15475
609.48239,0.15469
607.55365,0.15311
605.62491,0.15137
603.69616,0.14876
601.76742,0.14631
599.83868,0.14566
