12493.60475,0.10412
12489.74751,0.10596
12485.89027,0.10554
12482.03303,0.10387
12478.17579,0.10317
12474.31855,0.10457
12470.46130,0.10610
12466.60406,0.10547
12462.74682,0.10511
12458.88958,0.10710
12455.03234,0.10962
12451.17510,0.10993
12447.31786,0.10802
12443.46062,0.10749
12439.60337,0.10948
12435.74613,0.11022
12431.88889,0.10718
12428.03165,0.10285
12424.17441,0.10094
12420.31717,0.10176
12416.45993,0.10291
12412.60268,0.10323
12408.74544,0.10285
12404.88820,0.10191
12401.03096,0.10373
12397.17372,0.10982
12393.31648,0.11359
12389.45924,0.11069
12385.60199,0.10596
12381.74475,0.10430
12377.88751,0.10502
12374.03027,0.10712
12370.17303,0.10958
12366.31579,0.10944
12362.45855,0.10699
12358.60131,0.10463
12354.74406,0.10328
12350.88682,0.10385
12347.02958,0.10639
12343.17234,0.10953
12339.31510,0.11009
12335.45786,0.10638
12331.60062,0.10216
12327.74337,0.10180
12323.88613,0.10575
12320.02889,0.11053
12316.17165,0.11072
12312.31441,0.10573
12308.45717,0.10216
12304.59993,0.10397
12300.74268,0.10749
12296.88544,0.10867
12293.02820,0.10723
12289.17096,0.10484
12285.31372,0.10300
12281.45648,0.10217
12277.59924,0.10219
12273.74200,0.10278
12269.88475,0.10489
12266.02751,0.10864
12262.17027,0.11112
12258.31303,0.11115
12254.45579,0.11074
12250.59855,0.11125
12246.74131,0.11170
12242.88406,0.11074
12239.02682,0.10964
12235.16958,0.10881
12231.31234,0.10662
12227.45510,0.10347
12223.59786,0.10102
12219.74062,0.10074
12215.88338,0.10244
12212.02613,0.10465
12208.16889,0.10595
12204.31165,0.10467
12200.45441,0.10227
12196.59717,0.10170
12192.73993,0.10294
12188.88269,0.10493
12185.02544,0.10678
12181.16820,0.10676
12177.31096,0.10458
12173.45372,0.10292
12169.59648,0.10352
12165.73924,0.10483
12161.88200,0.10492
12158.02475,0.10394
12154.16751,0.10329
12150.31027,0.10317
12146.45303,0.10319
12142.59579,0.10382
12138.73855,0.10457
12134.88131,0.10414
12131.02407,0.10355
12127.16682,0.10371
12123.30958,0.10377
12119.45234,0.10445
12115.59510,0.10512
12111.73786,0.10340
12107.88062,0.10049
12104.02338,0.09961
12100.16613,0.10177
12096.30889,0.10477
12092.45165,0.10552
12088.59441,0.10377
12084.73717,0.10245
12080.87993,0.10407
12077.02269,0.10697
12073.16544,0.10784
12069.30820,0.10590
12065.45096,0.10302
12061.59372,0.10125
12057.73648,0.10050
12053.87924,0.10009
12050.02200,0.10030
12046.16476,0.10117
12042.30751,0.10211
12038.45027,0.10312
12034.59303,0.10428
12030.73579,0.10517
12026.87855,0.10600
12023.02131,0.10621
12019.16407,0.10479
12015.30682,0.10316
12011.44958,0.10343
12007.59234,0.10485
12003.73510,0.10582
11999.87786,0.10717
11996.02062,0.10883
11992.16338,0.10867
11988.30614,0.10739
11984.44889,0.10661
11980.59165,0.10606
11976.73441,0.10615
11972.87717,0.10708
11969.01993,0.10749
11965.16269,0.10706
11961.30545,0.10700
11957.44820,0.10791
11953.59096,0.10845
11949.73372,0.10717
11945.87648,0.10575
11942.01924,0.10606
11938.16200,0.10635
11934.30476,0.10583
11930.44751,0.10573
11926.59027,0.10558
11922.73303,0.10531
11918.87579,0.10594
11915.01855,0.10704
11911.16131,0.10727
11907.30407,0.10678
11903.44683,0.10650
11899.58958,0.10628
11895.73234,0.10717
11891.87510,0.10930
11888.01786,0.11029
11884.16062,0.11042
11880.30338,0.11042
11876.44614,0.10922
11872.58889,0.10785
11868.73165,0.10738
11864.87441,0.10736
11861.01717,0.10722
11857.15993,0.10694
11853.30269,0.10792
11849.44545,0.11015
11845.58820,0.11102
11841.73096,0.11074
11837.87372,0.11125
11834.01648,0.11162
11830.15924,0.11142
11826.30200,0.11120
11822.44476,0.11047
11818.58752,0.10956
11814.73027,0.10907
11810.87303,0.10979
11807.01579,0.11164
11803.15855,0.11178
11799.30131,0.11028
11795.44407,0.11089
11791.58683,0.11351
11787.72958,0.11431
11783.87234,0.11212
11780.01510,0.10949
11776.15786,0.10866
11772.30062,0.10873
11768.44338,0.10818
11764.58614,0.10832
11760.72890,0.11050
11756.87165,0.11248
11753.01441,0.11271
11749.15717,0.11269
11745.29993,0.11293
11741.44269,0.11251
11737.58545,0.11173
11733.72821,0.11140
11729.87096,0.11186
11726.01372,0.11341
11722.15648,0.11560
11718.29924,0.11680
11714.44200,0.11602
11710.58476,0.11423
11706.72752,0.11248
11702.87027,0.11148
11699.01303,0.11287
11695.15579,0.11573
11691.29855,0.11672
11687.44131,0.11640
11683.58407,0.11701
11679.72683,0.11761
11675.86959,0.11714
11672.01234,0.11572
11668.15510,0.11386
11664.29786,0.11294
11660.44062,0.11369
11656.58338,0.11462
11652.72614,0.11420
11648.86890,0.11319
11645.01165,0.11254
11641.15441,0.11242
11637.29717,0.11336
11633.43993,0.11349
11629.58269,0.11121
11625.72545,0.10976
11621.86821,0.11133
11618.01096,0.11348
11614.15372,0.11332
11610.29648,0.11141
11606.43924,0.11063
11602.58200,0.11155
11598.72476,0.11203
11594.86752,0.11103
11591.01028,0.11036
11587.15303,0.11167
11583.29579,0.11333
11579.43855,0.11317
11575.58131,0.11208
11571.72407,0.11200
11567.86683,0.11242
11564.00959,0.11166
11560.15234,0.11026
11556.29510,0.11050
11552.43786,0.11237
11548.58062,0.11257
11544.72338,0.11081
11540.86614,0.11102
11537.00890,0.11369
11533.15166,0.11514
11529.29441,0.11350
11525.43717,0.11110
11521.57993,0.11165
11517.72269,0.11489
11513.86545,0.11638
11510.00821,0.11432
11506.15097,0.11255
11502.29372,0.11374
11498.43648,0.11429
11494.57924,0.11183
11490.72200,0.11047
11486.86476,0.11248
11483.00752,0.11400
11479.15028,0.11271
11475.29303,0.11129
11471.43579,0.11158
11467.57855,0.11237
11463.72131,0.11221
11459.86407,0.11051
11456.00683,0.10857
11452.14959,0.10857
11448.29235,0.10949
11444.43510,0.10927
11440.57786,0.10871
11436.72062,0.10876
11432.86338,0.10848
11429.00614,0.10759
11425.14890,0.10663
11421.29166,0.10613
11417.43441,0.10723
11413.57717,0.10951
11409.71993,0.11076
11405.86269,0.11062
11402.00545,0.11057
11398.14821,0.11112
11394.29097,0.11186
11390.43372,0.11198
11386.57648,0.11084
11382.71924,0.10953
11378.86200,0.10921
11375.00476,0.10925
11371.14752,0.10890
11367.29028,0.10890
11363.43304,0.10991
11359.57579,0.11076
11355.71855,0.11016
11351.86131,0.10919
11348.00407,0.10949
11344.14683,0.11030
11340.28959,0.11028
11336.43235,0.10976
11332.57510,0.10944
11328.71786,0.10988
11324.86062,0.11100
11321.00338,0.11131
11317.14614,0.10978
11313.28890,0.10738
11309.43166,0.10572
11305.57442,0.10532
11301.71717,0.10608
11297.85993,0.10798
11294.00269,0.10972
11290.14545,0.11011
11286.28821,0.11021
11282.43097,0.11081
11278.57373,0.11130
11274.71648,0.11169
11270.85924,0.11174
11267.00200,0.11136
11263.14476,0.11213
11259.28752,0.11362
11255.43028,0.11344
11251.57304,0.11233
11247.71579,0.11185
11243.85855,0.11054
11240.00131,0.10826
11236.14407,0.10718
11232.28683,0.10728
11228.42959,0.10709
11224.57235,0.10652
11220.71511,0.10612
11216.85786,0.10623
11213.00062,0.10791
11209.14338,0.11082
11205.28614,0.11238
11201.42890,0.11166
11197.57166,0.11038
11193.71442,0.10972
11189.85717,0.10951
11185.99993,0.10956
11182.14269,0.10994
11178.28545,0.11050
11174.42821,0.11014
11170.57097,0.10846
11166.71373,0.10715
11162.85648,0.10705
11158.99924,0.10782
11155.14200,0.10908
11151.28476,0.10956
11147.42752,0.10964
11143.57028,0.11050
11139.71304,0.11099
11135.85580,0.11052
11131.99855,0.11013
11128.14131,0.11017
11124.28407,0.10992
11120.42683,0.10932
11116.56959,0.10932
11112.71235,0.10963
11108.85511,0.10938
11104.99786,0.10910
11101.14062,0.10908
11097.28338,0.10900
11093.42614,0.10893
11089.56890,0.10906
11085.71166,0.10928
11081.85442,0.10915
11077.99718,0.10908
11074.13993,0.10966
11070.28269,0.11048
11066.42545,0.11093
11062.56821,0.11067
11058.71097,0.11002
11054.85373,0.10927
11050.99649,0.10847
11047.13924,0.10828
11043.28200,0.10873
11039.42476,0.10922
11035.56752,0.10985
11031.71028,0.11051
11027.85304,0.11065
11023.99580,0.11054
11020.13855,0.11042
11016.28131,0.10976
11012.42407,0.10894
11008.56683,0.10920
11004.70959,0.11000
11000.85235,0.10963
10996.99511,0.10857
10993.13787,0.10845
10989.28062,0.10931
10985.42338,0.10993
10981.56614,0.10951
10977.70890,0.10905
10973.85166,0.10928
10969.99442,0.10902
10966.13718,0.10794
10962.27993,0.10741
10958.42269,0.10812
10954.56545,0.10917
10950.70821,0.10975
10946.85097,0.10927
10942.99373,0.10796
10939.13649,0.10742
10935.27924,0.10767
10931.42200,0.10772
10927.56476,0.10838
10923.70752,0.10934
10919.85028,0.10889
10915.99304,0.10766
10912.13580,0.10703
10908.27856,0.10638
10904.42131,0.10576
10900.56407,0.10645
10896.70683,0.10786
10892.84959,0.10852
10888.99235,0.10857
10885.13511,0.10881
10881.27787,0.10924
10877.42062,0.10952
10873.56338,0.10953
10869.70614,0.10921
10865.84890,0.10888
10861.99166,0.10891
10858.13442,0.10891
10854.27718,0.10828
10850.41993,0.10706
10846.56269,0.10600
10842.70545,0.10597
10838.84821,0.10676
10834.99097,0.10702
10831.13373,0.10674
10827.27649,0.10747
10823.41925,0.10848
10819.56200,0.10764
10815.70476,0.10609
10811.84752,0.10588
10807.99028,0.10651
10804.13304,0.10684
10800.27580,0.10692
10796.41856,0.10737
10792.56131,0.10797
10788.70407,0.10769
10784.84683,0.10683
10780.98959,0.10674
10777.13235,0.10708
10773.27511,0.10688
10769.41787,0.10673
10765.56063,0.10697
10761.70338,0.10698
10757.84614,0.10694
10753.98890,0.10721
10750.13166,0.10749
10746.27442,0.10737
10742.41718,0.10698
10738.55994,0.10695
10734.70269,0.10740
10730.84545,0.10786
10726.98821,0.10785
10723.13097,0.10731
10719.27373,0.10671
10715.41649,0.10633
10711.55925,0.10639
10707.70200,0.10726
10703.84476,0.10854
10699.98752,0.10880
10696.13028,0.10807
10692.27304,0.10788
10688.41580,0.10807
10684.55856,0.10782
10680.70132,0.10763
10676.84407,0.10777
10672.98683,0.10775
10669.12959,0.10769
10665.27235,0.10800
10661.41511,0.10816
10657.55787,0.10762
10653.70063,0.10672
10649.84338,0.10605
10645.98614,0.10593
10642.12890,0.10613
10638.27166,0.10628
10634.41442,0.10601
10630.55718,0.10536
10626.69994,0.10528
10622.84269,0.10632
10618.98545,0.10723
10615.12821,0.10674
10611.27097,0.10565
10607.41373,0.10536
10603.55649,0.10599
10599.69925,0.10652
10595.84201,0.10620
10591.98476,0.10573
10588.12752,0.10581
10584.27028,0.10608
10580.41304,0.10569
10576.55580,0.10477
10572.69856,0.10466
10568.84132,0.10528
10564.98407,0.10551
10561.12683,0.10513
10557.26959,0.10437
10553.41235,0.10377
10549.55511,0.10367
10545.69787,0.10379
10541.84063,0.10375
10537.98339,0.10366
10534.12614,0.10391
10530.26890,0.10445
10526.41166,0.10476
10522.55442,0.10442
10518.69718,0.10357
10514.83994,0.10298
10510.98270,0.10316
10507.12545,0.10370
10503.26821,0.10422
10499.41097,0.10474
10495.55373,0.10517
10491.69649,0.10536
10487.83925,0.10507
10483.98201,0.10401
10480.12476,0.10276
10476.26752,0.10222
10472.41028,0.10240
10468.55304,0.10279
10464.69580,0.10333
10460.83856,0.10379
10456.98132,0.10372
10453.12408,0.10332
10449.26683,0.10295
10445.40959,0.10287
10441.55235,0.10316
10437.69511,0.10332
10433.83787,0.10300
10429.98063,0.10262
10426.12339,0.10269
10422.26614,0.10320
10418.40890,0.10376
10414.55166,0.10405
10410.69442,0.10395
10406.83718,0.10345
10402.97994,0.10294
10399.12270,0.10308
10395.26545,0.10364
10391.40821,0.10391
10387.55097,0.10384
10383.69373,0.10384
10379.83649,0.10395
10375.97925,0.10379
10372.12201,0.10329
10368.26477,0.10292
10364.40752,0.10321
10360.55028,0.10399
10356.69304,0.10470
10352.83580,0.10501
10348.97856,0.10503
10345.12132,0.10514
10341.26408,0.10515
10337.40683,0.10473
10333.54959,0.10426
10329.69235,0.10406
10325.83511,0.10397
10321.97787,0.10410
10318.12063,0.10437
10314.26339,0.10440
10310.40615,0.10438
10306.54890,0.10447
10302.69166,0.10447
10298.83442,0.10426
10294.97718,0.10386
10291.11994,0.10374
10287.26270,0.10425
10283.40546,0.10486
10279.54821,0.10495
10275.69097,0.10479
10271.83373,0.10487
10267.97649,0.10492
10264.11925,0.10478
10260.26201,0.10472
10256.40477,0.10473
10252.54752,0.10481
10248.69028,0.10488
10244.83304,0.10459
10240.97580,0.10443
10237.11856,0.10497
10233.26132,0.10533
10229.40408,0.10496
10225.54684,0.10455
10221.68959,0.10442
10217.83235,0.10451
10213.97511,0.10478
10210.11787,0.10501
10206.26063,0.10513
10202.40339,0.10529
10198.54615,0.10567
10194.68890,0.10619
10190.83166,0.10654
10186.97442,0.10651
10183.11718,0.10597
10179.25994,0.10511
10175.40270,0.10476
10171.54546,0.10517
10167.68821,0.10559
10163.83097,0.10562
10159.97373,0.10544
10156.11649,0.10547
10152.25925,0.10585
10148.40201,0.10610
10144.54477,0.10585
10140.68753,0.10560
10136.83028,0.10598
10132.97304,0.10670
10129.11580,0.10715
10125.25856,0.10718
10121.40132,0.10685
10117.54408,0.10627
10113.68684,0.10577
10109.82959,0.10576
10105.97235,0.10619
10102.11511,0.10654
10098.25787,0.10660
10094.40063,0.10663
10090.54339,0.10662
10086.68615,0.10625
10082.82891,0.10582
10078.97166,0.10582
10075.11442,0.10605
10071.25718,0.10623
10067.39994,0.10650
10063.54270,0.10671
10059.68546,0.10654
10055.82822,0.10617
10051.97097,0.10625
10048.11373,0.10696
10044.25649,0.10754
10040.39925,0.10762
10036.54201,0.10744
10032.68477,0.10702
10028.82753,0.10673
10024.97028,0.10695
10021.11304,0.10731
10017.25580,0.10734
10013.39856,0.10706
10009.54132,0.10678
10005.68408,0.10666
10001.82684,0.10676
9997.96960,0.10708
9994.11235,0.10727
9990.25511,0.10727
9986.39787,0.10736
9982.54063,0.10760
9978.68339,0.10787
9974.82615,0.10808
9970.96891,0.10814
9967.11166,0.10820
9963.25442,0.10847
9959.39718,0.10860
9955.53994,0.10817
9951.68270,0.10764
9947.82546,0.10757
9943.96822,0.10778
9940.11097,0.10787
9936.25373,0.10786
9932.39649,0.10798
9928.53925,0.10828
9924.68201,0.10832
9920.82477,0.10800
9916.96753,0.10783
9913.11029,0.10787
9909.25304,0.10765
9905.39580,0.10718
9901.53856,0.10701
9897.68132,0.10734
9893.82408,0.10780
9889.96684,0.10802
9886.10960,0.10799
9882.25235,0.10800
9878.39511,0.10802
9874.53787,0.10778
9870.68063,0.10734
9866.82339,0.10714
9862.96615,0.10739
9859.10891,0.10764
9855.25167,0.10749
9851.39442,0.10722
9847.53718,0.10714
9843.67994,0.10734
9839.82270,0.10784
9835.96546,0.10827
9832.10822,0.10819
9828.25098,0.10770
9824.39373,0.10730
9820.53649,0.10711
9816.67925,0.10717
9812.82201,0.10769
9808.96477,0.10819
9805.10753,0.10810
9801.25029,0.10773
9797.39304,0.10749
9793.53580,0.10752
9789.67856,0.10782
9785.82132,0.10804
9781.96408,0.10798
9778.10684,0.10775
9774.24960,0.10749
9770.39236,0.10728
9766.53511,0.10717
9762.67787,0.10715
9758.82063,0.10718
9754.96339,0.10722
9751.10615,0.10717
9747.24891,0.10701
9743.39167,0.10687
9739.53442,0.10670
9735.67718,0.10643
9731.81994,0.10641
9727.96270,0.10670
9724.10546,0.10698
9720.24822,0.10708
9716.39098,0.10698
9712.53373,0.10675
9708.67649,0.10653
9704.81925,0.10644
9700.96201,0.10658
9697.10477,0.10679
9693.24753,0.10682
9689.39029,0.10679
9685.53305,0.10677
9681.67580,0.10658
9677.81856,0.10636
9673.96132,0.10625
9670.10408,0.10606
9666.24684,0.10586
9662.38960,0.10583
9658.53236,0.10605
9654.67511,0.10626
9650.81787,0.10602
9646.96063,0.10550
9643.10339,0.10517
9639.24615,0.10527
9635.38891,0.10566
9631.53167,0.10589
9627.67443,0.10585
9623.81718,0.10583
9619.95994,0.10587
9616.10270,0.10566
9612.24546,0.10505
9608.38822,0.10456
9604.53098,0.10470
9600.67374,0.10510
9596.81649,0.10521
9592.95925,0.10501
9589.10201,0.10490
9585.24477,0.10494
9581.38753,0.10486
9577.53029,0.10488
9573.67305,0.10515
9569.81580,0.10528
9565.95856,0.10508
9562.10132,0.10486
9558.24408,0.10476
9554.38684,0.10481
9550.52960,0.10505
9546.67236,0.10522
9542.81512,0.10505
9538.95787,0.10483
9535.10063,0.10480
9531.24339,0.10487
9527.38615,0.10499
9523.52891,0.10503
9519.67167,0.10474
9515.81443,0.10441
9511.95718,0.10451
9508.09994,0.10475
9504.24270,0.10477
9500.38546,0.10458
9496.52822,0.10439
9492.67098,0.10442
9488.81374,0.10445
9484.95649,0.10436
9481.09925,0.10437
9477.24201,0.10441
9473.38477,0.10441
9469.52753,0.10447
9465.67029,0.10454
9461.81305,0.10434
9457.95581,0.10382
9454.09856,0.10322
9450.24132,0.10289
9446.38408,0.10300
9442.52684,0.10333
9438.66960,0.10360
9434.81236,0.10394
9430.95512,0.10442
9427.09787,0.10465
9423.24063,0.10448
9419.38339,0.10409
9415.52615,0.10365
9411.66891,0.10340
9407.81167,0.10357
9403.95443,0.10386
9400.09719,0.10380
9396.23994,0.10345
9392.38270,0.10330
9388.52546,0.10335
9384.66822,0.10326
9380.81098,0.10321
9376.95374,0.10352
9373.09650,0.10382
9369.23925,0.10381
9365.38201,0.10375
9361.52477,0.10367
9357.66753,0.10347
9353.81029,0.10331
9349.95305,0.10334
9346.09581,0.10346
9342.23856,0.10361
9338.38132,0.10371
9334.52408,0.10358
9330.66684,0.10329
9326.80960,0.10321
9322.95236,0.10344
9319.09512,0.10353
9315.23788,0.10321
9311.38063,0.10277
9307.52339,0.10267
9303.66615,0.10303
9299.80891,0.10343
9295.95167,0.10339
9292.09443,0.10302
9288.23719,0.10280
9284.37994,0.10269
9280.52270,0.10239
9276.66546,0.10213
9272.80822,0.10226
9268.95098,0.10270
9265.09374,0.10308
9261.23650,0.10311
9257.37925,0.10295
9253.52201,0.10289
9249.66477,0.10291
9245.80753,0.10297
9241.95029,0.10318
9238.09305,0.10349
9234.23581,0.10369
9230.37857,0.10365
9226.52132,0.10344
9222.66408,0.10327
9218.80684,0.10319
9214.94960,0.10318
9211.09236,0.10319
9207.23512,0.10309
9203.37788,0.10281
9199.52063,0.10253
9195.66339,0.10249
9191.80615,0.10262
9187.94891,0.10269
9184.09167,0.10274
9180.23443,0.10273
9176.37719,0.10274
9172.51995,0.10292
9168.66270,0.10315
9164.80546,0.10310
9160.94822,0.10287
9157.09098,0.10284
9153.23374,0.10297
9149.37650,0.10309
9145.51926,0.10324
9141.66201,0.10337
9137.80477,0.10340
9133.94753,0.10335
9130.09029,0.10325
9126.23305,0.10323
9122.37581,0.10327
9118.51857,0.10333
9114.66132,0.10353
9110.80408,0.10388
9106.94684,0.10405
9103.08960,0.10386
9099.23236,0.10359
9095.37512,0.10357
9091.51788,0.10376
9087.66064,0.10390
9083.80339,0.10402
9079.94615,0.10420
9076.08891,0.10427
9072.23167,0.10417
9068.37443,0.10411
9064.51719,0.10419
9060.65995,0.10430
9056.80270,0.10443
9052.94546,0.10462
9049.08822,0.10481
9045.23098,0.10489
9041.37374,0.10496
9037.51650,0.10529
9033.65926,0.10579
9029.80201,0.10604
9025.94477,0.10609
9022.08753,0.10615
9018.23029,0.10629
9014.37305,0.10659
9010.51581,0.10701
9006.65857,0.10730
9002.80133,0.10750
8998.94408,0.10774
8995.08684,0.10810
8991.22960,0.10881
8987.37236,0.10963
8983.51512,0.10997
8979.65788,0.11008
8975.80064,0.11046
8971.94339,0.11099
8968.08615,0.11149
8964.22891,0.11202
8960.37167,0.11255
8956.51443,0.11322
8952.65719,0.11405
8948.79995,0.11494
8944.94271,0.11593
8941.08546,0.11682
8937.22822,0.11746
8933.37098,0.11812
8929.51374,0.11900
8925.65650,0.12003
8921.79926,0.12096
8917.94202,0.12169
8914.08477,0.12249
8910.22753,0.12364
8906.37029,0.12505
8902.51305,0.12641
8898.65581,0.12751
8894.79857,0.12864
8890.94133,0.13007
8887.08408,0.13150
8883.22684,0.13275
8879.36960,0.13400
8875.51236,0.13511
8871.65512,0.13586
8867.79788,0.13646
8863.94064,0.13711
8860.08340,0.13768
8856.22615,0.13795
8852.36891,0.13774
8848.51167,0.13717
8844.65443,0.13653
8840.79719,0.13599
8836.93995,0.13554
8833.08271,0.13507
8829.22546,0.13454
8825.36822,0.13394
8821.51098,0.13318
8817.65374,0.13204
8813.79650,0.13056
8809.93926,0.12917
8806.08202,0.12805
8802.22477,0.12710
8798.36753,0.12619
8794.51029,0.12513
8790.65305,0.12390
8786.79581,0.12271
8782.93857,0.12179
8779.08133,0.12109
8775.22409,0.12037
8771.36684,0.11973
8767.50960,0.11923
8763.65236,0.11869
8759.79512,0.11807
8755.93788,0.11758
8752.08064,0.11729
8748.22340,0.11705
8744.36615,0.11681
8740.50891,0.11660
8736.65167,0.11645
8732.79443,0.11646
8728.93719,0.11664
8725.07995,0.11690
8721.22271,0.11711
8717.36547,0.11720
8713.50822,0.11719
8709.65098,0.11722
8705.79374,0.11755
8701.93650,0.11811
8698.07926,0.11855
8694.22202,0.11877
8690.36478,0.11882
8686.50753,0.11878
8682.65029,0.11876
8678.79305,0.11884
8674.93581,0.11897
8671.07857,0.11923
8667.22133,0.11973
8663.36409,0.12019
8659.50684,0.12039
8655.64960,0.12060
8651.79236,0.12105
8647.93512,0.12154
8644.07788,0.12187
8640.22064,0.12205
8636.36340,0.12224
8632.50616,0.12265
8628.64891,0.12323
8624.79167,0.12366
8620.93443,0.12380
8617.07719,0.12395
8613.21995,0.12428
8609.36271,0.12457
8605.50547,0.12482
8601.64822,0.12525
8597.79098,0.12573
8593.93374,0.12602
8590.07650,0.12625
8586.21926,0.12673
8582.36202,0.12731
8578.50478,0.12767
8574.64753,0.12780
8570.79029,0.12787
8566.93305,0.12806
8563.07581,0.12851
8559.21857,0.12894
8555.36133,0.12912
8551.50409,0.12928
8547.64685,0.12953
8543.78960,0.12977
8539.93236,0.13005
8536.07512,0.13038
8532.21788,0.13061
8528.36064,0.13078
8524.50340,0.13105
8520.64616,0.13139
8516.78891,0.13162
8512.93167,0.13179
8509.07443,0.13197
8505.21719,0.13205
8501.35995,0.13208
8497.50271,0.13219
8493.64547,0.13237
8489.78822,0.13256
8485.93098,0.13276
8482.07374,0.13283
8478.21650,0.13272
8474.35926,0.13260
8470.50202,0.13254
8466.64478,0.13248
8462.78754,0.13247
8458.93029,0.13244
8455.07305,0.13224
8451.21581,0.13192
8447.35857,0.13169
8443.50133,0.13162
8439.64409,0.13156
8435.78685,0.13139
8431.92960,0.13119
8428.07236,0.13099
8424.21512,0.13081
8420.35788,0.13076
8416.50064,0.13082
8412.64340,0.13081
8408.78616,0.13069
8404.92892,0.13051
8401.07167,0.13039
8397.21443,0.13028
8393.35719,0.13005
8389.49995,0.12979
8385.64271,0.12958
8381.78547,0.12938
8377.92823,0.12927
8374.07098,0.12930
8370.21374,0.12927
8366.35650,0.12901
8362.49926,0.12870
8358.64202,0.12855
8354.78478,0.12856
8350.92754,0.12863
8347.07029,0.12863
8343.21305,0.12852
8339.35581,0.12841
8335.49857,0.12839
8331.64133,0.12840
8327.78409,0.12831
8323.92685,0.12819
8320.06961,0.12815
8316.21236,0.12818
8312.35512,0.12821
8308.49788,0.12825
8304.64064,0.12827
8300.78340,0.12830
8296.92616,0.12829
8293.06892,0.12819
8289.21167,0.12804
8285.35443,0.12799
8281.49719,0.12813
8277.63995,0.12834
8273.78271,0.12838
8269.92547,0.12828
8266.06823,0.12814
8262.21098,0.12800
8258.35374,0.12789
8254.49650,0.12784
8250.63926,0.12790
8246.78202,0.12812
8242.92478,0.12844
8239.06754,0.12868
8235.21030,0.12858
8231.35305,0.12831
8227.49581,0.12822
8223.63857,0.12832
8219.78133,0.12836
8215.92409,0.12818
8212.06685,0.12793
8208.20961,0.12780
8204.35236,0.12771
8200.49512,0.12763
8196.63788,0.12768
8192.78064,0.12776
8188.92340,0.12761
8185.06616,0.12732
8181.20892,0.12712
8177.35168,0.12698
8173.49443,0.12684
8169.63719,0.12669
8165.77995,0.12658
8161.92271,0.12652
8158.06547,0.12641
8154.20823,0.12624
8150.35099,0.12609
8146.49374,0.12593
8142.63650,0.12575
8138.77926,0.12565
8134.92202,0.12562
8131.06478,0.12554
8127.20754,0.12531
8123.35030,0.12500
8119.49305,0.12483
8115.63581,0.12479
8111.77857,0.12468
8107.92133,0.12447
8104.06409,0.12422
8100.20685,0.12392
8096.34961,0.12371
8092.49237,0.12356
8088.63512,0.12344
8084.77788,0.12335
8080.92064,0.12328
8077.06340,0.12308
8073.20616,0.12265
8069.34892,0.12220
8065.49168,0.12201
8061.63443,0.12197
8057.77719,0.12193
8053.91995,0.12181
8050.06271,0.12165
8046.20547,0.12157
8042.34823,0.12154
8038.49099,0.12143
8034.63374,0.12114
8030.77650,0.12075
8026.91926,0.12048
8023.06202,0.12045
8019.20478,0.12049
8015.34754,0.12049
8011.49030,0.12052
8007.63306,0.12057
8003.77581,0.12059
7999.91857,0.12053
7996.06133,0.12037
7992.20409,0.12022
7988.34685,0.12012
7984.48961,0.12000
7980.63237,0.11980
7976.77512,0.11963
7972.91788,0.11963
7969.06064,0.11973
7965.20340,0.11974
7961.34616,0.11969
7957.48892,0.11968
7953.63168,0.11969
7949.77444,0.11974
7945.91719,0.11981
7942.05995,0.11982
7938.20271,0.11966
7934.34547,0.11945
7930.48823,0.11933
7926.63099,0.11933
7922.77375,0.11936
7918.91650,0.11931
7915.05926,0.11923
7911.20202,0.11926
7907.34478,0.11937
7903.48754,0.11947
7899.63030,0.11959
7895.77306,0.11971
7891.91581,0.11973
7888.05857,0.11965
7884.20133,0.11956
7880.34409,0.11950
7876.48685,0.11942
7872.62961,0.11945
7868.77237,0.11960
7864.91513,0.11965
7861.05788,0.11954
7857.20064,0.11949
7853.34340,0.11956
7849.48616,0.11948
7845.62892,0.11923
7841.77168,0.11905
7837.91444,0.11896
7834.05719,0.11888
7830.19995,0.11885
7826.34271,0.11880
7822.48547,0.11859
7818.62823,0.11835
7814.77099,0.11833
7810.91375,0.11848
7807.05650,0.11855
7803.19926,0.11853
7799.34202,0.11842
7795.48478,0.11813
7791.62754,0.11783
7787.77030,0.11776
7783.91306,0.11762
7780.05582,0.11727
7776.19857,0.11713
7772.34133,0.11730
7768.48409,0.11733
7764.62685,0.11722
7760.76961,0.11717
7756.91237,0.11702
7753.05513,0.11675
7749.19788,0.11661
7745.34064,0.11654
7741.48340,0.11638
7737.62616,0.11611
7733.76892,0.11591
7729.91168,0.11591
7726.05444,0.11589
7722.19720,0.11562
7718.33995,0.11527
7714.48271,0.11515
7710.62547,0.11528
7706.76823,0.11543
7702.91099,0.11541
7699.05375,0.11516
7695.19651,0.11485
7691.33926,0.11472
7687.48202,0.11482
7683.62478,0.11496
7679.76754,0.11500
7675.91030,0.11495
7672.05306,0.11493
7668.19582,0.11497
7664.33857,0.11500
7660.48133,0.11505
7656.62409,0.11518
7652.76685,0.11535
7648.90961,0.11543
7645.05237,0.11549
7641.19513,0.11550
7637.33789,0.11551
7633.48064,0.11559
7629.62340,0.11561
7625.76616,0.11554
7621.90892,0.11559
7618.05168,0.11586
7614.19444,0.11619
7610.33720,0.11649
7606.47995,0.11676
7602.62271,0.11683
7598.76547,0.11670
7594.90823,0.11659
7591.05099,0.11650
7587.19375,0.11643
7583.33651,0.11655
7579.47926,0.11684
7575.62202,0.11714
7571.76478,0.11734
7567.90754,0.11742
7564.05030,0.11750
7560.19306,0.11772
7556.33582,0.11812
7552.47858,0.11855
7548.62133,0.11894
7544.76409,0.11932
7540.90685,0.11965
7537.04961,0.11995
7533.19237,0.12034
7529.33513,0.12064
7525.47789,0.12078
7521.62064,0.12088
7517.76340,0.12096
7513.90616,0.12111
7510.04892,0.12142
7506.19168,0.12178
7502.33444,0.12209
7498.47720,0.12229
7494.61996,0.12247
7490.76271,0.12275
7486.90547,0.12312
7483.04823,0.12356
7479.19099,0.12402
7475.33375,0.12448
7471.47651,0.12504
7467.61927,0.12564
7463.76202,0.12614
7459.90478,0.12663
7456.04754,0.12732
7452.19030,0.12823
7448.33306,0.12921
7444.47582,0.13012
7440.61858,0.13097
7436.76133,0.13181
7432.90409,0.13258
7429.04685,0.13338
7425.18961,0.13438
7421.33237,0.13546
7417.47513,0.13646
7413.61789,0.13739
7409.76065,0.13829
7405.90340,0.13918
7402.04616,0.14012
7398.18892,0.14113
7394.33168,0.14216
7390.47444,0.14312
7386.61720,0.14412
7382.75996,0.14530
7378.90271,0.14651
7375.04547,0.14758
7371.18823,0.14855
7367.33099,0.14954
7363.47375,0.15056
7359.61651,0.15157
7355.75927,0.15258
7351.90202,0.15356
7348.04478,0.15446
7344.18754,0.15526
7340.33030,0.15598
7336.47306,0.15663
7332.61582,0.15724
7328.75858,0.15778
7324.90134,0.15819
7321.04409,0.15857
7317.18685,0.15889
7313.32961,0.15920
7309.47237,0.15955
7305.61513,0.15987
7301.75789,0.16011
7297.90065,0.16036
7294.04340,0.16060
7290.18616,0.16083
7286.32892,0.16108
7282.47168,0.16131
7278.61444,0.16151
7274.75720,0.16183
7270.89996,0.16228
7267.04272,0.16276
7263.18547,0.16320
7259.32823,0.16364
7255.47099,0.16408
7251.61375,0.16449
7247.75651,0.16485
7243.89927,0.16514
7240.04203,0.16538
7236.18478,0.16566
7232.32754,0.16596
7228.47030,0.16620
7224.61306,0.16647
7220.75582,0.16679
7216.89858,0.16709
7213.04134,0.16735
7209.18409,0.16760
7205.32685,0.16788
7201.46961,0.16821
7197.61237,0.16850
7193.75513,0.16875
7189.89789,0.16906
7186.04065,0.16952
7182.18341,0.17010
7178.32616,0.17075
7174.46892,0.17142
7170.61168,0.17218
7166.75444,0.17303
7162.89720,0.17398
7159.03996,0.17501
7155.18272,0.17605
7151.32547,0.17710
7147.46823,0.17826
7143.61099,0.17961
7139.75375,0.18109
7135.89651,0.18252
7132.03927,0.18383
7128.18203,0.18513
7124.32478,0.18648
7120.46754,0.18786
7116.61030,0.18925
7112.75306,0.19058
7108.89582,0.19191
7105.03858,0.19334
7101.18134,0.19480
7097.32410,0.19618
7093.46685,0.19752
7089.60961,0.19890
7085.75237,0.20046
7081.89513,0.20212
7078.03789,0.20375
7074.18065,0.20539
7070.32341,0.20703
7066.46616,0.20860
7062.60892,0.21016
7058.75168,0.21172
7054.89444,0.21323
7051.03720,0.21472
7047.17996,0.21621
7043.32272,0.21765
7039.46548,0.21903
7035.60823,0.22035
7031.75099,0.22153
7027.89375,0.22261
7024.03651,0.22375
7020.17927,0.22488
7016.32203,0.22590
7012.46479,0.22683
7008.60754,0.22771
7004.75030,0.22851
7000.89306,0.22929
6997.03582,0.23010
6993.17858,0.23089
6989.32134,0.23159
6985.46410,0.23223
6981.60685,0.23297
6977.74961,0.23373
6973.89237,0.23439
6970.03513,0.23493
6966.17789,0.23541
6962.32065,0.23587
6958.46341,0.23638
6954.60617,0.23691
6950.74892,0.23743
6946.89168,0.23789
6943.03444,0.23829
6939.17720,0.23865
6935.31996,0.23902
6931.46272,0.23945
6927.60548,0.23995
6923.74823,0.24049
6919.89099,0.24099
6916.03375,0.24137
6912.17651,0.24161
6908.31927,0.24183
6904.46203,0.24218
6900.60479,0.24266
6896.74754,0.24312
6892.89030,0.24352
6889.03306,0.24392
6885.17582,0.24438
6881.31858,0.24491
6877.46134,0.24550
6873.60410,0.24607
6869.74686,0.24664
6865.88961,0.24725
6862.03237,0.24788
6858.17513,0.24850
6854.31789,0.24913
6850.46065,0.24985
6846.60341,0.25066
6842.74617,0.25148
6838.88892,0.25221
6835.03168,0.25290
6831.17444,0.25361
6827.31720,0.25438
6823.45996,0.25511
6819.60272,0.25574
6815.74548,0.25639
6811.88824,0.25713
6808.03099,0.25791
6804.17375,0.25869
6800.31651,0.25953
6796.45927,0.26037
6792.60203,0.26112
6788.74479,0.26185
6784.88755,0.26269
6781.03030,0.26360
6777.17306,0.26446
6773.31582,0.26517
6769.45858,0.26571
6765.60134,0.26619
6761.74410,0.26668
6757.88686,0.26718
6754.02961,0.26768
6750.17237,0.26809
6746.31513,0.26829
6742.45789,0.26841
6738.60065,0.26858
6734.74341,0.26875
6730.88617,0.26884
6727.02893,0.26891
6723.17168,0.26906
6719.31444,0.26926
6715.45720,0.26937
6711.59996,0.26939
6707.74272,0.26937
6703.88548,0.26935
6700.02824,0.26929
6696.17099,0.26922
6692.31375,0.26915
6688.45651,0.26905
6684.59927,0.26896
6680.74203,0.26881
6676.88479,0.26850
6673.02755,0.26812
6669.17030,0.26780
6665.31306,0.26753
6661.45582,0.26724
6657.59858,0.26695
6653.74134,0.26662
6649.88410,0.26622
6646.02686,0.26575
6642.16962,0.26527
6638.31237,0.26481
6634.45513,0.26436
6630.59789,0.26392
6626.74065,0.26343
6622.88341,0.26286
6619.02617,0.26228
6615.16893,0.26172
6611.31168,0.26119
6607.45444,0.26069
6603.59720,0.26022
6599.73996,0.25973
6595.88272,0.25927
6592.02548,0.25890
6588.16824,0.25856
6584.31100,0.25827
6580.45375,0.25810
6576.59651,0.25801
6572.73927,0.25791
6568.88203,0.25781
6565.02479,0.25777
6561.16755,0.25773
6557.31031,0.25771
6553.45306,0.25773
6549.59582,0.25785
6545.73858,0.25808
6541.88134,0.25833
6538.02410,0.25842
6534.16686,0.25837
6530.30962,0.25842
6526.45237,0.25865
6522.59513,0.25888
6518.73789,0.25905
6514.88065,0.25917
6511.02341,0.25924
6507.16617,0.25931
6503.30893,0.25941
6499.45169,0.25948
6495.59444,0.25946
6491.73720,0.25939
6487.87996,0.25936
6484.02272,0.25935
6480.16548,0.25931
6476.30824,0.25923
6472.45100,0.25910
6468.59375,0.25886
6464.73651,0.25856
6460.87927,0.25830
6457.02203,0.25808
6453.16479,0.25782
6449.30755,0.25751
6445.45031,0.25721
6441.59306,0.25692
6437.73582,0.25659
6433.87858,0.25622
6430.02134,0.25585
6426.16410,0.25543
6422.30686,0.25494
6418.44962,0.25451
6414.59238,0.25421
6410.73513,0.25398
6406.87789,0.25371
6403.02065,0.25342
6399.16341,0.25317
6395.30617,0.25299
6391.44893,0.25284
6387.59169,0.25267
6383.73444,0.25246
6379.87720,0.25222
6376.01996,0.25203
6372.16272,0.25186
6368.30548,0.25162
6364.44824,0.25137
6360.59100,0.25116
6356.73376,0.25095
6352.87651,0.25077
6349.01927,0.25062
6345.16203,0.25046
6341.30479,0.25036
6337.44755,0.25038
6333.59031,0.25044
6329.73307,0.25044
6325.87582,0.25038
6322.01858,0.25030
6318.16134,0.25025
6314.30410,0.25024
6310.44686,0.25019
6306.58962,0.25004
6302.73238,0.24982
6298.87513,0.24954
6295.01789,0.24918
6291.16065,0.24872
6287.30341,0.24821
6283.44617,0.24762
6279.58893,0.24697
6275.73169,0.24633
6271.87445,0.24565
6268.01720,0.24488
6264.15996,0.24411
6260.30272,0.24334
6256.44548,0.24253
6252.58824,0.24170
6248.73100,0.24085
6244.87376,0.23992
6241.01651,0.23894
6237.15927,0.23793
6233.30203,0.23694
6229.44479,0.23595
6225.58755,0.23497
6221.73031,0.23415
6217.87307,0.23366
6214.01582,0.23346
6210.15858,0.23350
6206.30134,0.23370
6202.44410,0.23402
6198.58686,0.23428
6194.72962,0.23415
6190.87238,0.23345
6187.01514,0.23228
6183.15789,0.23082
6179.30065,0.22938
6175.44341,0.22820
6171.58617,0.22741
6167.72893,0.22693
6163.87169,0.22659
6160.01445,0.22651
6156.15720,0.22683
6152.29996,0.22739
6148.44272,0.22794
6144.58548,0.22824
6140.72824,0.22818
6136.87100,0.22785
6133.01376,0.22753
6129.15652,0.22748
6125.29927,0.22790
6121.44203,0.22890
6117.58479,0.23059
6113.72755,0.23302
6109.87031,0.23616
6106.01307,0.23995
6102.15583,0.24435
6098.29858,0.24919
6094.44134,0.25421
6090.58410,0.25911
6086.72686,0.26375
6082.86962,0.26812
6079.01238,0.27234
6075.15514,0.27684
6071.29789,0.28216
6067.44065,0.28844
6063.58341,0.29524
6059.72617,0.30193
6055.86893,0.30795
6052.01169,0.31314
6048.15445,0.31777
6044.29721,0.32234
6040.43996,0.32729
6036.58272,0.33281
6032.72548,0.33864
6028.86824,0.34415
6025.01100,0.34852
6021.15376,0.35098
6017.29652,0.35088
6013.43927,0.34794
6009.58203,0.34243
6005.72479,0.33509
6001.86755,0.32688
5998.01031,0.31881
5994.15307,0.31169
5990.29583,0.30602
5986.43858,0.30190
5982.58134,0.29905
5978.72410,0.29675
5974.86686,0.29415
5971.00962,0.29078
5967.15238,0.28682
5963.29514,0.28300
5959.43790,0.28011
5955.58065,0.27840
5951.72341,0.27761
5947.86617,0.27726
5944.00893,0.27670
5940.15169,0.27526
5936.29445,0.27257
5932.43721,0.26876
5928.57996,0.26435
5924.72272,0.25989
5920.86548,0.25573
5917.00824,0.25208
5913.15100,0.24913
5909.29376,0.24699
5905.43652,0.24578
5901.57927,0.24566
5897.72203,0.24662
5893.86479,0.24842
5890.00755,0.25080
5886.15031,0.25351
5882.29307,0.25627
5878.43583,0.25881
5874.57859,0.26100
5870.72134,0.26283
5866.86410,0.26425
5863.00686,0.26505
5859.14962,0.26508
5855.29238,0.26451
5851.43514,0.26363
5847.57790,0.26277
5843.72065,0.26215
5839.86341,0.26175
5836.00617,0.26152
5832.14893,0.26146
5828.29169,0.26157
5824.43445,0.26177
5820.57721,0.26202
5816.71997,0.26233
5812.86272,0.26263
5809.00548,0.26274
5805.14824,0.26260
5801.29100,0.26233
5797.43376,0.26201
5793.57652,0.26167
5789.71928,0.26137
5785.86203,0.26105
5782.00479,0.26068
5778.14755,0.26025
5774.29031,0.25972
5770.43307,0.25900
5766.57583,0.25807
5762.71859,0.25697
5758.86134,0.25565
5755.00410,0.25406
5751.14686,0.25227
5747.28962,0.25040
5743.43238,0.24854
5739.57514,0.24675
5735.71790,0.24513
5731.86066,0.24376
5728.00341,0.24272
5724.14617,0.24203
5720.28893,0.24174
5716.43169,0.24186
5712.57445,0.24216
5708.71721,0.24234
5704.85997,0.24232
5701.00272,0.24217
5697.14548,0.24195
5693.28824,0.24161
5689.43100,0.24116
5685.57376,0.24074
5681.71652,0.24047
5677.85928,0.24038
5674.00203,0.24046
5670.14479,0.24077
5666.28755,0.24129
5662.43031,0.24189
5658.57307,0.24241
5654.71583,0.24269
5650.85859,0.24259
5647.00135,0.24212
5643.14410,0.24137
5639.28686,0.24041
5635.42962,0.23938
5631.57238,0.23844
5627.71514,0.23765
5623.85790,0.23698
5620.00066,0.23648
5616.14341,0.23616
5612.28617,0.23594
5608.42893,0.23585
5604.57169,0.23595
5600.71445,0.23625
5596.85721,0.23672
5592.99997,0.23727
5589.14273,0.23781
5585.28548,0.23836
5581.42824,0.23897
5577.57100,0.23963
5573.71376,0.24025
5569.85652,0.24075
5565.99928,0.24107
5562.14204,0.24120
5558.28479,0.24116
5554.42755,0.24107
5550.57031,0.24102
5546.71307,0.24100
5542.85583,0.24096
5538.99859,0.24094
5535.14135,0.24095
5531.28410,0.24092
5527.42686,0.24077
5523.56962,0.24051
5519.71238,0.24018
5515.85514,0.23980
5511.99790,0.23944
5508.14066,0.23921
5504.28342,0.23924
5500.42617,0.23949
5496.56893,0.23988
5492.71169,0.24045
5488.85445,0.24111
5484.99721,0.24160
5481.13997,0.24179
5477.28273,0.24172
5473.42548,0.24142
5469.56824,0.24090
5465.71100,0.24018
5461.85376,0.23932
5457.99652,0.23833
5454.13928,0.23725
5450.28204,0.23599
5446.42479,0.23446
5442.56755,0.23278
5438.71031,0.23122
5434.85307,0.22977
5430.99583,0.22836
5427.13859,0.22714
5423.28135,0.22628
5419.42411,0.22567
5415.56686,0.22517
5411.70962,0.22481
5407.85238,0.22462
5403.99514,0.22454
5400.13790,0.22447
5396.28066,0.22436
5392.42342,0.22426
5388.56617,0.22426
5384.70893,0.22439
5380.85169,0.22459
5376.99445,0.22485
5373.13721,0.22526
5369.27997,0.22584
5365.42273,0.22652
5361.56549,0.22732
5357.70824,0.22814
5353.85100,0.22888
5349.99376,0.22948
5346.13652,0.23000
5342.27928,0.23060
5338.42204,0.23131
5334.56480,0.23209
5330.70755,0.23297
5326.85031,0.23413
5322.99307,0.23561
5319.13583,0.23737
5315.27859,0.23950
5311.42135,0.24200
5307.56411,0.24496
5303.70686,0.24840
5299.84962,0.25219
5295.99238,0.25633
5292.13514,0.26100
5288.27790,0.26637
5284.42066,0.27236
5280.56342,0.27898
5276.70618,0.28608
5272.84893,0.29316
5268.99169,0.30014
5265.13445,0.30727
5261.27721,0.31419
5257.41997,0.32020
5253.56273,0.32531
5249.70549,0.32975
5245.84824,0.33377
5241.99100,0.33727
5238.13376,0.34006
5234.27652,0.34224
5230.41928,0.34394
5226.56204,0.34539
5222.70480,0.34669
5218.84755,0.34774
5214.99031,0.34853
5211.13307,0.34908
5207.27583,0.34947
5203.41859,0.34981
5199.56135,0.35012
5195.70411,0.35037
5191.84687,0.35049
5187.98962,0.35051
5184.13238,0.35047
5180.27514,0.35042
5176.41790,0.35033
5172.56066,0.35017
5168.70342,0.34990
5164.84618,0.34952
5160.98893,0.34910
5157.13169,0.34869
5153.27445,0.34831
5149.41721,0.34788
5145.55997,0.34735
5141.70273,0.34676
5137.84549,0.34622
5133.98825,0.34573
5130.13100,0.34524
5126.27376,0.34464
5122.41652,0.34383
5118.55928,0.34259
5114.70204,0.34064
5110.84480,0.33796
5106.98756,0.33480
5103.13031,0.33159
5099.27307,0.32857
5095.41583,0.32576
5091.55859,0.32313
5087.70135,0.32066
5083.84411,0.31834
5079.98687,0.31617
5076.12962,0.31409
5072.27238,0.31206
5068.41514,0.31014
5064.55790,0.30837
5060.70066,0.30671
5056.84342,0.30514
5052.98618,0.30364
5049.12894,0.30220
5045.27169,0.30089
5041.41445,0.29971
5037.55721,0.29859
5033.69997,0.29749
5029.84273,0.29643
5025.98549,0.29537
5022.12825,0.29436
5018.27100,0.29347
5014.41376,0.29269
5010.55652,0.29192
5006.69928,0.29109
5002.84204,0.29019
4998.98480,0.28927
4995.12756,0.28844
4991.27031,0.28777
4987.41307,0.28727
4983.55583,0.28689
4979.69859,0.28662
4975.84135,0.28652
4971.98411,0.28666
4968.12687,0.28704
4964.26963,0.28758
4960.41238,0.28833
4956.55514,0.28937
4952.69790,0.29069
4948.84066,0.29218
4944.98342,0.29376
4941.12618,0.29542
4937.26894,0.29717
4933.41169,0.29901
4929.55445,0.30095
4925.69721,0.30307
4921.83997,0.30541
4917.98273,0.30788
4914.12549,0.31043
4910.26825,0.31309
4906.41101,0.31592
4902.55376,0.31889
4898.69652,0.32199
4894.83928,0.32521
4890.98204,0.32853
4887.12480,0.33193
4883.26756,0.33541
4879.41032,0.33894
4875.55307,0.34246
4871.69583,0.34592
4867.83859,0.34928
4863.98135,0.35248
4860.12411,0.35552
4856.26687,0.35852
4852.40963,0.36160
4848.55238,0.36492
4844.69514,0.36856
4840.83790,0.37252
4836.98066,0.37671
4833.12342,0.38105
4829.26618,0.38543
4825.40894,0.38970
4821.55170,0.39372
4817.69445,0.39744
4813.83721,0.40091
4809.97997,0.40414
4806.12273,0.40706
4802.26549,0.40955
4798.40825,0.41159
4794.55101,0.41324
4790.69376,0.41446
4786.83652,0.41526
4782.97928,0.41579
4779.12204,0.41615
4775.26480,0.41642
4771.40756,0.41688
4767.55032,0.41782
4763.69307,0.41927
4759.83583,0.42122
4755.97859,0.42360
4752.12135,0.42622
4748.26411,0.42882
4744.40687,0.43121
4740.54963,0.43347
4736.69239,0.43597
4732.83514,0.43918
4728.97790,0.44321
4725.12066,0.44747
4721.26342,0.45087
4717.40618,0.45262
4713.54894,0.45311
4709.69170,0.45384
4705.83445,0.45638
4701.97721,0.46120
4698.11997,0.46729
4694.26273,0.47242
4690.40549,0.47420
4686.54825,0.47148
4682.69101,0.46462
4678.83377,0.45512
4674.97652,0.44512
4671.11928,0.43665
4667.26204,0.43070
4663.40480,0.42701
4659.54756,0.42488
4655.69032,0.42412
4651.83308,0.42521
4647.97583,0.42861
4644.11859,0.43384
4640.26135,0.43922
4636.40411,0.44226
4632.54687,0.44075
4628.68963,0.43399
4624.83239,0.42358
4620.97514,0.41242
4617.11790,0.40296
4613.26066,0.39616
4609.40342,0.39192
4605.54618,0.39007
4601.68894,0.39067
4597.83170,0.39329
4593.97446,0.39661
4590.11721,0.39935
4586.25997,0.40140
4582.40273,0.40260
4578.54549,0.40132
4574.68825,0.39603
4570.83101,0.38749
4566.97377,0.37841
4563.11652,0.37119
4559.25928,0.36653
4555.40204,0.36390
4551.54480,0.36248
4547.68756,0.36163
4543.83032,0.36090
4539.97308,0.36029
4536.11583,0.36005
4532.25859,0.36022
4528.40135,0.36078
4524.54411,0.36184
4520.68687,0.36360
4516.82963,0.36615
4512.97239,0.36960
4509.11515,0.37429
4505.25790,0.38059
4501.40066,0.38868
4497.54342,0.39827
4493.68618,0.40825
4489.82894,0.41702
4485.97170,0.42383
4482.11446,0.42955
4478.25721,0.43584
4474.39997,0.44427
4470.54273,0.45585
4466.68549,0.47049
4462.82825,0.48611
4458.97101,0.49906
4455.11377,0.50710
4451.25653,0.51166
4447.39928,0.51598
4443.54204,0.52165
4439.68480,0.52777
4435.82756,0.53241
4431.97032,0.53402
4428.11308,0.53213
4424.25584,0.52771
4420.39859,0.52290
4416.54135,0.51989
4412.68411,0.51960
4408.82687,0.52115
4404.96963,0.52257
4401.11239,0.52199
4397.25515,0.51882
4393.39790,0.51380
4389.54066,0.50831
4385.68342,0.50345
4381.82618,0.49967
4377.96894,0.49696
4374.11170,0.49529
4370.25446,0.49476
4366.39722,0.49548
4362.53997,0.49715
4358.68273,0.49899
4354.82549,0.50064
4350.96825,0.50245
4347.11101,0.50483
4343.25377,0.50777
4339.39653,0.51083
4335.53928,0.51356
4331.68204,0.51595
4327.82480,0.51835
4323.96756,0.52096
4320.11032,0.52387
4316.25308,0.52741
4312.39584,0.53197
4308.53859,0.53752
4304.68135,0.54354
4300.82411,0.54936
4296.96687,0.55437
4293.10963,0.55806
4289.25239,0.56010
4285.39515,0.56072
4281.53791,0.56042
4277.68066,0.55958
4273.82342,0.55829
4269.96618,0.55627
4266.10894,0.55360
4262.25170,0.55103
4258.39446,0.54941
4254.53722,0.54900
4250.67997,0.54933
4246.82273,0.54957
4242.96549,0.54900
4239.10825,0.54756
4235.25101,0.54588
4231.39377,0.54464
4227.53653,0.54370
4223.67929,0.54220
4219.82204,0.53968
4215.96480,0.53653
4212.10756,0.53343
4208.25032,0.53079
4204.39308,0.52864
4200.53584,0.52693
4196.67860,0.52597
4192.82135,0.52658
4188.96411,0.52939
4185.10687,0.53405
4181.24963,0.53883
4177.39239,0.54108
4173.53515,0.53896
4169.67791,0.53313
4165.82066,0.52614
4161.96342,0.52019
4158.10618,0.51629
4154.24894,0.51452
4150.39170,0.51469
4146.53446,0.51665
4142.67722,0.52018
4138.81998,0.52472
4134.96273,0.52936
4131.10549,0.53317
4127.24825,0.53615
4123.39101,0.53922
4119.53377,0.54333
4115.67653,0.54899
4111.81929,0.55658
4107.96204,0.56653
4104.10480,0.57946
4100.24756,0.59616
4096.39032,0.61555
4092.53308,0.63195
4088.67584,0.63854
4084.81860,0.63398
4080.96135,0.62226
4077.10411,0.60852
4073.24687,0.59699
4069.38963,0.58951
4065.53239,0.58567
4061.67515,0.58433
4057.81791,0.58470
4053.96067,0.58627
4050.10342,0.58831
4046.24618,0.59016
4042.38894,0.59148
4038.53170,0.59228
4034.67446,0.59280
4030.81722,0.59315
4026.95998,0.59337
4023.10273,0.59356
4019.24549,0.59358
4015.38825,0.59307
4011.53101,0.59189
4007.67377,0.59011
4003.81653,0.58793
3999.95929,0.58552
3996.10205,0.58272
3992.24480,0.57963
3988.38756,0.57684
3984.53032,0.57475
3980.67308,0.57324
3976.81584,0.57199
3972.95860,0.57057
3969.10136,0.56863
3965.24411,0.56614
3961.38687,0.56327
3957.52963,0.56037
3953.67239,0.55759
3949.81515,0.55474
3945.95791,0.55175
3942.10067,0.54893
3938.24342,0.54657
3934.38618,0.54445
3930.52894,0.54235
3926.67170,0.54040
3922.81446,0.53852
3918.95722,0.53651
3915.09998,0.53445
3911.24274,0.53251
3907.38549,0.53009
3903.52825,0.52634
3899.67101,0.52203
3895.81377,0.51855
3891.95653,0.51558
3888.09929,0.51301
3884.24205,0.51105
3880.38480,0.50961
3876.52756,0.50815
3872.67032,0.50579
3868.81308,0.50252
3864.95584,0.49939
3861.09860,0.49685
3857.24136,0.49447
3853.38411,0.49152
3849.52687,0.48929
3845.66963,0.48814
3841.81239,0.48693
3837.95515,0.48580
3834.09791,0.48550
3830.24067,0.48559
3826.38343,0.48575
3822.52618,0.48679
3818.66894,0.48998
3814.81170,0.49391
3810.95446,0.49653
3807.09722,0.49769
3803.23998,0.49721
3799.38274,0.49543
3795.52549,0.49384
3791.66825,0.49300
3787.81101,0.49283
3783.95377,0.49357
3780.09653,0.49541
3776.23929,0.49778
3772.38205,0.50030
3768.52481,0.50352
3764.66756,0.50740
3760.81032,0.51073
3756.95308,0.51226
3753.09584,0.51108
3749.23860,0.50811
3745.38136,0.50692
3741.52412,0.50849
3737.66687,0.51239
3733.80963,0.51825
3729.95239,0.52216
3726.09515,0.52359
3722.23791,0.52540
3718.38067,0.52863
3714.52343,0.53347
3710.66618,0.54203
3706.80894,0.55343
3702.95170,0.56588
3699.09446,0.58040
3695.23722,0.59639
3691.37998,0.61817
3687.52274,0.64640
3683.66550,0.66580
3679.80825,0.67795
3675.95101,0.69400
3672.09377,0.71973
3668.23653,0.74602
3664.37929,0.76678
3660.52205,0.78556
3656.66481,0.80516
3652.80756,0.82596
3648.95032,0.84981
3645.09308,0.87036
3641.23584,0.88185
3637.37860,0.89125
3633.52136,0.90047
3629.66412,0.90906
3625.80687,0.91734
3621.94963,0.92204
3618.09239,0.92610
3614.23515,0.93159
3610.37791,0.93702
3606.52067,0.94286
3602.66343,0.95014
3598.80619,0.95802
