3996.35288,0.02176
3994.42414,0.02182
3992.49539,0.02180
3990.56665,0.02184
3988.63791,0.02199
3986.70917,0.02215
3984.78043,0.02220
3982.85169,0.02212
3980.92294,0.02211
3978.99420,0.02227
3977.06546,0.02236
3975.13672,0.02232
3973.20798,0.02225
3971.27924,0.02214
3969.35049,0.02204
3967.42175,0.02205
3965.49301,0.02209
3963.56427,0.02203
3961.63553,0.02194
3959.70679,0.02195
3957.77804,0.02198
3955.84930,0.02189
3953.92056,0.02177
3951.99182,0.02175
3950.06308,0.02177
3948.13433,0.02177
3946.20559,0.02176
3944.27685,0.02182
3942.34811,0.02203
3940.41937,0.02227
3938.49063,0.02228
3936.56188,0.02210
3934.63314,0.02192
3932.70440,0.02181
3930.77566,0.02175
3928.84692,0.02175
3926.91818,0.02173
3924.98943,0.02161
3923.06069,0.02155
3921.13195,0.02168
3919.20321,0.02181
3917.27447,0.02178
3915.34573,0.02166
3913.41698,0.02154
3911.48824,0.02145
3909.55950,0.02144
3907.63076,0.02154
3905.70202,0.02161
3903.77327,0.02159
3901.84453,0.02154
3899.91579,0.02144
3897.98705,0.02134
3896.05831,0.02139
3894.12957,0.02148
3892.20082,0.02140
3890.27208,0.02122
3888.34334,0.02116
3886.41460,0.02129
3884.48586,0.02156
3882.55712,0.02170
3880.62837,0.02144
3878.69963,0.02103
3876.77089,0.02090
3874.84215,0.02097
3872.91341,0.02104
3870.98467,0.02096
3869.05592,0.02088
3867.12718,0.02100
3865.19844,0.02111
3863.26970,0.02101
3861.34096,0.02090
3859.41221,0.02099
3857.48347,0.02129
3855.55473,0.02159
3853.62599,0.02141
3851.69725,0.02102
3849.76851,0.02104
3847.83976,0.02120
3845.91102,0.02124
3843.98228,0.02113
3842.05354,0.02095
3840.12480,0.02084
3838.19606,0.02090
3836.26731,0.02105
3834.33857,0.02112
3832.40983,0.02098
3830.48109,0.02082
3828.55235,0.02078
3826.62361,0.02082
3824.69486,0.02090
3822.76612,0.02078
3820.83738,0.02042
3818.90864,0.02040
3816.97990,0.02074
3815.05115,0.02088
3813.12241,0.02073
3811.19367,0.02064
3809.26493,0.02069
3807.33619,0.02077
3805.40745,0.02096
3803.47870,0.02119
3801.54996,0.02113
3799.62122,0.02092
3797.69248,0.02076
3795.76374,0.02056
3793.83500,0.02045
3791.90625,0.02053
3789.97751,0.02073
3788.04877,0.02098
3786.12003,0.02108
3784.19129,0.02099
3782.26255,0.02092
3780.33380,0.02085
3778.40506,0.02072
3776.47632,0.02063
3774.54758,0.02063
3772.61884,0.02065
3770.69009,0.02056
3768.76135,0.02038
3766.83261,0.02031
3764.90387,0.02036
3762.97513,0.02054
3761.04639,0.02067
3759.11764,0.02052
3757.18890,0.02038
3755.26016,0.02047
3753.33142,0.02048
3751.40268,0.02017
3749.47394,0.02000
3747.54519,0.02034
3745.61645,0.02065
3743.68771,0.02045
3741.75897,0.02025
3739.83023,0.02038
3737.90149,0.02048
3735.97274,0.02030
3734.04400,0.02003
3732.11526,0.01987
3730.18652,0.02001
3728.25778,0.02031
3726.32904,0.02036
3724.40029,0.02018
3722.47155,0.01998
3720.54281,0.01988
3718.61407,0.02006
3716.68533,0.02031
3714.75658,0.02041
3712.82784,0.02033
3710.89910,0.02002
3708.97036,0.01983
3707.04162,0.01987
3705.11288,0.01994
3703.18413,0.01995
3701.25539,0.01983
3699.32665,0.01968
3697.39791,0.01972
3695.46917,0.01996
3693.54043,0.02025
3691.61168,0.02045
3689.68294,0.02032
3687.75420,0.01980
3685.82546,0.01948
3683.89672,0.01959
3681.96798,0.01981
3680.03923,0.01999
3678.11049,0.02012
3676.18175,0.01997
3674.25301,0.01972
3672.32427,0.01985
3670.39552,0.02002
3668.46678,0.02000
3666.53804,0.02006
3664.60930,0.02021
3662.68056,0.02045
3660.75182,0.02078
3658.82307,0.02090
3656.89433,0.02067
3654.96559,0.02051
3653.03685,0.02070
3651.10811,0.02088
3649.17937,0.02082
3647.25062,0.02086
3645.32188,0.02113
3643.39314,0.02153
3641.46440,0.02198
3639.53566,0.02223
3637.60692,0.02219
3635.67817,0.02205
3633.74943,0.02206
3631.82069,0.02221
3629.89195,0.02227
3627.96321,0.02223
3626.03446,0.02226
3624.10572,0.02233
3622.17698,0.02250
3620.24824,0.02279
3618.31950,0.02298
3616.39076,0.02313
3614.46201,0.02328
3612.53327,0.02333
3610.60453,0.02341
3608.67579,0.02365
3606.74705,0.02390
3604.81831,0.02411
3602.88956,0.02431
3600.96082,0.02442
3599.03208,0.02438
3597.10334,0.02438
3595.17460,0.02468
3593.24586,0.02508
3591.31711,0.02527
3589.38837,0.02522
3587.45963,0.02515
3585.53089,0.02536
3583.60215,0.02575
3581.67340,0.02597
3579.74466,0.02611
3577.81592,0.02640
3575.88718,0.02680
3573.95844,0.02724
3572.02970,0.02757
3570.10095,0.02770
3568.17221,0.02767
3566.24347,0.02776
3564.31473,0.02818
3562.38599,0.02863
3560.45725,0.02896
3558.52850,0.02923
3556.59976,0.02944
3554.67102,0.02951
3552.74228,0.02957
3550.81354,0.02990
3548.88480,0.03035
3546.95605,0.03062
3545.02731,0.03072
3543.09857,0.03092
3541.16983,0.03131
3539.24109,0.03165
3537.31234,0.03167
3535.38360,0.03170
3533.45486,0.03209
3531.52612,0.03261
3529.59738,0.03301
3527.66864,0.03330
3525.73989,0.03359
3523.81115,0.03393
3521.88241,0.03427
3519.95367,0.03456
3518.02493,0.03487
3516.09619,0.03515
3514.16744,0.03529
3512.23870,0.03540
3510.30996,0.03563
3508.38122,0.03593
3506.45248,0.03627
3504.52374,0.03672
3502.59499,0.03723
3500.66625,0.03768
3498.73751,0.03806
3496.80877,0.03840
3494.88003,0.03868
3492.95128,0.03892
3491.02254,0.03925
3489.09380,0.03964
3487.16506,0.03998
3485.23632,0.04029
3483.30758,0.04065
3481.37883,0.04102
3479.45009,0.04142
3477.52135,0.04195
3475.59261,0.04251
3473.66387,0.04296
3471.73513,0.04343
3469.80638,0.04396
3467.87764,0.04431
3465.94890,0.04445
3464.02016,0.04468
3462.09142,0.04519
3460.16268,0.04592
3458.23393,0.04655
3456.30519,0.04690
3454.37645,0.04711
3452.44771,0.04736
3450.51897,0.04779
3448.59022,0.04839
3446.66148,0.04897
3444.73274,0.04947
3442.80400,0.04999
3440.87526,0.05051
3438.94652,0.05090
3437.01777,0.05124
3435.08903,0.05169
3433.16029,0.05230
3431.23155,0.05297
3429.30281,0.05350
3427.37407,0.05397
3425.44532,0.05466
3423.51658,0.05542
3421.58784,0.05594
3419.65910,0.05640
3417.73036,0.05699
3415.80162,0.05747
3413.87287,0.05775
3411.94413,0.05822
3410.01539,0.05888
3408.08665,0.05944
3406.15791,0.05990
3404.22917,0.06040
3402.30042,0.06091
3400.37168,0.06127
3398.44294,0.06152
3396.51420,0.06179
3394.58546,0.06209
3392.65671,0.06233
3390.72797,0.06245
3388.79923,0.06266
3386.87049,0.06312
3384.94175,0.06367
3383.01301,0.06414
3381.08426,0.06455
3379.15552,0.06491
3377.22678,0.06520
3375.29804,0.06548
3373.36930,0.06598
3371.44056,0.06671
3369.51181,0.06742
3367.58307,0.06800
3365.65433,0.06844
3363.72559,0.06879
3361.79685,0.06928
3359.86811,0.06997
3357.93936,0.07071
3356.01062,0.07153
3354.08188,0.07238
3352.15314,0.07315
3350.22440,0.07386
3348.29565,0.07453
3346.36691,0.07514
3344.43817,0.07583
3342.50943,0.07664
3340.58069,0.07739
3338.65195,0.07790
3336.72320,0.07815
3334.79446,0.07820
3332.86572,0.07816
3330.93698,0.07814
3329.00824,0.07817
3327.07950,0.07816
3325.15075,0.07793
3323.22201,0.07742
3321.29327,0.07694
3319.36453,0.07663
3317.43579,0.07648
3315.50705,0.07656
3313.57830,0.07664
3311.64956,0.07648
3309.72082,0.07645
3307.79208,0.07673
3305.86334,0.07701
3303.93459,0.07714
3302.00585,0.07724
3300.07711,0.07737
3298.14837,0.07756
3296.21963,0.07782
3294.29089,0.07809
3292.36214,0.07820
3290.43340,0.07813
3288.50466,0.07805
3286.57592,0.07812
3284.64718,0.07826
3282.71844,0.07839
3280.78969,0.07840
3278.86095,0.07826
3276.93221,0.07806
3275.00347,0.07793
3273.07473,0.07784
3271.14599,0.07779
3269.21724,0.07775
3267.28850,0.07758
3265.35976,0.07722
3263.43102,0.07675
3261.50228,0.07628
3259.57353,0.07585
3257.64479,0.07539
3255.71605,0.07484
3253.78731,0.07429
3251.85857,0.07382
3249.92983,0.07340
3248.00108,0.07293
3246.07234,0.07227
3244.14360,0.07159
3242.21486,0.07115
3240.28612,0.07092
3238.35738,0.07060
3236.42863,0.07009
3234.49989,0.06956
3232.57115,0.06912
3230.64241,0.06872
3228.71367,0.06831
3226.78493,0.06785
3224.85618,0.06734
3222.92744,0.06683
3220.99870,0.06643
3219.06996,0.06611
3217.14122,0.06574
3215.21247,0.06529
3213.28373,0.06480
3211.35499,0.06440
3209.42625,0.06417
3207.49751,0.06390
3205.56877,0.06348
3203.64002,0.06301
3201.71128,0.06253
3199.78254,0.06203
3197.85380,0.06161
3195.92506,0.06130
3193.99632,0.06100
3192.06757,0.06056
3190.13883,0.06020
3188.21009,0.06009
3186.28135,0.05994
3184.35261,0.05958
3182.42387,0.05919
3180.49512,0.05885
3178.56638,0.05848
3176.63764,0.05805
3174.70890,0.05775
3172.78016,0.05762
3170.85141,0.05745
3168.92267,0.05714
3166.99393,0.05671
3165.06519,0.05634
3163.13645,0.05607
3161.20771,0.05572
3159.27896,0.05532
3157.35022,0.05504
3155.42148,0.05478
3153.49274,0.05443
3151.56400,0.05412
3149.63526,0.05391
3147.70651,0.05373
3145.77777,0.05346
3143.84903,0.05301
3141.92029,0.05254
3139.99155,0.05227
3138.06281,0.05215
3136.13406,0.05205
3134.20532,0.05184
3132.27658,0.05152
3130.34784,0.05116
3128.41910,0.05086
3126.49035,0.05057
3124.56161,0.05024
3122.63287,0.04999
3120.70413,0.04982
3118.77539,0.04962
3116.84665,0.04941
3114.91790,0.04925
3112.98916,0.04911
3111.06042,0.04899
3109.13168,0.04881
3107.20294,0.04864
3105.27420,0.04847
3103.34545,0.04819
3101.41671,0.04788
3099.48797,0.04772
3097.55923,0.04758
3095.63049,0.04730
3093.70175,0.04703
3091.77300,0.04691
3089.84426,0.04684
3087.91552,0.04666
3085.98678,0.04639
3084.05804,0.04618
3082.12930,0.04602
3080.20055,0.04579
3078.27181,0.04553
3076.34307,0.04526
3074.41433,0.04500
3072.48559,0.04485
3070.55684,0.04483
3068.62810,0.04477
3066.69936,0.04455
3064.77062,0.04421
3062.84188,0.04390
3060.91314,0.04365
3058.98439,0.04355
3057.05565,0.04365
3055.12691,0.04374
3053.19817,0.04357
3051.26943,0.04319
3049.34069,0.04283
3047.41194,0.04260
3045.48320,0.04240
3043.55446,0.04215
3041.62572,0.04181
3039.69698,0.04146
3037.76824,0.04132
3035.83949,0.04131
3033.91075,0.04126
3031.98201,0.04114
3030.05327,0.04094
3028.12453,0.04072
3026.19578,0.04058
3024.26704,0.04048
3022.33830,0.04043
3020.40956,0.04046
3018.48082,0.04041
3016.55208,0.04027
3014.62333,0.04015
3012.69459,0.04010
3010.76585,0.04007
3008.83711,0.04006
3006.90837,0.04009
3004.97963,0.04010
3003.05088,0.04001
3001.12214,0.03990
2999.19340,0.03981
2997.26466,0.03975
2995.33592,0.03974
2993.40718,0.03968
2991.47843,0.03951
2989.54969,0.03943
2987.62095,0.03954
2985.69221,0.03970
2983.76347,0.03985
2981.83472,0.04007
2979.90598,0.04041
2977.97724,0.04086
2976.04850,0.04144
2974.11976,0.04206
2972.19102,0.04267
2970.26227,0.04324
2968.33353,0.04364
2966.40479,0.04379
2964.47605,0.04379
2962.54731,0.04378
2960.61857,0.04388
2958.68982,0.04398
2956.76108,0.04399
2954.83234,0.04403
2952.90360,0.04421
2950.97486,0.04454
2949.04612,0.04490
2947.11737,0.04511
2945.18863,0.04522
2943.25989,0.04541
2941.33115,0.04563
2939.40241,0.04575
2937.47366,0.04582
2935.54492,0.04600
2933.61618,0.04631
2931.68744,0.04665
2929.75870,0.04700
2927.82996,0.04746
2925.90121,0.04805
2923.97247,0.04881
2922.04373,0.04972
2920.11499,0.05063
2918.18625,0.05139
2916.25751,0.05201
2914.32876,0.05247
2912.40002,0.05283
2910.47128,0.05319
2908.54254,0.05359
2906.61380,0.05398
2904.68506,0.05430
2902.75631,0.05445
2900.82757,0.05444
2898.89883,0.05432
2896.97009,0.05405
2895.04135,0.05372
2893.11260,0.05351
2891.18386,0.05338
2889.25512,0.05320
2887.32638,0.05294
2885.39764,0.05260
2883.46890,0.05223
2881.54015,0.05192
2879.61141,0.05165
2877.68267,0.05142
2875.75393,0.05130
2873.82519,0.05126
2871.89645,0.05120
2869.96770,0.05111
2868.03896,0.05097
2866.11022,0.05081
2864.18148,0.05062
2862.25274,0.05035
2860.32400,0.05006
2858.39525,0.04990
2856.46651,0.04990
2854.53777,0.04995
2852.60903,0.04999
2850.68029,0.04992
2848.75154,0.04948
2846.82280,0.04863
2844.89406,0.04761
2842.96532,0.04673
2841.03658,0.04608
2839.10784,0.04554
2837.17909,0.04496
2835.25035,0.04439
2833.32161,0.04394
2831.39287,0.04362
2829.46413,0.04330
2827.53539,0.04298
2825.60664,0.04277
2823.67790,0.04256
2821.74916,0.04230
2819.82042,0.04208
2817.89168,0.04197
2815.96294,0.04191
2814.03419,0.04180
2812.10545,0.04163
2810.17671,0.04141
2808.24797,0.04119
2806.31923,0.04093
2804.39048,0.04065
2802.46174,0.04044
2800.53300,0.04028
2798.60426,0.04008
2796.67552,0.03988
2794.74678,0.03972
2792.81803,0.03962
2790.88929,0.03956
2788.96055,0.03944
2787.03181,0.03928
2785.10307,0.03917
2783.17433,0.03907
2781.24558,0.03898
2779.31684,0.03891
2777.38810,0.03883
2775.45936,0.03875
2773.53062,0.03869
2771.60188,0.03865
2769.67313,0.03857
2767.74439,0.03846
2765.81565,0.03840
2763.88691,0.03837
2761.95817,0.03836
2760.02943,0.03831
2758.10068,0.03816
2756.17194,0.03801
2754.24320,0.03796
2752.31446,0.03793
2750.38572,0.03787
2748.45697,0.03784
2746.52823,0.03788
2744.59949,0.03791
2742.67075,0.03788
2740.74201,0.03785
2738.81327,0.03782
2736.88452,0.03776
2734.95578,0.03769
2733.02704,0.03765
2731.09830,0.03754
2729.16956,0.03742
2727.24082,0.03742
2725.31207,0.03746
2723.38333,0.03745
2721.45459,0.03745
2719.52585,0.03745
2717.59711,0.03734
2715.66837,0.03716
2713.73962,0.03710
2711.81088,0.03713
2709.88214,0.03710
2707.95340,0.03699
2706.02466,0.03689
2704.09591,0.03683
2702.16717,0.03673
2700.23843,0.03658
2698.30969,0.03645
2696.38095,0.03644
2694.45221,0.03645
2692.52346,0.03641
2690.59472,0.03636
2688.66598,0.03632
2686.73724,0.03629
2684.80850,0.03624
2682.87976,0.03615
2680.95101,0.03606
2679.02227,0.03599
2677.09353,0.03590
2675.16479,0.03577
2673.23605,0.03571
2671.30731,0.03568
2669.37856,0.03564
2667.44982,0.03568
2665.52108,0.03577
2663.59234,0.03578
2661.66360,0.03574
2659.73485,0.03574
2657.80611,0.03576
2655.87737,0.03579
2653.94863,0.03584
2652.01989,0.03593
2650.09115,0.03603
2648.16240,0.03605
2646.23366,0.03601
2644.30492,0.03595
2642.37618,0.03588
2640.44744,0.03583
2638.51870,0.03580
2636.58995,0.03580
2634.66121,0.03583
2632.73247,0.03581
2630.80373,0.03569
2628.87499,0.03561
2626.94625,0.03566
2625.01750,0.03571
2623.08876,0.03565
2621.16002,0.03556
2619.23128,0.03551
2617.30254,0.03546
2615.37379,0.03543
2613.44505,0.03543
2611.51631,0.03540
2609.58757,0.03533
2607.65883,0.03534
2605.73009,0.03541
2603.80134,0.03538
2601.87260,0.03526
2599.94386,0.03520
2598.01512,0.03523
2596.08638,0.03530
2594.15764,0.03527
2592.22889,0.03509
2590.30015,0.03490
2588.37141,0.03482
2586.44267,0.03488
2584.51393,0.03504
2582.58519,0.03517
2580.65644,0.03515
2578.72770,0.03511
2576.79896,0.03499
2574.87022,0.03469
2572.94148,0.03445
2571.01273,0.03440
2569.08399,0.03440
2567.15525,0.03445
2565.22651,0.03457
2563.29777,0.03465
2561.36903,0.03468
2559.44028,0.03470
2557.51154,0.03461
2555.58280,0.03452
2553.65406,0.03459
2551.72532,0.03466
2549.79658,0.03463
2547.86783,0.03463
2545.93909,0.03463
2544.01035,0.03458
2542.08161,0.03461
2540.15287,0.03466
2538.22413,0.03460
2536.29538,0.03444
2534.36664,0.03433
2532.43790,0.03442
2530.50916,0.03451
2528.58042,0.03444
2526.65167,0.03425
2524.72293,0.03410
2522.79419,0.03405
2520.86545,0.03397
2518.93671,0.03380
2517.00797,0.03383
2515.07922,0.03400
2513.15048,0.03406
2511.22174,0.03401
2509.29300,0.03391
2507.36426,0.03369
2505.43552,0.03350
2503.50677,0.03351
2501.57803,0.03362
2499.64929,0.03366
2497.72055,0.03365
2495.79181,0.03370
2493.86307,0.03374
2491.93432,0.03369
2490.00558,0.03364
2488.07684,0.03357
2486.14810,0.03343
2484.21936,0.03337
2482.29061,0.03341
2480.36187,0.03335
2478.43313,0.03322
2476.50439,0.03321
2474.57565,0.03334
2472.64691,0.03340
2470.71816,0.03333
2468.78942,0.03324
2466.86068,0.03319
2464.93194,0.03312
2463.00320,0.03304
2461.07446,0.03296
2459.14571,0.03291
2457.21697,0.03288
2455.28823,0.03291
2453.35949,0.03297
2451.43075,0.03295
2449.50201,0.03276
2447.57326,0.03256
2445.64452,0.03256
2443.71578,0.03268
2441.78704,0.03269
2439.85830,0.03256
2437.92956,0.03243
2436.00081,0.03237
2434.07207,0.03235
2432.14333,0.03236
2430.21459,0.03241
2428.28585,0.03244
2426.35710,0.03240
2424.42836,0.03231
2422.49962,0.03224
2420.57088,0.03217
2418.64214,0.03211
2416.71340,0.03211
2414.78465,0.03219
2412.85591,0.03221
2410.92717,0.03215
2408.99843,0.03201
2407.06969,0.03182
2405.14095,0.03169
2403.21220,0.03167
2401.28346,0.03168
2399.35472,0.03175
2397.42598,0.03184
2395.49724,0.03184
2393.56850,0.03174
2391.63975,0.03171
2389.71101,0.03176
2387.78227,0.03175
2385.85353,0.03166
2383.92479,0.03157
2381.99604,0.03158
2380.06730,0.03171
2378.13856,0.03185
2376.20982,0.03193
2374.28108,0.03194
2372.35234,0.03193
2370.42359,0.03177
2368.49485,0.03137
2366.56611,0.03126
2364.63737,0.03150
2362.70863,0.03163
2360.77989,0.03172
2358.85114,0.03181
2356.92240,0.03153
2354.99366,0.03100
2353.06492,0.03074
2351.13618,0.03086
2349.20744,0.03121
2347.27869,0.03156
2345.34995,0.03159
2343.42121,0.03133
2341.49247,0.03134
2339.56373,0.03157
2337.63498,0.03157
2335.70624,0.03124
2333.77750,0.03090
2331.84876,0.03089
2329.92002,0.03120
2327.99128,0.03157
2326.06253,0.03201
2324.13379,0.03248
2322.20505,0.03262
2320.27631,0.03245
2318.34757,0.03231
2316.41883,0.03221
2314.49008,0.03200
2312.56134,0.03169
2310.63260,0.03148
2308.70386,0.03150
2306.77512,0.03161
2304.84638,0.03159
2302.91763,0.03151
2300.98889,0.03156
2299.06015,0.03167
2297.13141,0.03171
2295.20267,0.03184
2293.27392,0.03208
2291.34518,0.03218
2289.41644,0.03220
2287.48770,0.03228
2285.55896,0.03229
2283.63022,0.03220
2281.70147,0.03209
2279.77273,0.03199
2277.84399,0.03199
2275.91525,0.03211
2273.98651,0.03221
2272.05777,0.03212
2270.12902,0.03181
2268.20028,0.03162
2266.27154,0.03166
2264.34280,0.03170
2262.41406,0.03156
2260.48532,0.03144
2258.55657,0.03157
2256.62783,0.03179
2254.69909,0.03180
2252.77035,0.03165
2250.84161,0.03155
2248.91286,0.03148
2246.98412,0.03133
2245.05538,0.03120
2243.12664,0.03123
2241.19790,0.03125
2239.26916,0.03120
2237.34041,0.03124
2235.41167,0.03127
2233.48293,0.03113
2231.55419,0.03092
2229.62545,0.03088
2227.69671,0.03104
2225.76796,0.03124
2223.83922,0.03125
2221.91048,0.03091
2219.98174,0.03054
2218.05300,0.03057
2216.12426,0.03090
2214.19551,0.03114
2212.26677,0.03107
2210.33803,0.03097
2208.40929,0.03116
2206.48055,0.03121
2204.55180,0.03084
2202.62306,0.03067
2200.69432,0.03093
2198.76558,0.03114
2196.83684,0.03105
2194.90810,0.03083
2192.97935,0.03070
2191.05061,0.03091
2189.12187,0.03142
2187.19313,0.03171
2185.26439,0.03162
2183.33565,0.03136
2181.40690,0.03089
2179.47816,0.03034
2177.54942,0.03006
2175.62068,0.03002
2173.69194,0.03006
2171.76320,0.03022
2169.83445,0.03062
2167.90571,0.03115
2165.97697,0.03161
2164.04823,0.03226
2162.11949,0.03286
2160.19074,0.03219
2158.26200,0.03017
2156.33326,0.02871
2154.40452,0.02860
2152.47578,0.02893
2150.54704,0.02917
2148.61829,0.02928
2146.68955,0.02933
2144.76081,0.02959
2142.83207,0.03005
2140.90333,0.03031
2138.97459,0.03007
2137.04584,0.02947
2135.11710,0.02885
2133.18836,0.02859
2131.25962,0.02881
2129.33088,0.02926
2127.40214,0.02971
2125.47339,0.03004
2123.54465,0.03016
2121.61591,0.03016
2119.68717,0.03018
2117.75843,0.03033
2115.82969,0.03063
2113.90094,0.03092
2111.97220,0.03101
2110.04346,0.03098
2108.11472,0.03098
2106.18598,0.03101
2104.25723,0.03109
2102.32849,0.03119
2100.39975,0.03117
2098.47101,0.03100
2096.54227,0.03070
2094.61353,0.03027
2092.68478,0.02995
2090.75604,0.02998
2088.82730,0.03021
2086.89856,0.03027
2084.96982,0.03011
2083.04108,0.03015
2081.11233,0.03050
2079.18359,0.03074
2077.25485,0.03069
2075.32611,0.03055
2073.39737,0.03044
2071.46863,0.03017
2069.53988,0.02978
2067.61114,0.02962
2065.68240,0.02979
2063.75366,0.02990
2061.82492,0.02983
2059.89617,0.02980
2057.96743,0.02994
2056.03869,0.03005
2054.10995,0.03015
2052.18121,0.03061
2050.25247,0.03109
2048.32372,0.03085
2046.39498,0.03015
2044.46624,0.02954
2042.53750,0.02925
2040.60876,0.02951
2038.68002,0.02998
2036.75127,0.03010
2034.82253,0.02976
2032.89379,0.02920
2030.96505,0.02896
2029.03631,0.02910
2027.10757,0.02907
2025.17882,0.02883
2023.25008,0.02875
2021.32134,0.02882
2019.39260,0.02870
2017.46386,0.02850
2015.53511,0.02873
2013.60637,0.02907
2011.67763,0.02912
2009.74889,0.02910
2007.82015,0.02876
2005.89141,0.02805
2003.96266,0.02770
2002.03392,0.02784
2000.10518,0.02804
1998.17644,0.02828
1996.24770,0.02851
1994.31896,0.02844
1992.39021,0.02818
1990.46147,0.02827
1988.53273,0.02868
1986.60399,0.02881
1984.67525,0.02877
1982.74651,0.02923
1980.81776,0.03002
1978.88902,0.02995
1976.96028,0.02880
1975.03154,0.02790
1973.10280,0.02769
1971.17405,0.02757
1969.24531,0.02763
1967.31657,0.02788
1965.38783,0.02801
1963.45909,0.02808
1961.53035,0.02802
1959.60160,0.02773
1957.67286,0.02757
1955.74412,0.02783
1953.81538,0.02807
1951.88664,0.02788
1949.95790,0.02757
1948.02915,0.02754
1946.10041,0.02771
1944.17167,0.02782
1942.24293,0.02772
1940.31419,0.02751
1938.38545,0.02737
1936.45670,0.02725
1934.52796,0.02714
1932.59922,0.02703
1930.67048,0.02675
1928.74174,0.02647
1926.81299,0.02637
1924.88425,0.02630
1922.95551,0.02631
1921.02677,0.02639
1919.09803,0.02626
1917.16929,0.02611
1915.24054,0.02621
1913.31180,0.02629
1911.38306,0.02617
1909.45432,0.02605
1907.52558,0.02599
1905.59684,0.02592
1903.66809,0.02577
1901.73935,0.02561
1899.81061,0.02559
1897.88187,0.02567
1895.95313,0.02562
1894.02439,0.02542
1892.09564,0.02519
1890.16690,0.02499
1888.23816,0.02492
1886.30942,0.02490
1884.38068,0.02478
1882.45193,0.02473
1880.52319,0.02486
1878.59445,0.02492
1876.66571,0.02475
1874.73697,0.02457
1872.80823,0.02459
1870.87948,0.02463
1868.95074,0.02448
1867.02200,0.02426
1865.09326,0.02419
1863.16452,0.02418
1861.23578,0.02409
1859.30703,0.02396
1857.37829,0.02382
1855.44955,0.02375
1853.52081,0.02382
1851.59207,0.02400
1849.66333,0.02408
1847.73458,0.02402
1845.80584,0.02393
1843.87710,0.02381
1841.94836,0.02372
1840.01962,0.02375
1838.09087,0.02385
1836.16213,0.02395
1834.23339,0.02408
1832.30465,0.02415
1830.37591,0.02408
1828.44717,0.02398
1826.51842,0.02396
1824.58968,0.02396
1822.66094,0.02397
1820.73220,0.02393
1818.80346,0.02375
1816.87472,0.02349
1814.94597,0.02338
1813.01723,0.02338
1811.08849,0.02333
1809.15975,0.02318
1807.23101,0.02300
1805.30227,0.02286
1803.37352,0.02280
1801.44478,0.02272
1799.51604,0.02259
1797.58730,0.02255
1795.65856,0.02260
1793.72982,0.02253
1791.80107,0.02228
1789.87233,0.02205
1787.94359,0.02193
1786.01485,0.02187
1784.08611,0.02191
1782.15736,0.02198
1780.22862,0.02194
1778.29988,0.02183
1776.37114,0.02176
1774.44240,0.02169
1772.51366,0.02161
1770.58491,0.02158
1768.65617,0.02157
1766.72743,0.02153
1764.79869,0.02150
1762.86995,0.02146
1760.94121,0.02143
1759.01246,0.02156
1757.08372,0.02181
1755.15498,0.02217
1753.22624,0.02272
1751.29750,0.02357
1749.36876,0.02490
1747.44001,0.02675
1745.51127,0.02906
1743.58253,0.03181
1741.65379,0.03504
1739.72505,0.03886
1737.79630,0.04263
1735.86756,0.04622
1733.93882,0.05061
1732.01008,0.05510
1730.08134,0.05882
1728.15260,0.06242
1726.22385,0.06609
1724.29511,0.06975
1722.36637,0.07314
1720.43763,0.07609
1718.50889,0.07916
1716.58015,0.08235
1714.65140,0.08451
1712.72266,0.08539
1710.79392,0.08525
1708.86518,0.08418
1706.93644,0.08216
1705.00770,0.07941
1703.07895,0.07674
1701.15021,0.07365
1699.22147,0.07005
1697.29273,0.06728
1695.36399,0.06481
1693.43524,0.06267
1691.50650,0.06112
1689.57776,0.05975
1687.64902,0.05865
1685.72028,0.05779
1683.79154,0.05681
1681.86279,0.05594
1679.93405,0.05529
1678.00531,0.05461
1676.07657,0.05380
1674.14783,0.05305
1672.21909,0.05257
1670.29034,0.05207
1668.36160,0.05147
1666.43286,0.05107
1664.50412,0.05064
1662.57538,0.04998
1660.64664,0.04937
1658.71789,0.04901
1656.78915,0.04876
1654.86041,0.04841
1652.93167,0.04776
1651.00293,0.04733
1649.07418,0.04726
1647.14544,0.04705
1645.21670,0.04670
1643.28796,0.04651
1641.35922,0.04639
1639.43048,0.04627
1637.50173,0.04613
1635.57299,0.04580
1633.64425,0.04539
1631.71551,0.04522
1629.78677,0.04515
1627.85803,0.04499
1625.92928,0.04470
1624.00054,0.04433
1622.07180,0.04415
1620.14306,0.04424
1618.21432,0.04430
1616.28558,0.04416
1614.35683,0.04399
1612.42809,0.04379
1610.49935,0.04337
1608.57061,0.04281
1606.64187,0.04225
1604.71312,0.04172
1602.78438,0.04122
1600.85564,0.04081
1598.92690,0.04051
1596.99816,0.04027
1595.06942,0.04000
1593.14067,0.03969
1591.21193,0.03945
1589.28319,0.03934
1587.35445,0.03933
1585.42571,0.03948
1583.49697,0.03993
1581.56822,0.04061
1579.63948,0.04124
1577.71074,0.04149
1575.78200,0.04108
1573.85326,0.04041
1571.92452,0.03976
1569.99577,0.03887
1568.06703,0.03791
1566.13829,0.03718
1564.20955,0.03664
1562.28081,0.03624
1560.35206,0.03571
1558.42332,0.03484
1556.49458,0.03429
1554.56584,0.03405
1552.63710,0.03379
1550.70836,0.03355
1548.77961,0.03346
1546.85087,0.03353
1544.92213,0.03367
1542.99339,0.03377
1541.06465,0.03371
1539.13591,0.03353
1537.20716,0.03334
1535.27842,0.03290
1533.34968,0.03207
1531.42094,0.03127
1529.49220,0.03074
1527.56346,0.03032
1525.63471,0.03002
1523.70597,0.02978
1521.77723,0.02939
1519.84849,0.02895
1517.91975,0.02865
1515.99100,0.02844
1514.06226,0.02840
1512.13352,0.02873
1510.20478,0.02966
1508.27604,0.03157
1506.34730,0.03417
1504.41855,0.03514
1502.48981,0.03423
1500.56107,0.03257
1498.63233,0.03084
1496.70359,0.02953
1494.77485,0.02889
1492.84610,0.02879
1490.91736,0.02903
1488.98862,0.02961
1487.05988,0.03061
1485.13114,0.03197
1483.20240,0.03355
1481.27365,0.03510
1479.34491,0.03641
1477.41617,0.03753
1475.48743,0.03876
1473.55869,0.04024
1471.62995,0.04152
1469.70120,0.04214
1467.77246,0.04240
1465.84372,0.04274
1463.91498,0.04338
1461.98624,0.04430
1460.05749,0.04534
1458.12875,0.04645
1456.20001,0.04741
1454.27127,0.04803
1452.34253,0.04841
1450.41379,0.04855
1448.48504,0.04842
1446.55630,0.04824
1444.62756,0.04817
1442.69882,0.04820
1440.77008,0.04835
1438.84134,0.04872
1436.91259,0.04945
1434.98385,0.05048
1433.05511,0.05134
1431.12637,0.05186
1429.19763,0.05200
1427.26889,0.05185
1425.34014,0.05150
1423.41140,0.05104
1421.48266,0.05062
1419.55392,0.05043
1417.62518,0.05111
1415.69643,0.05320
1413.76769,0.05660
1411.83895,0.06065
1409.91021,0.06389
1407.98147,0.06495
1406.05273,0.06358
1404.12398,0.06057
1402.19524,0.05728
1400.26650,0.05433
1398.33776,0.05176
1396.40902,0.04971
1394.48028,0.04818
1392.55153,0.04723
1390.62279,0.04681
1388.69405,0.04675
1386.76531,0.04715
1384.83657,0.04803
1382.90783,0.04914
1380.97908,0.05043
1379.05034,0.05197
1377.12160,0.05371
1375.19286,0.05567
1373.26412,0.05768
1371.33537,0.05914
1369.40663,0.05957
1367.47789,0.05907
1365.54915,0.05826
1363.62041,0.05764
1361.69167,0.05718
1359.76292,0.05669
1357.83418,0.05616
1355.90544,0.05571
1353.97670,0.05544
1352.04796,0.05546
1350.11922,0.05623
1348.19047,0.05840
1346.26173,0.06228
1344.33299,0.06748
1342.40425,0.07301
1340.47551,0.07767
1338.54677,0.08024
1336.61802,0.08006
1334.68928,0.07742
1332.76054,0.07314
1330.83180,0.06836
1328.90306,0.06420
1326.97431,0.06147
1325.04557,0.06045
1323.11683,0.06098
1321.18809,0.06270
1319.25935,0.06518
1317.33061,0.06771
1315.40186,0.06946
1313.47312,0.07016
1311.54438,0.06997
1309.61564,0.06913
1307.68690,0.06787
1305.75816,0.06648
1303.82941,0.06523
1301.90067,0.06439
1299.97193,0.06407
1298.04319,0.06431
1296.11445,0.06520
1294.18571,0.06668
1292.25696,0.06846
1290.32822,0.07026
1288.39948,0.07208
1286.47074,0.07411
1284.54200,0.07646
1282.61325,0.07904
1280.68451,0.08138
1278.75577,0.08318
1276.82703,0.08466
1274.89829,0.08608
1272.96955,0.08741
1271.04080,0.08868
1269.11206,0.09011
1267.18332,0.09179
1265.25458,0.09355
1263.32584,0.09508
1261.39710,0.09624
1259.46835,0.09705
1257.53961,0.09759
1255.61087,0.09816
1253.68213,0.09916
1251.75339,0.10063
1249.82465,0.10236
1247.89590,0.10399
1245.96716,0.10512
1244.03842,0.10560
1242.10968,0.10561
1240.18094,0.10531
1238.25219,0.10464
1236.32345,0.10338
1234.39471,0.10135
1232.46597,0.09854
1230.53723,0.09529
1228.60849,0.09204
1226.67974,0.08902
1224.75100,0.08627
1222.82226,0.08369
1220.89352,0.08124
1218.96478,0.07888
1217.03604,0.07670
1215.10729,0.07495
1213.17855,0.07396
1211.24981,0.07395
1209.32107,0.07470
1207.39233,0.07541
1205.46359,0.07538
1203.53484,0.07442
1201.60610,0.07271
1199.67736,0.07054
1197.74862,0.06812
1195.81988,0.06556
1193.89113,0.06303
1191.96239,0.06065
1190.03365,0.05858
1188.10491,0.05697
1186.17617,0.05591
1184.24743,0.05544
1182.31868,0.05564
1180.38994,0.05648
1178.46120,0.05782
1176.53246,0.05952
1174.60372,0.06154
1172.67498,0.06395
1170.74623,0.06695
1168.81749,0.07051
1166.88875,0.07440
1164.96001,0.07818
1163.03127,0.08118
1161.10253,0.08281
1159.17378,0.08297
1157.24504,0.08209
1155.31630,0.08073
1153.38756,0.07938
1151.45882,0.07829
1149.53007,0.07749
1147.60133,0.07685
1145.67259,0.07614
1143.74385,0.07537
1141.81511,0.07490
1139.88637,0.07525
1137.95762,0.07691
1136.02888,0.08016
1134.10014,0.08464
1132.17140,0.08978
1130.24266,0.09545
1128.31392,0.10176
1126.38517,0.10850
1124.45643,0.11501
1122.52769,0.12066
1120.59895,0.12553
1118.67021,0.13048
1116.74147,0.13621
1114.81272,0.14253
1112.88398,0.14851
1110.95524,0.15320
1109.02650,0.15651
1107.09776,0.15907
1105.16902,0.16143
1103.24027,0.16349
1101.31153,0.16460
1099.38279,0.16439
1097.45405,0.16313
1095.52531,0.16130
1093.59656,0.15922
1091.66782,0.15724
1089.73908,0.15565
1087.81034,0.15427
1085.88160,0.15285
1083.95286,0.15163
1082.02411,0.15089
1080.09537,0.15070
1078.16663,0.15090
1076.23789,0.15100
1074.30915,0.15074
1072.38041,0.15055
1070.45166,0.15115
1068.52292,0.15307
1066.59418,0.15647
1064.66544,0.16136
1062.73670,0.16748
1060.80796,0.17379
1058.87921,0.17887
1056.95047,0.18216
1055.02173,0.18387
1053.09299,0.18428
1051.16425,0.18374
1049.23550,0.18228
1047.30676,0.17987
1045.37802,0.17709
1043.44928,0.17473
1041.52054,0.17346
1039.59180,0.17390
1037.66305,0.17596
1035.73431,0.17872
1033.80557,0.18114
1031.87683,0.18251
1029.94809,0.18287
1028.01935,0.18321
1026.09060,0.18474
1024.16186,0.18758
1022.23312,0.19084
1020.30438,0.19396
1018.37564,0.19638
1016.44690,0.19676
1014.51815,0.19426
1012.58941,0.18991
1010.66067,0.18553
1008.73193,0.18233
1006.80319,0.18043
1004.87444,0.17943
1002.94570,0.17902
1001.01696,0.17874
999.08822,0.17805
997.15948,0.17670
995.23074,0.17478
993.30199,0.17258
991.37325,0.17062
989.44451,0.16948
987.51577,0.16951
985.58703,0.17041
983.65829,0.17110
981.72954,0.17051
979.80080,0.16828
977.87206,0.16487
975.94332,0.16117
974.01458,0.15785
972.08584,0.15499
970.15709,0.15222
968.22835,0.14919
966.29961,0.14591
964.37087,0.14257
962.44213,0.13934
960.51338,0.13627
958.58464,0.13325
956.65590,0.13020
954.72716,0.12727
952.79842,0.12467
950.86968,0.12230
948.94093,0.11997
947.01219,0.11771
945.08345,0.11580
943.15471,0.11420
941.22597,0.11256
939.29723,0.11091
937.36848,0.10944
935.43974,0.10801
933.51100,0.10658
931.58226,0.10536
929.65352,0.10431
927.72478,0.10330
925.79603,0.10223
923.86729,0.10107
921.93855,0.09991
920.00981,0.09885
918.08107,0.09808
916.15232,0.09777
914.22358,0.09779
912.29484,0.09792
910.36610,0.09815
908.43736,0.09850
906.50862,0.09901
904.57987,0.09970
902.65113,0.10050
900.72239,0.10120
898.79365,0.10143
896.86491,0.10119
894.93617,0.10071
893.00742,0.10002
891.07868,0.09907
889.14994,0.09798
887.22120,0.09703
885.29246,0.09650
883.36372,0.09649
881.43497,0.09710
879.50623,0.09852
877.57749,0.10093
875.64875,0.10464
873.72001,0.10890
871.79126,0.11109
869.86252,0.10936
867.93378,0.10520
866.00504,0.10120
864.07630,0.09833
862.14756,0.09642
860.21881,0.09519
858.29007,0.09450
856.36133,0.09429
854.43259,0.09447
852.50385,0.09491
850.57511,0.09556
848.64636,0.09621
846.71762,0.09642
844.78888,0.09600
842.86014,0.09515
840.93140,0.09420
839.00266,0.09314
837.07391,0.09193
835.14517,0.09067
833.21643,0.08948
831.28769,0.08846
829.35895,0.08772
827.43020,0.08709
825.50146,0.08632
823.57272,0.08551
821.64398,0.08493
819.71524,0.08455
817.78650,0.08423
815.85775,0.08393
813.92901,0.08366
812.00027,0.08357
810.07153,0.08368
808.14279,0.08370
806.21405,0.08348
804.28530,0.08319
802.35656,0.08274
800.42782,0.08222
798.49908,0.08224
796.57034,0.08322
794.64160,0.08487
792.71285,0.08608
790.78411,0.08607
788.85537,0.08525
786.92663,0.08424
784.99789,0.08323
783.06915,0.08225
781.14040,0.08145
779.21166,0.08078
777.28292,0.08010
775.35418,0.07941
773.42544,0.07872
771.49669,0.07803
769.56795,0.07756
767.63921,0.07731
765.71047,0.07685
763.78173,0.07601
761.85299,0.07530
759.92424,0.07500
757.99550,0.07487
756.06676,0.07478
754.13802,0.07461
752.20928,0.07422
750.28054,0.07385
748.35179,0.07379
746.42305,0.07407
744.49431,0.07484
742.56557,0.07674
740.63683,0.08041
738.70809,0.08612
736.77934,0.09376
734.85060,0.10297
732.92186,0.11311
730.99312,0.12358
729.06438,0.13414
727.13563,0.14438
725.20689,0.15327
723.27815,0.15959
721.34941,0.16281
719.42067,0.16334
717.49193,0.16222
715.56318,0.16076
713.63444,0.15965
711.70570,0.15874
709.77696,0.15761
707.84822,0.15625
705.91948,0.15496
703.99073,0.15375
702.06199,0.15245
700.13325,0.15104
698.20451,0.14950
696.27577,0.14785
694.34703,0.14611
692.41828,0.14450
690.48954,0.14338
688.56080,0.14278
686.63206,0.14236
684.70332,0.14188
682.77457,0.14149
680.84583,0.14184
678.91709,0.14324
676.98835,0.14493
675.05961,0.14648
673.13087,0.14819
671.20212,0.15021
669.27338,0.15269
667.34464,0.15521
665.41590,0.15669
663.48716,0.15736
661.55842,0.15715
659.62967,0.15612
657.70093,0.15489
655.77219,0.15352
653.84345,0.15169
651.91471,0.14995
649.98597,0.14905
648.05722,0.14861
646.12848,0.14827
644.19974,0.14861
642.27100,0.15010
640.34226,0.15171
638.41351,0.15194
636.48477,0.15140
634.55603,0.15193
632.62729,0.15366
630.69855,0.15548
628.76981,0.15662
626.84106,0.15625
624.91232,0.15516
622.98358,0.15663
621.05484,0.16163
619.12610,0.16747
617.19736,0.17144
615.26861,0.17195
613.33987,0.16936
611.41113,0.16518
609.48239,0.16230
607.55365,0.16242
605.62491,0.16279
603.69616,0.16305
601.76742,0.16474
599.83868,0.16538
