3996.35288,0.02581
3994.42414,0.02572
3992.49539,0.02554
3990.56665,0.02534
3988.63791,0.02525
3986.70917,0.02534
3984.78043,0.02544
3982.85169,0.02543
3980.92294,0.02543
3978.99420,0.02554
3977.06546,0.02569
3975.13672,0.02576
3973.20798,0.02569
3971.27924,0.02556
3969.35049,0.02548
3967.42175,0.02538
3965.49301,0.02528
3963.56427,0.02534
3961.63553,0.02547
3959.70679,0.02554
3957.77804,0.02562
3955.84930,0.02567
3953.92056,0.02566
3951.99182,0.02566
3950.06308,0.02562
3948.13433,0.02551
3946.20559,0.02539
3944.27685,0.02533
3942.34811,0.02540
3940.41937,0.02555
3938.49063,0.02559
3936.56188,0.02557
3934.63314,0.02560
3932.70440,0.02547
3930.77566,0.02528
3928.84692,0.02532
3926.91818,0.02541
3924.98943,0.02526
3923.06069,0.02512
3921.13195,0.02533
3919.20321,0.02556
3917.27447,0.02547
3915.34573,0.02527
3913.41698,0.02521
3911.48824,0.02521
3909.55950,0.02522
3907.63076,0.02536
3905.70202,0.02551
3903.77327,0.02542
3901.84453,0.02531
3899.91579,0.02539
3897.98705,0.02543
3896.05831,0.02541
3894.12957,0.02547
3892.20082,0.02558
3890.27208,0.02560
3888.34334,0.02554
3886.41460,0.02537
3884.48586,0.02504
3882.55712,0.02485
3880.62837,0.02489
3878.69963,0.02496
3876.77089,0.02507
3874.84215,0.02522
3872.91341,0.02534
3870.98467,0.02535
3869.05592,0.02529
3867.12718,0.02531
3865.19844,0.02532
3863.26970,0.02513
3861.34096,0.02496
3859.41221,0.02501
3857.48347,0.02521
3855.55473,0.02536
3853.62599,0.02518
3851.69725,0.02498
3849.76851,0.02507
3847.83976,0.02512
3845.91102,0.02507
3843.98228,0.02516
3842.05354,0.02538
3840.12480,0.02559
3838.19606,0.02551
3836.26731,0.02516
3834.33857,0.02495
3832.40983,0.02491
3830.48109,0.02491
3828.55235,0.02494
3826.62361,0.02503
3824.69486,0.02526
3822.76612,0.02549
3820.83738,0.02528
3818.90864,0.02492
3816.97990,0.02474
3815.05115,0.02450
3813.12241,0.02442
3811.19367,0.02465
3809.26493,0.02492
3807.33619,0.02503
3805.40745,0.02510
3803.47870,0.02526
3801.54996,0.02510
3799.62122,0.02470
3797.69248,0.02459
3795.76374,0.02466
3793.83500,0.02472
3791.90625,0.02477
3789.97751,0.02476
3788.04877,0.02475
3786.12003,0.02471
3784.19129,0.02467
3782.26255,0.02470
3780.33380,0.02468
3778.40506,0.02455
3776.47632,0.02450
3774.54758,0.02456
3772.61884,0.02468
3770.69009,0.02482
3768.76135,0.02482
3766.83261,0.02470
3764.90387,0.02463
3762.97513,0.02462
3761.04639,0.02457
3759.11764,0.02452
3757.18890,0.02466
3755.26016,0.02492
3753.33142,0.02504
3751.40268,0.02492
3749.47394,0.02476
3747.54519,0.02501
3745.61645,0.02536
3743.68771,0.02508
3741.75897,0.02459
3739.83023,0.02458
3737.90149,0.02480
3735.97274,0.02479
3734.04400,0.02457
3732.11526,0.02436
3730.18652,0.02428
3728.25778,0.02435
3726.32904,0.02441
3724.40029,0.02427
3722.47155,0.02407
3720.54281,0.02394
3718.61407,0.02387
3716.68533,0.02388
3714.75658,0.02409
3712.82784,0.02444
3710.89910,0.02449
3708.97036,0.02422
3707.04162,0.02405
3705.11288,0.02405
3703.18413,0.02401
3701.25539,0.02394
3699.32665,0.02392
3697.39791,0.02396
3695.46917,0.02396
3693.54043,0.02395
3691.61168,0.02405
3689.68294,0.02414
3687.75420,0.02399
3685.82546,0.02381
3683.89672,0.02389
3681.96798,0.02418
3680.03923,0.02449
3678.11049,0.02477
3676.18175,0.02481
3674.25301,0.02436
3672.32427,0.02401
3670.39552,0.02396
3668.46678,0.02395
3666.53804,0.02393
3664.60930,0.02397
3662.68056,0.02407
3660.75182,0.02425
3658.82307,0.02441
3656.89433,0.02449
3654.96559,0.02464
3653.03685,0.02504
3651.10811,0.02539
3649.17937,0.02510
3647.25062,0.02451
3645.32188,0.02442
3643.39314,0.02463
3641.46440,0.02476
3639.53566,0.02476
3637.60692,0.02480
3635.67817,0.02490
3633.74943,0.02501
3631.82069,0.02524
3629.89195,0.02555
3627.96321,0.02560
3626.03446,0.02544
3624.10572,0.02540
3622.17698,0.02562
3620.24824,0.02584
3618.31950,0.02579
3616.39076,0.02578
3614.46201,0.02598
3612.53327,0.02610
3610.60453,0.02603
3608.67579,0.02589
3606.74705,0.02583
3604.81831,0.02589
3602.88956,0.02603
3600.96082,0.02623
3599.03208,0.02638
3597.10334,0.02647
3595.17460,0.02654
3593.24586,0.02670
3591.31711,0.02702
3589.38837,0.02727
3587.45963,0.02722
3585.53089,0.02706
3583.60215,0.02705
3581.67340,0.02729
3579.74466,0.02759
3577.81592,0.02768
3575.88718,0.02763
3573.95844,0.02772
3572.02970,0.02805
3570.10095,0.02850
3568.17221,0.02873
3566.24347,0.02871
3564.31473,0.02891
3562.38599,0.02931
3560.45725,0.02951
3558.52850,0.02949
3556.59976,0.02943
3554.67102,0.02944
3552.74228,0.02958
3550.81354,0.02982
3548.88480,0.03011
3546.95605,0.03039
3545.02731,0.03057
3543.09857,0.03076
3541.16983,0.03099
3539.24109,0.03118
3537.31234,0.03130
3535.38360,0.03140
3533.45486,0.03153
3531.52612,0.03177
3529.59738,0.03208
3527.66864,0.03229
3525.73989,0.03238
3523.81115,0.03248
3521.88241,0.03277
3519.95367,0.03322
3518.02493,0.03356
3516.09619,0.03368
3514.16744,0.03389
3512.23870,0.03421
3510.30996,0.03444
3508.38122,0.03460
3506.45248,0.03477
3504.52374,0.03487
3502.59499,0.03491
3500.66625,0.03505
3498.73751,0.03528
3496.80877,0.03554
3494.88003,0.03587
3492.95128,0.03632
3491.02254,0.03678
3489.09380,0.03725
3487.16506,0.03759
3485.23632,0.03762
3483.30758,0.03767
3481.37883,0.03806
3479.45009,0.03847
3477.52135,0.03865
3475.59261,0.03885
3473.66387,0.03925
3471.73513,0.03975
3469.80638,0.04017
3467.87764,0.04043
3465.94890,0.04068
3464.02016,0.04105
3462.09142,0.04143
3460.16268,0.04178
3458.23393,0.04223
3456.30519,0.04272
3454.37645,0.04318
3452.44771,0.04360
3450.51897,0.04393
3448.59022,0.04419
3446.66148,0.04449
3444.73274,0.04487
3442.80400,0.04535
3440.87526,0.04581
3438.94652,0.04617
3437.01777,0.04655
3435.08903,0.04704
3433.16029,0.04754
3431.23155,0.04787
3429.30281,0.04813
3427.37407,0.04851
3425.44532,0.04893
3423.51658,0.04924
3421.58784,0.04950
3419.65910,0.04979
3417.73036,0.05006
3415.80162,0.05041
3413.87287,0.05083
3411.94413,0.05126
3410.01539,0.05167
3408.08665,0.05200
3406.15791,0.05224
3404.22917,0.05251
3402.30042,0.05280
3400.37168,0.05309
3398.44294,0.05341
3396.51420,0.05385
3394.58546,0.05429
3392.65671,0.05450
3390.72797,0.05452
3388.79923,0.05464
3386.87049,0.05483
3384.94175,0.05504
3383.01301,0.05541
3381.08426,0.05590
3379.15552,0.05644
3377.22678,0.05702
3375.29804,0.05754
3373.36930,0.05787
3371.44056,0.05811
3369.51181,0.05835
3367.58307,0.05859
3365.65433,0.05889
3363.72559,0.05932
3361.79685,0.05985
3359.86811,0.06045
3357.93936,0.06100
3356.01062,0.06151
3354.08188,0.06207
3352.15314,0.06271
3350.22440,0.06333
3348.29565,0.06390
3346.36691,0.06450
3344.43817,0.06507
3342.50943,0.06558
3340.58069,0.06604
3338.65195,0.06643
3336.72320,0.06675
3334.79446,0.06706
3332.86572,0.06729
3330.93698,0.06731
3329.00824,0.06718
3327.07950,0.06706
3325.15075,0.06693
3323.22201,0.06674
3321.29327,0.06657
3319.36453,0.06644
3317.43579,0.06626
3315.50705,0.06603
3313.57830,0.06588
3311.64956,0.06594
3309.72082,0.06610
3307.79208,0.06626
3305.86334,0.06646
3303.93459,0.06665
3302.00585,0.06670
3300.07711,0.06667
3298.14837,0.06673
3296.21963,0.06691
3294.29089,0.06707
3292.36214,0.06719
3290.43340,0.06736
3288.50466,0.06752
3286.57592,0.06756
3284.64718,0.06762
3282.71844,0.06776
3280.78969,0.06785
3278.86095,0.06774
3276.93221,0.06756
3275.00347,0.06754
3273.07473,0.06759
3271.14599,0.06754
3269.21724,0.06744
3267.28850,0.06741
3265.35976,0.06734
3263.43102,0.06708
3261.50228,0.06665
3259.57353,0.06629
3257.64479,0.06606
3255.71605,0.06582
3253.78731,0.06549
3251.85857,0.06509
3249.92983,0.06472
3248.00108,0.06437
3246.07234,0.06396
3244.14360,0.06357
3242.21486,0.06333
3240.28612,0.06313
3238.35738,0.06278
3236.42863,0.06231
3234.49989,0.06201
3232.57115,0.06199
3230.64241,0.06195
3228.71367,0.06162
3226.78493,0.06113
3224.85618,0.06067
3222.92744,0.06031
3220.99870,0.06015
3219.06996,0.06003
3217.14122,0.05971
3215.21247,0.05929
3213.28373,0.05889
3211.35499,0.05855
3209.42625,0.05833
3207.49751,0.05816
3205.56877,0.05789
3203.64002,0.05755
3201.71128,0.05734
3199.78254,0.05719
3197.85380,0.05694
3195.92506,0.05668
3193.99632,0.05644
3192.06757,0.05618
3190.13883,0.05592
3188.21009,0.05573
3186.28135,0.05551
3184.35261,0.05515
3182.42387,0.05478
3180.49512,0.05450
3178.56638,0.05428
3176.63764,0.05407
3174.70890,0.05383
3172.78016,0.05351
3170.85141,0.05315
3168.92267,0.05290
3166.99393,0.05278
3165.06519,0.05257
3163.13645,0.05224
3161.20771,0.05201
3159.27896,0.05194
3157.35022,0.05188
3155.42148,0.05172
3153.49274,0.05142
3151.56400,0.05111
3149.63526,0.05083
3147.70651,0.05057
3145.77777,0.05043
3143.84903,0.05032
3141.92029,0.05011
3139.99155,0.04985
3138.06281,0.04969
3136.13406,0.04961
3134.20532,0.04940
3132.27658,0.04898
3130.34784,0.04858
3128.41910,0.04835
3126.49035,0.04822
3124.56161,0.04814
3122.63287,0.04808
3120.70413,0.04799
3118.77539,0.04789
3116.84665,0.04778
3114.91790,0.04763
3112.98916,0.04736
3111.06042,0.04706
3109.13168,0.04698
3107.20294,0.04706
3105.27420,0.04700
3103.34545,0.04680
3101.41671,0.04661
3099.48797,0.04639
3097.55923,0.04602
3095.63049,0.04568
3093.70175,0.04558
3091.77300,0.04566
3089.84426,0.04561
3087.91552,0.04544
3085.98678,0.04536
3084.05804,0.04538
3082.12930,0.04531
3080.20055,0.04513
3078.27181,0.04496
3076.34307,0.04484
3074.41433,0.04468
3072.48559,0.04454
3070.55684,0.04443
3068.62810,0.04434
3066.69936,0.04426
3064.77062,0.04408
3062.84188,0.04385
3060.91314,0.04371
3058.98439,0.04358
3057.05565,0.04337
3055.12691,0.04314
3053.19817,0.04296
3051.26943,0.04278
3049.34069,0.04259
3047.41194,0.04247
3045.48320,0.04245
3043.55446,0.04231
3041.62572,0.04196
3039.69698,0.04159
3037.76824,0.04139
3035.83949,0.04127
3033.91075,0.04116
3031.98201,0.04109
3030.05327,0.04103
3028.12453,0.04093
3026.19578,0.04082
3024.26704,0.04079
3022.33830,0.04081
3020.40956,0.04080
3018.48082,0.04073
3016.55208,0.04067
3014.62333,0.04068
3012.69459,0.04067
3010.76585,0.04063
3008.83711,0.04062
3006.90837,0.04057
3004.97963,0.04047
3003.05088,0.04041
3001.12214,0.04038
2999.19340,0.04031
2997.26466,0.04022
2995.33592,0.04015
2993.40718,0.04016
2991.47843,0.04023
2989.54969,0.04030
2987.62095,0.04038
2985.69221,0.04050
2983.76347,0.04062
2981.83472,0.04073
2979.90598,0.04090
2977.97724,0.04121
2976.04850,0.04176
2974.11976,0.04248
2972.19102,0.04309
2970.26227,0.04357
2968.33353,0.04386
2966.40479,0.04385
2964.47605,0.04359
2962.54731,0.04331
2960.61857,0.04323
2958.68982,0.04339
2956.76108,0.04365
2954.83234,0.04381
2952.90360,0.04385
2950.97486,0.04389
2949.04612,0.04401
2947.11737,0.04410
2945.18863,0.04414
2943.25989,0.04419
2941.33115,0.04417
2939.40241,0.04407
2937.47366,0.04402
2935.54492,0.04405
2933.61618,0.04408
2931.68744,0.04403
2929.75870,0.04406
2927.82996,0.04425
2925.90121,0.04455
2923.97247,0.04492
2922.04373,0.04539
2920.11499,0.04593
2918.18625,0.04653
2916.25751,0.04718
2914.32876,0.04785
2912.40002,0.04850
2910.47128,0.04909
2908.54254,0.04952
2906.61380,0.04978
2904.68506,0.05011
2902.75631,0.05056
2900.82757,0.05081
2898.89883,0.05072
2896.97009,0.05058
2895.04135,0.05051
2893.11260,0.05040
2891.18386,0.05030
2889.25512,0.05026
2887.32638,0.05017
2885.39764,0.05000
2883.46890,0.04981
2881.54015,0.04959
2879.61141,0.04933
2877.68267,0.04905
2875.75393,0.04883
2873.82519,0.04877
2871.89645,0.04879
2869.96770,0.04879
2868.03896,0.04876
2866.11022,0.04867
2864.18148,0.04852
2862.25274,0.04837
2860.32400,0.04820
2858.39525,0.04799
2856.46651,0.04782
2854.53777,0.04769
2852.60903,0.04749
2850.68029,0.04716
2848.75154,0.04674
2846.82280,0.04635
2844.89406,0.04602
2842.96532,0.04570
2841.03658,0.04536
2839.10784,0.04505
2837.17909,0.04479
2835.25035,0.04454
2833.32161,0.04428
2831.39287,0.04399
2829.46413,0.04372
2827.53539,0.04350
2825.60664,0.04325
2823.67790,0.04301
2821.74916,0.04285
2819.82042,0.04275
2817.89168,0.04271
2815.96294,0.04266
2814.03419,0.04254
2812.10545,0.04234
2810.17671,0.04210
2808.24797,0.04188
2806.31923,0.04170
2804.39048,0.04153
2802.46174,0.04143
2800.53300,0.04138
2798.60426,0.04131
2796.67552,0.04125
2794.74678,0.04116
2792.81803,0.04104
2790.88929,0.04092
2788.96055,0.04080
2787.03181,0.04069
2785.10307,0.04059
2783.17433,0.04044
2781.24558,0.04033
2779.31684,0.04033
2777.38810,0.04037
2775.45936,0.04039
2773.53062,0.04036
2771.60188,0.04030
2769.67313,0.04023
2767.74439,0.04012
2765.81565,0.03992
2763.88691,0.03976
2761.95817,0.03977
2760.02943,0.03982
2758.10068,0.03985
2756.17194,0.03985
2754.24320,0.03985
2752.31446,0.03986
2750.38572,0.03983
2748.45697,0.03978
2746.52823,0.03980
2744.59949,0.03979
2742.67075,0.03971
2740.74201,0.03964
2738.81327,0.03960
2736.88452,0.03954
2734.95578,0.03949
2733.02704,0.03948
2731.09830,0.03949
2729.16956,0.03945
2727.24082,0.03932
2725.31207,0.03918
2723.38333,0.03910
2721.45459,0.03907
2719.52585,0.03909
2717.59711,0.03920
2715.66837,0.03927
2713.73962,0.03915
2711.81088,0.03893
2709.88214,0.03883
2707.95340,0.03885
2706.02466,0.03888
2704.09591,0.03889
2702.16717,0.03886
2700.23843,0.03874
2698.30969,0.03861
2696.38095,0.03852
2694.45221,0.03849
2692.52346,0.03848
2690.59472,0.03841
2688.66598,0.03828
2686.73724,0.03822
2684.80850,0.03823
2682.87976,0.03823
2680.95101,0.03819
2679.02227,0.03813
2677.09353,0.03811
2675.16479,0.03813
2673.23605,0.03810
2671.30731,0.03801
2669.37856,0.03794
2667.44982,0.03796
2665.52108,0.03802
2663.59234,0.03799
2661.66360,0.03796
2659.73485,0.03801
2657.80611,0.03805
2655.87737,0.03806
2653.94863,0.03808
2652.01989,0.03810
2650.09115,0.03809
2648.16240,0.03811
2646.23366,0.03818
2644.30492,0.03822
2642.37618,0.03814
2640.44744,0.03807
2638.51870,0.03814
2636.58995,0.03820
2634.66121,0.03816
2632.73247,0.03812
2630.80373,0.03810
2628.87499,0.03808
2626.94625,0.03810
2625.01750,0.03807
2623.08876,0.03797
2621.16002,0.03794
2619.23128,0.03798
2617.30254,0.03799
2615.37379,0.03793
2613.44505,0.03788
2611.51631,0.03795
2609.58757,0.03803
2607.65883,0.03797
2605.73009,0.03781
2603.80134,0.03773
2601.87260,0.03780
2599.94386,0.03789
2598.01512,0.03792
2596.08638,0.03795
2594.15764,0.03796
2592.22889,0.03787
2590.30015,0.03777
2588.37141,0.03776
2586.44267,0.03781
2584.51393,0.03790
2582.58519,0.03792
2580.65644,0.03778
2578.72770,0.03757
2576.79896,0.03752
2574.87022,0.03764
2572.94148,0.03777
2571.01273,0.03793
2569.08399,0.03803
2567.15525,0.03795
2565.22651,0.03777
2563.29777,0.03772
2561.36903,0.03783
2559.44028,0.03794
2557.51154,0.03797
2555.58280,0.03787
2553.65406,0.03774
2551.72532,0.03764
2549.79658,0.03744
2547.86783,0.03723
2545.93909,0.03730
2544.01035,0.03749
2542.08161,0.03759
2540.15287,0.03763
2538.22413,0.03763
2536.29538,0.03754
2534.36664,0.03738
2532.43790,0.03740
2530.50916,0.03764
2528.58042,0.03774
2526.65167,0.03755
2524.72293,0.03731
2522.79419,0.03729
2520.86545,0.03750
2518.93671,0.03755
2517.00797,0.03729
2515.07922,0.03700
2513.15048,0.03694
2511.22174,0.03696
2509.29300,0.03694
2507.36426,0.03689
2505.43552,0.03692
2503.50677,0.03711
2501.57803,0.03729
2499.64929,0.03723
2497.72055,0.03699
2495.79181,0.03676
2493.86307,0.03663
2491.93432,0.03663
2490.00558,0.03671
2488.07684,0.03686
2486.14810,0.03692
2484.21936,0.03675
2482.29061,0.03659
2480.36187,0.03655
2478.43313,0.03653
2476.50439,0.03655
2474.57565,0.03665
2472.64691,0.03672
2470.71816,0.03681
2468.78942,0.03696
2466.86068,0.03690
2464.93194,0.03662
2463.00320,0.03646
2461.07446,0.03647
2459.14571,0.03651
2457.21697,0.03646
2455.28823,0.03637
2453.35949,0.03637
2451.43075,0.03641
2449.50201,0.03632
2447.57326,0.03618
2445.64452,0.03612
2443.71578,0.03613
2441.78704,0.03615
2439.85830,0.03623
2437.92956,0.03634
2436.00081,0.03632
2434.07207,0.03618
2432.14333,0.03603
2430.21459,0.03589
2428.28585,0.03585
2426.35710,0.03596
2424.42836,0.03600
2422.49962,0.03585
2420.57088,0.03565
2418.64214,0.03560
2416.71340,0.03573
2414.78465,0.03575
2412.85591,0.03557
2410.92717,0.03546
2408.99843,0.03553
2407.06969,0.03565
2405.14095,0.03566
2403.21220,0.03554
2401.28346,0.03544
2399.35472,0.03545
2397.42598,0.03544
2395.49724,0.03536
2393.56850,0.03525
2391.63975,0.03515
2389.71101,0.03513
2387.78227,0.03521
2385.85353,0.03533
2383.92479,0.03546
2381.99604,0.03557
2380.06730,0.03556
2378.13856,0.03550
2376.20982,0.03548
2374.28108,0.03552
2372.35234,0.03564
2370.42359,0.03574
2368.49485,0.03564
2366.56611,0.03541
2364.63737,0.03528
2362.70863,0.03544
2360.77989,0.03566
2358.85114,0.03562
2356.92240,0.03548
2354.99366,0.03526
2353.06492,0.03492
2351.13618,0.03482
2349.20744,0.03518
2347.27869,0.03564
2345.34995,0.03565
2343.42121,0.03513
2341.49247,0.03470
2339.56373,0.03476
2337.63498,0.03514
2335.70624,0.03544
2333.77750,0.03555
2331.84876,0.03554
2329.92002,0.03535
2327.99128,0.03515
2326.06253,0.03544
2324.13379,0.03615
2322.20505,0.03650
2320.27631,0.03620
2318.34757,0.03572
2316.41883,0.03545
2314.49008,0.03540
2312.56134,0.03528
2310.63260,0.03499
2308.70386,0.03477
2306.77512,0.03474
2304.84638,0.03486
2302.91763,0.03501
2300.98889,0.03507
2299.06015,0.03500
2297.13141,0.03497
2295.20267,0.03522
2293.27392,0.03564
2291.34518,0.03584
2289.41644,0.03572
2287.48770,0.03559
2285.55896,0.03565
2283.63022,0.03577
2281.70147,0.03571
2279.77273,0.03559
2277.84399,0.03554
2275.91525,0.03553
2273.98651,0.03553
2272.05777,0.03560
2270.12902,0.03567
2268.20028,0.03570
2266.27154,0.03571
2264.34280,0.03567
2262.41406,0.03548
2260.48532,0.03533
2258.55657,0.03544
2256.62783,0.03561
2254.69909,0.03553
2252.77035,0.03533
2250.84161,0.03531
2248.91286,0.03541
2246.98412,0.03535
2245.05538,0.03519
2243.12664,0.03521
2241.19790,0.03535
2239.26916,0.03543
2237.34041,0.03532
2235.41167,0.03524
2233.48293,0.03538
2231.55419,0.03545
2229.62545,0.03528
2227.69671,0.03514
2225.76796,0.03513
2223.83922,0.03501
2221.91048,0.03476
2219.98174,0.03462
2218.05300,0.03476
2216.12426,0.03499
2214.19551,0.03514
2212.26677,0.03514
2210.33803,0.03498
2208.40929,0.03494
2206.48055,0.03511
2204.55180,0.03515
2202.62306,0.03492
2200.69432,0.03469
2198.76558,0.03468
2196.83684,0.03474
2194.90810,0.03487
2192.97935,0.03519
2191.05061,0.03538
2189.12187,0.03517
2187.19313,0.03497
2185.26439,0.03492
2183.33565,0.03462
2181.40690,0.03425
2179.47816,0.03445
2177.54942,0.03487
2175.62068,0.03484
2173.69194,0.03458
2171.76320,0.03470
2169.83445,0.03510
2167.90571,0.03514
2165.97697,0.03502
2164.04823,0.03527
2162.11949,0.03546
2160.19074,0.03471
2158.26200,0.03311
2156.33326,0.03213
2154.40452,0.03235
2152.47578,0.03283
2150.54704,0.03311
2148.61829,0.03333
2146.68955,0.03367
2144.76081,0.03402
2142.83207,0.03406
2140.90333,0.03390
2138.97459,0.03391
2137.04584,0.03392
2135.11710,0.03356
2133.18836,0.03311
2131.25962,0.03303
2129.33088,0.03327
2127.40214,0.03346
2125.47339,0.03351
2123.54465,0.03360
2121.61591,0.03381
2119.68717,0.03403
2117.75843,0.03420
2115.82969,0.03432
2113.90094,0.03445
2111.97220,0.03458
2110.04346,0.03457
2108.11472,0.03446
2106.18598,0.03453
2104.25723,0.03466
2102.32849,0.03456
2100.39975,0.03435
2098.47101,0.03424
2096.54227,0.03405
2094.61353,0.03371
2092.68478,0.03355
2090.75604,0.03370
2088.82730,0.03399
2086.89856,0.03420
2084.96982,0.03422
2083.04108,0.03425
2081.11233,0.03442
2079.18359,0.03460
2077.25485,0.03466
2075.32611,0.03456
2073.39737,0.03434
2071.46863,0.03416
2069.53988,0.03407
2067.61114,0.03405
2065.68240,0.03435
2063.75366,0.03477
2061.82492,0.03463
2059.89617,0.03404
2057.96743,0.03363
2056.03869,0.03354
2054.10995,0.03375
2052.18121,0.03436
2050.25247,0.03497
2048.32372,0.03494
2046.39498,0.03431
2044.46624,0.03384
2042.53750,0.03383
2040.60876,0.03391
2038.68002,0.03406
2036.75127,0.03441
2034.82253,0.03445
2032.89379,0.03376
2030.96505,0.03280
2029.03631,0.03219
2027.10757,0.03188
2025.17882,0.03182
2023.25008,0.03225
2021.32134,0.03286
2019.39260,0.03307
2017.46386,0.03302
2015.53511,0.03330
2013.60637,0.03385
2011.67763,0.03387
2009.74889,0.03304
2007.82015,0.03215
2005.89141,0.03207
2003.96266,0.03242
2002.03392,0.03241
2000.10518,0.03215
1998.17644,0.03202
1996.24770,0.03206
1994.31896,0.03236
1992.39021,0.03288
1990.46147,0.03310
1988.53273,0.03290
1986.60399,0.03291
1984.67525,0.03343
1982.74651,0.03398
1980.81776,0.03414
1978.88902,0.03389
1976.96028,0.03330
1975.03154,0.03254
1973.10280,0.03199
1971.17405,0.03187
1969.24531,0.03191
1967.31657,0.03179
1965.38783,0.03166
1963.45909,0.03185
1961.53035,0.03215
1959.60160,0.03211
1957.67286,0.03179
1955.74412,0.03165
1953.81538,0.03193
1951.88664,0.03226
1949.95790,0.03231
1948.02915,0.03245
1946.10041,0.03280
1944.17167,0.03287
1942.24293,0.03254
1940.31419,0.03219
1938.38545,0.03203
1936.45670,0.03199
1934.52796,0.03181
1932.59922,0.03138
1930.67048,0.03097
1928.74174,0.03085
1926.81299,0.03094
1924.88425,0.03104
1922.95551,0.03098
1921.02677,0.03084
1919.09803,0.03067
1917.16929,0.03042
1915.24054,0.03028
1913.31180,0.03027
1911.38306,0.03018
1909.45432,0.03006
1907.52558,0.03004
1905.59684,0.03003
1903.66809,0.02982
1901.73935,0.02948
1899.81061,0.02936
1897.88187,0.02941
1895.95313,0.02935
1894.02439,0.02928
1892.09564,0.02931
1890.16690,0.02934
1888.23816,0.02933
1886.30942,0.02923
1884.38068,0.02905
1882.45193,0.02892
1880.52319,0.02884
1878.59445,0.02869
1876.66571,0.02855
1874.73697,0.02846
1872.80823,0.02837
1870.87948,0.02835
1868.95074,0.02837
1867.02200,0.02831
1865.09326,0.02819
1863.16452,0.02800
1861.23578,0.02773
1859.30703,0.02751
1857.37829,0.02748
1855.44955,0.02751
1853.52081,0.02744
1851.59207,0.02726
1849.66333,0.02716
1847.73458,0.02727
1845.80584,0.02739
1843.87710,0.02749
1841.94836,0.02768
1840.01962,0.02783
1838.09087,0.02772
1836.16213,0.02743
1834.23339,0.02727
1832.30465,0.02738
1830.37591,0.02746
1828.44717,0.02739
1826.51842,0.02734
1824.58968,0.02734
1822.66094,0.02728
1820.73220,0.02720
1818.80346,0.02706
1816.87472,0.02682
1814.94597,0.02661
1813.01723,0.02651
1811.08849,0.02641
1809.15975,0.02628
1807.23101,0.02623
1805.30227,0.02621
1803.37352,0.02608
1801.44478,0.02589
1799.51604,0.02577
1797.58730,0.02575
1795.65856,0.02571
1793.72982,0.02556
1791.80107,0.02531
1789.87233,0.02507
1787.94359,0.02498
1786.01485,0.02493
1784.08611,0.02478
1782.15736,0.02461
1780.22862,0.02438
1778.29988,0.02407
1776.37114,0.02389
1774.44240,0.02386
1772.51366,0.02381
1770.58491,0.02364
1768.65617,0.02344
1766.72743,0.02328
1764.79869,0.02325
1762.86995,0.02335
1760.94121,0.02345
1759.01246,0.02352
1757.08372,0.02356
1755.15498,0.02369
1753.22624,0.02420
1751.29750,0.02518
1749.36876,0.02654
1747.44001,0.02827
1745.51127,0.03070
1743.58253,0.03394
1741.65379,0.03788
1739.72505,0.04237
1737.79630,0.04673
1735.86756,0.05107
1733.93882,0.05644
1732.01008,0.06178
1730.08134,0.06623
1728.15260,0.07058
1726.22385,0.07491
1724.29511,0.07921
1722.36637,0.08344
1720.43763,0.08757
1718.50889,0.09215
1716.58015,0.09670
1714.65140,0.09949
1712.72266,0.10053
1710.79392,0.10036
1708.86518,0.09912
1706.93644,0.09666
1705.00770,0.09319
1703.07895,0.08977
1701.15021,0.08604
1699.22147,0.08171
1697.29273,0.07809
1695.36399,0.07484
1693.43524,0.07215
1691.50650,0.07019
1689.57776,0.06841
1687.64902,0.06699
1685.72028,0.06590
1683.79154,0.06462
1681.86279,0.06341
1679.93405,0.06249
1678.00531,0.06163
1676.07657,0.06066
1674.14783,0.05962
1672.21909,0.05883
1670.29034,0.05810
1668.36160,0.05711
1666.43286,0.05620
1664.50412,0.05546
1662.57538,0.05462
1660.64664,0.05374
1658.71789,0.05307
1656.78915,0.05273
1654.86041,0.05254
1652.93167,0.05192
1651.00293,0.05108
1649.07418,0.05064
1647.14544,0.05024
1645.21670,0.04968
1643.28796,0.04918
1641.35922,0.04879
1639.43048,0.04859
1637.50173,0.04856
1635.57299,0.04830
1633.64425,0.04769
1631.71551,0.04717
1629.78677,0.04676
1627.85803,0.04633
1625.92928,0.04592
1624.00054,0.04545
1622.07180,0.04495
1620.14306,0.04473
1618.21432,0.04477
1616.28558,0.04467
1614.35683,0.04432
1612.42809,0.04391
1610.49935,0.04346
1608.57061,0.04296
1606.64187,0.04241
1604.71312,0.04183
1602.78438,0.04130
1600.85564,0.04083
1598.92690,0.04036
1596.99816,0.03989
1595.06942,0.03945
1593.14067,0.03910
1591.21193,0.03887
1589.28319,0.03873
1587.35445,0.03865
1585.42571,0.03865
1583.49697,0.03883
1581.56822,0.03936
1579.63948,0.04007
1577.71074,0.04057
1575.78200,0.04031
1573.85326,0.03949
1571.92452,0.03872
1569.99577,0.03794
1568.06703,0.03719
1566.13829,0.03673
1564.20955,0.03648
1562.28081,0.03647
1560.35206,0.03657
1558.42332,0.03615
1556.49458,0.03541
1554.56584,0.03495
1552.63710,0.03463
1550.70836,0.03433
1548.77961,0.03407
1546.85087,0.03397
1544.92213,0.03397
1542.99339,0.03391
1541.06465,0.03380
1539.13591,0.03349
1537.20716,0.03314
1535.27842,0.03296
1533.34968,0.03283
1531.42094,0.03269
1529.49220,0.03262
1527.56346,0.03258
1525.63471,0.03254
1523.70597,0.03253
1521.77723,0.03240
1519.84849,0.03208
1517.91975,0.03174
1515.99100,0.03143
1514.06226,0.03133
1512.13352,0.03174
1510.20478,0.03297
1508.27604,0.03542
1506.34730,0.03842
1504.41855,0.03927
1502.48981,0.03811
1500.56107,0.03624
1498.63233,0.03431
1496.70359,0.03266
1494.77485,0.03154
1492.84610,0.03108
1490.91736,0.03110
1488.98862,0.03145
1487.05988,0.03207
1485.13114,0.03296
1483.20240,0.03412
1481.27365,0.03538
1479.34491,0.03653
1477.41617,0.03764
1475.48743,0.03895
1473.55869,0.04048
1471.62995,0.04165
1469.70120,0.04187
1467.77246,0.04162
1465.84372,0.04155
1463.91498,0.04201
1461.98624,0.04289
1460.05749,0.04398
1458.12875,0.04524
1456.20001,0.04614
1454.27127,0.04639
1452.34253,0.04647
1450.41379,0.04648
1448.48504,0.04630
1446.55630,0.04594
1444.62756,0.04560
1442.69882,0.04542
1440.77008,0.04544
1438.84134,0.04566
1436.91259,0.04595
1434.98385,0.04622
1433.05511,0.04648
1431.12637,0.04670
1429.19763,0.04673
1427.26889,0.04651
1425.34014,0.04609
1423.41140,0.04561
1421.48266,0.04536
1419.55392,0.04570
1417.62518,0.04711
1415.69643,0.04995
1413.76769,0.05427
1411.83895,0.05939
1409.91021,0.06347
1407.98147,0.06486
1406.05273,0.06339
1404.12398,0.06006
1402.19524,0.05646
1400.26650,0.05331
1398.33776,0.05060
1396.40902,0.04841
1394.48028,0.04674
1392.55153,0.04569
1390.62279,0.04526
1388.69405,0.04523
1386.76531,0.04548
1384.83657,0.04603
1382.90783,0.04684
1380.97908,0.04781
1379.05034,0.04895
1377.12160,0.05036
1375.19286,0.05206
1373.26412,0.05381
1371.33537,0.05505
1369.40663,0.05538
1367.47789,0.05485
1365.54915,0.05396
1363.62041,0.05313
1361.69167,0.05237
1359.76292,0.05170
1357.83418,0.05117
1355.90544,0.05086
1353.97670,0.05077
1352.04796,0.05104
1350.11922,0.05215
1348.19047,0.05478
1346.26173,0.05927
1344.33299,0.06524
1342.40425,0.07156
1340.47551,0.07668
1338.54677,0.07895
1336.61802,0.07780
1334.68928,0.07405
1332.76054,0.06890
1330.83180,0.06357
1328.90306,0.05916
1326.97431,0.05628
1325.04557,0.05505
1323.11683,0.05519
1321.18809,0.05632
1319.25935,0.05807
1317.33061,0.05998
1315.40186,0.06151
1313.47312,0.06231
1311.54438,0.06245
1309.61564,0.06220
1307.68690,0.06169
1305.75816,0.06104
1303.82941,0.06054
1301.90067,0.06046
1299.97193,0.06092
1298.04319,0.06192
1296.11445,0.06347
1294.18571,0.06547
1292.25696,0.06767
1290.32822,0.06986
1288.39948,0.07212
1286.47074,0.07460
1284.54200,0.07728
1282.61325,0.08001
1280.68451,0.08262
1278.75577,0.08488
1276.82703,0.08687
1274.89829,0.08882
1272.96955,0.09081
1271.04080,0.09290
1269.11206,0.09517
1267.18332,0.09763
1265.25458,0.10018
1263.32584,0.10255
1261.39710,0.10450
1259.46835,0.10592
1257.53961,0.10698
1255.61087,0.10804
1253.68213,0.10946
1251.75339,0.11135
1249.82465,0.11353
1247.89590,0.11568
1245.96716,0.11741
1244.03842,0.11855
1242.10968,0.11919
1240.18094,0.11938
1238.25219,0.11889
1236.32345,0.11756
1234.39471,0.11526
1232.46597,0.11214
1230.53723,0.10859
1228.60849,0.10504
1226.67974,0.10172
1224.75100,0.09867
1222.82226,0.09579
1220.89352,0.09294
1218.96478,0.09006
1217.03604,0.08728
1215.10729,0.08490
1213.17855,0.08322
1211.24981,0.08246
1209.32107,0.08242
1207.39233,0.08243
1205.46359,0.08182
1203.53484,0.08037
1201.60610,0.07825
1199.67736,0.07574
1197.74862,0.07305
1195.81988,0.07029
1193.89113,0.06760
1191.96239,0.06505
1190.03365,0.06274
1188.10491,0.06094
1186.17617,0.05985
1184.24743,0.05934
1182.31868,0.05923
1180.38994,0.05965
1178.46120,0.06058
1176.53246,0.06181
1174.60372,0.06327
1172.67498,0.06498
1170.74623,0.06693
1168.81749,0.06921
1166.88875,0.07182
1164.96001,0.07443
1163.03127,0.07652
1161.10253,0.07758
1159.17378,0.07752
1157.24504,0.07670
1155.31630,0.07568
1153.38756,0.07481
1151.45882,0.07406
1149.53007,0.07342
1147.60133,0.07293
1145.67259,0.07257
1143.74385,0.07236
1141.81511,0.07266
1139.88637,0.07396
1137.95762,0.07662
1136.02888,0.08073
1134.10014,0.08602
1132.17140,0.09204
1130.24266,0.09839
1128.31392,0.10494
1126.38517,0.11160
1124.45643,0.11792
1122.52769,0.12329
1120.59895,0.12784
1118.67021,0.13231
1116.74147,0.13713
1114.81272,0.14224
1112.88398,0.14713
1110.95524,0.15121
1109.02650,0.15440
1107.09776,0.15724
1105.16902,0.16007
1103.24027,0.16256
1101.31153,0.16423
1099.38279,0.16476
1097.45405,0.16422
1095.52531,0.16305
1093.59656,0.16160
1091.66782,0.15997
1089.73908,0.15825
1087.81034,0.15670
1085.88160,0.15540
1083.95286,0.15416
1082.02411,0.15309
1080.09537,0.15242
1078.16663,0.15188
1076.23789,0.15104
1074.30915,0.14983
1072.38041,0.14878
1070.45166,0.14864
1068.52292,0.14968
1066.59418,0.15195
1064.66544,0.15542
1062.73670,0.15965
1060.80796,0.16380
1058.87921,0.16711
1056.95047,0.16933
1055.02173,0.17055
1053.09299,0.17085
1051.16425,0.17018
1049.23550,0.16855
1047.30676,0.16629
1045.37802,0.16400
1043.44928,0.16208
1041.52054,0.16089
1039.59180,0.16086
1037.66305,0.16218
1035.73431,0.16430
1033.80557,0.16612
1031.87683,0.16681
1029.94809,0.16663
1028.01935,0.16702
1026.09060,0.16958
1024.16186,0.17433
1022.23312,0.17993
1020.30438,0.18518
1018.37564,0.18911
1016.44690,0.19043
1014.51815,0.18836
1012.58941,0.18382
1010.66067,0.17891
1008.73193,0.17508
1006.80319,0.17240
1004.87444,0.17047
1002.94570,0.16914
1001.01696,0.16816
999.08822,0.16715
997.15948,0.16575
995.23074,0.16396
993.30199,0.16210
991.37325,0.16054
989.44451,0.15961
987.51577,0.15964
985.58703,0.16044
983.65829,0.16102
981.72954,0.16043
979.80080,0.15867
977.87206,0.15642
975.94332,0.15426
974.01458,0.15243
972.08584,0.15090
970.15709,0.14930
968.22835,0.14730
966.29961,0.14493
964.37087,0.14217
962.44213,0.13911
960.51338,0.13618
958.58464,0.13346
956.65590,0.13080
954.72716,0.12822
952.79842,0.12580
950.86968,0.12356
948.94093,0.12148
947.01219,0.11956
945.08345,0.11778
943.15471,0.11606
941.22597,0.11426
939.29723,0.11247
937.36848,0.11094
935.43974,0.10972
933.51100,0.10873
931.58226,0.10784
929.65352,0.10688
927.72478,0.10580
925.79603,0.10461
923.86729,0.10336
921.93855,0.10218
920.00981,0.10125
918.08107,0.10052
916.15232,0.09992
914.22358,0.09961
912.29484,0.09961
910.36610,0.09975
908.43736,0.10000
906.50862,0.10042
904.57987,0.10099
902.65113,0.10163
900.72239,0.10222
898.79365,0.10263
896.86491,0.10275
894.93617,0.10236
893.00742,0.10153
891.07868,0.10049
889.14994,0.09940
887.22120,0.09854
885.29246,0.09811
883.36372,0.09822
881.43497,0.09905
879.50623,0.10077
877.57749,0.10361
875.64875,0.10809
873.72001,0.11384
871.79126,0.11770
869.86252,0.11665
867.93378,0.11205
866.00504,0.10726
864.07630,0.10371
862.14756,0.10131
860.21881,0.09990
858.29007,0.09927
856.36133,0.09917
854.43259,0.09939
852.50385,0.09984
850.57511,0.10068
848.64636,0.10173
846.71762,0.10231
844.78888,0.10202
842.86014,0.10102
840.93140,0.09964
839.00266,0.09806
837.07391,0.09644
835.14517,0.09511
833.21643,0.09410
831.28769,0.09305
829.35895,0.09178
827.43020,0.09061
825.50146,0.08974
823.57272,0.08907
821.64398,0.08861
819.71524,0.08832
817.78650,0.08790
815.85775,0.08740
813.92901,0.08697
812.00027,0.08653
810.07153,0.08620
808.14279,0.08612
806.21405,0.08604
804.28530,0.08566
802.35656,0.08512
800.42782,0.08479
798.49908,0.08508
796.57034,0.08631
794.64160,0.08803
792.71285,0.08914
790.78411,0.08905
788.85537,0.08801
786.92663,0.08655
784.99789,0.08509
783.06915,0.08388
781.14040,0.08296
779.21166,0.08210
777.28292,0.08111
775.35418,0.08031
773.42544,0.07988
771.49669,0.07940
769.56795,0.07864
767.63921,0.07779
765.71047,0.07696
763.78173,0.07621
761.85299,0.07556
759.92424,0.07496
757.99550,0.07420
756.06676,0.07325
754.13802,0.07240
752.20928,0.07175
750.28054,0.07113
748.35179,0.07056
746.42305,0.07026
744.49431,0.07049
742.56557,0.07184
740.63683,0.07528
738.70809,0.08159
736.77934,0.09090
734.85060,0.10248
732.92186,0.11525
730.99312,0.12851
729.06438,0.14200
727.13563,0.15545
725.20689,0.16725
723.27815,0.17495
721.34941,0.17775
719.42067,0.17681
717.49193,0.17380
715.56318,0.17018
713.63444,0.16692
711.70570,0.16407
709.77696,0.16141
707.84822,0.15915
705.91948,0.15741
703.99073,0.15584
702.06199,0.15413
700.13325,0.15222
698.20451,0.15023
696.27577,0.14853
694.34703,0.14709
692.41828,0.14550
690.48954,0.14391
688.56080,0.14239
686.63206,0.14086
684.70332,0.13990
682.77457,0.13976
680.84583,0.14013
678.91709,0.14099
676.98835,0.14249
675.05961,0.14420
673.13087,0.14555
671.20212,0.14683
669.27338,0.14861
667.34464,0.15036
665.41590,0.15110
663.48716,0.15136
661.55842,0.15114
659.62967,0.15010
657.70093,0.14868
655.77219,0.14741
653.84345,0.14621
651.91471,0.14499
649.98597,0.14399
648.05722,0.14368
646.12848,0.14417
644.19974,0.14465
642.27100,0.14445
640.34226,0.14381
638.41351,0.14348
636.48477,0.14388
634.55603,0.14518
632.62729,0.14692
630.69855,0.14823
628.76981,0.14968
626.84106,0.15173
624.91232,0.15317
622.98358,0.15367
621.05484,0.15419
619.12610,0.15407
617.19736,0.15317
615.26861,0.15348
613.33987,0.15399
611.41113,0.15350
609.48239,0.15422
607.55365,0.15604
605.62491,0.15691
603.69616,0.15708
601.76742,0.15813
599.83868,0.15937
