12493.60475,0.13007
12489.74751,0.12736
12485.89027,0.12349
12482.03303,0.12172
12478.17579,0.12292
12474.31855,0.12515
12470.46130,0.12685
12466.60406,0.12684
12462.74682,0.12660
12458.88958,0.12730
12455.03234,0.12709
12451.17510,0.12575
12447.31786,0.12624
12443.46062,0.12822
12439.60337,0.12774
12435.74613,0.12537
12431.88889,0.12297
12428.03165,0.12049
12424.17441,0.11974
12420.31717,0.12157
12416.45993,0.12531
12412.60268,0.12938
12408.74544,0.12950
12404.88820,0.12616
12401.03096,0.12645
12397.17372,0.13120
12393.31648,0.13318
12389.45924,0.13014
12385.60199,0.12786
12381.74475,0.12914
12377.88751,0.13019
12374.03027,0.12918
12370.17303,0.12723
12366.31579,0.12550
12362.45855,0.12524
12358.60131,0.12493
12354.74406,0.12354
12350.88682,0.12288
12347.02958,0.12323
12343.17234,0.12397
12339.31510,0.12489
12335.45786,0.12543
12331.60062,0.12529
12327.74337,0.12531
12323.88613,0.12693
12320.02889,0.12862
12316.17165,0.12676
12312.31441,0.12302
12308.45717,0.12283
12304.59993,0.12597
12300.74268,0.12836
12296.88544,0.12860
12293.02820,0.12697
12289.17096,0.12516
12285.31372,0.12546
12281.45648,0.12702
12277.59924,0.12733
12273.74200,0.12596
12269.88475,0.12453
12266.02751,0.12424
12262.17027,0.12492
12258.31303,0.12591
12254.45579,0.12676
12250.59855,0.12775
12246.74131,0.12839
12242.88406,0.12814
12239.02682,0.12834
12235.16958,0.12909
12231.31234,0.12894
12227.45510,0.12703
12223.59786,0.12386
12219.74062,0.12201
12215.88338,0.12229
12212.02613,0.12307
12208.16889,0.12333
12204.31165,0.12263
12200.45441,0.12151
12196.59717,0.12155
12192.73993,0.12352
12188.88269,0.12548
12185.02544,0.12485
12181.16820,0.12230
12177.31096,0.12066
12173.45372,0.12148
12169.59648,0.12357
12165.73924,0.12452
12161.88200,0.12387
12158.02475,0.12287
12154.16751,0.12296
12150.31027,0.12373
12146.45303,0.12290
12142.59579,0.12235
12138.73855,0.12397
12134.88131,0.12395
12131.02407,0.12184
12127.16682,0.12067
12123.30958,0.12092
12119.45234,0.12239
12115.59510,0.12371
12111.73786,0.12343
12107.88062,0.12244
12104.02338,0.12242
12100.16613,0.12380
12096.30889,0.12520
12092.45165,0.12523
12088.59441,0.12361
12084.73717,0.12213
12080.87993,0.12320
12077.02269,0.12578
12073.16544,0.12660
12069.30820,0.12452
12065.45096,0.12105
12061.59372,0.11822
12057.73648,0.11678
12053.87924,0.11695
12050.02200,0.11895
12046.16476,0.12116
12042.30751,0.12205
12038.45027,0.12286
12034.59303,0.12450
12030.73579,0.12655
12026.87855,0.12810
12023.02131,0.12753
12019.16407,0.12547
12015.30682,0.12461
12011.44958,0.12601
12007.59234,0.12826
12003.73510,0.12873
11999.87786,0.12751
11996.02062,0.12743
11992.16338,0.12845
11988.30614,0.12799
11984.44889,0.12612
11980.59165,0.12475
11976.73441,0.12452
11972.87717,0.12471
11969.01993,0.12448
11965.16269,0.12397
11961.30545,0.12403
11957.44820,0.12391
11953.59096,0.12223
11949.73372,0.12038
11945.87648,0.12084
11942.01924,0.12346
11938.16200,0.12585
11934.30476,0.12635
11930.44751,0.12548
11926.59027,0.12486
11922.73303,0.12572
11918.87579,0.12735
11915.01855,0.12812
11911.16131,0.12760
11907.30407,0.12643
11903.44683,0.12575
11899.58958,0.12597
11895.73234,0.12718
11891.87510,0.12887
11888.01786,0.12954
11884.16062,0.12993
11880.30338,0.13034
11876.44614,0.12975
11872.58889,0.12861
11868.73165,0.12683
11864.87441,0.12565
11861.01717,0.12581
11857.15993,0.12554
11853.30269,0.12613
11849.44545,0.12870
11845.58820,0.13093
11841.73096,0.13227
11837.87372,0.13319
11834.01648,0.13282
11830.15924,0.13179
11826.30200,0.13120
11822.44476,0.12995
11818.58752,0.12841
11814.73027,0.12855
11810.87303,0.12965
11807.01579,0.13068
11803.15855,0.13167
11799.30131,0.13228
11795.44407,0.13301
11791.58683,0.13374
11787.72958,0.13262
11783.87234,0.12989
11780.01510,0.12837
11776.15786,0.12947
11772.30062,0.13085
11768.44338,0.13014
11764.58614,0.12894
11760.72890,0.12928
11756.87165,0.13032
11753.01441,0.13083
11749.15717,0.13091
11745.29993,0.13096
11741.44269,0.13036
11737.58545,0.12901
11733.72821,0.12920
11729.87096,0.13245
11726.01372,0.13591
11722.15648,0.13660
11718.29924,0.13556
11714.44200,0.13437
11710.58476,0.13344
11706.72752,0.13250
11702.87027,0.13166
11699.01303,0.13263
11695.15579,0.13487
11691.29855,0.13549
11687.44131,0.13520
11683.58407,0.13560
11679.72683,0.13541
11675.86959,0.13405
11672.01234,0.13191
11668.15510,0.12999
11664.29786,0.13034
11660.44062,0.13220
11656.58338,0.13274
11652.72614,0.13209
11648.86890,0.13176
11645.01165,0.13125
11641.15441,0.13067
11637.29717,0.13167
11633.43993,0.13262
11629.58269,0.13063
11625.72545,0.12824
11621.86821,0.12959
11618.01096,0.13260
11614.15372,0.13248
11610.29648,0.12976
11606.43924,0.12870
11602.58200,0.13057
11598.72476,0.13253
11594.86752,0.13223
11591.01028,0.13093
11587.15303,0.13102
11583.29579,0.13204
11579.43855,0.13149
11575.58131,0.12991
11571.72407,0.12991
11567.86683,0.13110
11564.00959,0.13146
11560.15234,0.13132
11556.29510,0.13254
11552.43786,0.13434
11548.58062,0.13395
11544.72338,0.13148
11540.86614,0.13027
11537.00890,0.13224
11533.15166,0.13453
11529.29441,0.13321
11525.43717,0.12991
11521.57993,0.13041
11517.72269,0.13501
11513.86545,0.13769
11510.00821,0.13569
11506.15097,0.13239
11502.29372,0.13125
11498.43648,0.13116
11494.57924,0.13024
11490.72200,0.13007
11486.86476,0.13180
11483.00752,0.13288
11479.15028,0.13121
11475.29303,0.12903
11471.43579,0.12942
11467.57855,0.13167
11463.72131,0.13234
11459.86407,0.12980
11456.00683,0.12660
11452.14959,0.12601
11448.29235,0.12757
11444.43510,0.12823
11440.57786,0.12735
11436.72062,0.12706
11432.86338,0.12733
11429.00614,0.12688
11425.14890,0.12604
11421.29166,0.12558
11417.43441,0.12626
11413.57717,0.12814
11409.71993,0.12942
11405.86269,0.12905
11402.00545,0.12877
11398.14821,0.12962
11394.29097,0.13103
11390.43372,0.13222
11386.57648,0.13164
11382.71924,0.12990
11378.86200,0.12904
11375.00476,0.12830
11371.14752,0.12707
11367.29028,0.12705
11363.43304,0.12853
11359.57579,0.12961
11355.71855,0.12924
11351.86131,0.12851
11348.00407,0.12845
11344.14683,0.12852
11340.28959,0.12831
11336.43235,0.12833
11332.57510,0.12847
11328.71786,0.12844
11324.86062,0.12855
11321.00338,0.12869
11317.14614,0.12773
11313.28890,0.12541
11309.43166,0.12366
11305.57442,0.12390
11301.71717,0.12543
11297.85993,0.12706
11294.00269,0.12782
11290.14545,0.12782
11286.28821,0.12841
11282.43097,0.12992
11278.57373,0.13147
11274.71648,0.13255
11270.85924,0.13243
11267.00200,0.13124
11263.14476,0.13086
11259.28752,0.13136
11255.43028,0.13076
11251.57304,0.12932
11247.71579,0.12853
11243.85855,0.12787
11240.00131,0.12703
11236.14407,0.12718
11232.28683,0.12767
11228.42959,0.12705
11224.57235,0.12611
11220.71511,0.12592
11216.85786,0.12661
11213.00062,0.12803
11209.14338,0.12920
11205.28614,0.12916
11201.42890,0.12832
11197.57166,0.12810
11193.71442,0.12886
11189.85717,0.12952
11185.99993,0.12964
11182.14269,0.12989
11178.28545,0.13050
11174.42821,0.13045
11170.57097,0.12953
11166.71373,0.12876
11162.85648,0.12784
11158.99924,0.12712
11155.14200,0.12746
11151.28476,0.12753
11147.42752,0.12714
11143.57028,0.12765
11139.71304,0.12840
11135.85580,0.12819
11131.99855,0.12768
11128.14131,0.12811
11124.28407,0.12922
11120.42683,0.12974
11116.56959,0.12954
11112.71235,0.12956
11108.85511,0.12970
11104.99786,0.12929
11101.14062,0.12869
11097.28338,0.12838
11093.42614,0.12854
11089.56890,0.12895
11085.71166,0.12906
11081.85442,0.12921
11077.99718,0.12956
11074.13993,0.12930
11070.28269,0.12891
11066.42545,0.12926
11062.56821,0.12919
11058.71097,0.12796
11054.85373,0.12695
11050.99649,0.12693
11047.13924,0.12708
11043.28200,0.12697
11039.42476,0.12714
11035.56752,0.12769
11031.71028,0.12850
11027.85304,0.12945
11023.99580,0.13015
11020.13855,0.13028
11016.28131,0.12978
11012.42407,0.12929
11008.56683,0.12944
11004.70959,0.12964
11000.85235,0.12937
10996.99511,0.12928
10993.13787,0.12994
10989.28062,0.13036
10985.42338,0.12955
10981.56614,0.12843
10977.70890,0.12821
10973.85166,0.12850
10969.99442,0.12852
10966.13718,0.12795
10962.27993,0.12743
10958.42269,0.12793
10954.56545,0.12860
10950.70821,0.12839
10946.85097,0.12759
10942.99373,0.12703
10939.13649,0.12738
10935.27924,0.12786
10931.42200,0.12825
10927.56476,0.12956
10923.70752,0.13051
10919.85028,0.12922
10915.99304,0.12732
10912.13580,0.12676
10908.27856,0.12665
10904.42131,0.12655
10900.56407,0.12725
10896.70683,0.12804
10892.84959,0.12798
10888.99235,0.12761
10885.13511,0.12774
10881.27787,0.12824
10877.42062,0.12842
10873.56338,0.12818
10869.70614,0.12800
10865.84890,0.12805
10861.99166,0.12794
10858.13442,0.12722
10854.27718,0.12646
10850.41993,0.12637
10846.56269,0.12638
10842.70545,0.12608
10838.84821,0.12599
10834.99097,0.12604
10831.13373,0.12615
10827.27649,0.12665
10823.41925,0.12684
10819.56200,0.12588
10815.70476,0.12433
10811.84752,0.12348
10807.99028,0.12415
10804.13304,0.12557
10800.27580,0.12600
10796.41856,0.12537
10792.56131,0.12514
10788.70407,0.12556
10784.84683,0.12579
10780.98959,0.12592
10777.13235,0.12617
10773.27511,0.12630
10769.41787,0.12622
10765.56063,0.12601
10761.70338,0.12603
10757.84614,0.12636
10753.98890,0.12650
10750.13166,0.12641
10746.27442,0.12622
10742.41718,0.12597
10738.55994,0.12589
10734.70269,0.12615
10730.84545,0.12674
10726.98821,0.12734
10723.13097,0.12702
10719.27373,0.12585
10715.41649,0.12549
10711.55925,0.12611
10707.70200,0.12659
10703.84476,0.12677
10699.98752,0.12656
10696.13028,0.12607
10692.27304,0.12616
10688.41580,0.12656
10684.55856,0.12651
10680.70132,0.12659
10676.84407,0.12697
10672.98683,0.12686
10669.12959,0.12634
10665.27235,0.12594
10661.41511,0.12595
10657.55787,0.12644
10653.70063,0.12664
10649.84338,0.12604
10645.98614,0.12541
10642.12890,0.12508
10638.27166,0.12443
10634.41442,0.12349
10630.55718,0.12334
10626.69994,0.12465
10622.84269,0.12620
10618.98545,0.12632
10615.12821,0.12554
10611.27097,0.12511
10607.41373,0.12488
10603.55649,0.12465
10599.69925,0.12458
10595.84201,0.12443
10591.98476,0.12429
10588.12752,0.12471
10584.27028,0.12525
10580.41304,0.12491
10576.55580,0.12421
10572.69856,0.12433
10568.84132,0.12488
10564.98407,0.12479
10561.12683,0.12382
10557.26959,0.12266
10553.41235,0.12216
10549.55511,0.12255
10545.69787,0.12315
10541.84063,0.12300
10537.98339,0.12216
10534.12614,0.12171
10530.26890,0.12230
10526.41166,0.12310
10522.55442,0.12304
10518.69718,0.12265
10514.83994,0.12267
10510.98270,0.12283
10507.12545,0.12282
10503.26821,0.12265
10499.41097,0.12262
10495.55373,0.12325
10491.69649,0.12416
10487.83925,0.12425
10483.98201,0.12356
10480.12476,0.12265
10476.26752,0.12204
10472.41028,0.12218
10468.55304,0.12235
10464.69580,0.12193
10460.83856,0.12147
10456.98132,0.12141
10453.12408,0.12154
10449.26683,0.12148
10445.40959,0.12144
10441.55235,0.12179
10437.69511,0.12217
10433.83787,0.12205
10429.98063,0.12138
10426.12339,0.12061
10422.26614,0.12072
10418.40890,0.12187
10414.55166,0.12310
10410.69442,0.12371
10406.83718,0.12353
10402.97994,0.12296
10399.12270,0.12265
10395.26545,0.12260
10391.40821,0.12274
10387.55097,0.12273
10383.69373,0.12222
10379.83649,0.12149
10375.97925,0.12112
10372.12201,0.12133
10368.26477,0.12180
10364.40752,0.12232
10360.55028,0.12276
10356.69304,0.12291
10352.83580,0.12300
10348.97856,0.12327
10345.12132,0.12352
10341.26408,0.12328
10337.40683,0.12265
10333.54959,0.12246
10329.69235,0.12271
10325.83511,0.12296
10321.97787,0.12339
10318.12063,0.12373
10314.26339,0.12358
10310.40615,0.12362
10306.54890,0.12403
10302.69166,0.12412
10298.83442,0.12369
10294.97718,0.12300
10291.11994,0.12243
10287.26270,0.12247
10283.40546,0.12298
10279.54821,0.12333
10275.69097,0.12361
10271.83373,0.12417
10267.97649,0.12446
10264.11925,0.12403
10260.26201,0.12321
10256.40477,0.12266
10252.54752,0.12274
10248.69028,0.12288
10244.83304,0.12285
10240.97580,0.12321
10237.11856,0.12367
10233.26132,0.12360
10229.40408,0.12347
10225.54684,0.12388
10221.68959,0.12450
10217.83235,0.12477
10213.97511,0.12460
10210.11787,0.12417
10206.26063,0.12362
10202.40339,0.12339
10198.54615,0.12366
10194.68890,0.12404
10190.83166,0.12439
10186.97442,0.12471
10183.11718,0.12456
10179.25994,0.12395
10175.40270,0.12360
10171.54546,0.12365
10167.68821,0.12382
10163.83097,0.12407
10159.97373,0.12434
10156.11649,0.12460
10152.25925,0.12497
10148.40201,0.12534
10144.54477,0.12534
10140.68753,0.12508
10136.83028,0.12510
10132.97304,0.12533
10129.11580,0.12540
10125.25856,0.12545
10121.40132,0.12546
10117.54408,0.12505
10113.68684,0.12447
10109.82959,0.12462
10105.97235,0.12520
10102.11511,0.12521
10098.25787,0.12492
10094.40063,0.12494
10090.54339,0.12506
10086.68615,0.12513
10082.82891,0.12502
10078.97166,0.12477
10075.11442,0.12485
10071.25718,0.12522
10067.39994,0.12540
10063.54270,0.12539
10059.68546,0.12526
10055.82822,0.12508
10051.97097,0.12520
10048.11373,0.12560
10044.25649,0.12578
10040.39925,0.12566
10036.54201,0.12554
10032.68477,0.12538
10028.82753,0.12527
10024.97028,0.12542
10021.11304,0.12544
10017.25580,0.12511
10013.39856,0.12488
10009.54132,0.12496
10005.68408,0.12522
10001.82684,0.12555
9997.96960,0.12571
9994.11235,0.12561
9990.25511,0.12565
9986.39787,0.12593
9982.54063,0.12606
9978.68339,0.12616
9974.82615,0.12661
9970.96891,0.12696
9967.11166,0.12669
9963.25442,0.12629
9959.39718,0.12626
9955.53994,0.12631
9951.68270,0.12626
9947.82546,0.12614
9943.96822,0.12591
9940.11097,0.12566
9936.25373,0.12551
9932.39649,0.12555
9928.53925,0.12581
9924.68201,0.12595
9920.82477,0.12587
9916.96753,0.12605
9913.11029,0.12639
9909.25304,0.12625
9905.39580,0.12575
9901.53856,0.12546
9897.68132,0.12556
9893.82408,0.12591
9889.96684,0.12622
9886.10960,0.12613
9882.25235,0.12576
9878.39511,0.12566
9874.53787,0.12580
9870.68063,0.12581
9866.82339,0.12583
9862.96615,0.12603
9859.10891,0.12613
9855.25167,0.12601
9851.39442,0.12576
9847.53718,0.12550
9843.67994,0.12544
9839.82270,0.12563
9835.96546,0.12590
9832.10822,0.12602
9828.25098,0.12588
9824.39373,0.12557
9820.53649,0.12529
9816.67925,0.12530
9812.82201,0.12552
9808.96477,0.12550
9805.10753,0.12535
9801.25029,0.12533
9797.39304,0.12539
9793.53580,0.12575
9789.67856,0.12634
9785.82132,0.12648
9781.96408,0.12618
9778.10684,0.12593
9774.24960,0.12578
9770.39236,0.12565
9766.53511,0.12556
9762.67787,0.12561
9758.82063,0.12588
9754.96339,0.12609
9751.10615,0.12602
9747.24891,0.12594
9743.39167,0.12604
9739.53442,0.12595
9735.67718,0.12540
9731.81994,0.12502
9727.96270,0.12528
9724.10546,0.12561
9720.24822,0.12552
9716.39098,0.12532
9712.53373,0.12529
9708.67649,0.12520
9704.81925,0.12504
9700.96201,0.12509
9697.10477,0.12524
9693.24753,0.12521
9689.39029,0.12505
9685.53305,0.12487
9681.67580,0.12479
9677.81856,0.12503
9673.96132,0.12519
9670.10408,0.12476
9666.24684,0.12421
9662.38960,0.12404
9658.53236,0.12413
9654.67511,0.12425
9650.81787,0.12439
9646.96063,0.12453
9643.10339,0.12445
9639.24615,0.12425
9635.38891,0.12420
9631.53167,0.12414
9627.67443,0.12407
9623.81718,0.12419
9619.95994,0.12424
9616.10270,0.12398
9612.24546,0.12366
9608.38822,0.12354
9604.53098,0.12363
9600.67374,0.12389
9596.81649,0.12407
9592.95925,0.12396
9589.10201,0.12376
9585.24477,0.12354
9581.38753,0.12318
9577.53029,0.12309
9573.67305,0.12355
9569.81580,0.12396
9565.95856,0.12385
9562.10132,0.12334
9558.24408,0.12279
9554.38684,0.12264
9550.52960,0.12295
9546.67236,0.12322
9542.81512,0.12317
9538.95787,0.12310
9535.10063,0.12323
9531.24339,0.12335
9527.38615,0.12336
9523.52891,0.12327
9519.67167,0.12305
9515.81443,0.12288
9511.95718,0.12293
9508.09994,0.12308
9504.24270,0.12318
9500.38546,0.12312
9496.52822,0.12307
9492.67098,0.12326
9488.81374,0.12336
9484.95649,0.12320
9481.09925,0.12309
9477.24201,0.12302
9473.38477,0.12297
9469.52753,0.12300
9465.67029,0.12300
9461.81305,0.12293
9457.95581,0.12272
9454.09856,0.12229
9450.24132,0.12196
9446.38408,0.12196
9442.52684,0.12207
9438.66960,0.12220
9434.81236,0.12251
9430.95512,0.12269
9427.09787,0.12245
9423.24063,0.12205
9419.38339,0.12201
9415.52615,0.12217
9411.66891,0.12216
9407.81167,0.12230
9403.95443,0.12264
9400.09719,0.12259
9396.23994,0.12215
9392.38270,0.12194
9388.52546,0.12209
9384.66822,0.12210
9380.81098,0.12201
9376.95374,0.12223
9373.09650,0.12251
9369.23925,0.12246
9365.38201,0.12221
9361.52477,0.12197
9357.66753,0.12192
9353.81029,0.12205
9349.95305,0.12197
9346.09581,0.12164
9342.23856,0.12151
9338.38132,0.12167
9334.52408,0.12180
9330.66684,0.12187
9326.80960,0.12197
9322.95236,0.12197
9319.09512,0.12185
9315.23788,0.12173
9311.38063,0.12156
9307.52339,0.12137
9303.66615,0.12140
9299.80891,0.12160
9295.95167,0.12160
9292.09443,0.12141
9288.23719,0.12121
9284.37994,0.12099
9280.52270,0.12094
9276.66546,0.12128
9272.80822,0.12166
9268.95098,0.12173
9265.09374,0.12166
9261.23650,0.12159
9257.37925,0.12147
9253.52201,0.12149
9249.66477,0.12170
9245.80753,0.12182
9241.95029,0.12165
9238.09305,0.12142
9234.23581,0.12152
9230.37857,0.12165
9226.52132,0.12153
9222.66408,0.12150
9218.80684,0.12172
9214.94960,0.12197
9211.09236,0.12210
9207.23512,0.12203
9203.37788,0.12175
9199.52063,0.12126
9195.66339,0.12088
9191.80615,0.12091
9187.94891,0.12118
9184.09167,0.12139
9180.23443,0.12146
9176.37719,0.12143
9172.51995,0.12137
9168.66270,0.12133
9164.80546,0.12139
9160.94822,0.12150
9157.09098,0.12152
9153.23374,0.12148
9149.37650,0.12160
9145.51926,0.12179
9141.66201,0.12179
9137.80477,0.12175
9133.94753,0.12192
9130.09029,0.12224
9126.23305,0.12254
9122.37581,0.12256
9118.51857,0.12228
9114.66132,0.12215
9110.80408,0.12231
9106.94684,0.12235
9103.08960,0.12222
9099.23236,0.12213
9095.37512,0.12209
9091.51788,0.12209
9087.66064,0.12210
9083.80339,0.12217
9079.94615,0.12242
9076.08891,0.12270
9072.23167,0.12277
9068.37443,0.12264
9064.51719,0.12254
9060.65995,0.12267
9056.80270,0.12297
9052.94546,0.12315
9049.08822,0.12319
9045.23098,0.12331
9041.37374,0.12357
9037.51650,0.12389
9033.65926,0.12415
9029.80201,0.12429
9025.94477,0.12446
9022.08753,0.12480
9018.23029,0.12514
9014.37305,0.12527
9010.51581,0.12544
9006.65857,0.12572
9002.80133,0.12586
8998.94408,0.12588
8995.08684,0.12608
8991.22960,0.12666
8987.37236,0.12730
8983.51512,0.12767
8979.65788,0.12811
8975.80064,0.12875
8971.94339,0.12925
8968.08615,0.12974
8964.22891,0.13037
8960.37167,0.13091
8956.51443,0.13141
8952.65719,0.13205
8948.79995,0.13288
8944.94271,0.13390
8941.08546,0.13480
8937.22822,0.13536
8933.37098,0.13593
8929.51374,0.13681
8925.65650,0.13780
8921.79926,0.13874
8917.94202,0.13962
8914.08477,0.14047
8910.22753,0.14149
8906.37029,0.14280
8902.51305,0.14424
8898.65581,0.14550
8894.79857,0.14656
8890.94133,0.14772
8887.08408,0.14896
8883.22684,0.15005
8879.36960,0.15107
8875.51236,0.15205
8871.65512,0.15296
8867.79788,0.15383
8863.94064,0.15440
8860.08340,0.15453
8856.22615,0.15444
8852.36891,0.15425
8848.51167,0.15394
8844.65443,0.15353
8840.79719,0.15303
8836.93995,0.15242
8833.08271,0.15179
8829.22546,0.15128
8825.36822,0.15076
8821.51098,0.14996
8817.65374,0.14894
8813.79650,0.14786
8809.93926,0.14668
8806.08202,0.14546
8802.22477,0.14432
8798.36753,0.14328
8794.51029,0.14222
8790.65305,0.14106
8786.79581,0.13987
8782.93857,0.13891
8779.08133,0.13827
8775.22409,0.13779
8771.36684,0.13729
8767.50960,0.13671
8763.65236,0.13607
8759.79512,0.13551
8755.93788,0.13519
8752.08064,0.13503
8748.22340,0.13480
8744.36615,0.13453
8740.50891,0.13444
8736.65167,0.13451
8732.79443,0.13458
8728.93719,0.13457
8725.07995,0.13454
8721.22271,0.13463
8717.36547,0.13482
8713.50822,0.13497
8709.65098,0.13504
8705.79374,0.13522
8701.93650,0.13561
8698.07926,0.13606
8694.22202,0.13635
8690.36478,0.13639
8686.50753,0.13635
8682.65029,0.13635
8678.79305,0.13644
8674.93581,0.13667
8671.07857,0.13701
8667.22133,0.13732
8663.36409,0.13756
8659.50684,0.13779
8655.64960,0.13808
8651.79236,0.13849
8647.93512,0.13896
8644.07788,0.13936
8640.22064,0.13962
8636.36340,0.13986
8632.50616,0.14022
8628.64891,0.14063
8624.79167,0.14088
8620.93443,0.14092
8617.07719,0.14101
8613.21995,0.14138
8609.36271,0.14195
8605.50547,0.14246
8601.64822,0.14285
8597.79098,0.14314
8593.93374,0.14330
8590.07650,0.14349
8586.21926,0.14395
8582.36202,0.14452
8578.50478,0.14482
8574.64753,0.14483
8570.79029,0.14483
8566.93305,0.14499
8563.07581,0.14541
8559.21857,0.14591
8555.36133,0.14618
8551.50409,0.14632
8547.64685,0.14658
8543.78960,0.14687
8539.93236,0.14711
8536.07512,0.14729
8532.21788,0.14746
8528.36064,0.14770
8524.50340,0.14799
8520.64616,0.14828
8516.78891,0.14860
8512.93167,0.14889
8509.07443,0.14901
8505.21719,0.14899
8501.35995,0.14893
8497.50271,0.14893
8493.64547,0.14902
8489.78822,0.14917
8485.93098,0.14929
8482.07374,0.14918
8478.21650,0.14904
8474.35926,0.14915
8470.50202,0.14931
8466.64478,0.14932
8462.78754,0.14935
8458.93029,0.14939
8455.07305,0.14917
8451.21581,0.14871
8447.35857,0.14837
8443.50133,0.14833
8439.64409,0.14842
8435.78685,0.14833
8431.92960,0.14812
8428.07236,0.14797
8424.21512,0.14787
8420.35788,0.14780
8416.50064,0.14770
8412.64340,0.14749
8408.78616,0.14732
8404.92892,0.14726
8401.07167,0.14710
8397.21443,0.14681
8393.35719,0.14652
8389.49995,0.14625
8385.64271,0.14603
8381.78547,0.14594
8377.92823,0.14598
8374.07098,0.14611
8370.21374,0.14618
8366.35650,0.14605
8362.49926,0.14573
8358.64202,0.14552
8354.78478,0.14551
8350.92754,0.14547
8347.07029,0.14528
8343.21305,0.14512
8339.35581,0.14507
8335.49857,0.14513
8331.64133,0.14520
8327.78409,0.14520
8323.92685,0.14517
8320.06961,0.14514
8316.21236,0.14498
8312.35512,0.14473
8308.49788,0.14460
8304.64064,0.14467
8300.78340,0.14488
8296.92616,0.14501
8293.06892,0.14499
8289.21167,0.14484
8285.35443,0.14463
8281.49719,0.14454
8277.63995,0.14463
8273.78271,0.14479
8269.92547,0.14485
8266.06823,0.14480
8262.21098,0.14471
8258.35374,0.14463
8254.49650,0.14455
8250.63926,0.14447
8246.78202,0.14452
8242.92478,0.14481
8239.06754,0.14515
8235.21030,0.14521
8231.35305,0.14500
8227.49581,0.14478
8223.63857,0.14473
8219.78133,0.14476
8215.92409,0.14463
8212.06685,0.14440
8208.20961,0.14422
8204.35236,0.14404
8200.49512,0.14389
8196.63788,0.14393
8192.78064,0.14405
8188.92340,0.14409
8185.06616,0.14403
8181.20892,0.14384
8177.35168,0.14356
8173.49443,0.14338
8169.63719,0.14325
8165.77995,0.14309
8161.92271,0.14304
8158.06547,0.14304
8154.20823,0.14294
8150.35099,0.14283
8146.49374,0.14276
8142.63650,0.14263
8138.77926,0.14248
8134.92202,0.14237
8131.06478,0.14220
8127.20754,0.14197
8123.35030,0.14179
8119.49305,0.14166
8115.63581,0.14151
8111.77857,0.14131
8107.92133,0.14111
8104.06409,0.14097
8100.20685,0.14082
8096.34961,0.14063
8092.49237,0.14048
8088.63512,0.14036
8084.77788,0.14021
8080.92064,0.14010
8077.06340,0.13996
8073.20616,0.13968
8069.34892,0.13948
8065.49168,0.13936
8061.63443,0.13924
8057.77719,0.13910
8053.91995,0.13890
8050.06271,0.13869
8046.20547,0.13860
8042.34823,0.13855
8038.49099,0.13835
8034.63374,0.13801
8030.77650,0.13766
8026.91926,0.13748
8023.06202,0.13754
8019.20478,0.13771
8015.34754,0.13780
8011.49030,0.13772
8007.63306,0.13756
8003.77581,0.13744
7999.91857,0.13733
7996.06133,0.13724
7992.20409,0.13725
7988.34685,0.13738
7984.48961,0.13738
7980.63237,0.13712
7976.77512,0.13686
7972.91788,0.13685
7969.06064,0.13697
7965.20340,0.13698
7961.34616,0.13689
7957.48892,0.13681
7953.63168,0.13676
7949.77444,0.13678
7945.91719,0.13691
7942.05995,0.13700
7938.20271,0.13683
7934.34547,0.13657
7930.48823,0.13646
7926.63099,0.13645
7922.77375,0.13648
7918.91650,0.13653
7915.05926,0.13654
7911.20202,0.13656
7907.34478,0.13667
7903.48754,0.13677
7899.63030,0.13676
7895.77306,0.13668
7891.91581,0.13665
7888.05857,0.13671
7884.20133,0.13682
7880.34409,0.13687
7876.48685,0.13682
7872.62961,0.13678
7868.77237,0.13686
7864.91513,0.13690
7861.05788,0.13678
7857.20064,0.13664
7853.34340,0.13662
7849.48616,0.13654
7845.62892,0.13640
7841.77168,0.13630
7837.91444,0.13626
7834.05719,0.13621
7830.19995,0.13612
7826.34271,0.13601
7822.48547,0.13588
7818.62823,0.13577
7814.77099,0.13572
7810.91375,0.13574
7807.05650,0.13579
7803.19926,0.13581
7799.34202,0.13568
7795.48478,0.13534
7791.62754,0.13503
7787.77030,0.13501
7783.91306,0.13500
7780.05582,0.13477
7776.19857,0.13471
7772.34133,0.13490
7768.48409,0.13490
7764.62685,0.13475
7760.76961,0.13468
7756.91237,0.13454
7753.05513,0.13423
7749.19788,0.13404
7745.34064,0.13400
7741.48340,0.13385
7737.62616,0.13354
7733.76892,0.13335
7729.91168,0.13349
7726.05444,0.13359
7722.19720,0.13328
7718.33995,0.13276
7714.48271,0.13250
7710.62547,0.13265
7706.76823,0.13296
7702.91099,0.13300
7699.05375,0.13272
7695.19651,0.13243
7691.33926,0.13237
7687.48202,0.13246
7683.62478,0.13255
7679.76754,0.13262
7675.91030,0.13268
7672.05306,0.13263
7668.19582,0.13248
7664.33857,0.13242
7660.48133,0.13262
7656.62409,0.13300
7652.76685,0.13326
7648.90961,0.13328
7645.05237,0.13326
7641.19513,0.13326
7637.33789,0.13326
7633.48064,0.13328
7629.62340,0.13319
7625.76616,0.13307
7621.90892,0.13318
7618.05168,0.13349
7614.19444,0.13375
7610.33720,0.13395
7606.47995,0.13422
7602.62271,0.13436
7598.76547,0.13426
7594.90823,0.13413
7591.05099,0.13403
7587.19375,0.13397
7583.33651,0.13415
7579.47926,0.13452
7575.62202,0.13475
7571.76478,0.13482
7567.90754,0.13491
7564.05030,0.13507
7560.19306,0.13533
7556.33582,0.13569
7552.47858,0.13609
7548.62133,0.13639
7544.76409,0.13669
7540.90685,0.13703
7537.04961,0.13737
7533.19237,0.13764
7529.33513,0.13771
7525.47789,0.13772
7521.62064,0.13791
7517.76340,0.13818
7513.90616,0.13841
7510.04892,0.13862
7506.19168,0.13881
7502.33444,0.13901
7498.47720,0.13924
7494.61996,0.13957
7490.76271,0.14002
7486.90547,0.14038
7483.04823,0.14062
7479.19099,0.14095
7475.33375,0.14147
7471.47651,0.14210
7467.61927,0.14267
7463.76202,0.14318
7459.90478,0.14369
7456.04754,0.14426
7452.19030,0.14494
7448.33306,0.14574
7444.47582,0.14655
7440.61858,0.14741
7436.76133,0.14833
7432.90409,0.14923
7429.04685,0.15011
7425.18961,0.15105
7421.33237,0.15199
7417.47513,0.15290
7413.61789,0.15377
7409.76065,0.15455
7405.90340,0.15533
7402.04616,0.15623
7398.18892,0.15721
7394.33168,0.15818
7390.47444,0.15913
7386.61720,0.16008
7382.75996,0.16103
7378.90271,0.16196
7375.04547,0.16297
7371.18823,0.16411
7367.33099,0.16526
7363.47375,0.16628
7359.61651,0.16717
7355.75927,0.16792
7351.90202,0.16864
7348.04478,0.16944
7344.18754,0.17023
7340.33030,0.17091
7336.47306,0.17153
7332.61582,0.17210
7328.75858,0.17258
7324.90134,0.17298
7321.04409,0.17333
7317.18685,0.17362
7313.32961,0.17395
7309.47237,0.17436
7305.61513,0.17467
7301.75789,0.17489
7297.90065,0.17510
7294.04340,0.17526
7290.18616,0.17545
7286.32892,0.17577
7282.47168,0.17611
7278.61444,0.17635
7274.75720,0.17660
7270.89996,0.17696
7267.04272,0.17745
7263.18547,0.17792
7259.32823,0.17828
7255.47099,0.17860
7251.61375,0.17897
7247.75651,0.17939
7243.89927,0.17970
7240.04203,0.17994
7236.18478,0.18023
7232.32754,0.18048
7228.47030,0.18066
7224.61306,0.18091
7220.75582,0.18122
7216.89858,0.18151
7213.04134,0.18179
7209.18409,0.18208
7205.32685,0.18241
7201.46961,0.18269
7197.61237,0.18295
7193.75513,0.18331
7189.89789,0.18375
7186.04065,0.18420
7182.18341,0.18468
7178.32616,0.18524
7174.46892,0.18590
7170.61168,0.18664
7166.75444,0.18739
7162.89720,0.18818
7159.03996,0.18906
7155.18272,0.19002
7151.32547,0.19107
7147.46823,0.19222
7143.61099,0.19346
7139.75375,0.19484
7135.89651,0.19630
7132.03927,0.19769
7128.18203,0.19901
7124.32478,0.20034
7120.46754,0.20165
7116.61030,0.20294
7112.75306,0.20418
7108.89582,0.20541
7105.03858,0.20673
7101.18134,0.20806
7097.32410,0.20933
7093.46685,0.21063
7089.60961,0.21203
7085.75237,0.21350
7081.89513,0.21498
7078.03789,0.21644
7074.18065,0.21793
7070.32341,0.21954
7066.46616,0.22116
7062.60892,0.22271
7058.75168,0.22416
7054.89444,0.22552
7051.03720,0.22686
7047.17996,0.22827
7043.32272,0.22969
7039.46548,0.23097
7035.60823,0.23214
7031.75099,0.23324
7027.89375,0.23426
7024.03651,0.23527
7020.17927,0.23628
7016.32203,0.23714
7012.46479,0.23798
7008.60754,0.23896
7004.75030,0.23995
7000.89306,0.24076
6997.03582,0.24145
6993.17858,0.24215
6989.32134,0.24286
6985.46410,0.24353
6981.60685,0.24414
6977.74961,0.24474
6973.89237,0.24533
6970.03513,0.24582
6966.17789,0.24623
6962.32065,0.24671
6958.46341,0.24728
6954.60617,0.24787
6950.74892,0.24843
6946.89168,0.24890
6943.03444,0.24921
6939.17720,0.24942
6935.31996,0.24972
6931.46272,0.25013
6927.60548,0.25055
6923.74823,0.25097
6919.89099,0.25134
6916.03375,0.25163
6912.17651,0.25194
6908.31927,0.25237
6904.46203,0.25284
6900.60479,0.25326
6896.74754,0.25363
6892.89030,0.25399
6889.03306,0.25438
6885.17582,0.25485
6881.31858,0.25538
6877.46134,0.25590
6873.60410,0.25641
6869.74686,0.25697
6865.88961,0.25759
6862.03237,0.25824
6858.17513,0.25896
6854.31789,0.25970
6850.46065,0.26036
6846.60341,0.26099
6842.74617,0.26166
6838.88892,0.26239
6835.03168,0.26305
6831.17444,0.26362
6827.31720,0.26423
6823.45996,0.26495
6819.60272,0.26574
6815.74548,0.26649
6811.88824,0.26714
6808.03099,0.26781
6804.17375,0.26860
6800.31651,0.26945
6796.45927,0.27024
6792.60203,0.27094
6788.74479,0.27166
6784.88755,0.27243
6781.03030,0.27323
6777.17306,0.27399
6773.31582,0.27468
6769.45858,0.27532
6765.60134,0.27594
6761.74410,0.27647
6757.88686,0.27692
6754.02961,0.27732
6750.17237,0.27759
6746.31513,0.27777
6742.45789,0.27794
6738.60065,0.27813
6734.74341,0.27835
6730.88617,0.27857
6727.02893,0.27868
6723.17168,0.27870
6719.31444,0.27875
6715.45720,0.27880
6711.59996,0.27882
6707.74272,0.27883
6703.88548,0.27883
6700.02824,0.27882
6696.17099,0.27881
6692.31375,0.27879
6688.45651,0.27871
6684.59927,0.27854
6680.74203,0.27824
6676.88479,0.27788
6673.02755,0.27753
6669.17030,0.27723
6665.31306,0.27694
6661.45582,0.27665
6657.59858,0.27630
6653.74134,0.27595
6649.88410,0.27566
6646.02686,0.27537
6642.16962,0.27498
6638.31237,0.27449
6634.45513,0.27397
6630.59789,0.27348
6626.74065,0.27296
6622.88341,0.27239
6619.02617,0.27184
6615.16893,0.27130
6611.31168,0.27077
6607.45444,0.27029
6603.59720,0.26990
6599.73996,0.26951
6595.88272,0.26908
6592.02548,0.26864
6588.16824,0.26828
6584.31100,0.26805
6580.45375,0.26791
6576.59651,0.26777
6572.73927,0.26765
6568.88203,0.26759
6565.02479,0.26756
6561.16755,0.26754
6557.31031,0.26759
6553.45306,0.26771
6549.59582,0.26780
6545.73858,0.26785
6541.88134,0.26796
6538.02410,0.26816
6534.16686,0.26835
6530.30962,0.26847
6526.45237,0.26859
6522.59513,0.26868
6518.73789,0.26875
6514.88065,0.26889
6511.02341,0.26904
6507.16617,0.26914
6503.30893,0.26920
6499.45169,0.26922
6495.59444,0.26923
6491.73720,0.26923
6487.87996,0.26917
6484.02272,0.26908
6480.16548,0.26901
6476.30824,0.26893
6472.45100,0.26878
6468.59375,0.26856
6464.73651,0.26833
6460.87927,0.26815
6457.02203,0.26801
6453.16479,0.26781
6449.30755,0.26747
6445.45031,0.26705
6441.59306,0.26665
6437.73582,0.26627
6433.87858,0.26590
6430.02134,0.26558
6426.16410,0.26524
6422.30686,0.26483
6418.44962,0.26443
6414.59238,0.26406
6410.73513,0.26373
6406.87789,0.26344
6403.02065,0.26321
6399.16341,0.26307
6395.30617,0.26298
6391.44893,0.26284
6387.59169,0.26264
6383.73444,0.26242
6379.87720,0.26219
6376.01996,0.26201
6372.16272,0.26182
6368.30548,0.26158
6364.44824,0.26135
6360.59100,0.26111
6356.73376,0.26085
6352.87651,0.26065
6349.01927,0.26053
6345.16203,0.26041
6341.30479,0.26026
6337.44755,0.26018
6333.59031,0.26022
6329.73307,0.26030
6325.87582,0.26031
6322.01858,0.26027
6318.16134,0.26022
6314.30410,0.26016
6310.44686,0.26008
6306.58962,0.25996
6302.73238,0.25977
6298.87513,0.25945
6295.01789,0.25903
6291.16065,0.25858
6287.30341,0.25816
6283.44617,0.25766
6279.58893,0.25703
6275.73169,0.25638
6271.87445,0.25574
6268.01720,0.25505
6264.15996,0.25435
6260.30272,0.25363
6256.44548,0.25282
6252.58824,0.25197
6248.73100,0.25114
6244.87376,0.25028
6241.01651,0.24935
6237.15927,0.24836
6233.30203,0.24736
6229.44479,0.24646
6225.58755,0.24567
6221.73031,0.24501
6217.87307,0.24450
6214.01582,0.24423
6210.15858,0.24426
6206.30134,0.24456
6202.44410,0.24498
6198.58686,0.24526
6194.72962,0.24507
6190.87238,0.24434
6187.01514,0.24316
6183.15789,0.24173
6179.30065,0.24033
6175.44341,0.23924
6171.58617,0.23852
6167.72893,0.23804
6163.87169,0.23775
6160.01445,0.23779
6156.15720,0.23820
6152.29996,0.23880
6148.44272,0.23938
6144.58548,0.23967
6140.72824,0.23957
6136.87100,0.23924
6133.01376,0.23893
6129.15652,0.23886
6125.29927,0.23928
6121.44203,0.24031
6117.58479,0.24202
6113.72755,0.24445
6109.87031,0.24758
6106.01307,0.25140
6102.15583,0.25581
6098.29858,0.26060
6094.44134,0.26550
6090.58410,0.27031
6086.72686,0.27490
6082.86962,0.27920
6079.01238,0.28333
6075.15514,0.28778
6071.29789,0.29311
6067.44065,0.29942
6063.58341,0.30625
6059.72617,0.31294
6055.86893,0.31898
6052.01169,0.32426
6048.15445,0.32896
6044.29721,0.33345
6040.43996,0.33822
6036.58272,0.34360
6032.72548,0.34944
6028.86824,0.35508
6025.01100,0.35958
6021.15376,0.36209
6017.29652,0.36194
6013.43927,0.35890
6009.58203,0.35333
6005.72479,0.34598
6001.86755,0.33783
5998.01031,0.32983
5994.15307,0.32275
5990.29583,0.31714
5986.43858,0.31313
5982.58134,0.31034
5978.72410,0.30802
5974.86686,0.30537
5971.00962,0.30193
5967.15238,0.29799
5963.29514,0.29429
5959.43790,0.29149
5955.58065,0.28981
5951.72341,0.28906
5947.86617,0.28873
5944.00893,0.28809
5940.15169,0.28657
5936.29445,0.28391
5932.43721,0.28021
5928.57996,0.27591
5924.72272,0.27151
5920.86548,0.26740
5917.00824,0.26383
5913.15100,0.26092
5909.29376,0.25874
5905.43652,0.25745
5901.57927,0.25725
5897.72203,0.25817
5893.86479,0.25998
5890.00755,0.26237
5886.15031,0.26506
5882.29307,0.26776
5878.43583,0.27027
5874.57859,0.27241
5870.72134,0.27415
5866.86410,0.27550
5863.00686,0.27631
5859.14962,0.27639
5855.29238,0.27584
5851.43514,0.27501
5847.57790,0.27418
5843.72065,0.27352
5839.86341,0.27311
5836.00617,0.27289
5832.14893,0.27279
5828.29169,0.27284
5824.43445,0.27307
5820.57721,0.27336
5816.71997,0.27363
5812.86272,0.27385
5809.00548,0.27396
5805.14824,0.27387
5801.29100,0.27363
5797.43376,0.27335
5793.57652,0.27305
5789.71928,0.27273
5785.86203,0.27237
5782.00479,0.27201
5778.14755,0.27162
5774.29031,0.27109
5770.43307,0.27033
5766.57583,0.26936
5762.71859,0.26828
5758.86134,0.26702
5755.00410,0.26550
5751.14686,0.26375
5747.28962,0.26186
5743.43238,0.25993
5739.57514,0.25811
5735.71790,0.25648
5731.86066,0.25506
5728.00341,0.25395
5724.14617,0.25324
5720.28893,0.25299
5716.43169,0.25314
5712.57445,0.25349
5708.71721,0.25376
5704.85997,0.25381
5701.00272,0.25364
5697.14548,0.25332
5693.28824,0.25294
5689.43100,0.25258
5685.57376,0.25225
5681.71652,0.25194
5677.85928,0.25180
5674.00203,0.25190
5670.14479,0.25222
5666.28755,0.25270
5662.43031,0.25323
5658.57307,0.25365
5654.71583,0.25385
5650.85859,0.25377
5647.00135,0.25334
5643.14410,0.25254
5639.28686,0.25151
5635.42962,0.25048
5631.57238,0.24960
5627.71514,0.24888
5623.85790,0.24829
5620.00066,0.24783
5616.14341,0.24751
5612.28617,0.24736
5608.42893,0.24738
5604.57169,0.24753
5600.71445,0.24782
5596.85721,0.24823
5592.99997,0.24869
5589.14273,0.24918
5585.28548,0.24973
5581.42824,0.25036
5577.57100,0.25105
5573.71376,0.25167
5569.85652,0.25217
5565.99928,0.25249
5562.14204,0.25258
5558.28479,0.25251
5554.42755,0.25242
5550.57031,0.25236
5546.71307,0.25236
5542.85583,0.25239
5538.99859,0.25240
5535.14135,0.25235
5531.28410,0.25227
5527.42686,0.25211
5523.56962,0.25184
5519.71238,0.25146
5515.85514,0.25105
5511.99790,0.25073
5508.14066,0.25056
5504.28342,0.25059
5500.42617,0.25085
5496.56893,0.25130
5492.71169,0.25188
5488.85445,0.25245
5484.99721,0.25293
5481.13997,0.25322
5477.28273,0.25322
5473.42548,0.25288
5469.56824,0.25231
5465.71100,0.25159
5461.85376,0.25070
5457.99652,0.24968
5454.13928,0.24860
5450.28204,0.24742
5446.42479,0.24603
5442.56755,0.24444
5438.71031,0.24287
5434.85307,0.24141
5430.99583,0.24005
5427.13859,0.23886
5423.28135,0.23800
5419.42411,0.23739
5415.56686,0.23694
5411.70962,0.23659
5407.85238,0.23639
5403.99514,0.23629
5400.13790,0.23624
5396.28066,0.23619
5392.42342,0.23617
5388.56617,0.23625
5384.70893,0.23639
5380.85169,0.23655
5376.99445,0.23681
5373.13721,0.23725
5369.27997,0.23785
5365.42273,0.23852
5361.56549,0.23922
5357.70824,0.24000
5353.85100,0.24083
5349.99376,0.24151
5346.13652,0.24197
5342.27928,0.24248
5338.42204,0.24317
5334.56480,0.24397
5330.70755,0.24482
5326.85031,0.24588
5322.99307,0.24727
5319.13583,0.24900
5315.27859,0.25110
5311.42135,0.25358
5307.56411,0.25651
5303.70686,0.25984
5299.84962,0.26348
5295.99238,0.26755
5292.13514,0.27229
5288.27790,0.27776
5284.42066,0.28380
5280.56342,0.29042
5276.70618,0.29745
5272.84893,0.30454
5268.99169,0.31164
5265.13445,0.31888
5261.27721,0.32579
5257.41997,0.33177
5253.56273,0.33691
5249.70549,0.34135
5245.84824,0.34524
5241.99100,0.34860
5238.13376,0.35135
5234.27652,0.35359
5230.41928,0.35533
5226.56204,0.35667
5222.70480,0.35776
5218.84755,0.35865
5214.99031,0.35932
5211.13307,0.35981
5207.27583,0.36020
5203.41859,0.36047
5199.56135,0.36062
5195.70411,0.36073
5191.84687,0.36085
5187.98962,0.36090
5184.13238,0.36085
5180.27514,0.36071
5176.41790,0.36047
5172.56066,0.36017
5168.70342,0.35983
5164.84618,0.35951
5160.98893,0.35922
5157.13169,0.35886
5153.27445,0.35842
5149.41721,0.35797
5145.55997,0.35748
5141.70273,0.35690
5137.84549,0.35633
5133.98825,0.35588
5130.13100,0.35548
5126.27376,0.35502
5122.41652,0.35426
5118.55928,0.35290
5114.70204,0.35076
5110.84480,0.34802
5106.98756,0.34495
5103.13031,0.34180
5099.27307,0.33874
5095.41583,0.33586
5091.55859,0.33322
5087.70135,0.33074
5083.84411,0.32834
5079.98687,0.32607
5076.12962,0.32400
5072.27238,0.32215
5068.41514,0.32040
5064.55790,0.31869
5060.70066,0.31704
5056.84342,0.31545
5052.98618,0.31395
5049.12894,0.31253
5045.27169,0.31122
5041.41445,0.31002
5037.55721,0.30890
5033.69997,0.30777
5029.84273,0.30665
5025.98549,0.30564
5022.12825,0.30474
5018.27100,0.30391
5014.41376,0.30311
5010.55652,0.30226
5006.69928,0.30129
5002.84204,0.30029
4998.98480,0.29942
4995.12756,0.29870
4991.27031,0.29806
4987.41307,0.29751
4983.55583,0.29708
4979.69859,0.29679
4975.84135,0.29666
4971.98411,0.29677
4968.12687,0.29717
4964.26963,0.29779
4960.41238,0.29861
4956.55514,0.29964
4952.69790,0.30087
4948.84066,0.30224
4944.98342,0.30373
4941.12618,0.30534
4937.26894,0.30704
4933.41169,0.30882
4929.55445,0.31077
4925.69721,0.31291
4921.83997,0.31517
4917.98273,0.31754
4914.12549,0.32003
4910.26825,0.32261
4906.41101,0.32533
4902.55376,0.32825
4898.69652,0.33129
4894.83928,0.33441
4890.98204,0.33763
4887.12480,0.34097
4883.26756,0.34444
4879.41032,0.34799
4875.55307,0.35147
4871.69583,0.35485
4867.83859,0.35812
4863.98135,0.36128
4860.12411,0.36436
4856.26687,0.36740
4852.40963,0.37048
4848.55238,0.37376
4844.69514,0.37735
4840.83790,0.38126
4836.98066,0.38538
4833.12342,0.38961
4829.26618,0.39395
4825.40894,0.39829
4821.55170,0.40240
4817.69445,0.40612
4813.83721,0.40951
4809.97997,0.41267
4806.12273,0.41557
4802.26549,0.41815
4798.40825,0.42035
4794.55101,0.42208
4790.69376,0.42324
4786.83652,0.42390
4782.97928,0.42433
4779.12204,0.42469
4775.26480,0.42507
4771.40756,0.42565
4767.55032,0.42658
4763.69307,0.42795
4759.83583,0.42990
4755.97859,0.43239
4752.12135,0.43504
4748.26411,0.43757
4744.40687,0.43994
4740.54963,0.44231
4736.69239,0.44498
4732.83514,0.44836
4728.97790,0.45253
4725.12066,0.45686
4721.26342,0.46028
4717.40618,0.46203
4713.54894,0.46259
4709.69170,0.46346
4705.83445,0.46608
4701.97721,0.47088
4698.11997,0.47691
4694.26273,0.48211
4690.40549,0.48411
4686.54825,0.48144
4682.69101,0.47441
4678.83377,0.46475
4674.97652,0.45469
4671.11928,0.44615
4667.26204,0.44009
4663.40480,0.43633
4659.54756,0.43419
4655.69032,0.43343
4651.83308,0.43454
4647.97583,0.43805
4644.11859,0.44350
4640.26135,0.44906
4636.40411,0.45214
4632.54687,0.45055
4628.68963,0.44373
4624.83239,0.43322
4620.97514,0.42189
4617.11790,0.41221
4613.26066,0.40524
4609.40342,0.40103
4605.54618,0.39936
4601.68894,0.40013
4597.83170,0.40281
4593.97446,0.40609
4590.11721,0.40886
4586.25997,0.41110
4582.40273,0.41253
4578.54549,0.41130
4574.68825,0.40582
4570.83101,0.39706
4566.97377,0.38786
4563.11652,0.38061
4559.25928,0.37599
4555.40204,0.37343
4551.54480,0.37205
4547.68756,0.37116
4543.83032,0.37040
4539.97308,0.36979
4536.11583,0.36948
4532.25859,0.36958
4528.40135,0.37013
4524.54411,0.37128
4520.68687,0.37319
4516.82963,0.37585
4512.97239,0.37931
4509.11515,0.38393
4505.25790,0.39023
4501.40066,0.39842
4497.54342,0.40815
4493.68618,0.41820
4489.82894,0.42702
4485.97170,0.43400
4482.11446,0.43989
4478.25721,0.44628
4474.39997,0.45477
4470.54273,0.46638
4466.68549,0.48112
4462.82825,0.49690
4458.97101,0.50994
4455.11377,0.51795
4451.25653,0.52255
4447.39928,0.52701
4443.54204,0.53268
4439.68480,0.53862
4435.82756,0.54312
4431.97032,0.54470
4428.11308,0.54282
4424.25584,0.53831
4420.39859,0.53339
4416.54135,0.53033
4412.68411,0.53004
4408.82687,0.53161
4404.96963,0.53296
4401.11239,0.53223
4397.25515,0.52895
4393.39790,0.52393
4389.54066,0.51850
4385.68342,0.51367
4381.82618,0.50988
4377.96894,0.50721
4374.11170,0.50561
4370.25446,0.50507
4366.39722,0.50573
4362.53997,0.50738
4358.68273,0.50926
4354.82549,0.51089
4350.96825,0.51257
4347.11101,0.51482
4343.25377,0.51779
4339.39653,0.52102
4335.53928,0.52387
4331.68204,0.52620
4327.82480,0.52846
4323.96756,0.53106
4320.11032,0.53412
4316.25308,0.53780
4312.39584,0.54243
4308.53859,0.54808
4304.68135,0.55422
4300.82411,0.56007
4296.96687,0.56497
4293.10963,0.56855
4289.25239,0.57064
4285.39515,0.57135
4281.53791,0.57104
4277.68066,0.57017
4273.82342,0.56882
4269.96618,0.56678
4266.10894,0.56417
4262.25170,0.56168
4258.39446,0.56000
4254.53722,0.55940
4250.67997,0.55956
4246.82273,0.55971
4242.96549,0.55917
4239.10825,0.55782
4235.25101,0.55623
4231.39377,0.55505
4227.53653,0.55410
4223.67929,0.55255
4219.82204,0.54997
4215.96480,0.54677
4212.10756,0.54369
4208.25032,0.54110
4204.39308,0.53885
4200.53584,0.53694
4196.67860,0.53597
4192.82135,0.53668
4188.96411,0.53954
4185.10687,0.54422
4181.24963,0.54908
4177.39239,0.55142
4173.53515,0.54933
4169.67791,0.54350
4165.82066,0.53648
4161.96342,0.53059
4158.10618,0.52680
4154.24894,0.52507
4150.39170,0.52510
4146.53446,0.52690
4142.67722,0.53042
4138.81998,0.53497
4134.96273,0.53953
4131.10549,0.54335
4127.24825,0.54646
4123.39101,0.54968
4119.53377,0.55399
4115.67653,0.55993
4111.81929,0.56761
4107.96204,0.57739
4104.10480,0.59010
4100.24756,0.60670
4096.39032,0.62613
4092.53308,0.64267
4088.67584,0.64940
4084.81860,0.64495
4080.96135,0.63338
4077.10411,0.61974
4073.24687,0.60812
4069.38963,0.60043
4065.53239,0.59638
4061.67515,0.59493
4057.81791,0.59529
4053.96067,0.59679
4050.10342,0.59874
4046.24618,0.60057
4042.38894,0.60188
4038.53170,0.60257
4034.67446,0.60299
4030.81722,0.60338
4026.95998,0.60366
4023.10273,0.60381
4019.24549,0.60378
4015.38825,0.60333
4011.53101,0.60219
4007.67377,0.60039
4003.81653,0.59822
3999.95929,0.59579
3996.10205,0.59291
3992.24480,0.58984
3988.38756,0.58715
3984.53032,0.58505
3980.67308,0.58344
3976.81584,0.58207
3972.95860,0.58055
3969.10136,0.57855
3965.24411,0.57602
3961.38687,0.57310
3957.52963,0.57020
3953.67239,0.56748
3949.81515,0.56468
3945.95791,0.56173
3942.10067,0.55899
3938.24342,0.55669
3934.38618,0.55453
3930.52894,0.55238
3926.67170,0.55052
3922.81446,0.54880
3918.95722,0.54684
3915.09998,0.54483
3911.24274,0.54292
3907.38549,0.54047
3903.52825,0.53656
3899.67101,0.53218
3895.81377,0.52886
3891.95653,0.52589
3888.09929,0.52309
3884.24205,0.52090
3880.38480,0.51932
3876.52756,0.51789
3872.67032,0.51583
3868.81308,0.51282
3864.95584,0.50947
3861.09860,0.50667
3857.24136,0.50428
3853.38411,0.50137
3849.52687,0.49902
3845.66963,0.49785
3841.81239,0.49684
3837.95515,0.49604
3834.09791,0.49586
3830.24067,0.49590
3826.38343,0.49606
3822.52618,0.49711
3818.66894,0.50019
3814.81170,0.50398
3810.95446,0.50655
3807.09722,0.50778
3803.23998,0.50742
3799.38274,0.50573
3795.52549,0.50425
3791.66825,0.50350
3787.81101,0.50320
3783.95377,0.50362
3780.09653,0.50535
3776.23929,0.50795
3772.38205,0.51074
3768.52481,0.51419
3764.66756,0.51813
3760.81032,0.52139
3756.95308,0.52293
3753.09584,0.52178
3749.23860,0.51867
3745.38136,0.51748
3741.52412,0.51923
3737.66687,0.52298
3733.80963,0.52852
3729.95239,0.53262
3726.09515,0.53460
3722.23791,0.53675
3718.38067,0.53996
3714.52343,0.54486
3710.66618,0.55385
3706.80894,0.56554
3702.95170,0.57804
3699.09446,0.59286
3695.23722,0.60929
3691.37998,0.63140
3687.52274,0.66003
3683.66550,0.67980
3679.80825,0.69213
3675.95101,0.70823
3672.09377,0.73427
3668.23653,0.76200
3664.37929,0.78461
3660.52205,0.80427
3656.66481,0.82306
3652.80756,0.84188
3648.95032,0.86497
3645.09308,0.88755
3641.23584,0.90109
3637.37860,0.91152
3633.52136,0.92120
3629.66412,0.92962
3625.80687,0.93736
3621.94963,0.94262
3618.09239,0.94727
3614.23515,0.95209
3610.37791,0.95818
3606.52067,0.96235
3602.66343,0.96177
3598.80619,0.96331
