12493.60475,0.13329
12489.74751,0.13308
12485.89027,0.13446
12482.03303,0.13674
12478.17579,0.13741
12474.31855,0.13512
12470.46130,0.13124
12466.60406,0.12896
12462.74682,0.12928
12458.88958,0.12963
12455.03234,0.13029
12451.17510,0.13142
12447.31786,0.13036
12443.46062,0.12868
12439.60337,0.12877
12435.74613,0.12934
12431.88889,0.13014
12428.03165,0.13140
12424.17441,0.13191
12420.31717,0.13166
12416.45993,0.13217
12412.60268,0.13387
12408.74544,0.13524
12404.88820,0.13514
12401.03096,0.13479
12397.17372,0.13514
12393.31648,0.13464
12389.45924,0.13276
12385.60199,0.13139
12381.74475,0.13151
12377.88751,0.13251
12374.03027,0.13371
12370.17303,0.13470
12366.31579,0.13399
12362.45855,0.13107
12358.60131,0.12918
12354.74406,0.12995
12350.88682,0.13085
12347.02958,0.13062
12343.17234,0.13016
12339.31510,0.13020
12335.45786,0.13051
12331.60062,0.13033
12327.74337,0.13019
12323.88613,0.13109
12320.02889,0.13152
12316.17165,0.13073
12312.31441,0.13144
12308.45717,0.13225
12304.59993,0.12931
12300.74268,0.12631
12296.88544,0.12763
12293.02820,0.13061
12289.17096,0.13233
12285.31372,0.13335
12281.45648,0.13439
12277.59924,0.13421
12273.74200,0.13306
12269.88475,0.13395
12266.02751,0.13542
12262.17027,0.13339
12258.31303,0.12942
12254.45579,0.12735
12250.59855,0.12746
12246.74131,0.12872
12242.88406,0.13105
12239.02682,0.13280
12235.16958,0.13321
12231.31234,0.13424
12227.45510,0.13424
12223.59786,0.13172
12219.74062,0.13019
12215.88338,0.13140
12212.02613,0.13249
12208.16889,0.13049
12204.31165,0.12707
12200.45441,0.12569
12196.59717,0.12690
12192.73993,0.12944
12188.88269,0.13146
12185.02544,0.13160
12181.16820,0.13065
12177.31096,0.13041
12173.45372,0.13043
12169.59648,0.12959
12165.73924,0.13012
12161.88200,0.13274
12158.02475,0.13375
12154.16751,0.13180
12150.31027,0.12923
12146.45303,0.12732
12142.59579,0.12661
12138.73855,0.12693
12134.88131,0.12702
12131.02407,0.12750
12127.16682,0.12891
12123.30958,0.12997
12119.45234,0.12961
12115.59510,0.12820
12111.73786,0.12729
12107.88062,0.12719
12104.02338,0.12739
12100.16613,0.12866
12096.30889,0.13143
12092.45165,0.13300
12088.59441,0.13134
12084.73717,0.12985
12080.87993,0.13095
12077.02269,0.13218
12073.16544,0.13191
12069.30820,0.13064
12065.45096,0.12959
12061.59372,0.13019
12057.73648,0.13136
12053.87924,0.13130
12050.02200,0.13021
12046.16476,0.12872
12042.30751,0.12736
12038.45027,0.12638
12034.59303,0.12633
12030.73579,0.12842
12026.87855,0.13150
12023.02131,0.13231
12019.16407,0.13111
12015.30682,0.13106
12011.44958,0.13139
12007.59234,0.13014
12003.73510,0.12895
11999.87786,0.12858
11996.02062,0.12814
11992.16338,0.12832
11988.30614,0.12981
11984.44889,0.13149
11980.59165,0.13231
11976.73441,0.13353
11972.87717,0.13532
11969.01993,0.13516
11965.16269,0.13271
11961.30545,0.13110
11957.44820,0.13225
11953.59096,0.13297
11949.73372,0.13092
11945.87648,0.12984
11942.01924,0.13144
11938.16200,0.13212
11934.30476,0.13048
11930.44751,0.12922
11926.59027,0.13086
11922.73303,0.13400
11918.87579,0.13536
11915.01855,0.13393
11911.16131,0.13115
11907.30407,0.12940
11903.44683,0.13029
11899.58958,0.13282
11895.73234,0.13427
11891.87510,0.13385
11888.01786,0.13346
11884.16062,0.13377
11880.30338,0.13390
11876.44614,0.13362
11872.58889,0.13379
11868.73165,0.13464
11864.87441,0.13477
11861.01717,0.13386
11857.15993,0.13363
11853.30269,0.13450
11849.44545,0.13560
11845.58820,0.13675
11841.73096,0.13639
11837.87372,0.13397
11834.01648,0.13303
11830.15924,0.13554
11826.30200,0.13873
11822.44476,0.13918
11818.58752,0.13687
11814.73027,0.13517
11810.87303,0.13520
11807.01579,0.13455
11803.15855,0.13292
11799.30131,0.13288
11795.44407,0.13492
11791.58683,0.13665
11787.72958,0.13697
11783.87234,0.13658
11780.01510,0.13599
11776.15786,0.13617
11772.30062,0.13726
11768.44338,0.13702
11764.58614,0.13433
11760.72890,0.13171
11756.87165,0.13128
11753.01441,0.13209
11749.15717,0.13251
11745.29993,0.13256
11741.44269,0.13335
11737.58545,0.13514
11733.72821,0.13626
11729.87096,0.13567
11726.01372,0.13574
11722.15648,0.13784
11718.29924,0.13882
11714.44200,0.13715
11710.58476,0.13559
11706.72752,0.13590
11702.87027,0.13725
11699.01303,0.13867
11695.15579,0.13895
11691.29855,0.13745
11687.44131,0.13560
11683.58407,0.13399
11679.72683,0.13223
11675.86959,0.13169
11672.01234,0.13287
11668.15510,0.13406
11664.29786,0.13433
11660.44062,0.13418
11656.58338,0.13465
11652.72614,0.13591
11648.86890,0.13606
11645.01165,0.13454
11641.15441,0.13381
11637.29717,0.13488
11633.43993,0.13550
11629.58269,0.13481
11625.72545,0.13477
11621.86821,0.13606
11618.01096,0.13695
11614.15372,0.13632
11610.29648,0.13523
11606.43924,0.13553
11602.58200,0.13680
11598.72476,0.13720
11594.86752,0.13637
11591.01028,0.13564
11587.15303,0.13592
11583.29579,0.13617
11579.43855,0.13619
11575.58131,0.13682
11571.72407,0.13704
11567.86683,0.13558
11564.00959,0.13365
11560.15234,0.13312
11556.29510,0.13421
11552.43786,0.13650
11548.58062,0.13817
11544.72338,0.13683
11540.86614,0.13411
11537.00890,0.13374
11533.15166,0.13542
11529.29441,0.13605
11525.43717,0.13515
11521.57993,0.13515
11517.72269,0.13700
11513.86545,0.13890
11510.00821,0.13953
11506.15097,0.13992
11502.29372,0.14043
11498.43648,0.13954
11494.57924,0.13737
11490.72200,0.13638
11486.86476,0.13734
11483.00752,0.13756
11479.15028,0.13601
11475.29303,0.13509
11471.43579,0.13544
11467.57855,0.13573
11463.72131,0.13532
11459.86407,0.13390
11456.00683,0.13266
11452.14959,0.13359
11448.29235,0.13546
11444.43510,0.13529
11440.57786,0.13355
11436.72062,0.13298
11432.86338,0.13343
11429.00614,0.13318
11425.14890,0.13232
11421.29166,0.13164
11417.43441,0.13129
11413.57717,0.13109
11409.71993,0.13111
11405.86269,0.13186
11402.00545,0.13315
11398.14821,0.13372
11394.29097,0.13285
11390.43372,0.13172
11386.57648,0.13162
11382.71924,0.13214
11378.86200,0.13264
11375.00476,0.13259
11371.14752,0.13161
11367.29028,0.13021
11363.43304,0.12944
11359.57579,0.13056
11355.71855,0.13299
11351.86131,0.13400
11348.00407,0.13328
11344.14683,0.13284
11340.28959,0.13261
11336.43235,0.13186
11332.57510,0.13174
11328.71786,0.13284
11324.86062,0.13375
11321.00338,0.13335
11317.14614,0.13225
11313.28890,0.13175
11309.43166,0.13244
11305.57442,0.13308
11301.71717,0.13237
11297.85993,0.13109
11294.00269,0.13056
11290.14545,0.13124
11286.28821,0.13254
11282.43097,0.13303
11278.57373,0.13250
11274.71648,0.13184
11270.85924,0.13098
11267.00200,0.13010
11263.14476,0.13092
11259.28752,0.13336
11255.43028,0.13441
11251.57304,0.13302
11247.71579,0.13123
11243.85855,0.13067
11240.00131,0.13143
11236.14407,0.13243
11232.28683,0.13257
11228.42959,0.13217
11224.57235,0.13195
11220.71511,0.13203
11216.85786,0.13240
11213.00062,0.13231
11209.14338,0.13118
11205.28614,0.13047
11201.42890,0.13163
11197.57166,0.13320
11193.71442,0.13323
11189.85717,0.13239
11185.99993,0.13169
11182.14269,0.13065
11178.28545,0.12988
11174.42821,0.13052
11170.57097,0.13167
11166.71373,0.13198
11162.85648,0.13189
11158.99924,0.13227
11155.14200,0.13251
11151.28476,0.13154
11147.42752,0.12995
11143.57028,0.12954
11139.71304,0.13049
11135.85580,0.13119
11131.99855,0.13112
11128.14131,0.13075
11124.28407,0.13045
11120.42683,0.13106
11116.56959,0.13243
11112.71235,0.13329
11108.85511,0.13345
11104.99786,0.13344
11101.14062,0.13324
11097.28338,0.13276
11093.42614,0.13217
11089.56890,0.13204
11085.71166,0.13229
11081.85442,0.13225
11077.99718,0.13224
11074.13993,0.13289
11070.28269,0.13377
11066.42545,0.13400
11062.56821,0.13316
11058.71097,0.13184
11054.85373,0.13082
11050.99649,0.13072
11047.13924,0.13164
11043.28200,0.13271
11039.42476,0.13300
11035.56752,0.13209
11031.71028,0.13089
11027.85304,0.13077
11023.99580,0.13149
11020.13855,0.13230
11016.28131,0.13291
11012.42407,0.13311
11008.56683,0.13277
11004.70959,0.13196
11000.85235,0.13106
10996.99511,0.13065
10993.13787,0.13103
10989.28062,0.13186
10985.42338,0.13260
10981.56614,0.13267
10977.70890,0.13177
10973.85166,0.13093
10969.99442,0.13106
10966.13718,0.13150
10962.27993,0.13183
10958.42269,0.13211
10954.56545,0.13210
10950.70821,0.13209
10946.85097,0.13217
10942.99373,0.13204
10939.13649,0.13203
10935.27924,0.13211
10931.42200,0.13170
10927.56476,0.13072
10923.70752,0.13005
10919.85028,0.13043
10915.99304,0.13119
10912.13580,0.13121
10908.27856,0.13030
10904.42131,0.12938
10900.56407,0.12909
10896.70683,0.12877
10892.84959,0.12846
10888.99235,0.12848
10885.13511,0.12823
10881.27787,0.12817
10877.42062,0.12920
10873.56338,0.13055
10869.70614,0.13100
10865.84890,0.13042
10861.99166,0.12975
10858.13442,0.12919
10854.27718,0.12837
10850.41993,0.12816
10846.56269,0.12876
10842.70545,0.12895
10838.84821,0.12845
10834.99097,0.12813
10831.13373,0.12852
10827.27649,0.12902
10823.41925,0.12887
10819.56200,0.12828
10815.70476,0.12804
10811.84752,0.12862
10807.99028,0.12923
10804.13304,0.12886
10800.27580,0.12819
10796.41856,0.12808
10792.56131,0.12839
10788.70407,0.12888
10784.84683,0.12885
10780.98959,0.12778
10777.13235,0.12686
10773.27511,0.12703
10769.41787,0.12762
10765.56063,0.12815
10761.70338,0.12862
10757.84614,0.12902
10753.98890,0.12939
10750.13166,0.12937
10746.27442,0.12866
10742.41718,0.12770
10738.55994,0.12705
10734.70269,0.12691
10730.84545,0.12747
10726.98821,0.12849
10723.13097,0.12860
10719.27373,0.12746
10715.41649,0.12694
10711.55925,0.12755
10707.70200,0.12805
10703.84476,0.12818
10699.98752,0.12799
10696.13028,0.12748
10692.27304,0.12759
10688.41580,0.12840
10684.55856,0.12872
10680.70132,0.12860
10676.84407,0.12876
10672.98683,0.12893
10669.12959,0.12884
10665.27235,0.12867
10661.41511,0.12859
10657.55787,0.12853
10653.70063,0.12820
10649.84338,0.12764
10645.98614,0.12731
10642.12890,0.12737
10638.27166,0.12775
10634.41442,0.12829
10630.55718,0.12826
10626.69994,0.12745
10622.84269,0.12667
10618.98545,0.12613
10615.12821,0.12585
10611.27097,0.12638
10607.41373,0.12729
10603.55649,0.12743
10599.69925,0.12683
10595.84201,0.12639
10591.98476,0.12652
10588.12752,0.12681
10584.27028,0.12685
10580.41304,0.12675
10576.55580,0.12681
10572.69856,0.12717
10568.84132,0.12767
10564.98407,0.12782
10561.12683,0.12731
10557.26959,0.12651
10553.41235,0.12612
10549.55511,0.12616
10545.69787,0.12602
10541.84063,0.12540
10537.98339,0.12478
10534.12614,0.12459
10530.26890,0.12457
10526.41166,0.12445
10522.55442,0.12423
10518.69718,0.12422
10514.83994,0.12470
10510.98270,0.12504
10507.12545,0.12482
10503.26821,0.12463
10499.41097,0.12463
10495.55373,0.12445
10491.69649,0.12408
10487.83925,0.12379
10483.98201,0.12344
10480.12476,0.12277
10476.26752,0.12268
10472.41028,0.12377
10468.55304,0.12472
10464.69580,0.12454
10460.83856,0.12387
10456.98132,0.12365
10453.12408,0.12433
10449.26683,0.12510
10445.40959,0.12509
10441.55235,0.12480
10437.69511,0.12455
10433.83787,0.12392
10429.98063,0.12316
10426.12339,0.12297
10422.26614,0.12341
10418.40890,0.12401
10414.55166,0.12450
10410.69442,0.12476
10406.83718,0.12462
10402.97994,0.12434
10399.12270,0.12440
10395.26545,0.12460
10391.40821,0.12452
10387.55097,0.12416
10383.69373,0.12381
10379.83649,0.12398
10375.97925,0.12459
10372.12201,0.12506
10368.26477,0.12502
10364.40752,0.12465
10360.55028,0.12443
10356.69304,0.12450
10352.83580,0.12477
10348.97856,0.12482
10345.12132,0.12450
10341.26408,0.12448
10337.40683,0.12489
10333.54959,0.12528
10329.69235,0.12534
10325.83511,0.12504
10321.97787,0.12494
10318.12063,0.12521
10314.26339,0.12512
10310.40615,0.12446
10306.54890,0.12384
10302.69166,0.12377
10298.83442,0.12420
10294.97718,0.12488
10291.11994,0.12549
10287.26270,0.12579
10283.40546,0.12568
10279.54821,0.12532
10275.69097,0.12516
10271.83373,0.12536
10267.97649,0.12572
10264.11925,0.12612
10260.26201,0.12640
10256.40477,0.12658
10252.54752,0.12695
10248.69028,0.12735
10244.83304,0.12718
10240.97580,0.12661
10237.11856,0.12637
10233.26132,0.12653
10229.40408,0.12652
10225.54684,0.12627
10221.68959,0.12619
10217.83235,0.12641
10213.97511,0.12665
10210.11787,0.12670
10206.26063,0.12678
10202.40339,0.12691
10198.54615,0.12698
10194.68890,0.12694
10190.83166,0.12683
10186.97442,0.12689
10183.11718,0.12717
10179.25994,0.12727
10175.40270,0.12727
10171.54546,0.12751
10167.68821,0.12776
10163.83097,0.12764
10159.97373,0.12726
10156.11649,0.12722
10152.25925,0.12750
10148.40201,0.12745
10144.54477,0.12753
10140.68753,0.12806
10136.83028,0.12813
10132.97304,0.12776
10129.11580,0.12761
10125.25856,0.12754
10121.40132,0.12739
10117.54408,0.12731
10113.68684,0.12739
10109.82959,0.12751
10105.97235,0.12758
10102.11511,0.12768
10098.25787,0.12767
10094.40063,0.12771
10090.54339,0.12787
10086.68615,0.12773
10082.82891,0.12734
10078.97166,0.12737
10075.11442,0.12782
10071.25718,0.12829
10067.39994,0.12867
10063.54270,0.12868
10059.68546,0.12814
10055.82822,0.12767
10051.97097,0.12767
10048.11373,0.12792
10044.25649,0.12812
10040.39925,0.12822
10036.54201,0.12828
10032.68477,0.12837
10028.82753,0.12834
10024.97028,0.12829
10021.11304,0.12835
10017.25580,0.12818
10013.39856,0.12789
10009.54132,0.12788
10005.68408,0.12810
10001.82684,0.12835
9997.96960,0.12860
9994.11235,0.12875
9990.25511,0.12875
9986.39787,0.12890
9982.54063,0.12939
9978.68339,0.12961
9974.82615,0.12900
9970.96891,0.12807
9967.11166,0.12771
9963.25442,0.12810
9959.39718,0.12864
9955.53994,0.12873
9951.68270,0.12860
9947.82546,0.12869
9943.96822,0.12900
9940.11097,0.12920
9936.25373,0.12914
9932.39649,0.12906
9928.53925,0.12903
9924.68201,0.12869
9920.82477,0.12831
9916.96753,0.12822
9913.11029,0.12818
9909.25304,0.12822
9905.39580,0.12860
9901.53856,0.12908
9897.68132,0.12930
9893.82408,0.12920
9889.96684,0.12889
9886.10960,0.12864
9882.25235,0.12845
9878.39511,0.12822
9874.53787,0.12829
9870.68063,0.12885
9866.82339,0.12931
9862.96615,0.12920
9859.10891,0.12892
9855.25167,0.12886
9851.39442,0.12880
9847.53718,0.12858
9843.67994,0.12843
9839.82270,0.12849
9835.96546,0.12857
9832.10822,0.12861
9828.25098,0.12863
9824.39373,0.12863
9820.53649,0.12893
9816.67925,0.12956
9812.82201,0.12991
9808.96477,0.12970
9805.10753,0.12923
9801.25029,0.12881
9797.39304,0.12857
9793.53580,0.12856
9789.67856,0.12865
9785.82132,0.12859
9781.96408,0.12831
9778.10684,0.12817
9774.24960,0.12830
9770.39236,0.12827
9766.53511,0.12791
9762.67787,0.12764
9758.82063,0.12751
9754.96339,0.12734
9751.10615,0.12730
9747.24891,0.12750
9743.39167,0.12784
9739.53442,0.12819
9735.67718,0.12833
9731.81994,0.12818
9727.96270,0.12802
9724.10546,0.12809
9720.24822,0.12820
9716.39098,0.12830
9712.53373,0.12855
9708.67649,0.12866
9704.81925,0.12859
9700.96201,0.12863
9697.10477,0.12859
9693.24753,0.12824
9689.39029,0.12781
9685.53305,0.12772
9681.67580,0.12769
9677.81856,0.12719
9673.96132,0.12660
9670.10408,0.12640
9666.24684,0.12659
9662.38960,0.12694
9658.53236,0.12722
9654.67511,0.12747
9650.81787,0.12760
9646.96063,0.12738
9643.10339,0.12700
9639.24615,0.12681
9635.38891,0.12685
9631.53167,0.12712
9627.67443,0.12754
9623.81718,0.12772
9619.95994,0.12752
9616.10270,0.12718
9612.24546,0.12692
9608.38822,0.12668
9604.53098,0.12636
9600.67374,0.12602
9596.81649,0.12580
9592.95925,0.12585
9589.10201,0.12602
9585.24477,0.12598
9581.38753,0.12584
9577.53029,0.12576
9573.67305,0.12575
9569.81580,0.12579
9565.95856,0.12576
9562.10132,0.12567
9558.24408,0.12566
9554.38684,0.12561
9550.52960,0.12553
9546.67236,0.12566
9542.81512,0.12590
9538.95787,0.12597
9535.10063,0.12593
9531.24339,0.12588
9527.38615,0.12568
9523.52891,0.12533
9519.67167,0.12508
9515.81443,0.12487
9511.95718,0.12456
9508.09994,0.12434
9504.24270,0.12447
9500.38546,0.12500
9496.52822,0.12549
9492.67098,0.12558
9488.81374,0.12544
9484.95649,0.12529
9481.09925,0.12515
9477.24201,0.12513
9473.38477,0.12502
9469.52753,0.12466
9465.67029,0.12444
9461.81305,0.12446
9457.95581,0.12436
9454.09856,0.12408
9450.24132,0.12398
9446.38408,0.12427
9442.52684,0.12463
9438.66960,0.12470
9434.81236,0.12456
9430.95512,0.12440
9427.09787,0.12415
9423.24063,0.12386
9419.38339,0.12387
9415.52615,0.12418
9411.66891,0.12441
9407.81167,0.12440
9403.95443,0.12425
9400.09719,0.12400
9396.23994,0.12362
9392.38270,0.12338
9388.52546,0.12344
9384.66822,0.12367
9380.81098,0.12402
9376.95374,0.12425
9373.09650,0.12413
9369.23925,0.12383
9365.38201,0.12371
9361.52477,0.12388
9357.66753,0.12407
9353.81029,0.12407
9349.95305,0.12392
9346.09581,0.12390
9342.23856,0.12415
9338.38132,0.12432
9334.52408,0.12419
9330.66684,0.12413
9326.80960,0.12436
9322.95236,0.12436
9319.09512,0.12397
9315.23788,0.12374
9311.38063,0.12383
9307.52339,0.12393
9303.66615,0.12395
9299.80891,0.12381
9295.95167,0.12357
9292.09443,0.12341
9288.23719,0.12322
9284.37994,0.12311
9280.52270,0.12325
9276.66546,0.12340
9272.80822,0.12352
9268.95098,0.12376
9265.09374,0.12393
9261.23650,0.12377
9257.37925,0.12356
9253.52201,0.12348
9249.66477,0.12330
9245.80753,0.12319
9241.95029,0.12332
9238.09305,0.12361
9234.23581,0.12401
9230.37857,0.12424
9226.52132,0.12407
9222.66408,0.12370
9218.80684,0.12351
9214.94960,0.12352
9211.09236,0.12351
9207.23512,0.12357
9203.37788,0.12368
9199.52063,0.12360
9195.66339,0.12345
9191.80615,0.12344
9187.94891,0.12344
9184.09167,0.12340
9180.23443,0.12356
9176.37719,0.12376
9172.51995,0.12370
9168.66270,0.12346
9164.80546,0.12328
9160.94822,0.12331
9157.09098,0.12347
9153.23374,0.12356
9149.37650,0.12359
9145.51926,0.12372
9141.66201,0.12384
9137.80477,0.12381
9133.94753,0.12376
9130.09029,0.12388
9126.23305,0.12413
9122.37581,0.12432
9118.51857,0.12444
9114.66132,0.12455
9110.80408,0.12451
9106.94684,0.12437
9103.08960,0.12418
9099.23236,0.12395
9095.37512,0.12393
9091.51788,0.12413
9087.66064,0.12426
9083.80339,0.12437
9079.94615,0.12471
9076.08891,0.12502
9072.23167,0.12504
9068.37443,0.12503
9064.51719,0.12517
9060.65995,0.12539
9056.80270,0.12556
9052.94546,0.12565
9049.08822,0.12574
9045.23098,0.12586
9041.37374,0.12609
9037.51650,0.12639
9033.65926,0.12669
9029.80201,0.12698
9025.94477,0.12725
9022.08753,0.12749
9018.23029,0.12776
9014.37305,0.12822
9010.51581,0.12882
9006.65857,0.12939
9002.80133,0.12981
8998.94408,0.13001
8995.08684,0.13018
8991.22960,0.13062
8987.37236,0.13116
8983.51512,0.13161
8979.65788,0.13214
8975.80064,0.13275
8971.94339,0.13331
8968.08615,0.13392
8964.22891,0.13470
8960.37167,0.13557
8956.51443,0.13640
8952.65719,0.13725
8948.79995,0.13822
8944.94271,0.13927
8941.08546,0.14032
8937.22822,0.14135
8933.37098,0.14230
8929.51374,0.14321
8925.65650,0.14425
8921.79926,0.14535
8917.94202,0.14639
8914.08477,0.14755
8910.22753,0.14888
8906.37029,0.15029
8902.51305,0.15176
8898.65581,0.15335
8894.79857,0.15502
8890.94133,0.15667
8887.08408,0.15816
8883.22684,0.15959
8879.36960,0.16104
8875.51236,0.16227
8871.65512,0.16305
8867.79788,0.16351
8863.94064,0.16394
8860.08340,0.16435
8856.22615,0.16454
8852.36891,0.16451
8848.51167,0.16427
8844.65443,0.16365
8840.79719,0.16285
8836.93995,0.16220
8833.08271,0.16156
8829.22546,0.16076
8825.36822,0.15987
8821.51098,0.15891
8817.65374,0.15774
8813.79650,0.15636
8809.93926,0.15497
8806.08202,0.15360
8802.22477,0.15224
8798.36753,0.15102
8794.51029,0.14991
8790.65305,0.14867
8786.79581,0.14727
8782.93857,0.14586
8779.08133,0.14457
8775.22409,0.14350
8771.36684,0.14266
8767.50960,0.14194
8763.65236,0.14132
8759.79512,0.14093
8755.93788,0.14076
8752.08064,0.14057
8748.22340,0.14025
8744.36615,0.13987
8740.50891,0.13957
8736.65167,0.13935
8732.79443,0.13924
8728.93719,0.13933
8725.07995,0.13938
8721.22271,0.13932
8717.36547,0.13938
8713.50822,0.13961
8709.65098,0.13995
8705.79374,0.14032
8701.93650,0.14062
8698.07926,0.14088
8694.22202,0.14112
8690.36478,0.14127
8686.50753,0.14133
8682.65029,0.14144
8678.79305,0.14151
8674.93581,0.14151
8671.07857,0.14166
8667.22133,0.14200
8663.36409,0.14245
8659.50684,0.14290
8655.64960,0.14314
8651.79236,0.14328
8647.93512,0.14372
8644.07788,0.14428
8640.22064,0.14457
8636.36340,0.14479
8632.50616,0.14517
8628.64891,0.14559
8624.79167,0.14592
8620.93443,0.14615
8617.07719,0.14631
8613.21995,0.14648
8609.36271,0.14680
8605.50547,0.14732
8601.64822,0.14789
8597.79098,0.14836
8593.93374,0.14865
8590.07650,0.14893
8586.21926,0.14946
8582.36202,0.15007
8578.50478,0.15037
8574.64753,0.15056
8570.79029,0.15098
8566.93305,0.15137
8563.07581,0.15141
8559.21857,0.15139
8555.36133,0.15167
8551.50409,0.15214
8547.64685,0.15254
8543.78960,0.15289
8539.93236,0.15331
8536.07512,0.15381
8532.21788,0.15425
8528.36064,0.15442
8524.50340,0.15438
8520.64616,0.15451
8516.78891,0.15484
8512.93167,0.15505
8509.07443,0.15499
8505.21719,0.15487
8501.35995,0.15488
8497.50271,0.15497
8493.64547,0.15514
8489.78822,0.15535
8485.93098,0.15545
8482.07374,0.15546
8478.21650,0.15541
8474.35926,0.15526
8470.50202,0.15503
8466.64478,0.15472
8462.78754,0.15442
8458.93029,0.15431
8455.07305,0.15434
8451.21581,0.15426
8447.35857,0.15404
8443.50133,0.15381
8439.64409,0.15363
8435.78685,0.15340
8431.92960,0.15311
8428.07236,0.15288
8424.21512,0.15269
8420.35788,0.15243
8416.50064,0.15217
8412.64340,0.15203
8408.78616,0.15200
8404.92892,0.15187
8401.07167,0.15162
8397.21443,0.15135
8393.35719,0.15114
8389.49995,0.15090
8385.64271,0.15056
8381.78547,0.15026
8377.92823,0.15001
8374.07098,0.14975
8370.21374,0.14955
8366.35650,0.14945
8362.49926,0.14933
8358.64202,0.14917
8354.78478,0.14899
8350.92754,0.14876
8347.07029,0.14854
8343.21305,0.14844
8339.35581,0.14850
8335.49857,0.14858
8331.64133,0.14852
8327.78409,0.14835
8323.92685,0.14819
8320.06961,0.14810
8316.21236,0.14802
8312.35512,0.14797
8308.49788,0.14795
8304.64064,0.14784
8300.78340,0.14763
8296.92616,0.14748
8293.06892,0.14741
8289.21167,0.14732
8285.35443,0.14721
8281.49719,0.14708
8277.63995,0.14701
8273.78271,0.14713
8269.92547,0.14732
8266.06823,0.14731
8262.21098,0.14718
8258.35374,0.14725
8254.49650,0.14747
8250.63926,0.14755
8246.78202,0.14749
8242.92478,0.14744
8239.06754,0.14741
8235.21030,0.14745
8231.35305,0.14754
8227.49581,0.14761
8223.63857,0.14758
8219.78133,0.14743
8215.92409,0.14723
8212.06685,0.14710
8208.20961,0.14705
8204.35236,0.14699
8200.49512,0.14690
8196.63788,0.14682
8192.78064,0.14672
8188.92340,0.14657
8185.06616,0.14638
8181.20892,0.14614
8177.35168,0.14592
8173.49443,0.14583
8169.63719,0.14582
8165.77995,0.14575
8161.92271,0.14559
8158.06547,0.14543
8154.20823,0.14535
8150.35099,0.14532
8146.49374,0.14530
8142.63650,0.14521
8138.77926,0.14495
8134.92202,0.14462
8131.06478,0.14428
8127.20754,0.14395
8123.35030,0.14373
8119.49305,0.14358
8115.63581,0.14341
8111.77857,0.14323
8107.92133,0.14305
8104.06409,0.14294
8100.20685,0.14286
8096.34961,0.14269
8092.49237,0.14252
8088.63512,0.14242
8084.77788,0.14228
8080.92064,0.14204
8077.06340,0.14179
8073.20616,0.14162
8069.34892,0.14149
8065.49168,0.14130
8061.63443,0.14110
8057.77719,0.14090
8053.91995,0.14067
8050.06271,0.14047
8046.20547,0.14034
8042.34823,0.14034
8038.49099,0.14041
8034.63374,0.14036
8030.77650,0.14018
8026.91926,0.13998
8023.06202,0.13978
8019.20478,0.13963
8015.34754,0.13956
8011.49030,0.13944
8007.63306,0.13928
8003.77581,0.13933
7999.91857,0.13948
7996.06133,0.13935
7992.20409,0.13898
7988.34685,0.13879
7984.48961,0.13880
7980.63237,0.13877
7976.77512,0.13867
7972.91788,0.13862
7969.06064,0.13864
7965.20340,0.13863
7961.34616,0.13849
7957.48892,0.13827
7953.63168,0.13821
7949.77444,0.13834
7945.91719,0.13847
7942.05995,0.13852
7938.20271,0.13852
7934.34547,0.13845
7930.48823,0.13834
7926.63099,0.13830
7922.77375,0.13832
7918.91650,0.13830
7915.05926,0.13828
7911.20202,0.13832
7907.34478,0.13831
7903.48754,0.13827
7899.63030,0.13834
7895.77306,0.13848
7891.91581,0.13850
7888.05857,0.13844
7884.20133,0.13839
7880.34409,0.13839
7876.48685,0.13841
7872.62961,0.13844
7868.77237,0.13845
7864.91513,0.13843
7861.05788,0.13829
7857.20064,0.13809
7853.34340,0.13804
7849.48616,0.13811
7845.62892,0.13807
7841.77168,0.13801
7837.91444,0.13798
7834.05719,0.13784
7830.19995,0.13759
7826.34271,0.13742
7822.48547,0.13727
7818.62823,0.13708
7814.77099,0.13696
7810.91375,0.13697
7807.05650,0.13708
7803.19926,0.13715
7799.34202,0.13711
7795.48478,0.13693
7791.62754,0.13670
7787.77030,0.13664
7783.91306,0.13659
7780.05582,0.13645
7776.19857,0.13645
7772.34133,0.13654
7768.48409,0.13642
7764.62685,0.13615
7760.76961,0.13602
7756.91237,0.13600
7753.05513,0.13593
7749.19788,0.13582
7745.34064,0.13570
7741.48340,0.13550
7737.62616,0.13516
7733.76892,0.13484
7729.91168,0.13474
7726.05444,0.13476
7722.19720,0.13455
7718.33995,0.13406
7714.48271,0.13379
7710.62547,0.13406
7706.76823,0.13441
7702.91099,0.13432
7699.05375,0.13399
7695.19651,0.13377
7691.33926,0.13364
7687.48202,0.13358
7683.62478,0.13365
7679.76754,0.13386
7675.91030,0.13408
7672.05306,0.13413
7668.19582,0.13403
7664.33857,0.13396
7660.48133,0.13396
7656.62409,0.13401
7652.76685,0.13412
7648.90961,0.13424
7645.05237,0.13439
7641.19513,0.13452
7637.33789,0.13450
7633.48064,0.13445
7629.62340,0.13445
7625.76616,0.13456
7621.90892,0.13481
7618.05168,0.13510
7614.19444,0.13522
7610.33720,0.13528
7606.47995,0.13551
7602.62271,0.13570
7598.76547,0.13562
7594.90823,0.13552
7591.05099,0.13553
7587.19375,0.13553
7583.33651,0.13562
7579.47926,0.13592
7575.62202,0.13619
7571.76478,0.13628
7567.90754,0.13637
7564.05030,0.13653
7560.19306,0.13679
7556.33582,0.13724
7552.47858,0.13774
7548.62133,0.13809
7544.76409,0.13840
7540.90685,0.13870
7537.04961,0.13897
7533.19237,0.13925
7529.33513,0.13944
7525.47789,0.13955
7521.62064,0.13967
7517.76340,0.13975
7513.90616,0.13982
7510.04892,0.13999
7506.19168,0.14017
7502.33444,0.14035
7498.47720,0.14061
7494.61996,0.14098
7490.76271,0.14134
7486.90547,0.14163
7483.04823,0.14194
7479.19099,0.14238
7475.33375,0.14292
7471.47651,0.14343
7467.61927,0.14391
7463.76202,0.14454
7459.90478,0.14538
7456.04754,0.14621
7452.19030,0.14703
7448.33306,0.14793
7444.47582,0.14881
7440.61858,0.14962
7436.76133,0.15046
7432.90409,0.15142
7429.04685,0.15251
7425.18961,0.15369
7421.33237,0.15482
7417.47513,0.15587
7413.61789,0.15682
7409.76065,0.15770
7405.90340,0.15861
7402.04616,0.15957
7398.18892,0.16055
7394.33168,0.16159
7390.47444,0.16268
7386.61720,0.16375
7382.75996,0.16485
7378.90271,0.16609
7375.04547,0.16736
7371.18823,0.16856
7367.33099,0.16977
7363.47375,0.17096
7359.61651,0.17197
7355.75927,0.17276
7351.90202,0.17348
7348.04478,0.17425
7344.18754,0.17503
7340.33030,0.17574
7336.47306,0.17638
7332.61582,0.17698
7328.75858,0.17743
7324.90134,0.17765
7321.04409,0.17778
7317.18685,0.17800
7313.32961,0.17831
7309.47237,0.17853
7305.61513,0.17865
7301.75789,0.17883
7297.90065,0.17908
7294.04340,0.17938
7290.18616,0.17965
7286.32892,0.17985
7282.47168,0.18003
7278.61444,0.18027
7274.75720,0.18062
7270.89996,0.18102
7267.04272,0.18138
7263.18547,0.18175
7259.32823,0.18219
7255.47099,0.18262
7251.61375,0.18294
7247.75651,0.18319
7243.89927,0.18330
7240.04203,0.18337
7236.18478,0.18357
7232.32754,0.18383
7228.47030,0.18397
7224.61306,0.18410
7220.75582,0.18435
7216.89858,0.18461
7213.04134,0.18482
7209.18409,0.18505
7205.32685,0.18528
7201.46961,0.18541
7197.61237,0.18546
7193.75513,0.18557
7189.89789,0.18576
7186.04065,0.18603
7182.18341,0.18640
7178.32616,0.18683
7174.46892,0.18724
7170.61168,0.18759
7166.75444,0.18805
7162.89720,0.18875
7159.03996,0.18960
7155.18272,0.19046
7151.32547,0.19130
7147.46823,0.19223
7143.61099,0.19333
7139.75375,0.19451
7135.89651,0.19562
7132.03927,0.19662
7128.18203,0.19761
7124.32478,0.19864
7120.46754,0.19964
7116.61030,0.20064
7112.75306,0.20167
7108.89582,0.20274
7105.03858,0.20385
7101.18134,0.20498
7097.32410,0.20613
7093.46685,0.20733
7089.60961,0.20862
7085.75237,0.20997
7081.89513,0.21144
7078.03789,0.21300
7074.18065,0.21449
7070.32341,0.21593
7066.46616,0.21740
7062.60892,0.21890
7058.75168,0.22035
7054.89444,0.22170
7051.03720,0.22296
7047.17996,0.22424
7043.32272,0.22560
7039.46548,0.22691
7035.60823,0.22812
7031.75099,0.22924
7027.89375,0.23029
7024.03651,0.23126
7020.17927,0.23221
7016.32203,0.23317
7012.46479,0.23405
7008.60754,0.23482
7004.75030,0.23556
7000.89306,0.23629
6997.03582,0.23703
6993.17858,0.23780
6989.32134,0.23856
6985.46410,0.23919
6981.60685,0.23972
6977.74961,0.24021
6973.89237,0.24066
6970.03513,0.24119
6966.17789,0.24181
6962.32065,0.24234
6958.46341,0.24272
6954.60617,0.24304
6950.74892,0.24330
6946.89168,0.24353
6943.03444,0.24389
6939.17720,0.24434
6935.31996,0.24472
6931.46272,0.24505
6927.60548,0.24539
6923.74823,0.24571
6919.89099,0.24599
6916.03375,0.24631
6912.17651,0.24664
6908.31927,0.24693
6904.46203,0.24723
6900.60479,0.24758
6896.74754,0.24788
6892.89030,0.24812
6889.03306,0.24843
6885.17582,0.24879
6881.31858,0.24917
6877.46134,0.24964
6873.60410,0.25024
6869.74686,0.25083
6865.88961,0.25135
6862.03237,0.25191
6858.17513,0.25260
6854.31789,0.25329
6850.46065,0.25391
6846.60341,0.25449
6842.74617,0.25505
6838.88892,0.25560
6835.03168,0.25616
6831.17444,0.25679
6827.31720,0.25749
6823.45996,0.25829
6819.60272,0.25908
6815.74548,0.25974
6811.88824,0.26035
6808.03099,0.26103
6804.17375,0.26179
6800.31651,0.26250
6796.45927,0.26320
6792.60203,0.26403
6788.74479,0.26490
6784.88755,0.26566
6781.03030,0.26636
6777.17306,0.26711
6773.31582,0.26787
6769.45858,0.26857
6765.60134,0.26920
6761.74410,0.26974
6757.88686,0.27019
6754.02961,0.27057
6750.17237,0.27093
6746.31513,0.27124
6742.45789,0.27147
6738.60065,0.27163
6734.74341,0.27176
6730.88617,0.27195
6727.02893,0.27220
6723.17168,0.27241
6719.31444,0.27254
6715.45720,0.27259
6711.59996,0.27257
6707.74272,0.27253
6703.88548,0.27249
6700.02824,0.27247
6696.17099,0.27254
6692.31375,0.27264
6688.45651,0.27265
6684.59927,0.27253
6680.74203,0.27235
6676.88479,0.27211
6673.02755,0.27182
6669.17030,0.27157
6665.31306,0.27133
6661.45582,0.27100
6657.59858,0.27060
6653.74134,0.27026
6649.88410,0.26999
6646.02686,0.26966
6642.16962,0.26927
6638.31237,0.26885
6634.45513,0.26838
6630.59789,0.26785
6626.74065,0.26733
6622.88341,0.26681
6619.02617,0.26631
6615.16893,0.26582
6611.31168,0.26535
6607.45444,0.26495
6603.59720,0.26454
6599.73996,0.26407
6595.88272,0.26359
6592.02548,0.26320
6588.16824,0.26294
6584.31100,0.26272
6580.45375,0.26250
6576.59651,0.26230
6572.73927,0.26216
6568.88203,0.26210
6565.02479,0.26207
6561.16755,0.26208
6557.31031,0.26215
6553.45306,0.26226
6549.59582,0.26235
6545.73858,0.26247
6541.88134,0.26265
6538.02410,0.26282
6534.16686,0.26295
6530.30962,0.26309
6526.45237,0.26329
6522.59513,0.26348
6518.73789,0.26360
6514.88065,0.26373
6511.02341,0.26388
6507.16617,0.26401
6503.30893,0.26409
6499.45169,0.26413
6495.59444,0.26414
6491.73720,0.26415
6487.87996,0.26416
6484.02272,0.26420
6480.16548,0.26423
6476.30824,0.26416
6472.45100,0.26397
6468.59375,0.26380
6464.73651,0.26374
6460.87927,0.26362
6457.02203,0.26332
6453.16479,0.26296
6449.30755,0.26268
6445.45031,0.26247
6441.59306,0.26228
6437.73582,0.26209
6433.87858,0.26183
6430.02134,0.26151
6426.16410,0.26114
6422.30686,0.26074
6418.44962,0.26035
6414.59238,0.26003
6410.73513,0.25974
6406.87789,0.25952
6403.02065,0.25936
6399.16341,0.25921
6395.30617,0.25902
6391.44893,0.25879
6387.59169,0.25860
6383.73444,0.25846
6379.87720,0.25828
6376.01996,0.25807
6372.16272,0.25782
6368.30548,0.25755
6364.44824,0.25734
6360.59100,0.25722
6356.73376,0.25715
6352.87651,0.25705
6349.01927,0.25692
6345.16203,0.25685
6341.30479,0.25685
6337.44755,0.25691
6333.59031,0.25696
6329.73307,0.25692
6325.87582,0.25680
6322.01858,0.25675
6318.16134,0.25678
6314.30410,0.25682
6310.44686,0.25680
6306.58962,0.25665
6302.73238,0.25643
6298.87513,0.25624
6295.01789,0.25601
6291.16065,0.25568
6287.30341,0.25526
6283.44617,0.25479
6279.58893,0.25428
6275.73169,0.25372
6271.87445,0.25309
6268.01720,0.25240
6264.15996,0.25175
6260.30272,0.25112
6256.44548,0.25043
6252.58824,0.24972
6248.73100,0.24899
6244.87376,0.24818
6241.01651,0.24729
6237.15927,0.24643
6233.30203,0.24561
6229.44479,0.24480
6225.58755,0.24402
6221.73031,0.24342
6217.87307,0.24308
6214.01582,0.24310
6210.15858,0.24352
6206.30134,0.24423
6202.44410,0.24504
6198.58686,0.24566
6194.72962,0.24573
6190.87238,0.24507
6187.01514,0.24381
6183.15789,0.24235
6179.30065,0.24102
6175.44341,0.24001
6171.58617,0.23939
6167.72893,0.23909
6163.87169,0.23907
6160.01445,0.23942
6156.15720,0.24016
6152.29996,0.24113
6148.44272,0.24202
6144.58548,0.24257
6140.72824,0.24273
6136.87100,0.24260
6133.01376,0.24238
6129.15652,0.24238
6125.29927,0.24292
6121.44203,0.24422
6117.58479,0.24637
6113.72755,0.24941
6109.87031,0.25331
6106.01307,0.25797
6102.15583,0.26322
6098.29858,0.26886
6094.44134,0.27466
6090.58410,0.28039
6086.72686,0.28581
6082.86962,0.29082
6079.01238,0.29564
6075.15514,0.30077
6071.29789,0.30677
6067.44065,0.31380
6063.58341,0.32150
6059.72617,0.32913
6055.86893,0.33595
6052.01169,0.34173
6048.15445,0.34689
6044.29721,0.35195
6040.43996,0.35742
6036.58272,0.36355
6032.72548,0.37003
6028.86824,0.37608
6025.01100,0.38079
6021.15376,0.38336
6017.29652,0.38313
6013.43927,0.37984
6009.58203,0.37383
6005.72479,0.36590
6001.86755,0.35714
5998.01031,0.34858
5994.15307,0.34110
5990.29583,0.33524
5986.43858,0.33109
5982.58134,0.32829
5978.72410,0.32607
5974.86686,0.32337
5971.00962,0.31957
5967.15238,0.31506
5963.29514,0.31081
5959.43790,0.30759
5955.58065,0.30559
5951.72341,0.30461
5947.86617,0.30417
5944.00893,0.30347
5940.15169,0.30177
5936.29445,0.29870
5932.43721,0.29447
5928.57996,0.28962
5924.72272,0.28468
5920.86548,0.28002
5917.00824,0.27591
5913.15100,0.27248
5909.29376,0.26990
5905.43652,0.26842
5901.57927,0.26820
5897.72203,0.26919
5893.86479,0.27119
5890.00755,0.27387
5886.15031,0.27686
5882.29307,0.27976
5878.43583,0.28230
5874.57859,0.28449
5870.72134,0.28649
5866.86410,0.28812
5863.00686,0.28899
5859.14962,0.28892
5855.29238,0.28817
5851.43514,0.28717
5847.57790,0.28615
5843.72065,0.28528
5839.86341,0.28466
5836.00617,0.28435
5832.14893,0.28437
5828.29169,0.28461
5824.43445,0.28494
5820.57721,0.28535
5816.71997,0.28576
5812.86272,0.28601
5809.00548,0.28606
5805.14824,0.28592
5801.29100,0.28562
5797.43376,0.28520
5793.57652,0.28473
5789.71928,0.28425
5785.86203,0.28379
5782.00479,0.28336
5778.14755,0.28286
5774.29031,0.28222
5770.43307,0.28135
5766.57583,0.28024
5762.71859,0.27888
5758.86134,0.27723
5755.00410,0.27533
5751.14686,0.27323
5747.28962,0.27098
5743.43238,0.26870
5739.57514,0.26650
5735.71790,0.26445
5731.86066,0.26267
5728.00341,0.26132
5724.14617,0.26052
5720.28893,0.26028
5716.43169,0.26043
5712.57445,0.26069
5708.71721,0.26081
5704.85997,0.26074
5701.00272,0.26052
5697.14548,0.26014
5693.28824,0.25964
5689.43100,0.25910
5685.57376,0.25858
5681.71652,0.25812
5677.85928,0.25783
5674.00203,0.25779
5670.14479,0.25802
5666.28755,0.25846
5662.43031,0.25899
5658.57307,0.25941
5654.71583,0.25953
5650.85859,0.25928
5647.00135,0.25868
5643.14410,0.25777
5639.28686,0.25663
5635.42962,0.25540
5631.57238,0.25420
5627.71514,0.25311
5623.85790,0.25221
5620.00066,0.25154
5616.14341,0.25111
5612.28617,0.25089
5608.42893,0.25088
5604.57169,0.25106
5600.71445,0.25141
5596.85721,0.25190
5592.99997,0.25250
5589.14273,0.25314
5585.28548,0.25384
5581.42824,0.25463
5577.57100,0.25554
5573.71376,0.25643
5569.85652,0.25710
5565.99928,0.25748
5562.14204,0.25762
5558.28479,0.25762
5554.42755,0.25757
5550.57031,0.25755
5546.71307,0.25756
5542.85583,0.25756
5538.99859,0.25754
5535.14135,0.25748
5531.28410,0.25735
5527.42686,0.25713
5523.56962,0.25684
5519.71238,0.25645
5515.85514,0.25598
5511.99790,0.25554
5508.14066,0.25525
5504.28342,0.25522
5500.42617,0.25549
5496.56893,0.25608
5492.71169,0.25688
5488.85445,0.25770
5484.99721,0.25831
5481.13997,0.25861
5477.28273,0.25856
5473.42548,0.25819
5469.56824,0.25760
5465.71100,0.25689
5461.85376,0.25606
5457.99652,0.25500
5454.13928,0.25373
5450.28204,0.25230
5446.42479,0.25068
5442.56755,0.24888
5438.71031,0.24703
5434.85307,0.24531
5430.99583,0.24376
5427.13859,0.24244
5423.28135,0.24146
5419.42411,0.24082
5415.56686,0.24037
5411.70962,0.24000
5407.85238,0.23974
5403.99514,0.23960
5400.13790,0.23952
5396.28066,0.23939
5392.42342,0.23922
5388.56617,0.23910
5384.70893,0.23912
5380.85169,0.23927
5376.99445,0.23950
5373.13721,0.23976
5369.27997,0.24016
5365.42273,0.24073
5361.56549,0.24136
5357.70824,0.24194
5353.85100,0.24240
5349.99376,0.24272
5346.13652,0.24293
5342.27928,0.24307
5338.42204,0.24318
5334.56480,0.24332
5330.70755,0.24358
5326.85031,0.24406
5322.99307,0.24483
5319.13583,0.24594
5315.27859,0.24736
5311.42135,0.24906
5307.56411,0.25104
5303.70686,0.25329
5299.84962,0.25585
5295.99238,0.25879
5292.13514,0.26222
5288.27790,0.26617
5284.42066,0.27061
5280.56342,0.27560
5276.70618,0.28105
5272.84893,0.28666
5268.99169,0.29222
5265.13445,0.29773
5261.27721,0.30300
5257.41997,0.30766
5253.56273,0.31170
5249.70549,0.31524
5245.84824,0.31832
5241.99100,0.32097
5238.13376,0.32316
5234.27652,0.32494
5230.41928,0.32638
5226.56204,0.32760
5222.70480,0.32863
5218.84755,0.32942
5214.99031,0.33004
5211.13307,0.33054
5207.27583,0.33096
5203.41859,0.33128
5199.56135,0.33151
5195.70411,0.33167
5191.84687,0.33180
5187.98962,0.33196
5184.13238,0.33214
5180.27514,0.33225
5176.41790,0.33228
5172.56066,0.33227
5168.70342,0.33222
5164.84618,0.33218
5160.98893,0.33220
5157.13169,0.33229
5153.27445,0.33238
5149.41721,0.33242
5145.55997,0.33244
5141.70273,0.33247
5137.84549,0.33259
5133.98825,0.33283
5130.13100,0.33313
5126.27376,0.33341
5122.41652,0.33337
5118.55928,0.33253
5114.70204,0.33062
5110.84480,0.32779
5106.98756,0.32447
5103.13031,0.32110
5099.27307,0.31792
5095.41583,0.31495
5091.55859,0.31216
5087.70135,0.30960
5083.84411,0.30728
5079.98687,0.30522
5076.12962,0.30338
5072.27238,0.30169
5068.41514,0.30013
5064.55790,0.29866
5060.70066,0.29731
5056.84342,0.29609
5052.98618,0.29497
5049.12894,0.29396
5045.27169,0.29306
5041.41445,0.29228
5037.55721,0.29160
5033.69997,0.29094
5029.84273,0.29031
5025.98549,0.28972
5022.12825,0.28916
5018.27100,0.28864
5014.41376,0.28816
5010.55652,0.28773
5006.69928,0.28727
5002.84204,0.28670
4998.98480,0.28602
4995.12756,0.28538
4991.27031,0.28492
4987.41307,0.28467
4983.55583,0.28459
4979.69859,0.28464
4975.84135,0.28487
4971.98411,0.28531
4968.12687,0.28601
4964.26963,0.28699
4960.41238,0.28823
4956.55514,0.28972
4952.69790,0.29144
4948.84066,0.29336
4944.98342,0.29536
4941.12618,0.29741
4937.26894,0.29951
4933.41169,0.30166
4929.55445,0.30391
4925.69721,0.30627
4921.83997,0.30870
4917.98273,0.31125
4914.12549,0.31398
4910.26825,0.31684
4906.41101,0.31978
4902.55376,0.32281
4898.69652,0.32592
4894.83928,0.32910
4890.98204,0.33238
4887.12480,0.33575
4883.26756,0.33918
4879.41032,0.34266
4875.55307,0.34610
4871.69583,0.34941
4867.83859,0.35259
4863.98135,0.35566
4860.12411,0.35864
4856.26687,0.36162
4852.40963,0.36475
4848.55238,0.36813
4844.69514,0.37183
4840.83790,0.37591
4836.98066,0.38035
4833.12342,0.38493
4829.26618,0.38943
4825.40894,0.39374
4821.55170,0.39781
4817.69445,0.40165
4813.83721,0.40529
4809.97997,0.40865
4806.12273,0.41168
4802.26549,0.41430
4798.40825,0.41644
4794.55101,0.41804
4790.69376,0.41910
4786.83652,0.41967
4782.97928,0.41990
4779.12204,0.41999
4775.26480,0.42002
4771.40756,0.42022
4767.55032,0.42093
4763.69307,0.42232
4759.83583,0.42444
4755.97859,0.42717
4752.12135,0.43026
4748.26411,0.43344
4744.40687,0.43656
4740.54963,0.43958
4736.69239,0.44282
4732.83514,0.44690
4728.97790,0.45201
4725.12066,0.45742
4721.26342,0.46178
4717.40618,0.46413
4713.54894,0.46502
4709.69170,0.46627
4705.83445,0.46973
4701.97721,0.47593
4698.11997,0.48358
4694.26273,0.48998
4690.40549,0.49237
4686.54825,0.48939
4682.69101,0.48154
4678.83377,0.47077
4674.97652,0.45963
4671.11928,0.45033
4667.26204,0.44386
4663.40480,0.43986
4659.54756,0.43767
4655.69032,0.43719
4651.83308,0.43895
4647.97583,0.44335
4644.11859,0.44976
4640.26135,0.45620
4636.40411,0.45987
4632.54687,0.45824
4628.68963,0.45055
4624.83239,0.43866
4620.97514,0.42601
4617.11790,0.41544
4613.26066,0.40801
4609.40342,0.40361
4605.54618,0.40206
4601.68894,0.40326
4597.83170,0.40670
4593.97446,0.41090
4590.11721,0.41450
4586.25997,0.41743
4582.40273,0.41934
4578.54549,0.41810
4574.68825,0.41200
4570.83101,0.40227
4566.97377,0.39208
4563.11652,0.38402
4559.25928,0.37896
4555.40204,0.37631
4551.54480,0.37503
4547.68756,0.37431
4543.83032,0.37376
4539.97308,0.37333
4536.11583,0.37316
4532.25859,0.37348
4528.40135,0.37442
4524.54411,0.37600
4520.68687,0.37824
4516.82963,0.38125
4512.97239,0.38525
4509.11515,0.39068
4505.25790,0.39802
4501.40066,0.40741
4497.54342,0.41841
4493.68618,0.42974
4489.82894,0.43971
4485.97170,0.44747
4482.11446,0.45388
4478.25721,0.46086
4474.39997,0.47023
4470.54273,0.48316
4466.68549,0.49967
4462.82825,0.51722
4458.97101,0.53118
4455.11377,0.53890
4451.25653,0.54258
4447.39928,0.54628
4443.54204,0.55170
4439.68480,0.55774
4435.82756,0.56243
4431.97032,0.56402
4428.11308,0.56154
4424.25584,0.55578
4420.39859,0.54937
4416.54135,0.54501
4412.68411,0.54380
4408.82687,0.54484
4404.96963,0.54570
4401.11239,0.54433
4397.25515,0.54054
4393.39790,0.53535
4389.54066,0.52984
4385.68342,0.52487
4381.82618,0.52098
4377.96894,0.51836
4374.11170,0.51691
4370.25446,0.51667
4366.39722,0.51768
4362.53997,0.51951
4358.68273,0.52131
4354.82549,0.52286
4350.96825,0.52467
4347.11101,0.52720
4343.25377,0.53041
4339.39653,0.53375
4335.53928,0.53652
4331.68204,0.53854
4327.82480,0.54036
4323.96756,0.54253
4320.11032,0.54527
4316.25308,0.54884
4312.39584,0.55358
4308.53859,0.55950
4304.68135,0.56613
4300.82411,0.57260
4296.96687,0.57804
4293.10963,0.58183
4289.25239,0.58363
4285.39515,0.58362
4281.53791,0.58250
4277.68066,0.58097
4273.82342,0.57915
4269.96618,0.57680
4266.10894,0.57392
4262.25170,0.57123
4258.39446,0.56954
4254.53722,0.56916
4250.67997,0.56975
4246.82273,0.57027
4242.96549,0.56976
4239.10825,0.56837
4235.25101,0.56698
4231.39377,0.56601
4227.53653,0.56497
4223.67929,0.56309
4219.82204,0.56006
4215.96480,0.55636
4212.10756,0.55283
4208.25032,0.54995
4204.39308,0.54762
4200.53584,0.54573
4196.67860,0.54474
4192.82135,0.54549
4188.96411,0.54857
4185.10687,0.55375
4181.24963,0.55918
4177.39239,0.56177
4173.53515,0.55947
4169.67791,0.55312
4165.82066,0.54539
4161.96342,0.53875
4158.10618,0.53425
4154.24894,0.53181
4150.39170,0.53136
4146.53446,0.53321
4142.67722,0.53728
4138.81998,0.54265
4134.96273,0.54796
4131.10549,0.55215
4127.24825,0.55523
4123.39101,0.55823
4119.53377,0.56227
4115.67653,0.56811
4111.81929,0.57612
4107.96204,0.58656
4104.10480,0.60023
4100.24756,0.61853
4096.39032,0.64023
4092.53308,0.65810
4088.67584,0.66394
4084.81860,0.65712
4080.96135,0.64302
4077.10411,0.62705
4073.24687,0.61330
4069.38963,0.60401
4065.53239,0.59887
4061.67515,0.59644
4057.81791,0.59572
4053.96067,0.59618
4050.10342,0.59709
4046.24618,0.59780
4042.38894,0.59798
4038.53170,0.59776
4034.67446,0.59752
4030.81722,0.59745
4026.95998,0.59749
4023.10273,0.59754
4019.24549,0.59737
4015.38825,0.59680
4011.53101,0.59570
4007.67377,0.59396
4003.81653,0.59172
3999.95929,0.58916
3996.10205,0.58624
3992.24480,0.58314
3988.38756,0.58023
3984.53032,0.57790
3980.67308,0.57626
3976.81584,0.57498
3972.95860,0.57350
3969.10136,0.57157
3965.24411,0.56915
3961.38687,0.56619
3957.52963,0.56292
3953.67239,0.55963
3949.81515,0.55644
3945.95791,0.55354
3942.10067,0.55099
3938.24342,0.54870
3934.38618,0.54652
3930.52894,0.54453
3926.67170,0.54274
3922.81446,0.54104
3918.95722,0.53926
3915.09998,0.53724
3911.24274,0.53488
3907.38549,0.53191
3903.52825,0.52788
3899.67101,0.52336
3895.81377,0.51954
3891.95653,0.51628
3888.09929,0.51338
3884.24205,0.51101
3880.38480,0.50910
3876.52756,0.50724
3872.67032,0.50489
3868.81308,0.50188
3864.95584,0.49862
3861.09860,0.49565
3857.24136,0.49297
3853.38411,0.49020
3849.52687,0.48809
3845.66963,0.48679
3841.81239,0.48566
3837.95515,0.48480
3834.09791,0.48438
3830.24067,0.48413
3826.38343,0.48424
3822.52618,0.48542
3818.66894,0.48841
3814.81170,0.49238
3810.95446,0.49555
3807.09722,0.49706
3803.23998,0.49654
3799.38274,0.49423
3795.52549,0.49146
3791.66825,0.48939
3787.81101,0.48843
3783.95377,0.48871
3780.09653,0.49020
3776.23929,0.49251
3772.38205,0.49524
3768.52481,0.49854
3764.66756,0.50232
3760.81032,0.50550
3756.95308,0.50645
3753.09584,0.50405
3749.23860,0.49958
3745.38136,0.49695
3741.52412,0.49775
3737.66687,0.50118
3733.80963,0.50591
3729.95239,0.50861
3726.09515,0.50861
3722.23791,0.50837
3718.38067,0.50950
3714.52343,0.51272
3710.66618,0.51955
3706.80894,0.52944
3702.95170,0.54094
3699.09446,0.55465
3695.23722,0.57054
3691.37998,0.59088
3687.52274,0.61415
3683.66550,0.62985
3679.80825,0.63804
3675.95101,0.64657
3672.09377,0.66162
3668.23653,0.68069
3664.37929,0.69838
3660.52205,0.71497
3656.66481,0.73233
3652.80756,0.75054
3648.95032,0.77019
3645.09308,0.78926
3641.23584,0.80354
3637.37860,0.81430
3633.52136,0.82319
3629.66412,0.83243
3625.80687,0.84184
3621.94963,0.84829
3618.09239,0.85432
3614.23515,0.86078
3610.37791,0.86780
3606.52067,0.87494
3602.66343,0.88026
3598.80619,0.88508
