12493.60475,0.11673
12489.74751,0.11571
12485.89027,0.11523
12482.03303,0.11471
12478.17579,0.11276
12474.31855,0.11270
12470.46130,0.11485
12466.60406,0.11527
12462.74682,0.11481
12458.88958,0.11574
12455.03234,0.11836
12451.17510,0.12153
12447.31786,0.12165
12443.46062,0.11900
12439.60337,0.11768
12435.74613,0.11751
12431.88889,0.11649
12428.03165,0.11569
12424.17441,0.11617
12420.31717,0.11654
12416.45993,0.11527
12412.60268,0.11425
12408.74544,0.11564
12404.88820,0.11738
12401.03096,0.11831
12397.17372,0.11994
12393.31648,0.12152
12389.45924,0.12159
12385.60199,0.12123
12381.74475,0.12196
12377.88751,0.12329
12374.03027,0.12330
12370.17303,0.12166
12366.31579,0.12043
12362.45855,0.12069
12358.60131,0.12052
12354.74406,0.11879
12350.88682,0.11781
12347.02958,0.11821
12343.17234,0.11728
12339.31510,0.11540
12335.45786,0.11552
12331.60062,0.11686
12327.74337,0.11666
12323.88613,0.11484
12320.02889,0.11236
12316.17165,0.11028
12312.31441,0.11101
12308.45717,0.11352
12304.59993,0.11338
12300.74268,0.11094
12296.88544,0.11092
12293.02820,0.11428
12289.17096,0.11705
12285.31372,0.11779
12281.45648,0.11923
12277.59924,0.12104
12273.74200,0.12083
12269.88475,0.11879
12266.02751,0.11591
12262.17027,0.11535
12258.31303,0.12061
12254.45579,0.12660
12250.59855,0.12559
12246.74131,0.12023
12242.88406,0.11707
12239.02682,0.11567
12235.16958,0.11401
12231.31234,0.11385
12227.45510,0.11638
12223.59786,0.11926
12219.74062,0.11995
12215.88338,0.11867
12212.02613,0.11684
12208.16889,0.11527
12204.31165,0.11451
12200.45441,0.11538
12196.59717,0.11729
12192.73993,0.11868
12188.88269,0.11886
12185.02544,0.11704
12181.16820,0.11454
12177.31096,0.11348
12173.45372,0.11323
12169.59648,0.11480
12165.73924,0.11867
12161.88200,0.12082
12158.02475,0.11972
12154.16751,0.11882
12150.31027,0.11919
12146.45303,0.11781
12142.59579,0.11550
12138.73855,0.11556
12134.88131,0.11606
12131.02407,0.11538
12127.16682,0.11519
12123.30958,0.11520
12119.45234,0.11505
12115.59510,0.11489
12111.73786,0.11399
12107.88062,0.11357
12104.02338,0.11474
12100.16613,0.11636
12096.30889,0.11687
12092.45165,0.11549
12088.59441,0.11417
12084.73717,0.11517
12080.87993,0.11751
12077.02269,0.11909
12073.16544,0.11895
12069.30820,0.11763
12065.45096,0.11646
12061.59372,0.11604
12057.73648,0.11557
12053.87924,0.11522
12050.02200,0.11617
12046.16476,0.11774
12042.30751,0.11853
12038.45027,0.11826
12034.59303,0.11790
12030.73579,0.11894
12026.87855,0.12061
12023.02131,0.12109
12019.16407,0.12065
12015.30682,0.12018
12011.44958,0.11919
12007.59234,0.11765
12003.73510,0.11619
11999.87786,0.11524
11996.02062,0.11569
11992.16338,0.11727
11988.30614,0.11840
11984.44889,0.11869
11980.59165,0.11833
11976.73441,0.11804
11972.87717,0.11893
11969.01993,0.11966
11965.16269,0.11923
11961.30545,0.11947
11957.44820,0.12035
11953.59096,0.12030
11949.73372,0.11898
11945.87648,0.11732
11942.01924,0.11733
11938.16200,0.11878
11934.30476,0.11947
11930.44751,0.11966
11926.59027,0.12031
11922.73303,0.11979
11918.87579,0.11818
11915.01855,0.11861
11911.16131,0.12080
11907.30407,0.12215
11903.44683,0.12212
11899.58958,0.12128
11895.73234,0.12058
11891.87510,0.12079
11888.01786,0.12138
11884.16062,0.12106
11880.30338,0.12042
11876.44614,0.12109
11872.58889,0.12211
11868.73165,0.12206
11864.87441,0.12141
11861.01717,0.12059
11857.15993,0.12042
11853.30269,0.12139
11849.44545,0.12171
11845.58820,0.12106
11841.73096,0.12167
11837.87372,0.12372
11834.01648,0.12539
11830.15924,0.12542
11826.30200,0.12447
11822.44476,0.12383
11818.58752,0.12310
11814.73027,0.12206
11810.87303,0.12119
11807.01579,0.12061
11803.15855,0.12125
11799.30131,0.12298
11795.44407,0.12368
11791.58683,0.12297
11787.72958,0.12277
11783.87234,0.12365
11780.01510,0.12401
11776.15786,0.12366
11772.30062,0.12347
11768.44338,0.12313
11764.58614,0.12262
11760.72890,0.12238
11756.87165,0.12248
11753.01441,0.12274
11749.15717,0.12309
11745.29993,0.12324
11741.44269,0.12238
11737.58545,0.12105
11733.72821,0.12086
11729.87096,0.12200
11726.01372,0.12370
11722.15648,0.12493
11718.29924,0.12458
11714.44200,0.12360
11710.58476,0.12398
11706.72752,0.12505
11702.87027,0.12498
11699.01303,0.12406
11695.15579,0.12322
11691.29855,0.12231
11687.44131,0.12118
11683.58407,0.12072
11679.72683,0.12125
11675.86959,0.12128
11672.01234,0.12056
11668.15510,0.12050
11664.29786,0.12110
11660.44062,0.12122
11656.58338,0.12099
11652.72614,0.12164
11648.86890,0.12268
11645.01165,0.12239
11641.15441,0.12131
11637.29717,0.12105
11633.43993,0.12176
11629.58269,0.12250
11625.72545,0.12254
11621.86821,0.12223
11618.01096,0.12196
11614.15372,0.12172
11610.29648,0.12226
11606.43924,0.12367
11602.58200,0.12404
11598.72476,0.12260
11594.86752,0.12120
11591.01028,0.12132
11587.15303,0.12236
11583.29579,0.12231
11579.43855,0.12078
11575.58131,0.12018
11571.72407,0.12133
11567.86683,0.12223
11564.00959,0.12165
11560.15234,0.11997
11556.29510,0.11913
11552.43786,0.12095
11548.58062,0.12307
11544.72338,0.12238
11540.86614,0.12114
11537.00890,0.12228
11533.15166,0.12360
11529.29441,0.12210
11525.43717,0.11964
11521.57993,0.11983
11517.72269,0.12202
11513.86545,0.12305
11510.00821,0.12236
11506.15097,0.12227
11502.29372,0.12370
11498.43648,0.12411
11494.57924,0.12206
11490.72200,0.12080
11486.86476,0.12256
11483.00752,0.12418
11479.15028,0.12363
11475.29303,0.12285
11471.43579,0.12246
11467.57855,0.12188
11463.72131,0.12131
11459.86407,0.12087
11456.00683,0.12087
11452.14959,0.12104
11448.29235,0.12037
11444.43510,0.11937
11440.57786,0.11949
11436.72062,0.12014
11432.86338,0.11999
11429.00614,0.11912
11425.14890,0.11786
11421.29166,0.11710
11417.43441,0.11760
11413.57717,0.11822
11409.71993,0.11826
11405.86269,0.11814
11402.00545,0.11777
11398.14821,0.11741
11394.29097,0.11752
11390.43372,0.11777
11386.57648,0.11802
11382.71924,0.11921
11378.86200,0.12057
11375.00476,0.11967
11371.14752,0.11728
11367.29028,0.11582
11363.43304,0.11614
11359.57579,0.11865
11355.71855,0.12163
11351.86131,0.12205
11348.00407,0.12071
11344.14683,0.12012
11340.28959,0.12026
11336.43235,0.12031
11332.57510,0.11979
11328.71786,0.11874
11324.86062,0.11796
11321.00338,0.11800
11317.14614,0.11909
11313.28890,0.12005
11309.43166,0.11948
11305.57442,0.11853
11301.71717,0.11804
11297.85993,0.11779
11294.00269,0.11849
11290.14545,0.12048
11286.28821,0.12288
11282.43097,0.12376
11278.57373,0.12254
11274.71648,0.12125
11270.85924,0.12017
11267.00200,0.11877
11263.14476,0.11896
11259.28752,0.12041
11255.43028,0.12077
11251.57304,0.12009
11247.71579,0.11910
11243.85855,0.11797
11240.00131,0.11747
11236.14407,0.11823
11232.28683,0.11903
11228.42959,0.11869
11224.57235,0.11862
11220.71511,0.11975
11216.85786,0.12015
11213.00062,0.11882
11209.14338,0.11782
11205.28614,0.11829
11201.42890,0.11941
11197.57166,0.11990
11193.71442,0.11835
11189.85717,0.11615
11185.99993,0.11596
11182.14269,0.11675
11178.28545,0.11659
11174.42821,0.11604
11170.57097,0.11594
11166.71373,0.11632
11162.85648,0.11700
11158.99924,0.11764
11155.14200,0.11797
11151.28476,0.11791
11147.42752,0.11765
11143.57028,0.11828
11139.71304,0.11951
11135.85580,0.11964
11131.99855,0.11949
11128.14131,0.12021
11124.28407,0.12041
11120.42683,0.11956
11116.56959,0.11881
11112.71235,0.11894
11108.85511,0.11961
11104.99786,0.11991
11101.14062,0.11959
11097.28338,0.11906
11093.42614,0.11890
11089.56890,0.11937
11085.71166,0.12001
11081.85442,0.12036
11077.99718,0.12008
11074.13993,0.11931
11070.28269,0.11841
11066.42545,0.11760
11062.56821,0.11759
11058.71097,0.11814
11054.85373,0.11800
11050.99649,0.11760
11047.13924,0.11770
11043.28200,0.11755
11039.42476,0.11742
11035.56752,0.11820
11031.71028,0.11901
11027.85304,0.11887
11023.99580,0.11818
11020.13855,0.11743
11016.28131,0.11716
11012.42407,0.11814
11008.56683,0.12008
11004.70959,0.12154
11000.85235,0.12123
10996.99511,0.12000
10993.13787,0.12013
10989.28062,0.12095
10985.42338,0.12052
10981.56614,0.11951
10977.70890,0.11887
10973.85166,0.11877
10969.99442,0.11905
10966.13718,0.11867
10962.27993,0.11730
10958.42269,0.11621
10954.56545,0.11642
10950.70821,0.11723
10946.85097,0.11759
10942.99373,0.11758
10939.13649,0.11752
10935.27924,0.11768
10931.42200,0.11813
10927.56476,0.11840
10923.70752,0.11812
10919.85028,0.11752
10915.99304,0.11698
10912.13580,0.11667
10908.27856,0.11667
10904.42131,0.11700
10900.56407,0.11741
10896.70683,0.11757
10892.84959,0.11772
10888.99235,0.11790
10885.13511,0.11720
10881.27787,0.11602
10877.42062,0.11566
10873.56338,0.11596
10869.70614,0.11653
10865.84890,0.11743
10861.99166,0.11775
10858.13442,0.11681
10854.27718,0.11529
10850.41993,0.11424
10846.56269,0.11433
10842.70545,0.11473
10838.84821,0.11438
10834.99097,0.11422
10831.13373,0.11509
10827.27649,0.11597
10823.41925,0.11595
10819.56200,0.11524
10815.70476,0.11483
10811.84752,0.11523
10807.99028,0.11560
10804.13304,0.11563
10800.27580,0.11568
10796.41856,0.11544
10792.56131,0.11502
10788.70407,0.11462
10784.84683,0.11415
10780.98959,0.11406
10777.13235,0.11426
10773.27511,0.11410
10769.41787,0.11368
10765.56063,0.11358
10761.70338,0.11397
10757.84614,0.11461
10753.98890,0.11510
10750.13166,0.11489
10746.27442,0.11421
10742.41718,0.11413
10738.55994,0.11468
10734.70269,0.11491
10730.84545,0.11457
10726.98821,0.11413
10723.13097,0.11370
10719.27373,0.11303
10715.41649,0.11281
10711.55925,0.11356
10707.70200,0.11422
10703.84476,0.11418
10699.98752,0.11396
10696.13028,0.11397
10692.27304,0.11438
10688.41580,0.11501
10684.55856,0.11539
10680.70132,0.11549
10676.84407,0.11576
10672.98683,0.11600
10669.12959,0.11575
10665.27235,0.11538
10661.41511,0.11538
10657.55787,0.11529
10653.70063,0.11442
10649.84338,0.11346
10645.98614,0.11333
10642.12890,0.11364
10638.27166,0.11410
10634.41442,0.11462
10630.55718,0.11466
10626.69994,0.11414
10622.84269,0.11349
10618.98545,0.11317
10615.12821,0.11344
10611.27097,0.11387
10607.41373,0.11387
10603.55649,0.11374
10599.69925,0.11387
10595.84201,0.11396
10591.98476,0.11363
10588.12752,0.11290
10584.27028,0.11264
10580.41304,0.11341
10576.55580,0.11404
10572.69856,0.11356
10568.84132,0.11287
10564.98407,0.11282
10561.12683,0.11260
10557.26959,0.11190
10553.41235,0.11162
10549.55511,0.11162
10545.69787,0.11119
10541.84063,0.11073
10537.98339,0.11093
10534.12614,0.11167
10530.26890,0.11221
10526.41166,0.11192
10522.55442,0.11094
10518.69718,0.11020
10514.83994,0.11042
10510.98270,0.11121
10507.12545,0.11165
10503.26821,0.11162
10499.41097,0.11160
10495.55373,0.11170
10491.69649,0.11175
10487.83925,0.11154
10483.98201,0.11123
10480.12476,0.11120
10476.26752,0.11147
10472.41028,0.11193
10468.55304,0.11200
10464.69580,0.11136
10460.83856,0.11093
10456.98132,0.11111
10453.12408,0.11139
10449.26683,0.11138
10445.40959,0.11111
10441.55235,0.11079
10437.69511,0.11054
10433.83787,0.11032
10429.98063,0.11021
10426.12339,0.11026
10422.26614,0.11039
10418.40890,0.11032
10414.55166,0.11007
10410.69442,0.10998
10406.83718,0.11019
10402.97994,0.11049
10399.12270,0.11062
10395.26545,0.11064
10391.40821,0.11080
10387.55097,0.11090
10383.69373,0.11061
10379.83649,0.11023
10375.97925,0.11028
10372.12201,0.11072
10368.26477,0.11114
10364.40752,0.11148
10360.55028,0.11172
10356.69304,0.11151
10352.83580,0.11095
10348.97856,0.11071
10345.12132,0.11103
10341.26408,0.11130
10337.40683,0.11114
10333.54959,0.11099
10329.69235,0.11102
10325.83511,0.11115
10321.97787,0.11129
10318.12063,0.11142
10314.26339,0.11170
10310.40615,0.11206
10306.54890,0.11217
10302.69166,0.11201
10298.83442,0.11214
10294.97718,0.11256
10291.11994,0.11265
10287.26270,0.11229
10283.40546,0.11198
10279.54821,0.11189
10275.69097,0.11192
10271.83373,0.11212
10267.97649,0.11256
10264.11925,0.11300
10260.26201,0.11296
10256.40477,0.11246
10252.54752,0.11222
10248.69028,0.11245
10244.83304,0.11250
10240.97580,0.11211
10237.11856,0.11195
10233.26132,0.11238
10229.40408,0.11286
10225.54684,0.11296
10221.68959,0.11287
10217.83235,0.11292
10213.97511,0.11296
10210.11787,0.11290
10206.26063,0.11306
10202.40339,0.11330
10198.54615,0.11340
10194.68890,0.11347
10190.83166,0.11352
10186.97442,0.11352
10183.11718,0.11367
10179.25994,0.11381
10175.40270,0.11347
10171.54546,0.11294
10167.68821,0.11291
10163.83097,0.11349
10159.97373,0.11400
10156.11649,0.11389
10152.25925,0.11361
10148.40201,0.11386
10144.54477,0.11420
10140.68753,0.11387
10136.83028,0.11317
10132.97304,0.11298
10129.11580,0.11368
10125.25856,0.11461
10121.40132,0.11492
10117.54408,0.11482
10113.68684,0.11485
10109.82959,0.11486
10105.97235,0.11463
10102.11511,0.11431
10098.25787,0.11419
10094.40063,0.11432
10090.54339,0.11435
10086.68615,0.11398
10082.82891,0.11383
10078.97166,0.11419
10075.11442,0.11425
10071.25718,0.11375
10067.39994,0.11330
10063.54270,0.11339
10059.68546,0.11380
10055.82822,0.11404
10051.97097,0.11429
10048.11373,0.11475
10044.25649,0.11525
10040.39925,0.11553
10036.54201,0.11521
10032.68477,0.11455
10028.82753,0.11427
10024.97028,0.11437
10021.11304,0.11435
10017.25580,0.11391
10013.39856,0.11346
10009.54132,0.11355
10005.68408,0.11390
10001.82684,0.11400
9997.96960,0.11385
9994.11235,0.11379
9990.25511,0.11414
9986.39787,0.11470
9982.54063,0.11496
9978.68339,0.11472
9974.82615,0.11430
9970.96891,0.11412
9967.11166,0.11420
9963.25442,0.11434
9959.39718,0.11440
9955.53994,0.11433
9951.68270,0.11424
9947.82546,0.11447
9943.96822,0.11490
9940.11097,0.11501
9936.25373,0.11482
9932.39649,0.11469
9928.53925,0.11477
9924.68201,0.11486
9920.82477,0.11479
9916.96753,0.11470
9913.11029,0.11482
9909.25304,0.11507
9905.39580,0.11509
9901.53856,0.11491
9897.68132,0.11496
9893.82408,0.11531
9889.96684,0.11562
9886.10960,0.11571
9882.25235,0.11549
9878.39511,0.11497
9874.53787,0.11461
9870.68063,0.11469
9866.82339,0.11487
9862.96615,0.11494
9859.10891,0.11500
9855.25167,0.11491
9851.39442,0.11467
9847.53718,0.11453
9843.67994,0.11461
9839.82270,0.11496
9835.96546,0.11536
9832.10822,0.11546
9828.25098,0.11524
9824.39373,0.11511
9820.53649,0.11546
9816.67925,0.11587
9812.82201,0.11581
9808.96477,0.11553
9805.10753,0.11519
9801.25029,0.11476
9797.39304,0.11455
9793.53580,0.11473
9789.67856,0.11508
9785.82132,0.11525
9781.96408,0.11506
9778.10684,0.11485
9774.24960,0.11476
9770.39236,0.11452
9766.53511,0.11419
9762.67787,0.11424
9758.82063,0.11450
9754.96339,0.11452
9751.10615,0.11456
9747.24891,0.11488
9743.39167,0.11493
9739.53442,0.11456
9735.67718,0.11419
9731.81994,0.11381
9727.96270,0.11353
9724.10546,0.11373
9720.24822,0.11422
9716.39098,0.11454
9712.53373,0.11456
9708.67649,0.11439
9704.81925,0.11412
9700.96201,0.11379
9697.10477,0.11361
9693.24753,0.11365
9689.39029,0.11363
9685.53305,0.11343
9681.67580,0.11310
9677.81856,0.11270
9673.96132,0.11240
9670.10408,0.11259
9666.24684,0.11286
9662.38960,0.11278
9658.53236,0.11296
9654.67511,0.11355
9650.81787,0.11380
9646.96063,0.11356
9643.10339,0.11330
9639.24615,0.11325
9635.38891,0.11332
9631.53167,0.11330
9627.67443,0.11305
9623.81718,0.11283
9619.95994,0.11278
9616.10270,0.11264
9612.24546,0.11248
9608.38822,0.11249
9604.53098,0.11233
9600.67374,0.11191
9596.81649,0.11171
9592.95925,0.11205
9589.10201,0.11255
9585.24477,0.11269
9581.38753,0.11250
9577.53029,0.11230
9573.67305,0.11228
9569.81580,0.11235
9565.95856,0.11237
9562.10132,0.11235
9558.24408,0.11224
9554.38684,0.11199
9550.52960,0.11172
9546.67236,0.11159
9542.81512,0.11166
9538.95787,0.11183
9535.10063,0.11185
9531.24339,0.11170
9527.38615,0.11164
9523.52891,0.11182
9519.67167,0.11203
9515.81443,0.11204
9511.95718,0.11182
9508.09994,0.11139
9504.24270,0.11101
9500.38546,0.11100
9496.52822,0.11112
9492.67098,0.11106
9488.81374,0.11101
9484.95649,0.11115
9481.09925,0.11127
9477.24201,0.11120
9473.38477,0.11116
9469.52753,0.11105
9465.67029,0.11078
9461.81305,0.11066
9457.95581,0.11077
9454.09856,0.11094
9450.24132,0.11110
9446.38408,0.11130
9442.52684,0.11146
9438.66960,0.11143
9434.81236,0.11112
9430.95512,0.11079
9427.09787,0.11061
9423.24063,0.11046
9419.38339,0.11046
9415.52615,0.11057
9411.66891,0.11049
9407.81167,0.11041
9403.95443,0.11052
9400.09719,0.11043
9396.23994,0.11009
9392.38270,0.10992
9388.52546,0.10995
9384.66822,0.11000
9380.81098,0.11020
9376.95374,0.11052
9373.09650,0.11062
9369.23925,0.11030
9365.38201,0.10998
9361.52477,0.10998
9357.66753,0.11015
9353.81029,0.11028
9349.95305,0.11030
9346.09581,0.11027
9342.23856,0.11032
9338.38132,0.11038
9334.52408,0.11038
9330.66684,0.11044
9326.80960,0.11055
9322.95236,0.11044
9319.09512,0.11022
9315.23788,0.11020
9311.38063,0.11024
9307.52339,0.11014
9303.66615,0.11009
9299.80891,0.11022
9295.95167,0.11032
9292.09443,0.11011
9288.23719,0.10982
9284.37994,0.10992
9280.52270,0.11022
9276.66546,0.11033
9272.80822,0.11015
9268.95098,0.10992
9265.09374,0.10999
9261.23650,0.11027
9257.37925,0.11030
9253.52201,0.10994
9249.66477,0.10960
9245.80753,0.10958
9241.95029,0.10967
9238.09305,0.10980
9234.23581,0.10997
9230.37857,0.10998
9226.52132,0.10989
9222.66408,0.10981
9218.80684,0.10979
9214.94960,0.10984
9211.09236,0.10999
9207.23512,0.11015
9203.37788,0.11014
9199.52063,0.10995
9195.66339,0.10972
9191.80615,0.10955
9187.94891,0.10944
9184.09167,0.10945
9180.23443,0.10970
9176.37719,0.10984
9172.51995,0.10963
9168.66270,0.10945
9164.80546,0.10957
9160.94822,0.10983
9157.09098,0.10999
9153.23374,0.10986
9149.37650,0.10954
9145.51926,0.10947
9141.66201,0.10976
9137.80477,0.10998
9133.94753,0.10996
9130.09029,0.10995
9126.23305,0.11007
9122.37581,0.11010
9118.51857,0.11000
9114.66132,0.10996
9110.80408,0.11019
9106.94684,0.11064
9103.08960,0.11097
9099.23236,0.11096
9095.37512,0.11070
9091.51788,0.11045
9087.66064,0.11053
9083.80339,0.11084
9079.94615,0.11094
9076.08891,0.11074
9072.23167,0.11050
9068.37443,0.11063
9064.51719,0.11106
9060.65995,0.11120
9056.80270,0.11099
9052.94546,0.11088
9049.08822,0.11101
9045.23098,0.11132
9041.37374,0.11164
9037.51650,0.11179
9033.65926,0.11201
9029.80201,0.11245
9025.94477,0.11287
9022.08753,0.11311
9018.23029,0.11325
9014.37305,0.11344
9010.51581,0.11374
9006.65857,0.11407
9002.80133,0.11429
8998.94408,0.11460
8995.08684,0.11524
8991.22960,0.11594
8987.37236,0.11627
8983.51512,0.11631
8979.65788,0.11658
8975.80064,0.11732
8971.94339,0.11818
8968.08615,0.11885
8964.22891,0.11939
8960.37167,0.12006
8956.51443,0.12083
8952.65719,0.12145
8948.79995,0.12204
8944.94271,0.12292
8941.08546,0.12390
8937.22822,0.12469
8933.37098,0.12536
8929.51374,0.12608
8925.65650,0.12690
8921.79926,0.12796
8917.94202,0.12915
8914.08477,0.13026
8910.22753,0.13133
8906.37029,0.13257
8902.51305,0.13402
8898.65581,0.13556
8894.79857,0.13700
8890.94133,0.13831
8887.08408,0.13949
8883.22684,0.14054
8879.36960,0.14158
8875.51236,0.14272
8871.65512,0.14377
8867.79788,0.14454
8863.94064,0.14511
8860.08340,0.14545
8856.22615,0.14552
8852.36891,0.14537
8848.51167,0.14503
8844.65443,0.14458
8840.79719,0.14405
8836.93995,0.14353
8833.08271,0.14304
8829.22546,0.14236
8825.36822,0.14155
8821.51098,0.14074
8817.65374,0.13985
8813.79650,0.13871
8809.93926,0.13732
8806.08202,0.13589
8802.22477,0.13455
8798.36753,0.13333
8794.51029,0.13224
8790.65305,0.13127
8786.79581,0.13022
8782.93857,0.12902
8779.08133,0.12796
8775.22409,0.12712
8771.36684,0.12633
8767.50960,0.12553
8763.65236,0.12487
8759.79512,0.12441
8755.93788,0.12403
8752.08064,0.12364
8748.22340,0.12337
8744.36615,0.12329
8740.50891,0.12316
8736.65167,0.12296
8732.79443,0.12297
8728.93719,0.12322
8725.07995,0.12349
8721.22271,0.12367
8717.36547,0.12374
8713.50822,0.12371
8709.65098,0.12376
8705.79374,0.12400
8701.93650,0.12431
8698.07926,0.12461
8694.22202,0.12482
8690.36478,0.12494
8686.50753,0.12517
8682.65029,0.12540
8678.79305,0.12538
8674.93581,0.12532
8671.07857,0.12551
8667.22133,0.12589
8663.36409,0.12627
8659.50684,0.12655
8655.64960,0.12685
8651.79236,0.12721
8647.93512,0.12758
8644.07788,0.12793
8640.22064,0.12822
8636.36340,0.12848
8632.50616,0.12879
8628.64891,0.12915
8624.79167,0.12947
8620.93443,0.12976
8617.07719,0.13007
8613.21995,0.13038
8609.36271,0.13069
8605.50547,0.13114
8601.64822,0.13169
8597.79098,0.13211
8593.93374,0.13237
8590.07650,0.13270
8586.21926,0.13312
8582.36202,0.13349
8578.50478,0.13371
8574.64753,0.13381
8570.79029,0.13395
8566.93305,0.13420
8563.07581,0.13449
8559.21857,0.13478
8555.36133,0.13511
8551.50409,0.13550
8547.64685,0.13595
8543.78960,0.13649
8539.93236,0.13692
8536.07512,0.13711
8532.21788,0.13732
8528.36064,0.13764
8524.50340,0.13791
8520.64616,0.13811
8516.78891,0.13827
8512.93167,0.13839
8509.07443,0.13857
8505.21719,0.13878
8501.35995,0.13892
8497.50271,0.13899
8493.64547,0.13904
8489.78822,0.13915
8485.93098,0.13930
8482.07374,0.13939
8478.21650,0.13941
8474.35926,0.13932
8470.50202,0.13916
8466.64478,0.13900
8462.78754,0.13891
8458.93029,0.13888
8455.07305,0.13878
8451.21581,0.13859
8447.35857,0.13839
8443.50133,0.13818
8439.64409,0.13803
8435.78685,0.13798
8431.92960,0.13790
8428.07236,0.13774
8424.21512,0.13768
8420.35788,0.13772
8416.50064,0.13762
8412.64340,0.13734
8408.78616,0.13705
8404.92892,0.13690
8401.07167,0.13681
8397.21443,0.13654
8393.35719,0.13612
8389.49995,0.13584
8385.64271,0.13569
8381.78547,0.13556
8377.92823,0.13554
8374.07098,0.13556
8370.21374,0.13545
8366.35650,0.13524
8362.49926,0.13500
8358.64202,0.13478
8354.78478,0.13467
8350.92754,0.13476
8347.07029,0.13493
8343.21305,0.13492
8339.35581,0.13472
8335.49857,0.13449
8331.64133,0.13435
8327.78409,0.13437
8323.92685,0.13441
8320.06961,0.13437
8316.21236,0.13436
8312.35512,0.13439
8308.49788,0.13431
8304.64064,0.13416
8300.78340,0.13403
8296.92616,0.13393
8293.06892,0.13391
8289.21167,0.13404
8285.35443,0.13419
8281.49719,0.13421
8277.63995,0.13415
8273.78271,0.13415
8269.92547,0.13422
8266.06823,0.13422
8262.21098,0.13415
8258.35374,0.13415
8254.49650,0.13413
8250.63926,0.13398
8246.78202,0.13389
8242.92478,0.13397
8239.06754,0.13419
8235.21030,0.13447
8231.35305,0.13459
8227.49581,0.13444
8223.63857,0.13426
8219.78133,0.13422
8215.92409,0.13423
8212.06685,0.13427
8208.20961,0.13432
8204.35236,0.13424
8200.49512,0.13396
8196.63788,0.13373
8192.78064,0.13366
8188.92340,0.13358
8185.06616,0.13340
8181.20892,0.13330
8177.35168,0.13326
8173.49443,0.13304
8169.63719,0.13281
8165.77995,0.13272
8161.92271,0.13266
8158.06547,0.13256
8154.20823,0.13240
8150.35099,0.13217
8146.49374,0.13202
8142.63650,0.13189
8138.77926,0.13170
8134.92202,0.13147
8131.06478,0.13130
8127.20754,0.13116
8123.35030,0.13104
8119.49305,0.13094
8115.63581,0.13075
8111.77857,0.13041
8107.92133,0.13007
8104.06409,0.12984
8100.20685,0.12965
8096.34961,0.12947
8092.49237,0.12934
8088.63512,0.12918
8084.77788,0.12896
8080.92064,0.12879
8077.06340,0.12870
8073.20616,0.12862
8069.34892,0.12845
8065.49168,0.12817
8061.63443,0.12791
8057.77719,0.12784
8053.91995,0.12784
8050.06271,0.12765
8046.20547,0.12733
8042.34823,0.12714
8038.49099,0.12716
8034.63374,0.12710
8030.77650,0.12677
8026.91926,0.12641
8023.06202,0.12636
8019.20478,0.12651
8015.34754,0.12652
8011.49030,0.12639
8007.63306,0.12626
8003.77581,0.12618
7999.91857,0.12615
7996.06133,0.12614
7992.20409,0.12610
7988.34685,0.12596
7984.48961,0.12580
7980.63237,0.12571
7976.77512,0.12561
7972.91788,0.12553
7969.06064,0.12550
7965.20340,0.12547
7961.34616,0.12543
7957.48892,0.12537
7953.63168,0.12526
7949.77444,0.12518
7945.91719,0.12513
7942.05995,0.12500
7938.20271,0.12486
7934.34547,0.12480
7930.48823,0.12485
7926.63099,0.12499
7922.77375,0.12504
7918.91650,0.12495
7915.05926,0.12494
7911.20202,0.12508
7907.34478,0.12520
7903.48754,0.12520
7899.63030,0.12515
7895.77306,0.12513
7891.91581,0.12516
7888.05857,0.12518
7884.20133,0.12527
7880.34409,0.12541
7876.48685,0.12540
7872.62961,0.12524
7868.77237,0.12519
7864.91513,0.12522
7861.05788,0.12517
7857.20064,0.12505
7853.34340,0.12503
7849.48616,0.12506
7845.62892,0.12503
7841.77168,0.12495
7837.91444,0.12489
7834.05719,0.12480
7830.19995,0.12456
7826.34271,0.12424
7822.48547,0.12403
7818.62823,0.12394
7814.77099,0.12390
7810.91375,0.12392
7807.05650,0.12398
7803.19926,0.12396
7799.34202,0.12382
7795.48478,0.12352
7791.62754,0.12324
7787.77030,0.12320
7783.91306,0.12320
7780.05582,0.12302
7776.19857,0.12285
7772.34133,0.12280
7768.48409,0.12270
7764.62685,0.12252
7760.76961,0.12244
7756.91237,0.12236
7753.05513,0.12216
7749.19788,0.12204
7745.34064,0.12202
7741.48340,0.12194
7737.62616,0.12172
7733.76892,0.12144
7729.91168,0.12125
7726.05444,0.12114
7722.19720,0.12099
7718.33995,0.12073
7714.48271,0.12046
7710.62547,0.12045
7706.76823,0.12058
7702.91099,0.12051
7699.05375,0.12027
7695.19651,0.12003
7691.33926,0.11983
7687.48202,0.11977
7683.62478,0.11997
7679.76754,0.12026
7675.91030,0.12038
7672.05306,0.12031
7668.19582,0.12022
7664.33857,0.12020
7660.48133,0.12024
7656.62409,0.12039
7652.76685,0.12061
7648.90961,0.12077
7645.05237,0.12090
7641.19513,0.12097
7637.33789,0.12096
7633.48064,0.12091
7629.62340,0.12080
7625.76616,0.12073
7621.90892,0.12073
7618.05168,0.12082
7614.19444,0.12104
7610.33720,0.12129
7606.47995,0.12148
7602.62271,0.12159
7598.76547,0.12165
7594.90823,0.12169
7591.05099,0.12168
7587.19375,0.12163
7583.33651,0.12174
7579.47926,0.12207
7575.62202,0.12230
7571.76478,0.12232
7567.90754,0.12236
7564.05030,0.12249
7560.19306,0.12274
7556.33582,0.12323
7552.47858,0.12376
7548.62133,0.12405
7544.76409,0.12422
7540.90685,0.12443
7537.04961,0.12469
7533.19237,0.12500
7529.33513,0.12520
7525.47789,0.12523
7521.62064,0.12531
7517.76340,0.12554
7513.90616,0.12582
7510.04892,0.12605
7506.19168,0.12625
7502.33444,0.12642
7498.47720,0.12661
7494.61996,0.12692
7490.76271,0.12729
7486.90547,0.12758
7483.04823,0.12790
7479.19099,0.12834
7475.33375,0.12886
7471.47651,0.12938
7467.61927,0.12989
7463.76202,0.13045
7459.90478,0.13109
7456.04754,0.13183
7452.19030,0.13268
7448.33306,0.13347
7444.47582,0.13419
7440.61858,0.13497
7436.76133,0.13578
7432.90409,0.13664
7429.04685,0.13775
7425.18961,0.13902
7421.33237,0.14016
7417.47513,0.14110
7413.61789,0.14194
7409.76065,0.14271
7405.90340,0.14359
7402.04616,0.14466
7398.18892,0.14577
7394.33168,0.14680
7390.47444,0.14786
7386.61720,0.14905
7382.75996,0.15026
7378.90271,0.15140
7375.04547,0.15248
7371.18823,0.15354
7367.33099,0.15462
7363.47375,0.15567
7359.61651,0.15660
7355.75927,0.15744
7351.90202,0.15828
7348.04478,0.15916
7344.18754,0.16006
7340.33030,0.16085
7336.47306,0.16152
7332.61582,0.16220
7328.75858,0.16282
7324.90134,0.16322
7321.04409,0.16349
7317.18685,0.16377
7313.32961,0.16406
7309.47237,0.16428
7305.61513,0.16445
7301.75789,0.16470
7297.90065,0.16494
7294.04340,0.16503
7290.18616,0.16509
7286.32892,0.16527
7282.47168,0.16557
7278.61444,0.16597
7274.75720,0.16644
7270.89996,0.16686
7267.04272,0.16719
7263.18547,0.16751
7259.32823,0.16788
7255.47099,0.16821
7251.61375,0.16845
7247.75651,0.16867
7243.89927,0.16889
7240.04203,0.16903
7236.18478,0.16916
7232.32754,0.16933
7228.47030,0.16953
7224.61306,0.16977
7220.75582,0.17004
7216.89858,0.17029
7213.04134,0.17054
7209.18409,0.17075
7205.32685,0.17086
7201.46961,0.17091
7197.61237,0.17097
7193.75513,0.17103
7189.89789,0.17115
7186.04065,0.17145
7182.18341,0.17190
7178.32616,0.17241
7174.46892,0.17299
7170.61168,0.17363
7166.75444,0.17433
7162.89720,0.17502
7159.03996,0.17564
7155.18272,0.17633
7151.32547,0.17725
7147.46823,0.17832
7143.61099,0.17937
7139.75375,0.18045
7135.89651,0.18156
7132.03927,0.18265
7128.18203,0.18371
7124.32478,0.18482
7120.46754,0.18601
7116.61030,0.18714
7112.75306,0.18818
7108.89582,0.18927
7105.03858,0.19048
7101.18134,0.19177
7097.32410,0.19310
7093.46685,0.19440
7089.60961,0.19568
7085.75237,0.19713
7081.89513,0.19877
7078.03789,0.20043
7074.18065,0.20200
7070.32341,0.20353
7066.46616,0.20510
7062.60892,0.20672
7058.75168,0.20834
7054.89444,0.20993
7051.03720,0.21148
7047.17996,0.21305
7043.32272,0.21461
7039.46548,0.21610
7035.60823,0.21751
7031.75099,0.21887
7027.89375,0.22008
7024.03651,0.22110
7020.17927,0.22205
7016.32203,0.22304
7012.46479,0.22407
7008.60754,0.22507
7004.75030,0.22597
7000.89306,0.22684
6997.03582,0.22775
6993.17858,0.22868
6989.32134,0.22958
6985.46410,0.23042
6981.60685,0.23118
6977.74961,0.23184
6973.89237,0.23246
6970.03513,0.23309
6966.17789,0.23372
6962.32065,0.23431
6958.46341,0.23481
6954.60617,0.23519
6950.74892,0.23552
6946.89168,0.23589
6943.03444,0.23629
6939.17720,0.23669
6935.31996,0.23712
6931.46272,0.23760
6927.60548,0.23806
6923.74823,0.23844
6919.89099,0.23877
6916.03375,0.23913
6912.17651,0.23953
6908.31927,0.23994
6904.46203,0.24035
6900.60479,0.24073
6896.74754,0.24112
6892.89030,0.24156
6889.03306,0.24204
6885.17582,0.24251
6881.31858,0.24301
6877.46134,0.24353
6873.60410,0.24406
6869.74686,0.24466
6865.88961,0.24534
6862.03237,0.24603
6858.17513,0.24673
6854.31789,0.24743
6850.46065,0.24806
6846.60341,0.24863
6842.74617,0.24923
6838.88892,0.24989
6835.03168,0.25065
6831.17444,0.25146
6827.31720,0.25228
6823.45996,0.25304
6819.60272,0.25374
6815.74548,0.25444
6811.88824,0.25523
6808.03099,0.25612
6804.17375,0.25709
6800.31651,0.25807
6796.45927,0.25897
6792.60203,0.25978
6788.74479,0.26053
6784.88755,0.26131
6781.03030,0.26211
6777.17306,0.26287
6773.31582,0.26364
6769.45858,0.26442
6765.60134,0.26511
6761.74410,0.26572
6757.88686,0.26624
6754.02961,0.26667
6750.17237,0.26708
6746.31513,0.26750
6742.45789,0.26781
6738.60065,0.26803
6734.74341,0.26826
6730.88617,0.26844
6727.02893,0.26855
6723.17168,0.26865
6719.31444,0.26875
6715.45720,0.26881
6711.59996,0.26880
6707.74272,0.26878
6703.88548,0.26878
6700.02824,0.26882
6696.17099,0.26885
6692.31375,0.26887
6688.45651,0.26887
6684.59927,0.26881
6680.74203,0.26861
6676.88479,0.26831
6673.02755,0.26805
6669.17030,0.26784
6665.31306,0.26757
6661.45582,0.26725
6657.59858,0.26691
6653.74134,0.26657
6649.88410,0.26619
6646.02686,0.26574
6642.16962,0.26525
6638.31237,0.26481
6634.45513,0.26439
6630.59789,0.26389
6626.74065,0.26337
6622.88341,0.26288
6619.02617,0.26243
6615.16893,0.26200
6611.31168,0.26157
6607.45444,0.26105
6603.59720,0.26048
6599.73996,0.25991
6595.88272,0.25943
6592.02548,0.25905
6588.16824,0.25869
6584.31100,0.25840
6580.45375,0.25821
6576.59651,0.25811
6572.73927,0.25802
6568.88203,0.25791
6565.02479,0.25789
6561.16755,0.25800
6557.31031,0.25808
6553.45306,0.25815
6549.59582,0.25833
6545.73858,0.25852
6541.88134,0.25860
6538.02410,0.25868
6534.16686,0.25891
6530.30962,0.25920
6526.45237,0.25940
6522.59513,0.25947
6518.73789,0.25946
6514.88065,0.25946
6511.02341,0.25956
6507.16617,0.25974
6503.30893,0.25991
6499.45169,0.26002
6495.59444,0.26007
6491.73720,0.26006
6487.87996,0.25998
6484.02272,0.25993
6480.16548,0.25994
6476.30824,0.25990
6472.45100,0.25979
6468.59375,0.25966
6464.73651,0.25949
6460.87927,0.25930
6457.02203,0.25915
6453.16479,0.25899
6449.30755,0.25871
6445.45031,0.25831
6441.59306,0.25793
6437.73582,0.25764
6433.87858,0.25739
6430.02134,0.25713
6426.16410,0.25685
6422.30686,0.25648
6418.44962,0.25601
6414.59238,0.25558
6410.73513,0.25519
6406.87789,0.25492
6403.02065,0.25476
6399.16341,0.25456
6395.30617,0.25430
6391.44893,0.25409
6387.59169,0.25397
6383.73444,0.25387
6379.87720,0.25376
6376.01996,0.25361
6372.16272,0.25338
6368.30548,0.25308
6364.44824,0.25282
6360.59100,0.25261
6356.73376,0.25240
6352.87651,0.25224
6349.01927,0.25219
6345.16203,0.25219
6341.30479,0.25218
6337.44755,0.25220
6333.59031,0.25224
6329.73307,0.25229
6325.87582,0.25234
6322.01858,0.25230
6318.16134,0.25215
6314.30410,0.25201
6310.44686,0.25190
6306.58962,0.25175
6302.73238,0.25158
6298.87513,0.25136
6295.01789,0.25102
6291.16065,0.25062
6287.30341,0.25017
6283.44617,0.24970
6279.58893,0.24916
6275.73169,0.24851
6271.87445,0.24774
6268.01720,0.24694
6264.15996,0.24619
6260.30272,0.24545
6256.44548,0.24467
6252.58824,0.24384
6248.73100,0.24297
6244.87376,0.24210
6241.01651,0.24117
6237.15927,0.24013
6233.30203,0.23915
6229.44479,0.23829
6225.58755,0.23747
6221.73031,0.23671
6217.87307,0.23620
6214.01582,0.23601
6210.15858,0.23611
6206.30134,0.23643
6202.44410,0.23685
6198.58686,0.23714
6194.72962,0.23696
6190.87238,0.23617
6187.01514,0.23492
6183.15789,0.23346
6179.30065,0.23205
6175.44341,0.23092
6171.58617,0.23018
6167.72893,0.22976
6163.87169,0.22959
6160.01445,0.22966
6156.15720,0.23004
6152.29996,0.23067
6148.44272,0.23127
6144.58548,0.23161
6140.72824,0.23161
6136.87100,0.23132
6133.01376,0.23099
6129.15652,0.23097
6125.29927,0.23144
6121.44203,0.23250
6117.58479,0.23429
6113.72755,0.23690
6109.87031,0.24034
6106.01307,0.24444
6102.15583,0.24906
6098.29858,0.25404
6094.44134,0.25919
6090.58410,0.26429
6086.72686,0.26914
6082.86962,0.27370
6079.01238,0.27811
6075.15514,0.28278
6071.29789,0.28825
6067.44065,0.29470
6063.58341,0.30169
6059.72617,0.30851
6055.86893,0.31468
6052.01169,0.32007
6048.15445,0.32486
6044.29721,0.32947
6040.43996,0.33443
6036.58272,0.33999
6032.72548,0.34591
6028.86824,0.35151
6025.01100,0.35605
6021.15376,0.35867
6017.29652,0.35864
6013.43927,0.35565
6009.58203,0.35008
6005.72479,0.34271
6001.86755,0.33443
5998.01031,0.32625
5994.15307,0.31897
5990.29583,0.31309
5986.43858,0.30876
5982.58134,0.30580
5978.72410,0.30348
5974.86686,0.30084
5971.00962,0.29732
5967.15238,0.29321
5963.29514,0.28935
5959.43790,0.28642
5955.58065,0.28467
5951.72341,0.28391
5947.86617,0.28364
5944.00893,0.28315
5940.15169,0.28171
5936.29445,0.27890
5932.43721,0.27491
5928.57996,0.27040
5924.72272,0.26593
5920.86548,0.26175
5917.00824,0.25798
5913.15100,0.25476
5909.29376,0.25241
5905.43652,0.25115
5901.57927,0.25103
5897.72203,0.25197
5893.86479,0.25379
5890.00755,0.25623
5886.15031,0.25899
5882.29307,0.26176
5878.43583,0.26432
5874.57859,0.26655
5870.72134,0.26841
5866.86410,0.26979
5863.00686,0.27050
5859.14962,0.27050
5855.29238,0.27001
5851.43514,0.26932
5847.57790,0.26860
5843.72065,0.26795
5839.86341,0.26749
5836.00617,0.26726
5832.14893,0.26721
5828.29169,0.26732
5824.43445,0.26753
5820.57721,0.26777
5816.71997,0.26804
5812.86272,0.26828
5809.00548,0.26836
5805.14824,0.26825
5801.29100,0.26798
5797.43376,0.26765
5793.57652,0.26739
5789.71928,0.26715
5785.86203,0.26681
5782.00479,0.26638
5778.14755,0.26589
5774.29031,0.26524
5770.43307,0.26440
5766.57583,0.26337
5762.71859,0.26213
5758.86134,0.26066
5755.00410,0.25899
5751.14686,0.25718
5747.28962,0.25527
5743.43238,0.25330
5739.57514,0.25138
5735.71790,0.24960
5731.86066,0.24806
5728.00341,0.24688
5724.14617,0.24618
5720.28893,0.24597
5716.43169,0.24609
5712.57445,0.24632
5708.71721,0.24645
5704.85997,0.24637
5701.00272,0.24612
5697.14548,0.24580
5693.28824,0.24549
5689.43100,0.24512
5685.57376,0.24468
5681.71652,0.24425
5677.85928,0.24402
5674.00203,0.24410
5670.14479,0.24445
5666.28755,0.24491
5662.43031,0.24534
5658.57307,0.24572
5654.71583,0.24594
5650.85859,0.24583
5647.00135,0.24531
5643.14410,0.24447
5639.28686,0.24348
5635.42962,0.24239
5631.57238,0.24130
5627.71514,0.24040
5623.85790,0.23970
5620.00066,0.23917
5616.14341,0.23880
5612.28617,0.23858
5608.42893,0.23852
5604.57169,0.23863
5600.71445,0.23890
5596.85721,0.23934
5592.99997,0.23986
5589.14273,0.24041
5585.28548,0.24104
5581.42824,0.24180
5577.57100,0.24255
5573.71376,0.24318
5569.85652,0.24366
5565.99928,0.24399
5562.14204,0.24414
5558.28479,0.24414
5554.42755,0.24410
5550.57031,0.24405
5546.71307,0.24396
5542.85583,0.24390
5538.99859,0.24392
5535.14135,0.24391
5531.28410,0.24383
5527.42686,0.24366
5523.56962,0.24344
5519.71238,0.24317
5515.85514,0.24281
5511.99790,0.24239
5508.14066,0.24208
5504.28342,0.24202
5500.42617,0.24229
5496.56893,0.24280
5492.71169,0.24348
5488.85445,0.24423
5484.99721,0.24480
5481.13997,0.24503
5477.28273,0.24492
5473.42548,0.24461
5469.56824,0.24411
5465.71100,0.24338
5461.85376,0.24245
5457.99652,0.24143
5454.13928,0.24028
5450.28204,0.23891
5446.42479,0.23735
5442.56755,0.23571
5438.71031,0.23409
5434.85307,0.23252
5430.99583,0.23106
5427.13859,0.22982
5423.28135,0.22888
5419.42411,0.22817
5415.56686,0.22759
5411.70962,0.22714
5407.85238,0.22686
5403.99514,0.22671
5400.13790,0.22658
5396.28066,0.22639
5392.42342,0.22619
5388.56617,0.22607
5384.70893,0.22606
5380.85169,0.22613
5376.99445,0.22631
5373.13721,0.22660
5369.27997,0.22698
5365.42273,0.22743
5361.56549,0.22796
5357.70824,0.22854
5353.85100,0.22908
5349.99376,0.22953
5346.13652,0.22985
5342.27928,0.23009
5338.42204,0.23033
5334.56480,0.23059
5330.70755,0.23091
5326.85031,0.23142
5322.99307,0.23228
5319.13583,0.23351
5315.27859,0.23508
5311.42135,0.23691
5307.56411,0.23902
5303.70686,0.24145
5299.84962,0.24419
5295.99238,0.24724
5292.13514,0.25067
5288.27790,0.25459
5284.42066,0.25903
5280.56342,0.26401
5276.70618,0.26940
5272.84893,0.27503
5268.99169,0.28073
5265.13445,0.28641
5261.27721,0.29181
5257.41997,0.29667
5253.56273,0.30102
5249.70549,0.30494
5245.84824,0.30845
5241.99100,0.31149
5238.13376,0.31399
5234.27652,0.31612
5230.41928,0.31801
5226.56204,0.31964
5222.70480,0.32100
5218.84755,0.32219
5214.99031,0.32328
5211.13307,0.32418
5207.27583,0.32491
5203.41859,0.32557
5199.56135,0.32611
5195.70411,0.32652
5191.84687,0.32687
5187.98962,0.32720
5184.13238,0.32745
5180.27514,0.32760
5176.41790,0.32767
5172.56066,0.32763
5168.70342,0.32748
5164.84618,0.32728
5160.98893,0.32710
5157.13169,0.32698
5153.27445,0.32693
5149.41721,0.32684
5145.55997,0.32671
5141.70273,0.32656
5137.84549,0.32643
5133.98825,0.32633
5130.13100,0.32623
5126.27376,0.32604
5122.41652,0.32555
5118.55928,0.32447
5114.70204,0.32261
5110.84480,0.32005
5106.98756,0.31709
5103.13031,0.31400
5099.27307,0.31094
5095.41583,0.30801
5091.55859,0.30526
5087.70135,0.30277
5083.84411,0.30055
5079.98687,0.29856
5076.12962,0.29672
5072.27238,0.29502
5068.41514,0.29344
5064.55790,0.29196
5060.70066,0.29057
5056.84342,0.28927
5052.98618,0.28805
5049.12894,0.28689
5045.27169,0.28582
5041.41445,0.28487
5037.55721,0.28404
5033.69997,0.28330
5029.84273,0.28261
5025.98549,0.28189
5022.12825,0.28122
5018.27100,0.28067
5014.41376,0.28018
5010.55652,0.27966
5006.69928,0.27910
5002.84204,0.27853
4998.98480,0.27794
4995.12756,0.27738
4991.27031,0.27695
4987.41307,0.27668
4983.55583,0.27655
4979.69859,0.27659
4975.84135,0.27687
4971.98411,0.27739
4968.12687,0.27813
4964.26963,0.27909
4960.41238,0.28032
4956.55514,0.28179
4952.69790,0.28344
4948.84066,0.28530
4944.98342,0.28735
4941.12618,0.28945
4937.26894,0.29160
4933.41169,0.29384
4929.55445,0.29618
4925.69721,0.29863
4921.83997,0.30122
4917.98273,0.30392
4914.12549,0.30678
4910.26825,0.30983
4906.41101,0.31301
4902.55376,0.31629
4898.69652,0.31969
4894.83928,0.32317
4890.98204,0.32673
4887.12480,0.33034
4883.26756,0.33400
4879.41032,0.33772
4875.55307,0.34143
4871.69583,0.34501
4867.83859,0.34847
4863.98135,0.35179
4860.12411,0.35500
4856.26687,0.35815
4852.40963,0.36142
4848.55238,0.36498
4844.69514,0.36886
4840.83790,0.37295
4836.98066,0.37721
4833.12342,0.38159
4829.26618,0.38598
4825.40894,0.39030
4821.55170,0.39447
4817.69445,0.39837
4813.83721,0.40196
4809.97997,0.40526
4806.12273,0.40825
4802.26549,0.41081
4798.40825,0.41291
4794.55101,0.41455
4790.69376,0.41569
4786.83652,0.41641
4782.97928,0.41686
4779.12204,0.41718
4775.26480,0.41751
4771.40756,0.41803
4767.55032,0.41890
4763.69307,0.42023
4759.83583,0.42215
4755.97859,0.42458
4752.12135,0.42726
4748.26411,0.42991
4744.40687,0.43238
4740.54963,0.43484
4736.69239,0.43758
4732.83514,0.44099
4728.97790,0.44525
4725.12066,0.44977
4721.26342,0.45334
4717.40618,0.45521
4713.54894,0.45584
4709.69170,0.45673
4705.83445,0.45943
4701.97721,0.46441
4698.11997,0.47065
4694.26273,0.47589
4690.40549,0.47773
4686.54825,0.47486
4682.69101,0.46770
4678.83377,0.45795
4674.97652,0.44783
4671.11928,0.43926
4667.26204,0.43316
4663.40480,0.42935
4659.54756,0.42719
4655.69032,0.42650
4651.83308,0.42779
4647.97583,0.43148
4644.11859,0.43706
4640.26135,0.44275
4636.40411,0.44591
4632.54687,0.44423
4628.68963,0.43712
4624.83239,0.42629
4620.97514,0.41482
4617.11790,0.40517
4613.26066,0.39828
4609.40342,0.39410
4605.54618,0.39243
4601.68894,0.39317
4597.83170,0.39586
4593.97446,0.39919
4590.11721,0.40204
4586.25997,0.40435
4582.40273,0.40577
4578.54549,0.40449
4574.68825,0.39899
4570.83101,0.39019
4566.97377,0.38083
4563.11652,0.37335
4559.25928,0.36860
4555.40204,0.36609
4551.54480,0.36482
4547.68756,0.36399
4543.83032,0.36323
4539.97308,0.36254
4536.11583,0.36219
4532.25859,0.36232
4528.40135,0.36295
4524.54411,0.36421
4520.68687,0.36617
4516.82963,0.36886
4512.97239,0.37245
4509.11515,0.37731
4505.25790,0.38385
4501.40066,0.39219
4497.54342,0.40198
4493.68618,0.41212
4489.82894,0.42109
4485.97170,0.42813
4482.11446,0.43403
4478.25721,0.44045
4474.39997,0.44900
4470.54273,0.46075
4466.68549,0.47565
4462.82825,0.49151
4458.97101,0.50449
4455.11377,0.51245
4451.25653,0.51711
4447.39928,0.52164
4443.54204,0.52733
4439.68480,0.53332
4435.82756,0.53789
4431.97032,0.53950
4428.11308,0.53757
4424.25584,0.53301
4420.39859,0.52802
4416.54135,0.52481
4412.68411,0.52436
4408.82687,0.52583
4404.96963,0.52709
4401.11239,0.52625
4397.25515,0.52292
4393.39790,0.51801
4389.54066,0.51264
4385.68342,0.50772
4381.82618,0.50383
4377.96894,0.50112
4374.11170,0.49949
4370.25446,0.49907
4366.39722,0.49987
4362.53997,0.50148
4358.68273,0.50324
4354.82549,0.50481
4350.96825,0.50651
4347.11101,0.50885
4343.25377,0.51185
4339.39653,0.51497
4335.53928,0.51771
4331.68204,0.52008
4327.82480,0.52239
4323.96756,0.52493
4320.11032,0.52786
4316.25308,0.53142
4312.39584,0.53594
4308.53859,0.54143
4304.68135,0.54741
4300.82411,0.55324
4296.96687,0.55823
4293.10963,0.56179
4289.25239,0.56368
4285.39515,0.56418
4281.53791,0.56391
4277.68066,0.56324
4273.82342,0.56200
4269.96618,0.55994
4266.10894,0.55726
4262.25170,0.55467
4258.39446,0.55297
4254.53722,0.55245
4250.67997,0.55272
4246.82273,0.55297
4242.96549,0.55236
4239.10825,0.55081
4235.25101,0.54902
4231.39377,0.54770
4227.53653,0.54675
4223.67929,0.54529
4219.82204,0.54274
4215.96480,0.53940
4212.10756,0.53604
4208.25032,0.53323
4204.39308,0.53098
4200.53584,0.52915
4196.67860,0.52819
4192.82135,0.52887
4188.96411,0.53168
4185.10687,0.53632
4181.24963,0.54120
4177.39239,0.54359
4173.53515,0.54150
4169.67791,0.53560
4165.82066,0.52846
4161.96342,0.52236
4158.10618,0.51827
4154.24894,0.51630
4150.39170,0.51626
4146.53446,0.51802
4142.67722,0.52139
4138.81998,0.52589
4134.96273,0.53061
4131.10549,0.53468
4127.24825,0.53786
4123.39101,0.54092
4119.53377,0.54503
4115.67653,0.55084
4111.81929,0.55857
4107.96204,0.56855
4104.10480,0.58145
4100.24756,0.59818
4096.39032,0.61771
4092.53308,0.63432
4088.67584,0.64100
4084.81860,0.63640
4080.96135,0.62455
4077.10411,0.61040
4073.24687,0.59821
4069.38963,0.59020
4065.53239,0.58604
4061.67515,0.58448
4057.81791,0.58468
4053.96067,0.58609
4050.10342,0.58789
4046.24618,0.58938
4042.38894,0.59036
4038.53170,0.59093
4034.67446,0.59136
4030.81722,0.59184
4026.95998,0.59223
4023.10273,0.59227
4019.24549,0.59195
4015.38825,0.59127
4011.53101,0.59006
4007.67377,0.58825
4003.81653,0.58599
3999.95929,0.58339
3996.10205,0.58042
3992.24480,0.57730
3988.38756,0.57451
3984.53032,0.57229
3980.67308,0.57054
3976.81584,0.56905
3972.95860,0.56750
3969.10136,0.56553
3965.24411,0.56297
3961.38687,0.55995
3957.52963,0.55688
3953.67239,0.55393
3949.81515,0.55100
3945.95791,0.54811
3942.10067,0.54532
3938.24342,0.54271
3934.38618,0.54036
3930.52894,0.53825
3926.67170,0.53640
3922.81446,0.53470
3918.95722,0.53289
3915.09998,0.53080
3911.24274,0.52839
3907.38549,0.52540
3903.52825,0.52144
3899.67101,0.51718
3895.81377,0.51365
3891.95653,0.51059
3888.09929,0.50791
3884.24205,0.50578
3880.38480,0.50405
3876.52756,0.50223
3872.67032,0.49972
3868.81308,0.49647
3864.95584,0.49317
3861.09860,0.49034
3857.24136,0.48765
3853.38411,0.48452
3849.52687,0.48212
3845.66963,0.48085
3841.81239,0.47964
3837.95515,0.47854
3834.09791,0.47807
3830.24067,0.47790
3826.38343,0.47780
3822.52618,0.47853
3818.66894,0.48109
3814.81170,0.48461
3810.95446,0.48726
3807.09722,0.48845
3803.23998,0.48797
3799.38274,0.48598
3795.52549,0.48369
3791.66825,0.48202
3787.81101,0.48125
3783.95377,0.48161
3780.09653,0.48308
3776.23929,0.48522
3772.38205,0.48777
3768.52481,0.49092
3764.66756,0.49445
3760.81032,0.49738
3756.95308,0.49835
3753.09584,0.49631
3749.23860,0.49244
3745.38136,0.49040
3741.52412,0.49152
3737.66687,0.49487
3733.80963,0.49935
3729.95239,0.50230
3726.09515,0.50302
3722.23791,0.50348
3718.38067,0.50535
3714.52343,0.50916
3710.66618,0.51580
3706.80894,0.52501
3702.95170,0.53605
3699.09446,0.54937
3695.23722,0.56473
3691.37998,0.58408
3687.52274,0.60595
3683.66550,0.62108
3679.80825,0.62990
3675.95101,0.63958
3672.09377,0.65538
3668.23653,0.67472
3664.37929,0.69293
3660.52205,0.71037
3656.66481,0.72818
3652.80756,0.74569
3648.95032,0.76467
3645.09308,0.78471
3641.23584,0.79994
3637.37860,0.81083
3633.52136,0.81949
3629.66412,0.82790
3625.80687,0.83664
3621.94963,0.84337
3618.09239,0.85013
3614.23515,0.85713
3610.37791,0.86448
3606.52067,0.87370
3602.66343,0.88307
3598.80619,0.89172
