12493.60475,0.11717
12489.74751,0.11467
12485.89027,0.11130
12482.03303,0.10961
12478.17579,0.11081
12474.31855,0.11286
12470.46130,0.11258
12466.60406,0.11186
12462.74682,0.11485
12458.88958,0.11882
12455.03234,0.11915
12451.17510,0.11711
12447.31786,0.11543
12443.46062,0.11387
12439.60337,0.11218
12435.74613,0.11256
12431.88889,0.11506
12428.03165,0.11698
12424.17441,0.11734
12420.31717,0.11692
12416.45993,0.11519
12412.60268,0.11089
12408.74544,0.10708
12404.88820,0.10784
12401.03096,0.11142
12397.17372,0.11310
12393.31648,0.11118
12389.45924,0.10969
12385.60199,0.11254
12381.74475,0.11585
12377.88751,0.11481
12374.03027,0.11206
12370.17303,0.11076
12366.31579,0.11033
12362.45855,0.11124
12358.60131,0.11268
12354.74406,0.11366
12350.88682,0.11634
12347.02958,0.11989
12343.17234,0.12082
12339.31510,0.11853
12335.45786,0.11537
12331.60062,0.11431
12327.74337,0.11556
12323.88613,0.11625
12320.02889,0.11480
12316.17165,0.11304
12312.31441,0.11299
12308.45717,0.11475
12304.59993,0.11716
12300.74268,0.11889
12296.88544,0.11884
12293.02820,0.11750
12289.17096,0.11647
12285.31372,0.11572
12281.45648,0.11591
12277.59924,0.11770
12273.74200,0.11795
12269.88475,0.11569
12266.02751,0.11410
12262.17027,0.11460
12258.31303,0.11666
12254.45579,0.11877
12250.59855,0.11836
12246.74131,0.11519
12242.88406,0.11253
12239.02682,0.11234
12235.16958,0.11312
12231.31234,0.11333
12227.45510,0.11255
12223.59786,0.11135
12219.74062,0.11088
12215.88338,0.11153
12212.02613,0.11298
12208.16889,0.11475
12204.31165,0.11609
12200.45441,0.11587
12196.59717,0.11505
12192.73993,0.11588
12188.88269,0.11679
12185.02544,0.11583
12181.16820,0.11434
12177.31096,0.11333
12173.45372,0.11322
12169.59648,0.11383
12165.73924,0.11386
12161.88200,0.11345
12158.02475,0.11362
12154.16751,0.11457
12150.31027,0.11520
12146.45303,0.11357
12142.59579,0.11141
12138.73855,0.11150
12134.88131,0.11181
12131.02407,0.11118
12127.16682,0.11105
12123.30958,0.11116
12119.45234,0.11152
12115.59510,0.11211
12111.73786,0.11144
12107.88062,0.10997
12104.02338,0.11022
12100.16613,0.11173
12096.30889,0.11212
12092.45165,0.11223
12088.59441,0.11341
12084.73717,0.11487
12080.87993,0.11549
12077.02269,0.11449
12073.16544,0.11258
12069.30820,0.11126
12065.45096,0.11066
12061.59372,0.11035
12057.73648,0.11030
12053.87924,0.11018
12050.02200,0.11002
12046.16476,0.11098
12042.30751,0.11193
12038.45027,0.11091
12034.59303,0.11022
12030.73579,0.11197
12026.87855,0.11461
12023.02131,0.11676
12019.16407,0.11809
12015.30682,0.11832
12011.44958,0.11711
12007.59234,0.11559
12003.73510,0.11588
11999.87786,0.11695
11996.02062,0.11664
11992.16338,0.11586
11988.30614,0.11556
11984.44889,0.11492
11980.59165,0.11393
11976.73441,0.11333
11972.87717,0.11401
11969.01993,0.11595
11965.16269,0.11746
11961.30545,0.11772
11957.44820,0.11693
11953.59096,0.11523
11949.73372,0.11403
11945.87648,0.11454
11942.01924,0.11578
11938.16200,0.11708
11934.30476,0.11939
11930.44751,0.12160
11926.59027,0.12182
11922.73303,0.12126
11918.87579,0.12083
11915.01855,0.12000
11911.16131,0.11868
11907.30407,0.11653
11903.44683,0.11478
11899.58958,0.11544
11895.73234,0.11801
11891.87510,0.12015
11888.01786,0.12009
11884.16062,0.11878
11880.30338,0.11796
11876.44614,0.11730
11872.58889,0.11683
11868.73165,0.11746
11864.87441,0.11824
11861.01717,0.11781
11857.15993,0.11684
11853.30269,0.11736
11849.44545,0.11965
11845.58820,0.12136
11841.73096,0.12176
11837.87372,0.12151
11834.01648,0.11988
11830.15924,0.11825
11826.30200,0.11938
11822.44476,0.12122
11818.58752,0.12074
11814.73027,0.11966
11810.87303,0.11929
11807.01579,0.11818
11803.15855,0.11717
11799.30131,0.11845
11795.44407,0.12067
11791.58683,0.12131
11787.72958,0.12102
11783.87234,0.12073
11780.01510,0.12038
11776.15786,0.12041
11772.30062,0.12046
11768.44338,0.11981
11764.58614,0.11866
11760.72890,0.11724
11756.87165,0.11641
11753.01441,0.11817
11749.15717,0.12164
11745.29993,0.12306
11741.44269,0.12184
11737.58545,0.12015
11733.72821,0.11993
11729.87096,0.12146
11726.01372,0.12249
11722.15648,0.12241
11718.29924,0.12265
11714.44200,0.12309
11710.58476,0.12286
11706.72752,0.12181
11702.87027,0.12076
11699.01303,0.12025
11695.15579,0.12007
11691.29855,0.12034
11687.44131,0.12065
11683.58407,0.12053
11679.72683,0.12072
11675.86959,0.12106
11672.01234,0.12034
11668.15510,0.11928
11664.29786,0.11961
11660.44062,0.12088
11656.58338,0.12154
11652.72614,0.12128
11648.86890,0.12053
11645.01165,0.11931
11641.15441,0.11831
11637.29717,0.11853
11633.43993,0.11911
11629.58269,0.11938
11625.72545,0.12043
11621.86821,0.12183
11618.01096,0.12202
11614.15372,0.12114
11610.29648,0.12006
11606.43924,0.11924
11602.58200,0.11869
11598.72476,0.11837
11594.86752,0.11865
11591.01028,0.11969
11587.15303,0.12041
11583.29579,0.11987
11579.43855,0.11914
11575.58131,0.11970
11571.72407,0.12080
11567.86683,0.12038
11564.00959,0.11842
11560.15234,0.11720
11556.29510,0.11840
11552.43786,0.12122
11548.58062,0.12275
11544.72338,0.12198
11540.86614,0.12137
11537.00890,0.12207
11533.15166,0.12236
11529.29441,0.12084
11525.43717,0.11874
11521.57993,0.11860
11517.72269,0.12024
11513.86545,0.12118
11510.00821,0.12149
11506.15097,0.12291
11502.29372,0.12434
11498.43648,0.12338
11494.57924,0.12067
11490.72200,0.11931
11486.86476,0.12053
11483.00752,0.12208
11479.15028,0.12244
11475.29303,0.12210
11471.43579,0.12130
11467.57855,0.12055
11463.72131,0.12016
11459.86407,0.11937
11456.00683,0.11857
11452.14959,0.11894
11448.29235,0.11996
11444.43510,0.12031
11440.57786,0.12009
11436.72062,0.12037
11432.86338,0.12130
11429.00614,0.12112
11425.14890,0.11871
11421.29166,0.11618
11417.43441,0.11548
11413.57717,0.11607
11409.71993,0.11667
11405.86269,0.11628
11402.00545,0.11544
11398.14821,0.11530
11394.29097,0.11534
11390.43372,0.11502
11386.57648,0.11512
11382.71924,0.11630
11378.86200,0.11758
11375.00476,0.11748
11371.14752,0.11622
11367.29028,0.11515
11363.43304,0.11525
11359.57579,0.11679
11355.71855,0.11870
11351.86131,0.11928
11348.00407,0.11884
11344.14683,0.11863
11340.28959,0.11838
11336.43235,0.11781
11332.57510,0.11719
11328.71786,0.11705
11324.86062,0.11768
11321.00338,0.11848
11317.14614,0.11873
11313.28890,0.11830
11309.43166,0.11786
11305.57442,0.11818
11301.71717,0.11855
11297.85993,0.11792
11294.00269,0.11706
11290.14545,0.11745
11286.28821,0.11910
11282.43097,0.12043
11278.57373,0.11993
11274.71648,0.11820
11270.85924,0.11660
11267.00200,0.11595
11263.14476,0.11764
11259.28752,0.12047
11255.43028,0.12105
11251.57304,0.11942
11247.71579,0.11771
11243.85855,0.11612
11240.00131,0.11494
11236.14407,0.11540
11232.28683,0.11662
11228.42959,0.11677
11224.57235,0.11608
11220.71511,0.11553
11216.85786,0.11571
11213.00062,0.11649
11209.14338,0.11718
11205.28614,0.11742
11201.42890,0.11754
11197.57166,0.11814
11193.71442,0.11863
11189.85717,0.11813
11185.99993,0.11696
11182.14269,0.11575
11178.28545,0.11505
11174.42821,0.11507
11170.57097,0.11581
11166.71373,0.11719
11162.85648,0.11771
11158.99924,0.11653
11155.14200,0.11508
11151.28476,0.11403
11147.42752,0.11344
11143.57028,0.11428
11139.71304,0.11608
11135.85580,0.11674
11131.99855,0.11592
11128.14131,0.11502
11124.28407,0.11519
11120.42683,0.11639
11116.56959,0.11698
11112.71235,0.11664
11108.85511,0.11703
11104.99786,0.11800
11101.14062,0.11783
11097.28338,0.11696
11093.42614,0.11681
11089.56890,0.11714
11085.71166,0.11750
11081.85442,0.11804
11077.99718,0.11828
11074.13993,0.11804
11070.28269,0.11789
11066.42545,0.11785
11062.56821,0.11752
11058.71097,0.11669
11054.85373,0.11579
11050.99649,0.11592
11047.13924,0.11684
11043.28200,0.11696
11039.42476,0.11648
11035.56752,0.11668
11031.71028,0.11717
11027.85304,0.11731
11023.99580,0.11749
11020.13855,0.11767
11016.28131,0.11752
11012.42407,0.11723
11008.56683,0.11684
11004.70959,0.11623
11000.85235,0.11582
10996.99511,0.11622
10993.13787,0.11707
10989.28062,0.11734
10985.42338,0.11730
10981.56614,0.11735
10977.70890,0.11723
10973.85166,0.11739
10969.99442,0.11813
10966.13718,0.11855
10962.27993,0.11794
10958.42269,0.11680
10954.56545,0.11632
10950.70821,0.11658
10946.85097,0.11654
10942.99373,0.11621
10939.13649,0.11642
10935.27924,0.11701
10931.42200,0.11711
10927.56476,0.11632
10923.70752,0.11523
10919.85028,0.11476
10915.99304,0.11493
10912.13580,0.11520
10908.27856,0.11506
10904.42131,0.11470
10900.56407,0.11470
10896.70683,0.11506
10892.84959,0.11541
10888.99235,0.11563
10885.13511,0.11538
10881.27787,0.11426
10877.42062,0.11337
10873.56338,0.11360
10869.70614,0.11408
10865.84890,0.11440
10861.99166,0.11443
10858.13442,0.11366
10854.27718,0.11278
10850.41993,0.11275
10846.56269,0.11342
10842.70545,0.11408
10838.84821,0.11442
10834.99097,0.11460
10831.13373,0.11466
10827.27649,0.11427
10823.41925,0.11361
10819.56200,0.11338
10815.70476,0.11343
10811.84752,0.11346
10807.99028,0.11376
10804.13304,0.11394
10800.27580,0.11329
10796.41856,0.11229
10792.56131,0.11199
10788.70407,0.11235
10784.84683,0.11257
10780.98959,0.11256
10777.13235,0.11279
10773.27511,0.11317
10769.41787,0.11333
10765.56063,0.11348
10761.70338,0.11381
10757.84614,0.11414
10753.98890,0.11415
10750.13166,0.11353
10746.27442,0.11294
10742.41718,0.11301
10738.55994,0.11309
10734.70269,0.11317
10730.84545,0.11370
10726.98821,0.11390
10723.13097,0.11339
10719.27373,0.11291
10715.41649,0.11278
10711.55925,0.11264
10707.70200,0.11243
10703.84476,0.11238
10699.98752,0.11258
10696.13028,0.11311
10692.27304,0.11374
10688.41580,0.11385
10684.55856,0.11337
10680.70132,0.11282
10676.84407,0.11277
10672.98683,0.11337
10669.12959,0.11406
10665.27235,0.11433
10661.41511,0.11431
10657.55787,0.11422
10653.70063,0.11387
10649.84338,0.11283
10645.98614,0.11173
10642.12890,0.11162
10638.27166,0.11210
10634.41442,0.11247
10630.55718,0.11281
10626.69994,0.11304
10622.84269,0.11309
10618.98545,0.11334
10615.12821,0.11393
10611.27097,0.11451
10607.41373,0.11453
10603.55649,0.11388
10599.69925,0.11319
10595.84201,0.11296
10591.98476,0.11309
10588.12752,0.11337
10584.27028,0.11339
10580.41304,0.11274
10576.55580,0.11186
10572.69856,0.11119
10568.84132,0.11083
10564.98407,0.11093
10561.12683,0.11114
10557.26959,0.11134
10553.41235,0.11154
10549.55511,0.11108
10545.69787,0.11036
10541.84063,0.11003
10537.98339,0.10972
10534.12614,0.10961
10530.26890,0.10998
10526.41166,0.11022
10522.55442,0.10985
10518.69718,0.10943
10514.83994,0.10982
10510.98270,0.11045
10507.12545,0.11036
10503.26821,0.10995
10499.41097,0.10991
10495.55373,0.11019
10491.69649,0.11038
10487.83925,0.11017
10483.98201,0.10985
10480.12476,0.10994
10476.26752,0.11006
10472.41028,0.10975
10468.55304,0.10938
10464.69580,0.10926
10460.83856,0.10921
10456.98132,0.10949
10453.12408,0.11022
10449.26683,0.11073
10445.40959,0.11044
10441.55235,0.10972
10437.69511,0.10910
10433.83787,0.10864
10429.98063,0.10840
10426.12339,0.10853
10422.26614,0.10890
10418.40890,0.10907
10414.55166,0.10891
10410.69442,0.10889
10406.83718,0.10900
10402.97994,0.10914
10399.12270,0.10962
10395.26545,0.11018
10391.40821,0.11042
10387.55097,0.11037
10383.69373,0.11022
10379.83649,0.11005
10375.97925,0.10994
10372.12201,0.10989
10368.26477,0.10975
10364.40752,0.10976
10360.55028,0.11024
10356.69304,0.11064
10352.83580,0.11054
10348.97856,0.11039
10345.12132,0.11052
10341.26408,0.11059
10337.40683,0.11037
10333.54959,0.11022
10329.69235,0.11034
10325.83511,0.11061
10321.97787,0.11097
10318.12063,0.11104
10314.26339,0.11063
10310.40615,0.11021
10306.54890,0.11021
10302.69166,0.11045
10298.83442,0.11054
10294.97718,0.11071
10291.11994,0.11124
10287.26270,0.11189
10283.40546,0.11215
10279.54821,0.11202
10275.69097,0.11210
10271.83373,0.11237
10267.97649,0.11222
10264.11925,0.11175
10260.26201,0.11123
10256.40477,0.11104
10252.54752,0.11145
10248.69028,0.11173
10244.83304,0.11152
10240.97580,0.11140
10237.11856,0.11150
10233.26132,0.11151
10229.40408,0.11127
10225.54684,0.11108
10221.68959,0.11128
10217.83235,0.11162
10213.97511,0.11167
10210.11787,0.11150
10206.26063,0.11133
10202.40339,0.11107
10198.54615,0.11104
10194.68890,0.11161
10190.83166,0.11208
10186.97442,0.11192
10183.11718,0.11184
10179.25994,0.11210
10175.40270,0.11217
10171.54546,0.11211
10167.68821,0.11238
10163.83097,0.11278
10159.97373,0.11288
10156.11649,0.11287
10152.25925,0.11307
10148.40201,0.11333
10144.54477,0.11344
10140.68753,0.11339
10136.83028,0.11342
10132.97304,0.11354
10129.11580,0.11353
10125.25856,0.11337
10121.40132,0.11324
10117.54408,0.11309
10113.68684,0.11297
10109.82959,0.11305
10105.97235,0.11310
10102.11511,0.11290
10098.25787,0.11275
10094.40063,0.11291
10090.54339,0.11307
10086.68615,0.11295
10082.82891,0.11280
10078.97166,0.11300
10075.11442,0.11349
10071.25718,0.11365
10067.39994,0.11329
10063.54270,0.11293
10059.68546,0.11282
10055.82822,0.11290
10051.97097,0.11300
10048.11373,0.11308
10044.25649,0.11316
10040.39925,0.11309
10036.54201,0.11296
10032.68477,0.11312
10028.82753,0.11358
10024.97028,0.11400
10021.11304,0.11410
10017.25580,0.11389
10013.39856,0.11378
10009.54132,0.11388
10005.68408,0.11375
10001.82684,0.11349
9997.96960,0.11334
9994.11235,0.11314
9990.25511,0.11308
9986.39787,0.11339
9982.54063,0.11365
9978.68339,0.11361
9974.82615,0.11353
9970.96891,0.11352
9967.11166,0.11379
9963.25442,0.11430
9959.39718,0.11455
9955.53994,0.11449
9951.68270,0.11431
9947.82546,0.11427
9943.96822,0.11441
9940.11097,0.11434
9936.25373,0.11407
9932.39649,0.11379
9928.53925,0.11348
9924.68201,0.11347
9920.82477,0.11370
9916.96753,0.11363
9913.11029,0.11345
9909.25304,0.11362
9905.39580,0.11398
9901.53856,0.11422
9897.68132,0.11428
9893.82408,0.11402
9889.96684,0.11354
9886.10960,0.11323
9882.25235,0.11331
9878.39511,0.11358
9874.53787,0.11368
9870.68063,0.11366
9866.82339,0.11371
9862.96615,0.11365
9859.10891,0.11365
9855.25167,0.11395
9851.39442,0.11405
9847.53718,0.11377
9843.67994,0.11380
9839.82270,0.11429
9835.96546,0.11465
9832.10822,0.11468
9828.25098,0.11456
9824.39373,0.11433
9820.53649,0.11391
9816.67925,0.11354
9812.82201,0.11360
9808.96477,0.11387
9805.10753,0.11395
9801.25029,0.11395
9797.39304,0.11406
9793.53580,0.11442
9789.67856,0.11492
9785.82132,0.11496
9781.96408,0.11459
9778.10684,0.11433
9774.24960,0.11410
9770.39236,0.11388
9766.53511,0.11383
9762.67787,0.11382
9758.82063,0.11365
9754.96339,0.11329
9751.10615,0.11293
9747.24891,0.11281
9743.39167,0.11311
9739.53442,0.11360
9735.67718,0.11353
9731.81994,0.11298
9727.96270,0.11271
9724.10546,0.11285
9720.24822,0.11312
9716.39098,0.11329
9712.53373,0.11310
9708.67649,0.11271
9704.81925,0.11261
9700.96201,0.11281
9697.10477,0.11296
9693.24753,0.11286
9689.39029,0.11260
9685.53305,0.11248
9681.67580,0.11251
9677.81856,0.11243
9673.96132,0.11219
9670.10408,0.11186
9666.24684,0.11167
9662.38960,0.11176
9658.53236,0.11185
9654.67511,0.11186
9650.81787,0.11197
9646.96063,0.11218
9643.10339,0.11230
9639.24615,0.11228
9635.38891,0.11223
9631.53167,0.11219
9627.67443,0.11220
9623.81718,0.11213
9619.95994,0.11187
9616.10270,0.11154
9612.24546,0.11137
9608.38822,0.11148
9604.53098,0.11170
9600.67374,0.11171
9596.81649,0.11163
9592.95925,0.11177
9589.10201,0.11204
9585.24477,0.11212
9581.38753,0.11179
9577.53029,0.11133
9573.67305,0.11111
9569.81580,0.11116
9565.95856,0.11135
9562.10132,0.11146
9558.24408,0.11148
9554.38684,0.11155
9550.52960,0.11154
9546.67236,0.11125
9542.81512,0.11092
9538.95787,0.11089
9535.10063,0.11100
9531.24339,0.11107
9527.38615,0.11117
9523.52891,0.11118
9519.67167,0.11090
9515.81443,0.11053
9511.95718,0.11036
9508.09994,0.11032
9504.24270,0.11037
9500.38546,0.11071
9496.52822,0.11105
9492.67098,0.11083
9488.81374,0.11027
9484.95649,0.11000
9481.09925,0.11000
9477.24201,0.11015
9473.38477,0.11051
9469.52753,0.11077
9465.67029,0.11075
9461.81305,0.11054
9457.95581,0.11016
9454.09856,0.10969
9450.24132,0.10937
9446.38408,0.10940
9442.52684,0.10976
9438.66960,0.11005
9434.81236,0.11004
9430.95512,0.10993
9427.09787,0.10999
9423.24063,0.11023
9419.38339,0.11043
9415.52615,0.11038
9411.66891,0.11008
9407.81167,0.10982
9403.95443,0.10973
9400.09719,0.10961
9396.23994,0.10923
9392.38270,0.10883
9388.52546,0.10883
9384.66822,0.10922
9380.81098,0.10966
9376.95374,0.10983
9373.09650,0.10975
9369.23925,0.10983
9365.38201,0.11012
9361.52477,0.11012
9357.66753,0.10980
9353.81029,0.10969
9349.95305,0.10978
9346.09581,0.10977
9342.23856,0.10974
9338.38132,0.10984
9334.52408,0.10985
9330.66684,0.10944
9326.80960,0.10894
9322.95236,0.10900
9319.09512,0.10940
9315.23788,0.10955
9311.38063,0.10951
9307.52339,0.10950
9303.66615,0.10947
9299.80891,0.10940
9295.95167,0.10933
9292.09443,0.10925
9288.23719,0.10915
9284.37994,0.10915
9280.52270,0.10926
9276.66546,0.10929
9272.80822,0.10913
9268.95098,0.10896
9265.09374,0.10901
9261.23650,0.10919
9257.37925,0.10922
9253.52201,0.10906
9249.66477,0.10884
9245.80753,0.10868
9241.95029,0.10888
9238.09305,0.10944
9234.23581,0.10978
9230.37857,0.10961
9226.52132,0.10943
9222.66408,0.10946
9218.80684,0.10954
9214.94960,0.10950
9211.09236,0.10944
9207.23512,0.10953
9203.37788,0.10962
9199.52063,0.10951
9195.66339,0.10920
9191.80615,0.10895
9187.94891,0.10901
9184.09167,0.10916
9180.23443,0.10921
9176.37719,0.10927
9172.51995,0.10932
9168.66270,0.10934
9164.80546,0.10936
9160.94822,0.10932
9157.09098,0.10917
9153.23374,0.10906
9149.37650,0.10924
9145.51926,0.10946
9141.66201,0.10936
9137.80477,0.10917
9133.94753,0.10921
9130.09029,0.10933
9126.23305,0.10934
9122.37581,0.10926
9118.51857,0.10926
9114.66132,0.10946
9110.80408,0.10979
9106.94684,0.11006
9103.08960,0.11005
9099.23236,0.10980
9095.37512,0.10972
9091.51788,0.10987
9087.66064,0.10991
9083.80339,0.10979
9079.94615,0.10983
9076.08891,0.11005
9072.23167,0.11018
9068.37443,0.11015
9064.51719,0.11010
9060.65995,0.11010
9056.80270,0.11023
9052.94546,0.11056
9049.08822,0.11095
9045.23098,0.11116
9041.37374,0.11115
9037.51650,0.11123
9033.65926,0.11160
9029.80201,0.11180
9025.94477,0.11170
9022.08753,0.11173
9018.23029,0.11205
9014.37305,0.11244
9010.51581,0.11273
9006.65857,0.11296
9002.80133,0.11327
8998.94408,0.11361
8995.08684,0.11395
8991.22960,0.11433
8987.37236,0.11463
8983.51512,0.11493
8979.65788,0.11545
8975.80064,0.11610
8971.94339,0.11676
8968.08615,0.11740
8964.22891,0.11792
8960.37167,0.11838
8956.51443,0.11899
8952.65719,0.11970
8948.79995,0.12046
8944.94271,0.12129
8941.08546,0.12210
8937.22822,0.12278
8933.37098,0.12349
8929.51374,0.12440
8925.65650,0.12546
8921.79926,0.12653
8917.94202,0.12762
8914.08477,0.12865
8910.22753,0.12960
8906.37029,0.13076
8902.51305,0.13216
8898.65581,0.13342
8894.79857,0.13448
8890.94133,0.13572
8887.08408,0.13713
8883.22684,0.13822
8879.36960,0.13906
8875.51236,0.14006
8871.65512,0.14114
8867.79788,0.14188
8863.94064,0.14209
8860.08340,0.14207
8856.22615,0.14217
8852.36891,0.14226
8848.51167,0.14212
8844.65443,0.14178
8840.79719,0.14125
8836.93995,0.14051
8833.08271,0.13977
8829.22546,0.13920
8825.36822,0.13858
8821.51098,0.13774
8817.65374,0.13668
8813.79650,0.13557
8809.93926,0.13454
8806.08202,0.13346
8802.22477,0.13227
8798.36753,0.13118
8794.51029,0.13010
8790.65305,0.12889
8786.79581,0.12777
8782.93857,0.12686
8779.08133,0.12599
8775.22409,0.12515
8771.36684,0.12448
8767.50960,0.12391
8763.65236,0.12334
8759.79512,0.12280
8755.93788,0.12243
8752.08064,0.12229
8748.22340,0.12211
8744.36615,0.12185
8740.50891,0.12171
8736.65167,0.12171
8732.79443,0.12171
8728.93719,0.12164
8725.07995,0.12164
8721.22271,0.12179
8717.36547,0.12189
8713.50822,0.12199
8709.65098,0.12225
8705.79374,0.12246
8701.93650,0.12252
8698.07926,0.12268
8694.22202,0.12292
8690.36478,0.12306
8686.50753,0.12316
8682.65029,0.12332
8678.79305,0.12358
8674.93581,0.12380
8671.07857,0.12396
8667.22133,0.12412
8663.36409,0.12431
8659.50684,0.12456
8655.64960,0.12490
8651.79236,0.12526
8647.93512,0.12557
8644.07788,0.12590
8640.22064,0.12636
8636.36340,0.12688
8632.50616,0.12726
8628.64891,0.12755
8624.79167,0.12785
8620.93443,0.12814
8617.07719,0.12841
8613.21995,0.12869
8609.36271,0.12905
8605.50547,0.12950
8601.64822,0.12999
8597.79098,0.13036
8593.93374,0.13050
8590.07650,0.13053
8586.21926,0.13069
8582.36202,0.13106
8578.50478,0.13152
8574.64753,0.13192
8570.79029,0.13231
8566.93305,0.13276
8563.07581,0.13319
8559.21857,0.13349
8555.36133,0.13360
8551.50409,0.13360
8547.64685,0.13376
8543.78960,0.13413
8539.93236,0.13447
8536.07512,0.13466
8532.21788,0.13482
8528.36064,0.13503
8524.50340,0.13533
8520.64616,0.13568
8516.78891,0.13595
8512.93167,0.13613
8509.07443,0.13629
8505.21719,0.13645
8501.35995,0.13660
8497.50271,0.13675
8493.64547,0.13684
8489.78822,0.13683
8485.93098,0.13680
8482.07374,0.13688
8478.21650,0.13703
8474.35926,0.13714
8470.50202,0.13711
8466.64478,0.13687
8462.78754,0.13663
8458.93029,0.13665
8455.07305,0.13679
8451.21581,0.13681
8447.35857,0.13673
8443.50133,0.13654
8439.64409,0.13635
8435.78685,0.13626
8431.92960,0.13613
8428.07236,0.13586
8424.21512,0.13560
8420.35788,0.13548
8416.50064,0.13547
8412.64340,0.13540
8408.78616,0.13520
8404.92892,0.13502
8401.07167,0.13495
8397.21443,0.13474
8393.35719,0.13441
8389.49995,0.13415
8385.64271,0.13404
8381.78547,0.13413
8377.92823,0.13424
8374.07098,0.13413
8370.21374,0.13392
8366.35650,0.13376
8362.49926,0.13363
8358.64202,0.13362
8354.78478,0.13371
8350.92754,0.13366
8347.07029,0.13348
8343.21305,0.13336
8339.35581,0.13328
8335.49857,0.13318
8331.64133,0.13305
8327.78409,0.13285
8323.92685,0.13261
8320.06961,0.13240
8316.21236,0.13225
8312.35512,0.13230
8308.49788,0.13253
8304.64064,0.13278
8300.78340,0.13289
8296.92616,0.13285
8293.06892,0.13279
8289.21167,0.13280
8285.35443,0.13280
8281.49719,0.13271
8277.63995,0.13260
8273.78271,0.13263
8269.92547,0.13273
8266.06823,0.13277
8262.21098,0.13268
8258.35374,0.13262
8254.49650,0.13270
8250.63926,0.13273
8246.78202,0.13269
8242.92478,0.13280
8239.06754,0.13295
8235.21030,0.13298
8231.35305,0.13299
8227.49581,0.13311
8223.63857,0.13323
8219.78133,0.13318
8215.92409,0.13304
8212.06685,0.13295
8208.20961,0.13286
8204.35236,0.13264
8200.49512,0.13244
8196.63788,0.13242
8192.78064,0.13245
8188.92340,0.13236
8185.06616,0.13220
8181.20892,0.13202
8177.35168,0.13182
8173.49443,0.13163
8169.63719,0.13148
8165.77995,0.13142
8161.92271,0.13146
8158.06547,0.13139
8154.20823,0.13110
8150.35099,0.13078
8146.49374,0.13066
8142.63650,0.13070
8138.77926,0.13064
8134.92202,0.13026
8131.06478,0.12983
8127.20754,0.12968
8123.35030,0.12964
8119.49305,0.12949
8115.63581,0.12931
8111.77857,0.12914
8107.92133,0.12900
8104.06409,0.12891
8100.20685,0.12878
8096.34961,0.12858
8092.49237,0.12841
8088.63512,0.12823
8084.77788,0.12796
8080.92064,0.12770
8077.06340,0.12755
8073.20616,0.12747
8069.34892,0.12731
8065.49168,0.12703
8061.63443,0.12680
8057.77719,0.12667
8053.91995,0.12656
8050.06271,0.12646
8046.20547,0.12633
8042.34823,0.12619
8038.49099,0.12608
8034.63374,0.12596
8030.77650,0.12580
8026.91926,0.12568
8023.06202,0.12565
8019.20478,0.12564
8015.34754,0.12552
8011.49030,0.12532
8007.63306,0.12527
8003.77581,0.12531
7999.91857,0.12520
7996.06133,0.12499
7992.20409,0.12485
7988.34685,0.12476
7984.48961,0.12462
7980.63237,0.12456
7976.77512,0.12466
7972.91788,0.12472
7969.06064,0.12460
7965.20340,0.12444
7961.34616,0.12439
7957.48892,0.12430
7953.63168,0.12417
7949.77444,0.12415
7945.91719,0.12420
7942.05995,0.12420
7938.20271,0.12415
7934.34547,0.12407
7930.48823,0.12392
7926.63099,0.12382
7922.77375,0.12387
7918.91650,0.12397
7915.05926,0.12411
7911.20202,0.12418
7907.34478,0.12412
7903.48754,0.12410
7899.63030,0.12419
7895.77306,0.12424
7891.91581,0.12419
7888.05857,0.12417
7884.20133,0.12429
7880.34409,0.12441
7876.48685,0.12436
7872.62961,0.12422
7868.77237,0.12413
7864.91513,0.12403
7861.05788,0.12390
7857.20064,0.12380
7853.34340,0.12381
7849.48616,0.12382
7845.62892,0.12366
7841.77168,0.12349
7837.91444,0.12350
7834.05719,0.12352
7830.19995,0.12333
7826.34271,0.12311
7822.48547,0.12300
7818.62823,0.12289
7814.77099,0.12276
7810.91375,0.12270
7807.05650,0.12283
7803.19926,0.12299
7799.34202,0.12291
7795.48478,0.12251
7791.62754,0.12212
7787.77030,0.12202
7783.91306,0.12198
7780.05582,0.12174
7776.19857,0.12161
7772.34133,0.12170
7768.48409,0.12163
7764.62685,0.12140
7760.76961,0.12127
7756.91237,0.12119
7753.05513,0.12101
7749.19788,0.12091
7745.34064,0.12096
7741.48340,0.12090
7737.62616,0.12067
7733.76892,0.12043
7729.91168,0.12020
7726.05444,0.12000
7722.19720,0.11988
7718.33995,0.11976
7714.48271,0.11963
7710.62547,0.11969
7706.76823,0.11984
7702.91099,0.11967
7699.05375,0.11928
7695.19651,0.11900
7691.33926,0.11887
7687.48202,0.11888
7683.62478,0.11900
7679.76754,0.11917
7675.91030,0.11925
7672.05306,0.11921
7668.19582,0.11908
7664.33857,0.11897
7660.48133,0.11904
7656.62409,0.11932
7652.76685,0.11958
7648.90961,0.11967
7645.05237,0.11981
7641.19513,0.12001
7637.33789,0.12007
7633.48064,0.11995
7629.62340,0.11972
7625.76616,0.11960
7621.90892,0.11975
7618.05168,0.12003
7614.19444,0.12022
7610.33720,0.12034
7606.47995,0.12049
7602.62271,0.12058
7598.76547,0.12055
7594.90823,0.12051
7591.05099,0.12055
7587.19375,0.12067
7583.33651,0.12082
7579.47926,0.12100
7575.62202,0.12108
7571.76478,0.12107
7567.90754,0.12118
7564.05030,0.12138
7560.19306,0.12157
7556.33582,0.12191
7552.47858,0.12239
7548.62133,0.12279
7544.76409,0.12311
7540.90685,0.12330
7537.04961,0.12341
7533.19237,0.12366
7529.33513,0.12397
7525.47789,0.12409
7521.62064,0.12412
7517.76340,0.12430
7513.90616,0.12456
7510.04892,0.12477
7506.19168,0.12496
7502.33444,0.12509
7498.47720,0.12522
7494.61996,0.12553
7490.76271,0.12602
7486.90547,0.12641
7483.04823,0.12669
7479.19099,0.12702
7475.33375,0.12744
7471.47651,0.12789
7467.61927,0.12836
7463.76202,0.12895
7459.90478,0.12973
7456.04754,0.13053
7452.19030,0.13125
7448.33306,0.13200
7444.47582,0.13277
7440.61858,0.13356
7436.76133,0.13437
7432.90409,0.13522
7429.04685,0.13620
7425.18961,0.13730
7421.33237,0.13836
7417.47513,0.13927
7413.61789,0.13999
7409.76065,0.14069
7405.90340,0.14156
7402.04616,0.14260
7398.18892,0.14365
7394.33168,0.14461
7390.47444,0.14559
7386.61720,0.14668
7382.75996,0.14783
7378.90271,0.14890
7375.04547,0.14989
7371.18823,0.15085
7367.33099,0.15183
7363.47375,0.15292
7359.61651,0.15407
7355.75927,0.15511
7351.90202,0.15599
7348.04478,0.15682
7344.18754,0.15758
7340.33030,0.15823
7336.47306,0.15883
7332.61582,0.15936
7328.75858,0.15983
7324.90134,0.16026
7321.04409,0.16059
7317.18685,0.16083
7313.32961,0.16106
7309.47237,0.16129
7305.61513,0.16150
7301.75789,0.16176
7297.90065,0.16201
7294.04340,0.16225
7290.18616,0.16255
7286.32892,0.16288
7282.47168,0.16321
7278.61444,0.16347
7274.75720,0.16369
7270.89996,0.16388
7267.04272,0.16414
7263.18547,0.16457
7259.32823,0.16508
7255.47099,0.16547
7251.61375,0.16571
7247.75651,0.16589
7243.89927,0.16605
7240.04203,0.16623
7236.18478,0.16642
7232.32754,0.16655
7228.47030,0.16664
7224.61306,0.16684
7220.75582,0.16717
7216.89858,0.16748
7213.04134,0.16772
7209.18409,0.16790
7205.32685,0.16806
7201.46961,0.16817
7197.61237,0.16819
7193.75513,0.16823
7189.89789,0.16842
7186.04065,0.16877
7182.18341,0.16919
7178.32616,0.16962
7174.46892,0.17005
7170.61168,0.17057
7166.75444,0.17129
7162.89720,0.17208
7159.03996,0.17284
7155.18272,0.17360
7151.32547,0.17444
7147.46823,0.17538
7143.61099,0.17639
7139.75375,0.17744
7135.89651,0.17850
7132.03927,0.17955
7128.18203,0.18058
7124.32478,0.18167
7120.46754,0.18285
7116.61030,0.18407
7112.75306,0.18522
7108.89582,0.18630
7105.03858,0.18744
7101.18134,0.18869
7097.32410,0.18997
7093.46685,0.19128
7089.60961,0.19270
7085.75237,0.19422
7081.89513,0.19578
7078.03789,0.19734
7074.18065,0.19889
7070.32341,0.20047
7066.46616,0.20212
7062.60892,0.20381
7058.75168,0.20545
7054.89444,0.20703
7051.03720,0.20859
7047.17996,0.21010
7043.32272,0.21148
7039.46548,0.21278
7035.60823,0.21413
7031.75099,0.21550
7027.89375,0.21684
7024.03651,0.21809
7020.17927,0.21921
7016.32203,0.22024
7012.46479,0.22126
7008.60754,0.22230
7004.75030,0.22332
7000.89306,0.22422
6997.03582,0.22502
6993.17858,0.22588
6989.32134,0.22682
6985.46410,0.22768
6981.60685,0.22845
6977.74961,0.22919
6973.89237,0.22987
6970.03513,0.23044
6966.17789,0.23100
6962.32065,0.23151
6958.46341,0.23193
6954.60617,0.23233
6950.74892,0.23281
6946.89168,0.23331
6943.03444,0.23375
6939.17720,0.23411
6935.31996,0.23450
6931.46272,0.23497
6927.60548,0.23543
6923.74823,0.23585
6919.89099,0.23627
6916.03375,0.23666
6912.17651,0.23697
6908.31927,0.23723
6904.46203,0.23754
6900.60479,0.23797
6896.74754,0.23840
6892.89030,0.23878
6889.03306,0.23921
6885.17582,0.23971
6881.31858,0.24023
6877.46134,0.24075
6873.60410,0.24131
6869.74686,0.24192
6865.88961,0.24255
6862.03237,0.24319
6858.17513,0.24384
6854.31789,0.24445
6850.46065,0.24501
6846.60341,0.24562
6842.74617,0.24636
6838.88892,0.24717
6835.03168,0.24791
6831.17444,0.24861
6827.31720,0.24928
6823.45996,0.24993
6819.60272,0.25058
6815.74548,0.25128
6811.88824,0.25205
6808.03099,0.25290
6804.17375,0.25377
6800.31651,0.25462
6796.45927,0.25549
6792.60203,0.25637
6788.74479,0.25722
6784.88755,0.25797
6781.03030,0.25862
6777.17306,0.25930
6773.31582,0.26009
6769.45858,0.26090
6765.60134,0.26162
6761.74410,0.26216
6757.88686,0.26251
6754.02961,0.26289
6750.17237,0.26332
6746.31513,0.26368
6742.45789,0.26395
6738.60065,0.26417
6734.74341,0.26437
6730.88617,0.26458
6727.02893,0.26477
6723.17168,0.26490
6719.31444,0.26496
6715.45720,0.26499
6711.59996,0.26507
6707.74272,0.26515
6703.88548,0.26516
6700.02824,0.26514
6696.17099,0.26508
6692.31375,0.26502
6688.45651,0.26500
6684.59927,0.26494
6680.74203,0.26475
6676.88479,0.26444
6673.02755,0.26415
6669.17030,0.26388
6665.31306,0.26360
6661.45582,0.26329
6657.59858,0.26296
6653.74134,0.26262
6649.88410,0.26226
6646.02686,0.26183
6642.16962,0.26137
6638.31237,0.26091
6634.45513,0.26049
6630.59789,0.26014
6626.74065,0.25976
6622.88341,0.25925
6619.02617,0.25861
6615.16893,0.25795
6611.31168,0.25744
6607.45444,0.25702
6603.59720,0.25656
6599.73996,0.25604
6595.88272,0.25560
6592.02548,0.25531
6588.16824,0.25510
6584.31100,0.25485
6580.45375,0.25462
6576.59651,0.25447
6572.73927,0.25438
6568.88203,0.25431
6565.02479,0.25431
6561.16755,0.25437
6557.31031,0.25438
6553.45306,0.25432
6549.59582,0.25435
6545.73858,0.25452
6541.88134,0.25471
6538.02410,0.25484
6534.16686,0.25492
6530.30962,0.25503
6526.45237,0.25518
6522.59513,0.25531
6518.73789,0.25546
6514.88065,0.25563
6511.02341,0.25578
6507.16617,0.25587
6503.30893,0.25589
6499.45169,0.25595
6495.59444,0.25604
6491.73720,0.25607
6487.87996,0.25604
6484.02272,0.25600
6480.16548,0.25592
6476.30824,0.25583
6472.45100,0.25575
6468.59375,0.25563
6464.73651,0.25540
6460.87927,0.25514
6457.02203,0.25498
6453.16479,0.25483
6449.30755,0.25460
6445.45031,0.25438
6441.59306,0.25412
6437.73582,0.25374
6433.87858,0.25335
6430.02134,0.25300
6426.16410,0.25269
6422.30686,0.25244
6418.44962,0.25218
6414.59238,0.25184
6410.73513,0.25151
6406.87789,0.25124
6403.02065,0.25100
6399.16341,0.25076
6395.30617,0.25055
6391.44893,0.25034
6387.59169,0.25018
6383.73444,0.25008
6379.87720,0.24998
6376.01996,0.24980
6372.16272,0.24957
6368.30548,0.24933
6364.44824,0.24906
6360.59100,0.24883
6356.73376,0.24863
6352.87651,0.24844
6349.01927,0.24831
6345.16203,0.24832
6341.30479,0.24833
6337.44755,0.24828
6333.59031,0.24828
6329.73307,0.24834
6325.87582,0.24834
6322.01858,0.24822
6318.16134,0.24808
6314.30410,0.24800
6310.44686,0.24790
6306.58962,0.24777
6302.73238,0.24762
6298.87513,0.24740
6295.01789,0.24704
6291.16065,0.24659
6287.30341,0.24615
6283.44617,0.24566
6279.58893,0.24513
6275.73169,0.24460
6271.87445,0.24397
6268.01720,0.24314
6264.15996,0.24232
6260.30272,0.24157
6256.44548,0.24080
6252.58824,0.23997
6248.73100,0.23909
6244.87376,0.23822
6241.01651,0.23730
6237.15927,0.23634
6233.30203,0.23536
6229.44479,0.23443
6225.58755,0.23365
6221.73031,0.23305
6217.87307,0.23256
6214.01582,0.23225
6210.15858,0.23220
6206.30134,0.23243
6202.44410,0.23285
6198.58686,0.23316
6194.72962,0.23299
6190.87238,0.23218
6187.01514,0.23090
6183.15789,0.22948
6179.30065,0.22822
6175.44341,0.22719
6171.58617,0.22641
6167.72893,0.22591
6163.87169,0.22566
6160.01445,0.22567
6156.15720,0.22599
6152.29996,0.22654
6148.44272,0.22709
6144.58548,0.22740
6140.72824,0.22738
6136.87100,0.22711
6133.01376,0.22684
6129.15652,0.22677
6125.29927,0.22711
6121.44203,0.22810
6117.58479,0.22985
6113.72755,0.23233
6109.87031,0.23550
6106.01307,0.23934
6102.15583,0.24373
6098.29858,0.24847
6094.44134,0.25338
6090.58410,0.25827
6086.72686,0.26294
6082.86962,0.26731
6079.01238,0.27153
6075.15514,0.27604
6071.29789,0.28130
6067.44065,0.28748
6063.58341,0.29414
6059.72617,0.30064
6055.86893,0.30650
6052.01169,0.31159
6048.15445,0.31612
6044.29721,0.32060
6040.43996,0.32547
6036.58272,0.33085
6032.72548,0.33649
6028.86824,0.34183
6025.01100,0.34608
6021.15376,0.34845
6017.29652,0.34835
6013.43927,0.34558
6009.58203,0.34031
6005.72479,0.33319
6001.86755,0.32515
5998.01031,0.31721
5994.15307,0.31020
5990.29583,0.30462
5986.43858,0.30058
5982.58134,0.29779
5978.72410,0.29555
5974.86686,0.29294
5971.00962,0.28954
5967.15238,0.28566
5963.29514,0.28202
5959.43790,0.27922
5955.58065,0.27748
5951.72341,0.27663
5947.86617,0.27621
5944.00893,0.27567
5940.15169,0.27441
5936.29445,0.27195
5932.43721,0.26833
5928.57996,0.26402
5924.72272,0.25959
5920.86548,0.25548
5917.00824,0.25194
5913.15100,0.24904
5909.29376,0.24686
5905.43652,0.24560
5901.57927,0.24547
5897.72203,0.24644
5893.86479,0.24825
5890.00755,0.25065
5886.15031,0.25335
5882.29307,0.25598
5878.43583,0.25834
5874.57859,0.26043
5870.72134,0.26226
5866.86410,0.26368
5863.00686,0.26447
5859.14962,0.26454
5855.29238,0.26405
5851.43514,0.26331
5847.57790,0.26256
5843.72065,0.26191
5839.86341,0.26141
5836.00617,0.26112
5832.14893,0.26109
5828.29169,0.26127
5824.43445,0.26153
5820.57721,0.26180
5816.71997,0.26210
5812.86272,0.26237
5809.00548,0.26248
5805.14824,0.26236
5801.29100,0.26207
5797.43376,0.26171
5793.57652,0.26139
5789.71928,0.26114
5785.86203,0.26089
5782.00479,0.26057
5778.14755,0.26013
5774.29031,0.25950
5770.43307,0.25874
5766.57583,0.25785
5762.71859,0.25670
5758.86134,0.25528
5755.00410,0.25369
5751.14686,0.25197
5747.28962,0.25010
5743.43238,0.24818
5739.57514,0.24631
5735.71790,0.24461
5731.86066,0.24316
5728.00341,0.24205
5724.14617,0.24138
5720.28893,0.24114
5716.43169,0.24120
5712.57445,0.24140
5708.71721,0.24160
5704.85997,0.24165
5701.00272,0.24150
5697.14548,0.24118
5693.28824,0.24081
5689.43100,0.24043
5685.57376,0.24007
5681.71652,0.23979
5677.85928,0.23964
5674.00203,0.23966
5670.14479,0.23985
5666.28755,0.24026
5662.43031,0.24080
5658.57307,0.24129
5654.71583,0.24154
5650.85859,0.24142
5647.00135,0.24090
5643.14410,0.24006
5639.28686,0.23907
5635.42962,0.23809
5631.57238,0.23714
5627.71514,0.23626
5623.85790,0.23555
5620.00066,0.23505
5616.14341,0.23476
5612.28617,0.23462
5608.42893,0.23462
5604.57169,0.23473
5600.71445,0.23493
5596.85721,0.23527
5592.99997,0.23576
5589.14273,0.23627
5585.28548,0.23678
5581.42824,0.23739
5577.57100,0.23812
5573.71376,0.23882
5569.85652,0.23936
5565.99928,0.23968
5562.14204,0.23979
5558.28479,0.23973
5554.42755,0.23962
5550.57031,0.23953
5546.71307,0.23947
5542.85583,0.23943
5538.99859,0.23945
5535.14135,0.23945
5531.28410,0.23937
5527.42686,0.23917
5523.56962,0.23891
5519.71238,0.23858
5515.85514,0.23823
5511.99790,0.23791
5508.14066,0.23767
5504.28342,0.23765
5500.42617,0.23795
5496.56893,0.23847
5492.71169,0.23907
5488.85445,0.23968
5484.99721,0.24021
5481.13997,0.24053
5477.28273,0.24051
5473.42548,0.24014
5469.56824,0.23957
5465.71100,0.23881
5461.85376,0.23783
5457.99652,0.23679
5454.13928,0.23574
5450.28204,0.23455
5446.42479,0.23305
5442.56755,0.23141
5438.71031,0.22984
5434.85307,0.22836
5430.99583,0.22695
5427.13859,0.22572
5423.28135,0.22476
5419.42411,0.22404
5415.56686,0.22349
5411.70962,0.22312
5407.85238,0.22293
5403.99514,0.22276
5400.13790,0.22252
5396.28066,0.22226
5392.42342,0.22204
5388.56617,0.22193
5384.70893,0.22196
5380.85169,0.22209
5376.99445,0.22230
5373.13721,0.22260
5369.27997,0.22299
5365.42273,0.22344
5361.56549,0.22392
5357.70824,0.22444
5353.85100,0.22494
5349.99376,0.22538
5346.13652,0.22572
5342.27928,0.22597
5338.42204,0.22619
5334.56480,0.22649
5330.70755,0.22690
5326.85031,0.22748
5322.99307,0.22833
5319.13583,0.22948
5315.27859,0.23098
5311.42135,0.23280
5307.56411,0.23489
5303.70686,0.23726
5299.84962,0.23995
5295.99238,0.24298
5292.13514,0.24642
5288.27790,0.25031
5284.42066,0.25464
5280.56342,0.25943
5276.70618,0.26468
5272.84893,0.27020
5268.99169,0.27581
5265.13445,0.28139
5261.27721,0.28669
5257.41997,0.29153
5253.56273,0.29599
5249.70549,0.30003
5245.84824,0.30358
5241.99100,0.30662
5238.13376,0.30917
5234.27652,0.31137
5230.41928,0.31334
5226.56204,0.31510
5222.70480,0.31664
5218.84755,0.31796
5214.99031,0.31902
5211.13307,0.31986
5207.27583,0.32063
5203.41859,0.32138
5199.56135,0.32200
5195.70411,0.32246
5191.84687,0.32280
5187.98962,0.32309
5184.13238,0.32335
5180.27514,0.32352
5176.41790,0.32357
5172.56066,0.32356
5168.70342,0.32343
5164.84618,0.32321
5160.98893,0.32300
5157.13169,0.32285
5153.27445,0.32273
5149.41721,0.32260
5145.55997,0.32241
5141.70273,0.32213
5137.84549,0.32184
5133.98825,0.32162
5130.13100,0.32146
5126.27376,0.32125
5122.41652,0.32077
5118.55928,0.31974
5114.70204,0.31792
5110.84480,0.31542
5106.98756,0.31248
5103.13031,0.30942
5099.27307,0.30647
5095.41583,0.30371
5091.55859,0.30108
5087.70135,0.29863
5083.84411,0.29641
5079.98687,0.29442
5076.12962,0.29262
5072.27238,0.29095
5068.41514,0.28936
5064.55790,0.28787
5060.70066,0.28650
5056.84342,0.28521
5052.98618,0.28401
5049.12894,0.28290
5045.27169,0.28191
5041.41445,0.28104
5037.55721,0.28022
5033.69997,0.27938
5029.84273,0.27859
5025.98549,0.27790
5022.12825,0.27729
5018.27100,0.27672
5014.41376,0.27615
5010.55652,0.27559
5006.69928,0.27502
5002.84204,0.27447
4998.98480,0.27393
4995.12756,0.27340
4991.27031,0.27294
4987.41307,0.27263
4983.55583,0.27251
4979.69859,0.27258
4975.84135,0.27282
4971.98411,0.27329
4968.12687,0.27403
4964.26963,0.27502
4960.41238,0.27623
4956.55514,0.27770
4952.69790,0.27938
4948.84066,0.28123
4944.98342,0.28316
4941.12618,0.28516
4937.26894,0.28722
4933.41169,0.28941
4929.55445,0.29170
4925.69721,0.29413
4921.83997,0.29677
4917.98273,0.29958
4914.12549,0.30247
4910.26825,0.30537
4906.41101,0.30837
4902.55376,0.31157
4898.69652,0.31489
4894.83928,0.31828
4890.98204,0.32176
4887.12480,0.32534
4883.26756,0.32896
4879.41032,0.33264
4875.55307,0.33631
4871.69583,0.33982
4867.83859,0.34315
4863.98135,0.34640
4860.12411,0.34956
4856.26687,0.35265
4852.40963,0.35580
4848.55238,0.35916
4844.69514,0.36281
4840.83790,0.36678
4836.98066,0.37101
4833.12342,0.37535
4829.26618,0.37968
4825.40894,0.38390
4821.55170,0.38794
4817.69445,0.39169
4813.83721,0.39511
4809.97997,0.39826
4806.12273,0.40112
4802.26549,0.40358
4798.40825,0.40561
4794.55101,0.40723
4790.69376,0.40840
4786.83652,0.40916
4782.97928,0.40961
4779.12204,0.40987
4775.26480,0.41011
4771.40756,0.41054
4767.55032,0.41138
4763.69307,0.41275
4759.83583,0.41465
4755.97859,0.41694
4752.12135,0.41944
4748.26411,0.42193
4744.40687,0.42427
4740.54963,0.42657
4736.69239,0.42915
4732.83514,0.43242
4728.97790,0.43645
4725.12066,0.44063
4721.26342,0.44390
4717.40618,0.44560
4713.54894,0.44617
4709.69170,0.44699
4705.83445,0.44946
4701.97721,0.45409
4698.11997,0.45996
4694.26273,0.46490
4690.40549,0.46658
4686.54825,0.46381
4682.69101,0.45702
4678.83377,0.44774
4674.97652,0.43806
4671.11928,0.42979
4667.26204,0.42385
4663.40480,0.42010
4659.54756,0.41802
4655.69032,0.41738
4651.83308,0.41856
4647.97583,0.42194
4644.11859,0.42711
4640.26135,0.43241
4636.40411,0.43542
4632.54687,0.43387
4628.68963,0.42711
4624.83239,0.41684
4620.97514,0.40595
4617.11790,0.39676
4613.26066,0.39017
4609.40342,0.38611
4605.54618,0.38440
4601.68894,0.38500
4597.83170,0.38750
4593.97446,0.39066
4590.11721,0.39339
4586.25997,0.39558
4582.40273,0.39692
4578.54549,0.39569
4574.68825,0.39036
4570.83101,0.38186
4566.97377,0.37290
4563.11652,0.36574
4559.25928,0.36111
4555.40204,0.35859
4551.54480,0.35730
4547.68756,0.35649
4543.83032,0.35578
4539.97308,0.35517
4536.11583,0.35484
4532.25859,0.35494
4528.40135,0.35553
4524.54411,0.35665
4520.68687,0.35841
4516.82963,0.36090
4512.97239,0.36430
4509.11515,0.36895
4505.25790,0.37523
4501.40066,0.38322
4497.54342,0.39257
4493.68618,0.40227
4489.82894,0.41082
4485.97170,0.41747
4482.11446,0.42304
4478.25721,0.42921
4474.39997,0.43747
4470.54273,0.44873
4466.68549,0.46294
4462.82825,0.47810
4458.97101,0.49057
4455.11377,0.49821
4451.25653,0.50269
4447.39928,0.50712
4443.54204,0.51271
4439.68480,0.51856
4435.82756,0.52305
4431.97032,0.52474
4428.11308,0.52302
4424.25584,0.51870
4420.39859,0.51394
4416.54135,0.51101
4412.68411,0.51081
4408.82687,0.51236
4404.96963,0.51370
4401.11239,0.51312
4397.25515,0.51004
4393.39790,0.50526
4389.54066,0.50010
4385.68342,0.49552
4381.82618,0.49190
4377.96894,0.48932
4374.11170,0.48776
4370.25446,0.48726
4366.39722,0.48795
4362.53997,0.48948
4358.68273,0.49123
4354.82549,0.49285
4350.96825,0.49451
4347.11101,0.49668
4343.25377,0.49949
4339.39653,0.50251
4335.53928,0.50524
4331.68204,0.50752
4327.82480,0.50963
4323.96756,0.51191
4320.11032,0.51463
4316.25308,0.51806
4312.39584,0.52245
4308.53859,0.52780
4304.68135,0.53370
4300.82411,0.53939
4296.96687,0.54421
4293.10963,0.54767
4289.25239,0.54953
4285.39515,0.55005
4281.53791,0.54974
4277.68066,0.54897
4273.82342,0.54769
4269.96618,0.54571
4266.10894,0.54319
4262.25170,0.54074
4258.39446,0.53909
4254.53722,0.53862
4250.67997,0.53898
4246.82273,0.53921
4242.96549,0.53858
4239.10825,0.53712
4235.25101,0.53550
4231.39377,0.53429
4227.53653,0.53331
4223.67929,0.53181
4219.82204,0.52928
4215.96480,0.52606
4212.10756,0.52289
4208.25032,0.52024
4204.39308,0.51811
4200.53584,0.51645
4196.67860,0.51556
4192.82135,0.51616
4188.96411,0.51874
4185.10687,0.52309
4181.24963,0.52770
4177.39239,0.52999
4173.53515,0.52818
4169.67791,0.52269
4165.82066,0.51576
4161.96342,0.50971
4158.10618,0.50567
4154.24894,0.50378
4150.39170,0.50387
4146.53446,0.50577
4142.67722,0.50924
4138.81998,0.51371
4134.96273,0.51815
4131.10549,0.52182
4127.24825,0.52491
4123.39101,0.52805
4119.53377,0.53197
4115.67653,0.53746
4111.81929,0.54504
4107.96204,0.55485
4104.10480,0.56721
4100.24756,0.58306
4096.39032,0.60156
4092.53308,0.61726
4088.67584,0.62367
4084.81860,0.61954
4080.96135,0.60858
4077.10411,0.59548
4073.24687,0.58424
4069.38963,0.57690
4065.53239,0.57322
4061.67515,0.57207
4057.81791,0.57251
4053.96067,0.57392
4050.10342,0.57577
4046.24618,0.57747
4042.38894,0.57858
4038.53170,0.57924
4034.67446,0.57979
4030.81722,0.58032
4026.95998,0.58064
4023.10273,0.58062
4019.24549,0.58031
4015.38825,0.57969
4011.53101,0.57863
4007.67377,0.57706
4003.81653,0.57496
3999.95929,0.57234
3996.10205,0.56930
3992.24480,0.56622
3988.38756,0.56355
3984.53032,0.56143
3980.67308,0.55970
3976.81584,0.55811
3972.95860,0.55637
3969.10136,0.55432
3965.24411,0.55192
3961.38687,0.54924
3957.52963,0.54641
3953.67239,0.54348
3949.81515,0.54044
3945.95791,0.53753
3942.10067,0.53487
3938.24342,0.53239
3934.38618,0.53003
3930.52894,0.52784
3926.67170,0.52589
3922.81446,0.52406
3918.95722,0.52214
3915.09998,0.52008
3911.24274,0.51790
3907.38549,0.51525
3903.52825,0.51161
3899.67101,0.50757
3895.81377,0.50418
3891.95653,0.50121
3888.09929,0.49841
3884.24205,0.49605
3880.38480,0.49425
3876.52756,0.49258
3872.67032,0.49034
3868.81308,0.48734
3864.95584,0.48416
3861.09860,0.48131
3857.24136,0.47866
3853.38411,0.47581
3849.52687,0.47355
3845.66963,0.47210
3841.81239,0.47076
3837.95515,0.46965
3834.09791,0.46908
3830.24067,0.46884
3826.38343,0.46890
3822.52618,0.46975
3818.66894,0.47216
3814.81170,0.47552
3810.95446,0.47812
3807.09722,0.47920
3803.23998,0.47860
3799.38274,0.47678
3795.52549,0.47464
3791.66825,0.47301
3787.81101,0.47231
3783.95377,0.47266
3780.09653,0.47396
3776.23929,0.47597
3772.38205,0.47843
3768.52481,0.48160
3764.66756,0.48523
3760.81032,0.48818
3756.95308,0.48909
3753.09584,0.48718
3749.23860,0.48365
3745.38136,0.48174
3741.52412,0.48277
3737.66687,0.48608
3733.80963,0.49058
3729.95239,0.49350
3726.09515,0.49436
3722.23791,0.49512
3718.38067,0.49709
3714.52343,0.50087
3710.66618,0.50757
3706.80894,0.51667
3702.95170,0.52724
3699.09446,0.53988
3695.23722,0.55455
3691.37998,0.57349
3687.52274,0.59527
3683.66550,0.61039
3679.80825,0.61971
3675.95101,0.63064
3672.09377,0.64719
3668.23653,0.66618
3664.37929,0.68390
3660.52205,0.70078
3656.66481,0.71824
3652.80756,0.73651
3648.95032,0.75632
3645.09308,0.77552
3641.23584,0.79060
3637.37860,0.80372
3633.52136,0.81558
3629.66412,0.82642
3625.80687,0.83717
3621.94963,0.84570
3618.09239,0.85341
3614.23515,0.86113
3610.37791,0.86859
3606.52067,0.87614
3602.66343,0.88408
3598.80619,0.89280
