12493.60475,0.10069
12489.74751,0.09922
12485.89027,0.09943
12482.03303,0.09876
12478.17579,0.09798
12474.31855,0.09918
12470.46130,0.09977
12466.60406,0.09775
12462.74682,0.09702
12458.88958,0.10036
12455.03234,0.10443
12451.17510,0.10543
12447.31786,0.10332
12443.46062,0.10037
12439.60337,0.09953
12435.74613,0.10170
12431.88889,0.10445
12428.03165,0.10580
12424.17441,0.10545
12420.31717,0.10319
12416.45993,0.10076
12412.60268,0.10000
12408.74544,0.10010
12404.88820,0.10044
12401.03096,0.10124
12397.17372,0.10213
12393.31648,0.10270
12389.45924,0.10433
12385.60199,0.10706
12381.74475,0.10760
12377.88751,0.10531
12374.03027,0.10308
12370.17303,0.10227
12366.31579,0.10260
12362.45855,0.10415
12358.60131,0.10522
12354.74406,0.10447
12350.88682,0.10468
12347.02958,0.10497
12343.17234,0.10151
12339.31510,0.09812
12335.45786,0.09950
12331.60062,0.10282
12327.74337,0.10361
12323.88613,0.10174
12320.02889,0.10049
12316.17165,0.10139
12312.31441,0.10214
12308.45717,0.10041
12304.59993,0.09806
12300.74268,0.09861
12296.88544,0.10079
12293.02820,0.10144
12289.17096,0.10161
12285.31372,0.10277
12281.45648,0.10342
12277.59924,0.10348
12273.74200,0.10437
12269.88475,0.10459
12266.02751,0.10215
12262.17027,0.09950
12258.31303,0.10040
12254.45579,0.10330
12250.59855,0.10332
12246.74131,0.10033
12242.88406,0.09777
12239.02682,0.09739
12235.16958,0.09980
12231.31234,0.10351
12227.45510,0.10525
12223.59786,0.10416
12219.74062,0.10172
12215.88338,0.10002
12212.02613,0.09992
12208.16889,0.10059
12204.31165,0.10117
12200.45441,0.10124
12196.59717,0.10042
12192.73993,0.09922
12188.88269,0.09925
12185.02544,0.10023
12181.16820,0.10021
12177.31096,0.09886
12173.45372,0.09730
12169.59648,0.09685
12165.73924,0.09810
12161.88200,0.09983
12158.02475,0.10091
12154.16751,0.10150
12150.31027,0.10113
12146.45303,0.09935
12142.59579,0.09826
12138.73855,0.09937
12134.88131,0.09996
12131.02407,0.09839
12127.16682,0.09745
12123.30958,0.09902
12119.45234,0.10115
12115.59510,0.10138
12111.73786,0.09990
12107.88062,0.09907
12104.02338,0.09973
12100.16613,0.10044
12096.30889,0.09980
12092.45165,0.09856
12088.59441,0.09899
12084.73717,0.10046
12080.87993,0.10026
12077.02269,0.09899
12073.16544,0.09863
12069.30820,0.09908
12065.45096,0.09946
12061.59372,0.09915
12057.73648,0.09780
12053.87924,0.09633
12050.02200,0.09599
12046.16476,0.09696
12042.30751,0.09815
12038.45027,0.09834
12034.59303,0.09826
12030.73579,0.09932
12026.87855,0.10167
12023.02131,0.10366
12019.16407,0.10392
12015.30682,0.10434
12011.44958,0.10542
12007.59234,0.10451
12003.73510,0.10185
11999.87786,0.09998
11996.02062,0.10006
11992.16338,0.10193
11988.30614,0.10397
11984.44889,0.10393
11980.59165,0.10223
11976.73441,0.10113
11972.87717,0.10105
11969.01993,0.10141
11965.16269,0.10232
11961.30545,0.10331
11957.44820,0.10295
11953.59096,0.10169
11949.73372,0.10215
11945.87648,0.10411
11942.01924,0.10429
11938.16200,0.10252
11934.30476,0.10195
11930.44751,0.10318
11926.59027,0.10500
11922.73303,0.10729
11918.87579,0.10890
11915.01855,0.10892
11911.16131,0.10777
11907.30407,0.10567
11903.44683,0.10373
11899.58958,0.10286
11895.73234,0.10309
11891.87510,0.10426
11888.01786,0.10489
11884.16062,0.10442
11880.30338,0.10415
11876.44614,0.10394
11872.58889,0.10315
11868.73165,0.10327
11864.87441,0.10482
11861.01717,0.10582
11857.15993,0.10621
11853.30269,0.10748
11849.44545,0.10823
11845.58820,0.10740
11841.73096,0.10672
11837.87372,0.10634
11834.01648,0.10573
11830.15924,0.10614
11826.30200,0.10739
11822.44476,0.10737
11818.58752,0.10570
11814.73027,0.10476
11810.87303,0.10560
11807.01579,0.10563
11803.15855,0.10453
11799.30131,0.10526
11795.44407,0.10688
11791.58683,0.10681
11787.72958,0.10582
11783.87234,0.10521
11780.01510,0.10500
11776.15786,0.10489
11772.30062,0.10542
11768.44338,0.10653
11764.58614,0.10644
11760.72890,0.10540
11756.87165,0.10513
11753.01441,0.10585
11749.15717,0.10669
11745.29993,0.10660
11741.44269,0.10592
11737.58545,0.10543
11733.72821,0.10569
11729.87096,0.10727
11726.01372,0.10887
11722.15648,0.10900
11718.29924,0.10798
11714.44200,0.10627
11710.58476,0.10465
11706.72752,0.10484
11702.87027,0.10675
11699.01303,0.10803
11695.15579,0.10773
11691.29855,0.10671
11687.44131,0.10582
11683.58407,0.10616
11679.72683,0.10807
11675.86959,0.10939
11672.01234,0.10799
11668.15510,0.10578
11664.29786,0.10571
11660.44062,0.10690
11656.58338,0.10782
11652.72614,0.10897
11648.86890,0.10973
11645.01165,0.10892
11641.15441,0.10769
11637.29717,0.10805
11633.43993,0.10882
11629.58269,0.10783
11625.72545,0.10676
11621.86821,0.10738
11618.01096,0.10832
11614.15372,0.10806
11610.29648,0.10709
11606.43924,0.10694
11602.58200,0.10729
11598.72476,0.10686
11594.86752,0.10626
11591.01028,0.10649
11587.15303,0.10691
11583.29579,0.10688
11579.43855,0.10686
11575.58131,0.10729
11571.72407,0.10798
11567.86683,0.10804
11564.00959,0.10692
11560.15234,0.10562
11556.29510,0.10590
11552.43786,0.10816
11548.58062,0.10992
11544.72338,0.10932
11540.86614,0.10792
11537.00890,0.10784
11533.15166,0.10920
11529.29441,0.10963
11525.43717,0.10824
11521.57993,0.10799
11517.72269,0.10959
11513.86545,0.11005
11510.00821,0.10931
11506.15097,0.10997
11502.29372,0.11137
11498.43648,0.11032
11494.57924,0.10736
11490.72200,0.10619
11486.86476,0.10742
11483.00752,0.10890
11479.15028,0.10982
11475.29303,0.11032
11471.43579,0.11034
11467.57855,0.10973
11463.72131,0.10819
11459.86407,0.10624
11456.00683,0.10507
11452.14959,0.10521
11448.29235,0.10584
11444.43510,0.10540
11440.57786,0.10429
11436.72062,0.10432
11432.86338,0.10495
11429.00614,0.10475
11425.14890,0.10449
11421.29166,0.10475
11417.43441,0.10458
11413.57717,0.10335
11409.71993,0.10174
11405.86269,0.10103
11402.00545,0.10153
11398.14821,0.10233
11394.29097,0.10275
11390.43372,0.10263
11386.57648,0.10243
11382.71924,0.10299
11378.86200,0.10370
11375.00476,0.10310
11371.14752,0.10155
11367.29028,0.10025
11363.43304,0.10027
11359.57579,0.10240
11355.71855,0.10491
11351.86131,0.10544
11348.00407,0.10479
11344.14683,0.10452
11340.28959,0.10492
11336.43235,0.10555
11332.57510,0.10548
11328.71786,0.10515
11324.86062,0.10560
11321.00338,0.10614
11317.14614,0.10594
11313.28890,0.10530
11309.43166,0.10474
11305.57442,0.10482
11301.71717,0.10530
11297.85993,0.10501
11294.00269,0.10447
11290.14545,0.10492
11286.28821,0.10583
11282.43097,0.10616
11278.57373,0.10567
11274.71648,0.10493
11270.85924,0.10440
11267.00200,0.10437
11263.14476,0.10568
11259.28752,0.10707
11255.43028,0.10661
11251.57304,0.10521
11247.71579,0.10413
11243.85855,0.10327
11240.00131,0.10218
11236.14407,0.10090
11232.28683,0.10051
11228.42959,0.10089
11224.57235,0.10096
11220.71511,0.10113
11216.85786,0.10178
11213.00062,0.10231
11209.14338,0.10278
11205.28614,0.10357
11201.42890,0.10395
11197.57166,0.10374
11193.71442,0.10387
11189.85717,0.10403
11185.99993,0.10348
11182.14269,0.10288
11178.28545,0.10330
11174.42821,0.10411
11170.57097,0.10437
11166.71373,0.10467
11162.85648,0.10477
11158.99924,0.10390
11155.14200,0.10285
11151.28476,0.10210
11147.42752,0.10144
11143.57028,0.10150
11139.71304,0.10253
11135.85580,0.10337
11131.99855,0.10316
11128.14131,0.10260
11124.28407,0.10259
11120.42683,0.10312
11116.56959,0.10394
11112.71235,0.10483
11108.85511,0.10526
11104.99786,0.10485
11101.14062,0.10397
11097.28338,0.10366
11093.42614,0.10410
11089.56890,0.10439
11085.71166,0.10463
11081.85442,0.10521
11077.99718,0.10544
11074.13993,0.10522
11070.28269,0.10495
11066.42545,0.10463
11062.56821,0.10448
11058.71097,0.10437
11054.85373,0.10394
11050.99649,0.10391
11047.13924,0.10447
11043.28200,0.10442
11039.42476,0.10401
11035.56752,0.10427
11031.71028,0.10447
11027.85304,0.10403
11023.99580,0.10362
11020.13855,0.10350
11016.28131,0.10388
11012.42407,0.10468
11008.56683,0.10519
11004.70959,0.10520
11000.85235,0.10480
10996.99511,0.10417
10993.13787,0.10375
10989.28062,0.10388
10985.42338,0.10464
10981.56614,0.10530
10977.70890,0.10496
10973.85166,0.10436
10969.99442,0.10426
10966.13718,0.10425
10962.27993,0.10415
10958.42269,0.10394
10954.56545,0.10390
10950.70821,0.10429
10946.85097,0.10451
10942.99373,0.10411
10939.13649,0.10357
10935.27924,0.10367
10931.42200,0.10417
10927.56476,0.10405
10923.70752,0.10332
10919.85028,0.10250
10915.99304,0.10168
10912.13580,0.10087
10908.27856,0.10033
10904.42131,0.10047
10900.56407,0.10121
10896.70683,0.10211
10892.84959,0.10263
10888.99235,0.10248
10885.13511,0.10220
10881.27787,0.10221
10877.42062,0.10217
10873.56338,0.10172
10869.70614,0.10114
10865.84890,0.10101
10861.99166,0.10131
10858.13442,0.10148
10854.27718,0.10128
10850.41993,0.10110
10846.56269,0.10108
10842.70545,0.10107
10838.84821,0.10141
10834.99097,0.10197
10831.13373,0.10181
10827.27649,0.10081
10823.41925,0.10009
10819.56200,0.10030
10815.70476,0.10084
10811.84752,0.10126
10807.99028,0.10170
10804.13304,0.10188
10800.27580,0.10142
10796.41856,0.10068
10792.56131,0.10051
10788.70407,0.10102
10784.84683,0.10127
10780.98959,0.10092
10777.13235,0.10078
10773.27511,0.10139
10769.41787,0.10200
10765.56063,0.10173
10761.70338,0.10085
10757.84614,0.10035
10753.98890,0.10051
10750.13166,0.10066
10746.27442,0.10029
10742.41718,0.09981
10738.55994,0.09989
10734.70269,0.10029
10730.84545,0.10060
10726.98821,0.10084
10723.13097,0.10069
10719.27373,0.09989
10715.41649,0.09956
10711.55925,0.10071
10707.70200,0.10208
10703.84476,0.10204
10699.98752,0.10134
10696.13028,0.10110
10692.27304,0.10125
10688.41580,0.10129
10684.55856,0.10104
10680.70132,0.10066
10676.84407,0.10023
10672.98683,0.10006
10669.12959,0.10030
10665.27235,0.10046
10661.41511,0.10069
10657.55787,0.10130
10653.70063,0.10126
10649.84338,0.10007
10645.98614,0.09884
10642.12890,0.09857
10638.27166,0.09922
10634.41442,0.10002
10630.55718,0.10039
10626.69994,0.10044
10622.84269,0.10029
10618.98545,0.10022
10615.12821,0.10045
10611.27097,0.10057
10607.41373,0.10032
10603.55649,0.09998
10599.69925,0.09981
10595.84201,0.09997
10591.98476,0.10045
10588.12752,0.10059
10584.27028,0.09994
10580.41304,0.09930
10576.55580,0.09949
10572.69856,0.09960
10568.84132,0.09886
10564.98407,0.09815
10561.12683,0.09798
10557.26959,0.09805
10553.41235,0.09828
10549.55511,0.09824
10545.69787,0.09775
10541.84063,0.09721
10537.98339,0.09689
10534.12614,0.09714
10530.26890,0.09800
10526.41166,0.09884
10522.55442,0.09883
10518.69718,0.09797
10514.83994,0.09743
10510.98270,0.09759
10507.12545,0.09727
10503.26821,0.09649
10499.41097,0.09628
10495.55373,0.09654
10491.69649,0.09696
10487.83925,0.09729
10483.98201,0.09732
10480.12476,0.09727
10476.26752,0.09731
10472.41028,0.09743
10468.55304,0.09742
10464.69580,0.09701
10460.83856,0.09655
10456.98132,0.09631
10453.12408,0.09645
10449.26683,0.09709
10445.40959,0.09753
10441.55235,0.09729
10437.69511,0.09694
10433.83787,0.09666
10429.98063,0.09647
10426.12339,0.09650
10422.26614,0.09660
10418.40890,0.09671
10414.55166,0.09691
10410.69442,0.09700
10406.83718,0.09689
10402.97994,0.09712
10399.12270,0.09776
10395.26545,0.09808
10391.40821,0.09777
10387.55097,0.09720
10383.69373,0.09699
10379.83649,0.09718
10375.97925,0.09744
10372.12201,0.09775
10368.26477,0.09787
10364.40752,0.09780
10360.55028,0.09800
10356.69304,0.09830
10352.83580,0.09832
10348.97856,0.09813
10345.12132,0.09798
10341.26408,0.09803
10337.40683,0.09828
10333.54959,0.09851
10329.69235,0.09855
10325.83511,0.09845
10321.97787,0.09814
10318.12063,0.09762
10314.26339,0.09741
10310.40615,0.09795
10306.54890,0.09876
10302.69166,0.09895
10298.83442,0.09856
10294.97718,0.09854
10291.11994,0.09919
10287.26270,0.09966
10283.40546,0.09928
10279.54821,0.09878
10275.69097,0.09879
10271.83373,0.09891
10267.97649,0.09913
10264.11925,0.09943
10260.26201,0.09933
10256.40477,0.09923
10252.54752,0.09938
10248.69028,0.09904
10244.83304,0.09837
10240.97580,0.09833
10237.11856,0.09891
10233.26132,0.09928
10229.40408,0.09905
10225.54684,0.09862
10221.68959,0.09858
10217.83235,0.09897
10213.97511,0.09916
10210.11787,0.09891
10206.26063,0.09882
10202.40339,0.09897
10198.54615,0.09890
10194.68890,0.09892
10190.83166,0.09923
10186.97442,0.09936
10183.11718,0.09920
10179.25994,0.09920
10175.40270,0.09968
10171.54546,0.10027
10167.68821,0.10041
10163.83097,0.10021
10159.97373,0.10034
10156.11649,0.10084
10152.25925,0.10116
10148.40201,0.10121
10144.54477,0.10097
10140.68753,0.10047
10136.83028,0.10023
10132.97304,0.10050
10129.11580,0.10087
10125.25856,0.10102
10121.40132,0.10093
10117.54408,0.10082
10113.68684,0.10084
10109.82959,0.10085
10105.97235,0.10091
10102.11511,0.10124
10098.25787,0.10152
10094.40063,0.10149
10090.54339,0.10128
10086.68615,0.10087
10082.82891,0.10043
10078.97166,0.10053
10075.11442,0.10100
10071.25718,0.10111
10067.39994,0.10095
10063.54270,0.10101
10059.68546,0.10109
10055.82822,0.10091
10051.97097,0.10067
10048.11373,0.10061
10044.25649,0.10082
10040.39925,0.10124
10036.54201,0.10148
10032.68477,0.10145
10028.82753,0.10150
10024.97028,0.10179
10021.11304,0.10182
10017.25580,0.10141
10013.39856,0.10131
10009.54132,0.10173
10005.68408,0.10215
10001.82684,0.10220
9997.96960,0.10187
9994.11235,0.10159
9990.25511,0.10156
9986.39787,0.10148
9982.54063,0.10126
9978.68339,0.10124
9974.82615,0.10138
9970.96891,0.10133
9967.11166,0.10134
9963.25442,0.10170
9959.39718,0.10199
9955.53994,0.10192
9951.68270,0.10170
9947.82546,0.10168
9943.96822,0.10196
9940.11097,0.10223
9936.25373,0.10227
9932.39649,0.10200
9928.53925,0.10161
9924.68201,0.10164
9920.82477,0.10212
9916.96753,0.10227
9913.11029,0.10188
9909.25304,0.10167
9905.39580,0.10186
9901.53856,0.10205
9897.68132,0.10209
9893.82408,0.10181
9889.96684,0.10120
9886.10960,0.10083
9882.25235,0.10093
9878.39511,0.10118
9874.53787,0.10144
9870.68063,0.10189
9866.82339,0.10228
9862.96615,0.10230
9859.10891,0.10217
9855.25167,0.10205
9851.39442,0.10176
9847.53718,0.10149
9843.67994,0.10161
9839.82270,0.10205
9835.96546,0.10242
9832.10822,0.10247
9828.25098,0.10216
9824.39373,0.10160
9820.53649,0.10119
9816.67925,0.10124
9812.82201,0.10154
9808.96477,0.10160
9805.10753,0.10151
9801.25029,0.10161
9797.39304,0.10159
9793.53580,0.10149
9789.67856,0.10184
9785.82132,0.10228
9781.96408,0.10221
9778.10684,0.10182
9774.24960,0.10152
9770.39236,0.10149
9766.53511,0.10179
9762.67787,0.10218
9758.82063,0.10232
9754.96339,0.10204
9751.10615,0.10161
9747.24891,0.10146
9743.39167,0.10166
9739.53442,0.10185
9735.67718,0.10155
9731.81994,0.10086
9727.96270,0.10036
9724.10546,0.10031
9720.24822,0.10082
9716.39098,0.10167
9712.53373,0.10216
9708.67649,0.10205
9704.81925,0.10180
9700.96201,0.10183
9697.10477,0.10186
9693.24753,0.10148
9689.39029,0.10090
9685.53305,0.10069
9681.67580,0.10077
9677.81856,0.10057
9673.96132,0.10016
9670.10408,0.10007
9666.24684,0.10038
9662.38960,0.10066
9658.53236,0.10066
9654.67511,0.10054
9650.81787,0.10044
9646.96063,0.10039
9643.10339,0.10042
9639.24615,0.10047
9635.38891,0.10038
9631.53167,0.10010
9627.67443,0.09997
9623.81718,0.10018
9619.95994,0.10021
9616.10270,0.09968
9612.24546,0.09907
9608.38822,0.09901
9604.53098,0.09941
9600.67374,0.09969
9596.81649,0.09974
9592.95925,0.09987
9589.10201,0.10003
9585.24477,0.09992
9581.38753,0.09947
9577.53029,0.09905
9573.67305,0.09910
9569.81580,0.09941
9565.95856,0.09962
9562.10132,0.09968
9558.24408,0.09957
9554.38684,0.09925
9550.52960,0.09885
9546.67236,0.09857
9542.81512,0.09854
9538.95787,0.09877
9535.10063,0.09906
9531.24339,0.09911
9527.38615,0.09887
9523.52891,0.09843
9519.67167,0.09809
9515.81443,0.09812
9511.95718,0.09816
9508.09994,0.09789
9504.24270,0.09778
9500.38546,0.09810
9496.52822,0.09836
9492.67098,0.09832
9488.81374,0.09833
9484.95649,0.09842
9481.09925,0.09804
9477.24201,0.09743
9473.38477,0.09740
9469.52753,0.09780
9465.67029,0.09802
9461.81305,0.09805
9457.95581,0.09804
9454.09856,0.09800
9450.24132,0.09794
9446.38408,0.09790
9442.52684,0.09796
9438.66960,0.09808
9434.81236,0.09811
9430.95512,0.09800
9427.09787,0.09794
9423.24063,0.09803
9419.38339,0.09811
9415.52615,0.09803
9411.66891,0.09795
9407.81167,0.09810
9403.95443,0.09842
9400.09719,0.09834
9396.23994,0.09764
9392.38270,0.09699
9388.52546,0.09695
9384.66822,0.09727
9380.81098,0.09746
9376.95374,0.09737
9373.09650,0.09720
9369.23925,0.09725
9365.38201,0.09756
9361.52477,0.09777
9357.66753,0.09775
9353.81029,0.09774
9349.95305,0.09776
9346.09581,0.09767
9342.23856,0.09760
9338.38132,0.09763
9334.52408,0.09752
9330.66684,0.09728
9326.80960,0.09724
9322.95236,0.09746
9319.09512,0.09763
9315.23788,0.09765
9311.38063,0.09764
9307.52339,0.09767
9303.66615,0.09754
9299.80891,0.09714
9295.95167,0.09683
9292.09443,0.09689
9288.23719,0.09712
9284.37994,0.09730
9280.52270,0.09739
9276.66546,0.09730
9272.80822,0.09704
9268.95098,0.09692
9265.09374,0.09702
9261.23650,0.09704
9257.37925,0.09692
9253.52201,0.09690
9249.66477,0.09684
9245.80753,0.09675
9241.95029,0.09690
9238.09305,0.09723
9234.23581,0.09736
9230.37857,0.09725
9226.52132,0.09713
9222.66408,0.09704
9218.80684,0.09709
9214.94960,0.09725
9211.09236,0.09724
9207.23512,0.09708
9203.37788,0.09711
9199.52063,0.09729
9195.66339,0.09730
9191.80615,0.09714
9187.94891,0.09701
9184.09167,0.09692
9180.23443,0.09685
9176.37719,0.09680
9172.51995,0.09673
9168.66270,0.09677
9164.80546,0.09703
9160.94822,0.09722
9157.09098,0.09712
9153.23374,0.09694
9149.37650,0.09688
9145.51926,0.09691
9141.66201,0.09702
9137.80477,0.09713
9133.94753,0.09714
9130.09029,0.09708
9126.23305,0.09712
9122.37581,0.09724
9118.51857,0.09727
9114.66132,0.09729
9110.80408,0.09740
9106.94684,0.09756
9103.08960,0.09765
9099.23236,0.09756
9095.37512,0.09745
9091.51788,0.09753
9087.66064,0.09766
9083.80339,0.09765
9079.94615,0.09765
9076.08891,0.09766
9072.23167,0.09758
9068.37443,0.09769
9064.51719,0.09802
9060.65995,0.09834
9056.80270,0.09852
9052.94546,0.09865
9049.08822,0.09882
9045.23098,0.09898
9041.37374,0.09900
9037.51650,0.09906
9033.65926,0.09940
9029.80201,0.09976
9025.94477,0.09996
9022.08753,0.10019
9018.23029,0.10059
9014.37305,0.10100
9010.51581,0.10134
9006.65857,0.10164
9002.80133,0.10196
8998.94408,0.10236
8995.08684,0.10282
8991.22960,0.10313
8987.37236,0.10338
8983.51512,0.10377
8979.65788,0.10420
8975.80064,0.10454
8971.94339,0.10511
8968.08615,0.10592
8964.22891,0.10654
8960.37167,0.10700
8956.51443,0.10766
8952.65719,0.10847
8948.79995,0.10923
8944.94271,0.11008
8941.08546,0.11103
8937.22822,0.11196
8933.37098,0.11290
8929.51374,0.11384
8925.65650,0.11472
8921.79926,0.11571
8917.94202,0.11686
8914.08477,0.11804
8910.22753,0.11919
8906.37029,0.12035
8902.51305,0.12151
8898.65581,0.12267
8894.79857,0.12397
8890.94133,0.12541
8887.08408,0.12689
8883.22684,0.12824
8879.36960,0.12932
8875.51236,0.13023
8871.65512,0.13112
8867.79788,0.13189
8863.94064,0.13247
8860.08340,0.13287
8856.22615,0.13304
8852.36891,0.13285
8848.51167,0.13238
8844.65443,0.13195
8840.79719,0.13153
8836.93995,0.13086
8833.08271,0.13001
8829.22546,0.12923
8825.36822,0.12846
8821.51098,0.12769
8817.65374,0.12690
8813.79650,0.12593
8809.93926,0.12467
8806.08202,0.12331
8802.22477,0.12200
8798.36753,0.12071
8794.51029,0.11938
8790.65305,0.11819
8786.79581,0.11721
8782.93857,0.11624
8779.08133,0.11521
8775.22409,0.11428
8771.36684,0.11362
8767.50960,0.11319
8763.65236,0.11268
8759.79512,0.11195
8755.93788,0.11139
8752.08064,0.11129
8748.22340,0.11130
8744.36615,0.11105
8740.50891,0.11070
8736.65167,0.11059
8732.79443,0.11064
8728.93719,0.11065
8725.07995,0.11065
8721.22271,0.11078
8717.36547,0.11100
8713.50822,0.11118
8709.65098,0.11134
8705.79374,0.11153
8701.93650,0.11171
8698.07926,0.11189
8694.22202,0.11208
8690.36478,0.11224
8686.50753,0.11237
8682.65029,0.11251
8678.79305,0.11277
8674.93581,0.11312
8671.07857,0.11348
8667.22133,0.11377
8663.36409,0.11393
8659.50684,0.11415
8655.64960,0.11455
8651.79236,0.11499
8647.93512,0.11530
8644.07788,0.11551
8640.22064,0.11588
8636.36340,0.11644
8632.50616,0.11687
8628.64891,0.11714
8624.79167,0.11742
8620.93443,0.11765
8617.07719,0.11781
8613.21995,0.11809
8609.36271,0.11851
8605.50547,0.11897
8601.64822,0.11954
8597.79098,0.12016
8593.93374,0.12055
8590.07650,0.12071
8586.21926,0.12097
8582.36202,0.12136
8578.50478,0.12176
8574.64753,0.12212
8570.79029,0.12242
8566.93305,0.12275
8563.07581,0.12314
8559.21857,0.12339
8555.36133,0.12348
8551.50409,0.12364
8547.64685,0.12396
8543.78960,0.12435
8539.93236,0.12474
8536.07512,0.12506
8532.21788,0.12528
8528.36064,0.12548
8524.50340,0.12571
8520.64616,0.12596
8516.78891,0.12613
8512.93167,0.12625
8509.07443,0.12641
8505.21719,0.12659
8501.35995,0.12668
8497.50271,0.12674
8493.64547,0.12690
8489.78822,0.12710
8485.93098,0.12723
8482.07374,0.12731
8478.21650,0.12731
8474.35926,0.12730
8470.50202,0.12732
8466.64478,0.12730
8462.78754,0.12720
8458.93029,0.12711
8455.07305,0.12704
8451.21581,0.12695
8447.35857,0.12690
8443.50133,0.12684
8439.64409,0.12665
8435.78685,0.12644
8431.92960,0.12638
8428.07236,0.12631
8424.21512,0.12606
8420.35788,0.12580
8416.50064,0.12568
8412.64340,0.12561
8408.78616,0.12548
8404.92892,0.12532
8401.07167,0.12518
8397.21443,0.12500
8393.35719,0.12479
8389.49995,0.12459
8385.64271,0.12437
8381.78547,0.12422
8377.92823,0.12419
8374.07098,0.12414
8370.21374,0.12403
8366.35650,0.12386
8362.49926,0.12369
8358.64202,0.12359
8354.78478,0.12352
8350.92754,0.12339
8347.07029,0.12332
8343.21305,0.12342
8339.35581,0.12353
8335.49857,0.12343
8331.64133,0.12320
8327.78409,0.12292
8323.92685,0.12276
8320.06961,0.12284
8316.21236,0.12293
8312.35512,0.12289
8308.49788,0.12283
8304.64064,0.12278
8300.78340,0.12275
8296.92616,0.12282
8293.06892,0.12289
8289.21167,0.12288
8285.35443,0.12281
8281.49719,0.12279
8277.63995,0.12286
8273.78271,0.12292
8269.92547,0.12293
8266.06823,0.12296
8262.21098,0.12289
8258.35374,0.12279
8254.49650,0.12279
8250.63926,0.12280
8246.78202,0.12283
8242.92478,0.12294
8239.06754,0.12305
8235.21030,0.12309
8231.35305,0.12313
8227.49581,0.12320
8223.63857,0.12322
8219.78133,0.12320
8215.92409,0.12327
8212.06685,0.12327
8208.20961,0.12309
8204.35236,0.12291
8200.49512,0.12281
8196.63788,0.12275
8192.78064,0.12274
8188.92340,0.12269
8185.06616,0.12248
8181.20892,0.12218
8177.35168,0.12191
8173.49443,0.12174
8169.63719,0.12165
8165.77995,0.12161
8161.92271,0.12156
8158.06547,0.12138
8154.20823,0.12103
8150.35099,0.12072
8146.49374,0.12060
8142.63650,0.12060
8138.77926,0.12060
8134.92202,0.12047
8131.06478,0.12023
8127.20754,0.11995
8123.35030,0.11971
8119.49305,0.11956
8115.63581,0.11940
8111.77857,0.11916
8107.92133,0.11893
8104.06409,0.11882
8100.20685,0.11873
8096.34961,0.11855
8092.49237,0.11827
8088.63512,0.11796
8084.77788,0.11775
8080.92064,0.11761
8077.06340,0.11745
8073.20616,0.11726
8069.34892,0.11705
8065.49168,0.11683
8061.63443,0.11662
8057.77719,0.11640
8053.91995,0.11622
8050.06271,0.11615
8046.20547,0.11608
8042.34823,0.11593
8038.49099,0.11581
8034.63374,0.11573
8030.77650,0.11564
8026.91926,0.11556
8023.06202,0.11548
8019.20478,0.11539
8015.34754,0.11526
8011.49030,0.11504
8007.63306,0.11489
8003.77581,0.11483
7999.91857,0.11481
7996.06133,0.11482
7992.20409,0.11483
7988.34685,0.11472
7984.48961,0.11451
7980.63237,0.11437
7976.77512,0.11439
7972.91788,0.11442
7969.06064,0.11434
7965.20340,0.11422
7961.34616,0.11413
7957.48892,0.11399
7953.63168,0.11375
7949.77444,0.11357
7945.91719,0.11358
7942.05995,0.11369
7938.20271,0.11368
7934.34547,0.11351
7930.48823,0.11331
7926.63099,0.11328
7922.77375,0.11340
7918.91650,0.11353
7915.05926,0.11359
7911.20202,0.11352
7907.34478,0.11338
7903.48754,0.11337
7899.63030,0.11350
7895.77306,0.11360
7891.91581,0.11365
7888.05857,0.11370
7884.20133,0.11385
7880.34409,0.11401
7876.48685,0.11402
7872.62961,0.11390
7868.77237,0.11380
7864.91513,0.11373
7861.05788,0.11361
7857.20064,0.11354
7853.34340,0.11359
7849.48616,0.11357
7845.62892,0.11339
7841.77168,0.11316
7837.91444,0.11308
7834.05719,0.11311
7830.19995,0.11297
7826.34271,0.11278
7822.48547,0.11267
7818.62823,0.11252
7814.77099,0.11236
7810.91375,0.11229
7807.05650,0.11233
7803.19926,0.11240
7799.34202,0.11235
7795.48478,0.11206
7791.62754,0.11172
7787.77030,0.11160
7783.91306,0.11152
7780.05582,0.11127
7776.19857,0.11119
7772.34133,0.11133
7768.48409,0.11126
7764.62685,0.11099
7760.76961,0.11086
7756.91237,0.11081
7753.05513,0.11067
7749.19788,0.11051
7745.34064,0.11037
7741.48340,0.11018
7737.62616,0.10991
7733.76892,0.10968
7729.91168,0.10955
7726.05444,0.10941
7722.19720,0.10917
7718.33995,0.10890
7714.48271,0.10877
7710.62547,0.10893
7706.76823,0.10907
7702.91099,0.10884
7699.05375,0.10850
7695.19651,0.10833
7691.33926,0.10827
7687.48202,0.10829
7683.62478,0.10847
7679.76754,0.10865
7675.91030,0.10867
7672.05306,0.10856
7668.19582,0.10840
7664.33857,0.10830
7660.48133,0.10835
7656.62409,0.10852
7652.76685,0.10865
7648.90961,0.10874
7645.05237,0.10893
7641.19513,0.10916
7637.33789,0.10925
7633.48064,0.10917
7629.62340,0.10900
7625.76616,0.10892
7621.90892,0.10905
7618.05168,0.10933
7614.19444,0.10964
7610.33720,0.10991
7606.47995,0.11014
7602.62271,0.11023
7598.76547,0.11016
7594.90823,0.11010
7591.05099,0.11013
7587.19375,0.11016
7583.33651,0.11021
7579.47926,0.11041
7575.62202,0.11067
7571.76478,0.11073
7567.90754,0.11069
7564.05030,0.11079
7560.19306,0.11109
7556.33582,0.11158
7552.47858,0.11208
7548.62133,0.11244
7544.76409,0.11269
7540.90685,0.11289
7537.04961,0.11310
7533.19237,0.11338
7529.33513,0.11363
7525.47789,0.11376
7521.62064,0.11391
7517.76340,0.11414
7513.90616,0.11440
7510.04892,0.11462
7506.19168,0.11480
7502.33444,0.11494
7498.47720,0.11510
7494.61996,0.11541
7490.76271,0.11586
7486.90547,0.11626
7483.04823,0.11663
7479.19099,0.11705
7475.33375,0.11748
7471.47651,0.11789
7467.61927,0.11837
7463.76202,0.11902
7459.90478,0.11985
7456.04754,0.12071
7452.19030,0.12149
7448.33306,0.12223
7444.47582,0.12298
7440.61858,0.12377
7436.76133,0.12466
7432.90409,0.12562
7429.04685,0.12669
7425.18961,0.12781
7421.33237,0.12889
7417.47513,0.12985
7413.61789,0.13067
7409.76065,0.13152
7405.90340,0.13249
7402.04616,0.13352
7398.18892,0.13455
7394.33168,0.13563
7390.47444,0.13673
7386.61720,0.13783
7382.75996,0.13895
7378.90271,0.14004
7375.04547,0.14111
7371.18823,0.14226
7367.33099,0.14348
7363.47375,0.14462
7359.61651,0.14563
7355.75927,0.14657
7351.90202,0.14749
7348.04478,0.14836
7344.18754,0.14920
7340.33030,0.14999
7336.47306,0.15065
7332.61582,0.15116
7328.75858,0.15163
7324.90134,0.15209
7321.04409,0.15250
7317.18685,0.15287
7313.32961,0.15321
7309.47237,0.15347
7305.61513,0.15364
7301.75789,0.15378
7297.90065,0.15393
7294.04340,0.15419
7290.18616,0.15459
7286.32892,0.15498
7282.47168,0.15527
7278.61444,0.15550
7274.75720,0.15576
7270.89996,0.15605
7267.04272,0.15638
7263.18547,0.15675
7259.32823,0.15713
7255.47099,0.15752
7251.61375,0.15784
7247.75651,0.15804
7243.89927,0.15823
7240.04203,0.15840
7236.18478,0.15851
7232.32754,0.15864
7228.47030,0.15885
7224.61306,0.15908
7220.75582,0.15930
7216.89858,0.15959
7213.04134,0.15995
7209.18409,0.16020
7205.32685,0.16029
7201.46961,0.16031
7197.61237,0.16033
7193.75513,0.16045
7189.89789,0.16077
7186.04065,0.16119
7182.18341,0.16161
7178.32616,0.16204
7174.46892,0.16251
7170.61168,0.16305
7166.75444,0.16374
7162.89720,0.16455
7159.03996,0.16540
7155.18272,0.16622
7151.32547,0.16708
7147.46823,0.16801
7143.61099,0.16904
7139.75375,0.17019
7135.89651,0.17134
7132.03927,0.17244
7128.18203,0.17353
7124.32478,0.17467
7120.46754,0.17583
7116.61030,0.17699
7112.75306,0.17817
7108.89582,0.17939
7105.03858,0.18066
7101.18134,0.18197
7097.32410,0.18333
7093.46685,0.18468
7089.60961,0.18607
7085.75237,0.18760
7081.89513,0.18924
7078.03789,0.19089
7074.18065,0.19253
7070.32341,0.19416
7066.46616,0.19580
7062.60892,0.19745
7058.75168,0.19912
7054.89444,0.20083
7051.03720,0.20246
7047.17996,0.20396
7043.32272,0.20538
7039.46548,0.20678
7035.60823,0.20818
7031.75099,0.20957
7027.89375,0.21098
7024.03651,0.21240
7020.17927,0.21365
7016.32203,0.21468
7012.46479,0.21563
7008.60754,0.21666
7004.75030,0.21771
7000.89306,0.21867
6997.03582,0.21955
6993.17858,0.22047
6989.32134,0.22142
6985.46410,0.22225
6981.60685,0.22295
6977.74961,0.22361
6973.89237,0.22426
6970.03513,0.22485
6966.17789,0.22542
6962.32065,0.22601
6958.46341,0.22657
6954.60617,0.22709
6950.74892,0.22755
6946.89168,0.22792
6943.03444,0.22834
6939.17720,0.22883
6935.31996,0.22929
6931.46272,0.22972
6927.60548,0.23013
6923.74823,0.23049
6919.89099,0.23087
6916.03375,0.23129
6912.17651,0.23168
6908.31927,0.23199
6904.46203,0.23234
6900.60479,0.23273
6896.74754,0.23310
6892.89030,0.23348
6889.03306,0.23399
6885.17582,0.23458
6881.31858,0.23512
6877.46134,0.23566
6873.60410,0.23622
6869.74686,0.23679
6865.88961,0.23738
6862.03237,0.23804
6858.17513,0.23873
6854.31789,0.23935
6850.46065,0.23995
6846.60341,0.24063
6842.74617,0.24138
6838.88892,0.24209
6835.03168,0.24279
6831.17444,0.24357
6827.31720,0.24438
6823.45996,0.24512
6819.60272,0.24583
6815.74548,0.24654
6811.88824,0.24725
6808.03099,0.24803
6804.17375,0.24887
6800.31651,0.24971
6796.45927,0.25055
6792.60203,0.25141
6788.74479,0.25230
6784.88755,0.25313
6781.03030,0.25389
6777.17306,0.25466
6773.31582,0.25544
6769.45858,0.25619
6765.60134,0.25689
6761.74410,0.25749
6757.88686,0.25795
6754.02961,0.25828
6750.17237,0.25863
6746.31513,0.25901
6742.45789,0.25933
6738.60065,0.25959
6734.74341,0.25981
6730.88617,0.25999
6727.02893,0.26008
6723.17168,0.26013
6719.31444,0.26020
6715.45720,0.26030
6711.59996,0.26040
6707.74272,0.26051
6703.88548,0.26054
6700.02824,0.26046
6696.17099,0.26042
6692.31375,0.26043
6688.45651,0.26036
6684.59927,0.26020
6680.74203,0.26005
6676.88479,0.25987
6673.02755,0.25961
6669.17030,0.25932
6665.31306,0.25902
6661.45582,0.25870
6657.59858,0.25835
6653.74134,0.25795
6649.88410,0.25756
6646.02686,0.25724
6642.16962,0.25690
6638.31237,0.25647
6634.45513,0.25594
6630.59789,0.25537
6626.74065,0.25484
6622.88341,0.25436
6619.02617,0.25389
6615.16893,0.25338
6611.31168,0.25283
6607.45444,0.25225
6603.59720,0.25172
6599.73996,0.25130
6595.88272,0.25092
6592.02548,0.25056
6588.16824,0.25023
6584.31100,0.24993
6580.45375,0.24971
6576.59651,0.24955
6572.73927,0.24948
6568.88203,0.24952
6565.02479,0.24957
6561.16755,0.24956
6557.31031,0.24955
6553.45306,0.24952
6549.59582,0.24957
6545.73858,0.24975
6541.88134,0.24993
6538.02410,0.25005
6534.16686,0.25012
6530.30962,0.25020
6526.45237,0.25033
6522.59513,0.25052
6518.73789,0.25070
6514.88065,0.25086
6511.02341,0.25097
6507.16617,0.25102
6503.30893,0.25102
6499.45169,0.25107
6495.59444,0.25119
6491.73720,0.25129
6487.87996,0.25125
6484.02272,0.25122
6480.16548,0.25121
6476.30824,0.25114
6472.45100,0.25101
6468.59375,0.25085
6464.73651,0.25069
6460.87927,0.25050
6457.02203,0.25032
6453.16479,0.25012
6449.30755,0.24987
6445.45031,0.24958
6441.59306,0.24924
6437.73582,0.24888
6433.87858,0.24857
6430.02134,0.24832
6426.16410,0.24803
6422.30686,0.24769
6418.44962,0.24733
6414.59238,0.24698
6410.73513,0.24661
6406.87789,0.24625
6403.02065,0.24599
6399.16341,0.24581
6395.30617,0.24565
6391.44893,0.24547
6387.59169,0.24528
6383.73444,0.24512
6379.87720,0.24501
6376.01996,0.24489
6372.16272,0.24472
6368.30548,0.24452
6364.44824,0.24432
6360.59100,0.24408
6356.73376,0.24384
6352.87651,0.24366
6349.01927,0.24351
6345.16203,0.24338
6341.30479,0.24334
6337.44755,0.24337
6333.59031,0.24344
6329.73307,0.24348
6325.87582,0.24344
6322.01858,0.24334
6318.16134,0.24326
6314.30410,0.24316
6310.44686,0.24297
6306.58962,0.24273
6302.73238,0.24256
6298.87513,0.24242
6295.01789,0.24212
6291.16065,0.24167
6287.30341,0.24120
6283.44617,0.24069
6279.58893,0.24011
6275.73169,0.23948
6271.87445,0.23878
6268.01720,0.23803
6264.15996,0.23729
6260.30272,0.23653
6256.44548,0.23572
6252.58824,0.23489
6248.73100,0.23401
6244.87376,0.23307
6241.01651,0.23208
6237.15927,0.23109
6233.30203,0.23017
6229.44479,0.22930
6225.58755,0.22847
6221.73031,0.22774
6217.87307,0.22719
6214.01582,0.22692
6210.15858,0.22692
6206.30134,0.22710
6202.44410,0.22741
6198.58686,0.22768
6194.72962,0.22753
6190.87238,0.22676
6187.01514,0.22552
6183.15789,0.22412
6179.30065,0.22283
6175.44341,0.22173
6171.58617,0.22091
6167.72893,0.22039
6163.87169,0.22009
6160.01445,0.22007
6156.15720,0.22044
6152.29996,0.22103
6148.44272,0.22156
6144.58548,0.22181
6140.72824,0.22179
6136.87100,0.22154
6133.01376,0.22122
6129.15652,0.22114
6125.29927,0.22154
6121.44203,0.22256
6117.58479,0.22431
6113.72755,0.22685
6109.87031,0.23011
6106.01307,0.23401
6102.15583,0.23844
6098.29858,0.24327
6094.44134,0.24831
6090.58410,0.25331
6086.72686,0.25807
6082.86962,0.26248
6079.01238,0.26666
6075.15514,0.27111
6071.29789,0.27640
6067.44065,0.28267
6063.58341,0.28946
6059.72617,0.29606
6055.86893,0.30200
6052.01169,0.30721
6048.15445,0.31191
6044.29721,0.31647
6040.43996,0.32129
6036.58272,0.32661
6032.72548,0.33231
6028.86824,0.33777
6025.01100,0.34210
6021.15376,0.34458
6017.29652,0.34456
6013.43927,0.34170
6009.58203,0.33626
6005.72479,0.32899
6001.86755,0.32087
5998.01031,0.31287
5994.15307,0.30582
5990.29583,0.30016
5986.43858,0.29600
5982.58134,0.29315
5978.72410,0.29088
5974.86686,0.28824
5971.00962,0.28475
5967.15238,0.28079
5963.29514,0.27710
5959.43790,0.27430
5955.58065,0.27262
5951.72341,0.27183
5947.86617,0.27145
5944.00893,0.27086
5940.15169,0.26946
5936.29445,0.26687
5932.43721,0.26311
5928.57996,0.25869
5924.72272,0.25425
5920.86548,0.25017
5917.00824,0.24662
5913.15100,0.24368
5909.29376,0.24150
5905.43652,0.24026
5901.57927,0.24013
5897.72203,0.24103
5893.86479,0.24278
5890.00755,0.24518
5886.15031,0.24793
5882.29307,0.25065
5878.43583,0.25314
5874.57859,0.25533
5870.72134,0.25720
5866.86410,0.25864
5863.00686,0.25941
5859.14962,0.25942
5855.29238,0.25891
5851.43514,0.25816
5847.57790,0.25736
5843.72065,0.25669
5839.86341,0.25627
5836.00617,0.25609
5832.14893,0.25611
5828.29169,0.25627
5824.43445,0.25650
5820.57721,0.25674
5816.71997,0.25699
5812.86272,0.25728
5809.00548,0.25746
5805.14824,0.25741
5801.29100,0.25720
5797.43376,0.25691
5793.57652,0.25656
5789.71928,0.25615
5785.86203,0.25575
5782.00479,0.25536
5778.14755,0.25491
5774.29031,0.25435
5770.43307,0.25363
5766.57583,0.25269
5762.71859,0.25153
5758.86134,0.25013
5755.00410,0.24856
5751.14686,0.24682
5747.28962,0.24495
5743.43238,0.24302
5739.57514,0.24113
5735.71790,0.23934
5731.86066,0.23781
5728.00341,0.23672
5724.14617,0.23611
5720.28893,0.23590
5716.43169,0.23598
5712.57445,0.23617
5708.71721,0.23630
5704.85997,0.23628
5701.00272,0.23615
5697.14548,0.23593
5693.28824,0.23559
5689.43100,0.23515
5685.57376,0.23471
5681.71652,0.23439
5677.85928,0.23423
5674.00203,0.23426
5670.14479,0.23450
5666.28755,0.23498
5662.43031,0.23550
5658.57307,0.23591
5654.71583,0.23615
5650.85859,0.23609
5647.00135,0.23564
5643.14410,0.23486
5639.28686,0.23387
5635.42962,0.23278
5631.57238,0.23175
5627.71514,0.23089
5623.85790,0.23024
5620.00066,0.22974
5616.14341,0.22938
5612.28617,0.22914
5608.42893,0.22910
5604.57169,0.22928
5600.71445,0.22956
5596.85721,0.22991
5592.99997,0.23039
5589.14273,0.23097
5585.28548,0.23156
5581.42824,0.23217
5577.57100,0.23284
5573.71376,0.23348
5569.85652,0.23400
5565.99928,0.23436
5562.14204,0.23452
5558.28479,0.23450
5554.42755,0.23439
5550.57031,0.23426
5546.71307,0.23419
5542.85583,0.23420
5538.99859,0.23422
5535.14135,0.23420
5531.28410,0.23411
5527.42686,0.23391
5523.56962,0.23362
5519.71238,0.23328
5515.85514,0.23292
5511.99790,0.23264
5508.14066,0.23247
5504.28342,0.23243
5500.42617,0.23263
5496.56893,0.23311
5492.71169,0.23378
5488.85445,0.23448
5484.99721,0.23501
5481.13997,0.23525
5477.28273,0.23519
5473.42548,0.23487
5469.56824,0.23433
5465.71100,0.23357
5461.85376,0.23261
5457.99652,0.23161
5454.13928,0.23054
5450.28204,0.22926
5446.42479,0.22776
5442.56755,0.22613
5438.71031,0.22447
5434.85307,0.22291
5430.99583,0.22151
5427.13859,0.22029
5423.28135,0.21927
5419.42411,0.21850
5415.56686,0.21798
5411.70962,0.21763
5407.85238,0.21739
5403.99514,0.21717
5400.13790,0.21696
5396.28066,0.21673
5392.42342,0.21651
5388.56617,0.21640
5384.70893,0.21644
5380.85169,0.21657
5376.99445,0.21678
5373.13721,0.21705
5369.27997,0.21739
5365.42273,0.21787
5361.56549,0.21845
5357.70824,0.21898
5353.85100,0.21945
5349.99376,0.21989
5346.13652,0.22024
5342.27928,0.22052
5338.42204,0.22079
5334.56480,0.22113
5330.70755,0.22162
5326.85031,0.22234
5322.99307,0.22328
5319.13583,0.22443
5315.27859,0.22587
5311.42135,0.22766
5307.56411,0.22978
5303.70686,0.23223
5299.84962,0.23506
5295.99238,0.23823
5292.13514,0.24179
5288.27790,0.24583
5284.42066,0.25038
5280.56342,0.25539
5276.70618,0.26079
5272.84893,0.26643
5268.99169,0.27219
5265.13445,0.27797
5261.27721,0.28346
5257.41997,0.28837
5253.56273,0.29279
5249.70549,0.29684
5245.84824,0.30053
5241.99100,0.30373
5238.13376,0.30639
5234.27652,0.30867
5230.41928,0.31065
5226.56204,0.31243
5222.70480,0.31400
5218.84755,0.31534
5214.99031,0.31642
5211.13307,0.31728
5207.27583,0.31804
5203.41859,0.31872
5199.56135,0.31935
5195.70411,0.31988
5191.84687,0.32028
5187.98962,0.32060
5184.13238,0.32087
5180.27514,0.32099
5176.41790,0.32098
5172.56066,0.32097
5168.70342,0.32090
5164.84618,0.32072
5160.98893,0.32051
5157.13169,0.32038
5153.27445,0.32030
5149.41721,0.32012
5145.55997,0.31982
5141.70273,0.31948
5137.84549,0.31919
5133.98825,0.31900
5130.13100,0.31886
5126.27376,0.31864
5122.41652,0.31810
5118.55928,0.31698
5114.70204,0.31510
5110.84480,0.31255
5106.98756,0.30961
5103.13031,0.30657
5099.27307,0.30362
5095.41583,0.30080
5091.55859,0.29810
5087.70135,0.29560
5083.84411,0.29341
5079.98687,0.29143
5076.12962,0.28955
5072.27238,0.28781
5068.41514,0.28617
5064.55790,0.28461
5060.70066,0.28312
5056.84342,0.28173
5052.98618,0.28048
5049.12894,0.27937
5045.27169,0.27838
5041.41445,0.27746
5037.55721,0.27660
5033.69997,0.27580
5029.84273,0.27505
5025.98549,0.27433
5022.12825,0.27365
5018.27100,0.27300
5014.41376,0.27237
5010.55652,0.27182
5006.69928,0.27132
5002.84204,0.27078
4998.98480,0.27019
4995.12756,0.26964
4991.27031,0.26923
4987.41307,0.26896
4983.55583,0.26884
4979.69859,0.26885
4975.84135,0.26903
4971.98411,0.26946
4968.12687,0.27016
4964.26963,0.27116
4960.41238,0.27247
4956.55514,0.27400
4952.69790,0.27565
4948.84066,0.27744
4944.98342,0.27934
4941.12618,0.28134
4937.26894,0.28347
4933.41169,0.28572
4929.55445,0.28804
4925.69721,0.29049
4921.83997,0.29313
4917.98273,0.29595
4914.12549,0.29886
4910.26825,0.30182
4906.41101,0.30489
4902.55376,0.30809
4898.69652,0.31138
4894.83928,0.31480
4890.98204,0.31839
4887.12480,0.32208
4883.26756,0.32580
4879.41032,0.32949
4875.55307,0.33313
4871.69583,0.33669
4867.83859,0.34012
4863.98135,0.34337
4860.12411,0.34651
4856.26687,0.34966
4852.40963,0.35293
4848.55238,0.35638
4844.69514,0.36007
4840.83790,0.36400
4836.98066,0.36824
4833.12342,0.37271
4829.26618,0.37716
4825.40894,0.38144
4821.55170,0.38554
4817.69445,0.38931
4813.83721,0.39273
4809.97997,0.39589
4806.12273,0.39879
4802.26549,0.40132
4798.40825,0.40341
4794.55101,0.40500
4790.69376,0.40608
4786.83652,0.40674
4782.97928,0.40716
4779.12204,0.40750
4775.26480,0.40786
4771.40756,0.40839
4767.55032,0.40928
4763.69307,0.41065
4759.83583,0.41251
4755.97859,0.41478
4752.12135,0.41736
4748.26411,0.41997
4744.40687,0.42234
4740.54963,0.42456
4736.69239,0.42705
4732.83514,0.43020
4728.97790,0.43414
4725.12066,0.43841
4721.26342,0.44183
4717.40618,0.44351
4713.54894,0.44391
4709.69170,0.44461
4705.83445,0.44711
4701.97721,0.45185
4698.11997,0.45784
4694.26273,0.46285
4690.40549,0.46455
4686.54825,0.46175
4682.69101,0.45484
4678.83377,0.44543
4674.97652,0.43567
4671.11928,0.42745
4667.26204,0.42161
4663.40480,0.41788
4659.54756,0.41569
4655.69032,0.41495
4651.83308,0.41610
4647.97583,0.41954
4644.11859,0.42478
4640.26135,0.43010
4636.40411,0.43302
4632.54687,0.43138
4628.68963,0.42459
4624.83239,0.41430
4620.97514,0.40338
4617.11790,0.39415
4613.26066,0.38757
4609.40342,0.38353
4605.54618,0.38178
4601.68894,0.38234
4597.83170,0.38485
4593.97446,0.38803
4590.11721,0.39073
4586.25997,0.39287
4582.40273,0.39417
4578.54549,0.39290
4574.68825,0.38757
4570.83101,0.37909
4566.97377,0.37008
4563.11652,0.36284
4559.25928,0.35821
4555.40204,0.35577
4551.54480,0.35454
4547.68756,0.35371
4543.83032,0.35294
4539.97308,0.35225
4536.11583,0.35184
4532.25859,0.35189
4528.40135,0.35250
4524.54411,0.35367
4520.68687,0.35546
4516.82963,0.35802
4512.97239,0.36148
4509.11515,0.36612
4505.25790,0.37231
4501.40066,0.38024
4497.54342,0.38962
4493.68618,0.39937
4489.82894,0.40801
4485.97170,0.41478
4482.11446,0.42038
4478.25721,0.42648
4474.39997,0.43476
4470.54273,0.44617
4466.68549,0.46055
4462.82825,0.47580
4458.97101,0.48826
4455.11377,0.49589
4451.25653,0.50040
4447.39928,0.50484
4443.54204,0.51044
4439.68480,0.51634
4435.82756,0.52091
4431.97032,0.52268
4428.11308,0.52101
4424.25584,0.51672
4420.39859,0.51202
4416.54135,0.50915
4412.68411,0.50893
4408.82687,0.51050
4404.96963,0.51189
4401.11239,0.51125
4397.25515,0.50815
4393.39790,0.50342
4389.54066,0.49831
4385.68342,0.49373
4381.82618,0.49006
4377.96894,0.48742
4374.11170,0.48582
4370.25446,0.48535
4366.39722,0.48602
4362.53997,0.48749
4358.68273,0.48921
4354.82549,0.49086
4350.96825,0.49256
4347.11101,0.49473
4343.25377,0.49751
4339.39653,0.50048
4335.53928,0.50319
4331.68204,0.50550
4327.82480,0.50765
4323.96756,0.51000
4320.11032,0.51273
4316.25308,0.51610
4312.39584,0.52054
4308.53859,0.52601
4304.68135,0.53194
4300.82411,0.53764
4296.96687,0.54244
4293.10963,0.54585
4289.25239,0.54778
4285.39515,0.54840
4281.53791,0.54810
4277.68066,0.54731
4273.82342,0.54608
4269.96618,0.54416
4266.10894,0.54164
4262.25170,0.53921
4258.39446,0.53763
4254.53722,0.53707
4250.67997,0.53721
4246.82273,0.53739
4242.96549,0.53687
4239.10825,0.53550
4235.25101,0.53387
4231.39377,0.53264
4227.53653,0.53165
4223.67929,0.53009
4219.82204,0.52747
4215.96480,0.52426
4212.10756,0.52123
4208.25032,0.51873
4204.39308,0.51662
4200.53584,0.51485
4196.67860,0.51389
4192.82135,0.51451
4188.96411,0.51720
4185.10687,0.52166
4181.24963,0.52628
4177.39239,0.52850
4173.53515,0.52656
4169.67791,0.52105
4165.82066,0.51424
4161.96342,0.50827
4158.10618,0.50423
4154.24894,0.50233
4150.39170,0.50239
4146.53446,0.50424
4142.67722,0.50769
4138.81998,0.51217
4134.96273,0.51665
4131.10549,0.52036
4127.24825,0.52341
4123.39101,0.52651
4119.53377,0.53048
4115.67653,0.53596
4111.81929,0.54340
4107.96204,0.55307
4104.10480,0.56553
4100.24756,0.58166
4096.39032,0.60037
4092.53308,0.61615
4088.67584,0.62258
4084.81860,0.61853
4080.96135,0.60769
4077.10411,0.59459
4073.24687,0.58324
4069.38963,0.57583
4065.53239,0.57216
4061.67515,0.57099
4057.81791,0.57142
4053.96067,0.57291
4050.10342,0.57477
4046.24618,0.57644
4042.38894,0.57782
4038.53170,0.57882
4034.67446,0.57940
4030.81722,0.57976
4026.95998,0.58004
4023.10273,0.58015
4019.24549,0.57997
4015.38825,0.57936
4011.53101,0.57824
4007.67377,0.57665
4003.81653,0.57454
3999.95929,0.57190
3996.10205,0.56887
3992.24480,0.56579
3988.38756,0.56305
3984.53032,0.56088
3980.67308,0.55913
3976.81584,0.55752
3972.95860,0.55584
3969.10136,0.55386
3965.24411,0.55143
3961.38687,0.54856
3957.52963,0.54550
3953.67239,0.54255
3949.81515,0.53964
3945.95791,0.53669
3942.10067,0.53382
3938.24342,0.53126
3934.38618,0.52900
3930.52894,0.52696
3926.67170,0.52514
3922.81446,0.52343
3918.95722,0.52163
3915.09998,0.51956
3911.24274,0.51718
3907.38549,0.51426
3903.52825,0.51047
3899.67101,0.50644
3895.81377,0.50307
3891.95653,0.50018
3888.09929,0.49768
3884.24205,0.49562
3880.38480,0.49382
3876.52756,0.49196
3872.67032,0.48957
3868.81308,0.48664
3864.95584,0.48354
3861.09860,0.48061
3857.24136,0.47782
3853.38411,0.47499
3849.52687,0.47286
3845.66963,0.47143
3841.81239,0.47002
3837.95515,0.46875
3834.09791,0.46810
3830.24067,0.46790
3826.38343,0.46803
3822.52618,0.46898
3818.66894,0.47144
3814.81170,0.47470
3810.95446,0.47727
3807.09722,0.47858
3803.23998,0.47824
3799.38274,0.47628
3795.52549,0.47393
3791.66825,0.47229
3787.81101,0.47161
3783.95377,0.47196
3780.09653,0.47334
3776.23929,0.47540
3772.38205,0.47785
3768.52481,0.48091
3764.66756,0.48438
3760.81032,0.48728
3756.95308,0.48834
3753.09584,0.48673
3749.23860,0.48357
3745.38136,0.48186
3741.52412,0.48275
3737.66687,0.48577
3733.80963,0.49020
3729.95239,0.49327
3726.09515,0.49419
3722.23791,0.49493
3718.38067,0.49688
3714.52343,0.50057
3710.66618,0.50718
3706.80894,0.51645
3702.95170,0.52737
3699.09446,0.54030
3695.23722,0.55513
3691.37998,0.57428
3687.52274,0.59632
3683.66550,0.61145
3679.80825,0.62055
3675.95101,0.63151
3672.09377,0.64870
3668.23653,0.66813
3664.37929,0.68594
3660.52205,0.70367
3656.66481,0.72249
3652.80756,0.74139
3648.95032,0.76129
3645.09308,0.78087
3641.23584,0.79606
3637.37860,0.80830
3633.52136,0.81888
3629.66412,0.82941
3625.80687,0.84041
3621.94963,0.84968
3618.09239,0.85929
3614.23515,0.86879
3610.37791,0.87647
3606.52067,0.88289
3602.66343,0.89156
3598.80619,0.90450
