12493.60475,0.15380
12489.74751,0.15350
12485.89027,0.15275
12482.03303,0.15168
12478.17579,0.15122
12474.31855,0.15120
12470.46130,0.15176
12466.60406,0.15118
12462.74682,0.14941
12458.88958,0.14951
12455.03234,0.15205
12451.17510,0.15464
12447.31786,0.15336
12443.46062,0.14902
12439.60337,0.14770
12435.74613,0.15090
12431.88889,0.15380
12428.03165,0.15241
12424.17441,0.14972
12420.31717,0.15027
12416.45993,0.15216
12412.60268,0.15258
12408.74544,0.15305
12404.88820,0.15409
12401.03096,0.15451
12397.17372,0.15466
12393.31648,0.15522
12389.45924,0.15648
12385.60199,0.15745
12381.74475,0.15613
12377.88751,0.15296
12374.03027,0.15035
12370.17303,0.14972
12366.31579,0.15100
12362.45855,0.15272
12358.60131,0.15275
12354.74406,0.15128
12350.88682,0.15079
12347.02958,0.15168
12343.17234,0.15240
12339.31510,0.15310
12335.45786,0.15485
12331.60062,0.15615
12327.74337,0.15560
12323.88613,0.15470
12320.02889,0.15476
12316.17165,0.15575
12312.31441,0.15649
12308.45717,0.15576
12304.59993,0.15471
12300.74268,0.15502
12296.88544,0.15618
12293.02820,0.15713
12289.17096,0.15810
12285.31372,0.15823
12281.45648,0.15692
12277.59924,0.15643
12273.74200,0.15730
12269.88475,0.15737
12266.02751,0.15672
12262.17027,0.15693
12258.31303,0.15645
12254.45579,0.15384
12250.59855,0.15161
12246.74131,0.15164
12242.88406,0.15242
12239.02682,0.15130
12235.16958,0.14884
12231.31234,0.14790
12227.45510,0.14916
12223.59786,0.15191
12219.74062,0.15385
12215.88338,0.15304
12212.02613,0.15147
12208.16889,0.15107
12204.31165,0.15051
12200.45441,0.14969
12196.59717,0.15116
12192.73993,0.15355
12188.88269,0.15332
12185.02544,0.15201
12181.16820,0.15283
12177.31096,0.15405
12173.45372,0.15183
12169.59648,0.14869
12165.73924,0.14866
12161.88200,0.14938
12158.02475,0.14863
12154.16751,0.14762
12150.31027,0.14727
12146.45303,0.14828
12142.59579,0.15070
12138.73855,0.15251
12134.88131,0.15099
12131.02407,0.14735
12127.16682,0.14601
12123.30958,0.14692
12119.45234,0.14668
12115.59510,0.14645
12111.73786,0.14776
12107.88062,0.14820
12104.02338,0.14757
12100.16613,0.14816
12096.30889,0.14990
12092.45165,0.15136
12088.59441,0.15185
12084.73717,0.15098
12080.87993,0.14937
12077.02269,0.14857
12073.16544,0.14851
12069.30820,0.14748
12065.45096,0.14518
12061.59372,0.14327
12057.73648,0.14382
12053.87924,0.14656
12050.02200,0.14854
12046.16476,0.14894
12042.30751,0.14955
12038.45027,0.15017
12034.59303,0.15028
12030.73579,0.15101
12026.87855,0.15199
12023.02131,0.15141
12019.16407,0.15031
12015.30682,0.15087
12011.44958,0.15226
12007.59234,0.15321
12003.73510,0.15421
11999.87786,0.15574
11996.02062,0.15757
11992.16338,0.15814
11988.30614,0.15620
11984.44889,0.15325
11980.59165,0.15081
11976.73441,0.15022
11972.87717,0.15245
11969.01993,0.15493
11965.16269,0.15557
11961.30545,0.15486
11957.44820,0.15361
11953.59096,0.15346
11949.73372,0.15472
11945.87648,0.15603
11942.01924,0.15663
11938.16200,0.15679
11934.30476,0.15673
11930.44751,0.15572
11926.59027,0.15490
11922.73303,0.15520
11918.87579,0.15510
11915.01855,0.15502
11911.16131,0.15622
11907.30407,0.15748
11903.44683,0.15739
11899.58958,0.15614
11895.73234,0.15515
11891.87510,0.15533
11888.01786,0.15507
11884.16062,0.15336
11880.30338,0.15249
11876.44614,0.15387
11872.58889,0.15630
11868.73165,0.15789
11864.87441,0.15731
11861.01717,0.15573
11857.15993,0.15558
11853.30269,0.15685
11849.44545,0.15814
11845.58820,0.15950
11841.73096,0.16014
11837.87372,0.15886
11834.01648,0.15775
11830.15924,0.15792
11826.30200,0.15777
11822.44476,0.15680
11818.58752,0.15455
11814.73027,0.15151
11810.87303,0.14993
11807.01579,0.14999
11803.15855,0.15027
11799.30131,0.15047
11795.44407,0.15123
11791.58683,0.15254
11787.72958,0.15352
11783.87234,0.15427
11780.01510,0.15488
11776.15786,0.15500
11772.30062,0.15556
11768.44338,0.15664
11764.58614,0.15695
11760.72890,0.15632
11756.87165,0.15530
11753.01441,0.15453
11749.15717,0.15499
11745.29993,0.15606
11741.44269,0.15530
11737.58545,0.15326
11733.72821,0.15287
11729.87096,0.15409
11726.01372,0.15545
11722.15648,0.15670
11718.29924,0.15773
11714.44200,0.15864
11710.58476,0.15970
11706.72752,0.16022
11702.87027,0.15898
11699.01303,0.15667
11695.15579,0.15522
11691.29855,0.15492
11687.44131,0.15501
11683.58407,0.15490
11679.72683,0.15478
11675.86959,0.15527
11672.01234,0.15527
11668.15510,0.15379
11664.29786,0.15218
11660.44062,0.15193
11656.58338,0.15303
11652.72614,0.15386
11648.86890,0.15266
11645.01165,0.15151
11641.15441,0.15327
11637.29717,0.15532
11633.43993,0.15468
11629.58269,0.15299
11625.72545,0.15176
11621.86821,0.15058
11618.01096,0.15000
11614.15372,0.15052
11610.29648,0.15097
11606.43924,0.15082
11602.58200,0.15067
11598.72476,0.14990
11594.86752,0.14871
11591.01028,0.14996
11587.15303,0.15386
11583.29579,0.15615
11579.43855,0.15522
11575.58131,0.15349
11571.72407,0.15263
11567.86683,0.15261
11564.00959,0.15286
11560.15234,0.15334
11556.29510,0.15500
11552.43786,0.15694
11548.58062,0.15676
11544.72338,0.15493
11540.86614,0.15403
11537.00890,0.15517
11533.15166,0.15607
11529.29441,0.15406
11525.43717,0.15137
11521.57993,0.15106
11517.72269,0.15128
11513.86545,0.14995
11510.00821,0.14950
11506.15097,0.15275
11502.29372,0.15746
11498.43648,0.15858
11494.57924,0.15521
11490.72200,0.15205
11486.86476,0.15277
11483.00752,0.15522
11479.15028,0.15562
11475.29303,0.15391
11471.43579,0.15216
11467.57855,0.15123
11463.72131,0.15112
11459.86407,0.15175
11456.00683,0.15305
11452.14959,0.15484
11448.29235,0.15535
11444.43510,0.15384
11440.57786,0.15250
11436.72062,0.15312
11432.86338,0.15452
11429.00614,0.15356
11425.14890,0.15051
11421.29166,0.14976
11417.43441,0.15167
11413.57717,0.15313
11409.71993,0.15363
11405.86269,0.15326
11402.00545,0.15170
11398.14821,0.15043
11394.29097,0.15021
11390.43372,0.15045
11386.57648,0.15154
11382.71924,0.15341
11378.86200,0.15457
11375.00476,0.15405
11371.14752,0.15184
11367.29028,0.14946
11363.43304,0.14912
11359.57579,0.15122
11355.71855,0.15399
11351.86131,0.15532
11348.00407,0.15514
11344.14683,0.15428
11340.28959,0.15251
11336.43235,0.15121
11332.57510,0.15226
11328.71786,0.15385
11324.86062,0.15326
11321.00338,0.15085
11317.14614,0.14882
11313.28890,0.14896
11309.43166,0.15128
11305.57442,0.15404
11301.71717,0.15584
11297.85993,0.15631
11294.00269,0.15580
11290.14545,0.15538
11286.28821,0.15528
11282.43097,0.15457
11278.57373,0.15244
11274.71648,0.14957
11270.85924,0.14795
11267.00200,0.14797
11263.14476,0.14877
11259.28752,0.15086
11255.43028,0.15317
11251.57304,0.15318
11247.71579,0.15218
11243.85855,0.15239
11240.00131,0.15288
11236.14407,0.15282
11232.28683,0.15258
11228.42959,0.15237
11224.57235,0.15229
11220.71511,0.15208
11216.85786,0.15075
11213.00062,0.14849
11209.14338,0.14739
11205.28614,0.14768
11201.42890,0.14755
11197.57166,0.14697
11193.71442,0.14678
11189.85717,0.14737
11185.99993,0.14892
11182.14269,0.15009
11178.28545,0.15005
11174.42821,0.15007
11170.57097,0.15026
11166.71373,0.15013
11162.85648,0.15003
11158.99924,0.14967
11155.14200,0.14942
11151.28476,0.14968
11147.42752,0.14924
11143.57028,0.14856
11139.71304,0.14915
11135.85580,0.14980
11131.99855,0.14937
11128.14131,0.14944
11124.28407,0.15071
11120.42683,0.15128
11116.56959,0.15040
11112.71235,0.14968
11108.85511,0.14994
11104.99786,0.15035
11101.14062,0.15020
11097.28338,0.14962
11093.42614,0.14921
11089.56890,0.14957
11085.71166,0.15053
11081.85442,0.15111
11077.99718,0.15127
11074.13993,0.15183
11070.28269,0.15259
11066.42545,0.15259
11062.56821,0.15153
11058.71097,0.15028
11054.85373,0.14960
11050.99649,0.14945
11047.13924,0.14912
11043.28200,0.14817
11039.42476,0.14768
11035.56752,0.14853
11031.71028,0.14935
11027.85304,0.14916
11023.99580,0.14894
11020.13855,0.14917
11016.28131,0.14931
11012.42407,0.14950
11008.56683,0.15018
11004.70959,0.15088
11000.85235,0.15071
10996.99511,0.14978
10993.13787,0.14961
10989.28062,0.15033
10985.42338,0.15071
10981.56614,0.15072
10977.70890,0.15064
10973.85166,0.15088
10969.99442,0.15143
10966.13718,0.15106
10962.27993,0.14999
10958.42269,0.14986
10954.56545,0.15043
10950.70821,0.15056
10946.85097,0.15063
10942.99373,0.15066
10939.13649,0.15005
10935.27924,0.14959
10931.42200,0.15003
10927.56476,0.15031
10923.70752,0.14961
10919.85028,0.14830
10915.99304,0.14683
10912.13580,0.14587
10908.27856,0.14588
10904.42131,0.14644
10900.56407,0.14754
10896.70683,0.14896
10892.84959,0.14968
10888.99235,0.14907
10885.13511,0.14752
10881.27787,0.14624
10877.42062,0.14623
10873.56338,0.14686
10869.70614,0.14703
10865.84890,0.14696
10861.99166,0.14692
10858.13442,0.14674
10854.27718,0.14688
10850.41993,0.14730
10846.56269,0.14711
10842.70545,0.14658
10838.84821,0.14650
10834.99097,0.14613
10831.13373,0.14517
10827.27649,0.14496
10823.41925,0.14551
10819.56200,0.14578
10815.70476,0.14549
10811.84752,0.14495
10807.99028,0.14504
10804.13304,0.14584
10800.27580,0.14582
10796.41856,0.14449
10792.56131,0.14367
10788.70407,0.14425
10784.84683,0.14500
10780.98959,0.14511
10777.13235,0.14511
10773.27511,0.14527
10769.41787,0.14532
10765.56063,0.14551
10761.70338,0.14544
10757.84614,0.14442
10753.98890,0.14361
10750.13166,0.14391
10746.27442,0.14454
10742.41718,0.14504
10738.55994,0.14531
10734.70269,0.14500
10730.84545,0.14448
10726.98821,0.14451
10723.13097,0.14475
10719.27373,0.14468
10715.41649,0.14450
10711.55925,0.14469
10707.70200,0.14543
10703.84476,0.14611
10699.98752,0.14610
10696.13028,0.14594
10692.27304,0.14620
10688.41580,0.14628
10684.55856,0.14578
10680.70132,0.14524
10676.84407,0.14516
10672.98683,0.14539
10669.12959,0.14549
10665.27235,0.14526
10661.41511,0.14521
10657.55787,0.14554
10653.70063,0.14573
10649.84338,0.14599
10645.98614,0.14649
10642.12890,0.14639
10638.27166,0.14585
10634.41442,0.14557
10630.55718,0.14556
10626.69994,0.14560
10622.84269,0.14555
10618.98545,0.14543
10615.12821,0.14559
10611.27097,0.14604
10607.41373,0.14638
10603.55649,0.14647
10599.69925,0.14655
10595.84201,0.14661
10591.98476,0.14671
10588.12752,0.14700
10584.27028,0.14712
10580.41304,0.14661
10576.55580,0.14564
10572.69856,0.14466
10568.84132,0.14402
10564.98407,0.14388
10561.12683,0.14410
10557.26959,0.14427
10553.41235,0.14403
10549.55511,0.14318
10545.69787,0.14208
10541.84063,0.14167
10537.98339,0.14182
10534.12614,0.14190
10530.26890,0.14206
10526.41166,0.14226
10522.55442,0.14207
10518.69718,0.14174
10514.83994,0.14189
10510.98270,0.14241
10507.12545,0.14267
10503.26821,0.14276
10499.41097,0.14313
10495.55373,0.14338
10491.69649,0.14314
10487.83925,0.14287
10483.98201,0.14281
10480.12476,0.14278
10476.26752,0.14282
10472.41028,0.14286
10468.55304,0.14280
10464.69580,0.14275
10460.83856,0.14303
10456.98132,0.14330
10453.12408,0.14284
10449.26683,0.14210
10445.40959,0.14185
10441.55235,0.14204
10437.69511,0.14245
10433.83787,0.14286
10429.98063,0.14283
10426.12339,0.14253
10422.26614,0.14271
10418.40890,0.14308
10414.55166,0.14275
10410.69442,0.14178
10406.83718,0.14079
10402.97994,0.14039
10399.12270,0.14075
10395.26545,0.14126
10391.40821,0.14124
10387.55097,0.14093
10383.69373,0.14111
10379.83649,0.14173
10375.97925,0.14193
10372.12201,0.14146
10368.26477,0.14082
10364.40752,0.14067
10360.55028,0.14084
10356.69304,0.14072
10352.83580,0.14063
10348.97856,0.14097
10345.12132,0.14120
10341.26408,0.14108
10337.40683,0.14103
10333.54959,0.14163
10329.69235,0.14235
10325.83511,0.14207
10321.97787,0.14152
10318.12063,0.14181
10314.26339,0.14227
10310.40615,0.14223
10306.54890,0.14202
10302.69166,0.14185
10298.83442,0.14163
10294.97718,0.14139
10291.11994,0.14146
10287.26270,0.14176
10283.40546,0.14194
10279.54821,0.14208
10275.69097,0.14233
10271.83373,0.14261
10267.97649,0.14253
10264.11925,0.14191
10260.26201,0.14155
10256.40477,0.14209
10252.54752,0.14271
10248.69028,0.14256
10244.83304,0.14242
10240.97580,0.14280
10237.11856,0.14299
10233.26132,0.14265
10229.40408,0.14202
10225.54684,0.14131
10221.68959,0.14092
10217.83235,0.14113
10213.97511,0.14175
10210.11787,0.14220
10206.26063,0.14218
10202.40339,0.14206
10198.54615,0.14224
10194.68890,0.14236
10190.83166,0.14222
10186.97442,0.14251
10183.11718,0.14314
10179.25994,0.14300
10175.40270,0.14219
10171.54546,0.14191
10167.68821,0.14236
10163.83097,0.14283
10159.97373,0.14325
10156.11649,0.14371
10152.25925,0.14376
10148.40201,0.14314
10144.54477,0.14249
10140.68753,0.14260
10136.83028,0.14329
10132.97304,0.14388
10129.11580,0.14414
10125.25856,0.14407
10121.40132,0.14417
10117.54408,0.14484
10113.68684,0.14511
10109.82959,0.14470
10105.97235,0.14444
10102.11511,0.14419
10098.25787,0.14362
10094.40063,0.14322
10090.54339,0.14313
10086.68615,0.14295
10082.82891,0.14253
10078.97166,0.14196
10075.11442,0.14151
10071.25718,0.14154
10067.39994,0.14189
10063.54270,0.14210
10059.68546,0.14211
10055.82822,0.14240
10051.97097,0.14339
10048.11373,0.14450
10044.25649,0.14472
10040.39925,0.14412
10036.54201,0.14372
10032.68477,0.14375
10028.82753,0.14367
10024.97028,0.14335
10021.11304,0.14286
10017.25580,0.14212
10013.39856,0.14157
10009.54132,0.14172
10005.68408,0.14204
10001.82684,0.14183
9997.96960,0.14160
9994.11235,0.14214
9990.25511,0.14323
9986.39787,0.14410
9982.54063,0.14432
9978.68339,0.14411
9974.82615,0.14371
9970.96891,0.14339
9967.11166,0.14351
9963.25442,0.14389
9959.39718,0.14390
9955.53994,0.14347
9951.68270,0.14315
9947.82546,0.14333
9943.96822,0.14380
9940.11097,0.14420
9936.25373,0.14437
9932.39649,0.14439
9928.53925,0.14424
9924.68201,0.14374
9920.82477,0.14321
9916.96753,0.14301
9913.11029,0.14282
9909.25304,0.14239
9905.39580,0.14213
9901.53856,0.14229
9897.68132,0.14255
9893.82408,0.14272
9889.96684,0.14288
9886.10960,0.14302
9882.25235,0.14300
9878.39511,0.14285
9874.53787,0.14280
9870.68063,0.14277
9866.82339,0.14259
9862.96615,0.14229
9859.10891,0.14211
9855.25167,0.14233
9851.39442,0.14250
9847.53718,0.14239
9843.67994,0.14270
9839.82270,0.14345
9835.96546,0.14381
9832.10822,0.14360
9828.25098,0.14314
9824.39373,0.14257
9820.53649,0.14236
9816.67925,0.14264
9812.82201,0.14270
9808.96477,0.14236
9805.10753,0.14208
9801.25029,0.14212
9797.39304,0.14255
9793.53580,0.14298
9789.67856,0.14286
9785.82132,0.14247
9781.96408,0.14246
9778.10684,0.14276
9774.24960,0.14293
9770.39236,0.14284
9766.53511,0.14264
9762.67787,0.14248
9758.82063,0.14226
9754.96339,0.14203
9751.10615,0.14201
9747.24891,0.14202
9743.39167,0.14181
9739.53442,0.14170
9735.67718,0.14190
9731.81994,0.14199
9727.96270,0.14161
9724.10546,0.14104
9720.24822,0.14082
9716.39098,0.14096
9712.53373,0.14119
9708.67649,0.14152
9704.81925,0.14181
9700.96201,0.14183
9697.10477,0.14175
9693.24753,0.14177
9689.39029,0.14168
9685.53305,0.14133
9681.67580,0.14091
9677.81856,0.14062
9673.96132,0.14047
9670.10408,0.14038
9666.24684,0.14039
9662.38960,0.14048
9658.53236,0.14046
9654.67511,0.14027
9650.81787,0.14023
9646.96063,0.14038
9643.10339,0.14038
9639.24615,0.14023
9635.38891,0.14003
9631.53167,0.13982
9627.67443,0.13990
9623.81718,0.14015
9619.95994,0.14013
9616.10270,0.13984
9612.24546,0.13969
9608.38822,0.13984
9604.53098,0.14010
9600.67374,0.14008
9596.81649,0.13978
9592.95925,0.13962
9589.10201,0.13974
9585.24477,0.13991
9581.38753,0.13987
9577.53029,0.13967
9573.67305,0.13954
9569.81580,0.13957
9565.95856,0.13963
9562.10132,0.13969
9558.24408,0.13974
9554.38684,0.13973
9550.52960,0.13968
9546.67236,0.13970
9542.81512,0.13981
9538.95787,0.13988
9535.10063,0.13996
9531.24339,0.14030
9527.38615,0.14056
9523.52891,0.14033
9519.67167,0.13995
9515.81443,0.13984
9511.95718,0.13990
9508.09994,0.13992
9504.24270,0.13977
9500.38546,0.13948
9496.52822,0.13915
9492.67098,0.13887
9488.81374,0.13875
9484.95649,0.13886
9481.09925,0.13898
9477.24201,0.13898
9473.38477,0.13898
9469.52753,0.13900
9465.67029,0.13906
9461.81305,0.13913
9457.95581,0.13922
9454.09856,0.13936
9450.24132,0.13947
9446.38408,0.13957
9442.52684,0.13961
9438.66960,0.13948
9434.81236,0.13939
9430.95512,0.13934
9427.09787,0.13918
9423.24063,0.13913
9419.38339,0.13919
9415.52615,0.13896
9411.66891,0.13840
9407.81167,0.13808
9403.95443,0.13822
9400.09719,0.13842
9396.23994,0.13844
9392.38270,0.13836
9388.52546,0.13825
9384.66822,0.13812
9380.81098,0.13812
9376.95374,0.13821
9373.09650,0.13820
9369.23925,0.13825
9365.38201,0.13852
9361.52477,0.13877
9357.66753,0.13866
9353.81029,0.13840
9349.95305,0.13840
9346.09581,0.13849
9342.23856,0.13839
9338.38132,0.13827
9334.52408,0.13826
9330.66684,0.13829
9326.80960,0.13844
9322.95236,0.13850
9319.09512,0.13842
9315.23788,0.13857
9311.38063,0.13884
9307.52339,0.13885
9303.66615,0.13863
9299.80891,0.13830
9295.95167,0.13798
9292.09443,0.13790
9288.23719,0.13811
9284.37994,0.13845
9280.52270,0.13857
9276.66546,0.13831
9272.80822,0.13793
9268.95098,0.13775
9265.09374,0.13770
9261.23650,0.13751
9257.37925,0.13726
9253.52201,0.13741
9249.66477,0.13793
9245.80753,0.13822
9241.95029,0.13801
9238.09305,0.13778
9234.23581,0.13794
9230.37857,0.13825
9226.52132,0.13834
9222.66408,0.13804
9218.80684,0.13773
9214.94960,0.13785
9211.09236,0.13813
9207.23512,0.13819
9203.37788,0.13811
9199.52063,0.13808
9195.66339,0.13807
9191.80615,0.13801
9187.94891,0.13805
9184.09167,0.13820
9180.23443,0.13824
9176.37719,0.13821
9172.51995,0.13828
9168.66270,0.13835
9164.80546,0.13826
9160.94822,0.13802
9157.09098,0.13776
9153.23374,0.13781
9149.37650,0.13810
9145.51926,0.13821
9141.66201,0.13817
9137.80477,0.13837
9133.94753,0.13863
9130.09029,0.13854
9126.23305,0.13825
9122.37581,0.13821
9118.51857,0.13831
9114.66132,0.13817
9110.80408,0.13799
9106.94684,0.13809
9103.08960,0.13818
9099.23236,0.13807
9095.37512,0.13823
9091.51788,0.13870
9087.66064,0.13893
9083.80339,0.13882
9079.94615,0.13865
9076.08891,0.13853
9072.23167,0.13849
9068.37443,0.13854
9064.51719,0.13867
9060.65995,0.13885
9056.80270,0.13891
9052.94546,0.13874
9049.08822,0.13865
9045.23098,0.13879
9041.37374,0.13883
9037.51650,0.13863
9033.65926,0.13840
9029.80201,0.13852
9025.94477,0.13908
9022.08753,0.13949
9018.23029,0.13942
9014.37305,0.13932
9010.51581,0.13939
9006.65857,0.13952
9002.80133,0.13974
8998.94408,0.13997
8995.08684,0.14006
8991.22960,0.14013
8987.37236,0.14034
8983.51512,0.14055
8979.65788,0.14064
8975.80064,0.14074
8971.94339,0.14085
8968.08615,0.14097
8964.22891,0.14122
8960.37167,0.14165
8956.51443,0.14219
8952.65719,0.14281
8948.79995,0.14340
8944.94271,0.14376
8941.08546,0.14392
8937.22822,0.14413
8933.37098,0.14456
8929.51374,0.14524
8925.65650,0.14593
8921.79926,0.14633
8917.94202,0.14662
8914.08477,0.14715
8910.22753,0.14788
8906.37029,0.14862
8902.51305,0.14938
8898.65581,0.15018
8894.79857,0.15091
8890.94133,0.15146
8887.08408,0.15208
8883.22684,0.15306
8879.36960,0.15412
8875.51236,0.15488
8871.65512,0.15535
8867.79788,0.15561
8863.94064,0.15580
8860.08340,0.15602
8856.22615,0.15610
8852.36891,0.15592
8848.51167,0.15567
8844.65443,0.15554
8840.79719,0.15540
8836.93995,0.15505
8833.08271,0.15441
8829.22546,0.15374
8825.36822,0.15324
8821.51098,0.15276
8817.65374,0.15215
8813.79650,0.15142
8809.93926,0.15071
8806.08202,0.15017
8802.22477,0.14960
8798.36753,0.14879
8794.51029,0.14787
8790.65305,0.14712
8786.79581,0.14668
8782.93857,0.14627
8779.08133,0.14573
8775.22409,0.14520
8771.36684,0.14462
8767.50960,0.14406
8763.65236,0.14379
8759.79512,0.14370
8755.93788,0.14348
8752.08064,0.14321
8748.22340,0.14317
8744.36615,0.14323
8740.50891,0.14318
8736.65167,0.14313
8732.79443,0.14315
8728.93719,0.14311
8725.07995,0.14307
8721.22271,0.14323
8717.36547,0.14348
8713.50822,0.14368
8709.65098,0.14379
8705.79374,0.14383
8701.93650,0.14392
8698.07926,0.14408
8694.22202,0.14413
8690.36478,0.14404
8686.50753,0.14400
8682.65029,0.14407
8678.79305,0.14411
8674.93581,0.14408
8671.07857,0.14410
8667.22133,0.14420
8663.36409,0.14442
8659.50684,0.14480
8655.64960,0.14512
8651.79236,0.14520
8647.93512,0.14524
8644.07788,0.14541
8640.22064,0.14565
8636.36340,0.14594
8632.50616,0.14617
8628.64891,0.14623
8624.79167,0.14624
8620.93443,0.14633
8617.07719,0.14655
8613.21995,0.14690
8609.36271,0.14730
8605.50547,0.14764
8601.64822,0.14784
8597.79098,0.14791
8593.93374,0.14795
8590.07650,0.14809
8586.21926,0.14831
8582.36202,0.14847
8578.50478,0.14859
8574.64753,0.14874
8570.79029,0.14888
8566.93305,0.14902
8563.07581,0.14920
8559.21857,0.14938
8555.36133,0.14943
8551.50409,0.14946
8547.64685,0.14963
8543.78960,0.14981
8539.93236,0.14994
8536.07512,0.15020
8532.21788,0.15056
8528.36064,0.15085
8524.50340,0.15104
8520.64616,0.15115
8516.78891,0.15122
8512.93167,0.15129
8509.07443,0.15128
8505.21719,0.15123
8501.35995,0.15120
8497.50271,0.15117
8493.64547,0.15112
8489.78822,0.15119
8485.93098,0.15141
8482.07374,0.15165
8478.21650,0.15188
8474.35926,0.15195
8470.50202,0.15174
8466.64478,0.15155
8462.78754,0.15151
8458.93029,0.15143
8455.07305,0.15134
8451.21581,0.15129
8447.35857,0.15114
8443.50133,0.15092
8439.64409,0.15070
8435.78685,0.15050
8431.92960,0.15043
8428.07236,0.15051
8424.21512,0.15063
8420.35788,0.15080
8416.50064,0.15098
8412.64340,0.15105
8408.78616,0.15093
8404.92892,0.15073
8401.07167,0.15052
8397.21443,0.15025
8393.35719,0.14998
8389.49995,0.14981
8385.64271,0.14968
8381.78547,0.14955
8377.92823,0.14949
8374.07098,0.14950
8370.21374,0.14955
8366.35650,0.14975
8362.49926,0.14999
8358.64202,0.14995
8354.78478,0.14978
8350.92754,0.14977
8347.07029,0.14970
8343.21305,0.14945
8339.35581,0.14924
8335.49857,0.14916
8331.64133,0.14914
8327.78409,0.14897
8323.92685,0.14864
8320.06961,0.14841
8316.21236,0.14845
8312.35512,0.14871
8308.49788,0.14897
8304.64064,0.14905
8300.78340,0.14903
8296.92616,0.14907
8293.06892,0.14908
8289.21167,0.14908
8285.35443,0.14909
8281.49719,0.14901
8277.63995,0.14886
8273.78271,0.14879
8269.92547,0.14878
8266.06823,0.14879
8262.21098,0.14884
8258.35374,0.14893
8254.49650,0.14898
8250.63926,0.14900
8246.78202,0.14912
8242.92478,0.14936
8239.06754,0.14948
8235.21030,0.14939
8231.35305,0.14927
8227.49581,0.14926
8223.63857,0.14934
8219.78133,0.14938
8215.92409,0.14931
8212.06685,0.14923
8208.20961,0.14914
8204.35236,0.14895
8200.49512,0.14875
8196.63788,0.14869
8192.78064,0.14863
8188.92340,0.14856
8185.06616,0.14853
8181.20892,0.14842
8177.35168,0.14824
8173.49443,0.14822
8169.63719,0.14827
8165.77995,0.14824
8161.92271,0.14824
8158.06547,0.14834
8154.20823,0.14834
8150.35099,0.14811
8146.49374,0.14784
8142.63650,0.14768
8138.77926,0.14755
8134.92202,0.14737
8131.06478,0.14719
8127.20754,0.14712
8123.35030,0.14710
8119.49305,0.14700
8115.63581,0.14684
8111.77857,0.14672
8107.92133,0.14656
8104.06409,0.14633
8100.20685,0.14619
8096.34961,0.14619
8092.49237,0.14617
8088.63512,0.14606
8084.77788,0.14583
8080.92064,0.14552
8077.06340,0.14535
8073.20616,0.14542
8069.34892,0.14554
8065.49168,0.14552
8061.63443,0.14531
8057.77719,0.14505
8053.91995,0.14496
8050.06271,0.14496
8046.20547,0.14474
8042.34823,0.14443
8038.49099,0.14434
8034.63374,0.14437
8030.77650,0.14430
8026.91926,0.14420
8023.06202,0.14427
8019.20478,0.14443
8015.34754,0.14443
8011.49030,0.14431
8007.63306,0.14419
8003.77581,0.14412
7999.91857,0.14413
7996.06133,0.14414
7992.20409,0.14400
7988.34685,0.14375
7984.48961,0.14354
7980.63237,0.14339
7976.77512,0.14331
7972.91788,0.14329
7969.06064,0.14321
7965.20340,0.14309
7961.34616,0.14309
7957.48892,0.14319
7953.63168,0.14318
7949.77444,0.14307
7945.91719,0.14305
7942.05995,0.14307
7938.20271,0.14293
7934.34547,0.14276
7930.48823,0.14277
7926.63099,0.14294
7922.77375,0.14313
7918.91650,0.14317
7915.05926,0.14308
7911.20202,0.14301
7907.34478,0.14296
7903.48754,0.14293
7899.63030,0.14299
7895.77306,0.14311
7891.91581,0.14317
7888.05857,0.14319
7884.20133,0.14332
7880.34409,0.14342
7876.48685,0.14330
7872.62961,0.14315
7868.77237,0.14318
7864.91513,0.14327
7861.05788,0.14319
7857.20064,0.14303
7853.34340,0.14297
7849.48616,0.14296
7845.62892,0.14276
7841.77168,0.14248
7837.91444,0.14235
7834.05719,0.14233
7830.19995,0.14227
7826.34271,0.14222
7822.48547,0.14224
7818.62823,0.14229
7814.77099,0.14236
7810.91375,0.14240
7807.05650,0.14236
7803.19926,0.14226
7799.34202,0.14211
7795.48478,0.14185
7791.62754,0.14162
7787.77030,0.14166
7783.91306,0.14175
7780.05582,0.14155
7776.19857,0.14131
7772.34133,0.14132
7768.48409,0.14135
7764.62685,0.14125
7760.76961,0.14116
7756.91237,0.14110
7753.05513,0.14101
7749.19788,0.14094
7745.34064,0.14090
7741.48340,0.14081
7737.62616,0.14065
7733.76892,0.14051
7729.91168,0.14056
7726.05444,0.14069
7722.19720,0.14052
7718.33995,0.14016
7714.48271,0.14006
7710.62547,0.14028
7706.76823,0.14046
7702.91099,0.14029
7699.05375,0.13996
7695.19651,0.13978
7691.33926,0.13969
7687.48202,0.13962
7683.62478,0.13968
7679.76754,0.13981
7675.91030,0.13978
7672.05306,0.13959
7668.19582,0.13950
7664.33857,0.13957
7660.48133,0.13961
7656.62409,0.13961
7652.76685,0.13966
7648.90961,0.13971
7645.05237,0.13984
7641.19513,0.13998
7637.33789,0.13994
7633.48064,0.13979
7629.62340,0.13962
7625.76616,0.13947
7621.90892,0.13952
7618.05168,0.13978
7614.19444,0.14003
7610.33720,0.14016
7606.47995,0.14031
7602.62271,0.14044
7598.76547,0.14043
7594.90823,0.14033
7591.05099,0.14021
7587.19375,0.14010
7583.33651,0.14012
7579.47926,0.14031
7575.62202,0.14049
7571.76478,0.14054
7567.90754,0.14057
7564.05030,0.14052
7560.19306,0.14048
7556.33582,0.14070
7552.47858,0.14118
7548.62133,0.14157
7544.76409,0.14170
7540.90685,0.14169
7537.04961,0.14173
7533.19237,0.14188
7529.33513,0.14193
7525.47789,0.14186
7521.62064,0.14189
7517.76340,0.14203
7513.90616,0.14218
7510.04892,0.14236
7506.19168,0.14257
7502.33444,0.14273
7498.47720,0.14284
7494.61996,0.14301
7490.76271,0.14330
7486.90547,0.14356
7483.04823,0.14377
7479.19099,0.14401
7475.33375,0.14426
7471.47651,0.14446
7467.61927,0.14464
7463.76202,0.14488
7459.90478,0.14528
7456.04754,0.14577
7452.19030,0.14622
7448.33306,0.14664
7444.47582,0.14710
7440.61858,0.14759
7436.76133,0.14810
7432.90409,0.14866
7429.04685,0.14941
7425.18961,0.15025
7421.33237,0.15093
7417.47513,0.15145
7413.61789,0.15194
7409.76065,0.15249
7405.90340,0.15311
7402.04616,0.15377
7398.18892,0.15437
7394.33168,0.15499
7390.47444,0.15574
7386.61720,0.15657
7382.75996,0.15734
7378.90271,0.15806
7375.04547,0.15882
7371.18823,0.15969
7367.33099,0.16051
7363.47375,0.16118
7359.61651,0.16177
7355.75927,0.16246
7351.90202,0.16319
7348.04478,0.16382
7344.18754,0.16430
7340.33030,0.16476
7336.47306,0.16532
7332.61582,0.16589
7328.75858,0.16630
7324.90134,0.16660
7321.04409,0.16689
7317.18685,0.16716
7313.32961,0.16736
7309.47237,0.16747
7305.61513,0.16756
7301.75789,0.16774
7297.90065,0.16791
7294.04340,0.16801
7290.18616,0.16813
7286.32892,0.16833
7282.47168,0.16853
7278.61444,0.16872
7274.75720,0.16893
7270.89996,0.16914
7267.04272,0.16938
7263.18547,0.16967
7259.32823,0.16996
7255.47099,0.17022
7251.61375,0.17049
7247.75651,0.17076
7243.89927,0.17093
7240.04203,0.17095
7236.18478,0.17093
7232.32754,0.17095
7228.47030,0.17107
7224.61306,0.17124
7220.75582,0.17137
7216.89858,0.17156
7213.04134,0.17180
7209.18409,0.17196
7205.32685,0.17212
7201.46961,0.17229
7197.61237,0.17234
7193.75513,0.17230
7189.89789,0.17233
7186.04065,0.17250
7182.18341,0.17273
7178.32616,0.17295
7174.46892,0.17321
7170.61168,0.17364
7166.75444,0.17420
7162.89720,0.17476
7159.03996,0.17539
7155.18272,0.17607
7151.32547,0.17670
7147.46823,0.17735
7143.61099,0.17812
7139.75375,0.17897
7135.89651,0.17983
7132.03927,0.18068
7128.18203,0.18153
7124.32478,0.18240
7120.46754,0.18325
7116.61030,0.18409
7112.75306,0.18496
7108.89582,0.18590
7105.03858,0.18696
7101.18134,0.18812
7097.32410,0.18923
7093.46685,0.19033
7089.60961,0.19151
7085.75237,0.19281
7081.89513,0.19422
7078.03789,0.19566
7074.18065,0.19704
7070.32341,0.19840
7066.46616,0.19985
7062.60892,0.20135
7058.75168,0.20283
7054.89444,0.20423
7051.03720,0.20564
7047.17996,0.20712
7043.32272,0.20864
7039.46548,0.21011
7035.60823,0.21149
7031.75099,0.21274
7027.89375,0.21396
7024.03651,0.21519
7020.17927,0.21633
7016.32203,0.21735
7012.46479,0.21829
7008.60754,0.21921
7004.75030,0.22014
7000.89306,0.22108
6997.03582,0.22203
6993.17858,0.22290
6989.32134,0.22368
6985.46410,0.22448
6981.60685,0.22532
6977.74961,0.22614
6973.89237,0.22687
6970.03513,0.22748
6966.17789,0.22796
6962.32065,0.22839
6958.46341,0.22886
6954.60617,0.22940
6950.74892,0.22989
6946.89168,0.23032
6943.03444,0.23076
6939.17720,0.23121
6935.31996,0.23162
6931.46272,0.23203
6927.60548,0.23249
6923.74823,0.23296
6919.89099,0.23338
6916.03375,0.23380
6912.17651,0.23428
6908.31927,0.23476
6904.46203,0.23518
6900.60479,0.23555
6896.74754,0.23587
6892.89030,0.23619
6889.03306,0.23656
6885.17582,0.23700
6881.31858,0.23746
6877.46134,0.23796
6873.60410,0.23856
6869.74686,0.23916
6865.88961,0.23975
6862.03237,0.24042
6858.17513,0.24115
6854.31789,0.24184
6850.46065,0.24253
6846.60341,0.24327
6842.74617,0.24399
6838.88892,0.24464
6835.03168,0.24527
6831.17444,0.24591
6827.31720,0.24659
6823.45996,0.24732
6819.60272,0.24806
6815.74548,0.24887
6811.88824,0.24977
6808.03099,0.25067
6804.17375,0.25149
6800.31651,0.25230
6796.45927,0.25323
6792.60203,0.25422
6788.74479,0.25512
6784.88755,0.25590
6781.03030,0.25669
6777.17306,0.25752
6773.31582,0.25833
6769.45858,0.25902
6765.60134,0.25965
6761.74410,0.26027
6757.88686,0.26081
6754.02961,0.26128
6750.17237,0.26172
6746.31513,0.26212
6742.45789,0.26242
6738.60065,0.26257
6734.74341,0.26267
6730.88617,0.26280
6727.02893,0.26293
6723.17168,0.26309
6719.31444,0.26327
6715.45720,0.26335
6711.59996,0.26336
6707.74272,0.26344
6703.88548,0.26348
6700.02824,0.26341
6696.17099,0.26337
6692.31375,0.26340
6688.45651,0.26337
6684.59927,0.26321
6680.74203,0.26297
6676.88479,0.26274
6673.02755,0.26250
6669.17030,0.26223
6665.31306,0.26192
6661.45582,0.26156
6657.59858,0.26119
6653.74134,0.26082
6649.88410,0.26041
6646.02686,0.25998
6642.16962,0.25958
6638.31237,0.25918
6634.45513,0.25868
6630.59789,0.25814
6626.74065,0.25764
6622.88341,0.25711
6619.02617,0.25647
6615.16893,0.25582
6611.31168,0.25533
6607.45444,0.25490
6603.59720,0.25442
6599.73996,0.25395
6595.88272,0.25358
6592.02548,0.25329
6588.16824,0.25296
6584.31100,0.25257
6580.45375,0.25230
6576.59651,0.25221
6572.73927,0.25217
6568.88203,0.25212
6565.02479,0.25209
6561.16755,0.25205
6557.31031,0.25204
6553.45306,0.25207
6549.59582,0.25212
6545.73858,0.25218
6541.88134,0.25228
6538.02410,0.25246
6534.16686,0.25264
6530.30962,0.25281
6526.45237,0.25298
6522.59513,0.25315
6518.73789,0.25332
6514.88065,0.25347
6511.02341,0.25357
6507.16617,0.25363
6503.30893,0.25369
6499.45169,0.25377
6495.59444,0.25386
6491.73720,0.25389
6487.87996,0.25386
6484.02272,0.25381
6480.16548,0.25372
6476.30824,0.25359
6472.45100,0.25347
6468.59375,0.25331
6464.73651,0.25311
6460.87927,0.25294
6457.02203,0.25277
6453.16479,0.25253
6449.30755,0.25223
6445.45031,0.25192
6441.59306,0.25165
6437.73582,0.25140
6433.87858,0.25114
6430.02134,0.25080
6426.16410,0.25040
6422.30686,0.24997
6418.44962,0.24956
6414.59238,0.24923
6410.73513,0.24895
6406.87789,0.24866
6403.02065,0.24837
6399.16341,0.24817
6395.30617,0.24805
6391.44893,0.24795
6387.59169,0.24781
6383.73444,0.24765
6379.87720,0.24749
6376.01996,0.24730
6372.16272,0.24707
6368.30548,0.24685
6364.44824,0.24661
6360.59100,0.24633
6356.73376,0.24612
6352.87651,0.24600
6349.01927,0.24590
6345.16203,0.24584
6341.30479,0.24586
6337.44755,0.24587
6333.59031,0.24583
6329.73307,0.24574
6325.87582,0.24564
6322.01858,0.24556
6318.16134,0.24553
6314.30410,0.24552
6310.44686,0.24544
6306.58962,0.24530
6302.73238,0.24511
6298.87513,0.24482
6295.01789,0.24444
6291.16065,0.24404
6287.30341,0.24356
6283.44617,0.24296
6279.58893,0.24230
6275.73169,0.24163
6271.87445,0.24095
6268.01720,0.24026
6264.15996,0.23952
6260.30272,0.23876
6256.44548,0.23798
6252.58824,0.23711
6248.73100,0.23619
6244.87376,0.23523
6241.01651,0.23426
6237.15927,0.23329
6233.30203,0.23237
6229.44479,0.23149
6225.58755,0.23063
6221.73031,0.22986
6217.87307,0.22930
6214.01582,0.22898
6210.15858,0.22895
6206.30134,0.22916
6202.44410,0.22948
6198.58686,0.22963
6194.72962,0.22937
6190.87238,0.22857
6187.01514,0.22736
6183.15789,0.22600
6179.30065,0.22471
6175.44341,0.22363
6171.58617,0.22286
6167.72893,0.22238
6163.87169,0.22214
6160.01445,0.22216
6156.15720,0.22251
6152.29996,0.22308
6148.44272,0.22362
6144.58548,0.22388
6140.72824,0.22375
6136.87100,0.22331
6133.01376,0.22281
6129.15652,0.22252
6125.29927,0.22266
6121.44203,0.22343
6117.58479,0.22492
6113.72755,0.22710
6109.87031,0.22994
6106.01307,0.23342
6102.15583,0.23743
6098.29858,0.24186
6094.44134,0.24655
6090.58410,0.25127
6086.72686,0.25575
6082.86962,0.25987
6079.01238,0.26383
6075.15514,0.26815
6071.29789,0.27338
6067.44065,0.27964
6063.58341,0.28651
6059.72617,0.29333
6055.86893,0.29953
6052.01169,0.30495
6048.15445,0.30987
6044.29721,0.31466
6040.43996,0.31981
6036.58272,0.32567
6032.72548,0.33194
6028.86824,0.33767
6025.01100,0.34188
6021.15376,0.34391
6017.29652,0.34332
6013.43927,0.33988
6009.58203,0.33397
6005.72479,0.32641
6001.86755,0.31818
5998.01031,0.31022
5994.15307,0.30336
5990.29583,0.29805
5986.43858,0.29435
5982.58134,0.29191
5978.72410,0.28999
5974.86686,0.28763
5971.00962,0.28415
5967.15238,0.27975
5963.29514,0.27553
5959.43790,0.27242
5955.58065,0.27056
5951.72341,0.26969
5947.86617,0.26931
5944.00893,0.26875
5940.15169,0.26731
5936.29445,0.26469
5932.43721,0.26103
5928.57996,0.25680
5924.72272,0.25257
5920.86548,0.24864
5917.00824,0.24514
5913.15100,0.24223
5909.29376,0.24011
5905.43652,0.23895
5901.57927,0.23889
5897.72203,0.23992
5893.86479,0.24187
5890.00755,0.24443
5886.15031,0.24719
5882.29307,0.24987
5878.43583,0.25239
5874.57859,0.25471
5870.72134,0.25675
5866.86410,0.25834
5863.00686,0.25916
5859.14962,0.25902
5855.29238,0.25815
5851.43514,0.25698
5847.57790,0.25586
5843.72065,0.25496
5839.86341,0.25437
5836.00617,0.25408
5832.14893,0.25409
5828.29169,0.25433
5824.43445,0.25463
5820.57721,0.25493
5816.71997,0.25523
5812.86272,0.25553
5809.00548,0.25572
5805.14824,0.25571
5801.29100,0.25546
5797.43376,0.25509
5793.57652,0.25473
5789.71928,0.25441
5785.86203,0.25411
5782.00479,0.25375
5778.14755,0.25335
5774.29031,0.25288
5770.43307,0.25226
5766.57583,0.25143
5762.71859,0.25031
5758.86134,0.24889
5755.00410,0.24724
5751.14686,0.24550
5747.28962,0.24375
5743.43238,0.24200
5739.57514,0.24026
5735.71790,0.23866
5731.86066,0.23726
5728.00341,0.23615
5724.14617,0.23548
5720.28893,0.23531
5716.43169,0.23546
5712.57445,0.23569
5708.71721,0.23585
5704.85997,0.23586
5701.00272,0.23570
5697.14548,0.23541
5693.28824,0.23502
5689.43100,0.23456
5685.57376,0.23417
5681.71652,0.23394
5677.85928,0.23386
5674.00203,0.23397
5670.14479,0.23428
5666.28755,0.23469
5662.43031,0.23510
5658.57307,0.23546
5654.71583,0.23566
5650.85859,0.23556
5647.00135,0.23510
5643.14410,0.23431
5639.28686,0.23335
5635.42962,0.23237
5631.57238,0.23142
5627.71514,0.23056
5623.85790,0.22985
5620.00066,0.22934
5616.14341,0.22908
5612.28617,0.22902
5608.42893,0.22908
5604.57169,0.22922
5600.71445,0.22948
5596.85721,0.22982
5592.99997,0.23022
5589.14273,0.23074
5585.28548,0.23136
5581.42824,0.23196
5577.57100,0.23250
5573.71376,0.23305
5569.85652,0.23356
5565.99928,0.23387
5562.14204,0.23395
5558.28479,0.23388
5554.42755,0.23379
5550.57031,0.23371
5546.71307,0.23364
5542.85583,0.23362
5538.99859,0.23365
5535.14135,0.23363
5531.28410,0.23355
5527.42686,0.23341
5523.56962,0.23319
5519.71238,0.23287
5515.85514,0.23247
5511.99790,0.23212
5508.14066,0.23196
5504.28342,0.23201
5500.42617,0.23223
5496.56893,0.23265
5492.71169,0.23324
5488.85445,0.23387
5484.99721,0.23435
5481.13997,0.23456
5477.28273,0.23446
5473.42548,0.23409
5469.56824,0.23355
5465.71100,0.23284
5461.85376,0.23198
5457.99652,0.23105
5454.13928,0.22998
5450.28204,0.22867
5446.42479,0.22715
5442.56755,0.22555
5438.71031,0.22403
5434.85307,0.22265
5430.99583,0.22141
5427.13859,0.22031
5423.28135,0.21933
5419.42411,0.21859
5415.56686,0.21810
5411.70962,0.21775
5407.85238,0.21743
5403.99514,0.21711
5400.13790,0.21682
5396.28066,0.21657
5392.42342,0.21637
5388.56617,0.21626
5384.70893,0.21623
5380.85169,0.21629
5376.99445,0.21640
5373.13721,0.21656
5369.27997,0.21680
5365.42273,0.21716
5361.56549,0.21761
5357.70824,0.21810
5353.85100,0.21855
5349.99376,0.21890
5346.13652,0.21913
5342.27928,0.21932
5338.42204,0.21951
5334.56480,0.21973
5330.70755,0.22006
5326.85031,0.22060
5322.99307,0.22139
5319.13583,0.22243
5315.27859,0.22378
5311.42135,0.22546
5307.56411,0.22739
5303.70686,0.22954
5299.84962,0.23195
5295.99238,0.23467
5292.13514,0.23782
5288.27790,0.24149
5284.42066,0.24570
5280.56342,0.25039
5276.70618,0.25550
5272.84893,0.26085
5268.99169,0.26634
5265.13445,0.27189
5261.27721,0.27720
5257.41997,0.28199
5253.56273,0.28631
5249.70549,0.29025
5245.84824,0.29381
5241.99100,0.29705
5238.13376,0.29992
5234.27652,0.30244
5230.41928,0.30463
5226.56204,0.30656
5222.70480,0.30827
5218.84755,0.30971
5214.99031,0.31087
5211.13307,0.31187
5207.27583,0.31281
5203.41859,0.31358
5199.56135,0.31414
5195.70411,0.31461
5191.84687,0.31502
5187.98962,0.31538
5184.13238,0.31568
5180.27514,0.31581
5176.41790,0.31579
5172.56066,0.31571
5168.70342,0.31559
5164.84618,0.31547
5160.98893,0.31538
5157.13169,0.31526
5153.27445,0.31511
5149.41721,0.31494
5145.55997,0.31466
5141.70273,0.31428
5137.84549,0.31395
5133.98825,0.31384
5130.13100,0.31391
5126.27376,0.31394
5122.41652,0.31364
5118.55928,0.31263
5114.70204,0.31068
5110.84480,0.30789
5106.98756,0.30464
5103.13031,0.30131
5099.27307,0.29813
5095.41583,0.29517
5091.55859,0.29247
5087.70135,0.29003
5083.84411,0.28784
5079.98687,0.28593
5076.12962,0.28414
5072.27238,0.28233
5068.41514,0.28060
5064.55790,0.27906
5060.70066,0.27770
5056.84342,0.27646
5052.98618,0.27534
5049.12894,0.27430
5045.27169,0.27331
5041.41445,0.27240
5037.55721,0.27158
5033.69997,0.27079
5029.84273,0.27001
5025.98549,0.26929
5022.12825,0.26867
5018.27100,0.26815
5014.41376,0.26769
5010.55652,0.26728
5006.69928,0.26678
5002.84204,0.26616
4998.98480,0.26555
4995.12756,0.26507
4991.27031,0.26473
4987.41307,0.26454
4983.55583,0.26456
4979.69859,0.26477
4975.84135,0.26518
4971.98411,0.26580
4968.12687,0.26672
4964.26963,0.26792
4960.41238,0.26936
4956.55514,0.27097
4952.69790,0.27279
4948.84066,0.27488
4944.98342,0.27716
4941.12618,0.27948
4937.26894,0.28181
4933.41169,0.28427
4929.55445,0.28690
4925.69721,0.28969
4921.83997,0.29264
4917.98273,0.29577
4914.12549,0.29907
4910.26825,0.30249
4906.41101,0.30598
4902.55376,0.30958
4898.69652,0.31335
4894.83928,0.31726
4890.98204,0.32126
4887.12480,0.32525
4883.26756,0.32926
4879.41032,0.33335
4875.55307,0.33739
4871.69583,0.34125
4867.83859,0.34496
4863.98135,0.34856
4860.12411,0.35208
4856.26687,0.35557
4852.40963,0.35910
4848.55238,0.36283
4844.69514,0.36686
4840.83790,0.37117
4836.98066,0.37569
4833.12342,0.38038
4829.26618,0.38515
4825.40894,0.38986
4821.55170,0.39426
4817.69445,0.39823
4813.83721,0.40188
4809.97997,0.40531
4806.12273,0.40847
4802.26549,0.41129
4798.40825,0.41371
4794.55101,0.41560
4790.69376,0.41693
4786.83652,0.41778
4782.97928,0.41831
4779.12204,0.41872
4775.26480,0.41915
4771.40756,0.41974
4767.55032,0.42063
4763.69307,0.42200
4759.83583,0.42391
4755.97859,0.42631
4752.12135,0.42905
4748.26411,0.43178
4744.40687,0.43418
4740.54963,0.43636
4736.69239,0.43879
4732.83514,0.44199
4728.97790,0.44603
4725.12066,0.45029
4721.26342,0.45359
4717.40618,0.45513
4713.54894,0.45546
4709.69170,0.45618
4705.83445,0.45882
4701.97721,0.46382
4698.11997,0.47015
4694.26273,0.47543
4690.40549,0.47711
4686.54825,0.47398
4682.69101,0.46655
4678.83377,0.45657
4674.97652,0.44630
4671.11928,0.43771
4667.26204,0.43166
4663.40480,0.42784
4659.54756,0.42555
4655.69032,0.42465
4651.83308,0.42570
4647.97583,0.42921
4644.11859,0.43459
4640.26135,0.43995
4636.40411,0.44268
4632.54687,0.44060
4628.68963,0.43323
4624.83239,0.42240
4620.97514,0.41105
4617.11790,0.40143
4613.26066,0.39442
4609.40342,0.39007
4605.54618,0.38825
4601.68894,0.38897
4597.83170,0.39171
4593.97446,0.39504
4590.11721,0.39774
4586.25997,0.39990
4582.40273,0.40121
4578.54549,0.39973
4574.68825,0.39385
4570.83101,0.38471
4566.97377,0.37528
4563.11652,0.36782
4559.25928,0.36297
4555.40204,0.36029
4551.54480,0.35889
4547.68756,0.35797
4543.83032,0.35716
4539.97308,0.35645
4536.11583,0.35601
4532.25859,0.35599
4528.40135,0.35645
4524.54411,0.35748
4520.68687,0.35920
4516.82963,0.36173
4512.97239,0.36522
4509.11515,0.36998
4505.25790,0.37641
4501.40066,0.38481
4497.54342,0.39484
4493.68618,0.40524
4489.82894,0.41434
4485.97170,0.42140
4482.11446,0.42729
4478.25721,0.43378
4474.39997,0.44262
4470.54273,0.45504
4466.68549,0.47095
4462.82825,0.48782
4458.97101,0.50118
4455.11377,0.50844
4451.25653,0.51170
4447.39928,0.51497
4443.54204,0.52006
4439.68480,0.52611
4435.82756,0.53118
4431.97032,0.53351
4428.11308,0.53223
4424.25584,0.52805
4420.39859,0.52322
4416.54135,0.52022
4412.68411,0.52014
4408.82687,0.52208
4404.96963,0.52379
4401.11239,0.52340
4397.25515,0.52049
4393.39790,0.51585
4389.54066,0.51072
4385.68342,0.50602
4381.82618,0.50216
4377.96894,0.49929
4374.11170,0.49750
4370.25446,0.49689
4366.39722,0.49758
4362.53997,0.49918
4358.68273,0.50096
4354.82549,0.50260
4350.96825,0.50449
4347.11101,0.50716
4343.25377,0.51058
4339.39653,0.51409
4335.53928,0.51702
4331.68204,0.51927
4327.82480,0.52126
4323.96756,0.52354
4320.11032,0.52648
4316.25308,0.53031
4312.39584,0.53518
4308.53859,0.54107
4304.68135,0.54756
4300.82411,0.55387
4296.96687,0.55918
4293.10963,0.56291
4289.25239,0.56475
4285.39515,0.56492
4281.53791,0.56412
4277.68066,0.56290
4273.82342,0.56129
4269.96618,0.55907
4266.10894,0.55645
4262.25170,0.55408
4258.39446,0.55259
4254.53722,0.55224
4250.67997,0.55279
4246.82273,0.55335
4242.96549,0.55297
4239.10825,0.55154
4235.25101,0.54993
4231.39377,0.54879
4227.53653,0.54774
4223.67929,0.54595
4219.82204,0.54302
4215.96480,0.53943
4212.10756,0.53599
4208.25032,0.53308
4204.39308,0.53063
4200.53584,0.52865
4196.67860,0.52753
4192.82135,0.52800
4188.96411,0.53067
4185.10687,0.53535
4181.24963,0.54035
4177.39239,0.54269
4173.53515,0.54040
4169.67791,0.53436
4165.82066,0.52726
4161.96342,0.52135
4158.10618,0.51750
4154.24894,0.51567
4150.39170,0.51577
4146.53446,0.51787
4142.67722,0.52179
4138.81998,0.52682
4134.96273,0.53176
4131.10549,0.53562
4127.24825,0.53844
4123.39101,0.54127
4119.53377,0.54521
4115.67653,0.55089
4111.81929,0.55868
4107.96204,0.56885
4104.10480,0.58204
4100.24756,0.59940
4096.39032,0.61973
4092.53308,0.63639
4088.67584,0.64203
4084.81860,0.63633
4080.96135,0.62436
4077.10411,0.61113
4073.24687,0.60022
4069.38963,0.59337
4065.53239,0.59023
4061.67515,0.58963
4057.81791,0.59061
4053.96067,0.59251
4050.10342,0.59477
4046.24618,0.59687
4042.38894,0.59837
4038.53170,0.59928
4034.67446,0.59997
4030.81722,0.60056
4026.95998,0.60093
4023.10273,0.60100
4019.24549,0.60090
4015.38825,0.60052
4011.53101,0.59944
4007.67377,0.59749
4003.81653,0.59489
3999.95929,0.59200
3996.10205,0.58885
3992.24480,0.58554
3988.38756,0.58256
3984.53032,0.58025
3980.67308,0.57856
3976.81584,0.57717
3972.95860,0.57568
3969.10136,0.57372
3965.24411,0.57110
3961.38687,0.56798
3957.52963,0.56476
3953.67239,0.56157
3949.81515,0.55834
3945.95791,0.55523
3942.10067,0.55236
3938.24342,0.54971
3934.38618,0.54721
3930.52894,0.54486
3926.67170,0.54268
3922.81446,0.54057
3918.95722,0.53844
3915.09998,0.53626
3911.24274,0.53392
3907.38549,0.53106
3903.52825,0.52733
3899.67101,0.52327
3895.81377,0.51964
3891.95653,0.51628
3888.09929,0.51321
3884.24205,0.51083
3880.38480,0.50906
3876.52756,0.50730
3872.67032,0.50487
3868.81308,0.50154
3864.95584,0.49787
3861.09860,0.49456
3857.24136,0.49151
3853.38411,0.48830
3849.52687,0.48581
3845.66963,0.48426
3841.81239,0.48284
3837.95515,0.48157
3834.09791,0.48084
3830.24067,0.48048
3826.38343,0.48043
3822.52618,0.48125
3818.66894,0.48375
3814.81170,0.48735
3810.95446,0.49031
3807.09722,0.49162
3803.23998,0.49097
3799.38274,0.48878
3795.52549,0.48632
3791.66825,0.48458
3787.81101,0.48387
3783.95377,0.48414
3780.09653,0.48534
3776.23929,0.48734
3772.38205,0.48989
3768.52481,0.49302
3764.66756,0.49656
3760.81032,0.49954
3756.95308,0.50051
3753.09584,0.49850
3749.23860,0.49466
3745.38136,0.49243
3741.52412,0.49346
3737.66687,0.49686
3733.80963,0.50138
3729.95239,0.50454
3726.09515,0.50546
3722.23791,0.50608
3718.38067,0.50814
3714.52343,0.51222
3710.66618,0.51903
3706.80894,0.52834
3702.95170,0.53943
3699.09446,0.55254
3695.23722,0.56795
3691.37998,0.58762
3687.52274,0.60942
3683.66550,0.62483
3679.80825,0.63443
3675.95101,0.64473
3672.09377,0.65969
3668.23653,0.67766
3664.37929,0.69553
3660.52205,0.71310
3656.66481,0.73127
3652.80756,0.74999
3648.95032,0.76930
3645.09308,0.78737
3641.23584,0.80155
3637.37860,0.81338
3633.52136,0.82415
3629.66412,0.83457
3625.80687,0.84526
3621.94963,0.85506
3618.09239,0.86416
3614.23515,0.87204
3610.37791,0.88054
3606.52067,0.89153
3602.66343,0.90166
3598.80619,0.90902
