12493.60475,0.14901
12489.74751,0.15122
12485.89027,0.14997
12482.03303,0.14735
12478.17579,0.14689
12474.31855,0.14720
12470.46130,0.14681
12466.60406,0.14597
12462.74682,0.14506
12458.88958,0.14433
12455.03234,0.14435
12451.17510,0.14649
12447.31786,0.15003
12443.46062,0.15189
12439.60337,0.15026
12435.74613,0.14653
12431.88889,0.14364
12428.03165,0.14248
12424.17441,0.14313
12420.31717,0.14562
12416.45993,0.14697
12412.60268,0.14497
12408.74544,0.14266
12404.88820,0.14326
12401.03096,0.14582
12397.17372,0.14797
12393.31648,0.14893
12389.45924,0.14854
12385.60199,0.14725
12381.74475,0.14610
12377.88751,0.14427
12374.03027,0.14259
12370.17303,0.14491
12366.31579,0.15031
12362.45855,0.15304
12358.60131,0.15099
12354.74406,0.14801
12350.88682,0.14705
12347.02958,0.14665
12343.17234,0.14573
12339.31510,0.14620
12335.45786,0.14910
12331.60062,0.15192
12327.74337,0.15291
12323.88613,0.15285
12320.02889,0.15169
12316.17165,0.14943
12312.31441,0.14722
12308.45717,0.14545
12304.59993,0.14397
12300.74268,0.14349
12296.88544,0.14442
12293.02820,0.14602
12289.17096,0.14772
12285.31372,0.14908
12281.45648,0.14933
12277.59924,0.14867
12273.74200,0.14921
12269.88475,0.15051
12266.02751,0.14924
12262.17027,0.14717
12258.31303,0.14822
12254.45579,0.15058
12250.59855,0.15035
12246.74131,0.14797
12242.88406,0.14744
12239.02682,0.14883
12235.16958,0.14850
12231.31234,0.14663
12227.45510,0.14608
12223.59786,0.14659
12219.74062,0.14676
12215.88338,0.14658
12212.02613,0.14683
12208.16889,0.14861
12204.31165,0.15032
12200.45441,0.14932
12196.59717,0.14755
12192.73993,0.14740
12188.88269,0.14822
12185.02544,0.15001
12181.16820,0.15317
12177.31096,0.15479
12173.45372,0.15251
12169.59648,0.14957
12165.73924,0.14805
12161.88200,0.14680
12158.02475,0.14706
12154.16751,0.14771
12150.31027,0.14628
12146.45303,0.14536
12142.59579,0.14626
12138.73855,0.14598
12134.88131,0.14360
12131.02407,0.14148
12127.16682,0.14037
12123.30958,0.13989
12119.45234,0.14075
12115.59510,0.14128
12111.73786,0.13925
12107.88062,0.13721
12104.02338,0.13817
12100.16613,0.14060
12096.30889,0.14277
12092.45165,0.14449
12088.59441,0.14502
12084.73717,0.14484
12080.87993,0.14452
12077.02269,0.14359
12073.16544,0.14220
12069.30820,0.14093
12065.45096,0.14134
12061.59372,0.14343
12057.73648,0.14454
12053.87924,0.14489
12050.02200,0.14617
12046.16476,0.14659
12042.30751,0.14520
12038.45027,0.14436
12034.59303,0.14428
12030.73579,0.14333
12026.87855,0.14265
12023.02131,0.14403
12019.16407,0.14630
12015.30682,0.14781
12011.44958,0.14927
12007.59234,0.15109
12003.73510,0.15238
11999.87786,0.15300
11996.02062,0.15339
11992.16338,0.15349
11988.30614,0.15241
11984.44889,0.14949
11980.59165,0.14577
11976.73441,0.14441
11972.87717,0.14690
11969.01993,0.14936
11965.16269,0.14747
11961.30545,0.14428
11957.44820,0.14539
11953.59096,0.14818
11949.73372,0.14798
11945.87648,0.14787
11942.01924,0.15040
11938.16200,0.15232
11934.30476,0.15189
11930.44751,0.15106
11926.59027,0.15101
11922.73303,0.15069
11918.87579,0.15010
11915.01855,0.15031
11911.16131,0.15101
11907.30407,0.15125
11903.44683,0.15078
11899.58958,0.15006
11895.73234,0.14978
11891.87510,0.15006
11888.01786,0.14980
11884.16062,0.14810
11880.30338,0.14624
11876.44614,0.14592
11872.58889,0.14790
11868.73165,0.15102
11864.87441,0.15234
11861.01717,0.15119
11857.15993,0.14993
11853.30269,0.15038
11849.44545,0.15232
11845.58820,0.15432
11841.73096,0.15451
11837.87372,0.15218
11834.01648,0.14943
11830.15924,0.14918
11826.30200,0.15141
11822.44476,0.15266
11818.58752,0.15082
11814.73027,0.14816
11810.87303,0.14745
11807.01579,0.14767
11803.15855,0.14712
11799.30131,0.14729
11795.44407,0.14846
11791.58683,0.14865
11787.72958,0.14849
11783.87234,0.14914
11780.01510,0.14976
11776.15786,0.14992
11772.30062,0.15032
11768.44338,0.15166
11764.58614,0.15299
11760.72890,0.15269
11756.87165,0.15173
11753.01441,0.15159
11749.15717,0.15123
11745.29993,0.15010
11741.44269,0.14924
11737.58545,0.14940
11733.72821,0.15039
11729.87096,0.15066
11726.01372,0.14952
11722.15648,0.14893
11718.29924,0.14977
11714.44200,0.15094
11710.58476,0.15229
11706.72752,0.15353
11702.87027,0.15296
11699.01303,0.15078
11695.15579,0.14942
11691.29855,0.15010
11687.44131,0.15161
11683.58407,0.15187
11679.72683,0.15092
11675.86959,0.15064
11672.01234,0.15152
11668.15510,0.15208
11664.29786,0.15044
11660.44062,0.14747
11656.58338,0.14682
11652.72614,0.14953
11648.86890,0.15188
11645.01165,0.15088
11641.15441,0.14850
11637.29717,0.14720
11633.43993,0.14629
11629.58269,0.14590
11625.72545,0.14679
11621.86821,0.14744
11618.01096,0.14709
11614.15372,0.14722
11610.29648,0.14855
11606.43924,0.15001
11602.58200,0.15074
11598.72476,0.15029
11594.86752,0.14825
11591.01028,0.14661
11587.15303,0.14758
11583.29579,0.14912
11579.43855,0.14884
11575.58131,0.14823
11571.72407,0.14835
11567.86683,0.14771
11564.00959,0.14669
11560.15234,0.14748
11556.29510,0.15069
11552.43786,0.15478
11548.58062,0.15611
11544.72338,0.15341
11540.86614,0.15122
11537.00890,0.15241
11533.15166,0.15326
11529.29441,0.15039
11525.43717,0.14630
11521.57993,0.14531
11517.72269,0.14710
11513.86545,0.14837
11510.00821,0.14847
11506.15097,0.14954
11502.29372,0.15181
11498.43648,0.15223
11494.57924,0.14946
11490.72200,0.14745
11486.86476,0.14964
11483.00752,0.15289
11479.15028,0.15318
11475.29303,0.15197
11471.43579,0.15162
11467.57855,0.15145
11463.72131,0.15075
11459.86407,0.15020
11456.00683,0.15045
11452.14959,0.15172
11448.29235,0.15268
11444.43510,0.15117
11440.57786,0.14825
11436.72062,0.14751
11432.86338,0.14900
11429.00614,0.14926
11425.14890,0.14723
11421.29166,0.14546
11417.43441,0.14603
11413.57717,0.14814
11409.71993,0.14988
11405.86269,0.15052
11402.00545,0.15039
11398.14821,0.14959
11394.29097,0.14824
11390.43372,0.14715
11386.57648,0.14661
11382.71924,0.14641
11378.86200,0.14649
11375.00476,0.14624
11371.14752,0.14590
11367.29028,0.14621
11363.43304,0.14648
11359.57579,0.14668
11355.71855,0.14760
11351.86131,0.14850
11348.00407,0.14919
11344.14683,0.15020
11340.28959,0.15002
11336.43235,0.14789
11332.57510,0.14623
11328.71786,0.14686
11324.86062,0.14834
11321.00338,0.14827
11317.14614,0.14691
11313.28890,0.14657
11309.43166,0.14759
11305.57442,0.14805
11301.71717,0.14764
11297.85993,0.14763
11294.00269,0.14801
11290.14545,0.14847
11286.28821,0.14931
11282.43097,0.14977
11278.57373,0.14893
11274.71648,0.14724
11270.85924,0.14626
11267.00200,0.14668
11263.14476,0.14779
11259.28752,0.14847
11255.43028,0.14788
11251.57304,0.14698
11247.71579,0.14749
11243.85855,0.14899
11240.00131,0.15005
11236.14407,0.14972
11232.28683,0.14812
11228.42959,0.14727
11224.57235,0.14808
11220.71511,0.14840
11216.85786,0.14681
11213.00062,0.14460
11209.14338,0.14365
11205.28614,0.14427
11201.42890,0.14514
11197.57166,0.14516
11193.71442,0.14410
11189.85717,0.14306
11185.99993,0.14369
11182.14269,0.14554
11178.28545,0.14704
11174.42821,0.14747
11170.57097,0.14691
11166.71373,0.14641
11162.85648,0.14649
11158.99924,0.14596
11155.14200,0.14473
11151.28476,0.14436
11147.42752,0.14510
11143.57028,0.14611
11139.71304,0.14657
11135.85580,0.14621
11131.99855,0.14575
11128.14131,0.14530
11124.28407,0.14475
11120.42683,0.14500
11116.56959,0.14600
11112.71235,0.14674
11108.85511,0.14747
11104.99786,0.14845
11101.14062,0.14815
11097.28338,0.14594
11093.42614,0.14447
11089.56890,0.14509
11085.71166,0.14565
11081.85442,0.14542
11077.99718,0.14555
11074.13993,0.14615
11070.28269,0.14666
11066.42545,0.14684
11062.56821,0.14736
11058.71097,0.14827
11054.85373,0.14780
11050.99649,0.14612
11047.13924,0.14502
11043.28200,0.14479
11039.42476,0.14542
11035.56752,0.14652
11031.71028,0.14683
11027.85304,0.14648
11023.99580,0.14627
11020.13855,0.14595
11016.28131,0.14580
11012.42407,0.14638
11008.56683,0.14660
11004.70959,0.14596
11000.85235,0.14569
10996.99511,0.14611
10993.13787,0.14656
10989.28062,0.14661
10985.42338,0.14624
10981.56614,0.14573
10977.70890,0.14528
10973.85166,0.14506
10969.99442,0.14511
10966.13718,0.14517
10962.27993,0.14542
10958.42269,0.14609
10954.56545,0.14648
10950.70821,0.14620
10946.85097,0.14602
10942.99373,0.14611
10939.13649,0.14584
10935.27924,0.14544
10931.42200,0.14559
10927.56476,0.14573
10923.70752,0.14547
10919.85028,0.14549
10915.99304,0.14567
10912.13580,0.14534
10908.27856,0.14478
10904.42131,0.14437
10900.56407,0.14449
10896.70683,0.14518
10892.84959,0.14536
10888.99235,0.14482
10885.13511,0.14448
10881.27787,0.14420
10877.42062,0.14335
10873.56338,0.14275
10869.70614,0.14331
10865.84890,0.14423
10861.99166,0.14419
10858.13442,0.14317
10854.27718,0.14217
10850.41993,0.14172
10846.56269,0.14120
10842.70545,0.14065
10838.84821,0.14123
10834.99097,0.14310
10831.13373,0.14464
10827.27649,0.14451
10823.41925,0.14340
10819.56200,0.14309
10815.70476,0.14368
10811.84752,0.14354
10807.99028,0.14273
10804.13304,0.14252
10800.27580,0.14271
10796.41856,0.14253
10792.56131,0.14177
10788.70407,0.14100
10784.84683,0.14092
10780.98959,0.14123
10777.13235,0.14174
10773.27511,0.14234
10769.41787,0.14234
10765.56063,0.14184
10761.70338,0.14150
10757.84614,0.14159
10753.98890,0.14220
10750.13166,0.14260
10746.27442,0.14193
10742.41718,0.14101
10738.55994,0.14107
10734.70269,0.14199
10730.84545,0.14314
10726.98821,0.14383
10723.13097,0.14343
10719.27373,0.14238
10715.41649,0.14204
10711.55925,0.14288
10707.70200,0.14372
10703.84476,0.14357
10699.98752,0.14292
10696.13028,0.14220
10692.27304,0.14137
10688.41580,0.14101
10684.55856,0.14131
10680.70132,0.14180
10676.84407,0.14228
10672.98683,0.14255
10669.12959,0.14231
10665.27235,0.14193
10661.41511,0.14203
10657.55787,0.14264
10653.70063,0.14335
10649.84338,0.14372
10645.98614,0.14334
10642.12890,0.14248
10638.27166,0.14190
10634.41442,0.14186
10630.55718,0.14206
10626.69994,0.14242
10622.84269,0.14269
10618.98545,0.14242
10615.12821,0.14212
10611.27097,0.14243
10607.41373,0.14257
10603.55649,0.14193
10599.69925,0.14132
10595.84201,0.14131
10591.98476,0.14155
10588.12752,0.14164
10584.27028,0.14159
10580.41304,0.14151
10576.55580,0.14113
10572.69856,0.14068
10568.84132,0.14058
10564.98407,0.14069
10561.12683,0.14075
10557.26959,0.14040
10553.41235,0.13968
10549.55511,0.13915
10545.69787,0.13877
10541.84063,0.13854
10537.98339,0.13876
10534.12614,0.13906
10530.26890,0.13922
10526.41166,0.13936
10522.55442,0.13936
10518.69718,0.13942
10514.83994,0.13946
10510.98270,0.13902
10507.12545,0.13839
10503.26821,0.13825
10499.41097,0.13894
10495.55373,0.14006
10491.69649,0.14041
10487.83925,0.13953
10483.98201,0.13857
10480.12476,0.13865
10476.26752,0.13930
10472.41028,0.13967
10468.55304,0.13966
10464.69580,0.13911
10460.83856,0.13820
10456.98132,0.13787
10453.12408,0.13837
10449.26683,0.13898
10445.40959,0.13914
10441.55235,0.13936
10437.69511,0.13973
10433.83787,0.13936
10429.98063,0.13852
10426.12339,0.13817
10422.26614,0.13803
10418.40890,0.13781
10414.55166,0.13780
10410.69442,0.13792
10406.83718,0.13808
10402.97994,0.13821
10399.12270,0.13819
10395.26545,0.13839
10391.40821,0.13893
10387.55097,0.13924
10383.69373,0.13912
10379.83649,0.13904
10375.97925,0.13898
10372.12201,0.13849
10368.26477,0.13771
10364.40752,0.13723
10360.55028,0.13715
10356.69304,0.13716
10352.83580,0.13754
10348.97856,0.13856
10345.12132,0.13947
10341.26408,0.13945
10337.40683,0.13909
10333.54959,0.13947
10329.69235,0.14018
10325.83511,0.14003
10321.97787,0.13916
10318.12063,0.13861
10314.26339,0.13853
10310.40615,0.13820
10306.54890,0.13776
10302.69166,0.13794
10298.83442,0.13856
10294.97718,0.13884
10291.11994,0.13857
10287.26270,0.13831
10283.40546,0.13849
10279.54821,0.13900
10275.69097,0.13938
10271.83373,0.13933
10267.97649,0.13902
10264.11925,0.13878
10260.26201,0.13887
10256.40477,0.13915
10252.54752,0.13918
10248.69028,0.13883
10244.83304,0.13844
10240.97580,0.13849
10237.11856,0.13870
10233.26132,0.13870
10229.40408,0.13868
10225.54684,0.13873
10221.68959,0.13881
10217.83235,0.13894
10213.97511,0.13910
10210.11787,0.13949
10206.26063,0.13999
10202.40339,0.14001
10198.54615,0.13965
10194.68890,0.13943
10190.83166,0.13921
10186.97442,0.13874
10183.11718,0.13834
10179.25994,0.13840
10175.40270,0.13886
10171.54546,0.13932
10167.68821,0.13946
10163.83097,0.13942
10159.97373,0.13951
10156.11649,0.13956
10152.25925,0.13924
10148.40201,0.13883
10144.54477,0.13896
10140.68753,0.13977
10136.83028,0.14054
10132.97304,0.14077
10129.11580,0.14075
10125.25856,0.14064
10121.40132,0.14049
10117.54408,0.14041
10113.68684,0.14046
10109.82959,0.14063
10105.97235,0.14079
10102.11511,0.14075
10098.25787,0.14036
10094.40063,0.13963
10090.54339,0.13910
10086.68615,0.13919
10082.82891,0.13949
10078.97166,0.13947
10075.11442,0.13903
10071.25718,0.13860
10067.39994,0.13876
10063.54270,0.13929
10059.68546,0.13952
10055.82822,0.13924
10051.97097,0.13888
10048.11373,0.13893
10044.25649,0.13931
10040.39925,0.13984
10036.54201,0.14033
10032.68477,0.14023
10028.82753,0.13975
10024.97028,0.13993
10021.11304,0.14043
10017.25580,0.14038
10013.39856,0.14011
10009.54132,0.13995
10005.68408,0.13964
10001.82684,0.13916
9997.96960,0.13890
9994.11235,0.13914
9990.25511,0.13957
9986.39787,0.13989
9982.54063,0.14018
9978.68339,0.14037
9974.82615,0.14030
9970.96891,0.14003
9967.11166,0.13990
9963.25442,0.13998
9959.39718,0.14005
9955.53994,0.14006
9951.68270,0.14000
9947.82546,0.13992
9943.96822,0.14013
9940.11097,0.14040
9936.25373,0.14007
9932.39649,0.13937
9928.53925,0.13898
9924.68201,0.13904
9920.82477,0.13932
9916.96753,0.13937
9913.11029,0.13907
9909.25304,0.13874
9905.39580,0.13866
9901.53856,0.13902
9897.68132,0.13972
9893.82408,0.14021
9889.96684,0.14017
9886.10960,0.13992
9882.25235,0.13974
9878.39511,0.13938
9874.53787,0.13889
9870.68063,0.13863
9866.82339,0.13857
9862.96615,0.13876
9859.10891,0.13932
9855.25167,0.13960
9851.39442,0.13915
9847.53718,0.13869
9843.67994,0.13893
9839.82270,0.13949
9835.96546,0.13988
9832.10822,0.14006
9828.25098,0.13970
9824.39373,0.13905
9820.53649,0.13895
9816.67925,0.13933
9812.82201,0.13960
9808.96477,0.13969
9805.10753,0.13970
9801.25029,0.13947
9797.39304,0.13919
9793.53580,0.13925
9789.67856,0.13930
9785.82132,0.13899
9781.96408,0.13874
9778.10684,0.13882
9774.24960,0.13893
9770.39236,0.13897
9766.53511,0.13886
9762.67787,0.13864
9758.82063,0.13874
9754.96339,0.13896
9751.10615,0.13858
9747.24891,0.13801
9743.39167,0.13799
9739.53442,0.13814
9735.67718,0.13809
9731.81994,0.13825
9727.96270,0.13847
9724.10546,0.13842
9720.24822,0.13830
9716.39098,0.13823
9712.53373,0.13814
9708.67649,0.13804
9704.81925,0.13805
9700.96201,0.13828
9697.10477,0.13863
9693.24753,0.13875
9689.39029,0.13845
9685.53305,0.13804
9681.67580,0.13780
9677.81856,0.13763
9673.96132,0.13750
9670.10408,0.13757
9666.24684,0.13762
9662.38960,0.13731
9658.53236,0.13689
9654.67511,0.13699
9650.81787,0.13744
9646.96063,0.13757
9643.10339,0.13733
9639.24615,0.13701
9635.38891,0.13694
9631.53167,0.13717
9627.67443,0.13737
9623.81718,0.13743
9619.95994,0.13738
9616.10270,0.13709
9612.24546,0.13662
9608.38822,0.13630
9604.53098,0.13629
9600.67374,0.13647
9596.81649,0.13667
9592.95925,0.13701
9589.10201,0.13749
9585.24477,0.13759
9581.38753,0.13707
9577.53029,0.13646
9573.67305,0.13638
9569.81580,0.13663
9565.95856,0.13650
9562.10132,0.13614
9558.24408,0.13617
9554.38684,0.13649
9550.52960,0.13665
9546.67236,0.13658
9542.81512,0.13654
9538.95787,0.13660
9535.10063,0.13657
9531.24339,0.13651
9527.38615,0.13654
9523.52891,0.13655
9519.67167,0.13645
9515.81443,0.13620
9511.95718,0.13591
9508.09994,0.13582
9504.24270,0.13602
9500.38546,0.13628
9496.52822,0.13630
9492.67098,0.13608
9488.81374,0.13582
9484.95649,0.13559
9481.09925,0.13540
9477.24201,0.13536
9473.38477,0.13548
9469.52753,0.13561
9465.67029,0.13572
9461.81305,0.13590
9457.95581,0.13614
9454.09856,0.13626
9450.24132,0.13611
9446.38408,0.13586
9442.52684,0.13586
9438.66960,0.13589
9434.81236,0.13559
9430.95512,0.13537
9427.09787,0.13563
9423.24063,0.13593
9419.38339,0.13591
9415.52615,0.13571
9411.66891,0.13539
9407.81167,0.13496
9403.95443,0.13467
9400.09719,0.13461
9396.23994,0.13470
9392.38270,0.13497
9388.52546,0.13515
9384.66822,0.13517
9380.81098,0.13526
9376.95374,0.13541
9373.09650,0.13543
9369.23925,0.13536
9365.38201,0.13541
9361.52477,0.13562
9357.66753,0.13571
9353.81029,0.13553
9349.95305,0.13527
9346.09581,0.13510
9342.23856,0.13497
9338.38132,0.13496
9334.52408,0.13501
9330.66684,0.13500
9326.80960,0.13509
9322.95236,0.13527
9319.09512,0.13531
9315.23788,0.13533
9311.38063,0.13531
9307.52339,0.13508
9303.66615,0.13491
9299.80891,0.13505
9295.95167,0.13522
9292.09443,0.13522
9288.23719,0.13506
9284.37994,0.13485
9280.52270,0.13469
9276.66546,0.13460
9272.80822,0.13447
9268.95098,0.13446
9265.09374,0.13459
9261.23650,0.13453
9257.37925,0.13439
9253.52201,0.13453
9249.66477,0.13476
9245.80753,0.13481
9241.95029,0.13476
9238.09305,0.13468
9234.23581,0.13464
9230.37857,0.13478
9226.52132,0.13488
9222.66408,0.13474
9218.80684,0.13471
9214.94960,0.13484
9211.09236,0.13485
9207.23512,0.13487
9203.37788,0.13490
9199.52063,0.13462
9195.66339,0.13425
9191.80615,0.13423
9187.94891,0.13444
9184.09167,0.13471
9180.23443,0.13503
9176.37719,0.13522
9172.51995,0.13508
9168.66270,0.13471
9164.80546,0.13448
9160.94822,0.13461
9157.09098,0.13471
9153.23374,0.13456
9149.37650,0.13453
9145.51926,0.13475
9141.66201,0.13490
9137.80477,0.13494
9133.94753,0.13503
9130.09029,0.13517
9126.23305,0.13527
9122.37581,0.13536
9118.51857,0.13549
9114.66132,0.13544
9110.80408,0.13531
9106.94684,0.13545
9103.08960,0.13560
9099.23236,0.13547
9095.37512,0.13521
9091.51788,0.13500
9087.66064,0.13496
9083.80339,0.13514
9079.94615,0.13537
9076.08891,0.13551
9072.23167,0.13546
9068.37443,0.13527
9064.51719,0.13510
9060.65995,0.13503
9056.80270,0.13518
9052.94546,0.13544
9049.08822,0.13562
9045.23098,0.13579
9041.37374,0.13590
9037.51650,0.13575
9033.65926,0.13552
9029.80201,0.13551
9025.94477,0.13568
9022.08753,0.13580
9018.23029,0.13571
9014.37305,0.13560
9010.51581,0.13579
9006.65857,0.13623
9002.80133,0.13653
8998.94408,0.13663
8995.08684,0.13672
8991.22960,0.13689
8987.37236,0.13710
8983.51512,0.13724
8979.65788,0.13736
8975.80064,0.13757
8971.94339,0.13783
8968.08615,0.13811
8964.22891,0.13852
8960.37167,0.13910
8956.51443,0.13962
8952.65719,0.13987
8948.79995,0.14002
8944.94271,0.14037
8941.08546,0.14091
8937.22822,0.14152
8933.37098,0.14205
8929.51374,0.14235
8925.65650,0.14258
8921.79926,0.14300
8917.94202,0.14364
8914.08477,0.14428
8910.22753,0.14485
8906.37029,0.14548
8902.51305,0.14622
8898.65581,0.14693
8894.79857,0.14763
8890.94133,0.14838
8887.08408,0.14908
8883.22684,0.14982
8879.36960,0.15060
8875.51236,0.15120
8871.65512,0.15167
8867.79788,0.15213
8863.94064,0.15251
8860.08340,0.15283
8856.22615,0.15309
8852.36891,0.15310
8848.51167,0.15285
8844.65443,0.15248
8840.79719,0.15206
8836.93995,0.15173
8833.08271,0.15152
8829.22546,0.15106
8825.36822,0.15029
8821.51098,0.14955
8817.65374,0.14893
8813.79650,0.14837
8809.93926,0.14784
8806.08202,0.14720
8802.22477,0.14644
8798.36753,0.14568
8794.51029,0.14488
8790.65305,0.14412
8786.79581,0.14355
8782.93857,0.14308
8779.08133,0.14249
8775.22409,0.14186
8771.36684,0.14142
8767.50960,0.14120
8763.65236,0.14100
8759.79512,0.14069
8755.93788,0.14044
8752.08064,0.14037
8748.22340,0.14037
8744.36615,0.14035
8740.50891,0.14034
8736.65167,0.14033
8732.79443,0.14023
8728.93719,0.14010
8725.07995,0.14006
8721.22271,0.14011
8717.36547,0.14011
8713.50822,0.14004
8709.65098,0.13991
8705.79374,0.13989
8701.93650,0.14008
8698.07926,0.14042
8694.22202,0.14066
8690.36478,0.14070
8686.50753,0.14065
8682.65029,0.14056
8678.79305,0.14044
8674.93581,0.14039
8671.07857,0.14053
8667.22133,0.14073
8663.36409,0.14083
8659.50684,0.14100
8655.64960,0.14133
8651.79236,0.14165
8647.93512,0.14186
8644.07788,0.14194
8640.22064,0.14192
8636.36340,0.14204
8632.50616,0.14235
8628.64891,0.14266
8624.79167,0.14294
8620.93443,0.14321
8617.07719,0.14342
8613.21995,0.14360
8609.36271,0.14379
8605.50547,0.14387
8601.64822,0.14378
8597.79098,0.14377
8593.93374,0.14409
8590.07650,0.14456
8586.21926,0.14482
8582.36202,0.14482
8578.50478,0.14485
8574.64753,0.14506
8570.79029,0.14530
8566.93305,0.14552
8563.07581,0.14577
8559.21857,0.14588
8555.36133,0.14580
8551.50409,0.14578
8547.64685,0.14590
8543.78960,0.14611
8539.93236,0.14641
8536.07512,0.14667
8532.21788,0.14678
8528.36064,0.14682
8524.50340,0.14700
8520.64616,0.14728
8516.78891,0.14746
8512.93167,0.14760
8509.07443,0.14780
8505.21719,0.14797
8501.35995,0.14807
8497.50271,0.14807
8493.64547,0.14793
8489.78822,0.14781
8485.93098,0.14784
8482.07374,0.14794
8478.21650,0.14800
8474.35926,0.14794
8470.50202,0.14778
8466.64478,0.14759
8462.78754,0.14740
8458.93029,0.14724
8455.07305,0.14708
8451.21581,0.14701
8447.35857,0.14700
8443.50133,0.14680
8439.64409,0.14647
8435.78685,0.14645
8431.92960,0.14673
8428.07236,0.14694
8424.21512,0.14685
8420.35788,0.14657
8416.50064,0.14635
8412.64340,0.14636
8408.78616,0.14642
8404.92892,0.14629
8401.07167,0.14602
8397.21443,0.14578
8393.35719,0.14561
8389.49995,0.14542
8385.64271,0.14523
8381.78547,0.14511
8377.92823,0.14508
8374.07098,0.14512
8370.21374,0.14523
8366.35650,0.14530
8362.49926,0.14528
8358.64202,0.14529
8354.78478,0.14532
8350.92754,0.14526
8347.07029,0.14507
8343.21305,0.14486
8339.35581,0.14472
8335.49857,0.14464
8331.64133,0.14458
8327.78409,0.14448
8323.92685,0.14433
8320.06961,0.14429
8316.21236,0.14431
8312.35512,0.14423
8308.49788,0.14414
8304.64064,0.14417
8300.78340,0.14426
8296.92616,0.14429
8293.06892,0.14423
8289.21167,0.14408
8285.35443,0.14393
8281.49719,0.14395
8277.63995,0.14404
8273.78271,0.14401
8269.92547,0.14394
8266.06823,0.14395
8262.21098,0.14407
8258.35374,0.14422
8254.49650,0.14426
8250.63926,0.14415
8246.78202,0.14406
8242.92478,0.14410
8239.06754,0.14426
8235.21030,0.14451
8231.35305,0.14465
8227.49581,0.14459
8223.63857,0.14448
8219.78133,0.14447
8215.92409,0.14452
8212.06685,0.14455
8208.20961,0.14448
8204.35236,0.14428
8200.49512,0.14401
8196.63788,0.14382
8192.78064,0.14373
8188.92340,0.14363
8185.06616,0.14346
8181.20892,0.14328
8177.35168,0.14315
8173.49443,0.14313
8169.63719,0.14323
8165.77995,0.14330
8161.92271,0.14325
8158.06547,0.14309
8154.20823,0.14288
8150.35099,0.14276
8146.49374,0.14271
8142.63650,0.14258
8138.77926,0.14248
8134.92202,0.14248
8131.06478,0.14242
8127.20754,0.14230
8123.35030,0.14224
8119.49305,0.14226
8115.63581,0.14230
8111.77857,0.14224
8107.92133,0.14201
8104.06409,0.14167
8100.20685,0.14143
8096.34961,0.14137
8092.49237,0.14131
8088.63512,0.14115
8084.77788,0.14099
8080.92064,0.14095
8077.06340,0.14100
8073.20616,0.14092
8069.34892,0.14073
8065.49168,0.14065
8061.63443,0.14064
8057.77719,0.14055
8053.91995,0.14041
8050.06271,0.14027
8046.20547,0.14009
8042.34823,0.13999
8038.49099,0.14003
8034.63374,0.14009
8030.77650,0.14004
8026.91926,0.13991
8023.06202,0.13984
8019.20478,0.13986
8015.34754,0.13979
8011.49030,0.13969
8007.63306,0.13967
8003.77581,0.13961
7999.91857,0.13954
7996.06133,0.13951
7992.20409,0.13940
7988.34685,0.13919
7984.48961,0.13909
7980.63237,0.13913
7976.77512,0.13921
7972.91788,0.13921
7969.06064,0.13916
7965.20340,0.13909
7961.34616,0.13902
7957.48892,0.13896
7953.63168,0.13887
7949.77444,0.13883
7945.91719,0.13892
7942.05995,0.13896
7938.20271,0.13888
7934.34547,0.13877
7930.48823,0.13860
7926.63099,0.13843
7922.77375,0.13835
7918.91650,0.13835
7915.05926,0.13844
7911.20202,0.13855
7907.34478,0.13860
7903.48754,0.13872
7899.63030,0.13887
7895.77306,0.13886
7891.91581,0.13875
7888.05857,0.13878
7884.20133,0.13890
7880.34409,0.13896
7876.48685,0.13895
7872.62961,0.13888
7868.77237,0.13879
7864.91513,0.13877
7861.05788,0.13874
7857.20064,0.13859
7853.34340,0.13847
7849.48616,0.13851
7845.62892,0.13858
7841.77168,0.13851
7837.91444,0.13839
7834.05719,0.13836
7830.19995,0.13831
7826.34271,0.13815
7822.48547,0.13800
7818.62823,0.13796
7814.77099,0.13802
7810.91375,0.13811
7807.05650,0.13817
7803.19926,0.13817
7799.34202,0.13806
7795.48478,0.13785
7791.62754,0.13772
7787.77030,0.13777
7783.91306,0.13769
7780.05582,0.13737
7776.19857,0.13724
7772.34133,0.13738
7768.48409,0.13732
7764.62685,0.13709
7760.76961,0.13708
7756.91237,0.13709
7753.05513,0.13688
7749.19788,0.13668
7745.34064,0.13672
7741.48340,0.13683
7737.62616,0.13674
7733.76892,0.13651
7729.91168,0.13641
7726.05444,0.13647
7722.19720,0.13645
7718.33995,0.13631
7714.48271,0.13630
7710.62547,0.13644
7706.76823,0.13650
7702.91099,0.13635
7699.05375,0.13614
7695.19651,0.13594
7691.33926,0.13568
7687.48202,0.13552
7683.62478,0.13561
7679.76754,0.13582
7675.91030,0.13595
7672.05306,0.13593
7668.19582,0.13585
7664.33857,0.13581
7660.48133,0.13583
7656.62409,0.13591
7652.76685,0.13598
7648.90961,0.13598
7645.05237,0.13598
7641.19513,0.13597
7637.33789,0.13591
7633.48064,0.13588
7629.62340,0.13588
7625.76616,0.13590
7621.90892,0.13594
7618.05168,0.13601
7614.19444,0.13610
7610.33720,0.13619
7606.47995,0.13632
7602.62271,0.13645
7598.76547,0.13643
7594.90823,0.13633
7591.05099,0.13630
7587.19375,0.13633
7583.33651,0.13642
7579.47926,0.13657
7575.62202,0.13660
7571.76478,0.13653
7567.90754,0.13652
7564.05030,0.13655
7560.19306,0.13667
7556.33582,0.13702
7552.47858,0.13743
7548.62133,0.13766
7544.76409,0.13775
7540.90685,0.13771
7537.04961,0.13766
7533.19237,0.13779
7529.33513,0.13794
7525.47789,0.13789
7521.62064,0.13780
7517.76340,0.13791
7513.90616,0.13812
7510.04892,0.13832
7506.19168,0.13855
7502.33444,0.13877
7498.47720,0.13887
7494.61996,0.13898
7490.76271,0.13914
7486.90547,0.13925
7483.04823,0.13936
7479.19099,0.13961
7475.33375,0.13996
7471.47651,0.14025
7467.61927,0.14038
7463.76202,0.14048
7459.90478,0.14077
7456.04754,0.14124
7452.19030,0.14175
7448.33306,0.14222
7444.47582,0.14262
7440.61858,0.14306
7436.76133,0.14364
7432.90409,0.14423
7429.04685,0.14486
7425.18961,0.14557
7421.33237,0.14626
7417.47513,0.14689
7413.61789,0.14744
7409.76065,0.14789
7405.90340,0.14834
7402.04616,0.14887
7398.18892,0.14945
7394.33168,0.15008
7390.47444,0.15079
7386.61720,0.15154
7382.75996,0.15229
7378.90271,0.15300
7375.04547,0.15368
7371.18823,0.15442
7367.33099,0.15524
7363.47375,0.15594
7359.61651,0.15651
7355.75927,0.15711
7351.90202,0.15770
7348.04478,0.15813
7344.18754,0.15848
7340.33030,0.15889
7336.47306,0.15937
7332.61582,0.15986
7328.75858,0.16032
7324.90134,0.16064
7321.04409,0.16085
7317.18685,0.16100
7313.32961,0.16116
7309.47237,0.16136
7305.61513,0.16153
7301.75789,0.16160
7297.90065,0.16164
7294.04340,0.16173
7290.18616,0.16188
7286.32892,0.16210
7282.47168,0.16235
7278.61444,0.16256
7274.75720,0.16276
7270.89996,0.16297
7267.04272,0.16319
7263.18547,0.16341
7259.32823,0.16362
7255.47099,0.16387
7251.61375,0.16418
7247.75651,0.16445
7243.89927,0.16457
7240.04203,0.16460
7236.18478,0.16465
7232.32754,0.16473
7228.47030,0.16486
7224.61306,0.16500
7220.75582,0.16506
7216.89858,0.16512
7213.04134,0.16529
7209.18409,0.16546
7205.32685,0.16556
7201.46961,0.16558
7197.61237,0.16559
7193.75513,0.16565
7189.89789,0.16572
7186.04065,0.16581
7182.18341,0.16591
7178.32616,0.16611
7174.46892,0.16644
7170.61168,0.16681
7166.75444,0.16720
7162.89720,0.16765
7159.03996,0.16814
7155.18272,0.16866
7151.32547,0.16927
7147.46823,0.16997
7143.61099,0.17070
7139.75375,0.17141
7135.89651,0.17212
7132.03927,0.17283
7128.18203,0.17352
7124.32478,0.17423
7120.46754,0.17504
7116.61030,0.17591
7112.75306,0.17672
7108.89582,0.17745
7105.03858,0.17823
7101.18134,0.17918
7097.32410,0.18020
7093.46685,0.18122
7089.60961,0.18234
7085.75237,0.18353
7081.89513,0.18468
7078.03789,0.18584
7074.18065,0.18709
7070.32341,0.18844
7066.46616,0.18985
7062.60892,0.19120
7058.75168,0.19243
7054.89444,0.19365
7051.03720,0.19490
7047.17996,0.19609
7043.32272,0.19725
7039.46548,0.19846
7035.60823,0.19966
7031.75099,0.20079
7027.89375,0.20186
7024.03651,0.20287
7020.17927,0.20379
7016.32203,0.20463
7012.46479,0.20544
7008.60754,0.20622
7004.75030,0.20697
7000.89306,0.20771
6997.03582,0.20845
6993.17858,0.20918
6989.32134,0.20995
6985.46410,0.21069
6981.60685,0.21136
6977.74961,0.21198
6973.89237,0.21251
6970.03513,0.21295
6966.17789,0.21340
6962.32065,0.21392
6958.46341,0.21445
6954.60617,0.21490
6950.74892,0.21525
6946.89168,0.21559
6943.03444,0.21590
6939.17720,0.21616
6935.31996,0.21644
6931.46272,0.21683
6927.60548,0.21727
6923.74823,0.21764
6919.89099,0.21792
6916.03375,0.21822
6912.17651,0.21861
6908.31927,0.21896
6904.46203,0.21927
6900.60479,0.21956
6896.74754,0.21986
6892.89030,0.22030
6889.03306,0.22081
6885.17582,0.22124
6881.31858,0.22159
6877.46134,0.22196
6873.60410,0.22242
6869.74686,0.22295
6865.88961,0.22355
6862.03237,0.22410
6858.17513,0.22456
6854.31789,0.22503
6850.46065,0.22561
6846.60341,0.22625
6842.74617,0.22687
6838.88892,0.22751
6835.03168,0.22818
6831.17444,0.22887
6827.31720,0.22951
6823.45996,0.23012
6819.60272,0.23073
6815.74548,0.23142
6811.88824,0.23217
6808.03099,0.23292
6804.17375,0.23370
6800.31651,0.23452
6796.45927,0.23521
6792.60203,0.23587
6788.74479,0.23673
6784.88755,0.23764
6781.03030,0.23843
6777.17306,0.23917
6773.31582,0.23985
6769.45858,0.24040
6765.60134,0.24091
6761.74410,0.24142
6757.88686,0.24189
6754.02961,0.24232
6750.17237,0.24271
6746.31513,0.24301
6742.45789,0.24328
6738.60065,0.24350
6734.74341,0.24365
6730.88617,0.24376
6727.02893,0.24387
6723.17168,0.24398
6719.31444,0.24409
6715.45720,0.24420
6711.59996,0.24434
6707.74272,0.24446
6703.88548,0.24448
6700.02824,0.24439
6696.17099,0.24431
6692.31375,0.24425
6688.45651,0.24416
6684.59927,0.24404
6680.74203,0.24388
6676.88479,0.24366
6673.02755,0.24345
6669.17030,0.24322
6665.31306,0.24292
6661.45582,0.24254
6657.59858,0.24213
6653.74134,0.24180
6649.88410,0.24159
6646.02686,0.24138
6642.16962,0.24102
6638.31237,0.24048
6634.45513,0.23992
6630.59789,0.23947
6626.74065,0.23901
6622.88341,0.23849
6619.02617,0.23799
6615.16893,0.23749
6611.31168,0.23697
6607.45444,0.23649
6603.59720,0.23606
6599.73996,0.23565
6595.88272,0.23529
6592.02548,0.23502
6588.16824,0.23479
6584.31100,0.23450
6580.45375,0.23422
6576.59651,0.23402
6572.73927,0.23393
6568.88203,0.23392
6565.02479,0.23394
6561.16755,0.23392
6557.31031,0.23390
6553.45306,0.23401
6549.59582,0.23420
6545.73858,0.23437
6541.88134,0.23449
6538.02410,0.23457
6534.16686,0.23468
6530.30962,0.23483
6526.45237,0.23495
6522.59513,0.23503
6518.73789,0.23510
6514.88065,0.23520
6511.02341,0.23530
6507.16617,0.23542
6503.30893,0.23551
6499.45169,0.23555
6495.59444,0.23561
6491.73720,0.23568
6487.87996,0.23565
6484.02272,0.23554
6480.16548,0.23547
6476.30824,0.23543
6472.45100,0.23539
6468.59375,0.23532
6464.73651,0.23515
6460.87927,0.23492
6457.02203,0.23471
6453.16479,0.23455
6449.30755,0.23434
6445.45031,0.23407
6441.59306,0.23372
6437.73582,0.23332
6433.87858,0.23299
6430.02134,0.23274
6426.16410,0.23247
6422.30686,0.23217
6418.44962,0.23186
6414.59238,0.23155
6410.73513,0.23128
6406.87789,0.23105
6403.02065,0.23088
6399.16341,0.23073
6395.30617,0.23057
6391.44893,0.23040
6387.59169,0.23025
6383.73444,0.23005
6379.87720,0.22982
6376.01996,0.22963
6372.16272,0.22947
6368.30548,0.22930
6364.44824,0.22910
6360.59100,0.22892
6356.73376,0.22871
6352.87651,0.22851
6349.01927,0.22841
6345.16203,0.22844
6341.30479,0.22849
6337.44755,0.22849
6333.59031,0.22848
6329.73307,0.22846
6325.87582,0.22843
6322.01858,0.22840
6318.16134,0.22840
6314.30410,0.22838
6310.44686,0.22825
6306.58962,0.22803
6302.73238,0.22785
6298.87513,0.22769
6295.01789,0.22745
6291.16065,0.22712
6287.30341,0.22667
6283.44617,0.22608
6279.58893,0.22542
6275.73169,0.22481
6271.87445,0.22419
6268.01720,0.22358
6264.15996,0.22302
6260.30272,0.22241
6256.44548,0.22161
6252.58824,0.22084
6248.73100,0.22019
6244.87376,0.21948
6241.01651,0.21863
6237.15927,0.21776
6233.30203,0.21695
6229.44479,0.21618
6225.58755,0.21545
6221.73031,0.21484
6217.87307,0.21442
6214.01582,0.21427
6210.15858,0.21441
6206.30134,0.21480
6202.44410,0.21530
6198.58686,0.21564
6194.72962,0.21555
6190.87238,0.21490
6187.01514,0.21377
6183.15789,0.21245
6179.30065,0.21124
6175.44341,0.21030
6171.58617,0.20967
6167.72893,0.20931
6163.87169,0.20916
6160.01445,0.20922
6156.15720,0.20954
6152.29996,0.21012
6148.44272,0.21080
6144.58548,0.21129
6140.72824,0.21139
6136.87100,0.21120
6133.01376,0.21093
6129.15652,0.21084
6125.29927,0.21116
6121.44203,0.21206
6117.58479,0.21365
6113.72755,0.21597
6109.87031,0.21903
6106.01307,0.22280
6102.15583,0.22716
6098.29858,0.23188
6094.44134,0.23680
6090.58410,0.24172
6086.72686,0.24642
6082.86962,0.25082
6079.01238,0.25506
6075.15514,0.25956
6071.29789,0.26490
6067.44065,0.27136
6063.58341,0.27851
6059.72617,0.28554
6055.86893,0.29183
6052.01169,0.29724
6048.15445,0.30208
6044.29721,0.30688
6040.43996,0.31207
6036.58272,0.31789
6032.72548,0.32413
6028.86824,0.33006
6025.01100,0.33466
6021.15376,0.33706
6017.29652,0.33669
6013.43927,0.33343
6009.58203,0.32762
6005.72479,0.32008
6001.86755,0.31179
5998.01031,0.30362
5994.15307,0.29637
5990.29583,0.29067
5986.43858,0.28671
5982.58134,0.28410
5978.72410,0.28200
5974.86686,0.27937
5971.00962,0.27571
5967.15238,0.27145
5963.29514,0.26755
5959.43790,0.26463
5955.58065,0.26284
5951.72341,0.26196
5947.86617,0.26153
5944.00893,0.26085
5940.15169,0.25934
5936.29445,0.25672
5932.43721,0.25306
5928.57996,0.24874
5924.72272,0.24430
5920.86548,0.24019
5917.00824,0.23654
5913.15100,0.23350
5909.29376,0.23127
5905.43652,0.23004
5901.57927,0.22991
5897.72203,0.23083
5893.86479,0.23262
5890.00755,0.23500
5886.15031,0.23767
5882.29307,0.24029
5878.43583,0.24266
5874.57859,0.24474
5870.72134,0.24656
5866.86410,0.24802
5863.00686,0.24888
5859.14962,0.24896
5855.29238,0.24835
5851.43514,0.24738
5847.57790,0.24640
5843.72065,0.24563
5839.86341,0.24514
5836.00617,0.24488
5832.14893,0.24483
5828.29169,0.24496
5824.43445,0.24519
5820.57721,0.24542
5816.71997,0.24564
5812.86272,0.24590
5809.00548,0.24611
5805.14824,0.24612
5801.29100,0.24592
5797.43376,0.24559
5793.57652,0.24517
5789.71928,0.24474
5785.86203,0.24432
5782.00479,0.24390
5778.14755,0.24346
5774.29031,0.24292
5770.43307,0.24216
5766.57583,0.24122
5762.71859,0.24013
5758.86134,0.23881
5755.00410,0.23720
5751.14686,0.23540
5747.28962,0.23350
5743.43238,0.23157
5739.57514,0.22971
5735.71790,0.22802
5731.86066,0.22653
5728.00341,0.22535
5724.14617,0.22464
5720.28893,0.22438
5716.43169,0.22443
5712.57445,0.22461
5708.71721,0.22471
5704.85997,0.22467
5701.00272,0.22449
5697.14548,0.22418
5693.28824,0.22380
5689.43100,0.22339
5685.57376,0.22299
5681.71652,0.22264
5677.85928,0.22245
5674.00203,0.22248
5670.14479,0.22272
5666.28755,0.22311
5662.43031,0.22354
5658.57307,0.22388
5654.71583,0.22404
5650.85859,0.22390
5647.00135,0.22338
5643.14410,0.22253
5639.28686,0.22152
5635.42962,0.22046
5631.57238,0.21943
5627.71514,0.21857
5623.85790,0.21793
5620.00066,0.21747
5616.14341,0.21713
5612.28617,0.21695
5608.42893,0.21699
5604.57169,0.21717
5600.71445,0.21743
5596.85721,0.21772
5592.99997,0.21812
5589.14273,0.21862
5585.28548,0.21920
5581.42824,0.21983
5577.57100,0.22053
5573.71376,0.22121
5569.85652,0.22174
5565.99928,0.22205
5562.14204,0.22218
5558.28479,0.22219
5554.42755,0.22214
5550.57031,0.22209
5546.71307,0.22201
5542.85583,0.22191
5538.99859,0.22183
5535.14135,0.22181
5531.28410,0.22177
5527.42686,0.22164
5523.56962,0.22140
5519.71238,0.22106
5515.85514,0.22067
5511.99790,0.22034
5508.14066,0.22015
5504.28342,0.22016
5500.42617,0.22040
5496.56893,0.22086
5492.71169,0.22148
5488.85445,0.22214
5484.99721,0.22264
5481.13997,0.22288
5477.28273,0.22287
5473.42548,0.22260
5469.56824,0.22207
5465.71100,0.22136
5461.85376,0.22051
5457.99652,0.21949
5454.13928,0.21834
5450.28204,0.21709
5446.42479,0.21567
5442.56755,0.21416
5438.71031,0.21270
5434.85307,0.21132
5430.99583,0.21001
5427.13859,0.20888
5423.28135,0.20797
5419.42411,0.20730
5415.56686,0.20685
5411.70962,0.20651
5407.85238,0.20622
5403.99514,0.20601
5400.13790,0.20586
5396.28066,0.20568
5392.42342,0.20544
5388.56617,0.20524
5384.70893,0.20518
5380.85169,0.20524
5376.99445,0.20536
5373.13721,0.20555
5369.27997,0.20583
5365.42273,0.20620
5361.56549,0.20663
5357.70824,0.20705
5353.85100,0.20749
5349.99376,0.20786
5346.13652,0.20805
5342.27928,0.20809
5338.42204,0.20807
5334.56480,0.20811
5330.70755,0.20834
5326.85031,0.20881
5322.99307,0.20950
5319.13583,0.21040
5315.27859,0.21153
5311.42135,0.21287
5307.56411,0.21445
5303.70686,0.21627
5299.84962,0.21832
5295.99238,0.22078
5292.13514,0.22369
5288.27790,0.22697
5284.42066,0.23065
5280.56342,0.23486
5276.70618,0.23952
5272.84893,0.24440
5268.99169,0.24938
5265.13445,0.25434
5261.27721,0.25904
5257.41997,0.26330
5253.56273,0.26714
5249.70549,0.27057
5245.84824,0.27363
5241.99100,0.27628
5238.13376,0.27850
5234.27652,0.28041
5230.41928,0.28216
5226.56204,0.28379
5222.70480,0.28518
5218.84755,0.28628
5214.99031,0.28719
5211.13307,0.28798
5207.27583,0.28862
5203.41859,0.28911
5199.56135,0.28953
5195.70411,0.28989
5191.84687,0.29020
5187.98962,0.29046
5184.13238,0.29066
5180.27514,0.29074
5176.41790,0.29074
5172.56066,0.29074
5168.70342,0.29077
5164.84618,0.29079
5160.98893,0.29075
5157.13169,0.29068
5153.27445,0.29065
5149.41721,0.29066
5145.55997,0.29065
5141.70273,0.29065
5137.84549,0.29072
5133.98825,0.29084
5130.13100,0.29101
5126.27376,0.29116
5122.41652,0.29099
5118.55928,0.29011
5114.70204,0.28828
5110.84480,0.28567
5106.98756,0.28263
5103.13031,0.27944
5099.27307,0.27631
5095.41583,0.27338
5091.55859,0.27068
5087.70135,0.26821
5083.84411,0.26602
5079.98687,0.26412
5076.12962,0.26244
5072.27238,0.26089
5068.41514,0.25944
5064.55790,0.25805
5060.70066,0.25674
5056.84342,0.25554
5052.98618,0.25451
5049.12894,0.25361
5045.27169,0.25276
5041.41445,0.25199
5037.55721,0.25136
5033.69997,0.25079
5029.84273,0.25022
5025.98549,0.24969
5022.12825,0.24924
5018.27100,0.24884
5014.41376,0.24849
5010.55652,0.24813
5006.69928,0.24772
5002.84204,0.24728
4998.98480,0.24683
4995.12756,0.24644
4991.27031,0.24618
4987.41307,0.24605
4983.55583,0.24603
4979.69859,0.24622
4975.84135,0.24665
4971.98411,0.24728
4968.12687,0.24811
4964.26963,0.24924
4960.41238,0.25068
4956.55514,0.25231
4952.69790,0.25410
4948.84066,0.25608
4944.98342,0.25822
4941.12618,0.26041
4937.26894,0.26263
4933.41169,0.26492
4929.55445,0.26735
4925.69721,0.26994
4921.83997,0.27270
4917.98273,0.27558
4914.12549,0.27858
4910.26825,0.28172
4906.41101,0.28499
4902.55376,0.28835
4898.69652,0.29181
4894.83928,0.29538
4890.98204,0.29905
4887.12480,0.30273
4883.26756,0.30640
4879.41032,0.31010
4875.55307,0.31382
4871.69583,0.31749
4867.83859,0.32104
4863.98135,0.32439
4860.12411,0.32757
4856.26687,0.33072
4852.40963,0.33400
4848.55238,0.33756
4844.69514,0.34149
4840.83790,0.34574
4836.98066,0.35021
4833.12342,0.35475
4829.26618,0.35928
4825.40894,0.36370
4821.55170,0.36786
4817.69445,0.37171
4813.83721,0.37535
4809.97997,0.37876
4806.12273,0.38183
4802.26549,0.38453
4798.40825,0.38682
4794.55101,0.38865
4790.69376,0.38988
4786.83652,0.39052
4782.97928,0.39087
4779.12204,0.39113
4775.26480,0.39139
4771.40756,0.39180
4767.55032,0.39256
4763.69307,0.39393
4759.83583,0.39598
4755.97859,0.39851
4752.12135,0.40126
4748.26411,0.40400
4744.40687,0.40663
4740.54963,0.40919
4736.69239,0.41200
4732.83514,0.41556
4728.97790,0.42007
4725.12066,0.42492
4721.26342,0.42876
4717.40618,0.43070
4713.54894,0.43132
4709.69170,0.43228
4705.83445,0.43518
4701.97721,0.44051
4698.11997,0.44719
4694.26273,0.45289
4690.40549,0.45503
4686.54825,0.45221
4682.69101,0.44484
4678.83377,0.43466
4674.97652,0.42401
4671.11928,0.41505
4667.26204,0.40878
4663.40480,0.40489
4659.54756,0.40261
4655.69032,0.40186
4651.83308,0.40324
4647.97583,0.40724
4644.11859,0.41322
4640.26135,0.41916
4636.40411,0.42239
4632.54687,0.42059
4628.68963,0.41317
4624.83239,0.40193
4620.97514,0.38995
4617.11790,0.37978
4613.26066,0.37254
4609.40342,0.36817
4605.54618,0.36641
4601.68894,0.36731
4597.83170,0.37041
4593.97446,0.37415
4590.11721,0.37719
4586.25997,0.37958
4582.40273,0.38115
4578.54549,0.37992
4574.68825,0.37412
4570.83101,0.36481
4566.97377,0.35503
4563.11652,0.34732
4559.25928,0.34246
4555.40204,0.33987
4551.54480,0.33857
4547.68756,0.33782
4543.83032,0.33716
4539.97308,0.33654
4536.11583,0.33616
4532.25859,0.33622
4528.40135,0.33690
4524.54411,0.33827
4520.68687,0.34033
4516.82963,0.34310
4512.97239,0.34681
4509.11515,0.35186
4505.25790,0.35869
4501.40066,0.36751
4497.54342,0.37791
4493.68618,0.38862
4489.82894,0.39799
4485.97170,0.40534
4482.11446,0.41152
4478.25721,0.41823
4474.39997,0.42716
4470.54273,0.43947
4466.68549,0.45521
4462.82825,0.47189
4458.97101,0.48515
4455.11377,0.49266
4451.25653,0.49650
4447.39928,0.50033
4443.54204,0.50562
4439.68480,0.51149
4435.82756,0.51623
4431.97032,0.51807
4428.11308,0.51601
4424.25584,0.51099
4420.39859,0.50558
4416.54135,0.50221
4412.68411,0.50172
4408.82687,0.50319
4404.96963,0.50447
4401.11239,0.50367
4397.25515,0.50036
4393.39790,0.49541
4389.54066,0.49010
4385.68342,0.48542
4381.82618,0.48176
4377.96894,0.47911
4374.11170,0.47743
4370.25446,0.47692
4366.39722,0.47776
4362.53997,0.47949
4358.68273,0.48126
4354.82549,0.48275
4350.96825,0.48444
4347.11101,0.48696
4343.25377,0.49029
4339.39653,0.49370
4335.53928,0.49645
4331.68204,0.49853
4327.82480,0.50049
4323.96756,0.50275
4320.11032,0.50551
4316.25308,0.50906
4312.39584,0.51377
4308.53859,0.51953
4304.68135,0.52579
4300.82411,0.53191
4296.96687,0.53722
4293.10963,0.54101
4289.25239,0.54290
4285.39515,0.54314
4281.53791,0.54230
4277.68066,0.54091
4273.82342,0.53911
4269.96618,0.53685
4266.10894,0.53425
4262.25170,0.53181
4258.39446,0.53021
4254.53722,0.52978
4250.67997,0.53017
4246.82273,0.53061
4242.96549,0.53019
4239.10825,0.52875
4235.25101,0.52718
4231.39377,0.52605
4227.53653,0.52502
4223.67929,0.52332
4219.82204,0.52048
4215.96480,0.51691
4212.10756,0.51351
4208.25032,0.51069
4204.39308,0.50838
4200.53584,0.50655
4196.67860,0.50556
4192.82135,0.50616
4188.96411,0.50900
4185.10687,0.51381
4181.24963,0.51885
4177.39239,0.52125
4173.53515,0.51907
4169.67791,0.51304
4165.82066,0.50569
4161.96342,0.49933
4158.10618,0.49509
4154.24894,0.49307
4150.39170,0.49305
4146.53446,0.49496
4142.67722,0.49866
4138.81998,0.50357
4134.96273,0.50855
4131.10549,0.51251
4127.24825,0.51540
4123.39101,0.51828
4119.53377,0.52228
4115.67653,0.52797
4111.81929,0.53568
4107.96204,0.54582
4104.10480,0.55907
4100.24756,0.57641
4096.39032,0.59671
4092.53308,0.61361
4088.67584,0.61968
4084.81860,0.61408
4080.96135,0.60152
4077.10411,0.58722
4073.24687,0.57514
4069.38963,0.56713
4065.53239,0.56285
4061.67515,0.56122
4057.81791,0.56136
4053.96067,0.56259
4050.10342,0.56424
4046.24618,0.56578
4042.38894,0.56679
4038.53170,0.56723
4034.67446,0.56743
4030.81722,0.56769
4026.95998,0.56796
4023.10273,0.56806
4019.24549,0.56786
4015.38825,0.56717
4011.53101,0.56580
4007.67377,0.56389
4003.81653,0.56165
3999.95929,0.55912
3996.10205,0.55616
3992.24480,0.55291
3988.38756,0.54990
3984.53032,0.54759
3980.67308,0.54598
3976.81584,0.54462
3972.95860,0.54310
3969.10136,0.54115
3965.24411,0.53858
3961.38687,0.53551
3957.52963,0.53242
3953.67239,0.52950
3949.81515,0.52651
3945.95791,0.52340
3942.10067,0.52042
3938.24342,0.51786
3934.38618,0.51561
3930.52894,0.51349
3926.67170,0.51158
3922.81446,0.50978
3918.95722,0.50776
3915.09998,0.50547
3911.24274,0.50303
3907.38549,0.50019
3903.52825,0.49652
3899.67101,0.49244
3895.81377,0.48867
3891.95653,0.48523
3888.09929,0.48222
3884.24205,0.47993
3880.38480,0.47819
3876.52756,0.47642
3872.67032,0.47405
3868.81308,0.47089
3864.95584,0.46741
3861.09860,0.46423
3857.24136,0.46130
3853.38411,0.45834
3849.52687,0.45603
3845.66963,0.45446
3841.81239,0.45303
3837.95515,0.45193
3834.09791,0.45143
3830.24067,0.45126
3826.38343,0.45134
3822.52618,0.45226
3818.66894,0.45483
3814.81170,0.45842
3810.95446,0.46125
3807.09722,0.46249
3803.23998,0.46194
3799.38274,0.45978
3795.52549,0.45708
3791.66825,0.45502
3787.81101,0.45408
3783.95377,0.45432
3780.09653,0.45563
3776.23929,0.45777
3772.38205,0.46042
3768.52481,0.46360
3764.66756,0.46716
3760.81032,0.47014
3756.95308,0.47096
3753.09584,0.46865
3749.23860,0.46454
3745.38136,0.46211
3741.52412,0.46290
3737.66687,0.46611
3733.80963,0.47038
3729.95239,0.47319
3726.09515,0.47366
3722.23791,0.47363
3718.38067,0.47498
3714.52343,0.47837
3710.66618,0.48456
3706.80894,0.49341
3702.95170,0.50425
3699.09446,0.51730
3695.23722,0.53258
3691.37998,0.55180
3687.52274,0.57292
3683.66550,0.58722
3679.80825,0.59483
3675.95101,0.60266
3672.09377,0.61555
3668.23653,0.63218
3664.37929,0.64914
3660.52205,0.66567
3656.66481,0.68222
3652.80756,0.69917
3648.95032,0.71717
3645.09308,0.73419
3641.23584,0.74748
3637.37860,0.75873
3633.52136,0.76874
3629.66412,0.77820
3625.80687,0.78876
3621.94963,0.79914
3618.09239,0.80921
3614.23515,0.81748
3610.37791,0.82324
3606.52067,0.82978
3602.66343,0.83917
3598.80619,0.84970
