12493.60475,0.14957
12489.74751,0.15068
12485.89027,0.14882
12482.03303,0.14710
12478.17579,0.14612
12474.31855,0.14474
12470.46130,0.14478
12466.60406,0.14746
12462.74682,0.15035
12458.88958,0.15071
12455.03234,0.14972
12451.17510,0.15069
12447.31786,0.15337
12443.46062,0.15475
12439.60337,0.15280
12435.74613,0.14872
12431.88889,0.14611
12428.03165,0.14618
12424.17441,0.14820
12420.31717,0.15032
12416.45993,0.14967
12412.60268,0.14691
12408.74544,0.14507
12404.88820,0.14619
12401.03096,0.14955
12397.17372,0.15177
12393.31648,0.15189
12389.45924,0.15071
12385.60199,0.14873
12381.74475,0.14803
12377.88751,0.14832
12374.03027,0.14715
12370.17303,0.14633
12366.31579,0.14882
12362.45855,0.15249
12358.60131,0.15306
12354.74406,0.15176
12350.88682,0.15249
12347.02958,0.15310
12343.17234,0.15060
12339.31510,0.14864
12335.45786,0.15079
12331.60062,0.15456
12327.74337,0.15633
12323.88613,0.15521
12320.02889,0.15266
12316.17165,0.15131
12312.31441,0.15211
12308.45717,0.15325
12304.59993,0.15385
12300.74268,0.15356
12296.88544,0.15116
12293.02820,0.14852
12289.17096,0.14890
12285.31372,0.15028
12281.45648,0.14959
12277.59924,0.14896
12273.74200,0.15022
12269.88475,0.15217
12266.02751,0.15412
12262.17027,0.15477
12258.31303,0.15361
12254.45579,0.15239
12250.59855,0.15082
12246.74131,0.14855
12242.88406,0.14768
12239.02682,0.14811
12235.16958,0.14804
12231.31234,0.14823
12227.45510,0.14912
12223.59786,0.14934
12219.74062,0.14949
12215.88338,0.15102
12212.02613,0.15335
12208.16889,0.15510
12204.31165,0.15481
12200.45441,0.15246
12196.59717,0.15035
12192.73993,0.14945
12188.88269,0.14879
12185.02544,0.14875
12181.16820,0.15107
12177.31096,0.15496
12173.45372,0.15633
12169.59648,0.15434
12165.73924,0.15296
12161.88200,0.15378
12158.02475,0.15371
12154.16751,0.15060
12150.31027,0.14727
12146.45303,0.14714
12142.59579,0.14895
12138.73855,0.14935
12134.88131,0.14840
12131.02407,0.14829
12127.16682,0.14810
12123.30958,0.14649
12119.45234,0.14521
12115.59510,0.14488
12111.73786,0.14411
12107.88062,0.14269
12104.02338,0.14155
12100.16613,0.14165
12096.30889,0.14364
12092.45165,0.14586
12088.59441,0.14577
12084.73717,0.14419
12080.87993,0.14312
12077.02269,0.14289
12073.16544,0.14296
12069.30820,0.14284
12065.45096,0.14363
12061.59372,0.14619
12057.73648,0.14809
12053.87924,0.14769
12050.02200,0.14699
12046.16476,0.14627
12042.30751,0.14468
12038.45027,0.14435
12034.59303,0.14574
12030.73579,0.14704
12026.87855,0.14895
12023.02131,0.15233
12019.16407,0.15386
12015.30682,0.15108
12011.44958,0.14808
12007.59234,0.14781
12003.73510,0.14743
11999.87786,0.14604
11996.02062,0.14666
11992.16338,0.14971
11988.30614,0.15162
11984.44889,0.15058
11980.59165,0.14924
11976.73441,0.14952
11972.87717,0.15004
11969.01993,0.15026
11965.16269,0.15027
11961.30545,0.14925
11957.44820,0.14904
11953.59096,0.15061
11949.73372,0.15122
11945.87648,0.15043
11942.01924,0.15004
11938.16200,0.15079
11934.30476,0.15252
11930.44751,0.15371
11926.59027,0.15351
11922.73303,0.15264
11918.87579,0.15154
11915.01855,0.15098
11911.16131,0.15139
11907.30407,0.15196
11903.44683,0.15185
11899.58958,0.15090
11895.73234,0.15001
11891.87510,0.14947
11888.01786,0.14856
11884.16062,0.14785
11880.30338,0.14791
11876.44614,0.14805
11872.58889,0.14877
11868.73165,0.15042
11864.87441,0.15194
11861.01717,0.15289
11857.15993,0.15314
11853.30269,0.15344
11849.44545,0.15470
11845.58820,0.15591
11841.73096,0.15580
11837.87372,0.15393
11834.01648,0.15150
11830.15924,0.15066
11826.30200,0.15122
11822.44476,0.15154
11818.58752,0.15102
11814.73027,0.15058
11810.87303,0.15110
11807.01579,0.15164
11803.15855,0.15210
11799.30131,0.15344
11795.44407,0.15443
11791.58683,0.15395
11787.72958,0.15319
11783.87234,0.15289
11780.01510,0.15271
11776.15786,0.15297
11772.30062,0.15401
11768.44338,0.15525
11764.58614,0.15538
11760.72890,0.15376
11756.87165,0.15166
11753.01441,0.15063
11749.15717,0.15087
11745.29993,0.15169
11741.44269,0.15190
11737.58545,0.15162
11733.72821,0.15222
11729.87096,0.15331
11726.01372,0.15405
11722.15648,0.15504
11718.29924,0.15579
11714.44200,0.15550
11710.58476,0.15509
11706.72752,0.15502
11702.87027,0.15459
11699.01303,0.15346
11695.15579,0.15225
11691.29855,0.15179
11687.44131,0.15192
11683.58407,0.15175
11679.72683,0.15134
11675.86959,0.15108
11672.01234,0.15059
11668.15510,0.15055
11664.29786,0.15100
11660.44062,0.15074
11656.58338,0.15095
11652.72614,0.15214
11648.86890,0.15170
11645.01165,0.14951
11641.15441,0.14805
11637.29717,0.14804
11633.43993,0.14901
11629.58269,0.15001
11625.72545,0.14982
11621.86821,0.14926
11618.01096,0.14958
11614.15372,0.15009
11610.29648,0.15022
11606.43924,0.15113
11602.58200,0.15274
11598.72476,0.15197
11594.86752,0.14875
11591.01028,0.14778
11587.15303,0.15005
11583.29579,0.15154
11579.43855,0.15041
11575.58131,0.14905
11571.72407,0.14951
11567.86683,0.15023
11564.00959,0.14940
11560.15234,0.14883
11556.29510,0.15123
11552.43786,0.15520
11548.58062,0.15640
11544.72338,0.15390
11540.86614,0.15145
11537.00890,0.15146
11533.15166,0.15184
11529.29441,0.15032
11525.43717,0.14867
11521.57993,0.14970
11517.72269,0.15107
11513.86545,0.14992
11510.00821,0.14898
11506.15097,0.15029
11502.29372,0.15233
11498.43648,0.15290
11494.57924,0.15058
11490.72200,0.14828
11486.86476,0.14965
11483.00752,0.15229
11479.15028,0.15255
11475.29303,0.15149
11471.43579,0.15126
11467.57855,0.15165
11463.72131,0.15168
11459.86407,0.15179
11456.00683,0.15265
11452.14959,0.15305
11448.29235,0.15194
11444.43510,0.14946
11440.57786,0.14686
11436.72062,0.14643
11432.86338,0.14803
11429.00614,0.14875
11425.14890,0.14776
11421.29166,0.14694
11417.43441,0.14711
11413.57717,0.14763
11409.71993,0.14878
11405.86269,0.15073
11402.00545,0.15160
11398.14821,0.15041
11394.29097,0.14865
11390.43372,0.14758
11386.57648,0.14722
11382.71924,0.14696
11378.86200,0.14637
11375.00476,0.14603
11371.14752,0.14626
11367.29028,0.14658
11363.43304,0.14686
11359.57579,0.14755
11355.71855,0.14868
11351.86131,0.14925
11348.00407,0.14922
11344.14683,0.14966
11340.28959,0.15006
11336.43235,0.14909
11332.57510,0.14773
11328.71786,0.14792
11324.86062,0.14888
11321.00338,0.14862
11317.14614,0.14749
11313.28890,0.14704
11309.43166,0.14778
11305.57442,0.14904
11301.71717,0.14993
11297.85993,0.15002
11294.00269,0.14934
11290.14545,0.14864
11286.28821,0.14867
11282.43097,0.14885
11278.57373,0.14804
11274.71648,0.14673
11270.85924,0.14629
11267.00200,0.14639
11263.14476,0.14678
11259.28752,0.14802
11255.43028,0.14911
11251.57304,0.14920
11247.71579,0.14946
11243.85855,0.15066
11240.00131,0.15165
11236.14407,0.15135
11232.28683,0.15037
11228.42959,0.14958
11224.57235,0.14965
11220.71511,0.15036
11216.85786,0.14978
11213.00062,0.14745
11209.14338,0.14584
11205.28614,0.14609
11201.42890,0.14652
11197.57166,0.14613
11193.71442,0.14548
11189.85717,0.14526
11185.99993,0.14594
11182.14269,0.14698
11178.28545,0.14753
11174.42821,0.14716
11170.57097,0.14599
11166.71373,0.14543
11162.85648,0.14608
11158.99924,0.14634
11155.14200,0.14552
11151.28476,0.14445
11147.42752,0.14418
11143.57028,0.14510
11139.71304,0.14565
11135.85580,0.14500
11131.99855,0.14487
11128.14131,0.14602
11124.28407,0.14737
11120.42683,0.14782
11116.56959,0.14702
11112.71235,0.14636
11108.85511,0.14698
11104.99786,0.14756
11101.14062,0.14684
11097.28338,0.14594
11093.42614,0.14642
11089.56890,0.14778
11085.71166,0.14839
11081.85442,0.14795
11077.99718,0.14749
11074.13993,0.14763
11070.28269,0.14780
11066.42545,0.14720
11062.56821,0.14621
11058.71097,0.14568
11054.85373,0.14575
11050.99649,0.14661
11047.13924,0.14759
11043.28200,0.14741
11039.42476,0.14674
11035.56752,0.14625
11031.71028,0.14547
11027.85304,0.14513
11023.99580,0.14582
11020.13855,0.14624
11016.28131,0.14605
11012.42407,0.14649
11008.56683,0.14744
11004.70959,0.14763
11000.85235,0.14732
10996.99511,0.14775
10993.13787,0.14843
10989.28062,0.14782
10985.42338,0.14646
10981.56614,0.14603
10977.70890,0.14629
10973.85166,0.14641
10969.99442,0.14647
10966.13718,0.14639
10962.27993,0.14650
10958.42269,0.14696
10954.56545,0.14686
10950.70821,0.14620
10946.85097,0.14573
10942.99373,0.14582
10939.13649,0.14661
10935.27924,0.14780
10931.42200,0.14847
10927.56476,0.14814
10923.70752,0.14743
10919.85028,0.14702
10915.99304,0.14677
10912.13580,0.14633
10908.27856,0.14581
10904.42131,0.14555
10900.56407,0.14535
10896.70683,0.14480
10892.84959,0.14433
10888.99235,0.14458
10885.13511,0.14485
10881.27787,0.14411
10877.42062,0.14329
10873.56338,0.14348
10869.70614,0.14395
10865.84890,0.14408
10861.99166,0.14422
10858.13442,0.14404
10854.27718,0.14304
10850.41993,0.14207
10846.56269,0.14205
10842.70545,0.14265
10838.84821,0.14320
10834.99097,0.14368
10831.13373,0.14434
10827.27649,0.14453
10823.41925,0.14390
10819.56200,0.14392
10815.70476,0.14484
10811.84752,0.14475
10807.99028,0.14342
10804.13304,0.14200
10800.27580,0.14069
10796.41856,0.13992
10792.56131,0.14031
10788.70407,0.14117
10784.84683,0.14166
10780.98959,0.14204
10777.13235,0.14237
10773.27511,0.14208
10769.41787,0.14137
10765.56063,0.14106
10761.70338,0.14152
10757.84614,0.14249
10753.98890,0.14335
10750.13166,0.14360
10746.27442,0.14325
10742.41718,0.14283
10738.55994,0.14268
10734.70269,0.14280
10730.84545,0.14310
10726.98821,0.14358
10723.13097,0.14413
10719.27373,0.14432
10715.41649,0.14420
10711.55925,0.14441
10707.70200,0.14490
10703.84476,0.14469
10699.98752,0.14345
10696.13028,0.14241
10692.27304,0.14238
10688.41580,0.14269
10684.55856,0.14256
10680.70132,0.14210
10676.84407,0.14189
10672.98683,0.14219
10669.12959,0.14273
10665.27235,0.14316
10661.41511,0.14351
10657.55787,0.14368
10653.70063,0.14348
10649.84338,0.14331
10645.98614,0.14356
10642.12890,0.14365
10638.27166,0.14297
10634.41442,0.14178
10630.55718,0.14081
10626.69994,0.14074
10622.84269,0.14140
10618.98545,0.14207
10615.12821,0.14273
10611.27097,0.14345
10607.41373,0.14393
10603.55649,0.14412
10599.69925,0.14418
10595.84201,0.14430
10591.98476,0.14425
10588.12752,0.14361
10584.27028,0.14288
10580.41304,0.14257
10576.55580,0.14220
10572.69856,0.14140
10568.84132,0.14076
10564.98407,0.14061
10561.12683,0.14051
10557.26959,0.14003
10553.41235,0.13920
10549.55511,0.13874
10545.69787,0.13887
10541.84063,0.13904
10537.98339,0.13900
10534.12614,0.13869
10530.26890,0.13835
10526.41166,0.13845
10522.55442,0.13858
10518.69718,0.13861
10514.83994,0.13902
10510.98270,0.13938
10507.12545,0.13907
10503.26821,0.13876
10499.41097,0.13937
10495.55373,0.14044
10491.69649,0.14088
10487.83925,0.14058
10483.98201,0.14014
10480.12476,0.13999
10476.26752,0.14000
10472.41028,0.14001
10468.55304,0.14004
10464.69580,0.13974
10460.83856,0.13921
10456.98132,0.13920
10453.12408,0.13972
10449.26683,0.14003
10445.40959,0.13980
10441.55235,0.13949
10437.69511,0.13924
10433.83787,0.13872
10429.98063,0.13833
10426.12339,0.13852
10422.26614,0.13884
10418.40890,0.13872
10414.55166,0.13825
10410.69442,0.13767
10406.83718,0.13722
10402.97994,0.13707
10399.12270,0.13717
10395.26545,0.13768
10391.40821,0.13852
10387.55097,0.13890
10383.69373,0.13864
10379.83649,0.13829
10375.97925,0.13795
10372.12201,0.13762
10368.26477,0.13753
10364.40752,0.13768
10360.55028,0.13776
10356.69304,0.13773
10352.83580,0.13804
10348.97856,0.13870
10345.12132,0.13912
10341.26408,0.13912
10337.40683,0.13917
10333.54959,0.13965
10329.69235,0.14001
10325.83511,0.13971
10321.97787,0.13924
10318.12063,0.13921
10314.26339,0.13927
10310.40615,0.13891
10306.54890,0.13862
10302.69166,0.13899
10298.83442,0.13947
10294.97718,0.13943
10291.11994,0.13912
10287.26270,0.13920
10283.40546,0.13948
10279.54821,0.13928
10275.69097,0.13883
10271.83373,0.13877
10267.97649,0.13912
10264.11925,0.13932
10260.26201,0.13903
10256.40477,0.13852
10252.54752,0.13811
10248.69028,0.13788
10244.83304,0.13793
10240.97580,0.13822
10237.11856,0.13853
10233.26132,0.13888
10229.40408,0.13928
10225.54684,0.13925
10221.68959,0.13865
10217.83235,0.13827
10213.97511,0.13858
10210.11787,0.13916
10206.26063,0.13952
10202.40339,0.13939
10198.54615,0.13888
10194.68890,0.13852
10190.83166,0.13866
10186.97442,0.13894
10183.11718,0.13878
10179.25994,0.13829
10175.40270,0.13823
10171.54546,0.13883
10167.68821,0.13934
10163.83097,0.13925
10159.97373,0.13913
10156.11649,0.13938
10152.25925,0.13962
10148.40201,0.13982
10144.54477,0.14018
10140.68753,0.14073
10136.83028,0.14134
10132.97304,0.14153
10129.11580,0.14118
10125.25856,0.14076
10121.40132,0.14052
10117.54408,0.14057
10113.68684,0.14070
10109.82959,0.14055
10105.97235,0.14035
10102.11511,0.14037
10098.25787,0.14026
10094.40063,0.13979
10090.54339,0.13933
10086.68615,0.13934
10082.82891,0.13971
10078.97166,0.13989
10075.11442,0.13956
10071.25718,0.13912
10067.39994,0.13908
10063.54270,0.13934
10059.68546,0.13944
10055.82822,0.13916
10051.97097,0.13905
10048.11373,0.13967
10044.25649,0.14036
10040.39925,0.14037
10036.54201,0.14006
10032.68477,0.13976
10028.82753,0.13966
10024.97028,0.14003
10021.11304,0.14033
10017.25580,0.13993
10013.39856,0.13938
10009.54132,0.13943
10005.68408,0.13965
10001.82684,0.13930
9997.96960,0.13876
9994.11235,0.13865
9990.25511,0.13888
9986.39787,0.13943
9982.54063,0.14008
9978.68339,0.14027
9974.82615,0.14013
9970.96891,0.13999
9967.11166,0.14006
9963.25442,0.14046
9959.39718,0.14065
9955.53994,0.14046
9951.68270,0.14036
9947.82546,0.14068
9943.96822,0.14116
9940.11097,0.14104
9936.25373,0.14017
9932.39649,0.13948
9928.53925,0.13954
9924.68201,0.13987
9920.82477,0.13999
9916.96753,0.13985
9913.11029,0.13948
9909.25304,0.13903
9905.39580,0.13882
9901.53856,0.13908
9897.68132,0.13961
9893.82408,0.14001
9889.96684,0.14013
9886.10960,0.14019
9882.25235,0.14024
9878.39511,0.13994
9874.53787,0.13935
9870.68063,0.13893
9866.82339,0.13881
9862.96615,0.13886
9859.10891,0.13918
9855.25167,0.13976
9851.39442,0.14005
9847.53718,0.13988
9843.67994,0.13984
9839.82270,0.14017
9835.96546,0.14040
9832.10822,0.14029
9828.25098,0.13996
9824.39373,0.13960
9820.53649,0.13949
9816.67925,0.13958
9812.82201,0.13947
9808.96477,0.13907
9805.10753,0.13890
9801.25029,0.13923
9797.39304,0.13950
9793.53580,0.13921
9789.67856,0.13872
9785.82132,0.13858
9781.96408,0.13882
9778.10684,0.13910
9774.24960,0.13930
9770.39236,0.13945
9766.53511,0.13938
9762.67787,0.13916
9758.82063,0.13918
9754.96339,0.13931
9751.10615,0.13898
9747.24891,0.13842
9743.39167,0.13815
9739.53442,0.13803
9735.67718,0.13802
9731.81994,0.13815
9727.96270,0.13828
9724.10546,0.13839
9720.24822,0.13837
9716.39098,0.13821
9712.53373,0.13837
9708.67649,0.13872
9704.81925,0.13859
9700.96201,0.13829
9697.10477,0.13841
9693.24753,0.13862
9689.39029,0.13852
9685.53305,0.13816
9681.67580,0.13768
9677.81856,0.13739
9673.96132,0.13739
9670.10408,0.13731
9666.24684,0.13693
9662.38960,0.13665
9658.53236,0.13676
9654.67511,0.13717
9650.81787,0.13743
9646.96063,0.13735
9643.10339,0.13726
9639.24615,0.13728
9635.38891,0.13719
9631.53167,0.13690
9627.67443,0.13658
9623.81718,0.13660
9619.95994,0.13686
9616.10270,0.13692
9612.24546,0.13684
9608.38822,0.13688
9604.53098,0.13682
9600.67374,0.13674
9596.81649,0.13688
9592.95925,0.13707
9589.10201,0.13712
9585.24477,0.13679
9581.38753,0.13614
9577.53029,0.13581
9573.67305,0.13597
9569.81580,0.13623
9565.95856,0.13639
9562.10132,0.13640
9558.24408,0.13633
9554.38684,0.13626
9550.52960,0.13621
9546.67236,0.13623
9542.81512,0.13626
9538.95787,0.13616
9535.10063,0.13604
9531.24339,0.13600
9527.38615,0.13602
9523.52891,0.13612
9519.67167,0.13609
9515.81443,0.13573
9511.95718,0.13544
9508.09994,0.13563
9504.24270,0.13593
9500.38546,0.13596
9496.52822,0.13583
9492.67098,0.13574
9488.81374,0.13577
9484.95649,0.13573
9481.09925,0.13553
9477.24201,0.13545
9473.38477,0.13567
9469.52753,0.13588
9465.67029,0.13577
9461.81305,0.13557
9457.95581,0.13545
9454.09856,0.13522
9450.24132,0.13498
9446.38408,0.13501
9442.52684,0.13524
9438.66960,0.13538
9434.81236,0.13525
9430.95512,0.13506
9427.09787,0.13521
9423.24063,0.13560
9419.38339,0.13583
9415.52615,0.13578
9411.66891,0.13552
9407.81167,0.13514
9403.95443,0.13484
9400.09719,0.13481
9396.23994,0.13491
9392.38270,0.13488
9388.52546,0.13477
9384.66822,0.13490
9380.81098,0.13515
9376.95374,0.13509
9373.09650,0.13482
9369.23925,0.13478
9365.38201,0.13507
9361.52477,0.13540
9357.66753,0.13548
9353.81029,0.13543
9349.95305,0.13541
9346.09581,0.13534
9342.23856,0.13528
9338.38132,0.13524
9334.52408,0.13508
9330.66684,0.13484
9326.80960,0.13483
9322.95236,0.13508
9319.09512,0.13537
9315.23788,0.13548
9311.38063,0.13537
9307.52339,0.13521
9303.66615,0.13513
9299.80891,0.13500
9295.95167,0.13479
9292.09443,0.13461
9288.23719,0.13456
9284.37994,0.13467
9280.52270,0.13495
9276.66546,0.13499
9272.80822,0.13466
9268.95098,0.13456
9265.09374,0.13476
9261.23650,0.13467
9257.37925,0.13441
9253.52201,0.13430
9249.66477,0.13423
9245.80753,0.13427
9241.95029,0.13436
9238.09305,0.13430
9234.23581,0.13427
9230.37857,0.13430
9226.52132,0.13421
9222.66408,0.13409
9218.80684,0.13423
9214.94960,0.13458
9211.09236,0.13468
9207.23512,0.13453
9203.37788,0.13461
9199.52063,0.13488
9195.66339,0.13490
9191.80615,0.13465
9187.94891,0.13453
9184.09167,0.13469
9180.23443,0.13479
9176.37719,0.13471
9172.51995,0.13460
9168.66270,0.13435
9164.80546,0.13403
9160.94822,0.13396
9157.09098,0.13416
9153.23374,0.13436
9149.37650,0.13442
9145.51926,0.13444
9141.66201,0.13459
9137.80477,0.13489
9133.94753,0.13515
9130.09029,0.13526
9126.23305,0.13528
9122.37581,0.13534
9118.51857,0.13541
9114.66132,0.13532
9110.80408,0.13509
9106.94684,0.13495
9103.08960,0.13487
9099.23236,0.13484
9095.37512,0.13507
9091.51788,0.13545
9087.66064,0.13556
9083.80339,0.13553
9079.94615,0.13559
9076.08891,0.13555
9072.23167,0.13538
9068.37443,0.13526
9064.51719,0.13514
9060.65995,0.13507
9056.80270,0.13523
9052.94546,0.13552
9049.08822,0.13570
9045.23098,0.13577
9041.37374,0.13570
9037.51650,0.13539
9033.65926,0.13518
9029.80201,0.13529
9025.94477,0.13555
9022.08753,0.13572
9018.23029,0.13575
9014.37305,0.13586
9010.51581,0.13621
9006.65857,0.13656
9002.80133,0.13661
8998.94408,0.13658
8995.08684,0.13672
8991.22960,0.13694
8987.37236,0.13714
8983.51512,0.13739
8979.65788,0.13763
8975.80064,0.13780
8971.94339,0.13795
8968.08615,0.13818
8964.22891,0.13860
8960.37167,0.13912
8956.51443,0.13953
8952.65719,0.13984
8948.79995,0.14025
8944.94271,0.14070
8941.08546,0.14102
8937.22822,0.14126
8933.37098,0.14160
8929.51374,0.14213
8925.65650,0.14265
8921.79926,0.14303
8917.94202,0.14342
8914.08477,0.14397
8910.22753,0.14461
8906.37029,0.14528
8902.51305,0.14605
8898.65581,0.14703
8894.79857,0.14809
8890.94133,0.14890
8887.08408,0.14947
8883.22684,0.15017
8879.36960,0.15097
8875.51236,0.15167
8871.65512,0.15227
8867.79788,0.15273
8863.94064,0.15298
8860.08340,0.15304
8856.22615,0.15290
8852.36891,0.15269
8848.51167,0.15253
8844.65443,0.15240
8840.79719,0.15227
8836.93995,0.15206
8833.08271,0.15162
8829.22546,0.15096
8825.36822,0.15024
8821.51098,0.14965
8817.65374,0.14912
8813.79650,0.14844
8809.93926,0.14766
8806.08202,0.14690
8802.22477,0.14615
8798.36753,0.14544
8794.51029,0.14483
8790.65305,0.14430
8786.79581,0.14377
8782.93857,0.14317
8779.08133,0.14258
8775.22409,0.14205
8771.36684,0.14154
8767.50960,0.14116
8763.65236,0.14092
8759.79512,0.14065
8755.93788,0.14039
8752.08064,0.14032
8748.22340,0.14030
8744.36615,0.14015
8740.50891,0.13997
8736.65167,0.13981
8732.79443,0.13966
8728.93719,0.13959
8725.07995,0.13963
8721.22271,0.13971
8717.36547,0.13976
8713.50822,0.13985
8709.65098,0.14005
8705.79374,0.14025
8701.93650,0.14043
8698.07926,0.14060
8694.22202,0.14066
8690.36478,0.14061
8686.50753,0.14061
8682.65029,0.14066
8678.79305,0.14067
8674.93581,0.14067
8671.07857,0.14072
8667.22133,0.14072
8663.36409,0.14071
8659.50684,0.14089
8655.64960,0.14132
8651.79236,0.14175
8647.93512,0.14193
8644.07788,0.14194
8640.22064,0.14198
8636.36340,0.14213
8632.50616,0.14239
8628.64891,0.14272
8624.79167,0.14300
8620.93443,0.14316
8617.07719,0.14329
8613.21995,0.14344
8609.36271,0.14354
8605.50547,0.14357
8601.64822,0.14365
8597.79098,0.14387
8593.93374,0.14425
8590.07650,0.14467
8586.21926,0.14489
8582.36202,0.14491
8578.50478,0.14499
8574.64753,0.14522
8570.79029,0.14549
8566.93305,0.14583
8563.07581,0.14613
8559.21857,0.14614
8555.36133,0.14587
8551.50409,0.14572
8547.64685,0.14583
8543.78960,0.14610
8539.93236,0.14650
8536.07512,0.14686
8532.21788,0.14697
8528.36064,0.14697
8524.50340,0.14711
8520.64616,0.14741
8516.78891,0.14756
8512.93167,0.14747
8509.07443,0.14744
8505.21719,0.14762
8501.35995,0.14785
8497.50271,0.14801
8493.64547,0.14810
8489.78822,0.14809
8485.93098,0.14799
8482.07374,0.14791
8478.21650,0.14791
8474.35926,0.14793
8470.50202,0.14789
8466.64478,0.14785
8462.78754,0.14790
8458.93029,0.14794
8455.07305,0.14768
8451.21581,0.14728
8447.35857,0.14716
8443.50133,0.14724
8439.64409,0.14719
8435.78685,0.14703
8431.92960,0.14698
8428.07236,0.14697
8424.21512,0.14695
8420.35788,0.14692
8416.50064,0.14687
8412.64340,0.14693
8408.78616,0.14699
8404.92892,0.14678
8401.07167,0.14636
8397.21443,0.14600
8393.35719,0.14584
8389.49995,0.14576
8385.64271,0.14559
8381.78547,0.14539
8377.92823,0.14532
8374.07098,0.14534
8370.21374,0.14539
8366.35650,0.14545
8362.49926,0.14545
8358.64202,0.14534
8354.78478,0.14524
8350.92754,0.14527
8347.07029,0.14529
8343.21305,0.14522
8339.35581,0.14515
8335.49857,0.14507
8331.64133,0.14495
8327.78409,0.14479
8323.92685,0.14460
8320.06961,0.14446
8316.21236,0.14442
8312.35512,0.14444
8308.49788,0.14445
8304.64064,0.14450
8300.78340,0.14450
8296.92616,0.14443
8293.06892,0.14441
8289.21167,0.14447
8285.35443,0.14455
8281.49719,0.14457
8277.63995,0.14453
8273.78271,0.14448
8269.92547,0.14450
8266.06823,0.14460
8262.21098,0.14468
8258.35374,0.14461
8254.49650,0.14451
8250.63926,0.14456
8246.78202,0.14469
8242.92478,0.14473
8239.06754,0.14471
8235.21030,0.14475
8231.35305,0.14478
8227.49581,0.14474
8223.63857,0.14475
8219.78133,0.14485
8215.92409,0.14483
8212.06685,0.14465
8208.20961,0.14448
8204.35236,0.14437
8200.49512,0.14427
8196.63788,0.14412
8192.78064,0.14392
8188.92340,0.14372
8185.06616,0.14366
8181.20892,0.14373
8177.35168,0.14380
8173.49443,0.14378
8169.63719,0.14372
8165.77995,0.14374
8161.92271,0.14381
8158.06547,0.14373
8154.20823,0.14351
8150.35099,0.14334
8146.49374,0.14320
8142.63650,0.14300
8138.77926,0.14283
8134.92202,0.14278
8131.06478,0.14276
8127.20754,0.14270
8123.35030,0.14263
8119.49305,0.14252
8115.63581,0.14236
8111.77857,0.14215
8107.92133,0.14192
8104.06409,0.14177
8100.20685,0.14175
8096.34961,0.14174
8092.49237,0.14167
8088.63512,0.14149
8084.77788,0.14130
8080.92064,0.14123
8077.06340,0.14127
8073.20616,0.14130
8069.34892,0.14130
8065.49168,0.14123
8061.63443,0.14106
8057.77719,0.14085
8053.91995,0.14068
8050.06271,0.14049
8046.20547,0.14031
8042.34823,0.14020
8038.49099,0.14017
8034.63374,0.14023
8030.77650,0.14034
8026.91926,0.14032
8023.06202,0.14021
8019.20478,0.14021
8015.34754,0.14015
8011.49030,0.13997
8007.63306,0.13982
8003.77581,0.13975
7999.91857,0.13969
7996.06133,0.13962
7992.20409,0.13953
7988.34685,0.13952
7984.48961,0.13956
7980.63237,0.13951
7976.77512,0.13937
7972.91788,0.13922
7969.06064,0.13908
7965.20340,0.13899
7961.34616,0.13900
7957.48892,0.13906
7953.63168,0.13909
7949.77444,0.13916
7945.91719,0.13926
7942.05995,0.13923
7938.20271,0.13909
7934.34547,0.13889
7930.48823,0.13870
7926.63099,0.13864
7922.77375,0.13867
7918.91650,0.13863
7915.05926,0.13862
7911.20202,0.13873
7907.34478,0.13884
7903.48754,0.13887
7899.63030,0.13886
7895.77306,0.13887
7891.91581,0.13890
7888.05857,0.13894
7884.20133,0.13902
7880.34409,0.13910
7876.48685,0.13915
7872.62961,0.13913
7868.77237,0.13911
7864.91513,0.13920
7861.05788,0.13924
7857.20064,0.13906
7853.34340,0.13884
7849.48616,0.13880
7845.62892,0.13883
7841.77168,0.13876
7837.91444,0.13863
7834.05719,0.13853
7830.19995,0.13834
7826.34271,0.13808
7822.48547,0.13795
7818.62823,0.13803
7814.77099,0.13828
7810.91375,0.13842
7807.05650,0.13831
7803.19926,0.13820
7799.34202,0.13820
7795.48478,0.13809
7791.62754,0.13784
7787.77030,0.13771
7783.91306,0.13763
7780.05582,0.13743
7776.19857,0.13735
7772.34133,0.13740
7768.48409,0.13727
7764.62685,0.13705
7760.76961,0.13703
7756.91237,0.13710
7753.05513,0.13706
7749.19788,0.13701
7745.34064,0.13700
7741.48340,0.13694
7737.62616,0.13685
7733.76892,0.13677
7729.91168,0.13676
7726.05444,0.13674
7722.19720,0.13660
7718.33995,0.13639
7714.48271,0.13624
7710.62547,0.13629
7706.76823,0.13644
7702.91099,0.13636
7699.05375,0.13615
7695.19651,0.13600
7691.33926,0.13586
7687.48202,0.13576
7683.62478,0.13581
7679.76754,0.13593
7675.91030,0.13597
7672.05306,0.13587
7668.19582,0.13573
7664.33857,0.13575
7660.48133,0.13591
7656.62409,0.13605
7652.76685,0.13604
7648.90961,0.13589
7645.05237,0.13581
7641.19513,0.13586
7637.33789,0.13598
7633.48064,0.13611
7629.62340,0.13607
7625.76616,0.13592
7621.90892,0.13592
7618.05168,0.13605
7614.19444,0.13615
7610.33720,0.13622
7606.47995,0.13646
7602.62271,0.13675
7598.76547,0.13688
7594.90823,0.13680
7591.05099,0.13666
7587.19375,0.13655
7583.33651,0.13654
7579.47926,0.13665
7575.62202,0.13673
7571.76478,0.13671
7567.90754,0.13679
7564.05030,0.13696
7560.19306,0.13711
7556.33582,0.13728
7552.47858,0.13748
7548.62133,0.13762
7544.76409,0.13773
7540.90685,0.13777
7537.04961,0.13782
7533.19237,0.13802
7529.33513,0.13820
7525.47789,0.13817
7521.62064,0.13807
7517.76340,0.13812
7513.90616,0.13832
7510.04892,0.13854
7506.19168,0.13879
7502.33444,0.13905
7498.47720,0.13921
7494.61996,0.13930
7490.76271,0.13938
7486.90547,0.13943
7483.04823,0.13953
7479.19099,0.13979
7475.33375,0.14015
7471.47651,0.14046
7467.61927,0.14060
7463.76202,0.14072
7459.90478,0.14102
7456.04754,0.14147
7452.19030,0.14196
7448.33306,0.14246
7444.47582,0.14290
7440.61858,0.14335
7436.76133,0.14390
7432.90409,0.14456
7429.04685,0.14529
7425.18961,0.14597
7421.33237,0.14652
7417.47513,0.14701
7413.61789,0.14750
7409.76065,0.14797
7405.90340,0.14850
7402.04616,0.14919
7398.18892,0.14993
7394.33168,0.15064
7390.47444,0.15135
7386.61720,0.15204
7382.75996,0.15269
7378.90271,0.15335
7375.04547,0.15405
7371.18823,0.15476
7367.33099,0.15553
7363.47375,0.15635
7359.61651,0.15708
7355.75927,0.15766
7351.90202,0.15819
7348.04478,0.15876
7344.18754,0.15929
7340.33030,0.15968
7336.47306,0.15999
7332.61582,0.16036
7328.75858,0.16075
7324.90134,0.16106
7321.04409,0.16127
7317.18685,0.16146
7313.32961,0.16169
7309.47237,0.16192
7305.61513,0.16212
7301.75789,0.16234
7297.90065,0.16252
7294.04340,0.16261
7290.18616,0.16264
7286.32892,0.16272
7282.47168,0.16288
7278.61444,0.16309
7274.75720,0.16334
7270.89996,0.16359
7267.04272,0.16383
7263.18547,0.16411
7259.32823,0.16439
7255.47099,0.16464
7251.61375,0.16495
7247.75651,0.16525
7243.89927,0.16530
7240.04203,0.16514
7236.18478,0.16507
7232.32754,0.16521
7228.47030,0.16544
7224.61306,0.16561
7220.75582,0.16568
7216.89858,0.16576
7213.04134,0.16589
7209.18409,0.16602
7205.32685,0.16613
7201.46961,0.16617
7197.61237,0.16616
7193.75513,0.16621
7189.89789,0.16634
7186.04065,0.16658
7182.18341,0.16692
7178.32616,0.16725
7174.46892,0.16752
7170.61168,0.16780
7166.75444,0.16812
7162.89720,0.16849
7159.03996,0.16898
7155.18272,0.16956
7151.32547,0.17016
7147.46823,0.17086
7143.61099,0.17165
7139.75375,0.17244
7135.89651,0.17321
7132.03927,0.17401
7128.18203,0.17482
7124.32478,0.17559
7120.46754,0.17635
7116.61030,0.17710
7112.75306,0.17784
7108.89582,0.17865
7105.03858,0.17959
7101.18134,0.18061
7097.32410,0.18169
7093.46685,0.18282
7089.60961,0.18390
7085.75237,0.18497
7081.89513,0.18619
7078.03789,0.18749
7074.18065,0.18879
7070.32341,0.19010
7066.46616,0.19141
7062.60892,0.19267
7058.75168,0.19396
7054.89444,0.19530
7051.03720,0.19663
7047.17996,0.19792
7043.32272,0.19921
7039.46548,0.20048
7035.60823,0.20165
7031.75099,0.20273
7027.89375,0.20379
7024.03651,0.20482
7020.17927,0.20575
7016.32203,0.20660
7012.46479,0.20747
7008.60754,0.20832
7004.75030,0.20913
7000.89306,0.20989
6997.03582,0.21057
6993.17858,0.21129
6989.32134,0.21206
6985.46410,0.21277
6981.60685,0.21342
6977.74961,0.21410
6973.89237,0.21471
6970.03513,0.21522
6966.17789,0.21568
6962.32065,0.21615
6958.46341,0.21663
6954.60617,0.21710
6950.74892,0.21750
6946.89168,0.21781
6943.03444,0.21812
6939.17720,0.21852
6935.31996,0.21898
6931.46272,0.21934
6927.60548,0.21960
6923.74823,0.21990
6919.89099,0.22030
6916.03375,0.22074
6912.17651,0.22118
6908.31927,0.22151
6904.46203,0.22170
6900.60479,0.22192
6896.74754,0.22229
6892.89030,0.22274
6889.03306,0.22321
6885.17582,0.22371
6881.31858,0.22417
6877.46134,0.22458
6873.60410,0.22501
6869.74686,0.22551
6865.88961,0.22606
6862.03237,0.22664
6858.17513,0.22725
6854.31789,0.22782
6850.46065,0.22834
6846.60341,0.22890
6842.74617,0.22955
6838.88892,0.23025
6835.03168,0.23095
6831.17444,0.23163
6827.31720,0.23226
6823.45996,0.23282
6819.60272,0.23341
6815.74548,0.23413
6811.88824,0.23495
6808.03099,0.23579
6804.17375,0.23660
6800.31651,0.23737
6796.45927,0.23809
6792.60203,0.23880
6788.74479,0.23958
6784.88755,0.24038
6781.03030,0.24117
6777.17306,0.24196
6773.31582,0.24269
6769.45858,0.24336
6765.60134,0.24394
6761.74410,0.24444
6757.88686,0.24487
6754.02961,0.24525
6750.17237,0.24564
6746.31513,0.24601
6742.45789,0.24630
6738.60065,0.24650
6734.74341,0.24667
6730.88617,0.24680
6727.02893,0.24689
6723.17168,0.24700
6719.31444,0.24717
6715.45720,0.24732
6711.59996,0.24740
6707.74272,0.24744
6703.88548,0.24742
6700.02824,0.24737
6696.17099,0.24732
6692.31375,0.24721
6688.45651,0.24704
6684.59927,0.24687
6680.74203,0.24672
6676.88479,0.24657
6673.02755,0.24641
6669.17030,0.24619
6665.31306,0.24592
6661.45582,0.24561
6657.59858,0.24525
6653.74134,0.24497
6649.88410,0.24476
6646.02686,0.24444
6642.16962,0.24394
6638.31237,0.24332
6634.45513,0.24272
6630.59789,0.24223
6626.74065,0.24179
6622.88341,0.24132
6619.02617,0.24085
6615.16893,0.24039
6611.31168,0.23994
6607.45444,0.23951
6603.59720,0.23905
6599.73996,0.23856
6595.88272,0.23814
6592.02548,0.23788
6588.16824,0.23765
6584.31100,0.23735
6580.45375,0.23707
6576.59651,0.23691
6572.73927,0.23683
6568.88203,0.23681
6565.02479,0.23680
6561.16755,0.23678
6557.31031,0.23677
6553.45306,0.23682
6549.59582,0.23691
6545.73858,0.23705
6541.88134,0.23721
6538.02410,0.23736
6534.16686,0.23750
6530.30962,0.23762
6526.45237,0.23773
6522.59513,0.23789
6518.73789,0.23806
6514.88065,0.23816
6511.02341,0.23820
6507.16617,0.23828
6503.30893,0.23838
6499.45169,0.23843
6495.59444,0.23843
6491.73720,0.23844
6487.87996,0.23844
6484.02272,0.23834
6480.16548,0.23821
6476.30824,0.23812
6472.45100,0.23807
6468.59375,0.23796
6464.73651,0.23777
6460.87927,0.23759
6457.02203,0.23748
6453.16479,0.23733
6449.30755,0.23709
6445.45031,0.23680
6441.59306,0.23646
6437.73582,0.23611
6433.87858,0.23581
6430.02134,0.23554
6426.16410,0.23526
6422.30686,0.23499
6418.44962,0.23470
6414.59238,0.23438
6410.73513,0.23412
6406.87789,0.23394
6403.02065,0.23378
6399.16341,0.23354
6395.30617,0.23330
6391.44893,0.23318
6387.59169,0.23307
6383.73444,0.23284
6379.87720,0.23258
6376.01996,0.23239
6372.16272,0.23225
6368.30548,0.23209
6364.44824,0.23189
6360.59100,0.23162
6356.73376,0.23136
6352.87651,0.23119
6349.01927,0.23109
6345.16203,0.23107
6341.30479,0.23110
6337.44755,0.23112
6333.59031,0.23113
6329.73307,0.23115
6325.87582,0.23110
6322.01858,0.23101
6318.16134,0.23098
6314.30410,0.23096
6310.44686,0.23087
6306.58962,0.23072
6302.73238,0.23050
6298.87513,0.23027
6295.01789,0.23006
6291.16065,0.22980
6287.30341,0.22940
6283.44617,0.22882
6279.58893,0.22814
6275.73169,0.22749
6271.87445,0.22687
6268.01720,0.22623
6264.15996,0.22559
6260.30272,0.22494
6256.44548,0.22420
6252.58824,0.22338
6248.73100,0.22259
6244.87376,0.22183
6241.01651,0.22106
6237.15927,0.22022
6233.30203,0.21930
6229.44479,0.21842
6225.58755,0.21769
6221.73031,0.21714
6217.87307,0.21674
6214.01582,0.21655
6210.15858,0.21664
6206.30134,0.21696
6202.44410,0.21741
6198.58686,0.21774
6194.72962,0.21762
6190.87238,0.21693
6187.01514,0.21581
6183.15789,0.21451
6179.30065,0.21327
6175.44341,0.21227
6171.58617,0.21157
6167.72893,0.21115
6163.87169,0.21098
6160.01445,0.21106
6156.15720,0.21145
6152.29996,0.21211
6148.44272,0.21279
6144.58548,0.21321
6140.72824,0.21324
6136.87100,0.21297
6133.01376,0.21263
6129.15652,0.21246
6125.29927,0.21273
6121.44203,0.21361
6117.58479,0.21523
6113.72755,0.21762
6109.87031,0.22075
6106.01307,0.22454
6102.15583,0.22881
6098.29858,0.23341
6094.44134,0.23825
6090.58410,0.24313
6086.72686,0.24780
6082.86962,0.25216
6079.01238,0.25639
6075.15514,0.26092
6071.29789,0.26624
6067.44065,0.27256
6063.58341,0.27953
6059.72617,0.28646
6055.86893,0.29274
6052.01169,0.29816
6048.15445,0.30303
6044.29721,0.30785
6040.43996,0.31305
6036.58272,0.31883
6032.72548,0.32500
6028.86824,0.33077
6025.01100,0.33527
6021.15376,0.33771
6017.29652,0.33744
6013.43927,0.33421
6009.58203,0.32836
6005.72479,0.32076
6001.86755,0.31246
5998.01031,0.30433
5994.15307,0.29713
5990.29583,0.29154
5986.43858,0.28771
5982.58134,0.28515
5978.72410,0.28300
5974.86686,0.28033
5971.00962,0.27670
5967.15238,0.27253
5963.29514,0.26860
5959.43790,0.26561
5955.58065,0.26382
5951.72341,0.26301
5947.86617,0.26261
5944.00893,0.26198
5940.15169,0.26051
5936.29445,0.25784
5932.43721,0.25410
5928.57996,0.24979
5924.72272,0.24544
5920.86548,0.24140
5917.00824,0.23782
5913.15100,0.23481
5909.29376,0.23261
5905.43652,0.23136
5901.57927,0.23116
5897.72203,0.23203
5893.86479,0.23381
5890.00755,0.23620
5886.15031,0.23890
5882.29307,0.24155
5878.43583,0.24392
5874.57859,0.24605
5870.72134,0.24796
5866.86410,0.24946
5863.00686,0.25030
5859.14962,0.25035
5855.29238,0.24974
5851.43514,0.24881
5847.57790,0.24790
5843.72065,0.24712
5839.86341,0.24653
5836.00617,0.24620
5832.14893,0.24614
5828.29169,0.24630
5824.43445,0.24661
5820.57721,0.24695
5816.71997,0.24723
5812.86272,0.24743
5809.00548,0.24749
5805.14824,0.24740
5801.29100,0.24720
5797.43376,0.24689
5793.57652,0.24651
5789.71928,0.24617
5785.86203,0.24585
5782.00479,0.24544
5778.14755,0.24498
5774.29031,0.24449
5770.43307,0.24383
5766.57583,0.24287
5762.71859,0.24167
5758.86134,0.24025
5755.00410,0.23863
5751.14686,0.23685
5747.28962,0.23498
5743.43238,0.23313
5739.57514,0.23133
5735.71790,0.22961
5731.86066,0.22811
5728.00341,0.22695
5724.14617,0.22626
5720.28893,0.22603
5716.43169,0.22614
5712.57445,0.22636
5708.71721,0.22650
5704.85997,0.22648
5701.00272,0.22630
5697.14548,0.22602
5693.28824,0.22568
5689.43100,0.22526
5685.57376,0.22482
5681.71652,0.22445
5677.85928,0.22425
5674.00203,0.22429
5670.14479,0.22458
5666.28755,0.22500
5662.43031,0.22537
5658.57307,0.22565
5654.71583,0.22576
5650.85859,0.22561
5647.00135,0.22511
5643.14410,0.22431
5639.28686,0.22335
5635.42962,0.22236
5631.57238,0.22143
5627.71514,0.22062
5623.85790,0.21998
5620.00066,0.21953
5616.14341,0.21924
5612.28617,0.21898
5608.42893,0.21882
5604.57169,0.21887
5600.71445,0.21912
5596.85721,0.21950
5592.99997,0.21999
5589.14273,0.22055
5585.28548,0.22115
5581.42824,0.22177
5577.57100,0.22242
5573.71376,0.22309
5569.85652,0.22365
5565.99928,0.22400
5562.14204,0.22411
5558.28479,0.22411
5554.42755,0.22407
5550.57031,0.22402
5546.71307,0.22397
5542.85583,0.22390
5538.99859,0.22385
5535.14135,0.22381
5531.28410,0.22373
5527.42686,0.22356
5523.56962,0.22331
5519.71238,0.22298
5515.85514,0.22259
5511.99790,0.22224
5508.14066,0.22203
5504.28342,0.22203
5500.42617,0.22225
5496.56893,0.22270
5492.71169,0.22334
5488.85445,0.22403
5484.99721,0.22456
5481.13997,0.22482
5477.28273,0.22478
5473.42548,0.22446
5469.56824,0.22391
5465.71100,0.22317
5461.85376,0.22228
5457.99652,0.22128
5454.13928,0.22023
5450.28204,0.21907
5446.42479,0.21768
5442.56755,0.21612
5438.71031,0.21458
5434.85307,0.21312
5430.99583,0.21179
5427.13859,0.21065
5423.28135,0.20976
5419.42411,0.20914
5415.56686,0.20871
5411.70962,0.20835
5407.85238,0.20805
5403.99514,0.20788
5400.13790,0.20774
5396.28066,0.20752
5392.42342,0.20727
5388.56617,0.20713
5384.70893,0.20713
5380.85169,0.20721
5376.99445,0.20729
5373.13721,0.20742
5369.27997,0.20764
5365.42273,0.20796
5361.56549,0.20838
5357.70824,0.20887
5353.85100,0.20935
5349.99376,0.20975
5346.13652,0.21002
5342.27928,0.21013
5338.42204,0.21011
5334.56480,0.21016
5330.70755,0.21044
5326.85031,0.21094
5322.99307,0.21163
5319.13583,0.21257
5315.27859,0.21379
5311.42135,0.21525
5307.56411,0.21696
5303.70686,0.21891
5299.84962,0.22113
5295.99238,0.22370
5292.13514,0.22665
5288.27790,0.23003
5284.42066,0.23390
5280.56342,0.23831
5276.70618,0.24317
5272.84893,0.24831
5268.99169,0.25361
5265.13445,0.25889
5261.27721,0.26385
5257.41997,0.26823
5253.56273,0.27214
5249.70549,0.27568
5245.84824,0.27884
5241.99100,0.28160
5238.13376,0.28394
5234.27652,0.28596
5230.41928,0.28775
5226.56204,0.28935
5222.70480,0.29074
5218.84755,0.29189
5214.99031,0.29281
5211.13307,0.29358
5207.27583,0.29423
5203.41859,0.29476
5199.56135,0.29516
5195.70411,0.29547
5191.84687,0.29579
5187.98962,0.29611
5184.13238,0.29630
5180.27514,0.29637
5176.41790,0.29638
5172.56066,0.29635
5168.70342,0.29628
5164.84618,0.29622
5160.98893,0.29616
5157.13169,0.29609
5153.27445,0.29605
5149.41721,0.29601
5145.55997,0.29591
5141.70273,0.29581
5137.84549,0.29581
5133.98825,0.29586
5130.13100,0.29596
5126.27376,0.29608
5122.41652,0.29592
5118.55928,0.29500
5114.70204,0.29310
5110.84480,0.29039
5106.98756,0.28724
5103.13031,0.28404
5099.27307,0.28099
5095.41583,0.27814
5091.55859,0.27549
5087.70135,0.27306
5083.84411,0.27087
5079.98687,0.26890
5076.12962,0.26711
5072.27238,0.26550
5068.41514,0.26399
5064.55790,0.26249
5060.70066,0.26107
5056.84342,0.25986
5052.98618,0.25881
5049.12894,0.25784
5045.27169,0.25693
5041.41445,0.25615
5037.55721,0.25549
5033.69997,0.25485
5029.84273,0.25424
5025.98549,0.25370
5022.12825,0.25322
5018.27100,0.25276
5014.41376,0.25234
5010.55652,0.25195
5006.69928,0.25152
5002.84204,0.25105
4998.98480,0.25059
4995.12756,0.25016
4991.27031,0.24985
4987.41307,0.24971
4983.55583,0.24970
4979.69859,0.24981
4975.84135,0.25015
4971.98411,0.25077
4968.12687,0.25161
4964.26963,0.25270
4960.41238,0.25407
4956.55514,0.25568
4952.69790,0.25748
4948.84066,0.25947
4944.98342,0.26160
4941.12618,0.26383
4937.26894,0.26608
4933.41169,0.26839
4929.55445,0.27084
4925.69721,0.27350
4921.83997,0.27626
4917.98273,0.27911
4914.12549,0.28213
4910.26825,0.28534
4906.41101,0.28865
4902.55376,0.29203
4898.69652,0.29547
4894.83928,0.29895
4890.98204,0.30256
4887.12480,0.30634
4883.26756,0.31020
4879.41032,0.31404
4875.55307,0.31778
4871.69583,0.32139
4867.83859,0.32490
4863.98135,0.32826
4860.12411,0.33145
4856.26687,0.33463
4852.40963,0.33800
4848.55238,0.34166
4844.69514,0.34557
4840.83790,0.34975
4836.98066,0.35416
4833.12342,0.35871
4829.26618,0.36329
4825.40894,0.36779
4821.55170,0.37203
4817.69445,0.37593
4813.83721,0.37955
4809.97997,0.38295
4806.12273,0.38609
4802.26549,0.38884
4798.40825,0.39114
4794.55101,0.39294
4790.69376,0.39414
4786.83652,0.39484
4782.97928,0.39520
4779.12204,0.39544
4775.26480,0.39573
4771.40756,0.39624
4767.55032,0.39714
4763.69307,0.39856
4759.83583,0.40049
4755.97859,0.40285
4752.12135,0.40552
4748.26411,0.40827
4744.40687,0.41087
4740.54963,0.41338
4736.69239,0.41620
4732.83514,0.41976
4728.97790,0.42419
4725.12066,0.42888
4721.26342,0.43261
4717.40618,0.43451
4713.54894,0.43508
4709.69170,0.43605
4705.83445,0.43893
4701.97721,0.44413
4698.11997,0.45066
4694.26273,0.45617
4690.40549,0.45813
4686.54825,0.45523
4682.69101,0.44787
4678.83377,0.43784
4674.97652,0.42746
4671.11928,0.41869
4667.26204,0.41245
4663.40480,0.40854
4659.54756,0.40635
4655.69032,0.40563
4651.83308,0.40686
4647.97583,0.41058
4644.11859,0.41631
4640.26135,0.42213
4636.40411,0.42535
4632.54687,0.42365
4628.68963,0.41634
4624.83239,0.40518
4620.97514,0.39333
4617.11790,0.38329
4613.26066,0.37605
4609.40342,0.37165
4605.54618,0.36994
4601.68894,0.37083
4597.83170,0.37375
4593.97446,0.37729
4590.11721,0.38026
4586.25997,0.38271
4582.40273,0.38431
4578.54549,0.38304
4574.68825,0.37724
4570.83101,0.36803
4566.97377,0.35839
4563.11652,0.35077
4559.25928,0.34592
4555.40204,0.34328
4551.54480,0.34187
4547.68756,0.34101
4543.83032,0.34038
4539.97308,0.33984
4536.11583,0.33950
4532.25859,0.33959
4528.40135,0.34021
4524.54411,0.34140
4520.68687,0.34328
4516.82963,0.34603
4512.97239,0.34982
4509.11515,0.35488
4505.25790,0.36158
4501.40066,0.37018
4497.54342,0.38043
4493.68618,0.39111
4489.82894,0.40047
4485.97170,0.40769
4482.11446,0.41367
4478.25721,0.42025
4474.39997,0.42918
4470.54273,0.44156
4466.68549,0.45725
4462.82825,0.47389
4458.97101,0.48724
4455.11377,0.49482
4451.25653,0.49865
4447.39928,0.50245
4443.54204,0.50766
4439.68480,0.51342
4435.82756,0.51806
4431.97032,0.51992
4428.11308,0.51806
4424.25584,0.51330
4420.39859,0.50813
4416.54135,0.50498
4412.68411,0.50467
4408.82687,0.50614
4404.96963,0.50735
4401.11239,0.50657
4397.25515,0.50333
4393.39790,0.49853
4389.54066,0.49339
4385.68342,0.48868
4381.82618,0.48478
4377.96894,0.48197
4374.11170,0.48036
4370.25446,0.47995
4366.39722,0.48073
4362.53997,0.48236
4358.68273,0.48416
4354.82549,0.48578
4350.96825,0.48753
4347.11101,0.49000
4343.25377,0.49326
4339.39653,0.49663
4335.53928,0.49940
4331.68204,0.50152
4327.82480,0.50351
4323.96756,0.50581
4320.11032,0.50860
4316.25308,0.51220
4312.39584,0.51699
4308.53859,0.52279
4304.68135,0.52904
4300.82411,0.53506
4296.96687,0.54017
4293.10963,0.54385
4289.25239,0.54580
4285.39515,0.54608
4281.53791,0.54530
4277.68066,0.54411
4273.82342,0.54258
4269.96618,0.54044
4266.10894,0.53771
4262.25170,0.53509
4258.39446,0.53344
4254.53722,0.53308
4250.67997,0.53356
4246.82273,0.53394
4242.96549,0.53339
4239.10825,0.53190
4235.25101,0.53027
4231.39377,0.52911
4227.53653,0.52815
4223.67929,0.52662
4219.82204,0.52396
4215.96480,0.52048
4212.10756,0.51707
4208.25032,0.51424
4204.39308,0.51190
4200.53584,0.50997
4196.67860,0.50891
4192.82135,0.50957
4188.96411,0.51246
4185.10687,0.51718
4181.24963,0.52207
4177.39239,0.52443
4173.53515,0.52230
4169.67791,0.51631
4165.82066,0.50907
4161.96342,0.50288
4158.10618,0.49871
4154.24894,0.49657
4150.39170,0.49642
4146.53446,0.49835
4142.67722,0.50220
4138.81998,0.50718
4134.96273,0.51205
4131.10549,0.51587
4127.24825,0.51881
4123.39101,0.52179
4119.53377,0.52576
4115.67653,0.53142
4111.81929,0.53920
4107.96204,0.54930
4104.10480,0.56239
4100.24756,0.57966
4096.39032,0.60002
4092.53308,0.61699
4088.67584,0.62305
4084.81860,0.61740
4080.96135,0.60489
4077.10411,0.59071
4073.24687,0.57879
4069.38963,0.57107
4065.53239,0.56713
4061.67515,0.56571
4057.81791,0.56600
4053.96067,0.56742
4050.10342,0.56924
4046.24618,0.57081
4042.38894,0.57173
4038.53170,0.57212
4034.67446,0.57239
4030.81722,0.57273
4026.95998,0.57309
4023.10273,0.57328
4019.24549,0.57316
4015.38825,0.57259
4011.53101,0.57136
4007.67377,0.56951
4003.81653,0.56725
3999.95929,0.56457
3996.10205,0.56145
3992.24480,0.55822
3988.38756,0.55532
3984.53032,0.55304
3980.67308,0.55138
3976.81584,0.55000
3972.95860,0.54851
3969.10136,0.54660
3965.24411,0.54411
3961.38687,0.54112
3957.52963,0.53784
3953.67239,0.53448
3949.81515,0.53129
3945.95791,0.52841
3942.10067,0.52568
3938.24342,0.52311
3934.38618,0.52073
3930.52894,0.51854
3926.67170,0.51654
3922.81446,0.51467
3918.95722,0.51273
3915.09998,0.51056
3911.24274,0.50813
3907.38549,0.50534
3903.52825,0.50182
3899.67101,0.49781
3895.81377,0.49398
3891.95653,0.49046
3888.09929,0.48741
3884.24205,0.48512
3880.38480,0.48338
3876.52756,0.48161
3872.67032,0.47919
3868.81308,0.47605
3864.95584,0.47264
3861.09860,0.46945
3857.24136,0.46651
3853.38411,0.46362
3849.52687,0.46138
3845.66963,0.45991
3841.81239,0.45864
3837.95515,0.45761
3834.09791,0.45698
3830.24067,0.45659
3826.38343,0.45650
3822.52618,0.45742
3818.66894,0.46010
3814.81170,0.46366
3810.95446,0.46640
3807.09722,0.46771
3803.23998,0.46732
3799.38274,0.46528
3795.52549,0.46270
3791.66825,0.46068
3787.81101,0.45971
3783.95377,0.46002
3780.09653,0.46144
3776.23929,0.46346
3772.38205,0.46590
3768.52481,0.46910
3764.66756,0.47282
3760.81032,0.47586
3756.95308,0.47666
3753.09584,0.47433
3749.23860,0.47024
3745.38136,0.46788
3741.52412,0.46888
3737.66687,0.47242
3733.80963,0.47701
3729.95239,0.47982
3726.09515,0.48013
3722.23791,0.48018
3718.38067,0.48189
3714.52343,0.48573
3710.66618,0.49221
3706.80894,0.50115
3702.95170,0.51211
3699.09446,0.52535
3695.23722,0.54077
3691.37998,0.56009
3687.52274,0.58136
3683.66550,0.59616
3679.80825,0.60484
3675.95101,0.61428
3672.09377,0.62862
3668.23653,0.64588
3664.37929,0.66317
3660.52205,0.68019
3656.66481,0.69705
3652.80756,0.71371
3648.95032,0.73157
3645.09308,0.74941
3641.23584,0.76370
3637.37860,0.77572
3633.52136,0.78683
3629.66412,0.79811
3625.80687,0.80972
3621.94963,0.81883
3618.09239,0.82744
3614.23515,0.83637
3610.37791,0.84343
3606.52067,0.85032
3602.66343,0.86035
3598.80619,0.87092
