12493.60475,0.15328
12489.74751,0.15459
12485.89027,0.15699
12482.03303,0.15670
12478.17579,0.15433
12474.31855,0.15353
12470.46130,0.15446
12466.60406,0.15461
12462.74682,0.15478
12458.88958,0.15620
12455.03234,0.15746
12451.17510,0.15876
12447.31786,0.16029
12443.46062,0.16103
12439.60337,0.16236
12435.74613,0.16376
12431.88889,0.16132
12428.03165,0.15676
12424.17441,0.15603
12420.31717,0.15930
12416.45993,0.16183
12412.60268,0.16118
12408.74544,0.15967
12404.88820,0.16055
12401.03096,0.16156
12397.17372,0.15856
12393.31648,0.15431
12389.45924,0.15362
12385.60199,0.15472
12381.74475,0.15408
12377.88751,0.15411
12374.03027,0.15772
12370.17303,0.16099
12366.31579,0.15957
12362.45855,0.15541
12358.60131,0.15275
12354.74406,0.15281
12350.88682,0.15410
12347.02958,0.15566
12343.17234,0.15714
12339.31510,0.15871
12335.45786,0.16090
12331.60062,0.16215
12327.74337,0.16077
12323.88613,0.15839
12320.02889,0.15748
12316.17165,0.15874
12312.31441,0.16102
12308.45717,0.16166
12304.59993,0.15908
12300.74268,0.15592
12296.88544,0.15544
12293.02820,0.15697
12289.17096,0.15891
12285.31372,0.16056
12281.45648,0.16098
12277.59924,0.15984
12273.74200,0.15847
12269.88475,0.15767
12266.02751,0.15615
12262.17027,0.15479
12258.31303,0.15539
12254.45579,0.15618
12250.59855,0.15597
12246.74131,0.15523
12242.88406,0.15338
12239.02682,0.15141
12235.16958,0.15118
12231.31234,0.15203
12227.45510,0.15347
12223.59786,0.15689
12219.74062,0.16023
12215.88338,0.16030
12212.02613,0.15908
12208.16889,0.15877
12204.31165,0.15858
12200.45441,0.15834
12196.59717,0.15793
12192.73993,0.15650
12188.88269,0.15506
12185.02544,0.15487
12181.16820,0.15516
12177.31096,0.15561
12173.45372,0.15558
12169.59648,0.15432
12165.73924,0.15378
12161.88200,0.15489
12158.02475,0.15520
12154.16751,0.15356
12150.31027,0.15261
12146.45303,0.15410
12142.59579,0.15559
12138.73855,0.15483
12134.88131,0.15218
12131.02407,0.14990
12127.16682,0.15000
12123.30958,0.15020
12119.45234,0.14871
12115.59510,0.14865
12111.73786,0.15119
12107.88062,0.15309
12104.02338,0.15277
12100.16613,0.15259
12096.30889,0.15327
12092.45165,0.15249
12088.59441,0.15083
12084.73717,0.15137
12080.87993,0.15420
12077.02269,0.15629
12073.16544,0.15602
12069.30820,0.15534
12065.45096,0.15548
12061.59372,0.15499
12057.73648,0.15308
12053.87924,0.15087
12050.02200,0.15038
12046.16476,0.15203
12042.30751,0.15404
12038.45027,0.15574
12034.59303,0.15706
12030.73579,0.15726
12026.87855,0.15703
12023.02131,0.15757
12019.16407,0.15830
12015.30682,0.15859
12011.44958,0.15878
12007.59234,0.15901
12003.73510,0.15918
11999.87786,0.15975
11996.02062,0.16068
11992.16338,0.16084
11988.30614,0.16038
11984.44889,0.16078
11980.59165,0.16203
11976.73441,0.16258
11972.87717,0.16175
11969.01993,0.16012
11965.16269,0.15854
11961.30545,0.15815
11957.44820,0.15890
11953.59096,0.15871
11949.73372,0.15741
11945.87648,0.15711
11942.01924,0.15770
11938.16200,0.15859
11934.30476,0.15952
11930.44751,0.15975
11926.59027,0.16049
11922.73303,0.16104
11918.87579,0.15982
11915.01855,0.15915
11911.16131,0.15978
11907.30407,0.16064
11903.44683,0.16182
11899.58958,0.16232
11895.73234,0.16232
11891.87510,0.16305
11888.01786,0.16320
11884.16062,0.16197
11880.30338,0.16095
11876.44614,0.16062
11872.58889,0.15981
11868.73165,0.15833
11864.87441,0.15764
11861.01717,0.15837
11857.15993,0.15917
11853.30269,0.15993
11849.44545,0.16175
11845.58820,0.16394
11841.73096,0.16460
11837.87372,0.16369
11834.01648,0.16289
11830.15924,0.16300
11826.30200,0.16340
11822.44476,0.16282
11818.58752,0.16123
11814.73027,0.16067
11810.87303,0.16090
11807.01579,0.15963
11803.15855,0.15748
11799.30131,0.15679
11795.44407,0.15723
11791.58683,0.15724
11787.72958,0.15745
11783.87234,0.15885
11780.01510,0.16062
11776.15786,0.16173
11772.30062,0.16164
11768.44338,0.16045
11764.58614,0.15923
11760.72890,0.15868
11756.87165,0.15869
11753.01441,0.15997
11749.15717,0.16235
11745.29993,0.16335
11741.44269,0.16222
11737.58545,0.16115
11733.72821,0.16091
11729.87096,0.16053
11726.01372,0.16025
11722.15648,0.16030
11718.29924,0.16045
11714.44200,0.16107
11710.58476,0.16186
11706.72752,0.16241
11702.87027,0.16268
11699.01303,0.16157
11695.15579,0.15949
11691.29855,0.15907
11687.44131,0.15981
11683.58407,0.15974
11679.72683,0.15983
11675.86959,0.16041
11672.01234,0.16033
11668.15510,0.15897
11664.29786,0.15656
11660.44062,0.15534
11656.58338,0.15657
11652.72614,0.15826
11648.86890,0.15848
11645.01165,0.15763
11641.15441,0.15764
11637.29717,0.15869
11633.43993,0.15880
11629.58269,0.15785
11625.72545,0.15743
11621.86821,0.15735
11618.01096,0.15667
11614.15372,0.15560
11610.29648,0.15505
11606.43924,0.15607
11602.58200,0.15814
11598.72476,0.15828
11594.86752,0.15564
11591.01028,0.15446
11587.15303,0.15674
11583.29579,0.15811
11579.43855,0.15654
11575.58131,0.15540
11571.72407,0.15647
11567.86683,0.15833
11564.00959,0.15897
11560.15234,0.15778
11556.29510,0.15712
11552.43786,0.15926
11548.58062,0.16211
11544.72338,0.16194
11540.86614,0.16026
11537.00890,0.16160
11533.15166,0.16418
11529.29441,0.16279
11525.43717,0.15899
11521.57993,0.15746
11517.72269,0.15737
11513.86545,0.15643
11510.00821,0.15597
11506.15097,0.15776
11502.29372,0.16075
11498.43648,0.16185
11494.57924,0.15964
11490.72200,0.15696
11486.86476,0.15749
11483.00752,0.16004
11479.15028,0.16071
11475.29303,0.15958
11471.43579,0.15904
11467.57855,0.15939
11463.72131,0.15960
11459.86407,0.15895
11456.00683,0.15802
11452.14959,0.15801
11448.29235,0.15858
11444.43510,0.15811
11440.57786,0.15688
11436.72062,0.15748
11432.86338,0.15931
11429.00614,0.15863
11425.14890,0.15537
11421.29166,0.15382
11417.43441,0.15582
11413.57717,0.15826
11409.71993,0.15951
11405.86269,0.16044
11402.00545,0.15985
11398.14821,0.15772
11394.29097,0.15702
11390.43372,0.15874
11386.57648,0.16059
11382.71924,0.16026
11378.86200,0.15812
11375.00476,0.15542
11371.14752,0.15308
11367.29028,0.15249
11363.43304,0.15338
11359.57579,0.15487
11355.71855,0.15734
11351.86131,0.15953
11348.00407,0.15999
11344.14683,0.15937
11340.28959,0.15810
11336.43235,0.15725
11332.57510,0.15799
11328.71786,0.15906
11324.86062,0.15886
11321.00338,0.15698
11317.14614,0.15506
11313.28890,0.15559
11309.43166,0.15762
11305.57442,0.15901
11301.71717,0.15964
11297.85993,0.15897
11294.00269,0.15701
11290.14545,0.15581
11286.28821,0.15626
11282.43097,0.15673
11278.57373,0.15584
11274.71648,0.15432
11270.85924,0.15360
11267.00200,0.15357
11263.14476,0.15406
11259.28752,0.15562
11255.43028,0.15695
11251.57304,0.15678
11247.71579,0.15644
11243.85855,0.15682
11240.00131,0.15722
11236.14407,0.15739
11232.28683,0.15740
11228.42959,0.15717
11224.57235,0.15655
11220.71511,0.15517
11216.85786,0.15362
11213.00062,0.15281
11209.14338,0.15267
11205.28614,0.15301
11201.42890,0.15373
11197.57166,0.15408
11193.71442,0.15312
11189.85717,0.15194
11185.99993,0.15232
11182.14269,0.15338
11178.28545,0.15377
11174.42821,0.15371
11170.57097,0.15345
11166.71373,0.15349
11162.85648,0.15423
11158.99924,0.15453
11155.14200,0.15354
11151.28476,0.15205
11147.42752,0.15082
11143.57028,0.15058
11139.71304,0.15158
11135.85580,0.15272
11131.99855,0.15349
11128.14131,0.15413
11124.28407,0.15430
11120.42683,0.15385
11116.56959,0.15315
11112.71235,0.15315
11108.85511,0.15438
11104.99786,0.15556
11101.14062,0.15509
11097.28338,0.15379
11093.42614,0.15371
11089.56890,0.15484
11085.71166,0.15549
11081.85442,0.15488
11077.99718,0.15421
11074.13993,0.15489
11070.28269,0.15622
11066.42545,0.15707
11062.56821,0.15758
11058.71097,0.15714
11054.85373,0.15549
11050.99649,0.15433
11047.13924,0.15421
11043.28200,0.15418
11039.42476,0.15425
11035.56752,0.15419
11031.71028,0.15361
11027.85304,0.15342
11023.99580,0.15406
11020.13855,0.15494
11016.28131,0.15562
11012.42407,0.15586
11008.56683,0.15543
11004.70959,0.15431
11000.85235,0.15306
10996.99511,0.15262
10993.13787,0.15320
10989.28062,0.15406
10985.42338,0.15444
10981.56614,0.15448
10977.70890,0.15465
10973.85166,0.15484
10969.99442,0.15487
10966.13718,0.15474
10962.27993,0.15431
10958.42269,0.15392
10954.56545,0.15380
10950.70821,0.15348
10946.85097,0.15320
10942.99373,0.15372
10939.13649,0.15448
10935.27924,0.15457
10931.42200,0.15424
10927.56476,0.15399
10923.70752,0.15370
10919.85028,0.15339
10915.99304,0.15330
10912.13580,0.15337
10908.27856,0.15334
10904.42131,0.15332
10900.56407,0.15330
10896.70683,0.15288
10892.84959,0.15205
10888.99235,0.15147
10885.13511,0.15155
10881.27787,0.15167
10877.42062,0.15122
10873.56338,0.15061
10869.70614,0.15045
10865.84890,0.15067
10861.99166,0.15087
10858.13442,0.15068
10854.27718,0.15016
10850.41993,0.15022
10846.56269,0.15114
10842.70545,0.15189
10838.84821,0.15218
10834.99097,0.15218
10831.13373,0.15157
10827.27649,0.15065
10823.41925,0.15027
10819.56200,0.15087
10815.70476,0.15177
10811.84752,0.15189
10807.99028,0.15105
10804.13304,0.14998
10800.27580,0.14949
10796.41856,0.14955
10792.56131,0.14936
10788.70407,0.14876
10784.84683,0.14867
10780.98959,0.14951
10777.13235,0.15057
10773.27511,0.15110
10769.41787,0.15080
10765.56063,0.15020
10761.70338,0.15002
10757.84614,0.15023
10753.98890,0.15048
10750.13166,0.15068
10746.27442,0.15108
10742.41718,0.15134
10738.55994,0.15099
10734.70269,0.15041
10730.84545,0.14987
10726.98821,0.14955
10723.13097,0.14969
10719.27373,0.15006
10715.41649,0.15024
10711.55925,0.15007
10707.70200,0.14958
10703.84476,0.14913
10699.98752,0.14933
10696.13028,0.14987
10692.27304,0.14985
10688.41580,0.14961
10684.55856,0.14985
10680.70132,0.15033
10676.84407,0.15057
10672.98683,0.15027
10669.12959,0.14970
10665.27235,0.14973
10661.41511,0.15023
10657.55787,0.15034
10653.70063,0.15026
10649.84338,0.15039
10645.98614,0.15049
10642.12890,0.15060
10638.27166,0.15088
10634.41442,0.15100
10630.55718,0.15068
10626.69994,0.15024
10622.84269,0.15021
10618.98545,0.15025
10615.12821,0.15018
10611.27097,0.15057
10607.41373,0.15111
10603.55649,0.15103
10599.69925,0.15057
10595.84201,0.14998
10591.98476,0.14950
10588.12752,0.14941
10584.27028,0.14921
10580.41304,0.14845
10576.55580,0.14782
10572.69856,0.14781
10568.84132,0.14791
10564.98407,0.14791
10561.12683,0.14773
10557.26959,0.14721
10553.41235,0.14695
10549.55511,0.14748
10545.69787,0.14808
10541.84063,0.14785
10537.98339,0.14687
10534.12614,0.14617
10530.26890,0.14621
10526.41166,0.14626
10522.55442,0.14623
10518.69718,0.14662
10514.83994,0.14705
10510.98270,0.14694
10507.12545,0.14637
10503.26821,0.14592
10499.41097,0.14597
10495.55373,0.14628
10491.69649,0.14672
10487.83925,0.14717
10483.98201,0.14757
10480.12476,0.14793
10476.26752,0.14782
10472.41028,0.14716
10468.55304,0.14670
10464.69580,0.14673
10460.83856,0.14667
10456.98132,0.14659
10453.12408,0.14692
10449.26683,0.14728
10445.40959,0.14723
10441.55235,0.14676
10437.69511,0.14612
10433.83787,0.14568
10429.98063,0.14539
10426.12339,0.14523
10422.26614,0.14558
10418.40890,0.14598
10414.55166,0.14547
10410.69442,0.14492
10406.83718,0.14527
10402.97994,0.14556
10399.12270,0.14526
10395.26545,0.14471
10391.40821,0.14405
10387.55097,0.14378
10383.69373,0.14403
10379.83649,0.14443
10375.97925,0.14503
10372.12201,0.14564
10368.26477,0.14580
10364.40752,0.14566
10360.55028,0.14579
10356.69304,0.14630
10352.83580,0.14663
10348.97856,0.14663
10345.12132,0.14655
10341.26408,0.14628
10337.40683,0.14592
10333.54959,0.14597
10329.69235,0.14639
10325.83511,0.14663
10321.97787,0.14660
10318.12063,0.14657
10314.26339,0.14658
10310.40615,0.14647
10306.54890,0.14633
10302.69166,0.14651
10298.83442,0.14685
10294.97718,0.14687
10291.11994,0.14663
10287.26270,0.14670
10283.40546,0.14716
10279.54821,0.14722
10275.69097,0.14684
10271.83373,0.14682
10267.97649,0.14694
10264.11925,0.14667
10260.26201,0.14631
10256.40477,0.14613
10252.54752,0.14616
10248.69028,0.14650
10244.83304,0.14669
10240.97580,0.14617
10237.11856,0.14560
10233.26132,0.14585
10229.40408,0.14642
10225.54684,0.14653
10221.68959,0.14642
10217.83235,0.14648
10213.97511,0.14636
10210.11787,0.14614
10206.26063,0.14634
10202.40339,0.14673
10198.54615,0.14687
10194.68890,0.14677
10190.83166,0.14669
10186.97442,0.14656
10183.11718,0.14621
10179.25994,0.14604
10175.40270,0.14613
10171.54546,0.14614
10167.68821,0.14633
10163.83097,0.14670
10159.97373,0.14682
10156.11649,0.14662
10152.25925,0.14625
10148.40201,0.14602
10144.54477,0.14612
10140.68753,0.14671
10136.83028,0.14751
10132.97304,0.14783
10129.11580,0.14795
10125.25856,0.14834
10121.40132,0.14837
10117.54408,0.14790
10113.68684,0.14761
10109.82959,0.14754
10105.97235,0.14735
10102.11511,0.14714
10098.25787,0.14692
10094.40063,0.14627
10090.54339,0.14528
10086.68615,0.14501
10082.82891,0.14570
10078.97166,0.14619
10075.11442,0.14613
10071.25718,0.14630
10067.39994,0.14672
10063.54270,0.14669
10059.68546,0.14611
10055.82822,0.14581
10051.97097,0.14650
10048.11373,0.14747
10044.25649,0.14765
10040.39925,0.14728
10036.54201,0.14717
10032.68477,0.14738
10028.82753,0.14746
10024.97028,0.14731
10021.11304,0.14722
10017.25580,0.14695
10013.39856,0.14646
10009.54132,0.14632
10005.68408,0.14668
10001.82684,0.14688
9997.96960,0.14628
9994.11235,0.14555
9990.25511,0.14556
9986.39787,0.14604
9982.54063,0.14652
9978.68339,0.14688
9974.82615,0.14721
9970.96891,0.14749
9967.11166,0.14751
9963.25442,0.14732
9959.39718,0.14722
9955.53994,0.14730
9951.68270,0.14756
9947.82546,0.14785
9943.96822,0.14803
9940.11097,0.14829
9936.25373,0.14862
9932.39649,0.14854
9928.53925,0.14809
9924.68201,0.14788
9920.82477,0.14796
9916.96753,0.14787
9913.11029,0.14757
9909.25304,0.14726
9905.39580,0.14704
9901.53856,0.14697
9897.68132,0.14687
9893.82408,0.14667
9889.96684,0.14660
9886.10960,0.14674
9882.25235,0.14688
9878.39511,0.14674
9874.53787,0.14632
9870.68063,0.14591
9866.82339,0.14558
9862.96615,0.14530
9859.10891,0.14533
9855.25167,0.14587
9851.39442,0.14664
9847.53718,0.14730
9843.67994,0.14785
9839.82270,0.14815
9835.96546,0.14802
9832.10822,0.14766
9828.25098,0.14723
9824.39373,0.14692
9820.53649,0.14684
9816.67925,0.14666
9812.82201,0.14642
9808.96477,0.14641
9805.10753,0.14643
9801.25029,0.14644
9797.39304,0.14665
9793.53580,0.14668
9789.67856,0.14635
9785.82132,0.14598
9781.96408,0.14565
9778.10684,0.14562
9774.24960,0.14603
9770.39236,0.14637
9766.53511,0.14627
9762.67787,0.14593
9758.82063,0.14582
9754.96339,0.14604
9751.10615,0.14607
9747.24891,0.14574
9743.39167,0.14558
9739.53442,0.14562
9735.67718,0.14547
9731.81994,0.14505
9727.96270,0.14462
9724.10546,0.14469
9720.24822,0.14537
9716.39098,0.14614
9712.53373,0.14649
9708.67649,0.14644
9704.81925,0.14622
9700.96201,0.14586
9697.10477,0.14553
9693.24753,0.14551
9689.39029,0.14570
9685.53305,0.14564
9681.67580,0.14515
9677.81856,0.14462
9673.96132,0.14439
9670.10408,0.14437
9666.24684,0.14446
9662.38960,0.14456
9658.53236,0.14457
9654.67511,0.14457
9650.81787,0.14460
9646.96063,0.14457
9643.10339,0.14440
9639.24615,0.14415
9635.38891,0.14415
9631.53167,0.14452
9627.67443,0.14487
9623.81718,0.14492
9619.95994,0.14478
9616.10270,0.14437
9612.24546,0.14377
9608.38822,0.14357
9604.53098,0.14383
9600.67374,0.14392
9596.81649,0.14375
9592.95925,0.14386
9589.10201,0.14412
9585.24477,0.14393
9581.38753,0.14356
9577.53029,0.14354
9573.67305,0.14371
9569.81580,0.14377
9565.95856,0.14372
9562.10132,0.14362
9558.24408,0.14358
9554.38684,0.14380
9550.52960,0.14403
9546.67236,0.14390
9542.81512,0.14377
9538.95787,0.14382
9535.10063,0.14363
9531.24339,0.14324
9527.38615,0.14309
9523.52891,0.14318
9519.67167,0.14330
9515.81443,0.14354
9511.95718,0.14369
9508.09994,0.14348
9504.24270,0.14329
9500.38546,0.14334
9496.52822,0.14315
9492.67098,0.14276
9488.81374,0.14273
9484.95649,0.14291
9481.09925,0.14276
9477.24201,0.14232
9473.38477,0.14209
9469.52753,0.14212
9465.67029,0.14207
9461.81305,0.14191
9457.95581,0.14196
9454.09856,0.14239
9450.24132,0.14297
9446.38408,0.14344
9442.52684,0.14371
9438.66960,0.14375
9434.81236,0.14363
9430.95512,0.14344
9427.09787,0.14320
9423.24063,0.14295
9419.38339,0.14271
9415.52615,0.14257
9411.66891,0.14258
9407.81167,0.14250
9403.95443,0.14232
9400.09719,0.14223
9396.23994,0.14224
9392.38270,0.14234
9388.52546,0.14256
9384.66822,0.14278
9380.81098,0.14285
9376.95374,0.14258
9373.09650,0.14202
9369.23925,0.14164
9365.38201,0.14178
9361.52477,0.14223
9357.66753,0.14249
9353.81029,0.14230
9349.95305,0.14199
9346.09581,0.14196
9342.23856,0.14225
9338.38132,0.14263
9334.52408,0.14271
9330.66684,0.14235
9326.80960,0.14205
9322.95236,0.14216
9319.09512,0.14238
9315.23788,0.14258
9311.38063,0.14283
9307.52339,0.14299
9303.66615,0.14286
9299.80891,0.14248
9295.95167,0.14217
9292.09443,0.14216
9288.23719,0.14226
9284.37994,0.14225
9280.52270,0.14213
9276.66546,0.14202
9272.80822,0.14203
9268.95098,0.14203
9265.09374,0.14194
9261.23650,0.14174
9257.37925,0.14151
9253.52201,0.14152
9249.66477,0.14172
9245.80753,0.14168
9241.95029,0.14138
9238.09305,0.14134
9234.23581,0.14176
9230.37857,0.14218
9226.52132,0.14230
9222.66408,0.14221
9218.80684,0.14218
9214.94960,0.14230
9211.09236,0.14239
9207.23512,0.14235
9203.37788,0.14217
9199.52063,0.14192
9195.66339,0.14174
9191.80615,0.14169
9187.94891,0.14173
9184.09167,0.14179
9180.23443,0.14186
9176.37719,0.14189
9172.51995,0.14192
9168.66270,0.14210
9164.80546,0.14228
9160.94822,0.14223
9157.09098,0.14190
9153.23374,0.14156
9149.37650,0.14154
9145.51926,0.14180
9141.66201,0.14206
9137.80477,0.14218
9133.94753,0.14220
9130.09029,0.14227
9126.23305,0.14242
9122.37581,0.14260
9118.51857,0.14264
9114.66132,0.14244
9110.80408,0.14218
9106.94684,0.14214
9103.08960,0.14216
9099.23236,0.14212
9095.37512,0.14212
9091.51788,0.14219
9087.66064,0.14226
9083.80339,0.14218
9079.94615,0.14207
9076.08891,0.14217
9072.23167,0.14232
9068.37443,0.14233
9064.51719,0.14232
9060.65995,0.14241
9056.80270,0.14259
9052.94546,0.14277
9049.08822,0.14281
9045.23098,0.14264
9041.37374,0.14246
9037.51650,0.14242
9033.65926,0.14252
9029.80201,0.14266
9025.94477,0.14275
9022.08753,0.14274
9018.23029,0.14272
9014.37305,0.14288
9010.51581,0.14326
9006.65857,0.14366
9002.80133,0.14385
8998.94408,0.14382
8995.08684,0.14382
8991.22960,0.14393
8987.37236,0.14400
8983.51512,0.14410
8979.65788,0.14445
8975.80064,0.14492
8971.94339,0.14529
8968.08615,0.14563
8964.22891,0.14597
8960.37167,0.14632
8956.51443,0.14674
8952.65719,0.14703
8948.79995,0.14709
8944.94271,0.14721
8941.08546,0.14763
8937.22822,0.14823
8933.37098,0.14875
8929.51374,0.14905
8925.65650,0.14920
8921.79926,0.14956
8917.94202,0.15034
8914.08477,0.15113
8910.22753,0.15162
8906.37029,0.15214
8902.51305,0.15293
8898.65581,0.15381
8894.79857,0.15467
8890.94133,0.15557
8887.08408,0.15648
8883.22684,0.15723
8879.36960,0.15782
8875.51236,0.15829
8871.65512,0.15866
8867.79788,0.15903
8863.94064,0.15943
8860.08340,0.15981
8856.22615,0.15991
8852.36891,0.15978
8848.51167,0.15981
8844.65443,0.15985
8840.79719,0.15957
8836.93995,0.15908
8833.08271,0.15853
8829.22546,0.15798
8825.36822,0.15752
8821.51098,0.15712
8817.65374,0.15650
8813.79650,0.15562
8809.93926,0.15481
8806.08202,0.15413
8802.22477,0.15341
8798.36753,0.15272
8794.51029,0.15212
8790.65305,0.15141
8786.79581,0.15059
8782.93857,0.14998
8779.08133,0.14970
8775.22409,0.14943
8771.36684,0.14893
8767.50960,0.14838
8763.65236,0.14799
8759.79512,0.14779
8755.93788,0.14772
8752.08064,0.14761
8748.22340,0.14747
8744.36615,0.14744
8740.50891,0.14743
8736.65167,0.14722
8732.79443,0.14688
8728.93719,0.14668
8725.07995,0.14669
8721.22271,0.14681
8717.36547,0.14698
8713.50822,0.14714
8709.65098,0.14726
8705.79374,0.14746
8701.93650,0.14770
8698.07926,0.14785
8694.22202,0.14795
8690.36478,0.14803
8686.50753,0.14790
8682.65029,0.14766
8678.79305,0.14769
8674.93581,0.14810
8671.07857,0.14844
8667.22133,0.14849
8663.36409,0.14850
8659.50684,0.14870
8655.64960,0.14899
8651.79236,0.14916
8647.93512,0.14926
8644.07788,0.14943
8640.22064,0.14962
8636.36340,0.14977
8632.50616,0.14984
8628.64891,0.14985
8624.79167,0.14986
8620.93443,0.15001
8617.07719,0.15032
8613.21995,0.15067
8609.36271,0.15099
8605.50547,0.15124
8601.64822,0.15145
8597.79098,0.15167
8593.93374,0.15176
8590.07650,0.15174
8586.21926,0.15186
8582.36202,0.15215
8578.50478,0.15243
8574.64753,0.15259
8570.79029,0.15266
8566.93305,0.15272
8563.07581,0.15289
8559.21857,0.15307
8555.36133,0.15314
8551.50409,0.15316
8547.64685,0.15319
8543.78960,0.15332
8539.93236,0.15353
8536.07512,0.15371
8532.21788,0.15391
8528.36064,0.15423
8524.50340,0.15454
8520.64616,0.15484
8516.78891,0.15510
8512.93167,0.15518
8509.07443,0.15507
8505.21719,0.15500
8501.35995,0.15509
8497.50271,0.15525
8493.64547,0.15534
8489.78822,0.15534
8485.93098,0.15526
8482.07374,0.15527
8478.21650,0.15545
8474.35926,0.15563
8470.50202,0.15563
8466.64478,0.15547
8462.78754,0.15532
8458.93029,0.15527
8455.07305,0.15522
8451.21581,0.15516
8447.35857,0.15501
8443.50133,0.15470
8439.64409,0.15440
8435.78685,0.15433
8431.92960,0.15433
8428.07236,0.15428
8424.21512,0.15433
8420.35788,0.15445
8416.50064,0.15448
8412.64340,0.15442
8408.78616,0.15434
8404.92892,0.15421
8401.07167,0.15402
8397.21443,0.15384
8393.35719,0.15365
8389.49995,0.15343
8385.64271,0.15317
8381.78547,0.15301
8377.92823,0.15303
8374.07098,0.15308
8370.21374,0.15304
8366.35650,0.15297
8362.49926,0.15301
8358.64202,0.15319
8354.78478,0.15330
8350.92754,0.15324
8347.07029,0.15317
8343.21305,0.15310
8339.35581,0.15289
8335.49857,0.15260
8331.64133,0.15235
8327.78409,0.15223
8323.92685,0.15225
8320.06961,0.15226
8316.21236,0.15221
8312.35512,0.15219
8308.49788,0.15223
8304.64064,0.15228
8300.78340,0.15231
8296.92616,0.15235
8293.06892,0.15240
8289.21167,0.15237
8285.35443,0.15225
8281.49719,0.15213
8277.63995,0.15209
8273.78271,0.15217
8269.92547,0.15225
8266.06823,0.15222
8262.21098,0.15223
8258.35374,0.15233
8254.49650,0.15236
8250.63926,0.15244
8246.78202,0.15260
8242.92478,0.15271
8239.06754,0.15282
8235.21030,0.15288
8231.35305,0.15280
8227.49581,0.15272
8223.63857,0.15270
8219.78133,0.15268
8215.92409,0.15258
8212.06685,0.15238
8208.20961,0.15212
8204.35236,0.15198
8200.49512,0.15201
8196.63788,0.15205
8192.78064,0.15194
8188.92340,0.15177
8185.06616,0.15174
8181.20892,0.15177
8177.35168,0.15171
8173.49443,0.15159
8169.63719,0.15149
8165.77995,0.15140
8161.92271,0.15135
8158.06547,0.15130
8154.20823,0.15114
8150.35099,0.15098
8146.49374,0.15090
8142.63650,0.15081
8138.77926,0.15064
8134.92202,0.15042
8131.06478,0.15026
8127.20754,0.15014
8123.35030,0.15006
8119.49305,0.15011
8115.63581,0.15019
8111.77857,0.15009
8107.92133,0.14983
8104.06409,0.14966
8100.20685,0.14962
8096.34961,0.14954
8092.49237,0.14933
8088.63512,0.14910
8084.77788,0.14894
8080.92064,0.14878
8077.06340,0.14861
8073.20616,0.14858
8069.34892,0.14868
8065.49168,0.14875
8061.63443,0.14865
8057.77719,0.14843
8053.91995,0.14828
8050.06271,0.14820
8046.20547,0.14803
8042.34823,0.14784
8038.49099,0.14776
8034.63374,0.14766
8030.77650,0.14743
8026.91926,0.14724
8023.06202,0.14725
8019.20478,0.14725
8015.34754,0.14711
8011.49030,0.14703
8007.63306,0.14715
8003.77581,0.14725
7999.91857,0.14717
7996.06133,0.14703
7992.20409,0.14692
7988.34685,0.14687
7984.48961,0.14684
7980.63237,0.14683
7976.77512,0.14686
7972.91788,0.14694
7969.06064,0.14695
7965.20340,0.14688
7961.34616,0.14682
7957.48892,0.14673
7953.63168,0.14659
7949.77444,0.14651
7945.91719,0.14650
7942.05995,0.14647
7938.20271,0.14640
7934.34547,0.14627
7930.48823,0.14614
7926.63099,0.14602
7922.77375,0.14598
7918.91650,0.14609
7915.05926,0.14619
7911.20202,0.14608
7907.34478,0.14597
7903.48754,0.14606
7899.63030,0.14624
7895.77306,0.14635
7891.91581,0.14636
7888.05857,0.14631
7884.20133,0.14629
7880.34409,0.14643
7876.48685,0.14660
7872.62961,0.14666
7868.77237,0.14668
7864.91513,0.14669
7861.05788,0.14659
7857.20064,0.14636
7853.34340,0.14626
7849.48616,0.14633
7845.62892,0.14622
7841.77168,0.14589
7837.91444,0.14575
7834.05719,0.14589
7830.19995,0.14594
7826.34271,0.14584
7822.48547,0.14571
7818.62823,0.14559
7814.77099,0.14555
7810.91375,0.14567
7807.05650,0.14579
7803.19926,0.14575
7799.34202,0.14562
7795.48478,0.14543
7791.62754,0.14525
7787.77030,0.14524
7783.91306,0.14518
7780.05582,0.14485
7776.19857,0.14458
7772.34133,0.14453
7768.48409,0.14445
7764.62685,0.14434
7760.76961,0.14438
7756.91237,0.14450
7753.05513,0.14449
7749.19788,0.14443
7745.34064,0.14443
7741.48340,0.14430
7737.62616,0.14405
7733.76892,0.14386
7729.91168,0.14375
7726.05444,0.14363
7722.19720,0.14345
7718.33995,0.14324
7714.48271,0.14323
7710.62547,0.14355
7706.76823,0.14384
7702.91099,0.14375
7699.05375,0.14348
7695.19651,0.14325
7691.33926,0.14301
7687.48202,0.14284
7683.62478,0.14291
7679.76754,0.14313
7675.91030,0.14325
7672.05306,0.14315
7668.19582,0.14296
7664.33857,0.14291
7660.48133,0.14302
7656.62409,0.14313
7652.76685,0.14321
7648.90961,0.14332
7645.05237,0.14344
7641.19513,0.14348
7637.33789,0.14341
7633.48064,0.14331
7629.62340,0.14317
7625.76616,0.14299
7621.90892,0.14292
7618.05168,0.14305
7614.19444,0.14323
7610.33720,0.14342
7606.47995,0.14369
7602.62271,0.14389
7598.76547,0.14385
7594.90823,0.14370
7591.05099,0.14361
7587.19375,0.14358
7583.33651,0.14359
7579.47926,0.14363
7575.62202,0.14365
7571.76478,0.14371
7567.90754,0.14383
7564.05030,0.14392
7560.19306,0.14406
7556.33582,0.14429
7552.47858,0.14453
7548.62133,0.14473
7544.76409,0.14493
7540.90685,0.14496
7537.04961,0.14488
7533.19237,0.14498
7529.33513,0.14516
7525.47789,0.14524
7521.62064,0.14530
7517.76340,0.14540
7513.90616,0.14554
7510.04892,0.14575
7506.19168,0.14594
7502.33444,0.14605
7498.47720,0.14613
7494.61996,0.14631
7490.76271,0.14655
7486.90547,0.14673
7483.04823,0.14690
7479.19099,0.14714
7475.33375,0.14736
7471.47651,0.14757
7467.61927,0.14784
7463.76202,0.14817
7459.90478,0.14856
7456.04754,0.14901
7452.19030,0.14952
7448.33306,0.15004
7444.47582,0.15047
7440.61858,0.15093
7436.76133,0.15150
7432.90409,0.15217
7429.04685,0.15286
7425.18961,0.15352
7421.33237,0.15408
7417.47513,0.15457
7413.61789,0.15507
7409.76065,0.15561
7405.90340,0.15623
7402.04616,0.15692
7398.18892,0.15762
7394.33168,0.15827
7390.47444,0.15889
7386.61720,0.15957
7382.75996,0.16034
7378.90271,0.16116
7375.04547,0.16195
7371.18823,0.16269
7367.33099,0.16345
7363.47375,0.16425
7359.61651,0.16505
7355.75927,0.16583
7351.90202,0.16646
7348.04478,0.16692
7344.18754,0.16734
7340.33030,0.16780
7336.47306,0.16830
7332.61582,0.16882
7328.75858,0.16923
7324.90134,0.16952
7321.04409,0.16979
7317.18685,0.17005
7313.32961,0.17026
7309.47237,0.17040
7305.61513,0.17047
7301.75789,0.17057
7297.90065,0.17072
7294.04340,0.17086
7290.18616,0.17103
7286.32892,0.17128
7282.47168,0.17149
7278.61444,0.17164
7274.75720,0.17183
7270.89996,0.17204
7267.04272,0.17226
7263.18547,0.17251
7259.32823,0.17280
7255.47099,0.17304
7251.61375,0.17318
7247.75651,0.17332
7243.89927,0.17348
7240.04203,0.17359
7236.18478,0.17368
7232.32754,0.17378
7228.47030,0.17386
7224.61306,0.17395
7220.75582,0.17412
7216.89858,0.17442
7213.04134,0.17471
7209.18409,0.17481
7205.32685,0.17478
7201.46961,0.17474
7197.61237,0.17472
7193.75513,0.17479
7189.89789,0.17503
7186.04065,0.17530
7182.18341,0.17548
7178.32616,0.17570
7174.46892,0.17604
7170.61168,0.17643
7166.75444,0.17682
7162.89720,0.17727
7159.03996,0.17784
7155.18272,0.17847
7151.32547,0.17916
7147.46823,0.17990
7143.61099,0.18062
7139.75375,0.18135
7135.89651,0.18216
7132.03927,0.18303
7128.18203,0.18390
7124.32478,0.18477
7120.46754,0.18561
7116.61030,0.18639
7112.75306,0.18717
7108.89582,0.18806
7105.03858,0.18908
7101.18134,0.19020
7097.32410,0.19136
7093.46685,0.19249
7089.60961,0.19359
7085.75237,0.19472
7081.89513,0.19591
7078.03789,0.19719
7074.18065,0.19854
7070.32341,0.19997
7066.46616,0.20143
7062.60892,0.20291
7058.75168,0.20434
7054.89444,0.20570
7051.03720,0.20705
7047.17996,0.20844
7043.32272,0.20978
7039.46548,0.21109
7035.60823,0.21241
7031.75099,0.21368
7027.89375,0.21485
7024.03651,0.21599
7020.17927,0.21708
7016.32203,0.21809
7012.46479,0.21904
7008.60754,0.21997
7004.75030,0.22083
7000.89306,0.22161
6997.03582,0.22241
6993.17858,0.22329
6989.32134,0.22412
6985.46410,0.22484
6981.60685,0.22553
6977.74961,0.22623
6973.89237,0.22690
6970.03513,0.22753
6966.17789,0.22811
6962.32065,0.22857
6958.46341,0.22894
6954.60617,0.22930
6950.74892,0.22966
6946.89168,0.23008
6943.03444,0.23057
6939.17720,0.23100
6935.31996,0.23140
6931.46272,0.23184
6927.60548,0.23229
6923.74823,0.23271
6919.89099,0.23307
6916.03375,0.23344
6912.17651,0.23386
6908.31927,0.23425
6904.46203,0.23461
6900.60479,0.23498
6896.74754,0.23537
6892.89030,0.23582
6889.03306,0.23629
6885.17582,0.23674
6881.31858,0.23718
6877.46134,0.23768
6873.60410,0.23826
6869.74686,0.23890
6865.88961,0.23955
6862.03237,0.24020
6858.17513,0.24083
6854.31789,0.24142
6850.46065,0.24196
6846.60341,0.24249
6842.74617,0.24315
6838.88892,0.24394
6835.03168,0.24475
6831.17444,0.24556
6827.31720,0.24632
6823.45996,0.24700
6819.60272,0.24763
6815.74548,0.24834
6811.88824,0.24915
6808.03099,0.24999
6804.17375,0.25082
6800.31651,0.25162
6796.45927,0.25238
6792.60203,0.25315
6788.74479,0.25399
6784.88755,0.25490
6781.03030,0.25583
6777.17306,0.25677
6773.31582,0.25758
6769.45858,0.25819
6765.60134,0.25872
6761.74410,0.25924
6757.88686,0.25971
6754.02961,0.26017
6750.17237,0.26069
6746.31513,0.26114
6742.45789,0.26142
6738.60065,0.26158
6734.74341,0.26174
6730.88617,0.26195
6727.02893,0.26216
6723.17168,0.26230
6719.31444,0.26238
6715.45720,0.26241
6711.59996,0.26241
6707.74272,0.26238
6703.88548,0.26236
6700.02824,0.26236
6696.17099,0.26239
6692.31375,0.26237
6688.45651,0.26230
6684.59927,0.26216
6680.74203,0.26194
6676.88479,0.26167
6673.02755,0.26141
6669.17030,0.26104
6665.31306,0.26061
6661.45582,0.26031
6657.59858,0.26010
6653.74134,0.25985
6649.88410,0.25951
6646.02686,0.25912
6642.16962,0.25867
6638.31237,0.25817
6634.45513,0.25767
6630.59789,0.25723
6626.74065,0.25679
6622.88341,0.25627
6619.02617,0.25567
6615.16893,0.25510
6611.31168,0.25458
6607.45444,0.25407
6603.59720,0.25357
6599.73996,0.25312
6595.88272,0.25272
6592.02548,0.25242
6588.16824,0.25219
6584.31100,0.25189
6580.45375,0.25160
6576.59651,0.25144
6572.73927,0.25142
6568.88203,0.25139
6565.02479,0.25133
6561.16755,0.25135
6557.31031,0.25140
6553.45306,0.25141
6549.59582,0.25145
6545.73858,0.25158
6541.88134,0.25173
6538.02410,0.25184
6534.16686,0.25200
6530.30962,0.25218
6526.45237,0.25232
6522.59513,0.25244
6518.73789,0.25258
6514.88065,0.25272
6511.02341,0.25285
6507.16617,0.25301
6503.30893,0.25315
6499.45169,0.25318
6495.59444,0.25314
6491.73720,0.25309
6487.87996,0.25303
6484.02272,0.25295
6480.16548,0.25285
6476.30824,0.25275
6472.45100,0.25262
6468.59375,0.25249
6464.73651,0.25236
6460.87927,0.25221
6457.02203,0.25207
6453.16479,0.25188
6449.30755,0.25158
6445.45031,0.25126
6441.59306,0.25099
6437.73582,0.25075
6433.87858,0.25043
6430.02134,0.25006
6426.16410,0.24968
6422.30686,0.24931
6418.44962,0.24900
6414.59238,0.24871
6410.73513,0.24839
6406.87789,0.24809
6403.02065,0.24789
6399.16341,0.24769
6395.30617,0.24745
6391.44893,0.24718
6387.59169,0.24697
6383.73444,0.24683
6379.87720,0.24672
6376.01996,0.24659
6372.16272,0.24644
6368.30548,0.24622
6364.44824,0.24599
6360.59100,0.24582
6356.73376,0.24566
6352.87651,0.24550
6349.01927,0.24537
6345.16203,0.24530
6341.30479,0.24532
6337.44755,0.24541
6333.59031,0.24545
6329.73307,0.24539
6325.87582,0.24530
6322.01858,0.24521
6318.16134,0.24517
6314.30410,0.24516
6310.44686,0.24511
6306.58962,0.24494
6302.73238,0.24466
6298.87513,0.24438
6295.01789,0.24413
6291.16065,0.24376
6287.30341,0.24323
6283.44617,0.24258
6279.58893,0.24194
6275.73169,0.24134
6271.87445,0.24067
6268.01720,0.23986
6264.15996,0.23901
6260.30272,0.23824
6256.44548,0.23751
6252.58824,0.23677
6248.73100,0.23603
6244.87376,0.23524
6241.01651,0.23434
6237.15927,0.23336
6233.30203,0.23240
6229.44479,0.23149
6225.58755,0.23064
6221.73031,0.22991
6217.87307,0.22940
6214.01582,0.22920
6210.15858,0.22927
6206.30134,0.22954
6202.44410,0.22991
6198.58686,0.23012
6194.72962,0.22988
6190.87238,0.22912
6187.01514,0.22796
6183.15789,0.22660
6179.30065,0.22528
6175.44341,0.22423
6171.58617,0.22352
6167.72893,0.22309
6163.87169,0.22291
6160.01445,0.22298
6156.15720,0.22335
6152.29996,0.22396
6148.44272,0.22455
6144.58548,0.22482
6140.72824,0.22469
6136.87100,0.22428
6133.01376,0.22385
6129.15652,0.22367
6125.29927,0.22392
6121.44203,0.22479
6117.58479,0.22633
6113.72755,0.22856
6109.87031,0.23147
6106.01307,0.23504
6102.15583,0.23921
6098.29858,0.24385
6094.44134,0.24868
6090.58410,0.25339
6086.72686,0.25785
6082.86962,0.26208
6079.01238,0.26616
6075.15514,0.27048
6071.29789,0.27567
6067.44065,0.28202
6063.58341,0.28910
6059.72617,0.29607
6055.86893,0.30228
6052.01169,0.30763
6048.15445,0.31246
6044.29721,0.31729
6040.43996,0.32256
6036.58272,0.32849
6032.72548,0.33482
6028.86824,0.34063
6025.01100,0.34489
6021.15376,0.34699
6017.29652,0.34649
6013.43927,0.34314
6009.58203,0.33731
6005.72479,0.32976
6001.86755,0.32143
5998.01031,0.31330
5994.15307,0.30622
5990.29583,0.30076
5986.43858,0.29708
5982.58134,0.29474
5978.72410,0.29285
5974.86686,0.29036
5971.00962,0.28669
5967.15238,0.28226
5963.29514,0.27816
5959.43790,0.27516
5955.58065,0.27334
5951.72341,0.27238
5947.86617,0.27184
5944.00893,0.27118
5940.15169,0.26978
5936.29445,0.26721
5932.43721,0.26348
5928.57996,0.25913
5924.72272,0.25481
5920.86548,0.25085
5917.00824,0.24736
5913.15100,0.24448
5909.29376,0.24234
5905.43652,0.24112
5901.57927,0.24101
5897.72203,0.24202
5893.86479,0.24390
5890.00755,0.24631
5886.15031,0.24899
5882.29307,0.25168
5878.43583,0.25416
5874.57859,0.25644
5870.72134,0.25846
5866.86410,0.26000
5863.00686,0.26079
5859.14962,0.26073
5855.29238,0.26001
5851.43514,0.25897
5847.57790,0.25789
5843.72065,0.25703
5839.86341,0.25650
5836.00617,0.25621
5832.14893,0.25612
5828.29169,0.25625
5824.43445,0.25655
5820.57721,0.25693
5816.71997,0.25732
5812.86272,0.25765
5809.00548,0.25781
5805.14824,0.25773
5801.29100,0.25742
5797.43376,0.25705
5793.57652,0.25674
5789.71928,0.25641
5785.86203,0.25604
5782.00479,0.25569
5778.14755,0.25529
5774.29031,0.25477
5770.43307,0.25407
5766.57583,0.25317
5762.71859,0.25208
5758.86134,0.25070
5755.00410,0.24900
5751.14686,0.24718
5747.28962,0.24539
5743.43238,0.24359
5739.57514,0.24178
5735.71790,0.24012
5731.86066,0.23873
5728.00341,0.23764
5724.14617,0.23694
5720.28893,0.23672
5716.43169,0.23686
5712.57445,0.23707
5708.71721,0.23720
5704.85997,0.23720
5701.00272,0.23703
5697.14548,0.23672
5693.28824,0.23638
5689.43100,0.23604
5685.57376,0.23562
5681.71652,0.23521
5677.85928,0.23503
5674.00203,0.23510
5670.14479,0.23532
5666.28755,0.23570
5662.43031,0.23618
5658.57307,0.23660
5654.71583,0.23680
5650.85859,0.23669
5647.00135,0.23622
5643.14410,0.23543
5639.28686,0.23446
5635.42962,0.23346
5631.57238,0.23254
5627.71514,0.23174
5623.85790,0.23108
5620.00066,0.23059
5616.14341,0.23024
5612.28617,0.23002
5608.42893,0.23000
5604.57169,0.23017
5600.71445,0.23044
5596.85721,0.23078
5592.99997,0.23121
5589.14273,0.23172
5585.28548,0.23229
5581.42824,0.23293
5577.57100,0.23355
5573.71376,0.23411
5569.85652,0.23463
5565.99928,0.23501
5562.14204,0.23516
5558.28479,0.23514
5554.42755,0.23503
5550.57031,0.23491
5546.71307,0.23483
5542.85583,0.23482
5538.99859,0.23485
5535.14135,0.23482
5531.28410,0.23470
5527.42686,0.23453
5523.56962,0.23428
5519.71238,0.23393
5515.85514,0.23356
5511.99790,0.23326
5508.14066,0.23309
5504.28342,0.23312
5500.42617,0.23340
5496.56893,0.23393
5492.71169,0.23457
5488.85445,0.23513
5484.99721,0.23550
5481.13997,0.23572
5477.28273,0.23577
5473.42548,0.23554
5469.56824,0.23497
5465.71100,0.23414
5461.85376,0.23325
5457.99652,0.23233
5454.13928,0.23124
5450.28204,0.22996
5446.42479,0.22852
5442.56755,0.22697
5438.71031,0.22544
5434.85307,0.22399
5430.99583,0.22264
5427.13859,0.22146
5423.28135,0.22056
5419.42411,0.21990
5415.56686,0.21938
5411.70962,0.21899
5407.85238,0.21875
5403.99514,0.21858
5400.13790,0.21839
5396.28066,0.21814
5392.42342,0.21786
5388.56617,0.21772
5384.70893,0.21773
5380.85169,0.21779
5376.99445,0.21789
5373.13721,0.21812
5369.27997,0.21842
5365.42273,0.21879
5361.56549,0.21923
5357.70824,0.21969
5353.85100,0.22010
5349.99376,0.22040
5346.13652,0.22058
5342.27928,0.22074
5338.42204,0.22094
5334.56480,0.22115
5330.70755,0.22142
5326.85031,0.22185
5322.99307,0.22255
5319.13583,0.22359
5315.27859,0.22496
5311.42135,0.22653
5307.56411,0.22831
5303.70686,0.23040
5299.84962,0.23282
5295.99238,0.23554
5292.13514,0.23858
5288.27790,0.24209
5284.42066,0.24621
5280.56342,0.25089
5276.70618,0.25593
5272.84893,0.26119
5268.99169,0.26655
5265.13445,0.27192
5261.27721,0.27706
5257.41997,0.28174
5253.56273,0.28599
5249.70549,0.28985
5245.84824,0.29331
5241.99100,0.29631
5238.13376,0.29884
5234.27652,0.30108
5230.41928,0.30310
5226.56204,0.30489
5222.70480,0.30642
5218.84755,0.30774
5214.99031,0.30886
5211.13307,0.30979
5207.27583,0.31056
5203.41859,0.31115
5199.56135,0.31162
5195.70411,0.31207
5191.84687,0.31249
5187.98962,0.31280
5184.13238,0.31297
5180.27514,0.31303
5176.41790,0.31308
5172.56066,0.31310
5168.70342,0.31302
5164.84618,0.31289
5160.98893,0.31278
5157.13169,0.31264
5153.27445,0.31246
5149.41721,0.31230
5145.55997,0.31215
5141.70273,0.31199
5137.84549,0.31182
5133.98825,0.31172
5130.13100,0.31175
5126.27376,0.31182
5122.41652,0.31158
5118.55928,0.31061
5114.70204,0.30871
5110.84480,0.30600
5106.98756,0.30279
5103.13031,0.29949
5099.27307,0.29634
5095.41583,0.29342
5091.55859,0.29069
5087.70135,0.28819
5083.84411,0.28598
5079.98687,0.28404
5076.12962,0.28229
5072.27238,0.28068
5068.41514,0.27917
5064.55790,0.27772
5060.70066,0.27630
5056.84342,0.27497
5052.98618,0.27380
5049.12894,0.27278
5045.27169,0.27188
5041.41445,0.27106
5037.55721,0.27029
5033.69997,0.26956
5029.84273,0.26885
5025.98549,0.26817
5022.12825,0.26761
5018.27100,0.26714
5014.41376,0.26668
5010.55652,0.26622
5006.69928,0.26575
5002.84204,0.26524
4998.98480,0.26470
4995.12756,0.26424
4991.27031,0.26396
4987.41307,0.26385
4983.55583,0.26386
4979.69859,0.26404
4975.84135,0.26445
4971.98411,0.26506
4968.12687,0.26590
4964.26963,0.26701
4960.41238,0.26838
4956.55514,0.26996
4952.69790,0.27176
4948.84066,0.27381
4944.98342,0.27599
4941.12618,0.27824
4937.26894,0.28060
4933.41169,0.28308
4929.55445,0.28564
4925.69721,0.28834
4921.83997,0.29126
4917.98273,0.29436
4914.12549,0.29756
4910.26825,0.30090
4906.41101,0.30439
4902.55376,0.30797
4898.69652,0.31161
4894.83928,0.31533
4890.98204,0.31918
4887.12480,0.32314
4883.26756,0.32713
4879.41032,0.33109
4875.55307,0.33500
4871.69583,0.33883
4867.83859,0.34249
4863.98135,0.34602
4860.12411,0.34949
4856.26687,0.35295
4852.40963,0.35642
4848.55238,0.36005
4844.69514,0.36403
4840.83790,0.36833
4836.98066,0.37286
4833.12342,0.37754
4829.26618,0.38221
4825.40894,0.38673
4821.55170,0.39107
4817.69445,0.39513
4813.83721,0.39885
4809.97997,0.40230
4806.12273,0.40554
4802.26549,0.40843
4798.40825,0.41079
4794.55101,0.41258
4790.69376,0.41387
4786.83652,0.41473
4782.97928,0.41522
4779.12204,0.41552
4775.26480,0.41584
4771.40756,0.41638
4767.55032,0.41732
4763.69307,0.41877
4759.83583,0.42073
4755.97859,0.42309
4752.12135,0.42569
4748.26411,0.42837
4744.40687,0.43094
4740.54963,0.43338
4736.69239,0.43598
4732.83514,0.43932
4728.97790,0.44355
4725.12066,0.44800
4721.26342,0.45139
4717.40618,0.45299
4713.54894,0.45342
4709.69170,0.45431
4705.83445,0.45716
4701.97721,0.46237
4698.11997,0.46881
4694.26273,0.47413
4690.40549,0.47589
4686.54825,0.47287
4682.69101,0.46550
4678.83377,0.45545
4674.97652,0.44501
4671.11928,0.43624
4667.26204,0.43007
4663.40480,0.42620
4659.54756,0.42392
4655.69032,0.42305
4651.83308,0.42420
4647.97583,0.42792
4644.11859,0.43358
4640.26135,0.43917
4636.40411,0.44207
4632.54687,0.44008
4628.68963,0.43266
4624.83239,0.42159
4620.97514,0.40997
4617.11790,0.40017
4613.26066,0.39308
4609.40342,0.38871
4605.54618,0.38693
4601.68894,0.38769
4597.83170,0.39052
4593.97446,0.39396
4590.11721,0.39678
4586.25997,0.39900
4582.40273,0.40040
4578.54549,0.39899
4574.68825,0.39317
4570.83101,0.38401
4566.97377,0.37443
4563.11652,0.36686
4559.25928,0.36207
4555.40204,0.35943
4551.54480,0.35797
4547.68756,0.35703
4543.83032,0.35630
4539.97308,0.35567
4536.11583,0.35522
4532.25859,0.35517
4528.40135,0.35572
4524.54411,0.35692
4520.68687,0.35880
4516.82963,0.36143
4512.97239,0.36498
4509.11515,0.36982
4505.25790,0.37643
4501.40066,0.38503
4497.54342,0.39520
4493.68618,0.40571
4489.82894,0.41496
4485.97170,0.42214
4482.11446,0.42804
4478.25721,0.43453
4474.39997,0.44346
4470.54273,0.45603
4466.68549,0.47208
4462.82825,0.48903
4458.97101,0.50240
4455.11377,0.50972
4451.25653,0.51316
4447.39928,0.51663
4443.54204,0.52181
4439.68480,0.52786
4435.82756,0.53294
4431.97032,0.53527
4428.11308,0.53384
4424.25584,0.52938
4420.39859,0.52432
4416.54135,0.52121
4412.68411,0.52104
4408.82687,0.52280
4404.96963,0.52430
4401.11239,0.52362
4397.25515,0.52037
4393.39790,0.51550
4389.54066,0.51023
4385.68342,0.50549
4381.82618,0.50171
4377.96894,0.49891
4374.11170,0.49708
4370.25446,0.49641
4366.39722,0.49709
4362.53997,0.49880
4358.68273,0.50064
4354.82549,0.50218
4350.96825,0.50396
4347.11101,0.50667
4343.25377,0.51024
4339.39653,0.51384
4335.53928,0.51679
4331.68204,0.51906
4327.82480,0.52109
4323.96756,0.52336
4320.11032,0.52621
4316.25308,0.52988
4312.39584,0.53463
4308.53859,0.54055
4304.68135,0.54711
4300.82411,0.55341
4296.96687,0.55869
4293.10963,0.56250
4289.25239,0.56445
4285.39515,0.56464
4281.53791,0.56380
4277.68066,0.56250
4273.82342,0.56072
4269.96618,0.55835
4266.10894,0.55565
4262.25170,0.55325
4258.39446,0.55182
4254.53722,0.55161
4250.67997,0.55221
4246.82273,0.55268
4242.96549,0.55219
4239.10825,0.55073
4235.25101,0.54908
4231.39377,0.54789
4227.53653,0.54692
4223.67929,0.54526
4219.82204,0.54237
4215.96480,0.53870
4212.10756,0.53517
4208.25032,0.53224
4204.39308,0.52988
4200.53584,0.52796
4196.67860,0.52692
4192.82135,0.52753
4188.96411,0.53030
4185.10687,0.53498
4181.24963,0.53992
4177.39239,0.54218
4173.53515,0.53985
4169.67791,0.53378
4165.82066,0.52652
4161.96342,0.52038
4158.10618,0.51640
4154.24894,0.51454
4150.39170,0.51464
4146.53446,0.51668
4142.67722,0.52056
4138.81998,0.52562
4134.96273,0.53054
4131.10549,0.53433
4127.24825,0.53722
4123.39101,0.54018
4119.53377,0.54419
4115.67653,0.54986
4111.81929,0.55759
4107.96204,0.56776
4104.10480,0.58109
4100.24756,0.59867
4096.39032,0.61929
4092.53308,0.63628
4088.67584,0.64214
4084.81860,0.63642
4080.96135,0.62418
4077.10411,0.61040
4073.24687,0.59885
4069.38963,0.59150
4065.53239,0.58804
4061.67515,0.58711
4057.81791,0.58772
4053.96067,0.58939
4050.10342,0.59152
4046.24618,0.59341
4042.38894,0.59464
4038.53170,0.59530
4034.67446,0.59585
4030.81722,0.59648
4026.95998,0.59693
4023.10273,0.59706
4019.24549,0.59694
4015.38825,0.59637
4011.53101,0.59506
4007.67377,0.59312
4003.81653,0.59077
3999.95929,0.58804
3996.10205,0.58490
3992.24480,0.58162
3988.38756,0.57869
3984.53032,0.57636
3980.67308,0.57461
3976.81584,0.57326
3972.95860,0.57188
3969.10136,0.56990
3965.24411,0.56711
3961.38687,0.56387
3957.52963,0.56071
3953.67239,0.55772
3949.81515,0.55473
3945.95791,0.55175
3942.10067,0.54888
3938.24342,0.54618
3934.38618,0.54362
3930.52894,0.54121
3926.67170,0.53905
3922.81446,0.53708
3918.95722,0.53509
3915.09998,0.53293
3911.24274,0.53054
3907.38549,0.52772
3903.52825,0.52406
3899.67101,0.51990
3895.81377,0.51614
3891.95653,0.51284
3888.09929,0.50990
3884.24205,0.50748
3880.38480,0.50557
3876.52756,0.50372
3872.67032,0.50123
3868.81308,0.49791
3864.95584,0.49432
3861.09860,0.49114
3857.24136,0.48824
3853.38411,0.48512
3849.52687,0.48251
3845.66963,0.48077
3841.81239,0.47928
3837.95515,0.47810
3834.09791,0.47741
3830.24067,0.47702
3826.38343,0.47698
3822.52618,0.47797
3818.66894,0.48065
3814.81170,0.48426
3810.95446,0.48715
3807.09722,0.48857
3803.23998,0.48819
3799.38274,0.48616
3795.52549,0.48355
3791.66825,0.48153
3787.81101,0.48058
3783.95377,0.48077
3780.09653,0.48204
3776.23929,0.48400
3772.38205,0.48639
3768.52481,0.48947
3764.66756,0.49318
3760.81032,0.49639
3756.95308,0.49742
3753.09584,0.49527
3749.23860,0.49133
3745.38136,0.48911
3741.52412,0.49021
3737.66687,0.49380
3733.80963,0.49832
3729.95239,0.50115
3726.09515,0.50175
3722.23791,0.50207
3718.38067,0.50381
3714.52343,0.50769
3710.66618,0.51462
3706.80894,0.52413
3702.95170,0.53528
3699.09446,0.54848
3695.23722,0.56398
3691.37998,0.58346
3687.52274,0.60494
3683.66550,0.62012
3679.80825,0.62924
3675.95101,0.63873
3672.09377,0.65316
3668.23653,0.67125
3664.37929,0.68924
3660.52205,0.70669
3656.66481,0.72460
3652.80756,0.74274
3648.95032,0.76165
3645.09308,0.78036
3641.23584,0.79525
3637.37860,0.80669
3633.52136,0.81640
3629.66412,0.82629
3625.80687,0.83633
3621.94963,0.84437
3618.09239,0.85191
3614.23515,0.85945
3610.37791,0.86793
3606.52067,0.87694
3602.66343,0.88389
3598.80619,0.88979
