3996.38314,0.03109
3994.45439,0.03099
3992.52563,0.03100
3990.59688,0.03104
3988.66812,0.03108
3986.73936,0.03111
3984.81061,0.03103
3982.88185,0.03095
3980.95309,0.03112
3979.02434,0.03137
3977.09558,0.03137
3975.16682,0.03118
3973.23807,0.03099
3971.30931,0.03083
3969.38056,0.03060
3967.45180,0.03040
3965.52304,0.03046
3963.59429,0.03076
3961.66553,0.03098
3959.73677,0.03098
3957.80802,0.03084
3955.87926,0.03066
3953.95051,0.03066
3952.02175,0.03082
3950.09299,0.03089
3948.16424,0.03096
3946.23548,0.03112
3944.30672,0.03108
3942.37797,0.03073
3940.44921,0.03048
3938.52045,0.03059
3936.59170,0.03084
3934.66294,0.03093
3932.73419,0.03084
3930.80543,0.03062
3928.87667,0.03050
3926.94792,0.03066
3925.01916,0.03084
3923.09040,0.03085
3921.16165,0.03084
3919.23289,0.03089
3917.30413,0.03084
3915.37538,0.03067
3913.44662,0.03054
3911.51787,0.03054
3909.58911,0.03079
3907.66035,0.03116
3905.73160,0.03121
3903.80284,0.03088
3901.87408,0.03057
3899.94533,0.03048
3898.01657,0.03036
3896.08781,0.03027
3894.15906,0.03043
3892.23030,0.03058
3890.30155,0.03045
3888.37279,0.03028
3886.44403,0.03018
3884.51528,0.03015
3882.58652,0.03026
3880.65776,0.03024
3878.72901,0.03014
3876.80025,0.03019
3874.87150,0.03029
3872.94274,0.03047
3871.01398,0.03050
3869.08523,0.03020
3867.15647,0.03011
3865.22771,0.03027
3863.29896,0.03030
3861.37020,0.03017
3859.44144,0.02998
3857.51269,0.02997
3855.58393,0.03017
3853.65518,0.03010
3851.72642,0.02981
3849.79766,0.02979
3847.86891,0.02990
3845.94015,0.03007
3844.01139,0.03021
3842.08264,0.03020
3840.15388,0.03001
3838.22512,0.02972
3836.29637,0.02960
3834.36761,0.02980
3832.43886,0.03006
3830.51010,0.03013
3828.58134,0.03003
3826.65259,0.02992
3824.72383,0.03001
3822.79507,0.03008
3820.86632,0.02985
3818.93756,0.02979
3817.00880,0.02999
3815.08005,0.02980
3813.15129,0.02943
3811.22254,0.02932
3809.29378,0.02941
3807.36502,0.02939
3805.43627,0.02922
3803.50751,0.02925
3801.57875,0.02936
3799.65000,0.02942
3797.72124,0.02957
3795.79248,0.02972
3793.86373,0.02961
3791.93497,0.02929
3790.00622,0.02908
3788.07746,0.02916
3786.14870,0.02928
3784.21995,0.02937
3782.29119,0.02960
3780.36243,0.02977
3778.43368,0.02967
3776.50492,0.02951
3774.57617,0.02946
3772.64741,0.02945
3770.71865,0.02940
3768.78990,0.02936
3766.86114,0.02932
3764.93238,0.02922
3763.00363,0.02919
3761.07487,0.02922
3759.14611,0.02930
3757.21736,0.02962
3755.28860,0.03017
3753.35985,0.03059
3751.43109,0.03034
3749.50233,0.02957
3747.57358,0.02926
3745.64482,0.02931
3743.71606,0.02918
3741.78731,0.02912
3739.85855,0.02929
3737.92979,0.02944
3736.00104,0.02934
3734.07228,0.02899
3732.14353,0.02878
3730.21477,0.02892
3728.28601,0.02913
3726.35726,0.02906
3724.42850,0.02894
3722.49974,0.02914
3720.57099,0.02936
3718.64223,0.02924
3716.71347,0.02906
3714.78472,0.02907
3712.85596,0.02905
3710.92721,0.02884
3708.99845,0.02872
3707.06969,0.02875
3705.14094,0.02884
3703.21218,0.02887
3701.28342,0.02886
3699.35467,0.02898
3697.42591,0.02906
3695.49716,0.02903
3693.56840,0.02909
3691.63964,0.02924
3689.71089,0.02913
3687.78213,0.02874
3685.85337,0.02862
3683.92462,0.02881
3681.99586,0.02895
3680.06710,0.02903
3678.13835,0.02915
3676.20959,0.02897
3674.28084,0.02856
3672.35208,0.02855
3670.42332,0.02857
3668.49457,0.02847
3666.56581,0.02871
3664.63705,0.02899
3662.70830,0.02894
3660.77954,0.02888
3658.85078,0.02902
3656.92203,0.02907
3654.99327,0.02900
3653.06452,0.02907
3651.13576,0.02924
3649.20700,0.02921
3647.27825,0.02906
3645.34949,0.02914
3643.42073,0.02933
3641.49198,0.02940
3639.56322,0.02935
3637.63446,0.02923
3635.70571,0.02917
3633.77695,0.02944
3631.84820,0.02992
3629.91944,0.03009
3627.99068,0.02985
3626.06193,0.02992
3624.13317,0.03045
3622.20441,0.03099
3620.27566,0.03111
3618.34690,0.03075
3616.41814,0.03039
3614.48939,0.03029
3612.56063,0.03027
3610.63188,0.03034
3608.70312,0.03050
3606.77436,0.03073
3604.84561,0.03100
3602.91685,0.03125
3600.98809,0.03143
3599.05934,0.03150
3597.13058,0.03143
3595.20183,0.03142
3593.27307,0.03160
3591.34431,0.03182
3589.41556,0.03208
3587.48680,0.03241
3585.55804,0.03258
3583.62929,0.03257
3581.70053,0.03257
3579.77177,0.03269
3577.84302,0.03302
3575.91426,0.03349
3573.98551,0.03389
3572.05675,0.03412
3570.12799,0.03418
3568.19924,0.03414
3566.27048,0.03419
3564.34172,0.03455
3562.41297,0.03510
3560.48421,0.03551
3558.55545,0.03557
3556.62670,0.03552
3554.69794,0.03572
3552.76919,0.03605
3550.84043,0.03619
3548.91167,0.03631
3546.98292,0.03651
3545.05416,0.03674
3543.12540,0.03712
3541.19665,0.03762
3539.26789,0.03807
3537.33913,0.03846
3535.41038,0.03870
3533.48162,0.03873
3531.55287,0.03882
3529.62411,0.03915
3527.69535,0.03953
3525.76660,0.03984
3523.83784,0.04012
3521.90908,0.04034
3519.98033,0.04055
3518.05157,0.04091
3516.12282,0.04143
3514.19406,0.04193
3512.26530,0.04231
3510.33655,0.04257
3508.40779,0.04275
3506.47903,0.04294
3504.55028,0.04320
3502.62152,0.04350
3500.69276,0.04381
3498.76401,0.04416
3496.83525,0.04457
3494.90650,0.04480
3492.97774,0.04502
3491.04898,0.04549
3489.12023,0.04599
3487.19147,0.04630
3485.26271,0.04656
3483.33396,0.04689
3481.40520,0.04720
3479.47644,0.04747
3477.54769,0.04781
3475.61893,0.04824
3473.69018,0.04871
3471.76142,0.04920
3469.83266,0.04965
3467.90391,0.05011
3465.97515,0.05052
3464.04639,0.05082
3462.11764,0.05115
3460.18888,0.05157
3458.26012,0.05203
3456.33137,0.05257
3454.40261,0.05315
3452.47386,0.05360
3450.54510,0.05391
3448.61634,0.05421
3446.68759,0.05460
3444.75883,0.05511
3442.83007,0.05582
3440.90132,0.05659
3438.97256,0.05718
3437.04380,0.05766
3435.11505,0.05815
3433.18629,0.05856
3431.25754,0.05893
3429.32878,0.05943
3427.40002,0.05996
3425.47127,0.06042
3423.54251,0.06084
3421.61375,0.06114
3419.68500,0.06137
3417.75624,0.06170
3415.82749,0.06214
3413.89873,0.06262
3411.96997,0.06307
3410.04122,0.06356
3408.11246,0.06413
3406.18370,0.06469
3404.25495,0.06510
3402.32619,0.06534
3400.39743,0.06562
3398.46868,0.06604
3396.53992,0.06630
3394.61117,0.06631
3392.68241,0.06640
3390.75365,0.06676
3388.82490,0.06717
3386.89614,0.06745
3384.96738,0.06773
3383.03863,0.06808
3381.10987,0.06846
3379.18111,0.06887
3377.25236,0.06929
3375.32360,0.06968
3373.39485,0.07010
3371.46609,0.07051
3369.53733,0.07087
3367.60858,0.07123
3365.67982,0.07160
3363.75106,0.07209
3361.82231,0.07270
3359.89355,0.07326
3357.96479,0.07383
3356.03604,0.07455
3354.10728,0.07536
3352.17853,0.07614
3350.24977,0.07679
3348.32101,0.07737
3346.39226,0.07790
3344.46350,0.07839
3342.53474,0.07890
3340.60599,0.07949
3338.67723,0.08009
3336.74848,0.08059
3334.81972,0.08091
3332.89096,0.08099
3330.96221,0.08099
3329.03345,0.08098
3327.10469,0.08091
3325.17594,0.08082
3323.24718,0.08071
3321.31842,0.08055
3319.38967,0.08045
3317.46091,0.08037
3315.53216,0.08022
3313.60340,0.08014
3311.67464,0.08021
3309.74589,0.08034
3307.81713,0.08046
3305.88837,0.08058
3303.95962,0.08071
3302.03086,0.08081
3300.10210,0.08087
3298.17335,0.08092
3296.24459,0.08103
3294.31584,0.08125
3292.38708,0.08152
3290.45832,0.08179
3288.52957,0.08196
3286.60081,0.08196
3284.67205,0.08186
3282.74330,0.08180
3280.81454,0.08185
3278.88578,0.08201
3276.95703,0.08211
3275.02827,0.08212
3273.09952,0.08211
3271.17076,0.08212
3269.24200,0.08211
3267.31325,0.08190
3265.38449,0.08156
3263.45573,0.08134
3261.52698,0.08119
3259.59822,0.08077
3257.66947,0.08020
3255.74071,0.07979
3253.81195,0.07947
3251.88320,0.07918
3249.95444,0.07885
3248.02568,0.07839
3246.09693,0.07783
3244.16817,0.07720
3242.23941,0.07660
3240.31066,0.07625
3238.38190,0.07607
3236.45315,0.07580
3234.52439,0.07542
3232.59563,0.07513
3230.66688,0.07492
3228.73812,0.07458
3226.80936,0.07409
3224.88061,0.07367
3222.95185,0.07336
3221.02309,0.07305
3219.09434,0.07269
3217.16558,0.07227
3215.23683,0.07183
3213.30807,0.07140
3211.37931,0.07100
3209.45056,0.07068
3207.52180,0.07048
3205.59304,0.07038
3203.66429,0.07013
3201.73553,0.06953
3199.80677,0.06892
3197.87802,0.06852
3195.94926,0.06823
3194.02051,0.06798
3192.09175,0.06771
3190.16299,0.06740
3188.23424,0.06715
3186.30548,0.06697
3184.37672,0.06678
3182.44797,0.06653
3180.51921,0.06631
3178.59045,0.06597
3176.66170,0.06538
3174.73294,0.06482
3172.80419,0.06458
3170.87543,0.06449
3168.94667,0.06428
3167.01792,0.06392
3165.08916,0.06354
3163.16040,0.06319
3161.23165,0.06295
3159.30289,0.06278
3157.37414,0.06254
3155.44538,0.06220
3153.51662,0.06181
3151.58787,0.06137
3149.65911,0.06096
3147.73035,0.06065
3145.80160,0.06042
3143.87284,0.06029
3141.94408,0.06022
3140.01533,0.06006
3138.08657,0.05977
3136.15782,0.05945
3134.22906,0.05917
3132.30030,0.05897
3130.37155,0.05876
3128.44279,0.05849
3126.51403,0.05825
3124.58528,0.05806
3122.65652,0.05785
3120.72776,0.05762
3118.79901,0.05743
3116.87025,0.05736
3114.94150,0.05728
3113.01274,0.05707
3111.08398,0.05682
3109.15523,0.05667
3107.22647,0.05652
3105.29771,0.05633
3103.36896,0.05621
3101.44020,0.05611
3099.51144,0.05581
3097.58269,0.05543
3095.65393,0.05515
3093.72518,0.05502
3091.79642,0.05494
3089.86766,0.05482
3087.93891,0.05474
3086.01015,0.05466
3084.08139,0.05446
3082.15264,0.05428
3080.22388,0.05416
3078.29513,0.05391
3076.36637,0.05356
3074.43761,0.05322
3072.50886,0.05294
3070.58010,0.05272
3068.65134,0.05251
3066.72259,0.05233
3064.79383,0.05227
3062.86507,0.05227
3060.93632,0.05223
3059.00756,0.05212
3057.07881,0.05192
3055.15005,0.05166
3053.22129,0.05142
3051.29254,0.05124
3049.36378,0.05108
3047.43502,0.05087
3045.50627,0.05063
3043.57751,0.05035
3041.64875,0.05003
3039.72000,0.04978
3037.79124,0.04962
3035.86249,0.04951
3033.93373,0.04938
3032.00497,0.04921
3030.07622,0.04904
3028.14746,0.04892
3026.21870,0.04881
3024.28995,0.04871
3022.36119,0.04869
3020.43243,0.04871
3018.50368,0.04866
3016.57492,0.04858
3014.64617,0.04858
3012.71741,0.04867
3010.78865,0.04878
3008.85990,0.04883
3006.93114,0.04877
3005.00238,0.04862
3003.07363,0.04844
3001.14487,0.04835
2999.21611,0.04841
2997.28736,0.04858
2995.35860,0.04868
2993.42985,0.04863
2991.50109,0.04862
2989.57233,0.04876
2987.64358,0.04885
2985.71482,0.04886
2983.78606,0.04897
2981.85731,0.04926
2979.92855,0.04966
2977.99980,0.05017
2976.07104,0.05088
2974.14228,0.05161
2972.21353,0.05212
2970.28477,0.05248
2968.35601,0.05283
2966.42726,0.05308
2964.49850,0.05321
2962.56974,0.05332
2960.64099,0.05330
2958.71223,0.05310
2956.78348,0.05296
2954.85472,0.05303
2952.92596,0.05315
2950.99721,0.05333
2949.06845,0.05365
2947.13969,0.05388
2945.21094,0.05394
2943.28218,0.05402
2941.35342,0.05409
2939.42467,0.05406
2937.49591,0.05404
2935.56716,0.05414
2933.63840,0.05428
2931.70964,0.05441
2929.78089,0.05451
2927.85213,0.05464
2925.92337,0.05489
2923.99462,0.05529
2922.06586,0.05582
2920.13710,0.05644
2918.20835,0.05711
2916.27959,0.05778
2914.35084,0.05842
2912.42208,0.05902
2910.49332,0.05968
2908.56457,0.06034
2906.63581,0.06083
2904.70705,0.06109
2902.77830,0.06128
2900.84954,0.06145
2898.92079,0.06145
2896.99203,0.06126
2895.06327,0.06111
2893.13452,0.06099
2891.20576,0.06080
2889.27700,0.06061
2887.34825,0.06047
2885.41949,0.06028
2883.49073,0.06004
2881.56198,0.05983
2879.63322,0.05966
2877.70447,0.05950
2875.77571,0.05932
2873.84695,0.05914
2871.91820,0.05899
2869.98944,0.05885
2868.06068,0.05875
2866.13193,0.05856
2864.20317,0.05828
2862.27441,0.05799
2860.34566,0.05766
2858.41690,0.05740
2856.48815,0.05729
2854.55939,0.05724
2852.63063,0.05716
2850.70188,0.05697
2848.77312,0.05655
2846.84436,0.05595
2844.91561,0.05532
2842.98685,0.05467
2841.05809,0.05408
2839.12934,0.05368
2837.20058,0.05333
2835.27183,0.05290
2833.34307,0.05256
2831.41431,0.05243
2829.48556,0.05233
2827.55680,0.05209
2825.62804,0.05177
2823.69929,0.05145
2821.77053,0.05116
2819.84177,0.05086
2817.91302,0.05065
2815.98426,0.05060
2814.05551,0.05054
2812.12675,0.05031
2810.19799,0.05009
2808.26924,0.05003
2806.34048,0.05001
2804.41172,0.04982
2802.48297,0.04954
2800.55421,0.04932
2798.62546,0.04919
2796.69670,0.04911
2794.76794,0.04902
2792.83919,0.04886
2790.91043,0.04868
2788.98167,0.04853
2787.05292,0.04843
2785.12416,0.04834
2783.19540,0.04823
2781.26665,0.04814
2779.33789,0.04809
2777.40914,0.04804
2775.48038,0.04796
2773.55162,0.04781
2771.62287,0.04765
2769.69411,0.04758
2767.76535,0.04761
2765.83660,0.04767
2763.90784,0.04767
2761.97908,0.04759
2760.05033,0.04752
2758.12157,0.04743
2756.19282,0.04730
2754.26406,0.04727
2752.33530,0.04736
2750.40655,0.04742
2748.47779,0.04737
2746.54903,0.04730
2744.62028,0.04730
2742.69152,0.04727
2740.76276,0.04712
2738.83401,0.04692
2736.90525,0.04683
2734.97650,0.04687
2733.04774,0.04692
2731.11898,0.04690
2729.19023,0.04686
2727.26147,0.04682
2725.33271,0.04672
2723.40396,0.04662
2721.47520,0.04659
2719.54645,0.04658
2717.61769,0.04652
2715.68893,0.04643
2713.76018,0.04634
2711.83142,0.04620
2709.90266,0.04608
2707.97391,0.04605
2706.04515,0.04606
2704.11639,0.04609
2702.18764,0.04609
2700.25888,0.04603
2698.33013,0.04592
2696.40137,0.04579
2694.47261,0.04569
2692.54386,0.04558
2690.61510,0.04547
2688.68634,0.04541
2686.75759,0.04541
2684.82883,0.04534
2682.90007,0.04528
2680.97132,0.04529
2679.04256,0.04528
2677.11381,0.04516
2675.18505,0.04501
2673.25629,0.04494
2671.32754,0.04496
2669.39878,0.04504
2667.47002,0.04509
2665.54127,0.04508
2663.61251,0.04504
2661.68375,0.04502
2659.75500,0.04502
2657.82624,0.04502
2655.89749,0.04510
2653.96873,0.04527
2652.03997,0.04531
2650.11122,0.04520
2648.18246,0.04517
2646.25370,0.04528
2644.32495,0.04536
2642.39619,0.04531
2640.46743,0.04522
2638.53868,0.04520
2636.60992,0.04514
2634.68117,0.04507
2632.75241,0.04513
2630.82365,0.04525
2628.89490,0.04525
2626.96614,0.04515
2625.03738,0.04514
2623.10863,0.04522
2621.17987,0.04524
2619.25112,0.04516
2617.32236,0.04514
2615.39360,0.04520
2613.46485,0.04524
2611.53609,0.04521
2609.60733,0.04512
2607.67858,0.04512
2605.74982,0.04519
2603.82106,0.04513
2601.89231,0.04490
2599.96355,0.04466
2598.03480,0.04451
2596.10604,0.04456
2594.17728,0.04470
2592.24853,0.04467
2590.31977,0.04454
2588.39101,0.04449
2586.46226,0.04454
2584.53350,0.04462
2582.60474,0.04471
2580.67599,0.04473
2578.74723,0.04465
2576.81848,0.04459
2574.88972,0.04460
2572.96096,0.04454
2571.03221,0.04437
2569.10345,0.04421
2567.17469,0.04412
2565.24594,0.04408
2563.31718,0.04406
2561.38842,0.04399
2559.45967,0.04399
2557.53091,0.04413
2555.60216,0.04420
2553.67340,0.04405
2551.74464,0.04390
2549.81589,0.04389
2547.88713,0.04400
2545.95837,0.04415
2544.02962,0.04416
2542.10086,0.04399
2540.17211,0.04389
2538.24335,0.04397
2536.31459,0.04411
2534.38584,0.04423
2532.45708,0.04428
2530.52832,0.04426
2528.59957,0.04416
2526.67081,0.04399
2524.74205,0.04377
2522.81330,0.04354
2520.88454,0.04345
2518.95579,0.04356
2517.02703,0.04370
2515.09827,0.04375
2513.16952,0.04378
2511.24076,0.04373
2509.31200,0.04349
2507.38325,0.04337
2505.45449,0.04352
2503.52573,0.04359
2501.59698,0.04350
2499.66822,0.04343
2497.73947,0.04340
2495.81071,0.04328
2493.88195,0.04308
2491.95320,0.04294
2490.02444,0.04296
2488.09568,0.04311
2486.16693,0.04325
2484.23817,0.04321
2482.30941,0.04305
2480.38066,0.04291
2478.45190,0.04278
2476.52315,0.04268
2474.59439,0.04264
2472.66563,0.04253
2470.73688,0.04239
2468.80812,0.04233
2466.87936,0.04239
2464.95061,0.04254
2463.02185,0.04261
2461.09309,0.04255
2459.16434,0.04249
2457.23558,0.04248
2455.30683,0.04254
2453.37807,0.04265
2451.44931,0.04272
2449.52056,0.04262
2447.59180,0.04240
2445.66304,0.04227
2443.73429,0.04227
2441.80553,0.04229
2439.87678,0.04222
2437.94802,0.04209
2436.01926,0.04199
2434.09051,0.04203
2432.16175,0.04214
2430.23299,0.04209
2428.30424,0.04183
2426.37548,0.04156
2424.44672,0.04149
2422.51797,0.04162
2420.58921,0.04172
2418.66046,0.04166
2416.73170,0.04154
2414.80294,0.04147
2412.87419,0.04137
2410.94543,0.04120
2409.01667,0.04114
2407.08792,0.04117
2405.15916,0.04120
2403.23040,0.04128
2401.30165,0.04128
2399.37289,0.04114
2397.44414,0.04109
2395.51538,0.04119
2393.58662,0.04120
2391.65787,0.04111
2389.72911,0.04109
2387.80035,0.04108
2385.87160,0.04101
2383.94284,0.04096
2382.01408,0.04096
2380.08533,0.04096
2378.15657,0.04090
2376.22782,0.04085
2374.29906,0.04093
2372.37030,0.04101
2370.44155,0.04099
2368.51279,0.04085
2366.58403,0.04057
2364.65528,0.04017
2362.72652,0.03994
2360.79777,0.04014
2358.86901,0.04070
2356.94025,0.04112
2355.01150,0.04093
2353.08274,0.04035
2351.15398,0.04010
2349.22523,0.04030
2347.29647,0.04057
2345.36771,0.04058
2343.43896,0.04046
2341.51020,0.04046
2339.58145,0.04040
2337.65269,0.04035
2335.72393,0.04060
2333.79518,0.04091
2331.86642,0.04085
2329.93766,0.04048
2328.00891,0.04037
2326.08015,0.04078
2324.15139,0.04123
2322.22264,0.04122
2320.29388,0.04100
2318.36513,0.04099
2316.43637,0.04100
2314.50761,0.04087
2312.57886,0.04072
2310.65010,0.04066
2308.72134,0.04060
2306.79259,0.04051
2304.86383,0.04042
2302.93507,0.04043
2301.00632,0.04055
2299.07756,0.04065
2297.14881,0.04068
2295.22005,0.04073
2293.29129,0.04091
2291.36254,0.04126
2289.43378,0.04168
2287.50502,0.04196
2285.57627,0.04199
2283.64751,0.04183
2281.71875,0.04161
2279.79000,0.04144
2277.86124,0.04137
2275.93249,0.04131
2274.00373,0.04121
2272.07497,0.04110
2270.14622,0.04103
2268.21746,0.04096
2266.28870,0.04084
2264.35995,0.04070
2262.43119,0.04061
2260.50244,0.04057
2258.57368,0.04063
2256.64492,0.04075
2254.71617,0.04062
2252.78741,0.04033
2250.85865,0.04032
2248.92990,0.04055
2247.00114,0.04081
2245.07238,0.04102
2243.14363,0.04106
2241.21487,0.04091
2239.28612,0.04075
2237.35736,0.04067
2235.42860,0.04066
2233.49985,0.04091
2231.57109,0.04127
2229.64233,0.04103
2227.71358,0.04031
2225.78482,0.03997
2223.85606,0.04013
2221.92731,0.04047
2219.99855,0.04089
2218.06980,0.04115
2216.14104,0.04106
2214.21228,0.04062
2212.28353,0.03999
2210.35477,0.03958
2208.42601,0.03964
2206.49726,0.04008
2204.56850,0.04036
2202.63974,0.04023
2200.71099,0.04020
2198.78223,0.04039
2196.85348,0.04041
2194.92472,0.04018
2192.99596,0.03996
2191.06721,0.03991
2189.13845,0.03989
2187.20969,0.04001
2185.28094,0.04030
2183.35218,0.04012
2181.42343,0.03926
2179.49467,0.03859
2177.56591,0.03860
2175.63716,0.03878
2173.70840,0.03891
2171.77964,0.03932
2169.85089,0.03998
2167.92213,0.04051
2165.99337,0.04063
2164.06462,0.04050
2162.13586,0.04050
2160.20711,0.03997
2158.27835,0.03800
2156.34959,0.03620
2154.42084,0.03628
2152.49208,0.03714
2150.56332,0.03751
2148.63457,0.03725
2146.70581,0.03683
2144.77705,0.03670
2142.84830,0.03681
2140.91954,0.03698
2138.99079,0.03726
2137.06203,0.03763
2135.13327,0.03771
2133.20452,0.03741
2131.27576,0.03715
2129.34700,0.03718
2127.41825,0.03748
2125.48949,0.03798
2123.56073,0.03851
2121.63198,0.03884
2119.70322,0.03891
2117.77447,0.03893
2115.84571,0.03914
2113.91695,0.03948
2111.98820,0.03965
2110.05944,0.03959
2108.13068,0.03948
2106.20193,0.03935
2104.27317,0.03927
2102.34441,0.03934
2100.41566,0.03937
2098.48690,0.03927
2096.55815,0.03898
2094.62939,0.03848
2092.70063,0.03819
2090.77188,0.03841
2088.84312,0.03875
2086.91436,0.03895
2084.98561,0.03901
2083.05685,0.03892
2081.12810,0.03894
2079.19934,0.03916
2077.27058,0.03928
2075.34183,0.03913
2073.41307,0.03885
2071.48431,0.03859
2069.55556,0.03835
2067.62680,0.03822
2065.69804,0.03834
2063.76929,0.03860
2061.84053,0.03865
2059.91178,0.03847
2057.98302,0.03839
2056.05426,0.03842
2054.12551,0.03850
2052.19675,0.03896
2050.26799,0.03939
2048.33924,0.03892
2046.41048,0.03800
2044.48172,0.03751
2042.55297,0.03757
2040.62421,0.03796
2038.69546,0.03818
2036.76670,0.03810
2034.83794,0.03787
2032.90919,0.03739
2030.98043,0.03687
2029.05167,0.03669
2027.12292,0.03683
2025.19416,0.03708
2023.26540,0.03712
2021.33665,0.03696
2019.40789,0.03684
2017.47914,0.03667
2015.55038,0.03631
2013.62162,0.03588
2011.69287,0.03577
2009.76411,0.03616
2007.83535,0.03655
2005.90660,0.03643
2003.97784,0.03588
2002.04909,0.03535
2000.12033,0.03538
1998.19157,0.03594
1996.26282,0.03643
1994.33406,0.03662
1992.40530,0.03680
1990.47655,0.03707
1988.54779,0.03740
1986.61903,0.03775
1984.69028,0.03774
1982.76152,0.03733
1980.83277,0.03709
1978.90401,0.03684
1976.97525,0.03588
1975.04650,0.03486
1973.11774,0.03472
1971.18898,0.03500
1969.26023,0.03500
1967.33147,0.03491
1965.40271,0.03505
1963.47396,0.03549
1961.54520,0.03601
1959.61645,0.03615
1957.68769,0.03599
1955.75893,0.03605
1953.83018,0.03638
1951.90142,0.03658
1949.97266,0.03647
1948.04391,0.03611
1946.11515,0.03568
1944.18639,0.03540
1942.25764,0.03518
1940.32888,0.03497
1938.40013,0.03494
1936.47137,0.03509
1934.54261,0.03518
1932.61386,0.03505
1930.68510,0.03483
1928.75634,0.03461
1926.82759,0.03423
1924.89883,0.03382
1922.97007,0.03377
1921.04132,0.03391
1919.11256,0.03378
1917.18381,0.03343
1915.25505,0.03324
1913.32629,0.03322
1911.39754,0.03325
1909.46878,0.03331
1907.54002,0.03336
1905.61127,0.03331
1903.68251,0.03317
1901.75376,0.03310
1899.82500,0.03306
1897.89624,0.03284
1895.96749,0.03256
1894.03873,0.03253
1892.10997,0.03263
1890.18122,0.03259
1888.25246,0.03244
1886.32370,0.03226
1884.39495,0.03207
1882.46619,0.03184
1880.53744,0.03163
1878.60868,0.03151
1876.67992,0.03146
1874.75117,0.03136
1872.82241,0.03127
1870.89365,0.03127
1868.96490,0.03131
1867.03614,0.03133
1865.10738,0.03127
1863.17863,0.03114
1861.24987,0.03099
1859.32112,0.03079
1857.39236,0.03062
1855.46360,0.03056
1853.53485,0.03056
1851.60609,0.03055
1849.67733,0.03049
1847.74858,0.03048
1845.81982,0.03060
1843.89106,0.03061
1841.96231,0.03039
1840.03355,0.03026
1838.10480,0.03035
1836.17604,0.03050
1834.24728,0.03057
1832.31853,0.03059
1830.38977,0.03066
1828.46101,0.03075
1826.53226,0.03072
1824.60350,0.03057
1822.67475,0.03039
1820.74599,0.03016
1818.81723,0.02985
1816.88848,0.02959
1814.95972,0.02950
1813.03096,0.02940
1811.10221,0.02930
1809.17345,0.02926
1807.24469,0.02915
1805.31594,0.02899
1803.38718,0.02890
1801.45843,0.02877
1799.52967,0.02858
1797.60091,0.02839
1795.67216,0.02818
1793.74340,0.02795
1791.81464,0.02775
1789.88589,0.02764
1787.95713,0.02756
1786.02837,0.02736
1784.09962,0.02712
1782.17086,0.02698
1780.24211,0.02690
1778.31335,0.02674
1776.38459,0.02655
1774.45584,0.02639
1772.52708,0.02626
1770.59832,0.02618
1768.66957,0.02609
1766.74081,0.02591
1764.81205,0.02577
1762.88330,0.02580
1760.95454,0.02592
1759.02579,0.02610
1757.09703,0.02641
1755.16827,0.02686
1753.23952,0.02758
1751.31076,0.02874
1749.38200,0.03059
1747.45325,0.03320
1745.52449,0.03657
1743.59573,0.04067
1741.66698,0.04546
1739.73822,0.05096
1737.80947,0.05637
1735.88071,0.06163
1733.95195,0.06792
1732.02320,0.07422
1730.09444,0.07958
1728.16568,0.08485
1726.23693,0.09014
1724.30817,0.09541
1722.37942,0.10052
1720.45066,0.10525
1718.52190,0.11006
1716.59315,0.11470
1714.66439,0.11769
1712.73563,0.11879
1710.80688,0.11822
1708.87812,0.11610
1706.94936,0.11255
1705.02061,0.10804
1703.09185,0.10377
1701.16310,0.09900
1699.23434,0.09356
1697.30558,0.08931
1695.37683,0.08556
1693.44807,0.08234
1691.51931,0.08001
1689.59056,0.07801
1687.66180,0.07647
1685.73304,0.07511
1683.80429,0.07336
1681.87553,0.07193
1679.94678,0.07102
1678.01802,0.07000
1676.08926,0.06865
1674.16051,0.06727
1672.23175,0.06631
1670.30299,0.06535
1668.37424,0.06405
1666.44548,0.06298
1664.51672,0.06211
1662.58797,0.06105
1660.65921,0.06004
1658.73046,0.05936
1656.80170,0.05893
1654.87294,0.05844
1652.94419,0.05737
1651.01543,0.05649
1649.08667,0.05619
1647.15792,0.05571
1645.22916,0.05505
1643.30041,0.05468
1641.37165,0.05441
1639.44289,0.05408
1637.51414,0.05370
1635.58538,0.05311
1633.65662,0.05253
1631.72787,0.05223
1629.79911,0.05195
1627.87035,0.05156
1625.94160,0.05116
1624.01284,0.05066
1622.08409,0.05021
1620.15533,0.05007
1618.22657,0.05009
1616.29782,0.04998
1614.36906,0.04977
1612.44030,0.04945
1610.51155,0.04891
1608.58279,0.04823
1606.65403,0.04753
1604.72528,0.04690
1602.79652,0.04628
1600.86777,0.04571
1598.93901,0.04525
1597.01025,0.04486
1595.08150,0.04449
1593.15274,0.04414
1591.22398,0.04385
1589.29523,0.04361
1587.36647,0.04345
1585.43771,0.04353
1583.50896,0.04403
1581.58020,0.04482
1579.65145,0.04560
1577.72269,0.04594
1575.79393,0.04540
1573.86518,0.04443
1571.93642,0.04362
1570.00766,0.04273
1568.07891,0.04181
1566.15015,0.04117
1564.22139,0.04073
1562.29264,0.04038
1560.36388,0.03990
1558.43513,0.03901
1556.50637,0.03839
1554.57761,0.03822
1552.64886,0.03815
1550.72010,0.03797
1548.79134,0.03773
1546.86259,0.03760
1544.93383,0.03748
1543.00508,0.03728
1541.07632,0.03690
1539.14756,0.03623
1537.21881,0.03582
1535.29005,0.03567
1533.36129,0.03544
1531.43254,0.03528
1529.50378,0.03532
1527.57502,0.03535
1525.64627,0.03524
1523.71751,0.03505
1521.78876,0.03467
1519.86000,0.03416
1517.93124,0.03380
1516.00249,0.03362
1514.07373,0.03375
1512.14497,0.03437
1510.21622,0.03576
1508.28746,0.03849
1506.35870,0.04215
1504.42995,0.04356
1502.50119,0.04238
1500.57244,0.04009
1498.64368,0.03764
1496.71492,0.03567
1494.78617,0.03453
1492.85741,0.03412
1490.92865,0.03416
1488.99990,0.03460
1487.07114,0.03565
1485.14238,0.03715
1483.21363,0.03879
1481.28487,0.04037
1479.35612,0.04174
1477.42736,0.04305
1475.49860,0.04459
1473.56985,0.04632
1471.64109,0.04759
1469.71233,0.04790
1467.78358,0.04778
1465.85482,0.04788
1463.92607,0.04848
1461.99731,0.04953
1460.06855,0.05077
1458.13980,0.05201
1456.21104,0.05296
1454.28228,0.05347
1452.35353,0.05366
1450.42477,0.05356
1448.49601,0.05325
1446.56726,0.05287
1444.63850,0.05260
1442.70975,0.05245
1440.78099,0.05244
1438.85223,0.05261
1436.92348,0.05286
1434.99472,0.05319
1433.06596,0.05358
1431.13721,0.05385
1429.20845,0.05389
1427.27969,0.05371
1425.35094,0.05326
1423.42218,0.05274
1421.49343,0.05258
1419.56467,0.05318
1417.63591,0.05519
1415.70716,0.05891
1413.77840,0.06417
1411.84964,0.07023
1409.92089,0.07517
1407.99213,0.07707
1406.06337,0.07550
1404.13462,0.07154
1402.20586,0.06710
1400.27711,0.06305
1398.34835,0.05952
1396.41959,0.05681
1394.49084,0.05491
1392.56208,0.05373
1390.63332,0.05315
1388.70457,0.05300
1386.77581,0.05321
1384.84705,0.05373
1382.91830,0.05461
1380.98954,0.05582
1379.06079,0.05715
1377.13203,0.05855
1375.20327,0.06020
1373.27452,0.06202
1371.34576,0.06339
1369.41700,0.06379
1367.48825,0.06324
1365.55949,0.06229
1363.63074,0.06144
1361.70198,0.06071
1359.77322,0.06004
1357.84447,0.05950
1355.91571,0.05920
1353.98695,0.05917
1352.05820,0.05961
1350.12944,0.06104
1348.20068,0.06422
1346.27193,0.06947
1344.34317,0.07634
1342.41442,0.08371
1340.48566,0.09002
1338.55690,0.09355
1336.62815,0.09322
1334.69939,0.08941
1332.77063,0.08331
1330.84188,0.07650
1328.91312,0.07061
1326.98436,0.06671
1325.05561,0.06497
1323.12685,0.06492
1321.19810,0.06597
1319.26934,0.06780
1317.34058,0.06993
1315.41183,0.07164
1313.48307,0.07254
1311.55431,0.07274
1309.62556,0.07247
1307.69680,0.07186
1305.76804,0.07116
1303.83929,0.07067
1301.91053,0.07064
1299.98178,0.07121
1298.05302,0.07238
1296.12426,0.07408
1294.19551,0.07627
1292.26675,0.07876
1290.33799,0.08134
1288.40924,0.08396
1286.48048,0.08660
1284.55173,0.08932
1282.62297,0.09226
1280.69421,0.09521
1278.76546,0.09780
1276.83670,0.10007
1274.90794,0.10231
1272.97919,0.10459
1271.05043,0.10706
1269.12167,0.10990
1267.19292,0.11304
1265.26416,0.11614
1263.33541,0.11890
1261.40665,0.12111
1259.47789,0.12277
1257.54914,0.12405
1255.62038,0.12532
1253.69162,0.12690
1251.76287,0.12900
1249.83411,0.13147
1247.90535,0.13390
1245.97660,0.13590
1244.04784,0.13720
1242.11909,0.13771
1240.19033,0.13752
1238.26157,0.13664
1236.33282,0.13492
1234.40406,0.13224
1232.47530,0.12870
1230.54655,0.12464
1228.61779,0.12053
1226.68903,0.11674
1224.76028,0.11335
1222.83152,0.11019
1220.90277,0.10717
1218.97401,0.10415
1217.04525,0.10111
1215.11650,0.09847
1213.18774,0.09668
1211.25898,0.09581
1209.33023,0.09560
1207.40147,0.09545
1205.47271,0.09470
1203.54396,0.09311
1201.61520,0.09086
1199.68645,0.08814
1197.75769,0.08516
1195.82893,0.08205
1193.90018,0.07884
1191.97142,0.07574
1190.04266,0.07303
1188.11391,0.07084
1186.18515,0.06929
1184.25640,0.06855
1182.32764,0.06856
1180.39888,0.06911
1178.47013,0.07017
1176.54137,0.07178
1174.61261,0.07381
1172.68386,0.07598
1170.75510,0.07827
1168.82634,0.08083
1166.89759,0.08370
1164.96883,0.08673
1163.04008,0.08934
1161.11132,0.09095
1159.18256,0.09142
1157.25381,0.09102
1155.32505,0.09017
1153.39629,0.08926
1151.46754,0.08854
1149.53878,0.08800
1147.61002,0.08754
1145.68127,0.08709
1143.75251,0.08676
1141.82376,0.08686
1139.89500,0.08783
1137.96624,0.09026
1136.03749,0.09438
1134.10873,0.09971
1132.17997,0.10573
1130.25122,0.11250
1128.32246,0.11999
1126.39370,0.12781
1124.46495,0.13527
1122.53619,0.14174
1120.60744,0.14733
1118.67868,0.15265
1116.74992,0.15820
1114.82117,0.16407
1112.89241,0.16964
1110.96365,0.17424
1109.03490,0.17808
1107.10614,0.18174
1105.17739,0.18536
1103.24863,0.18871
1101.31987,0.19107
1099.39112,0.19185
1097.46236,0.19133
1095.53360,0.19014
1093.60485,0.18858
1091.67609,0.18687
1089.74733,0.18539
1087.81858,0.18432
1085.88982,0.18339
1083.96107,0.18245
1082.03231,0.18165
1080.10355,0.18098
1078.17480,0.18010
1076.24604,0.17872
1074.31728,0.17701
1072.38853,0.17549
1070.45977,0.17491
1068.53101,0.17582
1066.60226,0.17834
1064.67350,0.18227
1062.74475,0.18727
1060.81599,0.19245
1058.88723,0.19673
1056.95848,0.19980
1055.02972,0.20165
1053.10096,0.20220
1051.17221,0.20163
1049.24345,0.20022
1047.31469,0.19811
1045.38594,0.19578
1043.45718,0.19403
1041.52843,0.19335
1039.59967,0.19392
1037.67091,0.19556
1035.74216,0.19774
1033.81340,0.19982
1031.88464,0.20109
1029.95589,0.20146
1028.02713,0.20222
1026.09838,0.20502
1024.16962,0.21022
1022.24086,0.21681
1020.31211,0.22332
1018.38335,0.22810
1016.45459,0.22926
1014.52584,0.22630
1012.59708,0.22111
1010.66832,0.21596
1008.73957,0.21187
1006.81081,0.20902
1004.88206,0.20727
1002.95330,0.20612
1001.02454,0.20492
999.09579,0.20339
997.16703,0.20154
995.23827,0.19948
993.30952,0.19741
991.38076,0.19555
989.45200,0.19419
987.52325,0.19370
985.59449,0.19393
983.66574,0.19395
981.73698,0.19291
979.80822,0.19092
977.87947,0.18855
975.95071,0.18596
974.02195,0.18333
972.09320,0.18088
970.16444,0.17832
968.23568,0.17547
966.30693,0.17252
964.37817,0.16935
962.44942,0.16588
960.52066,0.16240
958.59190,0.15914
956.66315,0.15610
954.73439,0.15318
952.80563,0.15026
950.87688,0.14746
948.94812,0.14499
947.01936,0.14283
945.09061,0.14079
943.16185,0.13882
941.23310,0.13711
939.30434,0.13564
937.37558,0.13412
935.44683,0.13248
933.51807,0.13088
931.58931,0.12937
929.66056,0.12784
927.73180,0.12635
925.80305,0.12498
923.87429,0.12366
921.94553,0.12228
920.01678,0.12088
918.08802,0.11965
916.15926,0.11873
914.23051,0.11828
912.30175,0.11832
910.37299,0.11853
908.44424,0.11872
906.51548,0.11898
904.58673,0.11934
902.65797,0.11984
900.72921,0.12049
898.80046,0.12097
896.87170,0.12093
894.94294,0.12045
893.01419,0.11965
891.08543,0.11861
889.15667,0.11754
887.22792,0.11676
885.29916,0.11642
883.37041,0.11680
881.44165,0.11827
879.51289,0.12090
877.58414,0.12481
875.65538,0.13030
873.72662,0.13644
871.79787,0.13979
869.86911,0.13753
867.94035,0.13148
866.01160,0.12560
864.08284,0.12149
862.15409,0.11883
860.22533,0.11728
858.29657,0.11671
856.36782,0.11666
854.43906,0.11672
852.51030,0.11710
850.58155,0.11811
848.65279,0.11935
846.72404,0.11995
844.79528,0.11948
842.86652,0.11817
840.93777,0.11647
839.00901,0.11477
837.08025,0.11307
835.15150,0.11115
833.22274,0.10911
831.29398,0.10747
829.36523,0.10622
827.43647,0.10489
825.50772,0.10355
823.57896,0.10264
821.65020,0.10206
819.72145,0.10144
817.79269,0.10071
815.86393,0.10003
813.93518,0.09956
812.00642,0.09934
810.07766,0.09926
808.14891,0.09904
806.22015,0.09873
804.29140,0.09855
802.36264,0.09830
800.43388,0.09798
798.50513,0.09805
796.57637,0.09909
794.64761,0.10098
792.71886,0.10247
790.79010,0.10252
788.86134,0.10151
786.93259,0.10012
785.00383,0.09853
783.07508,0.09701
781.14632,0.09587
779.21756,0.09495
777.28881,0.09399
775.36005,0.09327
773.43129,0.09283
771.50254,0.09222
769.57378,0.09142
767.64502,0.09065
765.71627,0.08980
763.78751,0.08875
761.85876,0.08766
759.93000,0.08677
758.00124,0.08612
756.07249,0.08556
754.14373,0.08486
752.21497,0.08410
750.28622,0.08361
748.35746,0.08332
746.42871,0.08314
744.49995,0.08362
742.57119,0.08562
740.64244,0.09001
738.71368,0.09759
736.78492,0.10846
734.85617,0.12172
732.92741,0.13611
730.99865,0.15090
729.06990,0.16594
727.14114,0.18056
725.21239,0.19288
723.28363,0.20073
721.35487,0.20338
719.42612,0.20225
717.49736,0.19920
715.56860,0.19552
713.63985,0.19211
711.71109,0.18932
709.78233,0.18691
707.85358,0.18480
705.92482,0.18285
703.99607,0.18079
702.06731,0.17858
700.13855,0.17611
698.20980,0.17339
696.28104,0.17081
694.35228,0.16841
692.42353,0.16609
690.49477,0.16407
688.56601,0.16262
686.63726,0.16171
684.70850,0.16139
682.77975,0.16178
680.85099,0.16244
678.92223,0.16296
676.99348,0.16383
675.06472,0.16540
673.13596,0.16728
671.20721,0.16901
669.27845,0.17021
667.34970,0.17071
665.42094,0.17145
663.49218,0.17266
661.56343,0.17367
659.63467,0.17381
657.70591,0.17280
655.77716,0.17068
653.84840,0.16811
651.91964,0.16613
649.99089,0.16512
648.06213,0.16463
646.13338,0.16443
644.20462,0.16458
642.27586,0.16501
640.34711,0.16548
638.41835,0.16592
636.48959,0.16663
634.56084,0.16810
632.63208,0.17049
630.70332,0.17245
628.77457,0.17217
626.84581,0.17051
624.91706,0.17053
622.98830,0.17275
621.05954,0.17388
619.13079,0.17236
617.20203,0.17097
615.27327,0.17267
613.34452,0.17703
611.41576,0.18199
609.48700,0.18481
607.55825,0.18329
605.62949,0.17999
603.70074,0.17820
601.77198,0.17752
599.84322,0.17867
