3996.35288,0.02443
3994.42414,0.02435
3992.49539,0.02429
3990.56665,0.02431
3988.63791,0.02420
3986.70917,0.02403
3984.78043,0.02393
3982.85169,0.02389
3980.92294,0.02386
3978.99420,0.02383
3977.06546,0.02378
3975.13672,0.02381
3973.20798,0.02391
3971.27924,0.02402
3969.35049,0.02414
3967.42175,0.02417
3965.49301,0.02402
3963.56427,0.02386
3961.63553,0.02382
3959.70679,0.02380
3957.77804,0.02372
3955.84930,0.02361
3953.92056,0.02362
3951.99182,0.02379
3950.06308,0.02390
3948.13433,0.02389
3946.20559,0.02396
3944.27685,0.02401
3942.34811,0.02387
3940.41937,0.02382
3938.49063,0.02395
3936.56188,0.02402
3934.63314,0.02394
3932.70440,0.02384
3930.77566,0.02375
3928.84692,0.02370
3926.91818,0.02371
3924.98943,0.02380
3923.06069,0.02390
3921.13195,0.02384
3919.20321,0.02359
3917.27447,0.02335
3915.34573,0.02327
3913.41698,0.02331
3911.48824,0.02332
3909.55950,0.02332
3907.63076,0.02344
3905.70202,0.02363
3903.77327,0.02368
3901.84453,0.02358
3899.91579,0.02352
3897.98705,0.02339
3896.05831,0.02322
3894.12957,0.02325
3892.20082,0.02342
3890.27208,0.02356
3888.34334,0.02357
3886.41460,0.02336
3884.48586,0.02316
3882.55712,0.02327
3880.62837,0.02330
3878.69963,0.02317
3876.77089,0.02321
3874.84215,0.02334
3872.91341,0.02342
3870.98467,0.02332
3869.05592,0.02312
3867.12718,0.02309
3865.19844,0.02319
3863.26970,0.02325
3861.34096,0.02329
3859.41221,0.02340
3857.48347,0.02355
3855.55473,0.02351
3853.62599,0.02306
3851.69725,0.02281
3849.76851,0.02306
3847.83976,0.02329
3845.91102,0.02333
3843.98228,0.02328
3842.05354,0.02316
3840.12480,0.02302
3838.19606,0.02299
3836.26731,0.02317
3834.33857,0.02328
3832.40983,0.02318
3830.48109,0.02307
3828.55235,0.02313
3826.62361,0.02320
3824.69486,0.02321
3822.76612,0.02335
3820.83738,0.02358
3818.90864,0.02374
3816.97990,0.02364
3815.05115,0.02318
3813.12241,0.02287
3811.19367,0.02293
3809.26493,0.02313
3807.33619,0.02331
3805.40745,0.02340
3803.47870,0.02340
3801.54996,0.02323
3799.62122,0.02308
3797.69248,0.02303
3795.76374,0.02284
3793.83500,0.02271
3791.90625,0.02282
3789.97751,0.02291
3788.04877,0.02290
3786.12003,0.02294
3784.19129,0.02305
3782.26255,0.02319
3780.33380,0.02323
3778.40506,0.02309
3776.47632,0.02291
3774.54758,0.02284
3772.61884,0.02290
3770.69009,0.02294
3768.76135,0.02283
3766.83261,0.02276
3764.90387,0.02283
3762.97513,0.02295
3761.04639,0.02296
3759.11764,0.02283
3757.18890,0.02287
3755.26016,0.02319
3753.33142,0.02342
3751.40268,0.02323
3749.47394,0.02296
3747.54519,0.02301
3745.61645,0.02287
3743.68771,0.02241
3741.75897,0.02236
3739.83023,0.02264
3737.90149,0.02274
3735.97274,0.02261
3734.04400,0.02250
3732.11526,0.02254
3730.18652,0.02261
3728.25778,0.02259
3726.32904,0.02248
3724.40029,0.02235
3722.47155,0.02223
3720.54281,0.02219
3718.61407,0.02229
3716.68533,0.02250
3714.75658,0.02267
3712.82784,0.02257
3710.89910,0.02215
3708.97036,0.02190
3707.04162,0.02202
3705.11288,0.02223
3703.18413,0.02221
3701.25539,0.02210
3699.32665,0.02229
3697.39791,0.02263
3695.46917,0.02273
3693.54043,0.02263
3691.61168,0.02256
3689.68294,0.02244
3687.75420,0.02226
3685.82546,0.02221
3683.89672,0.02217
3681.96798,0.02212
3680.03923,0.02223
3678.11049,0.02242
3676.18175,0.02246
3674.25301,0.02254
3672.32427,0.02291
3670.39552,0.02310
3668.46678,0.02287
3666.53804,0.02261
3664.60930,0.02261
3662.68056,0.02283
3660.75182,0.02299
3658.82307,0.02297
3656.89433,0.02281
3654.96559,0.02273
3653.03685,0.02288
3651.10811,0.02299
3649.17937,0.02280
3647.25062,0.02267
3645.32188,0.02288
3643.39314,0.02320
3641.46440,0.02332
3639.53566,0.02314
3637.60692,0.02303
3635.67817,0.02322
3633.74943,0.02343
3631.82069,0.02351
3629.89195,0.02363
3627.96321,0.02379
3626.03446,0.02388
3624.10572,0.02405
3622.17698,0.02430
3620.24824,0.02432
3618.31950,0.02404
3616.39076,0.02396
3614.46201,0.02412
3612.53327,0.02426
3610.60453,0.02434
3608.67579,0.02439
3606.74705,0.02452
3604.81831,0.02478
3602.88956,0.02498
3600.96082,0.02497
3599.03208,0.02490
3597.10334,0.02489
3595.17460,0.02495
3593.24586,0.02511
3591.31711,0.02529
3589.38837,0.02537
3587.45963,0.02526
3585.53089,0.02511
3583.60215,0.02529
3581.67340,0.02568
3579.74466,0.02592
3577.81592,0.02613
3575.88718,0.02642
3573.95844,0.02657
3572.02970,0.02668
3570.10095,0.02680
3568.17221,0.02685
3566.24347,0.02704
3564.31473,0.02749
3562.38599,0.02787
3560.45725,0.02799
3558.52850,0.02799
3556.59976,0.02796
3554.67102,0.02802
3552.74228,0.02825
3550.81354,0.02852
3548.88480,0.02856
3546.95605,0.02844
3545.02731,0.02859
3543.09857,0.02903
3541.16983,0.02934
3539.24109,0.02947
3537.31234,0.02968
3535.38360,0.03003
3533.45486,0.03032
3531.52612,0.03058
3529.59738,0.03085
3527.66864,0.03104
3525.73989,0.03125
3523.81115,0.03151
3521.88241,0.03167
3519.95367,0.03176
3518.02493,0.03186
3516.09619,0.03202
3514.16744,0.03219
3512.23870,0.03228
3510.30996,0.03241
3508.38122,0.03268
3506.45248,0.03302
3504.52374,0.03327
3502.59499,0.03341
3500.66625,0.03353
3498.73751,0.03376
3496.80877,0.03411
3494.88003,0.03450
3492.95128,0.03483
3491.02254,0.03512
3489.09380,0.03538
3487.16506,0.03561
3485.23632,0.03586
3483.30758,0.03607
3481.37883,0.03624
3479.45009,0.03647
3477.52135,0.03684
3475.59261,0.03723
3473.66387,0.03754
3471.73513,0.03787
3469.80638,0.03831
3467.87764,0.03871
3465.94890,0.03901
3464.02016,0.03938
3462.09142,0.03975
3460.16268,0.04001
3458.23393,0.04023
3456.30519,0.04055
3454.37645,0.04101
3452.44771,0.04153
3450.51897,0.04209
3448.59022,0.04255
3446.66148,0.04283
3444.73274,0.04318
3442.80400,0.04366
3440.87526,0.04401
3438.94652,0.04419
3437.01777,0.04435
3435.08903,0.04472
3433.16029,0.04543
3431.23155,0.04634
3429.30281,0.04698
3427.37407,0.04715
3425.44532,0.04722
3423.51658,0.04740
3421.58784,0.04773
3419.65910,0.04824
3417.73036,0.04872
3415.80162,0.04894
3413.87287,0.04909
3411.94413,0.04952
3410.01539,0.05019
3408.08665,0.05073
3406.15791,0.05102
3404.22917,0.05113
3402.30042,0.05122
3400.37168,0.05145
3398.44294,0.05176
3396.51420,0.05200
3394.58546,0.05223
3392.65671,0.05252
3390.72797,0.05279
3388.79923,0.05291
3386.87049,0.05300
3384.94175,0.05332
3383.01301,0.05376
3381.08426,0.05415
3379.15552,0.05456
3377.22678,0.05492
3375.29804,0.05519
3373.36930,0.05556
3371.44056,0.05611
3369.51181,0.05676
3367.58307,0.05742
3365.65433,0.05785
3363.72559,0.05801
3361.79685,0.05820
3359.86811,0.05865
3357.93936,0.05929
3356.01062,0.06003
3354.08188,0.06069
3352.15314,0.06120
3350.22440,0.06181
3348.29565,0.06247
3346.36691,0.06301
3344.43817,0.06351
3342.50943,0.06396
3340.58069,0.06436
3338.65195,0.06465
3336.72320,0.06484
3334.79446,0.06500
3332.86572,0.06516
3330.93698,0.06523
3329.00824,0.06519
3327.07950,0.06499
3325.15075,0.06468
3323.22201,0.06445
3321.29327,0.06431
3319.36453,0.06419
3317.43579,0.06417
3315.50705,0.06410
3313.57830,0.06384
3311.64956,0.06368
3309.72082,0.06384
3307.79208,0.06414
3305.86334,0.06440
3303.93459,0.06459
3302.00585,0.06467
3300.07711,0.06473
3298.14837,0.06494
3296.21963,0.06522
3294.29089,0.06535
3292.36214,0.06528
3290.43340,0.06518
3288.50466,0.06522
3286.57592,0.06535
3284.64718,0.06530
3282.71844,0.06512
3280.78969,0.06506
3278.86095,0.06512
3276.93221,0.06516
3275.00347,0.06522
3273.07473,0.06536
3271.14599,0.06543
3269.21724,0.06528
3267.28850,0.06514
3265.35976,0.06509
3263.43102,0.06488
3261.50228,0.06448
3259.57353,0.06398
3257.64479,0.06345
3255.71605,0.06292
3253.78731,0.06243
3251.85857,0.06203
3249.92983,0.06167
3248.00108,0.06135
3246.07234,0.06109
3244.14360,0.06075
3242.21486,0.06032
3240.28612,0.05995
3238.35738,0.05970
3236.42863,0.05951
3234.49989,0.05922
3232.57115,0.05877
3230.64241,0.05833
3228.71367,0.05807
3226.78493,0.05789
3224.85618,0.05760
3222.92744,0.05723
3220.99870,0.05695
3219.06996,0.05674
3217.14122,0.05650
3215.21247,0.05616
3213.28373,0.05584
3211.35499,0.05563
3209.42625,0.05546
3207.49751,0.05527
3205.56877,0.05496
3203.64002,0.05455
3201.71128,0.05420
3199.78254,0.05387
3197.85380,0.05352
3195.92506,0.05330
3193.99632,0.05321
3192.06757,0.05301
3190.13883,0.05263
3188.21009,0.05226
3186.28135,0.05198
3184.35261,0.05184
3182.42387,0.05172
3180.49512,0.05142
3178.56638,0.05106
3176.63764,0.05081
3174.70890,0.05068
3172.78016,0.05053
3170.85141,0.05029
3168.92267,0.05007
3166.99393,0.04987
3165.06519,0.04959
3163.13645,0.04927
3161.20771,0.04899
3159.27896,0.04876
3157.35022,0.04860
3155.42148,0.04849
3153.49274,0.04838
3151.56400,0.04824
3149.63526,0.04799
3147.70651,0.04766
3145.77777,0.04737
3143.84903,0.04708
3141.92029,0.04680
3139.99155,0.04665
3138.06281,0.04662
3136.13406,0.04658
3134.20532,0.04645
3132.27658,0.04623
3130.34784,0.04599
3128.41910,0.04576
3126.49035,0.04555
3124.56161,0.04536
3122.63287,0.04520
3120.70413,0.04510
3118.77539,0.04505
3116.84665,0.04506
3114.91790,0.04498
3112.98916,0.04462
3111.06042,0.04424
3109.13168,0.04418
3107.20294,0.04431
3105.27420,0.04426
3103.34545,0.04401
3101.41671,0.04372
3099.48797,0.04345
3097.55923,0.04321
3095.63049,0.04300
3093.70175,0.04282
3091.77300,0.04271
3089.84426,0.04267
3087.91552,0.04261
3085.98678,0.04246
3084.05804,0.04237
3082.12930,0.04239
3080.20055,0.04236
3078.27181,0.04221
3076.34307,0.04205
3074.41433,0.04198
3072.48559,0.04198
3070.55684,0.04196
3068.62810,0.04180
3066.69936,0.04154
3064.77062,0.04126
3062.84188,0.04095
3060.91314,0.04073
3058.98439,0.04070
3057.05565,0.04072
3055.12691,0.04059
3053.19817,0.04037
3051.26943,0.04024
3049.34069,0.04019
3047.41194,0.04006
3045.48320,0.03988
3043.55446,0.03971
3041.62572,0.03948
3039.69698,0.03922
3037.76824,0.03901
3035.83949,0.03891
3033.91075,0.03877
3031.98201,0.03852
3030.05327,0.03828
3028.12453,0.03812
3026.19578,0.03807
3024.26704,0.03816
3022.33830,0.03829
3020.40956,0.03837
3018.48082,0.03834
3016.55208,0.03833
3014.62333,0.03837
3012.69459,0.03837
3010.76585,0.03839
3008.83711,0.03843
3006.90837,0.03835
3004.97963,0.03808
3003.05088,0.03786
3001.12214,0.03782
2999.19340,0.03784
2997.26466,0.03784
2995.33592,0.03789
2993.40718,0.03802
2991.47843,0.03811
2989.54969,0.03813
2987.62095,0.03819
2985.69221,0.03833
2983.76347,0.03848
2981.83472,0.03871
2979.90598,0.03904
2977.97724,0.03937
2976.04850,0.03974
2974.11976,0.04021
2972.19102,0.04067
2970.26227,0.04115
2968.33353,0.04163
2966.40479,0.04191
2964.47605,0.04185
2962.54731,0.04157
2960.61857,0.04135
2958.68982,0.04126
2956.76108,0.04123
2954.83234,0.04127
2952.90360,0.04137
2950.97486,0.04155
2949.04612,0.04179
2947.11737,0.04203
2945.18863,0.04223
2943.25989,0.04237
2941.33115,0.04239
2939.40241,0.04232
2937.47366,0.04220
2935.54492,0.04215
2933.61618,0.04227
2931.68744,0.04247
2929.75870,0.04266
2927.82996,0.04289
2925.90121,0.04321
2923.97247,0.04369
2922.04373,0.04444
2920.11499,0.04528
2918.18625,0.04595
2916.25751,0.04643
2914.32876,0.04683
2912.40002,0.04715
2910.47128,0.04746
2908.54254,0.04791
2906.61380,0.04840
2904.68506,0.04879
2902.75631,0.04901
2900.82757,0.04913
2898.89883,0.04921
2896.97009,0.04920
2895.04135,0.04907
2893.11260,0.04885
2891.18386,0.04866
2889.25512,0.04864
2887.32638,0.04860
2885.39764,0.04825
2883.46890,0.04777
2881.54015,0.04743
2879.61141,0.04723
2877.68267,0.04710
2875.75393,0.04702
2873.82519,0.04703
2871.89645,0.04707
2869.96770,0.04702
2868.03896,0.04687
2866.11022,0.04664
2864.18148,0.04636
2862.25274,0.04618
2860.32400,0.04611
2858.39525,0.04604
2856.46651,0.04597
2854.53777,0.04596
2852.60903,0.04594
2850.68029,0.04581
2848.75154,0.04547
2846.82280,0.04494
2844.89406,0.04440
2842.96532,0.04383
2841.03658,0.04326
2839.10784,0.04283
2837.17909,0.04249
2835.25035,0.04218
2833.32161,0.04194
2831.39287,0.04178
2829.46413,0.04162
2827.53539,0.04130
2825.60664,0.04091
2823.67790,0.04071
2821.74916,0.04069
2819.82042,0.04067
2817.89168,0.04050
2815.96294,0.04019
2814.03419,0.03988
2812.10545,0.03967
2810.17671,0.03956
2808.24797,0.03954
2806.31923,0.03959
2804.39048,0.03956
2802.46174,0.03943
2800.53300,0.03927
2798.60426,0.03903
2796.67552,0.03880
2794.74678,0.03873
2792.81803,0.03872
2790.88929,0.03862
2788.96055,0.03848
2787.03181,0.03841
2785.10307,0.03833
2783.17433,0.03818
2781.24558,0.03804
2779.31684,0.03800
2777.38810,0.03801
2775.45936,0.03794
2773.53062,0.03780
2771.60188,0.03772
2769.67313,0.03770
2767.74439,0.03760
2765.81565,0.03754
2763.88691,0.03759
2761.95817,0.03762
2760.02943,0.03756
2758.10068,0.03750
2756.17194,0.03743
2754.24320,0.03738
2752.31446,0.03737
2750.38572,0.03738
2748.45697,0.03741
2746.52823,0.03743
2744.59949,0.03737
2742.67075,0.03726
2740.74201,0.03719
2738.81327,0.03719
2736.88452,0.03718
2734.95578,0.03718
2733.02704,0.03723
2731.09830,0.03730
2729.16956,0.03729
2727.24082,0.03717
2725.31207,0.03697
2723.38333,0.03681
2721.45459,0.03676
2719.52585,0.03678
2717.59711,0.03680
2715.66837,0.03679
2713.73962,0.03680
2711.81088,0.03688
2709.88214,0.03688
2707.95340,0.03672
2706.02466,0.03659
2704.09591,0.03655
2702.16717,0.03650
2700.23843,0.03645
2698.30969,0.03643
2696.38095,0.03639
2694.45221,0.03634
2692.52346,0.03629
2690.59472,0.03621
2688.66598,0.03604
2686.73724,0.03583
2684.80850,0.03575
2682.87976,0.03587
2680.95101,0.03604
2679.02227,0.03605
2677.09353,0.03589
2675.16479,0.03574
2673.23605,0.03572
2671.30731,0.03568
2669.37856,0.03555
2667.44982,0.03551
2665.52108,0.03564
2663.59234,0.03580
2661.66360,0.03583
2659.73485,0.03574
2657.80611,0.03578
2655.87737,0.03595
2653.94863,0.03604
2652.01989,0.03602
2650.09115,0.03594
2648.16240,0.03580
2646.23366,0.03570
2644.30492,0.03570
2642.37618,0.03578
2640.44744,0.03591
2638.51870,0.03598
2636.58995,0.03591
2634.66121,0.03576
2632.73247,0.03564
2630.80373,0.03567
2628.87499,0.03583
2626.94625,0.03590
2625.01750,0.03588
2623.08876,0.03588
2621.16002,0.03591
2619.23128,0.03588
2617.30254,0.03579
2615.37379,0.03574
2613.44505,0.03574
2611.51631,0.03575
2609.58757,0.03583
2607.65883,0.03590
2605.73009,0.03590
2603.80134,0.03589
2601.87260,0.03595
2599.94386,0.03602
2598.01512,0.03599
2596.08638,0.03581
2594.15764,0.03556
2592.22889,0.03545
2590.30015,0.03546
2588.37141,0.03548
2586.44267,0.03548
2584.51393,0.03543
2582.58519,0.03533
2580.65644,0.03538
2578.72770,0.03552
2576.79896,0.03552
2574.87022,0.03541
2572.94148,0.03535
2571.01273,0.03532
2569.08399,0.03526
2567.15525,0.03525
2565.22651,0.03528
2563.29777,0.03524
2561.36903,0.03514
2559.44028,0.03506
2557.51154,0.03505
2555.58280,0.03515
2553.65406,0.03530
2551.72532,0.03535
2549.79658,0.03532
2547.86783,0.03535
2545.93909,0.03546
2544.01035,0.03549
2542.08161,0.03537
2540.15287,0.03524
2538.22413,0.03524
2536.29538,0.03525
2534.36664,0.03519
2532.43790,0.03519
2530.50916,0.03521
2528.58042,0.03508
2526.65167,0.03495
2524.72293,0.03493
2522.79419,0.03495
2520.86545,0.03500
2518.93671,0.03506
2517.00797,0.03503
2515.07922,0.03487
2513.15048,0.03471
2511.22174,0.03474
2509.29300,0.03490
2507.36426,0.03500
2505.43552,0.03494
2503.50677,0.03484
2501.57803,0.03486
2499.64929,0.03490
2497.72055,0.03471
2495.79181,0.03439
2493.86307,0.03423
2491.93432,0.03430
2490.00558,0.03443
2488.07684,0.03450
2486.14810,0.03450
2484.21936,0.03443
2482.29061,0.03439
2480.36187,0.03442
2478.43313,0.03437
2476.50439,0.03419
2474.57565,0.03401
2472.64691,0.03386
2470.71816,0.03376
2468.78942,0.03383
2466.86068,0.03407
2464.93194,0.03420
2463.00320,0.03407
2461.07446,0.03384
2459.14571,0.03380
2457.21697,0.03403
2455.28823,0.03425
2453.35949,0.03428
2451.43075,0.03421
2449.50201,0.03412
2447.57326,0.03406
2445.64452,0.03412
2443.71578,0.03419
2441.78704,0.03406
2439.85830,0.03376
2437.92956,0.03352
2436.00081,0.03343
2434.07207,0.03337
2432.14333,0.03334
2430.21459,0.03348
2428.28585,0.03367
2426.35710,0.03375
2424.42836,0.03373
2422.49962,0.03364
2420.57088,0.03353
2418.64214,0.03348
2416.71340,0.03345
2414.78465,0.03335
2412.85591,0.03328
2410.92717,0.03337
2408.99843,0.03348
2407.06969,0.03343
2405.14095,0.03331
2403.21220,0.03327
2401.28346,0.03322
2399.35472,0.03308
2397.42598,0.03295
2395.49724,0.03295
2393.56850,0.03305
2391.63975,0.03316
2389.71101,0.03320
2387.78227,0.03312
2385.85353,0.03304
2383.92479,0.03311
2381.99604,0.03322
2380.06730,0.03328
2378.13856,0.03344
2376.20982,0.03364
2374.28108,0.03361
2372.35234,0.03335
2370.42359,0.03313
2368.49485,0.03305
2366.56611,0.03303
2364.63737,0.03305
2362.70863,0.03307
2360.77989,0.03314
2358.85114,0.03333
2356.92240,0.03320
2354.99366,0.03264
2353.06492,0.03231
2351.13618,0.03244
2349.20744,0.03255
2347.27869,0.03251
2345.34995,0.03254
2343.42121,0.03255
2341.49247,0.03230
2339.56373,0.03217
2337.63498,0.03238
2335.70624,0.03259
2333.77750,0.03261
2331.84876,0.03244
2329.92002,0.03221
2327.99128,0.03236
2326.06253,0.03307
2324.13379,0.03385
2322.20505,0.03412
2320.27631,0.03371
2318.34757,0.03311
2316.41883,0.03287
2314.49008,0.03291
2312.56134,0.03290
2310.63260,0.03282
2308.70386,0.03277
2306.77512,0.03280
2304.84638,0.03287
2302.91763,0.03293
2300.98889,0.03302
2299.06015,0.03316
2297.13141,0.03325
2295.20267,0.03324
2293.27392,0.03320
2291.34518,0.03323
2289.41644,0.03329
2287.48770,0.03337
2285.55896,0.03352
2283.63022,0.03364
2281.70147,0.03365
2279.77273,0.03358
2277.84399,0.03347
2275.91525,0.03327
2273.98651,0.03312
2272.05777,0.03314
2270.12902,0.03317
2268.20028,0.03295
2266.27154,0.03275
2264.34280,0.03286
2262.41406,0.03310
2260.48532,0.03319
2258.55657,0.03312
2256.62783,0.03294
2254.69909,0.03281
2252.77035,0.03290
2250.84161,0.03301
2248.91286,0.03291
2246.98412,0.03277
2245.05538,0.03271
2243.12664,0.03266
2241.19790,0.03270
2239.26916,0.03293
2237.34041,0.03304
2235.41167,0.03277
2233.48293,0.03242
2231.55419,0.03232
2229.62545,0.03237
2227.69671,0.03252
2225.76796,0.03283
2223.83922,0.03310
2221.91048,0.03314
2219.98174,0.03300
2218.05300,0.03275
2216.12426,0.03245
2214.19551,0.03221
2212.26677,0.03203
2210.33803,0.03189
2208.40929,0.03187
2206.48055,0.03205
2204.55180,0.03227
2202.62306,0.03231
2200.69432,0.03229
2198.76558,0.03237
2196.83684,0.03241
2194.90810,0.03223
2192.97935,0.03194
2191.05061,0.03197
2189.12187,0.03247
2187.19313,0.03282
2185.26439,0.03283
2183.33565,0.03288
2181.40690,0.03273
2179.47816,0.03231
2177.54942,0.03198
2175.62068,0.03184
2173.69194,0.03199
2171.76320,0.03239
2169.83445,0.03265
2167.90571,0.03270
2165.97697,0.03266
2164.04823,0.03256
2162.11949,0.03232
2160.19074,0.03158
2158.26200,0.03043
2156.33326,0.02982
2154.40452,0.02994
2152.47578,0.03019
2150.54704,0.03041
2148.61829,0.03064
2146.68955,0.03075
2144.76081,0.03069
2142.83207,0.03047
2140.90333,0.03039
2138.97459,0.03069
2137.04584,0.03108
2135.11710,0.03099
2133.18836,0.03055
2131.25962,0.03039
2129.33088,0.03066
2127.40214,0.03106
2125.47339,0.03140
2123.54465,0.03164
2121.61591,0.03183
2119.68717,0.03210
2117.75843,0.03241
2115.82969,0.03264
2113.90094,0.03270
2111.97220,0.03269
2110.04346,0.03275
2108.11472,0.03283
2106.18598,0.03279
2104.25723,0.03256
2102.32849,0.03224
2100.39975,0.03206
2098.47101,0.03221
2096.54227,0.03247
2094.61353,0.03235
2092.68478,0.03191
2090.75604,0.03162
2088.82730,0.03169
2086.89856,0.03199
2084.96982,0.03231
2083.04108,0.03246
2081.11233,0.03239
2079.18359,0.03228
2077.25485,0.03221
2075.32611,0.03220
2073.39737,0.03219
2071.46863,0.03210
2069.53988,0.03199
2067.61114,0.03196
2065.68240,0.03198
2063.75366,0.03196
2061.82492,0.03191
2059.89617,0.03182
2057.96743,0.03168
2056.03869,0.03149
2054.10995,0.03149
2052.18121,0.03198
2050.25247,0.03231
2048.32372,0.03175
2046.39498,0.03118
2044.46624,0.03133
2042.53750,0.03148
2040.60876,0.03138
2038.68002,0.03152
2036.75127,0.03164
2034.82253,0.03140
2032.89379,0.03115
2030.96505,0.03098
2029.03631,0.03054
2027.10757,0.03015
2025.17882,0.03031
2023.25008,0.03068
2021.32134,0.03075
2019.39260,0.03058
2017.46386,0.03031
2015.53511,0.03009
2013.60637,0.03019
2011.67763,0.03067
2009.74889,0.03086
2007.82015,0.03022
2005.89141,0.02942
2003.96266,0.02915
2002.03392,0.02945
2000.10518,0.03006
1998.17644,0.03041
1996.24770,0.03045
1994.31896,0.03056
1992.39021,0.03066
1990.46147,0.03049
1988.53273,0.03023
1986.60399,0.03023
1984.67525,0.03054
1982.74651,0.03110
1980.81776,0.03174
1978.88902,0.03203
1976.96028,0.03178
1975.03154,0.03123
1973.10280,0.03055
1971.17405,0.02988
1969.24531,0.02952
1967.31657,0.02961
1965.38783,0.03008
1963.45909,0.03058
1961.53035,0.03055
1959.60160,0.03005
1957.67286,0.02972
1955.74412,0.02980
1953.81538,0.03000
1951.88664,0.03009
1949.95790,0.02994
1948.02915,0.02972
1946.10041,0.02961
1944.17167,0.02961
1942.24293,0.02968
1940.31419,0.02975
1938.38545,0.02969
1936.45670,0.02947
1934.52796,0.02918
1932.59922,0.02887
1930.67048,0.02870
1928.74174,0.02875
1926.81299,0.02873
1924.88425,0.02842
1922.95551,0.02812
1921.02677,0.02818
1919.09803,0.02839
1917.16929,0.02832
1915.24054,0.02809
1913.31180,0.02801
1911.38306,0.02797
1909.45432,0.02790
1907.52558,0.02790
1905.59684,0.02784
1903.66809,0.02757
1901.73935,0.02724
1899.81061,0.02721
1897.88187,0.02745
1895.95313,0.02756
1894.02439,0.02731
1892.09564,0.02690
1890.16690,0.02656
1888.23816,0.02647
1886.30942,0.02654
1884.38068,0.02647
1882.45193,0.02627
1880.52319,0.02624
1878.59445,0.02632
1876.66571,0.02636
1874.73697,0.02630
1872.80823,0.02618
1870.87948,0.02606
1868.95074,0.02595
1867.02200,0.02586
1865.09326,0.02580
1863.16452,0.02575
1861.23578,0.02566
1859.30703,0.02552
1857.37829,0.02547
1855.44955,0.02548
1853.52081,0.02550
1851.59207,0.02551
1849.66333,0.02558
1847.73458,0.02575
1845.80584,0.02589
1843.87710,0.02586
1841.94836,0.02581
1840.01962,0.02582
1838.09087,0.02578
1836.16213,0.02567
1834.23339,0.02558
1832.30465,0.02551
1830.37591,0.02551
1828.44717,0.02563
1826.51842,0.02567
1824.58968,0.02556
1822.66094,0.02540
1820.73220,0.02526
1818.80346,0.02507
1816.87472,0.02485
1814.94597,0.02474
1813.01723,0.02477
1811.08849,0.02479
1809.15975,0.02471
1807.23101,0.02451
1805.30227,0.02428
1803.37352,0.02413
1801.44478,0.02411
1799.51604,0.02404
1797.58730,0.02389
1795.65856,0.02378
1793.72982,0.02366
1791.80107,0.02341
1789.87233,0.02314
1787.94359,0.02301
1786.01485,0.02297
1784.08611,0.02291
1782.15736,0.02278
1780.22862,0.02265
1778.29988,0.02254
1776.37114,0.02240
1774.44240,0.02218
1772.51366,0.02197
1770.58491,0.02186
1768.65617,0.02173
1766.72743,0.02160
1764.79869,0.02158
1762.86995,0.02162
1760.94121,0.02159
1759.01246,0.02153
1757.08372,0.02162
1755.15498,0.02194
1753.22624,0.02248
1751.29750,0.02332
1749.36876,0.02475
1747.44001,0.02678
1745.51127,0.02931
1743.58253,0.03236
1741.65379,0.03599
1739.72505,0.04032
1737.79630,0.04465
1735.86756,0.04889
1733.93882,0.05420
1732.01008,0.05959
1730.08134,0.06406
1728.15260,0.06844
1726.22385,0.07281
1724.29511,0.07718
1722.36637,0.08146
1720.43763,0.08545
1718.50889,0.08961
1716.58015,0.09396
1714.65140,0.09706
1712.72266,0.09842
1710.79392,0.09825
1708.86518,0.09678
1706.93644,0.09409
1705.00770,0.09056
1703.07895,0.08717
1701.15021,0.08322
1699.22147,0.07866
1697.29273,0.07526
1695.36399,0.07227
1693.43524,0.06966
1691.50650,0.06774
1689.57776,0.06599
1687.64902,0.06463
1685.72028,0.06365
1683.79154,0.06238
1681.86279,0.06105
1679.93405,0.06001
1678.00531,0.05905
1676.07657,0.05800
1674.14783,0.05700
1672.21909,0.05633
1670.29034,0.05565
1668.36160,0.05466
1666.43286,0.05373
1664.50412,0.05291
1662.57538,0.05203
1660.64664,0.05120
1658.71789,0.05065
1656.78915,0.05037
1654.86041,0.05004
1652.93167,0.04922
1651.00293,0.04860
1649.07418,0.04839
1647.14544,0.04791
1645.21670,0.04732
1643.28796,0.04709
1641.35922,0.04694
1639.43048,0.04675
1637.50173,0.04647
1635.57299,0.04593
1633.64425,0.04540
1631.71551,0.04509
1629.78677,0.04483
1627.85803,0.04457
1625.92928,0.04430
1624.00054,0.04391
1622.07180,0.04353
1620.14306,0.04338
1618.21432,0.04331
1616.28558,0.04316
1614.35683,0.04303
1612.42809,0.04290
1610.49935,0.04254
1608.57061,0.04195
1606.64187,0.04129
1604.71312,0.04070
1602.78438,0.04023
1600.85564,0.03982
1598.92690,0.03943
1596.99816,0.03907
1595.06942,0.03872
1593.14067,0.03841
1591.21193,0.03819
1589.28319,0.03801
1587.35445,0.03794
1585.42571,0.03818
1583.49697,0.03874
1581.56822,0.03944
1579.63948,0.04009
1577.71074,0.04035
1575.78200,0.03992
1573.85326,0.03921
1571.92452,0.03856
1569.99577,0.03772
1568.06703,0.03688
1566.13829,0.03635
1564.20955,0.03598
1562.28081,0.03577
1560.35206,0.03553
1558.42332,0.03485
1556.49458,0.03424
1554.56584,0.03391
1552.63710,0.03372
1550.70836,0.03364
1548.77961,0.03350
1546.85087,0.03334
1544.92213,0.03324
1542.99339,0.03313
1541.06465,0.03290
1539.13591,0.03253
1537.20716,0.03226
1535.27842,0.03208
1533.34968,0.03183
1531.42094,0.03159
1529.49220,0.03145
1527.56346,0.03130
1525.63471,0.03105
1523.70597,0.03082
1521.77723,0.03056
1519.84849,0.03025
1517.91975,0.03004
1515.99100,0.02984
1514.06226,0.02975
1512.13352,0.03016
1510.20478,0.03127
1508.27604,0.03348
1506.34730,0.03652
1504.41855,0.03769
1502.48981,0.03670
1500.56107,0.03482
1498.63233,0.03283
1496.70359,0.03124
1494.77485,0.03025
1492.84610,0.02982
1490.91736,0.02980
1488.98862,0.03019
1487.05988,0.03098
1485.13114,0.03210
1483.20240,0.03346
1481.27365,0.03479
1479.34491,0.03585
1477.41617,0.03676
1475.48743,0.03788
1473.55869,0.03944
1471.62995,0.04082
1469.70120,0.04117
1467.77246,0.04096
1465.84372,0.04102
1463.91498,0.04159
1461.98624,0.04244
1460.05749,0.04338
1458.12875,0.04442
1456.20001,0.04539
1454.27127,0.04597
1452.34253,0.04622
1450.41379,0.04621
1448.48504,0.04598
1446.55630,0.04567
1444.62756,0.04543
1442.69882,0.04529
1440.77008,0.04532
1438.84134,0.04545
1436.91259,0.04558
1434.98385,0.04590
1433.05511,0.04639
1431.12637,0.04664
1429.19763,0.04646
1427.26889,0.04598
1425.34014,0.04538
1423.41140,0.04486
1421.48266,0.04462
1419.55392,0.04483
1417.62518,0.04616
1415.69643,0.04910
1413.76769,0.05349
1411.83895,0.05851
1409.91021,0.06251
1407.98147,0.06402
1406.05273,0.06265
1404.12398,0.05934
1402.19524,0.05574
1400.26650,0.05250
1398.33776,0.04961
1396.40902,0.04741
1394.48028,0.04593
1392.55153,0.04505
1390.62279,0.04464
1388.69405,0.04455
1386.76531,0.04476
1384.83657,0.04525
1382.90783,0.04598
1380.97908,0.04695
1379.05034,0.04815
1377.12160,0.04958
1375.19286,0.05124
1373.26412,0.05298
1371.33537,0.05422
1369.40663,0.05451
1367.47789,0.05396
1365.54915,0.05308
1363.62041,0.05221
1361.69167,0.05142
1359.76292,0.05072
1357.83418,0.05015
1355.90544,0.04980
1353.97670,0.04968
1352.04796,0.04990
1350.11922,0.05099
1348.19047,0.05368
1346.26173,0.05834
1344.33299,0.06462
1342.40425,0.07128
1340.47551,0.07665
1338.54677,0.07908
1336.61802,0.07804
1334.68928,0.07431
1332.76054,0.06898
1330.83180,0.06331
1328.90306,0.05871
1326.97431,0.05593
1325.04557,0.05490
1323.11683,0.05525
1321.18809,0.05664
1319.25935,0.05871
1317.33061,0.06090
1315.40186,0.06263
1313.47312,0.06361
1311.54438,0.06379
1309.61564,0.06329
1307.68690,0.06242
1305.75816,0.06155
1303.82941,0.06087
1301.90067,0.06050
1299.97193,0.06073
1298.04319,0.06168
1296.11445,0.06323
1294.18571,0.06523
1292.25696,0.06743
1290.32822,0.06955
1288.39948,0.07164
1286.47074,0.07393
1284.54200,0.07649
1282.61325,0.07919
1280.68451,0.08166
1278.75577,0.08371
1276.82703,0.08559
1274.89829,0.08753
1272.96955,0.08951
1271.04080,0.09160
1269.11206,0.09390
1267.18332,0.09638
1265.25458,0.09888
1263.32584,0.10111
1261.39710,0.10285
1259.46835,0.10405
1257.53961,0.10496
1255.61087,0.10611
1253.68213,0.10772
1251.75339,0.10971
1249.82465,0.11195
1247.89590,0.11413
1245.96716,0.11584
1244.03842,0.11692
1242.10968,0.11745
1240.18094,0.11744
1238.25219,0.11682
1236.32345,0.11554
1234.39471,0.11350
1232.46597,0.11064
1230.53723,0.10721
1228.60849,0.10367
1226.67974,0.10030
1224.75100,0.09720
1222.82226,0.09441
1220.89352,0.09175
1218.96478,0.08898
1217.03604,0.08623
1215.10729,0.08390
1213.17855,0.08233
1211.24981,0.08173
1209.32107,0.08190
1207.39233,0.08202
1205.46359,0.08138
1203.53484,0.07994
1201.60610,0.07803
1199.67736,0.07569
1197.74862,0.07291
1195.81988,0.07000
1193.89113,0.06725
1191.96239,0.06472
1190.03365,0.06251
1188.10491,0.06080
1186.17617,0.05966
1184.24743,0.05901
1182.31868,0.05884
1180.38994,0.05928
1178.46120,0.06030
1176.53246,0.06171
1174.60372,0.06344
1172.67498,0.06556
1170.74623,0.06808
1168.81749,0.07092
1166.88875,0.07387
1164.96001,0.07653
1163.03127,0.07837
1161.10253,0.07901
1159.17378,0.07836
1157.24504,0.07683
1155.31630,0.07510
1153.38756,0.07357
1151.45882,0.07240
1149.53007,0.07176
1147.60133,0.07153
1145.67259,0.07128
1143.74385,0.07113
1141.81511,0.07157
1139.88637,0.07291
1137.95762,0.07553
1136.02888,0.07977
1134.10014,0.08527
1132.17140,0.09136
1130.24266,0.09773
1128.31392,0.10444
1126.38517,0.11133
1124.45643,0.11789
1122.52769,0.12358
1120.59895,0.12836
1118.67021,0.13287
1116.74147,0.13791
1114.81272,0.14363
1112.88398,0.14928
1110.95524,0.15380
1109.02650,0.15702
1107.09776,0.15977
1105.16902,0.16265
1103.24027,0.16529
1101.31153,0.16695
1099.38279,0.16741
1097.45405,0.16683
1095.52531,0.16545
1093.59656,0.16360
1091.66782,0.16172
1089.73908,0.16014
1087.81034,0.15881
1085.88160,0.15751
1083.95286,0.15624
1082.02411,0.15524
1080.09537,0.15468
1078.16663,0.15437
1076.23789,0.15389
1074.30915,0.15297
1072.38041,0.15203
1070.45166,0.15205
1068.52292,0.15358
1066.59418,0.15647
1064.66544,0.16053
1062.73670,0.16545
1060.80796,0.17028
1058.87921,0.17403
1056.95047,0.17635
1055.02173,0.17723
1053.09299,0.17696
1051.16425,0.17586
1049.23550,0.17391
1047.30676,0.17124
1045.37802,0.16843
1043.44928,0.16623
1041.52054,0.16529
1039.59180,0.16597
1037.66305,0.16792
1035.73431,0.17017
1033.80557,0.17175
1031.87683,0.17234
1029.94809,0.17216
1028.01935,0.17215
1026.09060,0.17397
1024.16186,0.17822
1022.23312,0.18364
1020.30438,0.18874
1018.37564,0.19243
1016.44690,0.19328
1014.51815,0.19058
1012.58941,0.18559
1010.66067,0.18049
1008.73193,0.17656
1006.80319,0.17391
1004.87444,0.17229
1002.94570,0.17148
1001.01696,0.17091
999.08822,0.16986
997.15948,0.16800
995.23074,0.16558
993.30199,0.16311
991.37325,0.16102
989.44451,0.15988
987.51577,0.16005
985.58703,0.16098
983.65829,0.16147
981.72954,0.16060
979.80080,0.15843
977.87206,0.15563
975.94332,0.15278
974.01458,0.15024
972.08584,0.14807
970.15709,0.14587
968.22835,0.14327
966.29961,0.14034
964.37087,0.13735
962.44213,0.13436
960.51338,0.13118
958.58464,0.12799
956.65590,0.12513
954.72716,0.12253
952.79842,0.11998
950.86968,0.11758
948.94093,0.11548
947.01219,0.11359
945.08345,0.11174
943.15471,0.10990
941.22597,0.10814
939.29723,0.10656
937.36848,0.10512
935.43974,0.10375
933.51100,0.10262
931.58226,0.10172
929.65352,0.10067
927.72478,0.09957
925.79603,0.09860
923.86729,0.09753
921.93855,0.09642
920.00981,0.09556
918.08107,0.09496
916.15232,0.09452
914.22358,0.09436
912.29484,0.09451
910.36610,0.09478
908.43736,0.09510
906.50862,0.09558
904.57987,0.09623
902.65113,0.09687
900.72239,0.09730
898.79365,0.09750
896.86491,0.09755
894.93617,0.09723
893.00742,0.09636
891.07868,0.09531
889.14994,0.09429
887.22120,0.09326
885.29246,0.09252
883.36372,0.09251
881.43497,0.09341
879.50623,0.09511
877.57749,0.09787
875.64875,0.10247
873.72001,0.10835
871.79126,0.11206
869.86252,0.11079
867.93378,0.10615
866.00504,0.10144
864.07630,0.09806
862.14756,0.09592
860.21881,0.09460
858.29007,0.09384
856.36133,0.09359
854.43259,0.09380
852.50385,0.09434
850.57511,0.09527
848.64636,0.09644
846.71762,0.09715
844.78888,0.09690
842.86014,0.09587
840.93140,0.09453
839.00266,0.09297
837.07391,0.09128
835.14517,0.08986
833.21643,0.08880
831.28769,0.08782
829.35895,0.08695
827.43020,0.08626
825.50146,0.08562
823.57272,0.08496
821.64398,0.08436
819.71524,0.08389
817.78650,0.08345
815.85775,0.08300
813.92901,0.08274
812.00027,0.08265
810.07153,0.08253
808.14279,0.08231
806.21405,0.08198
804.28530,0.08157
802.35656,0.08122
800.42782,0.08101
798.49908,0.08112
796.57034,0.08191
794.64160,0.08331
792.71285,0.08440
790.78411,0.08431
788.85537,0.08327
786.92663,0.08211
784.99789,0.08107
783.06915,0.08003
781.14040,0.07899
779.21166,0.07806
777.28292,0.07732
775.35418,0.07668
773.42544,0.07601
771.49669,0.07540
769.56795,0.07489
767.63921,0.07433
765.71047,0.07356
763.78173,0.07265
761.85299,0.07181
759.92424,0.07107
757.99550,0.07022
756.06676,0.06926
754.13802,0.06853
752.20928,0.06807
750.28054,0.06753
748.35179,0.06697
746.42305,0.06675
744.49431,0.06717
742.56557,0.06887
740.63683,0.07278
738.70809,0.07932
736.77934,0.08840
734.85060,0.09963
732.92186,0.11211
730.99312,0.12501
729.06438,0.13811
727.13563,0.15117
725.20689,0.16282
723.27815,0.17080
721.34941,0.17399
719.42067,0.17328
717.49193,0.17058
715.56318,0.16752
713.63444,0.16488
711.70570,0.16283
709.77696,0.16103
707.84822,0.15894
705.91948,0.15662
703.99073,0.15475
702.06199,0.15340
700.13325,0.15175
698.20451,0.14935
696.27577,0.14659
694.34703,0.14421
692.41828,0.14256
690.48954,0.14136
688.56080,0.14041
686.63206,0.13977
684.70332,0.13935
682.77457,0.13919
680.84583,0.13964
678.91709,0.14054
676.98835,0.14157
675.05961,0.14299
673.13087,0.14500
671.20212,0.14723
669.27338,0.14967
667.34464,0.15185
665.41590,0.15255
663.48716,0.15271
661.55842,0.15295
659.62967,0.15227
657.70093,0.15012
655.77219,0.14780
653.84345,0.14606
651.91471,0.14457
649.98597,0.14363
648.05722,0.14377
646.12848,0.14460
644.19974,0.14526
642.27100,0.14532
640.34226,0.14478
638.41351,0.14410
636.48477,0.14414
634.55603,0.14548
632.62729,0.14752
630.69855,0.14882
628.76981,0.14895
626.84106,0.14835
624.91232,0.14749
622.98358,0.14825
621.05484,0.15168
619.12610,0.15492
617.19736,0.15653
615.26861,0.15734
613.33987,0.15823
611.41113,0.16038
609.48239,0.16060
607.55365,0.15627
605.62491,0.15289
603.69616,0.15443
601.76742,0.15752
599.83868,0.15894
