3996.35288,0.02452
3994.42414,0.02464
3992.49539,0.02461
3990.56665,0.02439
3988.63791,0.02424
3986.70917,0.02429
3984.78043,0.02439
3982.85169,0.02446
3980.92294,0.02457
3978.99420,0.02463
3977.06546,0.02451
3975.13672,0.02445
3973.20798,0.02458
3971.27924,0.02459
3969.35049,0.02453
3967.42175,0.02463
3965.49301,0.02468
3963.56427,0.02454
3961.63553,0.02438
3959.70679,0.02435
3957.77804,0.02436
3955.84930,0.02435
3953.92056,0.02439
3951.99182,0.02446
3950.06308,0.02447
3948.13433,0.02451
3946.20559,0.02458
3944.27685,0.02454
3942.34811,0.02432
3940.41937,0.02413
3938.49063,0.02402
3936.56188,0.02394
3934.63314,0.02398
3932.70440,0.02406
3930.77566,0.02410
3928.84692,0.02419
3926.91818,0.02435
3924.98943,0.02451
3923.06069,0.02473
3921.13195,0.02489
3919.20321,0.02486
3917.27447,0.02467
3915.34573,0.02439
3913.41698,0.02412
3911.48824,0.02402
3909.55950,0.02418
3907.63076,0.02446
3905.70202,0.02473
3903.77327,0.02497
3901.84453,0.02490
3899.91579,0.02447
3897.98705,0.02400
3896.05831,0.02384
3894.12957,0.02402
3892.20082,0.02419
3890.27208,0.02417
3888.34334,0.02419
3886.41460,0.02415
3884.48586,0.02397
3882.55712,0.02395
3880.62837,0.02398
3878.69963,0.02391
3876.77089,0.02395
3874.84215,0.02403
3872.91341,0.02406
3870.98467,0.02408
3869.05592,0.02394
3867.12718,0.02372
3865.19844,0.02375
3863.26970,0.02404
3861.34096,0.02428
3859.41221,0.02436
3857.48347,0.02441
3855.55473,0.02439
3853.62599,0.02397
3851.69725,0.02356
3849.76851,0.02372
3847.83976,0.02405
3845.91102,0.02425
3843.98228,0.02427
3842.05354,0.02428
3840.12480,0.02418
3838.19606,0.02382
3836.26731,0.02360
3834.33857,0.02378
3832.40983,0.02391
3830.48109,0.02386
3828.55235,0.02386
3826.62361,0.02398
3824.69486,0.02421
3822.76612,0.02433
3820.83738,0.02410
3818.90864,0.02388
3816.97990,0.02385
3815.05115,0.02364
3813.12241,0.02345
3811.19367,0.02356
3809.26493,0.02374
3807.33619,0.02384
3805.40745,0.02400
3803.47870,0.02415
3801.54996,0.02402
3799.62122,0.02385
3797.69248,0.02383
3795.76374,0.02363
3793.83500,0.02336
3791.90625,0.02327
3789.97751,0.02336
3788.04877,0.02352
3786.12003,0.02350
3784.19129,0.02336
3782.26255,0.02353
3780.33380,0.02382
3778.40506,0.02372
3776.47632,0.02349
3774.54758,0.02348
3772.61884,0.02352
3770.69009,0.02343
3768.76135,0.02332
3766.83261,0.02341
3764.90387,0.02357
3762.97513,0.02363
3761.04639,0.02363
3759.11764,0.02367
3757.18890,0.02388
3755.26016,0.02416
3753.33142,0.02429
3751.40268,0.02418
3749.47394,0.02392
3747.54519,0.02379
3745.61645,0.02366
3743.68771,0.02332
3741.75897,0.02317
3739.83023,0.02339
3737.90149,0.02377
3735.97274,0.02388
3734.04400,0.02351
3732.11526,0.02310
3730.18652,0.02296
3728.25778,0.02299
3726.32904,0.02301
3724.40029,0.02311
3722.47155,0.02324
3720.54281,0.02318
3718.61407,0.02313
3716.68533,0.02343
3714.75658,0.02379
3712.82784,0.02369
3710.89910,0.02310
3708.97036,0.02268
3707.04162,0.02269
3705.11288,0.02292
3703.18413,0.02310
3701.25539,0.02320
3699.32665,0.02336
3697.39791,0.02344
3695.46917,0.02333
3693.54043,0.02325
3691.61168,0.02320
3689.68294,0.02292
3687.75420,0.02264
3685.82546,0.02270
3683.89672,0.02292
3681.96798,0.02310
3680.03923,0.02329
3678.11049,0.02352
3676.18175,0.02353
3674.25301,0.02328
3672.32427,0.02326
3670.39552,0.02332
3668.46678,0.02320
3666.53804,0.02310
3664.60930,0.02302
3662.68056,0.02290
3660.75182,0.02292
3658.82307,0.02321
3656.89433,0.02354
3654.96559,0.02372
3653.03685,0.02402
3651.10811,0.02447
3649.17937,0.02444
3647.25062,0.02385
3645.32188,0.02349
3643.39314,0.02353
3641.46440,0.02373
3639.53566,0.02402
3637.60692,0.02426
3635.67817,0.02432
3633.74943,0.02437
3631.82069,0.02462
3629.89195,0.02480
3627.96321,0.02450
3626.03446,0.02411
3624.10572,0.02409
3622.17698,0.02443
3620.24824,0.02486
3618.31950,0.02501
3616.39076,0.02501
3614.46201,0.02505
3612.53327,0.02498
3610.60453,0.02496
3608.67579,0.02504
3606.74705,0.02502
3604.81831,0.02506
3602.88956,0.02539
3600.96082,0.02585
3599.03208,0.02607
3597.10334,0.02610
3595.17460,0.02617
3593.24586,0.02620
3591.31711,0.02610
3589.38837,0.02601
3587.45963,0.02600
3585.53089,0.02616
3583.60215,0.02644
3581.67340,0.02667
3579.74466,0.02686
3577.81592,0.02711
3575.88718,0.02741
3573.95844,0.02757
3572.02970,0.02761
3570.10095,0.02770
3568.17221,0.02789
3566.24347,0.02809
3564.31473,0.02810
3562.38599,0.02808
3560.45725,0.02832
3558.52850,0.02876
3556.59976,0.02924
3554.67102,0.02962
3552.74228,0.02974
3550.81354,0.02971
3548.88480,0.02985
3546.95605,0.03019
3545.02731,0.03049
3543.09857,0.03059
3541.16983,0.03075
3539.24109,0.03109
3537.31234,0.03137
3535.38360,0.03145
3533.45486,0.03151
3531.52612,0.03162
3529.59738,0.03179
3527.66864,0.03205
3525.73989,0.03238
3523.81115,0.03269
3521.88241,0.03295
3519.95367,0.03320
3518.02493,0.03344
3516.09619,0.03359
3514.16744,0.03376
3512.23870,0.03408
3510.30996,0.03451
3508.38122,0.03492
3506.45248,0.03524
3504.52374,0.03551
3502.59499,0.03569
3500.66625,0.03578
3498.73751,0.03587
3496.80877,0.03603
3494.88003,0.03628
3492.95128,0.03664
3491.02254,0.03705
3489.09380,0.03740
3487.16506,0.03784
3485.23632,0.03836
3483.30758,0.03871
3481.37883,0.03892
3479.45009,0.03918
3477.52135,0.03938
3475.59261,0.03954
3473.66387,0.03994
3471.73513,0.04057
3469.80638,0.04108
3467.87764,0.04138
3465.94890,0.04160
3464.02016,0.04182
3462.09142,0.04212
3460.16268,0.04260
3458.23393,0.04321
3456.30519,0.04376
3454.37645,0.04413
3452.44771,0.04438
3450.51897,0.04471
3448.59022,0.04520
3446.66148,0.04559
3444.73274,0.04586
3442.80400,0.04626
3440.87526,0.04675
3438.94652,0.04707
3437.01777,0.04731
3435.08903,0.04774
3433.16029,0.04841
3431.23155,0.04914
3429.30281,0.04977
3427.37407,0.05020
3425.44532,0.05058
3423.51658,0.05106
3421.58784,0.05144
3419.65910,0.05171
3417.73036,0.05211
3415.80162,0.05268
3413.87287,0.05319
3411.94413,0.05356
3410.01539,0.05392
3408.08665,0.05433
3406.15791,0.05474
3404.22917,0.05516
3402.30042,0.05553
3400.37168,0.05574
3398.44294,0.05584
3396.51420,0.05608
3394.58546,0.05646
3392.65671,0.05679
3390.72797,0.05699
3388.79923,0.05723
3386.87049,0.05754
3384.94175,0.05773
3383.01301,0.05793
3381.08426,0.05837
3379.15552,0.05892
3377.22678,0.05950
3375.29804,0.06016
3373.36930,0.06064
3371.44056,0.06088
3369.51181,0.06108
3367.58307,0.06138
3365.65433,0.06181
3363.72559,0.06227
3361.79685,0.06264
3359.86811,0.06314
3357.93936,0.06393
3356.01062,0.06476
3354.08188,0.06545
3352.15314,0.06604
3350.22440,0.06659
3348.29565,0.06723
3346.36691,0.06793
3344.43817,0.06851
3342.50943,0.06907
3340.58069,0.06969
3338.65195,0.07030
3336.72320,0.07078
3334.79446,0.07111
3332.86572,0.07125
3330.93698,0.07118
3329.00824,0.07101
3327.07950,0.07086
3325.15075,0.07074
3323.22201,0.07054
3321.29327,0.07027
3319.36453,0.07012
3317.43579,0.07008
3315.50705,0.06997
3313.57830,0.06989
3311.64956,0.07005
3309.72082,0.07036
3307.79208,0.07060
3305.86334,0.07079
3303.93459,0.07090
3302.00585,0.07087
3300.07711,0.07076
3298.14837,0.07068
3296.21963,0.07079
3294.29089,0.07112
3292.36214,0.07147
3290.43340,0.07155
3288.50466,0.07143
3286.57592,0.07147
3284.64718,0.07164
3282.71844,0.07166
3280.78969,0.07162
3278.86095,0.07173
3276.93221,0.07196
3275.00347,0.07216
3273.07473,0.07214
3271.14599,0.07190
3269.21724,0.07157
3267.28850,0.07126
3265.35976,0.07096
3263.43102,0.07058
3261.50228,0.07026
3259.57353,0.07013
3257.64479,0.06988
3255.71605,0.06940
3253.78731,0.06895
3251.85857,0.06857
3249.92983,0.06819
3248.00108,0.06782
3246.07234,0.06740
3244.14360,0.06698
3242.21486,0.06662
3240.28612,0.06625
3238.35738,0.06580
3236.42863,0.06544
3234.49989,0.06530
3232.57115,0.06523
3230.64241,0.06488
3228.71367,0.06424
3226.78493,0.06364
3224.85618,0.06325
3222.92744,0.06300
3220.99870,0.06277
3219.06996,0.06249
3217.14122,0.06205
3215.21247,0.06157
3213.28373,0.06126
3211.35499,0.06099
3209.42625,0.06065
3207.49751,0.06039
3205.56877,0.06022
3203.64002,0.06001
3201.71128,0.05964
3199.78254,0.05923
3197.85380,0.05888
3195.92506,0.05853
3193.99632,0.05815
3192.06757,0.05779
3190.13883,0.05745
3188.21009,0.05715
3186.28135,0.05698
3184.35261,0.05688
3182.42387,0.05665
3180.49512,0.05638
3178.56638,0.05612
3176.63764,0.05575
3174.70890,0.05525
3172.78016,0.05477
3170.85141,0.05445
3168.92267,0.05429
3166.99393,0.05416
3165.06519,0.05394
3163.13645,0.05365
3161.20771,0.05341
3159.27896,0.05322
3157.35022,0.05299
3155.42148,0.05272
3153.49274,0.05246
3151.56400,0.05223
3149.63526,0.05204
3147.70651,0.05178
3145.77777,0.05147
3143.84903,0.05121
3141.92029,0.05097
3139.99155,0.05071
3138.06281,0.05061
3136.13406,0.05056
3134.20532,0.05036
3132.27658,0.05006
3130.34784,0.04975
3128.41910,0.04941
3126.49035,0.04920
3124.56161,0.04917
3122.63287,0.04913
3120.70413,0.04903
3118.77539,0.04887
3116.84665,0.04863
3114.91790,0.04834
3112.98916,0.04810
3111.06042,0.04794
3109.13168,0.04783
3107.20294,0.04771
3105.27420,0.04756
3103.34545,0.04736
3101.41671,0.04711
3099.48797,0.04691
3097.55923,0.04680
3095.63049,0.04661
3093.70175,0.04630
3091.77300,0.04607
3089.84426,0.04589
3087.91552,0.04570
3085.98678,0.04554
3084.05804,0.04540
3082.12930,0.04529
3080.20055,0.04525
3078.27181,0.04521
3076.34307,0.04510
3074.41433,0.04495
3072.48559,0.04481
3070.55684,0.04467
3068.62810,0.04453
3066.69936,0.04439
3064.77062,0.04419
3062.84188,0.04391
3060.91314,0.04365
3058.98439,0.04347
3057.05565,0.04345
3055.12691,0.04352
3053.19817,0.04344
3051.26943,0.04322
3049.34069,0.04304
3047.41194,0.04292
3045.48320,0.04276
3043.55446,0.04254
3041.62572,0.04224
3039.69698,0.04194
3037.76824,0.04167
3035.83949,0.04146
3033.91075,0.04145
3031.98201,0.04152
3030.05327,0.04141
3028.12453,0.04122
3026.19578,0.04114
3024.26704,0.04113
3022.33830,0.04109
3020.40956,0.04099
3018.48082,0.04091
3016.55208,0.04091
3014.62333,0.04098
3012.69459,0.04104
3010.76585,0.04108
3008.83711,0.04110
3006.90837,0.04114
3004.97963,0.04119
3003.05088,0.04119
3001.12214,0.04114
2999.19340,0.04112
2997.26466,0.04116
2995.33592,0.04116
2993.40718,0.04112
2991.47843,0.04112
2989.54969,0.04121
2987.62095,0.04132
2985.69221,0.04145
2983.76347,0.04162
2981.83472,0.04187
2979.90598,0.04222
2977.97724,0.04257
2976.04850,0.04290
2974.11976,0.04332
2972.19102,0.04384
2970.26227,0.04436
2968.33353,0.04472
2966.40479,0.04483
2964.47605,0.04468
2962.54731,0.04453
2960.61857,0.04452
2958.68982,0.04451
2956.76108,0.04442
2954.83234,0.04433
2952.90360,0.04443
2950.97486,0.04468
2949.04612,0.04492
2947.11737,0.04511
2945.18863,0.04520
2943.25989,0.04524
2941.33115,0.04532
2939.40241,0.04535
2937.47366,0.04525
2935.54492,0.04525
2933.61618,0.04544
2931.68744,0.04559
2929.75870,0.04565
2927.82996,0.04579
2925.90121,0.04603
2923.97247,0.04642
2922.04373,0.04704
2920.11499,0.04775
2918.18625,0.04836
2916.25751,0.04890
2914.32876,0.04947
2912.40002,0.05008
2910.47128,0.05070
2908.54254,0.05128
2906.61380,0.05175
2904.68506,0.05213
2902.75631,0.05247
2900.82757,0.05266
2898.89883,0.05261
2896.97009,0.05245
2895.04135,0.05231
2893.11260,0.05218
2891.18386,0.05199
2889.25512,0.05178
2887.32638,0.05166
2885.39764,0.05146
2883.46890,0.05111
2881.54015,0.05075
2879.61141,0.05048
2877.68267,0.05036
2875.75393,0.05041
2873.82519,0.05044
2871.89645,0.05033
2869.96770,0.05012
2868.03896,0.04986
2866.11022,0.04963
2864.18148,0.04943
2862.25274,0.04926
2860.32400,0.04912
2858.39525,0.04895
2856.46651,0.04873
2854.53777,0.04853
2852.60903,0.04835
2850.68029,0.04812
2848.75154,0.04780
2846.82280,0.04737
2844.89406,0.04686
2842.96532,0.04639
2841.03658,0.04596
2839.10784,0.04549
2837.17909,0.04500
2835.25035,0.04460
2833.32161,0.04434
2831.39287,0.04414
2829.46413,0.04396
2827.53539,0.04380
2825.60664,0.04365
2823.67790,0.04349
2821.74916,0.04329
2819.82042,0.04299
2817.89168,0.04273
2815.96294,0.04261
2814.03419,0.04253
2812.10545,0.04236
2810.17671,0.04213
2808.24797,0.04191
2806.31923,0.04176
2804.39048,0.04165
2802.46174,0.04155
2800.53300,0.04148
2798.60426,0.04140
2796.67552,0.04122
2794.74678,0.04104
2792.81803,0.04097
2790.88929,0.04091
2788.96055,0.04078
2787.03181,0.04068
2785.10307,0.04066
2783.17433,0.04063
2781.24558,0.04060
2779.31684,0.04060
2777.38810,0.04048
2775.45936,0.04024
2773.53062,0.04004
2771.60188,0.03995
2769.67313,0.03985
2767.74439,0.03975
2765.81565,0.03974
2763.88691,0.03972
2761.95817,0.03963
2760.02943,0.03958
2758.10068,0.03961
2756.17194,0.03960
2754.24320,0.03954
2752.31446,0.03954
2750.38572,0.03952
2748.45697,0.03940
2746.52823,0.03929
2744.59949,0.03932
2742.67075,0.03938
2740.74201,0.03936
2738.81327,0.03925
2736.88452,0.03917
2734.95578,0.03913
2733.02704,0.03912
2731.09830,0.03920
2729.16956,0.03932
2727.24082,0.03930
2725.31207,0.03913
2723.38333,0.03895
2721.45459,0.03890
2719.52585,0.03896
2717.59711,0.03899
2715.66837,0.03898
2713.73962,0.03894
2711.81088,0.03887
2709.88214,0.03877
2707.95340,0.03865
2706.02466,0.03853
2704.09591,0.03846
2702.16717,0.03845
2700.23843,0.03847
2698.30969,0.03849
2696.38095,0.03846
2694.45221,0.03836
2692.52346,0.03826
2690.59472,0.03815
2688.66598,0.03807
2686.73724,0.03805
2684.80850,0.03803
2682.87976,0.03797
2680.95101,0.03788
2679.02227,0.03783
2677.09353,0.03782
2675.16479,0.03783
2673.23605,0.03784
2671.30731,0.03776
2669.37856,0.03761
2667.44982,0.03748
2665.52108,0.03740
2663.59234,0.03741
2661.66360,0.03755
2659.73485,0.03778
2657.80611,0.03795
2655.87737,0.03796
2653.94863,0.03792
2652.01989,0.03793
2650.09115,0.03794
2648.16240,0.03794
2646.23366,0.03795
2644.30492,0.03788
2642.37618,0.03781
2640.44744,0.03788
2638.51870,0.03799
2636.58995,0.03796
2634.66121,0.03783
2632.73247,0.03778
2630.80373,0.03787
2628.87499,0.03793
2626.94625,0.03786
2625.01750,0.03772
2623.08876,0.03761
2621.16002,0.03764
2619.23128,0.03780
2617.30254,0.03792
2615.37379,0.03794
2613.44505,0.03783
2611.51631,0.03765
2609.58757,0.03749
2607.65883,0.03747
2605.73009,0.03759
2603.80134,0.03771
2601.87260,0.03769
2599.94386,0.03755
2598.01512,0.03745
2596.08638,0.03742
2594.15764,0.03742
2592.22889,0.03742
2590.30015,0.03743
2588.37141,0.03741
2586.44267,0.03730
2584.51393,0.03717
2582.58519,0.03713
2580.65644,0.03709
2578.72770,0.03707
2576.79896,0.03722
2574.87022,0.03739
2572.94148,0.03745
2571.01273,0.03743
2569.08399,0.03732
2567.15525,0.03722
2565.22651,0.03720
2563.29777,0.03717
2561.36903,0.03717
2559.44028,0.03722
2557.51154,0.03723
2555.58280,0.03726
2553.65406,0.03730
2551.72532,0.03719
2549.79658,0.03703
2547.86783,0.03704
2545.93909,0.03720
2544.01035,0.03725
2542.08161,0.03719
2540.15287,0.03716
2538.22413,0.03713
2536.29538,0.03708
2534.36664,0.03710
2532.43790,0.03718
2530.50916,0.03721
2528.58042,0.03714
2526.65167,0.03704
2524.72293,0.03697
2522.79419,0.03696
2520.86545,0.03699
2518.93671,0.03703
2517.00797,0.03697
2515.07922,0.03679
2513.15048,0.03664
2511.22174,0.03658
2509.29300,0.03659
2507.36426,0.03673
2505.43552,0.03685
2503.50677,0.03679
2501.57803,0.03668
2499.64929,0.03671
2497.72055,0.03676
2495.79181,0.03663
2493.86307,0.03639
2491.93432,0.03619
2490.00558,0.03617
2488.07684,0.03630
2486.14810,0.03644
2484.21936,0.03648
2482.29061,0.03640
2480.36187,0.03621
2478.43313,0.03605
2476.50439,0.03598
2474.57565,0.03595
2472.64691,0.03598
2470.71816,0.03597
2468.78942,0.03587
2466.86068,0.03582
2464.93194,0.03595
2463.00320,0.03610
2461.07446,0.03610
2459.14571,0.03589
2457.21697,0.03562
2455.28823,0.03556
2453.35949,0.03571
2451.43075,0.03583
2449.50201,0.03579
2447.57326,0.03573
2445.64452,0.03577
2443.71578,0.03582
2441.78704,0.03587
2439.85830,0.03583
2437.92956,0.03559
2436.00081,0.03540
2434.07207,0.03546
2432.14333,0.03558
2430.21459,0.03566
2428.28585,0.03570
2426.35710,0.03561
2424.42836,0.03538
2422.49962,0.03521
2420.57088,0.03516
2418.64214,0.03514
2416.71340,0.03510
2414.78465,0.03502
2412.85591,0.03500
2410.92717,0.03509
2408.99843,0.03516
2407.06969,0.03509
2405.14095,0.03499
2403.21220,0.03500
2401.28346,0.03505
2399.35472,0.03503
2397.42598,0.03487
2395.49724,0.03466
2393.56850,0.03457
2391.63975,0.03464
2389.71101,0.03477
2387.78227,0.03485
2385.85353,0.03484
2383.92479,0.03482
2381.99604,0.03487
2380.06730,0.03501
2378.13856,0.03518
2376.20982,0.03526
2374.28108,0.03522
2372.35234,0.03515
2370.42359,0.03500
2368.49485,0.03483
2366.56611,0.03480
2364.63737,0.03489
2362.70863,0.03502
2360.77989,0.03513
2358.85114,0.03505
2356.92240,0.03465
2354.99366,0.03420
2353.06492,0.03396
2351.13618,0.03397
2349.20744,0.03422
2347.27869,0.03454
2345.34995,0.03468
2343.42121,0.03458
2341.49247,0.03440
2339.56373,0.03435
2337.63498,0.03445
2335.70624,0.03456
2333.77750,0.03450
2331.84876,0.03423
2329.92002,0.03411
2327.99128,0.03447
2326.06253,0.03512
2324.13379,0.03562
2322.20505,0.03568
2320.27631,0.03538
2318.34757,0.03499
2316.41883,0.03471
2314.49008,0.03468
2312.56134,0.03480
2310.63260,0.03491
2308.70386,0.03495
2306.77512,0.03493
2304.84638,0.03494
2302.91763,0.03494
2300.98889,0.03489
2299.06015,0.03485
2297.13141,0.03479
2295.20267,0.03477
2293.27392,0.03490
2291.34518,0.03510
2289.41644,0.03515
2287.48770,0.03515
2285.55896,0.03526
2283.63022,0.03534
2281.70147,0.03535
2279.77273,0.03539
2277.84399,0.03536
2275.91525,0.03523
2273.98651,0.03510
2272.05777,0.03495
2270.12902,0.03484
2268.20028,0.03490
2266.27154,0.03500
2264.34280,0.03500
2262.41406,0.03502
2260.48532,0.03506
2258.55657,0.03494
2256.62783,0.03470
2254.69909,0.03454
2252.77035,0.03462
2250.84161,0.03498
2248.91286,0.03525
2246.98412,0.03515
2245.05538,0.03487
2243.12664,0.03473
2241.19790,0.03480
2239.26916,0.03481
2237.34041,0.03462
2235.41167,0.03454
2233.48293,0.03479
2231.55419,0.03506
2229.62545,0.03501
2227.69671,0.03486
2225.76796,0.03479
2223.83922,0.03478
2221.91048,0.03489
2219.98174,0.03506
2218.05300,0.03492
2216.12426,0.03465
2214.19551,0.03465
2212.26677,0.03467
2210.33803,0.03446
2208.40929,0.03444
2206.48055,0.03475
2204.55180,0.03493
2202.62306,0.03477
2200.69432,0.03458
2198.76558,0.03459
2196.83684,0.03474
2194.90810,0.03485
2192.97935,0.03470
2191.05061,0.03451
2189.12187,0.03453
2187.19313,0.03460
2185.26439,0.03447
2183.33565,0.03421
2181.40690,0.03401
2179.47816,0.03405
2177.54942,0.03410
2175.62068,0.03387
2173.69194,0.03360
2171.76320,0.03363
2169.83445,0.03398
2167.90571,0.03441
2165.97697,0.03472
2164.04823,0.03480
2162.11949,0.03446
2160.19074,0.03357
2158.26200,0.03237
2156.33326,0.03169
2154.40452,0.03194
2152.47578,0.03252
2150.54704,0.03281
2148.61829,0.03285
2146.68955,0.03296
2144.76081,0.03311
2142.83207,0.03317
2140.90333,0.03314
2138.97459,0.03319
2137.04584,0.03345
2135.11710,0.03359
2133.18836,0.03333
2131.25962,0.03298
2129.33088,0.03294
2127.40214,0.03314
2125.47339,0.03334
2123.54465,0.03356
2121.61591,0.03382
2119.68717,0.03395
2117.75843,0.03400
2115.82969,0.03414
2113.90094,0.03440
2111.97220,0.03457
2110.04346,0.03453
2108.11472,0.03446
2106.18598,0.03454
2104.25723,0.03462
2102.32849,0.03463
2100.39975,0.03466
2098.47101,0.03456
2096.54227,0.03424
2094.61353,0.03396
2092.68478,0.03388
2090.75604,0.03384
2088.82730,0.03386
2086.89856,0.03400
2084.96982,0.03407
2083.04108,0.03411
2081.11233,0.03427
2079.18359,0.03446
2077.25485,0.03446
2075.32611,0.03417
2073.39737,0.03390
2071.46863,0.03397
2069.53988,0.03400
2067.61114,0.03379
2065.68240,0.03371
2063.75366,0.03380
2061.82492,0.03383
2059.89617,0.03386
2057.96743,0.03398
2056.03869,0.03397
2054.10995,0.03373
2052.18121,0.03382
2050.25247,0.03417
2048.32372,0.03393
2046.39498,0.03331
2044.46624,0.03316
2042.53750,0.03333
2040.60876,0.03341
2038.68002,0.03350
2036.75127,0.03372
2034.82253,0.03352
2032.89379,0.03264
2030.96505,0.03197
2029.03631,0.03207
2027.10757,0.03227
2025.17882,0.03214
2023.25008,0.03224
2021.32134,0.03273
2019.39260,0.03301
2017.46386,0.03288
2015.53511,0.03267
2013.60637,0.03254
2011.67763,0.03239
2009.74889,0.03209
2007.82015,0.03176
2005.89141,0.03169
2003.96266,0.03180
2002.03392,0.03179
2000.10518,0.03165
1998.17644,0.03152
1996.24770,0.03149
1994.31896,0.03178
1992.39021,0.03239
1990.46147,0.03273
1988.53273,0.03263
1986.60399,0.03269
1984.67525,0.03302
1982.74651,0.03326
1980.81776,0.03336
1978.88902,0.03308
1976.96028,0.03225
1975.03154,0.03171
1973.10280,0.03176
1971.17405,0.03165
1969.24531,0.03134
1967.31657,0.03135
1965.38783,0.03161
1963.45909,0.03177
1961.53035,0.03182
1959.60160,0.03181
1957.67286,0.03184
1955.74412,0.03191
1953.81538,0.03188
1951.88664,0.03177
1949.95790,0.03168
1948.02915,0.03165
1946.10041,0.03167
1944.17167,0.03157
1942.24293,0.03146
1940.31419,0.03154
1938.38545,0.03150
1936.45670,0.03113
1934.52796,0.03077
1932.59922,0.03068
1930.67048,0.03066
1928.74174,0.03057
1926.81299,0.03061
1924.88425,0.03074
1922.95551,0.03063
1921.02677,0.03035
1919.09803,0.03028
1917.16929,0.03027
1915.24054,0.03011
1913.31180,0.02992
1911.38306,0.02982
1909.45432,0.02977
1907.52558,0.02973
1905.59684,0.02972
1903.66809,0.02981
1901.73935,0.02984
1899.81061,0.02965
1897.88187,0.02941
1895.95313,0.02924
1894.02439,0.02916
1892.09564,0.02920
1890.16690,0.02918
1888.23816,0.02904
1886.30942,0.02901
1884.38068,0.02908
1882.45193,0.02899
1880.52319,0.02864
1878.59445,0.02831
1876.66571,0.02825
1874.73697,0.02836
1872.80823,0.02843
1870.87948,0.02842
1868.95074,0.02834
1867.02200,0.02815
1865.09326,0.02789
1863.16452,0.02773
1861.23578,0.02777
1859.30703,0.02790
1857.37829,0.02790
1855.44955,0.02775
1853.52081,0.02757
1851.59207,0.02751
1849.66333,0.02760
1847.73458,0.02774
1845.80584,0.02786
1843.87710,0.02782
1841.94836,0.02756
1840.01962,0.02739
1838.09087,0.02742
1836.16213,0.02747
1834.23339,0.02745
1832.30465,0.02746
1830.37591,0.02750
1828.44717,0.02756
1826.51842,0.02763
1824.58968,0.02755
1822.66094,0.02737
1820.73220,0.02723
1818.80346,0.02704
1816.87472,0.02684
1814.94597,0.02676
1813.01723,0.02677
1811.08849,0.02676
1809.15975,0.02666
1807.23101,0.02649
1805.30227,0.02632
1803.37352,0.02624
1801.44478,0.02619
1799.51604,0.02611
1797.58730,0.02602
1795.65856,0.02591
1793.72982,0.02578
1791.80107,0.02555
1789.87233,0.02534
1787.94359,0.02529
1786.01485,0.02524
1784.08611,0.02513
1782.15736,0.02504
1780.22862,0.02491
1778.29988,0.02472
1776.37114,0.02457
1774.44240,0.02447
1772.51366,0.02431
1770.58491,0.02405
1768.65617,0.02382
1766.72743,0.02372
1764.79869,0.02373
1762.86995,0.02381
1760.94121,0.02389
1759.01246,0.02395
1757.08372,0.02400
1755.15498,0.02414
1753.22624,0.02458
1751.29750,0.02550
1749.36876,0.02692
1747.44001,0.02874
1745.51127,0.03096
1743.58253,0.03373
1741.65379,0.03715
1739.72505,0.04123
1737.79630,0.04530
1735.86756,0.04926
1733.93882,0.05393
1732.01008,0.05852
1730.08134,0.06239
1728.15260,0.06620
1726.22385,0.07008
1724.29511,0.07400
1722.36637,0.07782
1720.43763,0.08144
1718.50889,0.08518
1716.58015,0.08869
1714.65140,0.09092
1712.72266,0.09186
1710.79392,0.09164
1708.86518,0.09032
1706.93644,0.08787
1705.00770,0.08463
1703.07895,0.08167
1701.15021,0.07838
1699.22147,0.07445
1697.29273,0.07144
1695.36399,0.06871
1693.43524,0.06627
1691.50650,0.06454
1689.57776,0.06299
1687.64902,0.06178
1685.72028,0.06085
1683.79154,0.05972
1681.86279,0.05876
1679.93405,0.05813
1678.00531,0.05749
1676.07657,0.05663
1674.14783,0.05563
1672.21909,0.05494
1670.29034,0.05434
1668.36160,0.05352
1666.43286,0.05285
1664.50412,0.05229
1662.57538,0.05159
1660.64664,0.05096
1658.71789,0.05058
1656.78915,0.05045
1654.86041,0.05037
1652.93167,0.04963
1651.00293,0.04876
1649.07418,0.04854
1647.14544,0.04832
1645.21670,0.04779
1643.28796,0.04737
1641.35922,0.04718
1639.43048,0.04720
1637.50173,0.04723
1635.57299,0.04676
1633.64425,0.04600
1631.71551,0.04553
1629.78677,0.04521
1627.85803,0.04485
1625.92928,0.04454
1624.00054,0.04417
1622.07180,0.04370
1620.14306,0.04343
1618.21432,0.04335
1616.28558,0.04317
1614.35683,0.04286
1612.42809,0.04255
1610.49935,0.04217
1608.57061,0.04169
1606.64187,0.04113
1604.71312,0.04055
1602.78438,0.03998
1600.85564,0.03943
1598.92690,0.03896
1596.99816,0.03862
1595.06942,0.03839
1593.14067,0.03814
1591.21193,0.03780
1589.28319,0.03745
1587.35445,0.03732
1585.42571,0.03747
1583.49697,0.03781
1581.56822,0.03836
1579.63948,0.03902
1577.71074,0.03939
1575.78200,0.03900
1573.85326,0.03819
1571.92452,0.03756
1569.99577,0.03692
1568.06703,0.03622
1566.13829,0.03575
1564.20955,0.03552
1562.28081,0.03550
1560.35206,0.03543
1558.42332,0.03488
1556.49458,0.03427
1554.56584,0.03388
1552.63710,0.03360
1550.70836,0.03344
1548.77961,0.03328
1546.85087,0.03319
1544.92213,0.03327
1542.99339,0.03344
1541.06465,0.03344
1539.13591,0.03300
1537.20716,0.03253
1535.27842,0.03226
1533.34968,0.03202
1531.42094,0.03177
1529.49220,0.03167
1527.56346,0.03168
1525.63471,0.03166
1523.70597,0.03158
1521.77723,0.03142
1519.84849,0.03118
1517.91975,0.03090
1515.99100,0.03060
1514.06226,0.03048
1512.13352,0.03081
1510.20478,0.03182
1508.27604,0.03391
1506.34730,0.03664
1504.41855,0.03754
1502.48981,0.03659
1500.56107,0.03491
1498.63233,0.03311
1496.70359,0.03161
1494.77485,0.03072
1492.84610,0.03046
1490.91736,0.03059
1488.98862,0.03101
1487.05988,0.03181
1485.13114,0.03293
1483.20240,0.03423
1481.27365,0.03546
1479.34491,0.03648
1477.41617,0.03747
1475.48743,0.03866
1473.55869,0.03993
1471.62995,0.04080
1469.70120,0.04103
1467.77246,0.04106
1465.84372,0.04135
1463.91498,0.04203
1461.98624,0.04299
1460.05749,0.04410
1458.12875,0.04524
1456.20001,0.04605
1454.27127,0.04645
1452.34253,0.04670
1450.41379,0.04680
1448.48504,0.04665
1446.55630,0.04631
1444.62756,0.04605
1442.69882,0.04599
1440.77008,0.04615
1438.84134,0.04649
1436.91259,0.04694
1434.98385,0.04742
1433.05511,0.04789
1431.12637,0.04834
1429.19763,0.04854
1427.26889,0.04837
1425.34014,0.04791
1423.41140,0.04736
1421.48266,0.04705
1419.55392,0.04723
1417.62518,0.04822
1415.69643,0.05045
1413.76769,0.05407
1411.83895,0.05840
1409.91021,0.06182
1407.98147,0.06306
1406.05273,0.06186
1404.12398,0.05893
1402.19524,0.05569
1400.26650,0.05277
1398.33776,0.05018
1396.40902,0.04816
1394.48028,0.04669
1392.55153,0.04567
1390.62279,0.04518
1388.69405,0.04521
1386.76531,0.04564
1384.83657,0.04629
1382.90783,0.04713
1380.97908,0.04821
1379.05034,0.04958
1377.12160,0.05114
1375.19286,0.05285
1373.26412,0.05463
1371.33537,0.05596
1369.40663,0.05640
1367.47789,0.05602
1365.54915,0.05530
1363.62041,0.05462
1361.69167,0.05403
1359.76292,0.05342
1357.83418,0.05289
1355.90544,0.05253
1353.97670,0.05230
1352.04796,0.05233
1350.11922,0.05317
1348.19047,0.05541
1346.26173,0.05938
1344.33299,0.06483
1342.40425,0.07078
1340.47551,0.07588
1338.54677,0.07863
1336.61802,0.07823
1334.68928,0.07516
1332.76054,0.07035
1330.83180,0.06506
1328.90306,0.06069
1326.97431,0.05808
1325.04557,0.05720
1323.11683,0.05764
1321.18809,0.05899
1319.25935,0.06092
1317.33061,0.06291
1315.40186,0.06444
1313.47312,0.06522
1311.54438,0.06522
1309.61564,0.06461
1307.68690,0.06361
1305.75816,0.06245
1303.82941,0.06146
1301.90067,0.06097
1299.97193,0.06110
1298.04319,0.06178
1296.11445,0.06295
1294.18571,0.06453
1292.25696,0.06634
1290.32822,0.06817
1288.39948,0.07002
1286.47074,0.07202
1284.54200,0.07427
1282.61325,0.07671
1280.68451,0.07899
1278.75577,0.08082
1276.82703,0.08234
1274.89829,0.08387
1272.96955,0.08549
1271.04080,0.08722
1269.11206,0.08914
1267.18332,0.09123
1265.25458,0.09338
1263.32584,0.09535
1261.39710,0.09693
1259.46835,0.09803
1257.53961,0.09886
1255.61087,0.09975
1253.68213,0.10100
1251.75339,0.10274
1249.82465,0.10476
1247.89590,0.10667
1245.96716,0.10816
1244.03842,0.10912
1242.10968,0.10957
1240.18094,0.10952
1238.25219,0.10897
1236.32345,0.10783
1234.39471,0.10593
1232.46597,0.10331
1230.53723,0.10022
1228.60849,0.09699
1226.67974,0.09397
1224.75100,0.09127
1222.82226,0.08865
1220.89352,0.08597
1218.96478,0.08333
1217.03604,0.08092
1215.10729,0.07894
1213.17855,0.07764
1211.24981,0.07718
1209.32107,0.07741
1207.39233,0.07771
1205.46359,0.07743
1203.53484,0.07641
1201.60610,0.07476
1199.67736,0.07259
1197.74862,0.06999
1195.81988,0.06719
1193.89113,0.06446
1191.96239,0.06195
1190.03365,0.05980
1188.10491,0.05816
1186.17617,0.05707
1184.24743,0.05649
1182.31868,0.05643
1180.38994,0.05693
1178.46120,0.05792
1176.53246,0.05932
1174.60372,0.06113
1172.67498,0.06343
1170.74623,0.06618
1168.81749,0.06933
1166.88875,0.07285
1164.96001,0.07636
1163.03127,0.07909
1161.10253,0.08044
1159.17378,0.08039
1157.24504,0.07939
1155.31630,0.07803
1153.38756,0.07665
1151.45882,0.07533
1149.53007,0.07426
1147.60133,0.07360
1145.67259,0.07305
1143.74385,0.07239
1141.81511,0.07196
1139.88637,0.07240
1137.95762,0.07421
1136.02888,0.07756
1134.10014,0.08224
1132.17140,0.08774
1130.24266,0.09364
1128.31392,0.10004
1126.38517,0.10687
1124.45643,0.11337
1122.52769,0.11884
1120.59895,0.12362
1118.67021,0.12853
1116.74147,0.13398
1114.81272,0.13976
1112.88398,0.14526
1110.95524,0.14965
1109.02650,0.15278
1107.09776,0.15534
1105.16902,0.15793
1103.24027,0.16023
1101.31153,0.16148
1099.38279,0.16143
1097.45405,0.16039
1095.52531,0.15860
1093.59656,0.15645
1091.66782,0.15457
1089.73908,0.15333
1087.81034,0.15249
1085.88160,0.15165
1083.95286,0.15076
1082.02411,0.15010
1080.09537,0.14995
1078.16663,0.15008
1076.23789,0.15004
1074.30915,0.14980
1072.38041,0.14975
1070.45166,0.15049
1068.52292,0.15249
1066.59418,0.15587
1064.66544,0.16055
1062.73670,0.16609
1060.80796,0.17164
1058.87921,0.17621
1056.95047,0.17914
1055.02173,0.18053
1053.09299,0.18074
1051.16425,0.17979
1049.23550,0.17785
1047.30676,0.17518
1045.37802,0.17211
1043.44928,0.16958
1041.52054,0.16851
1039.59180,0.16914
1037.66305,0.17115
1035.73431,0.17380
1033.80557,0.17612
1031.87683,0.17732
1029.94809,0.17745
1028.01935,0.17765
1026.09060,0.17926
1024.16186,0.18260
1022.23312,0.18676
1020.30438,0.19091
1018.37564,0.19416
1016.44690,0.19512
1014.51815,0.19311
1012.58941,0.18906
1010.66067,0.18473
1008.73193,0.18132
1006.80319,0.17903
1004.87444,0.17762
1002.94570,0.17685
1001.01696,0.17634
999.08822,0.17559
997.15948,0.17420
995.23074,0.17214
993.30199,0.16977
991.37325,0.16776
989.44451,0.16663
987.51577,0.16650
985.58703,0.16700
983.65829,0.16730
981.72954,0.16648
979.80080,0.16417
977.87206,0.16096
975.94332,0.15790
974.01458,0.15559
972.08584,0.15375
970.15709,0.15163
968.22835,0.14896
966.29961,0.14607
964.37087,0.14319
962.44213,0.14039
960.51338,0.13763
958.58464,0.13476
956.65590,0.13186
954.72716,0.12916
952.79842,0.12669
950.86968,0.12438
948.94093,0.12222
947.01219,0.12017
945.08345,0.11823
943.15471,0.11645
941.22597,0.11475
939.29723,0.11316
937.36848,0.11175
935.43974,0.11036
933.51100,0.10910
931.58226,0.10804
929.65352,0.10688
927.72478,0.10543
925.79603,0.10394
923.86729,0.10280
921.93855,0.10195
920.00981,0.10111
918.08107,0.10048
916.15232,0.10021
914.22358,0.10000
912.29484,0.09981
910.36610,0.09989
908.43736,0.10014
906.50862,0.10044
904.57987,0.10097
902.65113,0.10165
900.72239,0.10217
898.79365,0.10243
896.86491,0.10253
894.93617,0.10243
893.00742,0.10182
891.07868,0.10061
889.14994,0.09922
887.22120,0.09817
885.29246,0.09769
883.36372,0.09775
881.43497,0.09838
879.50623,0.09974
877.57749,0.10208
875.64875,0.10571
873.72001,0.11008
871.79126,0.11275
869.86252,0.11148
867.93378,0.10736
866.00504,0.10321
864.07630,0.10017
862.14756,0.09800
860.21881,0.09676
858.29007,0.09645
856.36133,0.09644
854.43259,0.09639
852.50385,0.09657
850.57511,0.09734
848.64636,0.09846
846.71762,0.09913
844.78888,0.09883
842.86014,0.09767
840.93140,0.09606
839.00266,0.09451
837.07391,0.09317
835.14517,0.09185
833.21643,0.09056
831.28769,0.08951
829.35895,0.08865
827.43020,0.08785
825.50146,0.08723
823.57272,0.08665
821.64398,0.08602
819.71524,0.08557
817.78650,0.08543
815.85775,0.08541
813.92901,0.08517
812.00027,0.08474
810.07153,0.08445
808.14279,0.08431
806.21405,0.08410
804.28530,0.08375
802.35656,0.08331
800.42782,0.08287
798.49908,0.08269
796.57034,0.08333
794.64160,0.08480
792.71285,0.08603
790.78411,0.08617
788.85537,0.08536
786.92663,0.08417
784.99789,0.08304
783.06915,0.08212
781.14040,0.08130
779.21166,0.08051
777.28292,0.07985
775.35418,0.07929
773.42544,0.07864
771.49669,0.07799
769.56795,0.07752
767.63921,0.07700
765.71047,0.07624
763.78173,0.07547
761.85299,0.07492
759.92424,0.07436
757.99550,0.07364
756.06676,0.07297
754.13802,0.07239
752.20928,0.07190
750.28054,0.07138
748.35179,0.07075
746.42305,0.07020
744.49431,0.07014
742.56557,0.07132
740.63683,0.07469
738.70809,0.08077
736.77934,0.08933
734.85060,0.09964
732.92186,0.11084
730.99312,0.12232
729.06438,0.13395
727.13563,0.14535
725.20689,0.15503
723.27815,0.16109
721.34941,0.16334
719.42067,0.16304
717.49193,0.16130
715.56318,0.15922
713.63444,0.15739
711.70570,0.15552
709.77696,0.15359
707.84822,0.15193
705.91948,0.15050
703.99073,0.14918
702.06199,0.14794
700.13325,0.14663
698.20451,0.14514
696.27577,0.14321
694.34703,0.14113
692.41828,0.13956
690.48954,0.13826
688.56080,0.13698
686.63206,0.13612
684.70332,0.13579
682.77457,0.13583
680.84583,0.13630
678.91709,0.13739
676.98835,0.13906
675.05961,0.14096
673.13087,0.14285
671.20212,0.14521
669.27338,0.14841
667.34464,0.15070
665.41590,0.15106
663.48716,0.15132
661.55842,0.15150
659.62967,0.15088
657.70093,0.14935
655.77219,0.14700
653.84345,0.14431
651.91471,0.14234
649.98597,0.14159
648.05722,0.14134
646.12848,0.14095
644.19974,0.14072
642.27100,0.14130
640.34226,0.14234
638.41351,0.14304
636.48477,0.14416
634.55603,0.14673
632.62729,0.14976
630.69855,0.15171
628.76981,0.15181
626.84106,0.15078
624.91232,0.15086
622.98358,0.15293
621.05484,0.15612
619.12610,0.15981
617.19736,0.16207
615.26861,0.16002
613.33987,0.15592
611.41113,0.15478
609.48239,0.15741
607.55365,0.16111
605.62491,0.16357
603.69616,0.16587
601.76742,0.16775
599.83868,0.16623
