3996.35288,0.02519
3994.42414,0.02516
3992.49539,0.02527
3990.56665,0.02530
3988.63791,0.02518
3986.70917,0.02503
3984.78043,0.02503
3982.85169,0.02520
3980.92294,0.02536
3978.99420,0.02539
3977.06546,0.02536
3975.13672,0.02534
3973.20798,0.02529
3971.27924,0.02520
3969.35049,0.02510
3967.42175,0.02501
3965.49301,0.02505
3963.56427,0.02524
3961.63553,0.02531
3959.70679,0.02517
3957.77804,0.02505
3955.84930,0.02505
3953.92056,0.02512
3951.99182,0.02520
3950.06308,0.02518
3948.13433,0.02501
3946.20559,0.02495
3944.27685,0.02514
3942.34811,0.02530
3940.41937,0.02528
3938.49063,0.02522
3936.56188,0.02516
3934.63314,0.02514
3932.70440,0.02510
3930.77566,0.02505
3928.84692,0.02518
3926.91818,0.02536
3924.98943,0.02529
3923.06069,0.02505
3921.13195,0.02495
3919.20321,0.02496
3917.27447,0.02491
3915.34573,0.02488
3913.41698,0.02495
3911.48824,0.02494
3909.55950,0.02483
3907.63076,0.02487
3905.70202,0.02505
3903.77327,0.02508
3901.84453,0.02491
3899.91579,0.02477
3897.98705,0.02475
3896.05831,0.02482
3894.12957,0.02494
3892.20082,0.02497
3890.27208,0.02501
3888.34334,0.02523
3886.41460,0.02533
3884.48586,0.02525
3882.55712,0.02533
3880.62837,0.02534
3878.69963,0.02514
3876.77089,0.02507
3874.84215,0.02498
3872.91341,0.02488
3870.98467,0.02496
3869.05592,0.02496
3867.12718,0.02489
3865.19844,0.02491
3863.26970,0.02486
3861.34096,0.02479
3859.41221,0.02485
3857.48347,0.02501
3855.55473,0.02513
3853.62599,0.02472
3851.69725,0.02411
3849.76851,0.02416
3847.83976,0.02447
3845.91102,0.02462
3843.98228,0.02463
3842.05354,0.02463
3840.12480,0.02474
3838.19606,0.02483
3836.26731,0.02482
3834.33857,0.02486
3832.40983,0.02488
3830.48109,0.02469
3828.55235,0.02443
3826.62361,0.02423
3824.69486,0.02421
3822.76612,0.02435
3820.83738,0.02437
3818.90864,0.02433
3816.97990,0.02436
3815.05115,0.02435
3813.12241,0.02441
3811.19367,0.02450
3809.26493,0.02450
3807.33619,0.02435
3805.40745,0.02427
3803.47870,0.02444
3801.54996,0.02456
3799.62122,0.02459
3797.69248,0.02463
3795.76374,0.02451
3793.83500,0.02436
3791.90625,0.02429
3789.97751,0.02422
3788.04877,0.02419
3786.12003,0.02419
3784.19129,0.02423
3782.26255,0.02431
3780.33380,0.02435
3778.40506,0.02434
3776.47632,0.02438
3774.54758,0.02447
3772.61884,0.02456
3770.69009,0.02458
3768.76135,0.02449
3766.83261,0.02438
3764.90387,0.02428
3762.97513,0.02430
3761.04639,0.02442
3759.11764,0.02439
3757.18890,0.02431
3755.26016,0.02443
3753.33142,0.02463
3751.40268,0.02449
3749.47394,0.02410
3747.54519,0.02411
3745.61645,0.02432
3743.68771,0.02430
3741.75897,0.02432
3739.83023,0.02451
3737.90149,0.02457
3735.97274,0.02449
3734.04400,0.02439
3732.11526,0.02420
3730.18652,0.02400
3728.25778,0.02399
3726.32904,0.02408
3724.40029,0.02410
3722.47155,0.02399
3720.54281,0.02388
3718.61407,0.02394
3716.68533,0.02400
3714.75658,0.02392
3712.82784,0.02370
3710.89910,0.02352
3708.97036,0.02364
3707.04162,0.02388
3705.11288,0.02409
3703.18413,0.02427
3701.25539,0.02413
3699.32665,0.02376
3697.39791,0.02367
3695.46917,0.02386
3693.54043,0.02399
3691.61168,0.02409
3689.68294,0.02405
3687.75420,0.02373
3685.82546,0.02365
3683.89672,0.02387
3681.96798,0.02408
3680.03923,0.02419
3678.11049,0.02424
3676.18175,0.02413
3674.25301,0.02405
3672.32427,0.02430
3670.39552,0.02451
3668.46678,0.02440
3666.53804,0.02425
3664.60930,0.02413
3662.68056,0.02409
3660.75182,0.02425
3658.82307,0.02439
3656.89433,0.02429
3654.96559,0.02422
3653.03685,0.02449
3651.10811,0.02478
3649.17937,0.02463
3647.25062,0.02434
3645.32188,0.02441
3643.39314,0.02469
3641.46440,0.02489
3639.53566,0.02494
3637.60692,0.02489
3635.67817,0.02484
3633.74943,0.02504
3631.82069,0.02545
3629.89195,0.02557
3627.96321,0.02519
3626.03446,0.02502
3624.10572,0.02524
3622.17698,0.02546
3620.24824,0.02555
3618.31950,0.02550
3616.39076,0.02541
3614.46201,0.02541
3612.53327,0.02552
3610.60453,0.02571
3608.67579,0.02590
3606.74705,0.02602
3604.81831,0.02620
3602.88956,0.02644
3600.96082,0.02657
3599.03208,0.02663
3597.10334,0.02658
3595.17460,0.02649
3593.24586,0.02661
3591.31711,0.02690
3589.38837,0.02700
3587.45963,0.02682
3585.53089,0.02680
3583.60215,0.02718
3581.67340,0.02756
3579.74466,0.02774
3577.81592,0.02776
3575.88718,0.02761
3573.95844,0.02755
3572.02970,0.02790
3570.10095,0.02860
3568.17221,0.02913
3566.24347,0.02900
3564.31473,0.02870
3562.38599,0.02879
3560.45725,0.02910
3558.52850,0.02925
3556.59976,0.02921
3554.67102,0.02924
3552.74228,0.02942
3550.81354,0.02956
3548.88480,0.02975
3546.95605,0.03003
3545.02731,0.03012
3543.09857,0.03010
3541.16983,0.03029
3539.24109,0.03060
3537.31234,0.03084
3535.38360,0.03103
3533.45486,0.03116
3531.52612,0.03130
3529.59738,0.03150
3527.66864,0.03157
3525.73989,0.03166
3523.81115,0.03209
3521.88241,0.03267
3519.95367,0.03301
3518.02493,0.03304
3516.09619,0.03301
3514.16744,0.03325
3512.23870,0.03365
3510.30996,0.03389
3508.38122,0.03400
3506.45248,0.03414
3504.52374,0.03428
3502.59499,0.03443
3500.66625,0.03472
3498.73751,0.03510
3496.80877,0.03543
3494.88003,0.03572
3492.95128,0.03596
3491.02254,0.03616
3489.09380,0.03642
3487.16506,0.03663
3485.23632,0.03675
3483.30758,0.03698
3481.37883,0.03739
3479.45009,0.03791
3477.52135,0.03830
3475.59261,0.03839
3473.66387,0.03837
3471.73513,0.03846
3469.80638,0.03881
3467.87764,0.03937
3465.94890,0.03987
3464.02016,0.04023
3462.09142,0.04052
3460.16268,0.04083
3458.23393,0.04110
3456.30519,0.04139
3454.37645,0.04173
3452.44771,0.04201
3450.51897,0.04231
3448.59022,0.04273
3446.66148,0.04328
3444.73274,0.04384
3442.80400,0.04436
3440.87526,0.04485
3438.94652,0.04530
3437.01777,0.04564
3435.08903,0.04590
3433.16029,0.04619
3431.23155,0.04649
3429.30281,0.04673
3427.37407,0.04698
3425.44532,0.04731
3423.51658,0.04772
3421.58784,0.04806
3419.65910,0.04839
3417.73036,0.04890
3415.80162,0.04941
3413.87287,0.04973
3411.94413,0.05002
3410.01539,0.05039
3408.08665,0.05076
3406.15791,0.05107
3404.22917,0.05131
3402.30042,0.05153
3400.37168,0.05187
3398.44294,0.05222
3396.51420,0.05243
3394.58546,0.05261
3392.65671,0.05272
3390.72797,0.05280
3388.79923,0.05299
3386.87049,0.05328
3384.94175,0.05360
3383.01301,0.05402
3381.08426,0.05448
3379.15552,0.05478
3377.22678,0.05495
3375.29804,0.05522
3373.36930,0.05550
3371.44056,0.05569
3369.51181,0.05592
3367.58307,0.05626
3365.65433,0.05670
3363.72559,0.05728
3361.79685,0.05777
3359.86811,0.05811
3357.93936,0.05859
3356.01062,0.05929
3354.08188,0.05994
3352.15314,0.06045
3350.22440,0.06104
3348.29565,0.06170
3346.36691,0.06225
3344.43817,0.06274
3342.50943,0.06323
3340.58069,0.06371
3338.65195,0.06414
3336.72320,0.06438
3334.79446,0.06453
3332.86572,0.06467
3330.93698,0.06459
3329.00824,0.06430
3327.07950,0.06405
3325.15075,0.06397
3323.22201,0.06407
3321.29327,0.06420
3319.36453,0.06417
3317.43579,0.06406
3315.50705,0.06406
3313.57830,0.06409
3311.64956,0.06404
3309.72082,0.06395
3307.79208,0.06394
3305.86334,0.06410
3303.93459,0.06439
3302.00585,0.06455
3300.07711,0.06447
3298.14837,0.06445
3296.21963,0.06464
3294.29089,0.06491
3292.36214,0.06505
3290.43340,0.06504
3288.50466,0.06499
3286.57592,0.06504
3284.64718,0.06520
3282.71844,0.06524
3280.78969,0.06508
3278.86095,0.06492
3276.93221,0.06481
3275.00347,0.06472
3273.07473,0.06467
3271.14599,0.06468
3269.21724,0.06466
3267.28850,0.06462
3265.35976,0.06458
3263.43102,0.06447
3261.50228,0.06419
3259.57353,0.06388
3257.64479,0.06365
3255.71605,0.06331
3253.78731,0.06271
3251.85857,0.06205
3249.92983,0.06159
3248.00108,0.06131
3246.07234,0.06104
3244.14360,0.06068
3242.21486,0.06034
3240.28612,0.06016
3238.35738,0.05995
3236.42863,0.05961
3234.49989,0.05927
3232.57115,0.05903
3230.64241,0.05887
3228.71367,0.05867
3226.78493,0.05834
3224.85618,0.05797
3222.92744,0.05771
3220.99870,0.05744
3219.06996,0.05712
3217.14122,0.05688
3215.21247,0.05668
3213.28373,0.05646
3211.35499,0.05620
3209.42625,0.05590
3207.49751,0.05563
3205.56877,0.05539
3203.64002,0.05512
3201.71128,0.05494
3199.78254,0.05480
3197.85380,0.05452
3195.92506,0.05425
3193.99632,0.05411
3192.06757,0.05391
3190.13883,0.05354
3188.21009,0.05312
3186.28135,0.05281
3184.35261,0.05266
3182.42387,0.05253
3180.49512,0.05233
3178.56638,0.05204
3176.63764,0.05164
3174.70890,0.05126
3172.78016,0.05104
3170.85141,0.05099
3168.92267,0.05097
3166.99393,0.05087
3165.06519,0.05063
3163.13645,0.05024
3161.20771,0.04990
3159.27896,0.04977
3157.35022,0.04974
3155.42148,0.04954
3153.49274,0.04927
3151.56400,0.04908
3149.63526,0.04895
3147.70651,0.04877
3145.77777,0.04857
3143.84903,0.04840
3141.92029,0.04824
3139.99155,0.04802
3138.06281,0.04776
3136.13406,0.04762
3134.20532,0.04758
3132.27658,0.04755
3130.34784,0.04737
3128.41910,0.04709
3126.49035,0.04684
3124.56161,0.04661
3122.63287,0.04641
3120.70413,0.04626
3118.77539,0.04610
3116.84665,0.04595
3114.91790,0.04588
3112.98916,0.04579
3111.06042,0.04569
3109.13168,0.04563
3107.20294,0.04549
3105.27420,0.04523
3103.34545,0.04503
3101.41671,0.04497
3099.48797,0.04489
3097.55923,0.04470
3095.63049,0.04447
3093.70175,0.04424
3091.77300,0.04413
3089.84426,0.04414
3087.91552,0.04405
3085.98678,0.04380
3084.05804,0.04360
3082.12930,0.04355
3080.20055,0.04353
3078.27181,0.04342
3076.34307,0.04327
3074.41433,0.04323
3072.48559,0.04320
3070.55684,0.04300
3068.62810,0.04275
3066.69936,0.04271
3064.77062,0.04276
3062.84188,0.04275
3060.91314,0.04271
3058.98439,0.04259
3057.05565,0.04239
3055.12691,0.04231
3053.19817,0.04232
3051.26943,0.04217
3049.34069,0.04179
3047.41194,0.04146
3045.48320,0.04132
3043.55446,0.04121
3041.62572,0.04099
3039.69698,0.04075
3037.76824,0.04056
3035.83949,0.04040
3033.91075,0.04028
3031.98201,0.04018
3030.05327,0.04009
3028.12453,0.04011
3026.19578,0.04016
3024.26704,0.04011
3022.33830,0.03994
3020.40956,0.03979
3018.48082,0.03979
3016.55208,0.03988
3014.62333,0.03997
3012.69459,0.04001
3010.76585,0.04004
3008.83711,0.04007
3006.90837,0.04001
3004.97963,0.03991
3003.05088,0.03987
3001.12214,0.03986
2999.19340,0.03978
2997.26466,0.03968
2995.33592,0.03974
2993.40718,0.03986
2991.47843,0.03985
2989.54969,0.03980
2987.62095,0.03998
2985.69221,0.04027
2983.76347,0.04040
2981.83472,0.04051
2979.90598,0.04083
2977.97724,0.04134
2976.04850,0.04185
2974.11976,0.04220
2972.19102,0.04254
2970.26227,0.04300
2968.33353,0.04340
2966.40479,0.04359
2964.47605,0.04360
2962.54731,0.04349
2960.61857,0.04331
2958.68982,0.04317
2956.76108,0.04311
2954.83234,0.04311
2952.90360,0.04311
2950.97486,0.04316
2949.04612,0.04332
2947.11737,0.04351
2945.18863,0.04359
2943.25989,0.04343
2941.33115,0.04323
2939.40241,0.04327
2937.47366,0.04336
2935.54492,0.04331
2933.61618,0.04325
2931.68744,0.04327
2929.75870,0.04333
2927.82996,0.04345
2925.90121,0.04366
2923.97247,0.04395
2922.04373,0.04441
2920.11499,0.04502
2918.18625,0.04570
2916.25751,0.04644
2914.32876,0.04713
2912.40002,0.04766
2910.47128,0.04809
2908.54254,0.04849
2906.61380,0.04886
2904.68506,0.04921
2902.75631,0.04947
2900.82757,0.04955
2898.89883,0.04952
2896.97009,0.04950
2895.04135,0.04946
2893.11260,0.04929
2891.18386,0.04903
2889.25512,0.04887
2887.32638,0.04880
2885.39764,0.04862
2883.46890,0.04833
2881.54015,0.04810
2879.61141,0.04800
2877.68267,0.04799
2875.75393,0.04801
2873.82519,0.04797
2871.89645,0.04783
2869.96770,0.04756
2868.03896,0.04724
2866.11022,0.04703
2864.18148,0.04695
2862.25274,0.04686
2860.32400,0.04667
2858.39525,0.04649
2856.46651,0.04637
2854.53777,0.04628
2852.60903,0.04617
2850.68029,0.04603
2848.75154,0.04573
2846.82280,0.04524
2844.89406,0.04480
2842.96532,0.04448
2841.03658,0.04412
2839.10784,0.04376
2837.17909,0.04351
2835.25035,0.04327
2833.32161,0.04292
2831.39287,0.04252
2829.46413,0.04221
2827.53539,0.04207
2825.60664,0.04200
2823.67790,0.04195
2821.74916,0.04189
2819.82042,0.04175
2817.89168,0.04150
2815.96294,0.04129
2814.03419,0.04113
2812.10545,0.04103
2810.17671,0.04095
2808.24797,0.04083
2806.31923,0.04070
2804.39048,0.04063
2802.46174,0.04060
2800.53300,0.04054
2798.60426,0.04040
2796.67552,0.04023
2794.74678,0.04009
2792.81803,0.03993
2790.88929,0.03983
2788.96055,0.03979
2787.03181,0.03968
2785.10307,0.03952
2783.17433,0.03946
2781.24558,0.03944
2779.31684,0.03932
2777.38810,0.03923
2775.45936,0.03923
2773.53062,0.03921
2771.60188,0.03916
2769.67313,0.03914
2767.74439,0.03914
2765.81565,0.03915
2763.88691,0.03911
2761.95817,0.03899
2760.02943,0.03887
2758.10068,0.03875
2756.17194,0.03863
2754.24320,0.03862
2752.31446,0.03872
2750.38572,0.03875
2748.45697,0.03869
2746.52823,0.03864
2744.59949,0.03860
2742.67075,0.03857
2740.74201,0.03856
2738.81327,0.03849
2736.88452,0.03842
2734.95578,0.03849
2733.02704,0.03860
2731.09830,0.03852
2729.16956,0.03834
2727.24082,0.03825
2725.31207,0.03820
2723.38333,0.03809
2721.45459,0.03808
2719.52585,0.03819
2717.59711,0.03828
2715.66837,0.03829
2713.73962,0.03821
2711.81088,0.03805
2709.88214,0.03790
2707.95340,0.03781
2706.02466,0.03772
2704.09591,0.03764
2702.16717,0.03760
2700.23843,0.03763
2698.30969,0.03766
2696.38095,0.03760
2694.45221,0.03747
2692.52346,0.03744
2690.59472,0.03750
2688.66598,0.03747
2686.73724,0.03736
2684.80850,0.03733
2682.87976,0.03736
2680.95101,0.03733
2679.02227,0.03722
2677.09353,0.03711
2675.16479,0.03708
2673.23605,0.03713
2671.30731,0.03717
2669.37856,0.03711
2667.44982,0.03700
2665.52108,0.03699
2663.59234,0.03705
2661.66360,0.03704
2659.73485,0.03701
2657.80611,0.03709
2655.87737,0.03721
2653.94863,0.03727
2652.01989,0.03727
2650.09115,0.03723
2648.16240,0.03722
2646.23366,0.03724
2644.30492,0.03731
2642.37618,0.03746
2640.44744,0.03752
2638.51870,0.03743
2636.58995,0.03734
2634.66121,0.03736
2632.73247,0.03745
2630.80373,0.03755
2628.87499,0.03761
2626.94625,0.03757
2625.01750,0.03740
2623.08876,0.03725
2621.16002,0.03722
2619.23128,0.03722
2617.30254,0.03715
2615.37379,0.03707
2613.44505,0.03703
2611.51631,0.03705
2609.58757,0.03704
2607.65883,0.03696
2605.73009,0.03690
2603.80134,0.03696
2601.87260,0.03702
2599.94386,0.03701
2598.01512,0.03699
2596.08638,0.03699
2594.15764,0.03695
2592.22889,0.03690
2590.30015,0.03698
2588.37141,0.03705
2586.44267,0.03705
2584.51393,0.03707
2582.58519,0.03706
2580.65644,0.03697
2578.72770,0.03694
2576.79896,0.03695
2574.87022,0.03697
2572.94148,0.03704
2571.01273,0.03713
2569.08399,0.03719
2567.15525,0.03716
2565.22651,0.03700
2563.29777,0.03689
2561.36903,0.03692
2559.44028,0.03696
2557.51154,0.03697
2555.58280,0.03698
2553.65406,0.03689
2551.72532,0.03677
2549.79658,0.03681
2547.86783,0.03685
2545.93909,0.03674
2544.01035,0.03662
2542.08161,0.03662
2540.15287,0.03666
2538.22413,0.03665
2536.29538,0.03661
2534.36664,0.03663
2532.43790,0.03669
2530.50916,0.03671
2528.58042,0.03671
2526.65167,0.03671
2524.72293,0.03675
2522.79419,0.03678
2520.86545,0.03671
2518.93671,0.03652
2517.00797,0.03635
2515.07922,0.03630
2513.15048,0.03631
2511.22174,0.03636
2509.29300,0.03642
2507.36426,0.03639
2505.43552,0.03627
2503.50677,0.03622
2501.57803,0.03625
2499.64929,0.03624
2497.72055,0.03620
2495.79181,0.03617
2493.86307,0.03613
2491.93432,0.03610
2490.00558,0.03604
2488.07684,0.03594
2486.14810,0.03595
2484.21936,0.03599
2482.29061,0.03593
2480.36187,0.03581
2478.43313,0.03574
2476.50439,0.03575
2474.57565,0.03588
2472.64691,0.03602
2470.71816,0.03599
2468.78942,0.03588
2466.86068,0.03577
2464.93194,0.03557
2463.00320,0.03535
2461.07446,0.03526
2459.14571,0.03531
2457.21697,0.03536
2455.28823,0.03530
2453.35949,0.03527
2451.43075,0.03533
2449.50201,0.03535
2447.57326,0.03528
2445.64452,0.03526
2443.71578,0.03536
2441.78704,0.03548
2439.85830,0.03548
2437.92956,0.03535
2436.00081,0.03530
2434.07207,0.03537
2432.14333,0.03534
2430.21459,0.03517
2428.28585,0.03500
2426.35710,0.03490
2424.42836,0.03488
2422.49962,0.03483
2420.57088,0.03476
2418.64214,0.03491
2416.71340,0.03514
2414.78465,0.03516
2412.85591,0.03501
2410.92717,0.03490
2408.99843,0.03491
2407.06969,0.03495
2405.14095,0.03492
2403.21220,0.03481
2401.28346,0.03470
2399.35472,0.03458
2397.42598,0.03454
2395.49724,0.03465
2393.56850,0.03477
2391.63975,0.03474
2389.71101,0.03460
2387.78227,0.03446
2385.85353,0.03435
2383.92479,0.03437
2381.99604,0.03452
2380.06730,0.03457
2378.13856,0.03454
2376.20982,0.03467
2374.28108,0.03492
2372.35234,0.03510
2370.42359,0.03509
2368.49485,0.03486
2366.56611,0.03458
2364.63737,0.03432
2362.70863,0.03394
2360.77989,0.03353
2358.85114,0.03347
2356.92240,0.03368
2354.99366,0.03369
2353.06492,0.03372
2351.13618,0.03408
2349.20744,0.03440
2347.27869,0.03446
2345.34995,0.03440
2343.42121,0.03435
2341.49247,0.03431
2339.56373,0.03425
2337.63498,0.03419
2335.70624,0.03414
2333.77750,0.03411
2331.84876,0.03420
2329.92002,0.03432
2327.99128,0.03444
2326.06253,0.03480
2324.13379,0.03533
2322.20505,0.03552
2320.27631,0.03521
2318.34757,0.03480
2316.41883,0.03462
2314.49008,0.03470
2312.56134,0.03482
2310.63260,0.03482
2308.70386,0.03472
2306.77512,0.03461
2304.84638,0.03454
2302.91763,0.03458
2300.98889,0.03470
2299.06015,0.03475
2297.13141,0.03471
2295.20267,0.03474
2293.27392,0.03480
2291.34518,0.03488
2289.41644,0.03502
2287.48770,0.03517
2285.55896,0.03531
2283.63022,0.03536
2281.70147,0.03516
2279.77273,0.03492
2277.84399,0.03484
2275.91525,0.03486
2273.98651,0.03499
2272.05777,0.03523
2270.12902,0.03537
2268.20028,0.03538
2266.27154,0.03542
2264.34280,0.03545
2262.41406,0.03536
2260.48532,0.03521
2258.55657,0.03511
2256.62783,0.03501
2254.69909,0.03481
2252.77035,0.03461
2250.84161,0.03453
2248.91286,0.03445
2246.98412,0.03429
2245.05538,0.03429
2243.12664,0.03456
2241.19790,0.03468
2239.26916,0.03449
2237.34041,0.03444
2235.41167,0.03461
2233.48293,0.03459
2231.55419,0.03423
2229.62545,0.03386
2227.69671,0.03394
2225.76796,0.03432
2223.83922,0.03449
2221.91048,0.03437
2219.98174,0.03432
2218.05300,0.03445
2216.12426,0.03456
2214.19551,0.03462
2212.26677,0.03468
2210.33803,0.03465
2208.40929,0.03445
2206.48055,0.03429
2204.55180,0.03441
2202.62306,0.03458
2200.69432,0.03441
2198.76558,0.03412
2196.83684,0.03419
2194.90810,0.03442
2192.97935,0.03444
2191.05061,0.03438
2189.12187,0.03426
2187.19313,0.03389
2185.26439,0.03375
2183.33565,0.03413
2181.40690,0.03425
2179.47816,0.03390
2177.54942,0.03370
2175.62068,0.03363
2173.69194,0.03334
2171.76320,0.03311
2169.83445,0.03347
2167.90571,0.03419
2165.97697,0.03462
2164.04823,0.03480
2162.11949,0.03483
2160.19074,0.03421
2158.26200,0.03276
2156.33326,0.03145
2154.40452,0.03102
2152.47578,0.03129
2150.54704,0.03181
2148.61829,0.03225
2146.68955,0.03244
2144.76081,0.03246
2142.83207,0.03256
2140.90333,0.03273
2138.97459,0.03277
2137.04584,0.03258
2135.11710,0.03222
2133.18836,0.03195
2131.25962,0.03211
2129.33088,0.03251
2127.40214,0.03275
2125.47339,0.03300
2123.54465,0.03338
2121.61591,0.03357
2119.68717,0.03358
2117.75843,0.03362
2115.82969,0.03372
2113.90094,0.03389
2111.97220,0.03407
2110.04346,0.03402
2108.11472,0.03372
2106.18598,0.03364
2104.25723,0.03385
2102.32849,0.03393
2100.39975,0.03383
2098.47101,0.03374
2096.54227,0.03361
2094.61353,0.03337
2092.68478,0.03316
2090.75604,0.03318
2088.82730,0.03338
2086.89856,0.03359
2084.96982,0.03380
2083.04108,0.03407
2081.11233,0.03415
2079.18359,0.03378
2077.25485,0.03333
2075.32611,0.03335
2073.39737,0.03365
2071.46863,0.03365
2069.53988,0.03337
2067.61114,0.03328
2065.68240,0.03335
2063.75366,0.03329
2061.82492,0.03309
2059.89617,0.03287
2057.96743,0.03282
2056.03869,0.03308
2054.10995,0.03341
2052.18121,0.03370
2050.25247,0.03387
2048.32372,0.03363
2046.39498,0.03316
2044.46624,0.03297
2042.53750,0.03322
2040.60876,0.03347
2038.68002,0.03328
2036.75127,0.03305
2034.82253,0.03319
2032.89379,0.03342
2030.96505,0.03343
2029.03631,0.03310
2027.10757,0.03248
2025.17882,0.03194
2023.25008,0.03161
2021.32134,0.03155
2019.39260,0.03176
2017.46386,0.03192
2015.53511,0.03179
2013.60637,0.03153
2011.67763,0.03148
2009.74889,0.03164
2007.82015,0.03153
2005.89141,0.03109
2003.96266,0.03077
2002.03392,0.03067
2000.10518,0.03078
1998.17644,0.03114
1996.24770,0.03147
1994.31896,0.03166
1992.39021,0.03206
1990.46147,0.03260
1988.53273,0.03266
1986.60399,0.03224
1984.67525,0.03196
1982.74651,0.03198
1980.81776,0.03196
1978.88902,0.03158
1976.96028,0.03081
1975.03154,0.03031
1973.10280,0.03043
1971.17405,0.03079
1969.24531,0.03107
1967.31657,0.03114
1965.38783,0.03121
1963.45909,0.03166
1961.53035,0.03207
1959.60160,0.03185
1957.67286,0.03137
1955.74412,0.03108
1953.81538,0.03094
1951.88664,0.03100
1949.95790,0.03133
1948.02915,0.03151
1946.10041,0.03129
1944.17167,0.03103
1942.24293,0.03089
1940.31419,0.03084
1938.38545,0.03090
1936.45670,0.03089
1934.52796,0.03059
1932.59922,0.03013
1930.67048,0.02989
1928.74174,0.02992
1926.81299,0.03010
1924.88425,0.03026
1922.95551,0.03027
1921.02677,0.03015
1919.09803,0.02996
1917.16929,0.02974
1915.24054,0.02960
1913.31180,0.02958
1911.38306,0.02950
1909.45432,0.02926
1907.52558,0.02898
1905.59684,0.02877
1903.66809,0.02866
1901.73935,0.02869
1899.81061,0.02880
1897.88187,0.02884
1895.95313,0.02872
1894.02439,0.02851
1892.09564,0.02838
1890.16690,0.02830
1888.23816,0.02818
1886.30942,0.02807
1884.38068,0.02800
1882.45193,0.02795
1880.52319,0.02786
1878.59445,0.02772
1876.66571,0.02762
1874.73697,0.02759
1872.80823,0.02758
1870.87948,0.02751
1868.95074,0.02733
1867.02200,0.02719
1865.09326,0.02718
1863.16452,0.02721
1861.23578,0.02715
1859.30703,0.02697
1857.37829,0.02689
1855.44955,0.02706
1853.52081,0.02728
1851.59207,0.02735
1849.66333,0.02733
1847.73458,0.02735
1845.80584,0.02726
1843.87710,0.02692
1841.94836,0.02664
1840.01962,0.02664
1838.09087,0.02667
1836.16213,0.02661
1834.23339,0.02666
1832.30465,0.02680
1830.37591,0.02679
1828.44717,0.02665
1826.51842,0.02662
1824.58968,0.02662
1822.66094,0.02657
1820.73220,0.02652
1818.80346,0.02640
1816.87472,0.02615
1814.94597,0.02590
1813.01723,0.02578
1811.08849,0.02573
1809.15975,0.02568
1807.23101,0.02557
1805.30227,0.02539
1803.37352,0.02521
1801.44478,0.02507
1799.51604,0.02489
1797.58730,0.02467
1795.65856,0.02451
1793.72982,0.02436
1791.80107,0.02412
1789.87233,0.02395
1787.94359,0.02393
1786.01485,0.02389
1784.08611,0.02376
1782.15736,0.02363
1780.22862,0.02351
1778.29988,0.02331
1776.37114,0.02310
1774.44240,0.02297
1772.51366,0.02285
1770.58491,0.02264
1768.65617,0.02245
1766.72743,0.02235
1764.79869,0.02236
1762.86995,0.02241
1760.94121,0.02240
1759.01246,0.02245
1757.08372,0.02267
1755.15498,0.02307
1753.22624,0.02367
1751.29750,0.02464
1749.36876,0.02617
1747.44001,0.02821
1745.51127,0.03094
1743.58253,0.03457
1741.65379,0.03902
1739.72505,0.04418
1737.79630,0.04922
1735.86756,0.05405
1733.93882,0.05989
1732.01008,0.06584
1730.08134,0.07095
1728.15260,0.07603
1726.22385,0.08116
1724.29511,0.08631
1722.36637,0.09133
1720.43763,0.09607
1718.50889,0.10113
1716.58015,0.10621
1714.65140,0.10953
1712.72266,0.11092
1710.79392,0.11073
1708.86518,0.10910
1706.93644,0.10603
1705.00770,0.10195
1703.07895,0.09803
1701.15021,0.09345
1699.22147,0.08800
1697.29273,0.08375
1695.36399,0.08001
1693.43524,0.07687
1691.50650,0.07467
1689.57776,0.07268
1687.64902,0.07108
1685.72028,0.06981
1683.79154,0.06817
1681.86279,0.06665
1679.93405,0.06562
1678.00531,0.06476
1676.07657,0.06366
1674.14783,0.06234
1672.21909,0.06132
1670.29034,0.06034
1668.36160,0.05900
1666.43286,0.05789
1664.50412,0.05701
1662.57538,0.05600
1660.64664,0.05508
1658.71789,0.05448
1656.78915,0.05413
1654.86041,0.05375
1652.93167,0.05280
1651.00293,0.05197
1649.07418,0.05171
1647.14544,0.05129
1645.21670,0.05067
1643.28796,0.05036
1641.35922,0.05024
1639.43048,0.05015
1637.50173,0.04987
1635.57299,0.04917
1633.64425,0.04850
1631.71551,0.04823
1629.78677,0.04802
1627.85803,0.04772
1625.92928,0.04742
1624.00054,0.04699
1622.07180,0.04649
1620.14306,0.04631
1618.21432,0.04633
1616.28558,0.04616
1614.35683,0.04590
1612.42809,0.04571
1610.49935,0.04537
1608.57061,0.04483
1606.64187,0.04426
1604.71312,0.04371
1602.78438,0.04314
1600.85564,0.04263
1598.92690,0.04222
1596.99816,0.04178
1595.06942,0.04129
1593.14067,0.04088
1591.21193,0.04059
1589.28319,0.04037
1587.35445,0.04032
1585.42571,0.04058
1583.49697,0.04115
1581.56822,0.04186
1579.63948,0.04251
1577.71074,0.04276
1575.78200,0.04231
1573.85326,0.04161
1571.92452,0.04103
1569.99577,0.04023
1568.06703,0.03933
1566.13829,0.03875
1564.20955,0.03840
1562.28081,0.03821
1560.35206,0.03793
1558.42332,0.03713
1556.49458,0.03643
1554.56584,0.03609
1552.63710,0.03578
1550.70836,0.03547
1548.77961,0.03526
1546.85087,0.03518
1544.92213,0.03510
1542.99339,0.03489
1541.06465,0.03456
1539.13591,0.03414
1537.20716,0.03391
1535.27842,0.03378
1533.34968,0.03353
1531.42094,0.03327
1529.49220,0.03315
1527.56346,0.03303
1525.63471,0.03292
1523.70597,0.03285
1521.77723,0.03258
1519.84849,0.03213
1517.91975,0.03177
1515.99100,0.03156
1514.06226,0.03161
1512.13352,0.03204
1510.20478,0.03323
1508.27604,0.03584
1506.34730,0.03938
1504.41855,0.04063
1502.48981,0.03942
1500.56107,0.03715
1498.63233,0.03475
1496.70359,0.03297
1494.77485,0.03203
1492.84610,0.03168
1490.91736,0.03165
1488.98862,0.03192
1487.05988,0.03256
1485.13114,0.03358
1483.20240,0.03486
1481.27365,0.03622
1479.34491,0.03745
1477.41617,0.03867
1475.48743,0.04012
1473.55869,0.04166
1471.62995,0.04265
1469.70120,0.04276
1467.77246,0.04256
1465.84372,0.04254
1463.91498,0.04292
1461.98624,0.04369
1460.05749,0.04473
1458.12875,0.04577
1456.20001,0.04649
1454.27127,0.04690
1452.34253,0.04714
1450.41379,0.04715
1448.48504,0.04689
1446.55630,0.04647
1444.62756,0.04617
1442.69882,0.04605
1440.77008,0.04605
1438.84134,0.04618
1436.91259,0.04632
1434.98385,0.04647
1433.05511,0.04676
1431.12637,0.04702
1429.19763,0.04694
1427.26889,0.04652
1425.34014,0.04602
1423.41140,0.04566
1421.48266,0.04556
1419.55392,0.04599
1417.62518,0.04761
1415.69643,0.05094
1413.76769,0.05590
1411.83895,0.06161
1409.91021,0.06618
1407.98147,0.06794
1406.05273,0.06655
1404.12398,0.06298
1402.19524,0.05895
1400.26650,0.05528
1398.33776,0.05213
1396.40902,0.04975
1394.48028,0.04798
1392.55153,0.04676
1390.62279,0.04620
1388.69405,0.04614
1386.76531,0.04637
1384.83657,0.04673
1382.90783,0.04733
1380.97908,0.04828
1379.05034,0.04947
1377.12160,0.05071
1375.19286,0.05211
1373.26412,0.05365
1371.33537,0.05478
1369.40663,0.05504
1367.47789,0.05452
1365.54915,0.05367
1363.62041,0.05276
1361.69167,0.05189
1359.76292,0.05113
1357.83418,0.05053
1355.90544,0.05015
1353.97670,0.05011
1352.04796,0.05054
1350.11922,0.05181
1348.19047,0.05456
1346.26173,0.05930
1344.33299,0.06583
1342.40425,0.07293
1340.47551,0.07882
1338.54677,0.08162
1336.61802,0.08053
1334.68928,0.07639
1332.76054,0.07051
1330.83180,0.06434
1328.90306,0.05933
1326.97431,0.05613
1325.04557,0.05468
1323.11683,0.05467
1321.18809,0.05572
1319.25935,0.05742
1317.33061,0.05920
1315.40186,0.06059
1313.47312,0.06142
1311.54438,0.06171
1309.61564,0.06153
1307.68690,0.06105
1305.75816,0.06053
1303.82941,0.06023
1301.90067,0.06041
1299.97193,0.06116
1298.04319,0.06245
1296.11445,0.06427
1294.18571,0.06652
1292.25696,0.06895
1290.32822,0.07138
1288.39948,0.07379
1286.47074,0.07630
1284.54200,0.07906
1282.61325,0.08200
1280.68451,0.08474
1278.75577,0.08708
1276.82703,0.08926
1274.89829,0.09153
1272.96955,0.09396
1271.04080,0.09664
1269.11206,0.09961
1267.18332,0.10277
1265.25458,0.10586
1263.32584,0.10860
1261.39710,0.11086
1259.46835,0.11260
1257.53961,0.11395
1255.61087,0.11525
1253.68213,0.11693
1251.75339,0.11910
1249.82465,0.12155
1247.89590,0.12395
1245.96716,0.12596
1244.03842,0.12744
1242.10968,0.12830
1240.18094,0.12844
1238.25219,0.12780
1236.32345,0.12633
1234.39471,0.12392
1232.46597,0.12056
1230.53723,0.11663
1228.60849,0.11272
1226.67974,0.10914
1224.75100,0.10588
1222.82226,0.10276
1220.89352,0.09961
1218.96478,0.09644
1217.03604,0.09341
1215.10729,0.09073
1213.17855,0.08866
1211.24981,0.08742
1209.32107,0.08693
1207.39233,0.08661
1205.46359,0.08576
1203.53484,0.08410
1201.60610,0.08180
1199.67736,0.07910
1197.74862,0.07621
1195.81988,0.07329
1193.89113,0.07042
1191.96239,0.06773
1190.03365,0.06536
1188.10491,0.06347
1186.17617,0.06216
1184.24743,0.06147
1182.31868,0.06133
1180.38994,0.06167
1178.46120,0.06247
1176.53246,0.06363
1174.60372,0.06503
1172.67498,0.06666
1170.74623,0.06851
1168.81749,0.07057
1166.88875,0.07287
1164.96001,0.07533
1163.03127,0.07735
1161.10253,0.07826
1159.17378,0.07802
1157.24504,0.07706
1155.31630,0.07581
1153.38756,0.07457
1151.45882,0.07363
1149.53007,0.07310
1147.60133,0.07282
1145.67259,0.07257
1143.74385,0.07249
1141.81511,0.07294
1139.88637,0.07430
1137.95762,0.07699
1136.02888,0.08126
1134.10014,0.08686
1132.17140,0.09316
1130.24266,0.09988
1128.31392,0.10698
1126.38517,0.11422
1124.45643,0.12104
1122.52769,0.12697
1120.59895,0.13201
1118.67021,0.13658
1116.74147,0.14125
1114.81272,0.14619
1112.88398,0.15092
1110.95524,0.15494
1109.02650,0.15832
1107.09776,0.16157
1105.16902,0.16488
1103.24027,0.16778
1101.31153,0.16967
1099.38279,0.17040
1097.45405,0.17025
1095.52531,0.16936
1093.59656,0.16786
1091.66782,0.16616
1089.73908,0.16464
1087.81034,0.16323
1085.88160,0.16180
1083.95286,0.16036
1082.02411,0.15896
1080.09537,0.15786
1078.16663,0.15706
1076.23789,0.15605
1074.30915,0.15464
1072.38041,0.15346
1070.45166,0.15306
1068.52292,0.15365
1066.59418,0.15550
1064.66544,0.15873
1062.73670,0.16289
1060.80796,0.16703
1058.87921,0.17006
1056.95047,0.17177
1055.02173,0.17261
1053.09299,0.17253
1051.16425,0.17134
1049.23550,0.16933
1047.30676,0.16684
1045.37802,0.16420
1043.44928,0.16207
1041.52054,0.16112
1039.59180,0.16161
1037.66305,0.16314
1035.73431,0.16493
1033.80557,0.16618
1031.87683,0.16641
1029.94809,0.16601
1028.01935,0.16634
1026.09060,0.16890
1024.16186,0.17391
1022.23312,0.18015
1020.30438,0.18620
1018.37564,0.19081
1016.44690,0.19234
1014.51815,0.18988
1012.58941,0.18473
1010.66067,0.17925
1008.73193,0.17481
1006.80319,0.17166
1004.87444,0.16957
1002.94570,0.16822
1001.01696,0.16706
999.08822,0.16559
997.15948,0.16376
995.23074,0.16181
993.30199,0.16003
991.37325,0.15864
989.44451,0.15773
987.51577,0.15738
985.58703,0.15749
983.65829,0.15760
981.72954,0.15709
979.80080,0.15555
977.87206,0.15328
975.94332,0.15111
974.01458,0.14954
972.08584,0.14830
970.15709,0.14685
968.22835,0.14492
966.29961,0.14246
964.37087,0.13958
962.44213,0.13661
960.51338,0.13374
958.58464,0.13092
956.65590,0.12819
954.72716,0.12558
952.79842,0.12313
950.86968,0.12091
948.94093,0.11879
947.01219,0.11670
945.08345,0.11484
943.15471,0.11332
941.22597,0.11188
939.29723,0.11041
937.36848,0.10909
935.43974,0.10790
933.51100,0.10670
931.58226,0.10550
929.65352,0.10433
927.72478,0.10313
925.79603,0.10189
923.86729,0.10076
921.93855,0.09989
920.00981,0.09917
918.08107,0.09840
916.15232,0.09775
914.22358,0.09749
912.29484,0.09754
910.36610,0.09771
908.43736,0.09805
906.50862,0.09854
904.57987,0.09908
902.65113,0.09964
900.72239,0.10012
898.79365,0.10030
896.86491,0.10016
894.93617,0.09986
893.00742,0.09932
891.07868,0.09828
889.14994,0.09697
887.22120,0.09599
885.29246,0.09578
883.36372,0.09640
881.43497,0.09778
879.50623,0.10010
877.57749,0.10373
875.64875,0.10915
873.72001,0.11565
871.79126,0.11961
869.86252,0.11792
867.93378,0.11246
866.00504,0.10699
864.07630,0.10301
862.14756,0.10048
860.21881,0.09924
858.29007,0.09894
856.36133,0.09907
854.43259,0.09940
852.50385,0.10002
850.57511,0.10103
848.64636,0.10235
846.71762,0.10331
844.78888,0.10306
842.86014,0.10175
840.93140,0.10023
839.00266,0.09870
837.07391,0.09702
835.14517,0.09542
833.21643,0.09404
831.28769,0.09276
829.35895,0.09147
827.43020,0.09043
825.50146,0.08976
823.57272,0.08913
821.64398,0.08839
819.71524,0.08780
817.78650,0.08741
815.85775,0.08692
813.92901,0.08629
812.00027,0.08583
810.07153,0.08559
808.14279,0.08526
806.21405,0.08477
804.28530,0.08435
802.35656,0.08413
800.42782,0.08410
798.49908,0.08456
796.57034,0.08574
794.64160,0.08712
792.71285,0.08788
790.78411,0.08777
788.85537,0.08698
786.92663,0.08564
784.99789,0.08404
783.06915,0.08255
781.14040,0.08137
779.21166,0.08051
777.28292,0.07988
775.35418,0.07923
773.42544,0.07839
771.49669,0.07740
769.56795,0.07646
767.63921,0.07562
765.71047,0.07474
763.78173,0.07376
761.85299,0.07281
759.92424,0.07194
757.99550,0.07118
756.06676,0.07043
754.13802,0.06944
752.20928,0.06825
750.28054,0.06713
748.35179,0.06636
746.42305,0.06607
744.49431,0.06642
742.56557,0.06801
740.63683,0.07193
738.70809,0.07924
736.77934,0.08996
734.85060,0.10310
732.92186,0.11747
730.99312,0.13225
729.06438,0.14738
727.13563,0.16251
725.20689,0.17562
723.27815,0.18403
721.34941,0.18672
719.42067,0.18499
717.49193,0.18107
715.56318,0.17648
713.63444,0.17211
711.70570,0.16868
709.77696,0.16612
707.84822,0.16388
705.91948,0.16179
703.99073,0.15991
702.06199,0.15801
700.13325,0.15561
698.20451,0.15263
696.27577,0.14962
694.34703,0.14717
692.41828,0.14544
690.48954,0.14406
688.56080,0.14267
686.63206,0.14129
684.70332,0.14036
682.77457,0.14047
680.84583,0.14134
678.91709,0.14195
676.98835,0.14228
675.05961,0.14307
673.13087,0.14435
671.20212,0.14568
669.27338,0.14717
667.34464,0.14896
665.41590,0.14995
663.48716,0.14993
661.55842,0.14920
659.62967,0.14792
657.70093,0.14658
655.77219,0.14527
653.84345,0.14324
651.91471,0.14104
649.98597,0.14025
648.05722,0.14052
646.12848,0.14084
644.19974,0.14134
642.27100,0.14176
640.34226,0.14168
638.41351,0.14160
636.48477,0.14223
634.55603,0.14418
632.62729,0.14714
630.69855,0.14943
628.76981,0.14906
626.84106,0.14666
624.91232,0.14550
622.98358,0.14658
621.05484,0.14802
619.12610,0.14943
617.19736,0.15110
615.26861,0.15216
613.33987,0.15215
611.41113,0.15136
609.48239,0.15055
607.55365,0.14978
605.62491,0.14914
603.69616,0.14977
601.76742,0.15203
599.83868,0.15599
