3996.35288,0.02145
3994.42414,0.02143
3992.49539,0.02135
3990.56665,0.02117
3988.63791,0.02104
3986.70917,0.02104
3984.78043,0.02098
3982.85169,0.02084
3980.92294,0.02083
3978.99420,0.02093
3977.06546,0.02100
3975.13672,0.02095
3973.20798,0.02081
3971.27924,0.02077
3969.35049,0.02088
3967.42175,0.02087
3965.49301,0.02067
3963.56427,0.02066
3961.63553,0.02086
3959.70679,0.02097
3957.77804,0.02106
3955.84930,0.02120
3953.92056,0.02122
3951.99182,0.02114
3950.06308,0.02099
3948.13433,0.02078
3946.20559,0.02074
3944.27685,0.02090
3942.34811,0.02095
3940.41937,0.02081
3938.49063,0.02070
3936.56188,0.02067
3934.63314,0.02068
3932.70440,0.02066
3930.77566,0.02052
3928.84692,0.02043
3926.91818,0.02051
3924.98943,0.02066
3923.06069,0.02068
3921.13195,0.02056
3919.20321,0.02045
3917.27447,0.02050
3915.34573,0.02066
3913.41698,0.02074
3911.48824,0.02078
3909.55950,0.02073
3907.63076,0.02062
3905.70202,0.02065
3903.77327,0.02076
3901.84453,0.02073
3899.91579,0.02058
3897.98705,0.02056
3896.05831,0.02074
3894.12957,0.02088
3892.20082,0.02080
3890.27208,0.02059
3888.34334,0.02045
3886.41460,0.02035
3884.48586,0.02038
3882.55712,0.02069
3880.62837,0.02093
3878.69963,0.02086
3876.77089,0.02069
3874.84215,0.02054
3872.91341,0.02055
3870.98467,0.02058
3869.05592,0.02037
3867.12718,0.02018
3865.19844,0.02016
3863.26970,0.02015
3861.34096,0.02021
3859.41221,0.02040
3857.48347,0.02055
3855.55473,0.02051
3853.62599,0.02017
3851.69725,0.01996
3849.76851,0.02020
3847.83976,0.02052
3845.91102,0.02063
3843.98228,0.02045
3842.05354,0.02028
3840.12480,0.02030
3838.19606,0.02025
3836.26731,0.02020
3834.33857,0.02035
3832.40983,0.02044
3830.48109,0.02043
3828.55235,0.02054
3826.62361,0.02066
3824.69486,0.02064
3822.76612,0.02042
3820.83738,0.02011
3818.90864,0.02013
3816.97990,0.02027
3815.05115,0.02011
3813.12241,0.01998
3811.19367,0.02016
3809.26493,0.02033
3807.33619,0.02019
3805.40745,0.02004
3803.47870,0.02013
3801.54996,0.02019
3799.62122,0.02019
3797.69248,0.02022
3795.76374,0.02023
3793.83500,0.02029
3791.90625,0.02029
3789.97751,0.02020
3788.04877,0.02020
3786.12003,0.02027
3784.19129,0.02013
3782.26255,0.01989
3780.33380,0.01976
3778.40506,0.01974
3776.47632,0.01987
3774.54758,0.02017
3772.61884,0.02040
3770.69009,0.02041
3768.76135,0.02040
3766.83261,0.02036
3764.90387,0.02026
3762.97513,0.02026
3761.04639,0.02029
3759.11764,0.02014
3757.18890,0.01997
3755.26016,0.02001
3753.33142,0.02019
3751.40268,0.02017
3749.47394,0.01988
3747.54519,0.01991
3745.61645,0.02007
3743.68771,0.01987
3741.75897,0.01974
3739.83023,0.01985
3737.90149,0.01986
3735.97274,0.01968
3734.04400,0.01944
3732.11526,0.01930
3730.18652,0.01933
3728.25778,0.01932
3726.32904,0.01927
3724.40029,0.01939
3722.47155,0.01967
3720.54281,0.01986
3718.61407,0.01984
3716.68533,0.01970
3714.75658,0.01963
3712.82784,0.01971
3710.89910,0.01976
3708.97036,0.01967
3707.04162,0.01951
3705.11288,0.01944
3703.18413,0.01961
3701.25539,0.01982
3699.32665,0.01979
3697.39791,0.01963
3695.46917,0.01959
3693.54043,0.01965
3691.61168,0.01970
3689.68294,0.01969
3687.75420,0.01959
3685.82546,0.01949
3683.89672,0.01948
3681.96798,0.01947
3680.03923,0.01946
3678.11049,0.01954
3676.18175,0.01964
3674.25301,0.01966
3672.32427,0.01960
3670.39552,0.01945
3668.46678,0.01948
3666.53804,0.01979
3664.60930,0.02011
3662.68056,0.02029
3660.75182,0.02031
3658.82307,0.02027
3656.89433,0.02016
3654.96559,0.02008
3653.03685,0.02023
3651.10811,0.02056
3649.17937,0.02073
3647.25062,0.02063
3645.32188,0.02044
3643.39314,0.02027
3641.46440,0.02016
3639.53566,0.02020
3637.60692,0.02041
3635.67817,0.02066
3633.74943,0.02084
3631.82069,0.02095
3629.89195,0.02084
3627.96321,0.02058
3626.03446,0.02070
3624.10572,0.02108
3622.17698,0.02141
3620.24824,0.02145
3618.31950,0.02133
3616.39076,0.02139
3614.46201,0.02154
3612.53327,0.02147
3610.60453,0.02132
3608.67579,0.02141
3606.74705,0.02158
3604.81831,0.02167
3602.88956,0.02173
3600.96082,0.02168
3599.03208,0.02165
3597.10334,0.02187
3595.17460,0.02225
3593.24586,0.02250
3591.31711,0.02261
3589.38837,0.02275
3587.45963,0.02288
3585.53089,0.02283
3583.60215,0.02277
3581.67340,0.02287
3579.74466,0.02307
3577.81592,0.02325
3575.88718,0.02341
3573.95844,0.02362
3572.02970,0.02397
3570.10095,0.02435
3568.17221,0.02449
3566.24347,0.02434
3564.31473,0.02425
3562.38599,0.02446
3560.45725,0.02486
3558.52850,0.02522
3556.59976,0.02541
3554.67102,0.02545
3552.74228,0.02540
3550.81354,0.02538
3548.88480,0.02556
3546.95605,0.02588
3545.02731,0.02618
3543.09857,0.02641
3541.16983,0.02666
3539.24109,0.02699
3537.31234,0.02719
3535.38360,0.02714
3533.45486,0.02706
3531.52612,0.02709
3529.59738,0.02717
3527.66864,0.02726
3525.73989,0.02740
3523.81115,0.02774
3521.88241,0.02815
3519.95367,0.02844
3518.02493,0.02863
3516.09619,0.02884
3514.16744,0.02910
3512.23870,0.02937
3510.30996,0.02956
3508.38122,0.02966
3506.45248,0.02983
3504.52374,0.03012
3502.59499,0.03039
3500.66625,0.03060
3498.73751,0.03084
3496.80877,0.03116
3494.88003,0.03148
3492.95128,0.03171
3491.02254,0.03185
3489.09380,0.03198
3487.16506,0.03230
3485.23632,0.03289
3483.30758,0.03336
3481.37883,0.03360
3479.45009,0.03389
3477.52135,0.03421
3475.59261,0.03439
3473.66387,0.03446
3471.73513,0.03461
3469.80638,0.03492
3467.87764,0.03519
3465.94890,0.03538
3464.02016,0.03573
3462.09142,0.03630
3460.16268,0.03683
3458.23393,0.03714
3456.30519,0.03732
3454.37645,0.03749
3452.44771,0.03767
3450.51897,0.03798
3448.59022,0.03845
3446.66148,0.03890
3444.73274,0.03923
3442.80400,0.03955
3440.87526,0.03996
3438.94652,0.04059
3437.01777,0.04137
3435.08903,0.04194
3433.16029,0.04227
3431.23155,0.04265
3429.30281,0.04310
3427.37407,0.04353
3425.44532,0.04401
3423.51658,0.04445
3421.58784,0.04471
3419.65910,0.04493
3417.73036,0.04538
3415.80162,0.04612
3413.87287,0.04688
3411.94413,0.04736
3410.01539,0.04750
3408.08665,0.04746
3406.15791,0.04748
3404.22917,0.04766
3402.30042,0.04792
3400.37168,0.04818
3398.44294,0.04836
3396.51420,0.04853
3394.58546,0.04876
3392.65671,0.04908
3390.72797,0.04941
3388.79923,0.04962
3386.87049,0.04979
3384.94175,0.05011
3383.01301,0.05048
3381.08426,0.05073
3379.15552,0.05094
3377.22678,0.05122
3375.29804,0.05156
3373.36930,0.05184
3371.44056,0.05204
3369.51181,0.05238
3367.58307,0.05306
3365.65433,0.05379
3363.72559,0.05418
3361.79685,0.05441
3359.86811,0.05480
3357.93936,0.05537
3356.01062,0.05601
3354.08188,0.05659
3352.15314,0.05714
3350.22440,0.05773
3348.29565,0.05823
3346.36691,0.05861
3344.43817,0.05908
3342.50943,0.05963
3340.58069,0.05999
3338.65195,0.06015
3336.72320,0.06026
3334.79446,0.06046
3332.86572,0.06070
3330.93698,0.06073
3329.00824,0.06046
3327.07950,0.06018
3325.15075,0.06005
3323.22201,0.05996
3321.29327,0.05985
3319.36453,0.05969
3317.43579,0.05950
3315.50705,0.05940
3313.57830,0.05930
3311.64956,0.05911
3309.72082,0.05909
3307.79208,0.05938
3305.86334,0.05977
3303.93459,0.05993
3302.00585,0.05986
3300.07711,0.05992
3298.14837,0.06024
3296.21963,0.06059
3294.29089,0.06069
3292.36214,0.06055
3290.43340,0.06047
3288.50466,0.06054
3286.57592,0.06067
3284.64718,0.06075
3282.71844,0.06073
3280.78969,0.06069
3278.86095,0.06066
3276.93221,0.06067
3275.00347,0.06070
3273.07473,0.06062
3271.14599,0.06040
3269.21724,0.06017
3267.28850,0.05997
3265.35976,0.05968
3263.43102,0.05923
3261.50228,0.05884
3259.57353,0.05860
3257.64479,0.05833
3255.71605,0.05793
3253.78731,0.05742
3251.85857,0.05701
3249.92983,0.05673
3248.00108,0.05637
3246.07234,0.05593
3244.14360,0.05551
3242.21486,0.05512
3240.28612,0.05488
3238.35738,0.05477
3236.42863,0.05458
3234.49989,0.05415
3232.57115,0.05368
3230.64241,0.05346
3228.71367,0.05338
3226.78493,0.05311
3224.85618,0.05269
3222.92744,0.05229
3220.99870,0.05196
3219.06996,0.05171
3217.14122,0.05160
3215.21247,0.05145
3213.28373,0.05112
3211.35499,0.05070
3209.42625,0.05033
3207.49751,0.05004
3205.56877,0.04990
3203.64002,0.04984
3201.71128,0.04960
3199.78254,0.04915
3197.85380,0.04867
3195.92506,0.04827
3193.99632,0.04797
3192.06757,0.04772
3190.13883,0.04749
3188.21009,0.04734
3186.28135,0.04727
3184.35261,0.04718
3182.42387,0.04699
3180.49512,0.04671
3178.56638,0.04644
3176.63764,0.04627
3174.70890,0.04618
3172.78016,0.04603
3170.85141,0.04572
3168.92267,0.04536
3166.99393,0.04507
3165.06519,0.04477
3163.13645,0.04450
3161.20771,0.04439
3159.27896,0.04433
3157.35022,0.04419
3155.42148,0.04400
3153.49274,0.04380
3151.56400,0.04358
3149.63526,0.04331
3147.70651,0.04301
3145.77777,0.04274
3143.84903,0.04251
3141.92029,0.04240
3139.99155,0.04242
3138.06281,0.04235
3136.13406,0.04213
3134.20532,0.04199
3132.27658,0.04195
3130.34784,0.04181
3128.41910,0.04159
3126.49035,0.04136
3124.56161,0.04115
3122.63287,0.04085
3120.70413,0.04054
3118.77539,0.04039
3116.84665,0.04039
3114.91790,0.04036
3112.98916,0.04023
3111.06042,0.04008
3109.13168,0.03997
3107.20294,0.03988
3105.27420,0.03978
3103.34545,0.03973
3101.41671,0.03961
3099.48797,0.03935
3097.55923,0.03909
3095.63049,0.03892
3093.70175,0.03876
3091.77300,0.03866
3089.84426,0.03859
3087.91552,0.03851
3085.98678,0.03843
3084.05804,0.03831
3082.12930,0.03810
3080.20055,0.03790
3078.27181,0.03780
3076.34307,0.03776
3074.41433,0.03762
3072.48559,0.03736
3070.55684,0.03716
3068.62810,0.03704
3066.69936,0.03692
3064.77062,0.03682
3062.84188,0.03678
3060.91314,0.03678
3058.98439,0.03670
3057.05565,0.03649
3055.12691,0.03632
3053.19817,0.03629
3051.26943,0.03628
3049.34069,0.03618
3047.41194,0.03600
3045.48320,0.03579
3043.55446,0.03556
3041.62572,0.03545
3039.69698,0.03545
3037.76824,0.03532
3035.83949,0.03499
3033.91075,0.03469
3031.98201,0.03453
3030.05327,0.03445
3028.12453,0.03441
3026.19578,0.03432
3024.26704,0.03419
3022.33830,0.03415
3020.40956,0.03428
3018.48082,0.03444
3016.55208,0.03449
3014.62333,0.03447
3012.69459,0.03450
3010.76585,0.03443
3008.83711,0.03424
3006.90837,0.03419
3004.97963,0.03436
3003.05088,0.03449
3001.12214,0.03444
2999.19340,0.03432
2997.26466,0.03423
2995.33592,0.03421
2993.40718,0.03421
2991.47843,0.03421
2989.54969,0.03427
2987.62095,0.03440
2985.69221,0.03451
2983.76347,0.03462
2981.83472,0.03483
2979.90598,0.03504
2977.97724,0.03527
2976.04850,0.03567
2974.11976,0.03624
2972.19102,0.03684
2970.26227,0.03729
2968.33353,0.03748
2966.40479,0.03754
2964.47605,0.03753
2962.54731,0.03737
2960.61857,0.03718
2958.68982,0.03711
2956.76108,0.03714
2954.83234,0.03729
2952.90360,0.03750
2950.97486,0.03769
2949.04612,0.03787
2947.11737,0.03808
2945.18863,0.03824
2943.25989,0.03827
2941.33115,0.03814
2939.40241,0.03791
2937.47366,0.03770
2935.54492,0.03759
2933.61618,0.03759
2931.68744,0.03769
2929.75870,0.03786
2927.82996,0.03801
2925.90121,0.03823
2923.97247,0.03864
2922.04373,0.03918
2920.11499,0.03974
2918.18625,0.04040
2916.25751,0.04111
2914.32876,0.04181
2912.40002,0.04250
2910.47128,0.04311
2908.54254,0.04358
2906.61380,0.04397
2904.68506,0.04427
2902.75631,0.04445
2900.82757,0.04455
2898.89883,0.04460
2896.97009,0.04453
2895.04135,0.04442
2893.11260,0.04438
2891.18386,0.04433
2889.25512,0.04423
2887.32638,0.04408
2885.39764,0.04382
2883.46890,0.04349
2881.54015,0.04319
2879.61141,0.04296
2877.68267,0.04285
2875.75393,0.04284
2873.82519,0.04278
2871.89645,0.04254
2869.96770,0.04233
2868.03896,0.04224
2866.11022,0.04207
2864.18148,0.04182
2862.25274,0.04166
2860.32400,0.04160
2858.39525,0.04151
2856.46651,0.04132
2854.53777,0.04110
2852.60903,0.04093
2850.68029,0.04077
2848.75154,0.04054
2846.82280,0.04020
2844.89406,0.03977
2842.96532,0.03927
2841.03658,0.03884
2839.10784,0.03858
2837.17909,0.03826
2835.25035,0.03781
2833.32161,0.03742
2831.39287,0.03720
2829.46413,0.03711
2827.53539,0.03706
2825.60664,0.03689
2823.67790,0.03662
2821.74916,0.03649
2819.82042,0.03648
2817.89168,0.03643
2815.96294,0.03635
2814.03419,0.03622
2812.10545,0.03601
2810.17671,0.03579
2808.24797,0.03567
2806.31923,0.03554
2804.39048,0.03532
2802.46174,0.03511
2800.53300,0.03508
2798.60426,0.03514
2796.67552,0.03510
2794.74678,0.03488
2792.81803,0.03463
2790.88929,0.03446
2788.96055,0.03436
2787.03181,0.03427
2785.10307,0.03421
2783.17433,0.03419
2781.24558,0.03419
2779.31684,0.03414
2777.38810,0.03409
2775.45936,0.03406
2773.53062,0.03406
2771.60188,0.03408
2769.67313,0.03408
2767.74439,0.03402
2765.81565,0.03392
2763.88691,0.03385
2761.95817,0.03379
2760.02943,0.03371
2758.10068,0.03362
2756.17194,0.03350
2754.24320,0.03341
2752.31446,0.03340
2750.38572,0.03341
2748.45697,0.03344
2746.52823,0.03347
2744.59949,0.03344
2742.67075,0.03339
2740.74201,0.03340
2738.81327,0.03344
2736.88452,0.03345
2734.95578,0.03341
2733.02704,0.03337
2731.09830,0.03331
2729.16956,0.03332
2727.24082,0.03338
2725.31207,0.03336
2723.38333,0.03322
2721.45459,0.03303
2719.52585,0.03287
2717.59711,0.03275
2715.66837,0.03267
2713.73962,0.03268
2711.81088,0.03279
2709.88214,0.03281
2707.95340,0.03269
2706.02466,0.03257
2704.09591,0.03250
2702.16717,0.03250
2700.23843,0.03251
2698.30969,0.03247
2696.38095,0.03241
2694.45221,0.03238
2692.52346,0.03241
2690.59472,0.03243
2688.66598,0.03232
2686.73724,0.03209
2684.80850,0.03194
2682.87976,0.03192
2680.95101,0.03193
2679.02227,0.03193
2677.09353,0.03190
2675.16479,0.03189
2673.23605,0.03189
2671.30731,0.03190
2669.37856,0.03196
2667.44982,0.03205
2665.52108,0.03210
2663.59234,0.03210
2661.66360,0.03213
2659.73485,0.03219
2657.80611,0.03222
2655.87737,0.03218
2653.94863,0.03209
2652.01989,0.03201
2650.09115,0.03202
2648.16240,0.03210
2646.23366,0.03216
2644.30492,0.03217
2642.37618,0.03220
2640.44744,0.03228
2638.51870,0.03232
2636.58995,0.03229
2634.66121,0.03221
2632.73247,0.03207
2630.80373,0.03193
2628.87499,0.03186
2626.94625,0.03186
2625.01750,0.03194
2623.08876,0.03208
2621.16002,0.03224
2619.23128,0.03232
2617.30254,0.03221
2615.37379,0.03201
2613.44505,0.03191
2611.51631,0.03192
2609.58757,0.03195
2607.65883,0.03198
2605.73009,0.03190
2603.80134,0.03171
2601.87260,0.03164
2599.94386,0.03176
2598.01512,0.03187
2596.08638,0.03179
2594.15764,0.03172
2592.22889,0.03176
2590.30015,0.03168
2588.37141,0.03154
2586.44267,0.03155
2584.51393,0.03161
2582.58519,0.03165
2580.65644,0.03167
2578.72770,0.03165
2576.79896,0.03157
2574.87022,0.03151
2572.94148,0.03158
2571.01273,0.03169
2569.08399,0.03170
2567.15525,0.03167
2565.22651,0.03159
2563.29777,0.03148
2561.36903,0.03143
2559.44028,0.03137
2557.51154,0.03131
2555.58280,0.03135
2553.65406,0.03141
2551.72532,0.03143
2549.79658,0.03136
2547.86783,0.03139
2545.93909,0.03165
2544.01035,0.03182
2542.08161,0.03168
2540.15287,0.03147
2538.22413,0.03140
2536.29538,0.03135
2534.36664,0.03127
2532.43790,0.03129
2530.50916,0.03134
2528.58042,0.03126
2526.65167,0.03121
2524.72293,0.03129
2522.79419,0.03131
2520.86545,0.03124
2518.93671,0.03124
2517.00797,0.03131
2515.07922,0.03135
2513.15048,0.03136
2511.22174,0.03126
2509.29300,0.03106
2507.36426,0.03087
2505.43552,0.03080
2503.50677,0.03084
2501.57803,0.03090
2499.64929,0.03085
2497.72055,0.03071
2495.79181,0.03066
2493.86307,0.03075
2491.93432,0.03076
2490.00558,0.03063
2488.07684,0.03058
2486.14810,0.03059
2484.21936,0.03054
2482.29061,0.03054
2480.36187,0.03063
2478.43313,0.03058
2476.50439,0.03039
2474.57565,0.03026
2472.64691,0.03030
2470.71816,0.03039
2468.78942,0.03046
2466.86068,0.03055
2464.93194,0.03057
2463.00320,0.03044
2461.07446,0.03034
2459.14571,0.03029
2457.21697,0.03014
2455.28823,0.03008
2453.35949,0.03027
2451.43075,0.03041
2449.50201,0.03039
2447.57326,0.03035
2445.64452,0.03028
2443.71578,0.03022
2441.78704,0.03021
2439.85830,0.03012
2437.92956,0.02988
2436.00081,0.02977
2434.07207,0.02995
2432.14333,0.03020
2430.21459,0.03013
2428.28585,0.02989
2426.35710,0.02981
2424.42836,0.02984
2422.49962,0.02973
2420.57088,0.02955
2418.64214,0.02949
2416.71340,0.02959
2414.78465,0.02972
2412.85591,0.02970
2410.92717,0.02954
2408.99843,0.02945
2407.06969,0.02951
2405.14095,0.02954
2403.21220,0.02949
2401.28346,0.02940
2399.35472,0.02928
2397.42598,0.02919
2395.49724,0.02922
2393.56850,0.02931
2391.63975,0.02932
2389.71101,0.02929
2387.78227,0.02930
2385.85353,0.02931
2383.92479,0.02932
2381.99604,0.02937
2380.06730,0.02936
2378.13856,0.02925
2376.20982,0.02915
2374.28108,0.02910
2372.35234,0.02922
2370.42359,0.02959
2368.49485,0.02987
2366.56611,0.02993
2364.63737,0.02990
2362.70863,0.02969
2360.77989,0.02932
2358.85114,0.02909
2356.92240,0.02907
2354.99366,0.02929
2353.06492,0.02939
2351.13618,0.02917
2349.20744,0.02899
2347.27869,0.02905
2345.34995,0.02919
2343.42121,0.02922
2341.49247,0.02917
2339.56373,0.02907
2337.63498,0.02899
2335.70624,0.02906
2333.77750,0.02926
2331.84876,0.02927
2329.92002,0.02898
2327.99128,0.02894
2326.06253,0.02942
2324.13379,0.03008
2322.20505,0.03033
2320.27631,0.03005
2318.34757,0.02957
2316.41883,0.02920
2314.49008,0.02904
2312.56134,0.02900
2310.63260,0.02896
2308.70386,0.02903
2306.77512,0.02912
2304.84638,0.02915
2302.91763,0.02921
2300.98889,0.02927
2299.06015,0.02928
2297.13141,0.02935
2295.20267,0.02958
2293.27392,0.02981
2291.34518,0.02990
2289.41644,0.02989
2287.48770,0.02993
2285.55896,0.03002
2283.63022,0.03000
2281.70147,0.02987
2279.77273,0.02981
2277.84399,0.02986
2275.91525,0.02994
2273.98651,0.02997
2272.05777,0.02994
2270.12902,0.02994
2268.20028,0.02992
2266.27154,0.02966
2264.34280,0.02938
2262.41406,0.02936
2260.48532,0.02940
2258.55657,0.02936
2256.62783,0.02935
2254.69909,0.02926
2252.77035,0.02905
2250.84161,0.02896
2248.91286,0.02906
2246.98412,0.02913
2245.05538,0.02911
2243.12664,0.02919
2241.19790,0.02924
2239.26916,0.02906
2237.34041,0.02889
2235.41167,0.02901
2233.48293,0.02939
2231.55419,0.02968
2229.62545,0.02955
2227.69671,0.02929
2225.76796,0.02930
2223.83922,0.02950
2221.91048,0.02952
2219.98174,0.02926
2218.05300,0.02900
2216.12426,0.02897
2214.19551,0.02903
2212.26677,0.02914
2210.33803,0.02945
2208.40929,0.02968
2206.48055,0.02956
2204.55180,0.02930
2202.62306,0.02924
2200.69432,0.02940
2198.76558,0.02954
2196.83684,0.02945
2194.90810,0.02928
2192.97935,0.02934
2191.05061,0.02952
2189.12187,0.02947
2187.19313,0.02939
2185.26439,0.02941
2183.33565,0.02909
2181.40690,0.02835
2179.47816,0.02797
2177.54942,0.02824
2175.62068,0.02839
2173.69194,0.02833
2171.76320,0.02863
2169.83445,0.02921
2167.90571,0.02978
2165.97697,0.03021
2164.04823,0.03021
2162.11949,0.02973
2160.19074,0.02869
2158.26200,0.02705
2156.33326,0.02594
2154.40452,0.02614
2152.47578,0.02701
2150.54704,0.02763
2148.61829,0.02749
2146.68955,0.02698
2144.76081,0.02701
2142.83207,0.02755
2140.90333,0.02794
2138.97459,0.02805
2137.04584,0.02791
2135.11710,0.02762
2133.18836,0.02747
2131.25962,0.02753
2129.33088,0.02768
2127.40214,0.02780
2125.47339,0.02789
2123.54465,0.02809
2121.61591,0.02832
2119.68717,0.02837
2117.75843,0.02841
2115.82969,0.02856
2113.90094,0.02860
2111.97220,0.02848
2110.04346,0.02848
2108.11472,0.02869
2106.18598,0.02882
2104.25723,0.02871
2102.32849,0.02854
2100.39975,0.02847
2098.47101,0.02844
2096.54227,0.02832
2094.61353,0.02810
2092.68478,0.02794
2090.75604,0.02801
2088.82730,0.02840
2086.89856,0.02886
2084.96982,0.02899
2083.04108,0.02885
2081.11233,0.02879
2079.18359,0.02886
2077.25485,0.02886
2075.32611,0.02879
2073.39737,0.02876
2071.46863,0.02874
2069.53988,0.02872
2067.61114,0.02865
2065.68240,0.02856
2063.75366,0.02846
2061.82492,0.02837
2059.89617,0.02838
2057.96743,0.02832
2056.03869,0.02806
2054.10995,0.02803
2052.18121,0.02855
2050.25247,0.02908
2048.32372,0.02906
2046.39498,0.02882
2044.46624,0.02868
2042.53750,0.02856
2040.60876,0.02859
2038.68002,0.02865
2036.75127,0.02811
2034.82253,0.02718
2032.89379,0.02689
2030.96505,0.02724
2029.03631,0.02737
2027.10757,0.02752
2025.17882,0.02790
2023.25008,0.02797
2021.32134,0.02766
2019.39260,0.02733
2017.46386,0.02699
2015.53511,0.02662
2013.60637,0.02648
2011.67763,0.02662
2009.74889,0.02654
2007.82015,0.02623
2005.89141,0.02616
2003.96266,0.02645
2002.03392,0.02685
2000.10518,0.02703
1998.17644,0.02688
1996.24770,0.02673
1994.31896,0.02681
1992.39021,0.02713
1990.46147,0.02745
1988.53273,0.02754
1986.60399,0.02749
1984.67525,0.02737
1982.74651,0.02737
1980.81776,0.02768
1978.88902,0.02780
1976.96028,0.02748
1975.03154,0.02719
1973.10280,0.02692
1971.17405,0.02656
1969.24531,0.02644
1967.31657,0.02656
1965.38783,0.02680
1963.45909,0.02716
1961.53035,0.02739
1959.60160,0.02728
1957.67286,0.02694
1955.74412,0.02658
1953.81538,0.02640
1951.88664,0.02646
1949.95790,0.02657
1948.02915,0.02671
1946.10041,0.02680
1944.17167,0.02661
1942.24293,0.02623
1940.31419,0.02597
1938.38545,0.02598
1936.45670,0.02605
1934.52796,0.02597
1932.59922,0.02578
1930.67048,0.02554
1928.74174,0.02524
1926.81299,0.02507
1924.88425,0.02520
1922.95551,0.02535
1921.02677,0.02530
1919.09803,0.02510
1917.16929,0.02488
1915.24054,0.02478
1913.31180,0.02486
1911.38306,0.02494
1909.45432,0.02491
1907.52558,0.02479
1905.59684,0.02469
1903.66809,0.02471
1901.73935,0.02470
1899.81061,0.02436
1897.88187,0.02389
1895.95313,0.02364
1894.02439,0.02367
1892.09564,0.02380
1890.16690,0.02384
1888.23816,0.02374
1886.30942,0.02364
1884.38068,0.02357
1882.45193,0.02356
1880.52319,0.02356
1878.59445,0.02352
1876.66571,0.02342
1874.73697,0.02326
1872.80823,0.02310
1870.87948,0.02307
1868.95074,0.02311
1867.02200,0.02304
1865.09326,0.02296
1863.16452,0.02294
1861.23578,0.02288
1859.30703,0.02269
1857.37829,0.02254
1855.44955,0.02263
1853.52081,0.02277
1851.59207,0.02269
1849.66333,0.02252
1847.73458,0.02257
1845.80584,0.02272
1843.87710,0.02267
1841.94836,0.02252
1840.01962,0.02250
1838.09087,0.02253
1836.16213,0.02256
1834.23339,0.02259
1832.30465,0.02255
1830.37591,0.02247
1828.44717,0.02239
1826.51842,0.02233
1824.58968,0.02227
1822.66094,0.02226
1820.73220,0.02222
1818.80346,0.02212
1816.87472,0.02201
1814.94597,0.02189
1813.01723,0.02177
1811.08849,0.02171
1809.15975,0.02167
1807.23101,0.02160
1805.30227,0.02152
1803.37352,0.02146
1801.44478,0.02133
1799.51604,0.02118
1797.58730,0.02110
1795.65856,0.02108
1793.72982,0.02105
1791.80107,0.02092
1789.87233,0.02072
1787.94359,0.02057
1786.01485,0.02046
1784.08611,0.02036
1782.15736,0.02027
1780.22862,0.02014
1778.29988,0.02001
1776.37114,0.01987
1774.44240,0.01969
1772.51366,0.01952
1770.58491,0.01946
1768.65617,0.01945
1766.72743,0.01945
1764.79869,0.01949
1762.86995,0.01956
1760.94121,0.01966
1759.01246,0.01983
1757.08372,0.02008
1755.15498,0.02037
1753.22624,0.02080
1751.29750,0.02165
1749.36876,0.02313
1747.44001,0.02509
1745.51127,0.02754
1743.58253,0.03061
1741.65379,0.03430
1739.72505,0.03850
1737.79630,0.04252
1735.86756,0.04644
1733.93882,0.05143
1732.01008,0.05650
1730.08134,0.06063
1728.15260,0.06463
1726.22385,0.06866
1724.29511,0.07271
1722.36637,0.07666
1720.43763,0.08036
1718.50889,0.08447
1716.58015,0.08899
1714.65140,0.09220
1712.72266,0.09365
1710.79392,0.09368
1708.86518,0.09249
1706.93644,0.09015
1705.00770,0.08696
1703.07895,0.08381
1701.15021,0.08012
1699.22147,0.07582
1697.29273,0.07247
1695.36399,0.06948
1693.43524,0.06695
1691.50650,0.06513
1689.57776,0.06346
1687.64902,0.06204
1685.72028,0.06079
1683.79154,0.05934
1681.86279,0.05818
1679.93405,0.05744
1678.00531,0.05663
1676.07657,0.05549
1674.14783,0.05424
1672.21909,0.05327
1670.29034,0.05237
1668.36160,0.05146
1666.43286,0.05084
1664.50412,0.05021
1662.57538,0.04926
1660.64664,0.04831
1658.71789,0.04771
1656.78915,0.04733
1654.86041,0.04677
1652.93167,0.04572
1651.00293,0.04513
1649.07418,0.04507
1647.14544,0.04474
1645.21670,0.04422
1643.28796,0.04394
1641.35922,0.04379
1639.43048,0.04368
1637.50173,0.04344
1635.57299,0.04283
1633.64425,0.04228
1631.71551,0.04209
1629.78677,0.04188
1627.85803,0.04152
1625.92928,0.04114
1624.00054,0.04075
1622.07180,0.04034
1620.14306,0.04013
1618.21432,0.04007
1616.28558,0.03997
1614.35683,0.03983
1612.42809,0.03964
1610.49935,0.03927
1608.57061,0.03866
1606.64187,0.03802
1604.71312,0.03752
1602.78438,0.03708
1600.85564,0.03663
1598.92690,0.03618
1596.99816,0.03579
1595.06942,0.03550
1593.14067,0.03527
1591.21193,0.03502
1589.28319,0.03475
1587.35445,0.03463
1585.42571,0.03478
1583.49697,0.03519
1581.56822,0.03571
1579.63948,0.03624
1577.71074,0.03654
1575.78200,0.03626
1573.85326,0.03564
1571.92452,0.03505
1569.99577,0.03437
1568.06703,0.03366
1566.13829,0.03309
1564.20955,0.03262
1562.28081,0.03230
1560.35206,0.03200
1558.42332,0.03153
1556.49458,0.03120
1554.56584,0.03096
1552.63710,0.03074
1550.70836,0.03063
1548.77961,0.03055
1546.85087,0.03041
1544.92213,0.03023
1542.99339,0.03015
1541.06465,0.03005
1539.13591,0.02972
1537.20716,0.02947
1535.27842,0.02932
1533.34968,0.02910
1531.42094,0.02889
1529.49220,0.02878
1527.56346,0.02865
1525.63471,0.02855
1523.70597,0.02849
1521.77723,0.02827
1519.84849,0.02795
1517.91975,0.02770
1515.99100,0.02753
1514.06226,0.02755
1512.13352,0.02795
1510.20478,0.02885
1508.27604,0.03078
1506.34730,0.03364
1504.41855,0.03475
1502.48981,0.03375
1500.56107,0.03192
1498.63233,0.03005
1496.70359,0.02863
1494.77485,0.02782
1492.84610,0.02755
1490.91736,0.02762
1488.98862,0.02805
1487.05988,0.02889
1485.13114,0.03009
1483.20240,0.03153
1481.27365,0.03295
1479.34491,0.03408
1477.41617,0.03504
1475.48743,0.03622
1473.55869,0.03772
1471.62995,0.03886
1469.70120,0.03904
1467.77246,0.03880
1465.84372,0.03875
1463.91498,0.03912
1461.98624,0.03989
1460.05749,0.04089
1458.12875,0.04197
1456.20001,0.04285
1454.27127,0.04329
1452.34253,0.04341
1450.41379,0.04335
1448.48504,0.04315
1446.55630,0.04291
1444.62756,0.04268
1442.69882,0.04253
1440.77008,0.04248
1438.84134,0.04255
1436.91259,0.04274
1434.98385,0.04312
1433.05511,0.04350
1431.12637,0.04363
1429.19763,0.04342
1427.26889,0.04302
1425.34014,0.04260
1423.41140,0.04224
1421.48266,0.04197
1419.55392,0.04213
1417.62518,0.04354
1415.69643,0.04645
1413.76769,0.05065
1411.83895,0.05543
1409.91021,0.05920
1407.98147,0.06051
1406.05273,0.05906
1404.12398,0.05581
1402.19524,0.05241
1400.26650,0.04945
1398.33776,0.04684
1396.40902,0.04473
1394.48028,0.04314
1392.55153,0.04215
1390.62279,0.04171
1388.69405,0.04160
1386.76531,0.04179
1384.83657,0.04236
1382.90783,0.04318
1380.97908,0.04414
1379.05034,0.04527
1377.12160,0.04660
1375.19286,0.04818
1373.26412,0.04989
1371.33537,0.05114
1369.40663,0.05149
1367.47789,0.05094
1365.54915,0.05000
1363.62041,0.04919
1361.69167,0.04859
1359.76292,0.04802
1357.83418,0.04746
1355.90544,0.04708
1353.97670,0.04696
1352.04796,0.04729
1350.11922,0.04842
1348.19047,0.05091
1346.26173,0.05514
1344.33299,0.06084
1342.40425,0.06683
1340.47551,0.07160
1338.54677,0.07376
1336.61802,0.07281
1334.68928,0.06931
1332.76054,0.06434
1330.83180,0.05921
1328.90306,0.05510
1326.97431,0.05261
1325.04557,0.05175
1323.11683,0.05219
1321.18809,0.05353
1319.25935,0.05540
1317.33061,0.05744
1315.40186,0.05912
1313.47312,0.06006
1311.54438,0.06025
1309.61564,0.05988
1307.68690,0.05913
1305.75816,0.05832
1303.82941,0.05770
1301.90067,0.05748
1299.97193,0.05779
1298.04319,0.05874
1296.11445,0.06029
1294.18571,0.06228
1292.25696,0.06442
1290.32822,0.06650
1288.39948,0.06860
1286.47074,0.07088
1284.54200,0.07332
1282.61325,0.07582
1280.68451,0.07820
1278.75577,0.08023
1276.82703,0.08200
1274.89829,0.08385
1272.96955,0.08582
1271.04080,0.08785
1269.11206,0.09007
1267.18332,0.09240
1265.25458,0.09460
1263.32584,0.09655
1261.39710,0.09818
1259.46835,0.09939
1257.53961,0.10031
1255.61087,0.10126
1253.68213,0.10245
1251.75339,0.10394
1249.82465,0.10566
1247.89590,0.10741
1245.96716,0.10880
1244.03842,0.10958
1242.10968,0.10980
1240.18094,0.10954
1238.25219,0.10877
1236.32345,0.10722
1234.39471,0.10470
1232.46597,0.10146
1230.53723,0.09800
1228.60849,0.09459
1226.67974,0.09130
1224.75100,0.08821
1222.82226,0.08540
1220.89352,0.08276
1218.96478,0.08016
1217.03604,0.07768
1215.10729,0.07556
1213.17855,0.07407
1211.24981,0.07337
1209.32107,0.07329
1207.39233,0.07326
1205.46359,0.07264
1203.53484,0.07132
1201.60610,0.06952
1199.67736,0.06740
1197.74862,0.06505
1195.81988,0.06260
1193.89113,0.06013
1191.96239,0.05775
1190.03365,0.05564
1188.10491,0.05395
1186.17617,0.05281
1184.24743,0.05236
1182.31868,0.05258
1180.38994,0.05328
1178.46120,0.05444
1176.53246,0.05602
1174.60372,0.05786
1172.67498,0.05987
1170.74623,0.06209
1168.81749,0.06460
1166.88875,0.06742
1164.96001,0.07017
1163.03127,0.07210
1161.10253,0.07276
1159.17378,0.07228
1157.24504,0.07112
1155.31630,0.06976
1153.38756,0.06853
1151.45882,0.06759
1149.53007,0.06712
1147.60133,0.06702
1145.67259,0.06692
1143.74385,0.06684
1141.81511,0.06718
1139.88637,0.06845
1137.95762,0.07104
1136.02888,0.07500
1134.10014,0.08004
1132.17140,0.08563
1130.24266,0.09147
1128.31392,0.09771
1126.38517,0.10417
1124.45643,0.11014
1122.52769,0.11509
1120.59895,0.11926
1118.67021,0.12341
1116.74147,0.12810
1114.81272,0.13320
1112.88398,0.13820
1110.95524,0.14246
1109.02650,0.14568
1107.09776,0.14824
1105.16902,0.15070
1103.24027,0.15302
1101.31153,0.15465
1099.38279,0.15508
1097.45405,0.15429
1095.52531,0.15280
1093.59656,0.15114
1091.66782,0.14947
1089.73908,0.14791
1087.81034,0.14654
1085.88160,0.14523
1083.95286,0.14386
1082.02411,0.14266
1080.09537,0.14192
1078.16663,0.14129
1076.23789,0.14035
1074.30915,0.13928
1072.38041,0.13861
1070.45166,0.13878
1068.52292,0.14005
1066.59418,0.14243
1064.66544,0.14582
1062.73670,0.15005
1060.80796,0.15435
1058.87921,0.15769
1056.95047,0.15975
1055.02173,0.16071
1053.09299,0.16076
1051.16425,0.15991
1049.23550,0.15820
1047.30676,0.15591
1045.37802,0.15369
1043.44928,0.15204
1041.52054,0.15125
1039.59180,0.15161
1037.66305,0.15313
1035.73431,0.15524
1033.80557,0.15694
1031.87683,0.15761
1029.94809,0.15763
1028.01935,0.15809
1026.09060,0.16013
1024.16186,0.16401
1022.23312,0.16879
1020.30438,0.17327
1018.37564,0.17636
1016.44690,0.17677
1014.51815,0.17383
1012.58941,0.16876
1010.66067,0.16370
1008.73193,0.15990
1006.80319,0.15749
1004.87444,0.15620
1002.94570,0.15551
1001.01696,0.15480
999.08822,0.15367
997.15948,0.15187
995.23074,0.14952
993.30199,0.14725
991.37325,0.14552
989.44451,0.14459
987.51577,0.14474
985.58703,0.14575
983.65829,0.14656
981.72954,0.14608
979.80080,0.14407
977.87206,0.14123
975.94332,0.13848
974.01458,0.13614
972.08584,0.13403
970.15709,0.13190
968.22835,0.12951
966.29961,0.12676
964.37087,0.12373
962.44213,0.12058
960.51338,0.11756
958.58464,0.11483
956.65590,0.11215
954.72716,0.10940
952.79842,0.10690
950.86968,0.10479
948.94093,0.10286
947.01219,0.10104
945.08345,0.09948
943.15471,0.09810
941.22597,0.09661
939.29723,0.09506
937.36848,0.09374
935.43974,0.09269
933.51100,0.09159
931.58226,0.09042
929.65352,0.08934
927.72478,0.08836
925.79603,0.08744
923.86729,0.08651
921.93855,0.08555
920.00981,0.08477
918.08107,0.08420
916.15232,0.08385
914.22358,0.08374
912.29484,0.08378
910.36610,0.08391
908.43736,0.08431
906.50862,0.08510
904.57987,0.08601
902.65113,0.08665
900.72239,0.08707
898.79365,0.08744
896.86491,0.08756
894.93617,0.08729
893.00742,0.08659
891.07868,0.08550
889.14994,0.08432
887.22120,0.08347
885.29246,0.08319
883.36372,0.08355
881.43497,0.08458
879.50623,0.08640
877.57749,0.08942
875.64875,0.09408
873.72001,0.09964
871.79126,0.10302
869.86252,0.10150
867.93378,0.09662
866.00504,0.09189
864.07630,0.08870
862.14756,0.08677
860.21881,0.08574
858.29007,0.08529
856.36133,0.08507
854.43259,0.08521
852.50385,0.08590
850.57511,0.08704
848.64636,0.08817
846.71762,0.08856
844.78888,0.08787
842.86014,0.08655
840.93140,0.08521
839.00266,0.08394
837.07391,0.08272
835.14517,0.08158
833.21643,0.08049
831.28769,0.07937
829.35895,0.07830
827.43020,0.07746
825.50146,0.07676
823.57272,0.07593
821.64398,0.07516
819.71524,0.07470
817.78650,0.07448
815.85775,0.07439
813.92901,0.07429
812.00027,0.07400
810.07153,0.07364
808.14279,0.07335
806.21405,0.07322
804.28530,0.07321
802.35656,0.07321
800.42782,0.07312
798.49908,0.07323
796.57034,0.07404
794.64160,0.07521
792.71285,0.07592
790.78411,0.07589
788.85537,0.07525
786.92663,0.07411
784.99789,0.07282
783.06915,0.07174
781.14040,0.07094
779.21166,0.07026
777.28292,0.06958
775.35418,0.06890
773.42544,0.06818
771.49669,0.06736
769.56795,0.06649
767.63921,0.06569
765.71047,0.06513
763.78173,0.06465
761.85299,0.06399
759.92424,0.06333
757.99550,0.06281
756.06676,0.06220
754.13802,0.06133
752.20928,0.06048
750.28054,0.05998
748.35179,0.05969
746.42305,0.05954
744.49431,0.05999
742.56557,0.06172
740.63683,0.06548
738.70809,0.07190
736.77934,0.08095
734.85060,0.09191
732.92186,0.10389
730.99312,0.11620
729.06438,0.12843
727.13563,0.14024
725.20689,0.15068
723.27815,0.15804
721.34941,0.16114
719.42067,0.16078
717.49193,0.15875
715.56318,0.15622
713.63444,0.15364
711.70570,0.15128
709.77696,0.14928
707.84822,0.14760
705.91948,0.14604
703.99073,0.14427
702.06199,0.14226
700.13325,0.14015
698.20451,0.13773
696.27577,0.13514
694.34703,0.13303
692.41828,0.13149
690.48954,0.12997
688.56080,0.12836
686.63206,0.12704
684.70332,0.12641
682.77457,0.12663
680.84583,0.12738
678.91709,0.12815
676.98835,0.12911
675.05961,0.13076
673.13087,0.13281
671.20212,0.13463
669.27338,0.13628
667.34464,0.13763
665.41590,0.13829
663.48716,0.13866
661.55842,0.13879
659.62967,0.13827
657.70093,0.13680
655.77219,0.13486
653.84345,0.13300
651.91471,0.13158
649.98597,0.13106
648.05722,0.13095
646.12848,0.13032
644.19974,0.12983
642.27100,0.13054
640.34226,0.13198
638.41351,0.13318
636.48477,0.13351
634.55603,0.13344
632.62729,0.13457
630.69855,0.13664
628.76981,0.13788
626.84106,0.13811
624.91232,0.13917
622.98358,0.14243
621.05484,0.14612
619.12610,0.14820
617.19736,0.14899
615.26861,0.14822
613.33987,0.14643
611.41113,0.14595
609.48239,0.14654
607.55365,0.14627
605.62491,0.14417
603.69616,0.14167
601.76742,0.14232
599.83868,0.14604
