3996.35288,0.02612
3994.42414,0.02623
3992.49539,0.02617
3990.56665,0.02595
3988.63791,0.02581
3986.70917,0.02584
3984.78043,0.02586
3982.85169,0.02584
3980.92294,0.02591
3978.99420,0.02597
3977.06546,0.02590
3975.13672,0.02586
3973.20798,0.02601
3971.27924,0.02627
3969.35049,0.02637
3967.42175,0.02625
3965.49301,0.02608
3963.56427,0.02595
3961.63553,0.02592
3959.70679,0.02604
3957.77804,0.02614
3955.84930,0.02606
3953.92056,0.02590
3951.99182,0.02581
3950.06308,0.02579
3948.13433,0.02577
3946.20559,0.02586
3944.27685,0.02590
3942.34811,0.02586
3940.41937,0.02594
3938.49063,0.02607
3936.56188,0.02607
3934.63314,0.02595
3932.70440,0.02584
3930.77566,0.02588
3928.84692,0.02601
3926.91818,0.02591
3924.98943,0.02558
3923.06069,0.02548
3921.13195,0.02581
3919.20321,0.02609
3917.27447,0.02600
3915.34573,0.02582
3913.41698,0.02579
3911.48824,0.02576
3909.55950,0.02581
3907.63076,0.02598
3905.70202,0.02593
3903.77327,0.02554
3901.84453,0.02526
3899.91579,0.02528
3897.98705,0.02537
3896.05831,0.02545
3894.12957,0.02549
3892.20082,0.02545
3890.27208,0.02548
3888.34334,0.02561
3886.41460,0.02560
3884.48586,0.02554
3882.55712,0.02575
3880.62837,0.02594
3878.69963,0.02585
3876.77089,0.02572
3874.84215,0.02566
3872.91341,0.02563
3870.98467,0.02542
3869.05592,0.02510
3867.12718,0.02508
3865.19844,0.02519
3863.26970,0.02513
3861.34096,0.02503
3859.41221,0.02513
3857.48347,0.02543
3855.55473,0.02560
3853.62599,0.02508
3851.69725,0.02451
3849.76851,0.02472
3847.83976,0.02509
3845.91102,0.02525
3843.98228,0.02529
3842.05354,0.02537
3840.12480,0.02541
3838.19606,0.02527
3836.26731,0.02523
3834.33857,0.02533
3832.40983,0.02535
3830.48109,0.02535
3828.55235,0.02531
3826.62361,0.02518
3824.69486,0.02518
3822.76612,0.02530
3820.83738,0.02521
3818.90864,0.02511
3816.97990,0.02504
3815.05115,0.02478
3813.12241,0.02474
3811.19367,0.02496
3809.26493,0.02512
3807.33619,0.02510
3805.40745,0.02509
3803.47870,0.02514
3801.54996,0.02489
3799.62122,0.02463
3797.69248,0.02475
3795.76374,0.02487
3793.83500,0.02483
3791.90625,0.02477
3789.97751,0.02477
3788.04877,0.02494
3786.12003,0.02522
3784.19129,0.02531
3782.26255,0.02520
3780.33380,0.02508
3778.40506,0.02499
3776.47632,0.02484
3774.54758,0.02476
3772.61884,0.02486
3770.69009,0.02486
3768.76135,0.02473
3766.83261,0.02477
3764.90387,0.02481
3762.97513,0.02475
3761.04639,0.02468
3759.11764,0.02465
3757.18890,0.02481
3755.26016,0.02504
3753.33142,0.02502
3751.40268,0.02475
3749.47394,0.02479
3747.54519,0.02514
3745.61645,0.02506
3743.68771,0.02454
3741.75897,0.02449
3739.83023,0.02482
3737.90149,0.02508
3735.97274,0.02519
3734.04400,0.02508
3732.11526,0.02486
3730.18652,0.02476
3728.25778,0.02480
3726.32904,0.02482
3724.40029,0.02475
3722.47155,0.02463
3720.54281,0.02457
3718.61407,0.02456
3716.68533,0.02451
3714.75658,0.02442
3712.82784,0.02434
3710.89910,0.02430
3708.97036,0.02433
3707.04162,0.02445
3705.11288,0.02466
3703.18413,0.02472
3701.25539,0.02454
3699.32665,0.02453
3697.39791,0.02475
3695.46917,0.02485
3693.54043,0.02475
3691.61168,0.02465
3689.68294,0.02448
3687.75420,0.02431
3685.82546,0.02434
3683.89672,0.02448
3681.96798,0.02462
3680.03923,0.02475
3678.11049,0.02478
3676.18175,0.02452
3674.25301,0.02434
3672.32427,0.02446
3670.39552,0.02448
3668.46678,0.02442
3666.53804,0.02447
3664.60930,0.02445
3662.68056,0.02437
3660.75182,0.02443
3658.82307,0.02465
3656.89433,0.02481
3654.96559,0.02503
3653.03685,0.02539
3651.10811,0.02556
3649.17937,0.02528
3647.25062,0.02499
3645.32188,0.02514
3643.39314,0.02547
3641.46440,0.02562
3639.53566,0.02555
3637.60692,0.02544
3635.67817,0.02544
3633.74943,0.02563
3631.82069,0.02590
3629.89195,0.02593
3627.96321,0.02571
3626.03446,0.02576
3624.10572,0.02598
3622.17698,0.02609
3620.24824,0.02619
3618.31950,0.02636
3616.39076,0.02649
3614.46201,0.02649
3612.53327,0.02648
3610.60453,0.02665
3608.67579,0.02686
3606.74705,0.02692
3604.81831,0.02699
3602.88956,0.02709
3600.96082,0.02712
3599.03208,0.02701
3597.10334,0.02684
3595.17460,0.02679
3593.24586,0.02700
3591.31711,0.02733
3589.38837,0.02746
3587.45963,0.02746
3585.53089,0.02765
3583.60215,0.02789
3581.67340,0.02796
3579.74466,0.02793
3577.81592,0.02802
3575.88718,0.02823
3573.95844,0.02842
3572.02970,0.02858
3570.10095,0.02871
3568.17221,0.02882
3566.24347,0.02907
3564.31473,0.02935
3562.38599,0.02945
3560.45725,0.02950
3558.52850,0.02969
3556.59976,0.02999
3554.67102,0.03025
3552.74228,0.03037
3550.81354,0.03056
3548.88480,0.03085
3546.95605,0.03104
3545.02731,0.03109
3543.09857,0.03111
3541.16983,0.03125
3539.24109,0.03145
3537.31234,0.03162
3535.38360,0.03167
3533.45486,0.03171
3531.52612,0.03187
3529.59738,0.03210
3527.66864,0.03242
3525.73989,0.03282
3523.81115,0.03299
3521.88241,0.03286
3519.95367,0.03282
3518.02493,0.03306
3516.09619,0.03341
3514.16744,0.03371
3512.23870,0.03391
3510.30996,0.03402
3508.38122,0.03418
3506.45248,0.03446
3504.52374,0.03477
3502.59499,0.03500
3500.66625,0.03523
3498.73751,0.03544
3496.80877,0.03548
3494.88003,0.03560
3492.95128,0.03605
3491.02254,0.03645
3489.09380,0.03655
3487.16506,0.03670
3485.23632,0.03705
3483.30758,0.03740
3481.37883,0.03765
3479.45009,0.03786
3477.52135,0.03817
3475.59261,0.03857
3473.66387,0.03888
3471.73513,0.03906
3469.80638,0.03911
3467.87764,0.03915
3465.94890,0.03954
3464.02016,0.04018
3462.09142,0.04064
3460.16268,0.04096
3458.23393,0.04138
3456.30519,0.04179
3454.37645,0.04208
3452.44771,0.04241
3450.51897,0.04283
3448.59022,0.04312
3446.66148,0.04334
3444.73274,0.04371
3442.80400,0.04408
3440.87526,0.04444
3438.94652,0.04495
3437.01777,0.04544
3435.08903,0.04574
3433.16029,0.04606
3431.23155,0.04656
3429.30281,0.04704
3427.37407,0.04740
3425.44532,0.04777
3423.51658,0.04810
3421.58784,0.04836
3419.65910,0.04865
3417.73036,0.04907
3415.80162,0.04962
3413.87287,0.05014
3411.94413,0.05046
3410.01539,0.05066
3408.08665,0.05085
3406.15791,0.05107
3404.22917,0.05141
3402.30042,0.05182
3400.37168,0.05210
3398.44294,0.05212
3396.51420,0.05197
3394.58546,0.05198
3392.65671,0.05229
3390.72797,0.05275
3388.79923,0.05311
3386.87049,0.05330
3384.94175,0.05352
3383.01301,0.05390
3381.08426,0.05429
3379.15552,0.05450
3377.22678,0.05463
3375.29804,0.05501
3373.36930,0.05558
3371.44056,0.05598
3369.51181,0.05623
3367.58307,0.05660
3365.65433,0.05707
3363.72559,0.05753
3361.79685,0.05803
3359.86811,0.05854
3357.93936,0.05901
3356.01062,0.05947
3354.08188,0.05998
3352.15314,0.06053
3350.22440,0.06101
3348.29565,0.06149
3346.36691,0.06210
3344.43817,0.06267
3342.50943,0.06307
3340.58069,0.06353
3338.65195,0.06405
3336.72320,0.06438
3334.79446,0.06451
3332.86572,0.06465
3330.93698,0.06485
3329.00824,0.06497
3327.07950,0.06483
3325.15075,0.06447
3323.22201,0.06418
3321.29327,0.06415
3319.36453,0.06416
3317.43579,0.06401
3315.50705,0.06380
3313.57830,0.06367
3311.64956,0.06363
3309.72082,0.06366
3307.79208,0.06372
3305.86334,0.06376
3303.93459,0.06388
3302.00585,0.06428
3300.07711,0.06474
3298.14837,0.06489
3296.21963,0.06476
3294.29089,0.06467
3292.36214,0.06476
3290.43340,0.06496
3288.50466,0.06516
3286.57592,0.06532
3284.64718,0.06529
3282.71844,0.06508
3280.78969,0.06495
3278.86095,0.06506
3276.93221,0.06526
3275.00347,0.06542
3273.07473,0.06551
3271.14599,0.06544
3269.21724,0.06522
3267.28850,0.06498
3265.35976,0.06484
3263.43102,0.06464
3261.50228,0.06425
3259.57353,0.06391
3257.64479,0.06375
3255.71605,0.06356
3253.78731,0.06320
3251.85857,0.06275
3249.92983,0.06238
3248.00108,0.06220
3246.07234,0.06198
3244.14360,0.06156
3242.21486,0.06116
3240.28612,0.06086
3238.35738,0.06051
3236.42863,0.06013
3234.49989,0.05981
3232.57115,0.05956
3230.64241,0.05932
3228.71367,0.05908
3226.78493,0.05887
3224.85618,0.05868
3222.92744,0.05842
3220.99870,0.05803
3219.06996,0.05762
3217.14122,0.05740
3215.21247,0.05730
3213.28373,0.05709
3211.35499,0.05677
3209.42625,0.05637
3207.49751,0.05601
3205.56877,0.05583
3203.64002,0.05567
3201.71128,0.05546
3199.78254,0.05518
3197.85380,0.05478
3195.92506,0.05443
3193.99632,0.05424
3192.06757,0.05399
3190.13883,0.05363
3188.21009,0.05342
3186.28135,0.05336
3184.35261,0.05331
3182.42387,0.05324
3180.49512,0.05305
3178.56638,0.05269
3176.63764,0.05233
3174.70890,0.05216
3172.78016,0.05211
3170.85141,0.05202
3168.92267,0.05177
3166.99393,0.05144
3165.06519,0.05118
3163.13645,0.05093
3161.20771,0.05067
3159.27896,0.05048
3157.35022,0.05030
3155.42148,0.05003
3153.49274,0.04974
3151.56400,0.04964
3149.63526,0.04970
3147.70651,0.04968
3145.77777,0.04949
3143.84903,0.04919
3141.92029,0.04887
3139.99155,0.04863
3138.06281,0.04849
3136.13406,0.04838
3134.20532,0.04822
3132.27658,0.04799
3130.34784,0.04777
3128.41910,0.04767
3126.49035,0.04763
3124.56161,0.04751
3122.63287,0.04724
3120.70413,0.04697
3118.77539,0.04686
3116.84665,0.04679
3114.91790,0.04663
3112.98916,0.04643
3111.06042,0.04631
3109.13168,0.04627
3107.20294,0.04623
3105.27420,0.04615
3103.34545,0.04609
3101.41671,0.04601
3099.48797,0.04587
3097.55923,0.04568
3095.63049,0.04552
3093.70175,0.04539
3091.77300,0.04526
3089.84426,0.04514
3087.91552,0.04503
3085.98678,0.04483
3084.05804,0.04465
3082.12930,0.04460
3080.20055,0.04456
3078.27181,0.04436
3076.34307,0.04409
3074.41433,0.04390
3072.48559,0.04388
3070.55684,0.04389
3068.62810,0.04382
3066.69936,0.04370
3064.77062,0.04357
3062.84188,0.04344
3060.91314,0.04331
3058.98439,0.04323
3057.05565,0.04314
3055.12691,0.04292
3053.19817,0.04270
3051.26943,0.04264
3049.34069,0.04265
3047.41194,0.04247
3045.48320,0.04212
3043.55446,0.04179
3041.62572,0.04157
3039.69698,0.04141
3037.76824,0.04124
3035.83949,0.04107
3033.91075,0.04098
3031.98201,0.04091
3030.05327,0.04082
3028.12453,0.04073
3026.19578,0.04066
3024.26704,0.04062
3022.33830,0.04070
3020.40956,0.04082
3018.48082,0.04079
3016.55208,0.04068
3014.62333,0.04062
3012.69459,0.04063
3010.76585,0.04066
3008.83711,0.04067
3006.90837,0.04059
3004.97963,0.04047
3003.05088,0.04041
3001.12214,0.04042
2999.19340,0.04044
2997.26466,0.04042
2995.33592,0.04040
2993.40718,0.04046
2991.47843,0.04056
2989.54969,0.04061
2987.62095,0.04060
2985.69221,0.04071
2983.76347,0.04095
2981.83472,0.04120
2979.90598,0.04145
2977.97724,0.04181
2976.04850,0.04224
2974.11976,0.04269
2972.19102,0.04323
2970.26227,0.04390
2968.33353,0.04446
2966.40479,0.04467
2964.47605,0.04462
2962.54731,0.04449
2960.61857,0.04437
2958.68982,0.04426
2956.76108,0.04420
2954.83234,0.04414
2952.90360,0.04413
2950.97486,0.04418
2949.04612,0.04431
2947.11737,0.04448
2945.18863,0.04460
2943.25989,0.04455
2941.33115,0.04445
2939.40241,0.04436
2937.47366,0.04417
2935.54492,0.04395
2933.61618,0.04390
2931.68744,0.04397
2929.75870,0.04410
2927.82996,0.04427
2925.90121,0.04450
2923.97247,0.04483
2922.04373,0.04527
2920.11499,0.04580
2918.18625,0.04636
2916.25751,0.04699
2914.32876,0.04772
2912.40002,0.04843
2910.47128,0.04902
2908.54254,0.04950
2906.61380,0.04988
2904.68506,0.05015
2902.75631,0.05033
2900.82757,0.05044
2898.89883,0.05048
2896.97009,0.05047
2895.04135,0.05048
2893.11260,0.05044
2891.18386,0.05028
2889.25512,0.05000
2887.32638,0.04966
2885.39764,0.04936
2883.46890,0.04916
2881.54015,0.04899
2879.61141,0.04877
2877.68267,0.04859
2875.75393,0.04852
2873.82519,0.04852
2871.89645,0.04851
2869.96770,0.04847
2868.03896,0.04838
2866.11022,0.04826
2864.18148,0.04811
2862.25274,0.04793
2860.32400,0.04775
2858.39525,0.04758
2856.46651,0.04742
2854.53777,0.04727
2852.60903,0.04711
2850.68029,0.04692
2848.75154,0.04668
2846.82280,0.04638
2844.89406,0.04599
2842.96532,0.04555
2841.03658,0.04511
2839.10784,0.04480
2837.17909,0.04464
2835.25035,0.04448
2833.32161,0.04414
2831.39287,0.04371
2829.46413,0.04343
2827.53539,0.04333
2825.60664,0.04323
2823.67790,0.04308
2821.74916,0.04295
2819.82042,0.04281
2817.89168,0.04264
2815.96294,0.04247
2814.03419,0.04234
2812.10545,0.04219
2810.17671,0.04204
2808.24797,0.04191
2806.31923,0.04174
2804.39048,0.04152
2802.46174,0.04135
2800.53300,0.04130
2798.60426,0.04128
2796.67552,0.04119
2794.74678,0.04106
2792.81803,0.04101
2790.88929,0.04098
2788.96055,0.04081
2787.03181,0.04058
2785.10307,0.04045
2783.17433,0.04040
2781.24558,0.04042
2779.31684,0.04049
2777.38810,0.04049
2775.45936,0.04040
2773.53062,0.04029
2771.60188,0.04022
2769.67313,0.04021
2767.74439,0.04021
2765.81565,0.04014
2763.88691,0.04004
2761.95817,0.03994
2760.02943,0.03983
2758.10068,0.03974
2756.17194,0.03969
2754.24320,0.03965
2752.31446,0.03962
2750.38572,0.03965
2748.45697,0.03974
2746.52823,0.03979
2744.59949,0.03973
2742.67075,0.03960
2740.74201,0.03949
2738.81327,0.03940
2736.88452,0.03936
2734.95578,0.03938
2733.02704,0.03951
2731.09830,0.03962
2729.16956,0.03957
2727.24082,0.03942
2725.31207,0.03933
2723.38333,0.03932
2721.45459,0.03936
2719.52585,0.03940
2717.59711,0.03931
2715.66837,0.03911
2713.73962,0.03893
2711.81088,0.03886
2709.88214,0.03883
2707.95340,0.03881
2706.02466,0.03882
2704.09591,0.03878
2702.16717,0.03869
2700.23843,0.03860
2698.30969,0.03855
2696.38095,0.03853
2694.45221,0.03851
2692.52346,0.03850
2690.59472,0.03844
2688.66598,0.03829
2686.73724,0.03815
2684.80850,0.03812
2682.87976,0.03819
2680.95101,0.03824
2679.02227,0.03827
2677.09353,0.03827
2675.16479,0.03820
2673.23605,0.03813
2671.30731,0.03810
2669.37856,0.03801
2667.44982,0.03791
2665.52108,0.03796
2663.59234,0.03809
2661.66360,0.03819
2659.73485,0.03827
2657.80611,0.03829
2655.87737,0.03820
2653.94863,0.03811
2652.01989,0.03813
2650.09115,0.03820
2648.16240,0.03829
2646.23366,0.03839
2644.30492,0.03840
2642.37618,0.03832
2640.44744,0.03826
2638.51870,0.03831
2636.58995,0.03842
2634.66121,0.03849
2632.73247,0.03849
2630.80373,0.03845
2628.87499,0.03837
2626.94625,0.03828
2625.01750,0.03818
2623.08876,0.03817
2621.16002,0.03832
2619.23128,0.03845
2617.30254,0.03844
2615.37379,0.03841
2613.44505,0.03842
2611.51631,0.03840
2609.58757,0.03829
2607.65883,0.03813
2605.73009,0.03809
2603.80134,0.03824
2601.87260,0.03839
2599.94386,0.03841
2598.01512,0.03833
2596.08638,0.03819
2594.15764,0.03810
2592.22889,0.03818
2590.30015,0.03833
2588.37141,0.03835
2586.44267,0.03825
2584.51393,0.03824
2582.58519,0.03832
2580.65644,0.03826
2578.72770,0.03811
2576.79896,0.03800
2574.87022,0.03791
2572.94148,0.03776
2571.01273,0.03766
2569.08399,0.03768
2567.15525,0.03776
2565.22651,0.03779
2563.29777,0.03790
2561.36903,0.03808
2559.44028,0.03813
2557.51154,0.03810
2555.58280,0.03808
2553.65406,0.03800
2551.72532,0.03785
2549.79658,0.03771
2547.86783,0.03765
2545.93909,0.03770
2544.01035,0.03776
2542.08161,0.03777
2540.15287,0.03776
2538.22413,0.03775
2536.29538,0.03771
2534.36664,0.03768
2532.43790,0.03773
2530.50916,0.03784
2528.58042,0.03792
2526.65167,0.03789
2524.72293,0.03779
2522.79419,0.03774
2520.86545,0.03778
2518.93671,0.03782
2517.00797,0.03774
2515.07922,0.03758
2513.15048,0.03749
2511.22174,0.03741
2509.29300,0.03728
2507.36426,0.03719
2505.43552,0.03728
2503.50677,0.03746
2501.57803,0.03755
2499.64929,0.03751
2497.72055,0.03746
2495.79181,0.03740
2493.86307,0.03725
2491.93432,0.03710
2490.00558,0.03708
2488.07684,0.03721
2486.14810,0.03741
2484.21936,0.03753
2482.29061,0.03742
2480.36187,0.03717
2478.43313,0.03700
2476.50439,0.03694
2474.57565,0.03691
2472.64691,0.03689
2470.71816,0.03685
2468.78942,0.03686
2466.86068,0.03688
2464.93194,0.03678
2463.00320,0.03666
2461.07446,0.03669
2459.14571,0.03683
2457.21697,0.03686
2455.28823,0.03677
2453.35949,0.03685
2451.43075,0.03712
2449.50201,0.03731
2447.57326,0.03721
2445.64452,0.03695
2443.71578,0.03674
2441.78704,0.03657
2439.85830,0.03639
2437.92956,0.03625
2436.00081,0.03618
2434.07207,0.03622
2432.14333,0.03623
2430.21459,0.03609
2428.28585,0.03597
2426.35710,0.03608
2424.42836,0.03617
2422.49962,0.03607
2420.57088,0.03596
2418.64214,0.03595
2416.71340,0.03601
2414.78465,0.03608
2412.85591,0.03611
2410.92717,0.03603
2408.99843,0.03587
2407.06969,0.03581
2405.14095,0.03585
2403.21220,0.03592
2401.28346,0.03605
2399.35472,0.03616
2397.42598,0.03616
2395.49724,0.03606
2393.56850,0.03598
2391.63975,0.03596
2389.71101,0.03590
2387.78227,0.03576
2385.85353,0.03563
2383.92479,0.03555
2381.99604,0.03547
2380.06730,0.03543
2378.13856,0.03541
2376.20982,0.03541
2374.28108,0.03547
2372.35234,0.03551
2370.42359,0.03554
2368.49485,0.03542
2366.56611,0.03495
2364.63737,0.03444
2362.70863,0.03431
2360.77989,0.03448
2358.85114,0.03458
2356.92240,0.03442
2354.99366,0.03433
2353.06492,0.03449
2351.13618,0.03474
2349.20744,0.03496
2347.27869,0.03517
2345.34995,0.03528
2343.42121,0.03514
2341.49247,0.03495
2339.56373,0.03490
2337.63498,0.03488
2335.70624,0.03485
2333.77750,0.03478
2331.84876,0.03470
2329.92002,0.03462
2327.99128,0.03461
2326.06253,0.03496
2324.13379,0.03562
2322.20505,0.03597
2320.27631,0.03586
2318.34757,0.03569
2316.41883,0.03560
2314.49008,0.03549
2312.56134,0.03535
2310.63260,0.03528
2308.70386,0.03516
2306.77512,0.03501
2304.84638,0.03508
2302.91763,0.03528
2300.98889,0.03552
2299.06015,0.03574
2297.13141,0.03582
2295.20267,0.03579
2293.27392,0.03582
2291.34518,0.03595
2289.41644,0.03614
2287.48770,0.03631
2285.55896,0.03638
2283.63022,0.03638
2281.70147,0.03642
2279.77273,0.03649
2277.84399,0.03654
2275.91525,0.03656
2273.98651,0.03654
2272.05777,0.03643
2270.12902,0.03622
2268.20028,0.03595
2266.27154,0.03574
2264.34280,0.03571
2262.41406,0.03580
2260.48532,0.03595
2258.55657,0.03602
2256.62783,0.03594
2254.69909,0.03582
2252.77035,0.03579
2250.84161,0.03575
2248.91286,0.03571
2246.98412,0.03591
2245.05538,0.03624
2243.12664,0.03629
2241.19790,0.03612
2239.26916,0.03604
2237.34041,0.03611
2235.41167,0.03614
2233.48293,0.03604
2231.55419,0.03588
2229.62545,0.03572
2227.69671,0.03567
2225.76796,0.03570
2223.83922,0.03559
2221.91048,0.03539
2219.98174,0.03536
2218.05300,0.03553
2216.12426,0.03558
2214.19551,0.03536
2212.26677,0.03512
2210.33803,0.03514
2208.40929,0.03536
2206.48055,0.03553
2204.55180,0.03548
2202.62306,0.03536
2200.69432,0.03522
2198.76558,0.03491
2196.83684,0.03468
2194.90810,0.03479
2192.97935,0.03503
2191.05061,0.03524
2189.12187,0.03537
2187.19313,0.03544
2185.26439,0.03537
2183.33565,0.03509
2181.40690,0.03498
2179.47816,0.03513
2177.54942,0.03513
2175.62068,0.03480
2173.69194,0.03459
2171.76320,0.03492
2169.83445,0.03560
2167.90571,0.03603
2165.97697,0.03606
2164.04823,0.03594
2162.11949,0.03578
2160.19074,0.03522
2158.26200,0.03399
2156.33326,0.03294
2154.40452,0.03273
2152.47578,0.03303
2150.54704,0.03355
2148.61829,0.03409
2146.68955,0.03436
2144.76081,0.03428
2142.83207,0.03408
2140.90333,0.03405
2138.97459,0.03428
2137.04584,0.03432
2135.11710,0.03385
2133.18836,0.03325
2131.25962,0.03295
2129.33088,0.03304
2127.40214,0.03347
2125.47339,0.03401
2123.54465,0.03441
2121.61591,0.03457
2119.68717,0.03464
2117.75843,0.03481
2115.82969,0.03496
2113.90094,0.03505
2111.97220,0.03516
2110.04346,0.03514
2108.11472,0.03503
2106.18598,0.03509
2104.25723,0.03522
2102.32849,0.03515
2100.39975,0.03492
2098.47101,0.03471
2096.54227,0.03461
2094.61353,0.03460
2092.68478,0.03464
2090.75604,0.03471
2088.82730,0.03474
2086.89856,0.03467
2084.96982,0.03461
2083.04108,0.03470
2081.11233,0.03486
2079.18359,0.03497
2077.25485,0.03504
2075.32611,0.03505
2073.39737,0.03502
2071.46863,0.03497
2069.53988,0.03484
2067.61114,0.03456
2065.68240,0.03416
2063.75366,0.03392
2061.82492,0.03396
2059.89617,0.03409
2057.96743,0.03417
2056.03869,0.03417
2054.10995,0.03427
2052.18121,0.03467
2050.25247,0.03500
2048.32372,0.03486
2046.39498,0.03460
2044.46624,0.03456
2042.53750,0.03448
2040.60876,0.03427
2038.68002,0.03424
2036.75127,0.03438
2034.82253,0.03414
2032.89379,0.03346
2030.96505,0.03312
2029.03631,0.03338
2027.10757,0.03343
2025.17882,0.03301
2023.25008,0.03271
2021.32134,0.03271
2019.39260,0.03265
2017.46386,0.03248
2015.53511,0.03245
2013.60637,0.03259
2011.67763,0.03275
2009.74889,0.03274
2007.82015,0.03250
2005.89141,0.03208
2003.96266,0.03158
2002.03392,0.03140
2000.10518,0.03189
1998.17644,0.03278
1996.24770,0.03334
1994.31896,0.03335
1992.39021,0.03338
1990.46147,0.03347
1988.53273,0.03337
1986.60399,0.03340
1984.67525,0.03349
1982.74651,0.03336
1980.81776,0.03328
1978.88902,0.03309
1976.96028,0.03257
1975.03154,0.03222
1973.10280,0.03211
1971.17405,0.03197
1969.24531,0.03197
1967.31657,0.03220
1965.38783,0.03249
1963.45909,0.03277
1961.53035,0.03295
1959.60160,0.03284
1957.67286,0.03248
1955.74412,0.03235
1953.81538,0.03258
1951.88664,0.03274
1949.95790,0.03266
1948.02915,0.03237
1946.10041,0.03215
1944.17167,0.03229
1942.24293,0.03238
1940.31419,0.03207
1938.38545,0.03173
1936.45670,0.03159
1934.52796,0.03148
1932.59922,0.03123
1930.67048,0.03094
1928.74174,0.03077
1926.81299,0.03066
1924.88425,0.03051
1922.95551,0.03044
1921.02677,0.03059
1919.09803,0.03070
1917.16929,0.03050
1915.24054,0.03014
1913.31180,0.02982
1911.38306,0.02975
1909.45432,0.02991
1907.52558,0.02995
1905.59684,0.02982
1903.66809,0.02973
1901.73935,0.02955
1899.81061,0.02929
1897.88187,0.02919
1895.95313,0.02922
1894.02439,0.02921
1892.09564,0.02919
1890.16690,0.02907
1888.23816,0.02875
1886.30942,0.02839
1884.38068,0.02818
1882.45193,0.02824
1880.52319,0.02837
1878.59445,0.02838
1876.66571,0.02832
1874.73697,0.02822
1872.80823,0.02807
1870.87948,0.02795
1868.95074,0.02794
1867.02200,0.02810
1865.09326,0.02821
1863.16452,0.02806
1861.23578,0.02778
1859.30703,0.02753
1857.37829,0.02731
1855.44955,0.02719
1853.52081,0.02726
1851.59207,0.02736
1849.66333,0.02737
1847.73458,0.02728
1845.80584,0.02702
1843.87710,0.02676
1841.94836,0.02684
1840.01962,0.02704
1838.09087,0.02707
1836.16213,0.02707
1834.23339,0.02719
1832.30465,0.02724
1830.37591,0.02712
1828.44717,0.02702
1826.51842,0.02706
1824.58968,0.02708
1822.66094,0.02704
1820.73220,0.02698
1818.80346,0.02681
1816.87472,0.02654
1814.94597,0.02631
1813.01723,0.02617
1811.08849,0.02607
1809.15975,0.02604
1807.23101,0.02609
1805.30227,0.02608
1803.37352,0.02590
1801.44478,0.02560
1799.51604,0.02535
1797.58730,0.02525
1795.65856,0.02512
1793.72982,0.02481
1791.80107,0.02448
1789.87233,0.02438
1787.94359,0.02436
1786.01485,0.02421
1784.08611,0.02396
1782.15736,0.02371
1780.22862,0.02351
1778.29988,0.02341
1776.37114,0.02335
1774.44240,0.02314
1772.51366,0.02278
1770.58491,0.02255
1768.65617,0.02258
1766.72743,0.02274
1764.79869,0.02288
1762.86995,0.02287
1760.94121,0.02277
1759.01246,0.02278
1757.08372,0.02297
1755.15498,0.02333
1753.22624,0.02392
1751.29750,0.02486
1749.36876,0.02640
1747.44001,0.02872
1745.51127,0.03184
1743.58253,0.03570
1741.65379,0.04026
1739.72505,0.04545
1737.79630,0.05042
1735.86756,0.05523
1733.93882,0.06132
1732.01008,0.06760
1730.08134,0.07285
1728.15260,0.07801
1726.22385,0.08316
1724.29511,0.08822
1722.36637,0.09308
1720.43763,0.09757
1718.50889,0.10240
1716.58015,0.10759
1714.65140,0.11126
1712.72266,0.11291
1710.79392,0.11290
1708.86518,0.11142
1706.93644,0.10857
1705.00770,0.10476
1703.07895,0.10099
1701.15021,0.09671
1699.22147,0.09194
1697.29273,0.08817
1695.36399,0.08466
1693.43524,0.08168
1691.50650,0.07942
1689.57776,0.07732
1687.64902,0.07567
1685.72028,0.07432
1683.79154,0.07266
1681.86279,0.07117
1679.93405,0.07011
1678.00531,0.06912
1676.07657,0.06795
1674.14783,0.06660
1672.21909,0.06546
1670.29034,0.06438
1668.36160,0.06319
1666.43286,0.06214
1664.50412,0.06109
1662.57538,0.05989
1660.64664,0.05891
1658.71789,0.05825
1656.78915,0.05772
1654.86041,0.05689
1652.93167,0.05548
1651.00293,0.05478
1649.07418,0.05474
1647.14544,0.05423
1645.21670,0.05340
1643.28796,0.05303
1641.35922,0.05288
1639.43048,0.05262
1637.50173,0.05207
1635.57299,0.05127
1633.64425,0.05075
1631.71551,0.05055
1629.78677,0.05026
1627.85803,0.04978
1625.92928,0.04930
1624.00054,0.04884
1622.07180,0.04844
1620.14306,0.04822
1618.21432,0.04804
1616.28558,0.04781
1614.35683,0.04773
1612.42809,0.04759
1610.49935,0.04714
1608.57061,0.04645
1606.64187,0.04573
1604.71312,0.04506
1602.78438,0.04445
1600.85564,0.04389
1598.92690,0.04338
1596.99816,0.04292
1595.06942,0.04247
1593.14067,0.04204
1591.21193,0.04172
1589.28319,0.04155
1587.35445,0.04154
1585.42571,0.04172
1583.49697,0.04219
1581.56822,0.04295
1579.63948,0.04372
1577.71074,0.04398
1575.78200,0.04335
1573.85326,0.04243
1571.92452,0.04173
1569.99577,0.04090
1568.06703,0.04003
1566.13829,0.03947
1564.20955,0.03918
1562.28081,0.03899
1560.35206,0.03846
1558.42332,0.03743
1556.49458,0.03687
1554.56584,0.03669
1552.63710,0.03657
1550.70836,0.03650
1548.77961,0.03641
1546.85087,0.03622
1544.92213,0.03589
1542.99339,0.03544
1541.06465,0.03496
1539.13591,0.03463
1537.20716,0.03464
1535.27842,0.03468
1533.34968,0.03456
1531.42094,0.03446
1529.49220,0.03446
1527.56346,0.03441
1525.63471,0.03419
1523.70597,0.03384
1521.77723,0.03337
1519.84849,0.03298
1517.91975,0.03277
1515.99100,0.03266
1514.06226,0.03280
1512.13352,0.03332
1510.20478,0.03444
1508.27604,0.03688
1506.34730,0.04059
1504.41855,0.04225
1502.48981,0.04119
1500.56107,0.03894
1498.63233,0.03650
1496.70359,0.03454
1494.77485,0.03341
1492.84610,0.03293
1490.91736,0.03275
1488.98862,0.03291
1487.05988,0.03362
1485.13114,0.03483
1483.20240,0.03629
1481.27365,0.03771
1479.34491,0.03889
1477.41617,0.03989
1475.48743,0.04108
1473.55869,0.04274
1471.62995,0.04429
1469.70120,0.04476
1467.77246,0.04446
1465.84372,0.04420
1463.91498,0.04448
1461.98624,0.04531
1460.05749,0.04636
1458.12875,0.04734
1456.20001,0.04805
1454.27127,0.04856
1452.34253,0.04892
1450.41379,0.04901
1448.48504,0.04882
1446.55630,0.04849
1444.62756,0.04816
1442.69882,0.04789
1440.77008,0.04775
1438.84134,0.04773
1436.91259,0.04773
1434.98385,0.04785
1433.05511,0.04802
1431.12637,0.04797
1429.19763,0.04766
1427.26889,0.04723
1425.34014,0.04674
1423.41140,0.04631
1421.48266,0.04623
1419.55392,0.04683
1417.62518,0.04878
1415.69643,0.05253
1413.76769,0.05796
1411.83895,0.06415
1409.91021,0.06908
1407.98147,0.07090
1406.05273,0.06924
1404.12398,0.06532
1402.19524,0.06104
1400.26650,0.05720
1398.33776,0.05391
1396.40902,0.05141
1394.48028,0.04952
1392.55153,0.04824
1390.62279,0.04765
1388.69405,0.04747
1386.76531,0.04759
1384.83657,0.04801
1382.90783,0.04868
1380.97908,0.04958
1379.05034,0.05074
1377.12160,0.05211
1375.19286,0.05367
1373.26412,0.05534
1371.33537,0.05656
1369.40663,0.05681
1367.47789,0.05613
1365.54915,0.05501
1363.62041,0.05384
1361.69167,0.05278
1359.76292,0.05195
1357.83418,0.05133
1355.90544,0.05094
1353.97670,0.05088
1352.04796,0.05138
1350.11922,0.05289
1348.19047,0.05597
1346.26173,0.06104
1344.33299,0.06778
1342.40425,0.07486
1340.47551,0.08041
1338.54677,0.08275
1336.61802,0.08134
1334.68928,0.07699
1332.76054,0.07106
1330.83180,0.06499
1328.90306,0.06005
1326.97431,0.05689
1325.04557,0.05554
1323.11683,0.05565
1321.18809,0.05685
1319.25935,0.05870
1317.33061,0.06068
1315.40186,0.06229
1313.47312,0.06328
1311.54438,0.06369
1309.61564,0.06369
1307.68690,0.06348
1305.75816,0.06321
1303.82941,0.06305
1301.90067,0.06330
1299.97193,0.06422
1298.04319,0.06575
1296.11445,0.06779
1294.18571,0.07026
1292.25696,0.07290
1290.32822,0.07545
1288.39948,0.07802
1286.47074,0.08075
1284.54200,0.08361
1282.61325,0.08657
1280.68451,0.08936
1278.75577,0.09174
1276.82703,0.09393
1274.89829,0.09624
1272.96955,0.09866
1271.04080,0.10117
1269.11206,0.10394
1267.18332,0.10705
1265.25458,0.11017
1263.32584,0.11290
1261.39710,0.11513
1259.46835,0.11683
1257.53961,0.11808
1255.61087,0.11928
1253.68213,0.12085
1251.75339,0.12288
1249.82465,0.12519
1247.89590,0.12749
1245.96716,0.12943
1244.03842,0.13081
1242.10968,0.13162
1240.18094,0.13180
1238.25219,0.13122
1236.32345,0.12979
1234.39471,0.12737
1232.46597,0.12399
1230.53723,0.12008
1228.60849,0.11616
1226.67974,0.11251
1224.75100,0.10915
1222.82226,0.10600
1220.89352,0.10296
1218.96478,0.09993
1217.03604,0.09699
1215.10729,0.09437
1213.17855,0.09232
1211.24981,0.09108
1209.32107,0.09058
1207.39233,0.09018
1205.46359,0.08917
1203.53484,0.08740
1201.60610,0.08513
1199.67736,0.08256
1197.74862,0.07978
1195.81988,0.07685
1193.89113,0.07386
1191.96239,0.07099
1190.03365,0.06848
1188.10491,0.06653
1186.17617,0.06521
1184.24743,0.06442
1182.31868,0.06415
1180.38994,0.06448
1178.46120,0.06543
1176.53246,0.06676
1174.60372,0.06821
1172.67498,0.06975
1170.74623,0.07141
1168.81749,0.07322
1166.88875,0.07530
1164.96001,0.07747
1163.03127,0.07918
1161.10253,0.07988
1159.17378,0.07948
1157.24504,0.07842
1155.31630,0.07730
1153.38756,0.07631
1151.45882,0.07555
1149.53007,0.07521
1147.60133,0.07521
1145.67259,0.07531
1143.74385,0.07561
1141.81511,0.07646
1139.88637,0.07822
1137.95762,0.08122
1136.02888,0.08568
1134.10014,0.09146
1132.17140,0.09799
1130.24266,0.10482
1128.31392,0.11189
1126.38517,0.11902
1124.45643,0.12557
1122.52769,0.13108
1120.59895,0.13570
1118.67021,0.13997
1116.74147,0.14453
1114.81272,0.14960
1112.88398,0.15462
1110.95524,0.15882
1109.02650,0.16216
1107.09776,0.16525
1105.16902,0.16842
1103.24027,0.17136
1101.31153,0.17354
1099.38279,0.17461
1097.45405,0.17462
1095.52531,0.17384
1093.59656,0.17254
1091.66782,0.17102
1089.73908,0.16950
1087.81034,0.16804
1085.88160,0.16654
1083.95286,0.16487
1082.02411,0.16331
1080.09537,0.16230
1078.16663,0.16144
1076.23789,0.16015
1074.30915,0.15857
1072.38041,0.15718
1070.45166,0.15644
1068.52292,0.15672
1066.59418,0.15817
1064.66544,0.16084
1062.73670,0.16444
1060.80796,0.16816
1058.87921,0.17125
1056.95047,0.17325
1055.02173,0.17418
1053.09299,0.17428
1051.16425,0.17363
1049.23550,0.17211
1047.30676,0.16979
1045.37802,0.16733
1043.44928,0.16542
1041.52054,0.16444
1039.59180,0.16462
1037.66305,0.16583
1035.73431,0.16749
1033.80557,0.16886
1031.87683,0.16942
1029.94809,0.16929
1028.01935,0.16965
1026.09060,0.17219
1024.16186,0.17734
1022.23312,0.18375
1020.30438,0.18988
1018.37564,0.19466
1016.44690,0.19639
1014.51815,0.19396
1012.58941,0.18881
1010.66067,0.18338
1008.73193,0.17894
1006.80319,0.17563
1004.87444,0.17327
1002.94570,0.17160
1001.01696,0.17030
999.08822,0.16905
997.15948,0.16758
995.23074,0.16579
993.30199,0.16389
991.37325,0.16227
989.44451,0.16136
987.51577,0.16123
985.58703,0.16155
983.65829,0.16171
981.72954,0.16121
979.80080,0.16004
977.87206,0.15855
975.94332,0.15715
974.01458,0.15603
972.08584,0.15501
970.15709,0.15365
968.22835,0.15156
966.29961,0.14881
964.37087,0.14583
962.44213,0.14285
960.51338,0.13982
958.58464,0.13682
956.65590,0.13410
954.72716,0.13165
952.79842,0.12922
950.86968,0.12690
948.94093,0.12499
947.01219,0.12321
945.08345,0.12126
943.15471,0.11931
941.22597,0.11753
939.29723,0.11585
937.36848,0.11428
935.43974,0.11286
933.51100,0.11160
931.58226,0.11045
929.65352,0.10928
927.72478,0.10814
925.79603,0.10713
923.86729,0.10604
921.93855,0.10474
920.00981,0.10352
918.08107,0.10275
916.15232,0.10243
914.22358,0.10225
912.29484,0.10203
910.36610,0.10190
908.43736,0.10209
906.50862,0.10266
904.57987,0.10349
902.65113,0.10429
900.72239,0.10481
898.79365,0.10505
896.86491,0.10506
894.93617,0.10468
893.00742,0.10391
891.07868,0.10294
889.14994,0.10189
887.22120,0.10100
885.29246,0.10068
883.36372,0.10123
881.43497,0.10261
879.50623,0.10476
877.57749,0.10811
875.64875,0.11349
873.72001,0.12036
871.79126,0.12494
869.86252,0.12379
867.93378,0.11847
866.00504,0.11299
864.07630,0.10910
862.14756,0.10644
860.21881,0.10474
858.29007,0.10410
856.36133,0.10417
854.43259,0.10444
852.50385,0.10504
850.57511,0.10621
848.64636,0.10751
846.71762,0.10820
844.78888,0.10790
842.86014,0.10668
840.93140,0.10500
839.00266,0.10329
837.07391,0.10167
835.14517,0.10005
833.21643,0.09835
831.28769,0.09690
829.35895,0.09588
827.43020,0.09504
825.50146,0.09415
823.57272,0.09324
821.64398,0.09247
819.71524,0.09187
817.78650,0.09144
815.85775,0.09107
813.92901,0.09062
812.00027,0.09016
810.07153,0.08988
808.14279,0.08981
806.21405,0.08972
804.28530,0.08945
802.35656,0.08913
800.42782,0.08888
798.49908,0.08905
796.57034,0.09007
794.64160,0.09145
792.71285,0.09220
790.78411,0.09189
788.85537,0.09070
786.92663,0.08921
784.99789,0.08775
783.06915,0.08625
781.14040,0.08493
779.21166,0.08396
777.28292,0.08304
775.35418,0.08197
773.42544,0.08089
771.49669,0.07990
769.56795,0.07885
767.63921,0.07765
765.71047,0.07648
763.78173,0.07544
761.85299,0.07457
759.92424,0.07385
757.99550,0.07301
756.06676,0.07193
754.13802,0.07084
752.20928,0.06987
750.28054,0.06903
748.35179,0.06828
746.42305,0.06770
744.49431,0.06773
742.56557,0.06933
740.63683,0.07377
738.70809,0.08163
736.77934,0.09230
734.85060,0.10482
732.92186,0.11882
730.99312,0.13389
729.06438,0.14922
727.13563,0.16413
725.20689,0.17708
723.27815,0.18568
721.34941,0.18902
719.42067,0.18819
717.49193,0.18497
715.56318,0.18102
713.63444,0.17739
711.70570,0.17447
709.77696,0.17214
707.84822,0.17015
705.91948,0.16815
703.99073,0.16591
702.06199,0.16362
700.13325,0.16133
698.20451,0.15896
696.27577,0.15663
694.34703,0.15430
692.41828,0.15209
690.48954,0.15036
688.56080,0.14878
686.63206,0.14709
684.70332,0.14577
682.77457,0.14525
680.84583,0.14567
678.91709,0.14690
676.98835,0.14799
675.05961,0.14837
673.13087,0.14874
671.20212,0.14970
669.27338,0.15107
667.34464,0.15269
665.41590,0.15390
663.48716,0.15463
661.55842,0.15507
659.62967,0.15476
657.70093,0.15347
655.77219,0.15158
653.84345,0.14950
651.91471,0.14758
649.98597,0.14594
648.05722,0.14508
646.12848,0.14522
644.19974,0.14540
642.27100,0.14539
640.34226,0.14559
638.41351,0.14521
636.48477,0.14430
634.55603,0.14488
632.62729,0.14693
630.69855,0.14815
628.76981,0.14856
626.84106,0.14956
624.91232,0.14993
622.98358,0.14867
621.05484,0.15003
619.12610,0.15675
617.19736,0.16259
615.26861,0.16241
613.33987,0.15942
611.41113,0.15699
609.48239,0.15645
607.55365,0.15856
605.62491,0.16005
603.69616,0.15791
601.76742,0.15517
599.83868,0.15456
