12493.60475,0.14175
12489.74751,0.14113
12485.89027,0.14194
12482.03303,0.14197
12478.17579,0.14015
12474.31855,0.13980
12470.46130,0.14077
12466.60406,0.14047
12462.74682,0.13973
12458.88958,0.13975
12455.03234,0.14092
12451.17510,0.14246
12447.31786,0.14202
12443.46062,0.14086
12439.60337,0.14225
12435.74613,0.14528
12431.88889,0.14709
12428.03165,0.14698
12424.17441,0.14605
12420.31717,0.14456
12416.45993,0.14338
12412.60268,0.14445
12408.74544,0.14637
12404.88820,0.14650
12401.03096,0.14572
12397.17372,0.14574
12393.31648,0.14664
12389.45924,0.14793
12385.60199,0.14865
12381.74475,0.14740
12377.88751,0.14408
12374.03027,0.14236
12370.17303,0.14463
12366.31579,0.14727
12362.45855,0.14732
12358.60131,0.14557
12354.74406,0.14380
12350.88682,0.14504
12347.02958,0.14895
12343.17234,0.15067
12339.31510,0.14899
12335.45786,0.14624
12331.60062,0.14440
12327.74337,0.14547
12323.88613,0.14755
12320.02889,0.14629
12316.17165,0.14270
12312.31441,0.14146
12308.45717,0.14388
12304.59993,0.14704
12300.74268,0.14899
12296.88544,0.15013
12293.02820,0.14962
12289.17096,0.14724
12285.31372,0.14575
12281.45648,0.14582
12277.59924,0.14577
12273.74200,0.14574
12269.88475,0.14545
12266.02751,0.14340
12262.17027,0.14145
12258.31303,0.14263
12254.45579,0.14544
12250.59855,0.14651
12246.74131,0.14634
12242.88406,0.14652
12239.02682,0.14545
12235.16958,0.14303
12231.31234,0.14213
12227.45510,0.14273
12223.59786,0.14280
12219.74062,0.14325
12215.88338,0.14573
12212.02613,0.14923
12208.16889,0.15091
12204.31165,0.14875
12200.45441,0.14443
12196.59717,0.14117
12192.73993,0.13962
12188.88269,0.13953
12185.02544,0.14161
12181.16820,0.14452
12177.31096,0.14466
12173.45372,0.14215
12169.59648,0.14091
12165.73924,0.14308
12161.88200,0.14666
12158.02475,0.14732
12154.16751,0.14511
12150.31027,0.14371
12146.45303,0.14348
12142.59579,0.14388
12138.73855,0.14367
12134.88131,0.14136
12131.02407,0.13922
12127.16682,0.13909
12123.30958,0.14063
12119.45234,0.14232
12115.59510,0.14138
12111.73786,0.13856
12107.88062,0.13750
12104.02338,0.13895
12100.16613,0.14027
12096.30889,0.13933
12092.45165,0.13768
12088.59441,0.13725
12084.73717,0.13739
12080.87993,0.13788
12077.02269,0.13947
12073.16544,0.14134
12069.30820,0.14141
12065.45096,0.13947
12061.59372,0.13760
12057.73648,0.13688
12053.87924,0.13683
12050.02200,0.13721
12046.16476,0.13747
12042.30751,0.13751
12038.45027,0.13856
12034.59303,0.14041
12030.73579,0.14189
12026.87855,0.14304
12023.02131,0.14365
12019.16407,0.14333
12015.30682,0.14294
12011.44958,0.14360
12007.59234,0.14429
12003.73510,0.14294
11999.87786,0.14033
11996.02062,0.13874
11992.16338,0.13861
11988.30614,0.13948
11984.44889,0.14045
11980.59165,0.14064
11976.73441,0.14081
11972.87717,0.14209
11969.01993,0.14389
11965.16269,0.14460
11961.30545,0.14347
11957.44820,0.14171
11953.59096,0.14087
11949.73372,0.14040
11945.87648,0.14028
11942.01924,0.14223
11938.16200,0.14521
11934.30476,0.14603
11930.44751,0.14381
11926.59027,0.14096
11922.73303,0.14000
11918.87579,0.14124
11915.01855,0.14391
11911.16131,0.14581
11907.30407,0.14493
11903.44683,0.14340
11899.58958,0.14371
11895.73234,0.14513
11891.87510,0.14629
11888.01786,0.14663
11884.16062,0.14532
11880.30338,0.14269
11876.44614,0.14203
11872.58889,0.14413
11868.73165,0.14585
11864.87441,0.14673
11861.01717,0.14750
11857.15993,0.14698
11853.30269,0.14534
11849.44545,0.14409
11845.58820,0.14430
11841.73096,0.14696
11837.87372,0.15072
11834.01648,0.15146
11830.15924,0.14873
11826.30200,0.14687
11822.44476,0.14747
11818.58752,0.14826
11814.73027,0.14777
11810.87303,0.14697
11807.01579,0.14744
11803.15855,0.14912
11799.30131,0.15069
11795.44407,0.15104
11791.58683,0.15001
11787.72958,0.14837
11783.87234,0.14636
11780.01510,0.14508
11776.15786,0.14602
11772.30062,0.14745
11768.44338,0.14741
11764.58614,0.14656
11760.72890,0.14574
11756.87165,0.14575
11753.01441,0.14713
11749.15717,0.14896
11745.29993,0.14972
11741.44269,0.14910
11737.58545,0.14864
11733.72821,0.14968
11729.87096,0.15120
11726.01372,0.15140
11722.15648,0.15058
11718.29924,0.15065
11714.44200,0.15178
11710.58476,0.15196
11706.72752,0.15058
11702.87027,0.14931
11699.01303,0.14981
11695.15579,0.15102
11691.29855,0.14947
11687.44131,0.14590
11683.58407,0.14512
11679.72683,0.14686
11675.86959,0.14779
11672.01234,0.14794
11668.15510,0.14899
11664.29786,0.15071
11660.44062,0.15052
11656.58338,0.14778
11652.72614,0.14531
11648.86890,0.14516
11645.01165,0.14639
11641.15441,0.14646
11637.29717,0.14490
11633.43993,0.14351
11629.58269,0.14319
11625.72545,0.14434
11621.86821,0.14720
11618.01096,0.14954
11614.15372,0.14827
11610.29648,0.14480
11606.43924,0.14357
11602.58200,0.14509
11598.72476,0.14613
11594.86752,0.14524
11591.01028,0.14412
11587.15303,0.14503
11583.29579,0.14741
11579.43855,0.14840
11575.58131,0.14811
11571.72407,0.14855
11567.86683,0.14858
11564.00959,0.14695
11560.15234,0.14604
11556.29510,0.14795
11552.43786,0.15038
11548.58062,0.14989
11544.72338,0.14776
11540.86614,0.14768
11537.00890,0.14998
11533.15166,0.15127
11529.29441,0.14907
11525.43717,0.14648
11521.57993,0.14790
11517.72269,0.15130
11513.86545,0.15205
11510.00821,0.14999
11506.15097,0.14829
11502.29372,0.14873
11498.43648,0.14944
11494.57924,0.14917
11490.72200,0.14972
11486.86476,0.15084
11483.00752,0.15012
11479.15028,0.14819
11475.29303,0.14725
11471.43579,0.14760
11467.57855,0.14819
11463.72131,0.14736
11459.86407,0.14451
11456.00683,0.14254
11452.14959,0.14362
11448.29235,0.14507
11444.43510,0.14474
11440.57786,0.14431
11436.72062,0.14506
11432.86338,0.14590
11429.00614,0.14600
11425.14890,0.14531
11421.29166,0.14367
11417.43441,0.14244
11413.57717,0.14315
11409.71993,0.14439
11405.86269,0.14446
11402.00545,0.14386
11398.14821,0.14354
11394.29097,0.14357
11390.43372,0.14352
11386.57648,0.14336
11382.71924,0.14371
11378.86200,0.14460
11375.00476,0.14496
11371.14752,0.14465
11367.29028,0.14514
11363.43304,0.14691
11359.57579,0.14844
11355.71855,0.14818
11351.86131,0.14679
11348.00407,0.14604
11344.14683,0.14633
11340.28959,0.14729
11336.43235,0.14767
11332.57510,0.14627
11328.71786,0.14417
11324.86062,0.14316
11321.00338,0.14357
11317.14614,0.14407
11313.28890,0.14357
11309.43166,0.14274
11305.57442,0.14211
11301.71717,0.14212
11297.85993,0.14321
11294.00269,0.14419
11290.14545,0.14438
11286.28821,0.14487
11282.43097,0.14608
11278.57373,0.14791
11274.71648,0.14976
11270.85924,0.14961
11267.00200,0.14754
11263.14476,0.14613
11259.28752,0.14579
11255.43028,0.14589
11251.57304,0.14684
11247.71579,0.14742
11243.85855,0.14580
11240.00131,0.14315
11236.14407,0.14184
11232.28683,0.14202
11228.42959,0.14218
11224.57235,0.14265
11220.71511,0.14468
11216.85786,0.14664
11213.00062,0.14726
11209.14338,0.14771
11205.28614,0.14792
11201.42890,0.14744
11197.57166,0.14651
11193.71442,0.14488
11189.85717,0.14357
11185.99993,0.14371
11182.14269,0.14473
11178.28545,0.14589
11174.42821,0.14626
11170.57097,0.14598
11166.71373,0.14628
11162.85648,0.14667
11158.99924,0.14674
11155.14200,0.14664
11151.28476,0.14567
11147.42752,0.14453
11143.57028,0.14448
11139.71304,0.14517
11135.85580,0.14581
11131.99855,0.14590
11128.14131,0.14541
11124.28407,0.14519
11120.42683,0.14556
11116.56959,0.14549
11112.71235,0.14473
11108.85511,0.14418
11104.99786,0.14403
11101.14062,0.14387
11097.28338,0.14368
11093.42614,0.14404
11089.56890,0.14505
11085.71166,0.14577
11081.85442,0.14551
11077.99718,0.14468
11074.13993,0.14399
11070.28269,0.14351
11066.42545,0.14318
11062.56821,0.14362
11058.71097,0.14462
11054.85373,0.14506
11050.99649,0.14506
11047.13924,0.14547
11043.28200,0.14621
11039.42476,0.14626
11035.56752,0.14504
11031.71028,0.14367
11027.85304,0.14350
11023.99580,0.14421
11020.13855,0.14484
11016.28131,0.14506
11012.42407,0.14481
11008.56683,0.14458
11004.70959,0.14487
11000.85235,0.14498
10996.99511,0.14473
10993.13787,0.14502
10989.28062,0.14569
10985.42338,0.14596
10981.56614,0.14568
10977.70890,0.14542
10973.85166,0.14554
10969.99442,0.14526
10966.13718,0.14443
10962.27993,0.14413
10958.42269,0.14443
10954.56545,0.14457
10950.70821,0.14427
10946.85097,0.14358
10942.99373,0.14324
10939.13649,0.14345
10935.27924,0.14340
10931.42200,0.14331
10927.56476,0.14387
10923.70752,0.14444
10919.85028,0.14392
10915.99304,0.14296
10912.13580,0.14319
10908.27856,0.14422
10904.42131,0.14453
10900.56407,0.14397
10896.70683,0.14313
10892.84959,0.14242
10888.99235,0.14268
10885.13511,0.14401
10881.27787,0.14468
10877.42062,0.14399
10873.56338,0.14326
10869.70614,0.14311
10865.84890,0.14311
10861.99166,0.14307
10858.13442,0.14303
10854.27718,0.14270
10850.41993,0.14218
10846.56269,0.14184
10842.70545,0.14132
10838.84821,0.14066
10834.99097,0.14080
10831.13373,0.14157
10827.27649,0.14197
10823.41925,0.14215
10819.56200,0.14213
10815.70476,0.14155
10811.84752,0.14101
10807.99028,0.14093
10804.13304,0.14114
10800.27580,0.14153
10796.41856,0.14184
10792.56131,0.14228
10788.70407,0.14301
10784.84683,0.14301
10780.98959,0.14184
10777.13235,0.14089
10773.27511,0.14093
10769.41787,0.14135
10765.56063,0.14156
10761.70338,0.14139
10757.84614,0.14113
10753.98890,0.14116
10750.13166,0.14145
10746.27442,0.14173
10742.41718,0.14195
10738.55994,0.14213
10734.70269,0.14231
10730.84545,0.14246
10726.98821,0.14206
10723.13097,0.14125
10719.27373,0.14100
10715.41649,0.14150
10711.55925,0.14230
10707.70200,0.14296
10703.84476,0.14306
10699.98752,0.14262
10696.13028,0.14209
10692.27304,0.14205
10688.41580,0.14209
10684.55856,0.14164
10680.70132,0.14148
10676.84407,0.14177
10672.98683,0.14192
10669.12959,0.14234
10665.27235,0.14302
10661.41511,0.14305
10657.55787,0.14232
10653.70063,0.14170
10649.84338,0.14162
10645.98614,0.14152
10642.12890,0.14090
10638.27166,0.13992
10634.41442,0.13918
10630.55718,0.13925
10626.69994,0.14001
10622.84269,0.14092
10618.98545,0.14139
10615.12821,0.14120
10611.27097,0.14077
10607.41373,0.14045
10603.55649,0.14058
10599.69925,0.14109
10595.84201,0.14098
10591.98476,0.14048
10588.12752,0.14073
10584.27028,0.14140
10580.41304,0.14164
10576.55580,0.14127
10572.69856,0.14079
10568.84132,0.14080
10564.98407,0.14116
10561.12683,0.14115
10557.26959,0.14035
10553.41235,0.13929
10549.55511,0.13883
10545.69787,0.13918
10541.84063,0.13975
10537.98339,0.13979
10534.12614,0.13961
10530.26890,0.14022
10526.41166,0.14125
10522.55442,0.14112
10518.69718,0.13979
10514.83994,0.13864
10510.98270,0.13840
10507.12545,0.13885
10503.26821,0.13931
10499.41097,0.13923
10495.55373,0.13875
10491.69649,0.13846
10487.83925,0.13848
10483.98201,0.13820
10480.12476,0.13783
10476.26752,0.13778
10472.41028,0.13768
10468.55304,0.13772
10464.69580,0.13799
10460.83856,0.13770
10456.98132,0.13742
10453.12408,0.13823
10449.26683,0.13924
10445.40959,0.13920
10441.55235,0.13871
10437.69511,0.13863
10433.83787,0.13857
10429.98063,0.13821
10426.12339,0.13810
10422.26614,0.13866
10418.40890,0.13941
10414.55166,0.13960
10410.69442,0.13926
10406.83718,0.13879
10402.97994,0.13840
10399.12270,0.13824
10395.26545,0.13835
10391.40821,0.13866
10387.55097,0.13862
10383.69373,0.13791
10379.83649,0.13734
10375.97925,0.13761
10372.12201,0.13837
10368.26477,0.13872
10364.40752,0.13836
10360.55028,0.13825
10356.69304,0.13879
10352.83580,0.13908
10348.97856,0.13885
10345.12132,0.13866
10341.26408,0.13873
10337.40683,0.13865
10333.54959,0.13825
10329.69235,0.13796
10325.83511,0.13796
10321.97787,0.13811
10318.12063,0.13849
10314.26339,0.13899
10310.40615,0.13922
10306.54890,0.13910
10302.69166,0.13893
10298.83442,0.13896
10294.97718,0.13919
10291.11994,0.13930
10287.26270,0.13911
10283.40546,0.13901
10279.54821,0.13897
10275.69097,0.13877
10271.83373,0.13899
10267.97649,0.13970
10264.11925,0.13997
10260.26201,0.13962
10256.40477,0.13915
10252.54752,0.13893
10248.69028,0.13927
10244.83304,0.13976
10240.97580,0.13974
10237.11856,0.13954
10233.26132,0.13969
10229.40408,0.14003
10225.54684,0.14024
10221.68959,0.14023
10217.83235,0.14010
10213.97511,0.14005
10210.11787,0.14021
10206.26063,0.14031
10202.40339,0.14001
10198.54615,0.13946
10194.68890,0.13913
10190.83166,0.13933
10186.97442,0.13997
10183.11718,0.14057
10179.25994,0.14075
10175.40270,0.14089
10171.54546,0.14113
10167.68821,0.14105
10163.83097,0.14077
10159.97373,0.14047
10156.11649,0.14032
10152.25925,0.14076
10148.40201,0.14140
10144.54477,0.14127
10140.68753,0.14049
10136.83028,0.14003
10132.97304,0.14007
10129.11580,0.14033
10125.25856,0.14076
10121.40132,0.14106
10117.54408,0.14099
10113.68684,0.14087
10109.82959,0.14091
10105.97235,0.14096
10102.11511,0.14095
10098.25787,0.14091
10094.40063,0.14092
10090.54339,0.14083
10086.68615,0.14063
10082.82891,0.14050
10078.97166,0.14047
10075.11442,0.14055
10071.25718,0.14085
10067.39994,0.14123
10063.54270,0.14137
10059.68546,0.14110
10055.82822,0.14063
10051.97097,0.14043
10048.11373,0.14081
10044.25649,0.14124
10040.39925,0.14091
10036.54201,0.14026
10032.68477,0.14017
10028.82753,0.14072
10024.97028,0.14145
10021.11304,0.14189
10017.25580,0.14195
10013.39856,0.14182
10009.54132,0.14181
10005.68408,0.14185
10001.82684,0.14176
9997.96960,0.14170
9994.11235,0.14159
9990.25511,0.14145
9986.39787,0.14151
9982.54063,0.14180
9978.68339,0.14212
9974.82615,0.14215
9970.96891,0.14207
9967.11166,0.14217
9963.25442,0.14229
9959.39718,0.14217
9955.53994,0.14189
9951.68270,0.14176
9947.82546,0.14220
9943.96822,0.14300
9940.11097,0.14338
9936.25373,0.14322
9932.39649,0.14288
9928.53925,0.14252
9924.68201,0.14221
9920.82477,0.14198
9916.96753,0.14201
9913.11029,0.14227
9909.25304,0.14223
9905.39580,0.14175
9901.53856,0.14151
9897.68132,0.14194
9893.82408,0.14251
9889.96684,0.14253
9886.10960,0.14218
9882.25235,0.14220
9878.39511,0.14262
9874.53787,0.14256
9870.68063,0.14207
9866.82339,0.14183
9862.96615,0.14169
9859.10891,0.14151
9855.25167,0.14149
9851.39442,0.14160
9847.53718,0.14175
9843.67994,0.14187
9839.82270,0.14188
9835.96546,0.14168
9832.10822,0.14123
9828.25098,0.14110
9824.39373,0.14168
9820.53649,0.14206
9816.67925,0.14186
9812.82201,0.14175
9808.96477,0.14188
9805.10753,0.14190
9801.25029,0.14161
9797.39304,0.14117
9793.53580,0.14090
9789.67856,0.14099
9785.82132,0.14142
9781.96408,0.14182
9778.10684,0.14195
9774.24960,0.14181
9770.39236,0.14151
9766.53511,0.14154
9762.67787,0.14200
9758.82063,0.14218
9754.96339,0.14190
9751.10615,0.14174
9747.24891,0.14178
9743.39167,0.14170
9739.53442,0.14163
9735.67718,0.14167
9731.81994,0.14170
9727.96270,0.14157
9724.10546,0.14128
9720.24822,0.14122
9716.39098,0.14150
9712.53373,0.14167
9708.67649,0.14158
9704.81925,0.14140
9700.96201,0.14120
9697.10477,0.14100
9693.24753,0.14079
9689.39029,0.14070
9685.53305,0.14087
9681.67580,0.14109
9677.81856,0.14106
9673.96132,0.14066
9670.10408,0.14014
9666.24684,0.13999
9662.38960,0.14025
9658.53236,0.14054
9654.67511,0.14050
9650.81787,0.13999
9646.96063,0.13934
9643.10339,0.13916
9639.24615,0.13949
9635.38891,0.13985
9631.53167,0.13998
9627.67443,0.13999
9623.81718,0.14006
9619.95994,0.14014
9616.10270,0.13989
9612.24546,0.13940
9608.38822,0.13938
9604.53098,0.13987
9600.67374,0.14004
9596.81649,0.13969
9592.95925,0.13946
9589.10201,0.13964
9585.24477,0.13981
9581.38753,0.13956
9577.53029,0.13931
9573.67305,0.13951
9569.81580,0.13977
9565.95856,0.13970
9562.10132,0.13953
9558.24408,0.13937
9554.38684,0.13913
9550.52960,0.13900
9546.67236,0.13908
9542.81512,0.13926
9538.95787,0.13929
9535.10063,0.13901
9531.24339,0.13868
9527.38615,0.13874
9523.52891,0.13904
9519.67167,0.13904
9515.81443,0.13881
9511.95718,0.13883
9508.09994,0.13908
9504.24270,0.13915
9500.38546,0.13893
9496.52822,0.13873
9492.67098,0.13869
9488.81374,0.13870
9484.95649,0.13863
9481.09925,0.13848
9477.24201,0.13827
9473.38477,0.13815
9469.52753,0.13825
9465.67029,0.13854
9461.81305,0.13877
9457.95581,0.13880
9454.09856,0.13865
9450.24132,0.13846
9446.38408,0.13833
9442.52684,0.13804
9438.66960,0.13754
9434.81236,0.13734
9430.95512,0.13766
9427.09787,0.13801
9423.24063,0.13799
9419.38339,0.13775
9415.52615,0.13755
9411.66891,0.13748
9407.81167,0.13750
9403.95443,0.13762
9400.09719,0.13784
9396.23994,0.13800
9392.38270,0.13811
9388.52546,0.13833
9384.66822,0.13843
9380.81098,0.13817
9376.95374,0.13783
9373.09650,0.13755
9369.23925,0.13729
9365.38201,0.13726
9361.52477,0.13747
9357.66753,0.13762
9353.81029,0.13764
9349.95305,0.13744
9346.09581,0.13716
9342.23856,0.13726
9338.38132,0.13771
9334.52408,0.13801
9330.66684,0.13788
9326.80960,0.13747
9322.95236,0.13737
9319.09512,0.13758
9315.23788,0.13759
9311.38063,0.13750
9307.52339,0.13752
9303.66615,0.13748
9299.80891,0.13726
9295.95167,0.13699
9292.09443,0.13687
9288.23719,0.13692
9284.37994,0.13705
9280.52270,0.13723
9276.66546,0.13748
9272.80822,0.13761
9268.95098,0.13750
9265.09374,0.13735
9261.23650,0.13732
9257.37925,0.13724
9253.52201,0.13704
9249.66477,0.13690
9245.80753,0.13697
9241.95029,0.13717
9238.09305,0.13735
9234.23581,0.13738
9230.37857,0.13737
9226.52132,0.13738
9222.66408,0.13732
9218.80684,0.13730
9214.94960,0.13734
9211.09236,0.13728
9207.23512,0.13723
9203.37788,0.13712
9199.52063,0.13686
9195.66339,0.13676
9191.80615,0.13693
9187.94891,0.13717
9184.09167,0.13734
9180.23443,0.13744
9176.37719,0.13743
9172.51995,0.13736
9168.66270,0.13743
9164.80546,0.13769
9160.94822,0.13777
9157.09098,0.13745
9153.23374,0.13705
9149.37650,0.13693
9145.51926,0.13697
9141.66201,0.13706
9137.80477,0.13731
9133.94753,0.13756
9130.09029,0.13761
9126.23305,0.13766
9122.37581,0.13778
9118.51857,0.13787
9114.66132,0.13797
9110.80408,0.13808
9106.94684,0.13805
9103.08960,0.13787
9099.23236,0.13782
9095.37512,0.13798
9091.51788,0.13813
9087.66064,0.13826
9083.80339,0.13850
9079.94615,0.13876
9076.08891,0.13882
9072.23167,0.13865
9068.37443,0.13848
9064.51719,0.13861
9060.65995,0.13900
9056.80270,0.13925
9052.94546,0.13933
9049.08822,0.13954
9045.23098,0.13989
9041.37374,0.14019
9037.51650,0.14037
9033.65926,0.14048
9029.80201,0.14058
9025.94477,0.14074
9022.08753,0.14103
9018.23029,0.14142
9014.37305,0.14185
9010.51581,0.14230
9006.65857,0.14273
9002.80133,0.14305
8998.94408,0.14330
8995.08684,0.14365
8991.22960,0.14420
8987.37236,0.14481
8983.51512,0.14529
8979.65788,0.14564
8975.80064,0.14600
8971.94339,0.14649
8968.08615,0.14721
8964.22891,0.14798
8960.37167,0.14878
8956.51443,0.14972
8952.65719,0.15063
8948.79995,0.15142
8944.94271,0.15234
8941.08546,0.15333
8937.22822,0.15410
8933.37098,0.15481
8929.51374,0.15577
8925.65650,0.15699
8921.79926,0.15831
8917.94202,0.15948
8914.08477,0.16059
8910.22753,0.16191
8906.37029,0.16340
8902.51305,0.16491
8898.65581,0.16630
8894.79857,0.16745
8890.94133,0.16866
8887.08408,0.17019
8883.22684,0.17176
8879.36960,0.17306
8875.51236,0.17406
8871.65512,0.17482
8867.79788,0.17547
8863.94064,0.17607
8860.08340,0.17647
8856.22615,0.17665
8852.36891,0.17668
8848.51167,0.17648
8844.65443,0.17591
8840.79719,0.17516
8836.93995,0.17458
8833.08271,0.17406
8829.22546,0.17320
8825.36822,0.17208
8821.51098,0.17093
8817.65374,0.16971
8813.79650,0.16849
8809.93926,0.16729
8806.08202,0.16598
8802.22477,0.16454
8798.36753,0.16325
8794.51029,0.16215
8790.65305,0.16101
8786.79581,0.15979
8782.93857,0.15852
8779.08133,0.15740
8775.22409,0.15667
8771.36684,0.15618
8767.50960,0.15563
8763.65236,0.15499
8759.79512,0.15445
8755.93788,0.15404
8752.08064,0.15359
8748.22340,0.15327
8744.36615,0.15330
8740.50891,0.15338
8736.65167,0.15327
8732.79443,0.15319
8728.93719,0.15328
8725.07995,0.15338
8721.22271,0.15349
8717.36547,0.15361
8713.50822,0.15373
8709.65098,0.15391
8705.79374,0.15407
8701.93650,0.15427
8698.07926,0.15454
8694.22202,0.15471
8690.36478,0.15482
8686.50753,0.15492
8682.65029,0.15500
8678.79305,0.15520
8674.93581,0.15550
8671.07857,0.15570
8667.22133,0.15589
8663.36409,0.15624
8659.50684,0.15663
8655.64960,0.15691
8651.79236,0.15721
8647.93512,0.15762
8644.07788,0.15809
8640.22064,0.15852
8636.36340,0.15885
8632.50616,0.15906
8628.64891,0.15926
8624.79167,0.15949
8620.93443,0.15967
8617.07719,0.15990
8613.21995,0.16037
8609.36271,0.16091
8605.50547,0.16132
8601.64822,0.16167
8597.79098,0.16201
8593.93374,0.16230
8590.07650,0.16261
8586.21926,0.16296
8582.36202,0.16336
8578.50478,0.16384
8574.64753,0.16433
8570.79029,0.16463
8566.93305,0.16488
8563.07581,0.16523
8559.21857,0.16558
8555.36133,0.16576
8551.50409,0.16580
8547.64685,0.16596
8543.78960,0.16634
8539.93236,0.16669
8536.07512,0.16684
8532.21788,0.16703
8528.36064,0.16741
8524.50340,0.16775
8520.64616,0.16800
8516.78891,0.16828
8512.93167,0.16852
8509.07443,0.16856
8505.21719,0.16855
8501.35995,0.16855
8497.50271,0.16840
8493.64547,0.16820
8489.78822,0.16819
8485.93098,0.16825
8482.07374,0.16814
8478.21650,0.16798
8474.35926,0.16799
8470.50202,0.16820
8466.64478,0.16843
8462.78754,0.16841
8458.93029,0.16814
8455.07305,0.16787
8451.21581,0.16764
8447.35857,0.16736
8443.50133,0.16705
8439.64409,0.16674
8435.78685,0.16641
8431.92960,0.16618
8428.07236,0.16606
8424.21512,0.16587
8420.35788,0.16566
8416.50064,0.16551
8412.64340,0.16527
8408.78616,0.16501
8404.92892,0.16487
8401.07167,0.16474
8397.21443,0.16448
8393.35719,0.16413
8389.49995,0.16373
8385.64271,0.16343
8381.78547,0.16338
8377.92823,0.16344
8374.07098,0.16324
8370.21374,0.16274
8366.35650,0.16228
8362.49926,0.16203
8358.64202,0.16200
8354.78478,0.16204
8350.92754,0.16193
8347.07029,0.16180
8343.21305,0.16185
8339.35581,0.16191
8335.49857,0.16179
8331.64133,0.16160
8327.78409,0.16149
8323.92685,0.16146
8320.06961,0.16144
8316.21236,0.16136
8312.35512,0.16128
8308.49788,0.16111
8304.64064,0.16083
8300.78340,0.16064
8296.92616,0.16064
8293.06892,0.16072
8289.21167,0.16078
8285.35443,0.16079
8281.49719,0.16072
8277.63995,0.16063
8273.78271,0.16060
8269.92547,0.16070
8266.06823,0.16078
8262.21098,0.16074
8258.35374,0.16068
8254.49650,0.16073
8250.63926,0.16079
8246.78202,0.16073
8242.92478,0.16062
8239.06754,0.16058
8235.21030,0.16059
8231.35305,0.16059
8227.49581,0.16050
8223.63857,0.16030
8219.78133,0.16009
8215.92409,0.15997
8212.06685,0.15994
8208.20961,0.15995
8204.35236,0.15993
8200.49512,0.15985
8196.63788,0.15969
8192.78064,0.15956
8188.92340,0.15944
8185.06616,0.15932
8181.20892,0.15924
8177.35168,0.15912
8173.49443,0.15891
8169.63719,0.15876
8165.77995,0.15873
8161.92271,0.15866
8158.06547,0.15846
8154.20823,0.15826
8150.35099,0.15823
8146.49374,0.15818
8142.63650,0.15795
8138.77926,0.15776
8134.92202,0.15766
8131.06478,0.15750
8127.20754,0.15731
8123.35030,0.15721
8119.49305,0.15714
8115.63581,0.15697
8111.77857,0.15672
8107.92133,0.15646
8104.06409,0.15625
8100.20685,0.15614
8096.34961,0.15609
8092.49237,0.15593
8088.63512,0.15562
8084.77788,0.15532
8080.92064,0.15508
8077.06340,0.15482
8073.20616,0.15461
8069.34892,0.15451
8065.49168,0.15451
8061.63443,0.15454
8057.77719,0.15448
8053.91995,0.15426
8050.06271,0.15399
8046.20547,0.15385
8042.34823,0.15392
8038.49099,0.15398
8034.63374,0.15384
8030.77650,0.15357
8026.91926,0.15328
8023.06202,0.15305
8019.20478,0.15297
8015.34754,0.15305
8011.49030,0.15309
8007.63306,0.15303
8003.77581,0.15295
7999.91857,0.15285
7996.06133,0.15273
7992.20409,0.15272
7988.34685,0.15273
7984.48961,0.15261
7980.63237,0.15238
7976.77512,0.15224
7972.91788,0.15228
7969.06064,0.15241
7965.20340,0.15251
7961.34616,0.15256
7957.48892,0.15236
7953.63168,0.15203
7949.77444,0.15195
7945.91719,0.15210
7942.05995,0.15211
7938.20271,0.15188
7934.34547,0.15169
7930.48823,0.15174
7926.63099,0.15195
7922.77375,0.15206
7918.91650,0.15196
7915.05926,0.15186
7911.20202,0.15187
7907.34478,0.15189
7903.48754,0.15195
7899.63030,0.15209
7895.77306,0.15216
7891.91581,0.15206
7888.05857,0.15194
7884.20133,0.15193
7880.34409,0.15195
7876.48685,0.15185
7872.62961,0.15179
7868.77237,0.15194
7864.91513,0.15208
7861.05788,0.15199
7857.20064,0.15187
7853.34340,0.15197
7849.48616,0.15203
7845.62892,0.15186
7841.77168,0.15163
7837.91444,0.15151
7834.05719,0.15145
7830.19995,0.15138
7826.34271,0.15127
7822.48547,0.15112
7818.62823,0.15095
7814.77099,0.15090
7810.91375,0.15099
7807.05650,0.15103
7803.19926,0.15104
7799.34202,0.15099
7795.48478,0.15072
7791.62754,0.15048
7787.77030,0.15051
7783.91306,0.15053
7780.05582,0.15040
7776.19857,0.15036
7772.34133,0.15041
7768.48409,0.15035
7764.62685,0.15023
7760.76961,0.15021
7756.91237,0.15013
7753.05513,0.14981
7749.19788,0.14950
7745.34064,0.14935
7741.48340,0.14913
7737.62616,0.14886
7733.76892,0.14876
7729.91168,0.14884
7726.05444,0.14888
7722.19720,0.14867
7718.33995,0.14830
7714.48271,0.14816
7710.62547,0.14841
7706.76823,0.14869
7702.91099,0.14865
7699.05375,0.14836
7695.19651,0.14810
7691.33926,0.14798
7687.48202,0.14804
7683.62478,0.14820
7679.76754,0.14840
7675.91030,0.14860
7672.05306,0.14871
7668.19582,0.14865
7664.33857,0.14853
7660.48133,0.14851
7656.62409,0.14860
7652.76685,0.14866
7648.90961,0.14868
7645.05237,0.14877
7641.19513,0.14891
7637.33789,0.14901
7633.48064,0.14905
7629.62340,0.14901
7625.76616,0.14897
7621.90892,0.14907
7618.05168,0.14934
7614.19444,0.14969
7610.33720,0.15004
7606.47995,0.15037
7602.62271,0.15042
7598.76547,0.15019
7594.90823,0.15006
7591.05099,0.15003
7587.19375,0.14997
7583.33651,0.15003
7579.47926,0.15033
7575.62202,0.15061
7571.76478,0.15069
7567.90754,0.15069
7564.05030,0.15079
7560.19306,0.15108
7556.33582,0.15153
7552.47858,0.15202
7548.62133,0.15245
7544.76409,0.15284
7540.90685,0.15320
7537.04961,0.15360
7533.19237,0.15396
7529.33513,0.15402
7525.47789,0.15397
7521.62064,0.15415
7517.76340,0.15448
7513.90616,0.15476
7510.04892,0.15498
7506.19168,0.15512
7502.33444,0.15524
7498.47720,0.15544
7494.61996,0.15576
7490.76271,0.15611
7486.90547,0.15646
7483.04823,0.15685
7479.19099,0.15733
7475.33375,0.15786
7471.47651,0.15838
7467.61927,0.15889
7463.76202,0.15947
7459.90478,0.16016
7456.04754,0.16095
7452.19030,0.16175
7448.33306,0.16246
7444.47582,0.16319
7440.61858,0.16413
7436.76133,0.16513
7432.90409,0.16603
7429.04685,0.16703
7425.18961,0.16825
7421.33237,0.16948
7417.47513,0.17049
7413.61789,0.17125
7409.76065,0.17192
7405.90340,0.17272
7402.04616,0.17368
7398.18892,0.17469
7394.33168,0.17571
7390.47444,0.17675
7386.61720,0.17781
7382.75996,0.17890
7378.90271,0.17999
7375.04547,0.18105
7371.18823,0.18216
7367.33099,0.18333
7363.47375,0.18444
7359.61651,0.18546
7355.75927,0.18636
7351.90202,0.18715
7348.04478,0.18795
7344.18754,0.18870
7340.33030,0.18925
7336.47306,0.18975
7332.61582,0.19032
7328.75858,0.19080
7324.90134,0.19109
7321.04409,0.19131
7317.18685,0.19157
7313.32961,0.19183
7309.47237,0.19194
7305.61513,0.19196
7301.75789,0.19216
7297.90065,0.19257
7294.04340,0.19295
7290.18616,0.19319
7286.32892,0.19341
7282.47168,0.19371
7278.61444,0.19408
7274.75720,0.19449
7270.89996,0.19489
7267.04272,0.19527
7263.18547,0.19564
7259.32823,0.19608
7255.47099,0.19655
7251.61375,0.19699
7247.75651,0.19738
7243.89927,0.19765
7240.04203,0.19782
7236.18478,0.19802
7232.32754,0.19818
7228.47030,0.19832
7224.61306,0.19863
7220.75582,0.19901
7216.89858,0.19934
7213.04134,0.19967
7209.18409,0.20002
7205.32685,0.20033
7201.46961,0.20052
7197.61237,0.20067
7193.75513,0.20091
7189.89789,0.20127
7186.04065,0.20172
7182.18341,0.20221
7178.32616,0.20274
7174.46892,0.20336
7170.61168,0.20404
7166.75444,0.20477
7162.89720,0.20557
7159.03996,0.20651
7155.18272,0.20755
7151.32547,0.20858
7147.46823,0.20965
7143.61099,0.21090
7139.75375,0.21228
7135.89651,0.21366
7132.03927,0.21506
7128.18203,0.21649
7124.32478,0.21781
7120.46754,0.21893
7116.61030,0.22000
7112.75306,0.22109
7108.89582,0.22219
7105.03858,0.22334
7101.18134,0.22459
7097.32410,0.22589
7093.46685,0.22713
7089.60961,0.22831
7085.75237,0.22954
7081.89513,0.23088
7078.03789,0.23230
7074.18065,0.23380
7070.32341,0.23531
7066.46616,0.23680
7062.60892,0.23821
7058.75168,0.23945
7054.89444,0.24059
7051.03720,0.24179
7047.17996,0.24301
7043.32272,0.24425
7039.46548,0.24549
7035.60823,0.24661
7031.75099,0.24756
7027.89375,0.24839
7024.03651,0.24922
7020.17927,0.25004
7016.32203,0.25081
7012.46479,0.25150
7008.60754,0.25213
7004.75030,0.25279
7000.89306,0.25343
6997.03582,0.25403
6993.17858,0.25467
6989.32134,0.25530
6985.46410,0.25579
6981.60685,0.25624
6977.74961,0.25680
6973.89237,0.25734
6970.03513,0.25768
6966.17789,0.25791
6962.32065,0.25822
6958.46341,0.25859
6954.60617,0.25895
6950.74892,0.25930
6946.89168,0.25962
6943.03444,0.25990
6939.17720,0.26021
6935.31996,0.26051
6931.46272,0.26082
6927.60548,0.26115
6923.74823,0.26143
6919.89099,0.26171
6916.03375,0.26207
6912.17651,0.26236
6908.31927,0.26253
6904.46203,0.26276
6900.60479,0.26308
6896.74754,0.26341
6892.89030,0.26374
6889.03306,0.26411
6885.17582,0.26450
6881.31858,0.26487
6877.46134,0.26525
6873.60410,0.26573
6869.74686,0.26627
6865.88961,0.26679
6862.03237,0.26734
6858.17513,0.26798
6854.31789,0.26862
6850.46065,0.26919
6846.60341,0.26975
6842.74617,0.27033
6838.88892,0.27091
6835.03168,0.27152
6831.17444,0.27216
6827.31720,0.27275
6823.45996,0.27330
6819.60272,0.27390
6815.74548,0.27452
6811.88824,0.27513
6808.03099,0.27573
6804.17375,0.27639
6800.31651,0.27712
6796.45927,0.27787
6792.60203,0.27860
6788.74479,0.27933
6784.88755,0.28002
6781.03030,0.28063
6777.17306,0.28115
6773.31582,0.28169
6769.45858,0.28232
6765.60134,0.28297
6761.74410,0.28354
6757.88686,0.28399
6754.02961,0.28424
6750.17237,0.28435
6746.31513,0.28451
6742.45789,0.28475
6738.60065,0.28493
6734.74341,0.28505
6730.88617,0.28519
6727.02893,0.28528
6723.17168,0.28528
6719.31444,0.28532
6715.45720,0.28537
6711.59996,0.28534
6707.74272,0.28526
6703.88548,0.28524
6700.02824,0.28532
6696.17099,0.28541
6692.31375,0.28534
6688.45651,0.28512
6684.59927,0.28494
6680.74203,0.28480
6676.88479,0.28458
6673.02755,0.28429
6669.17030,0.28401
6665.31306,0.28374
6661.45582,0.28342
6657.59858,0.28308
6653.74134,0.28279
6649.88410,0.28257
6646.02686,0.28224
6642.16962,0.28177
6638.31237,0.28129
6634.45513,0.28087
6630.59789,0.28044
6626.74065,0.27991
6622.88341,0.27930
6619.02617,0.27879
6615.16893,0.27841
6611.31168,0.27797
6607.45444,0.27742
6603.59720,0.27691
6599.73996,0.27652
6595.88272,0.27618
6592.02548,0.27579
6588.16824,0.27537
6584.31100,0.27503
6580.45375,0.27484
6576.59651,0.27476
6572.73927,0.27471
6568.88203,0.27469
6565.02479,0.27471
6561.16755,0.27472
6557.31031,0.27470
6553.45306,0.27478
6549.59582,0.27494
6545.73858,0.27507
6541.88134,0.27515
6538.02410,0.27527
6534.16686,0.27544
6530.30962,0.27563
6526.45237,0.27579
6522.59513,0.27593
6518.73789,0.27607
6514.88065,0.27615
6511.02341,0.27618
6507.16617,0.27631
6503.30893,0.27647
6499.45169,0.27655
6495.59444,0.27650
6491.73720,0.27640
6487.87996,0.27629
6484.02272,0.27621
6480.16548,0.27613
6476.30824,0.27604
6472.45100,0.27594
6468.59375,0.27579
6464.73651,0.27560
6460.87927,0.27539
6457.02203,0.27515
6453.16479,0.27490
6449.30755,0.27469
6445.45031,0.27448
6441.59306,0.27425
6437.73582,0.27395
6433.87858,0.27355
6430.02134,0.27313
6426.16410,0.27272
6422.30686,0.27229
6418.44962,0.27193
6414.59238,0.27165
6410.73513,0.27136
6406.87789,0.27107
6403.02065,0.27082
6399.16341,0.27063
6395.30617,0.27044
6391.44893,0.27026
6387.59169,0.27012
6383.73444,0.26999
6379.87720,0.26985
6376.01996,0.26971
6372.16272,0.26958
6368.30548,0.26940
6364.44824,0.26910
6360.59100,0.26879
6356.73376,0.26861
6352.87651,0.26855
6349.01927,0.26848
6345.16203,0.26838
6341.30479,0.26833
6337.44755,0.26834
6333.59031,0.26832
6329.73307,0.26826
6325.87582,0.26825
6322.01858,0.26826
6318.16134,0.26820
6314.30410,0.26809
6310.44686,0.26804
6306.58962,0.26801
6302.73238,0.26789
6298.87513,0.26769
6295.01789,0.26746
6291.16065,0.26712
6287.30341,0.26656
6283.44617,0.26587
6279.58893,0.26528
6275.73169,0.26480
6271.87445,0.26428
6268.01720,0.26368
6264.15996,0.26304
6260.30272,0.26239
6256.44548,0.26174
6252.58824,0.26108
6248.73100,0.26035
6244.87376,0.25958
6241.01651,0.25877
6237.15927,0.25794
6233.30203,0.25711
6229.44479,0.25632
6225.58755,0.25563
6221.73031,0.25509
6217.87307,0.25480
6214.01582,0.25484
6210.15858,0.25518
6206.30134,0.25578
6202.44410,0.25652
6198.58686,0.25711
6194.72962,0.25717
6190.87238,0.25654
6187.01514,0.25535
6183.15789,0.25390
6179.30065,0.25258
6175.44341,0.25160
6171.58617,0.25098
6167.72893,0.25068
6163.87169,0.25070
6160.01445,0.25107
6156.15720,0.25174
6152.29996,0.25259
6148.44272,0.25343
6144.58548,0.25397
6140.72824,0.25406
6136.87100,0.25382
6133.01376,0.25356
6129.15652,0.25362
6125.29927,0.25421
6121.44203,0.25546
6117.58479,0.25747
6113.72755,0.26035
6109.87031,0.26409
6106.01307,0.26853
6102.15583,0.27348
6098.29858,0.27885
6094.44134,0.28441
6090.58410,0.28985
6086.72686,0.29502
6082.86962,0.29986
6079.01238,0.30449
6075.15514,0.30937
6071.29789,0.31511
6067.44065,0.32192
6063.58341,0.32934
6059.72617,0.33661
6055.86893,0.34314
6052.01169,0.34880
6048.15445,0.35389
6044.29721,0.35884
6040.43996,0.36410
6036.58272,0.36998
6032.72548,0.37627
6028.86824,0.38215
6025.01100,0.38668
6021.15376,0.38914
6017.29652,0.38894
6013.43927,0.38581
6009.58203,0.38002
6005.72479,0.37232
6001.86755,0.36373
5998.01031,0.35538
5994.15307,0.34809
5990.29583,0.34230
5986.43858,0.33823
5982.58134,0.33564
5978.72410,0.33364
5974.86686,0.33107
5971.00962,0.32735
5967.15238,0.32291
5963.29514,0.31873
5959.43790,0.31561
5955.58065,0.31375
5951.72341,0.31285
5947.86617,0.31236
5944.00893,0.31159
5940.15169,0.30991
5936.29445,0.30697
5932.43721,0.30292
5928.57996,0.29827
5924.72272,0.29356
5920.86548,0.28914
5917.00824,0.28522
5913.15100,0.28191
5909.29376,0.27936
5905.43652,0.27790
5901.57927,0.27772
5897.72203,0.27868
5893.86479,0.28055
5890.00755,0.28306
5886.15031,0.28590
5882.29307,0.28871
5878.43583,0.29129
5874.57859,0.29355
5870.72134,0.29547
5866.86410,0.29690
5863.00686,0.29767
5859.14962,0.29769
5855.29238,0.29707
5851.43514,0.29612
5847.57790,0.29512
5843.72065,0.29428
5839.86341,0.29373
5836.00617,0.29347
5832.14893,0.29343
5828.29169,0.29358
5824.43445,0.29384
5820.57721,0.29419
5816.71997,0.29458
5812.86272,0.29490
5809.00548,0.29501
5805.14824,0.29481
5801.29100,0.29435
5797.43376,0.29387
5793.57652,0.29348
5789.71928,0.29316
5785.86203,0.29282
5782.00479,0.29238
5778.14755,0.29185
5774.29031,0.29122
5770.43307,0.29046
5766.57583,0.28951
5762.71859,0.28831
5758.86134,0.28681
5755.00410,0.28500
5751.14686,0.28294
5747.28962,0.28079
5743.43238,0.27866
5739.57514,0.27662
5735.71790,0.27475
5731.86066,0.27312
5728.00341,0.27185
5724.14617,0.27103
5720.28893,0.27074
5716.43169,0.27088
5712.57445,0.27119
5708.71721,0.27143
5704.85997,0.27146
5701.00272,0.27123
5697.14548,0.27080
5693.28824,0.27027
5689.43100,0.26976
5685.57376,0.26932
5681.71652,0.26897
5677.85928,0.26877
5674.00203,0.26875
5670.14479,0.26900
5666.28755,0.26947
5662.43031,0.26997
5658.57307,0.27038
5654.71583,0.27058
5650.85859,0.27042
5647.00135,0.26988
5643.14410,0.26898
5639.28686,0.26787
5635.42962,0.26674
5631.57238,0.26566
5627.71514,0.26465
5623.85790,0.26383
5620.00066,0.26330
5616.14341,0.26303
5612.28617,0.26293
5608.42893,0.26297
5604.57169,0.26315
5600.71445,0.26348
5596.85721,0.26395
5592.99997,0.26452
5589.14273,0.26518
5585.28548,0.26590
5581.42824,0.26664
5577.57100,0.26739
5573.71376,0.26807
5569.85652,0.26863
5565.99928,0.26902
5562.14204,0.26922
5558.28479,0.26925
5554.42755,0.26919
5550.57031,0.26911
5546.71307,0.26908
5542.85583,0.26910
5538.99859,0.26910
5535.14135,0.26904
5531.28410,0.26894
5527.42686,0.26878
5523.56962,0.26849
5519.71238,0.26805
5515.85514,0.26759
5511.99790,0.26722
5508.14066,0.26699
5504.28342,0.26696
5500.42617,0.26724
5496.56893,0.26779
5492.71169,0.26845
5488.85445,0.26909
5484.99721,0.26963
5481.13997,0.26998
5477.28273,0.26996
5473.42548,0.26952
5469.56824,0.26892
5465.71100,0.26824
5461.85376,0.26735
5457.99652,0.26627
5454.13928,0.26517
5450.28204,0.26397
5446.42479,0.26238
5442.56755,0.26054
5438.71031,0.25890
5434.85307,0.25746
5430.99583,0.25603
5427.13859,0.25470
5423.28135,0.25378
5419.42411,0.25327
5415.56686,0.25293
5411.70962,0.25259
5407.85238,0.25236
5403.99514,0.25238
5400.13790,0.25250
5396.28066,0.25250
5392.42342,0.25238
5388.56617,0.25238
5384.70893,0.25253
5380.85169,0.25278
5376.99445,0.25312
5373.13721,0.25356
5369.27997,0.25415
5365.42273,0.25486
5361.56549,0.25563
5357.70824,0.25641
5353.85100,0.25717
5349.99376,0.25781
5346.13652,0.25833
5342.27928,0.25881
5338.42204,0.25926
5334.56480,0.25977
5330.70755,0.26045
5326.85031,0.26137
5322.99307,0.26258
5319.13583,0.26415
5315.27859,0.26615
5311.42135,0.26854
5307.56411,0.27137
5303.70686,0.27463
5299.84962,0.27821
5295.99238,0.28215
5292.13514,0.28669
5288.27790,0.29196
5284.42066,0.29782
5280.56342,0.30425
5276.70618,0.31112
5272.84893,0.31812
5268.99169,0.32518
5265.13445,0.33227
5261.27721,0.33887
5257.41997,0.34452
5253.56273,0.34935
5249.70549,0.35345
5245.84824,0.35687
5241.99100,0.35960
5238.13376,0.36168
5234.27652,0.36326
5230.41928,0.36441
5226.56204,0.36523
5222.70480,0.36584
5218.84755,0.36623
5214.99031,0.36642
5211.13307,0.36641
5207.27583,0.36614
5203.41859,0.36588
5199.56135,0.36578
5195.70411,0.36563
5191.84687,0.36539
5187.98962,0.36524
5184.13238,0.36516
5180.27514,0.36502
5176.41790,0.36479
5172.56066,0.36451
5168.70342,0.36418
5164.84618,0.36385
5160.98893,0.36358
5157.13169,0.36340
5153.27445,0.36322
5149.41721,0.36295
5145.55997,0.36263
5141.70273,0.36228
5137.84549,0.36196
5133.98825,0.36174
5130.13100,0.36160
5126.27376,0.36149
5122.41652,0.36112
5118.55928,0.36007
5114.70204,0.35811
5110.84480,0.35535
5106.98756,0.35214
5103.13031,0.34883
5099.27307,0.34561
5095.41583,0.34261
5091.55859,0.33990
5087.70135,0.33741
5083.84411,0.33506
5079.98687,0.33288
5076.12962,0.33090
5072.27238,0.32907
5068.41514,0.32729
5064.55790,0.32560
5060.70066,0.32402
5056.84342,0.32260
5052.98618,0.32127
5049.12894,0.32004
5045.27169,0.31896
5041.41445,0.31794
5037.55721,0.31689
5033.69997,0.31580
5029.84273,0.31477
5025.98549,0.31389
5022.12825,0.31314
5018.27100,0.31246
5014.41376,0.31175
5010.55652,0.31100
5006.69928,0.31022
5002.84204,0.30945
4998.98480,0.30864
4995.12756,0.30785
4991.27031,0.30718
4987.41307,0.30663
4983.55583,0.30617
4979.69859,0.30590
4975.84135,0.30582
4971.98411,0.30595
4968.12687,0.30633
4964.26963,0.30695
4960.41238,0.30781
4956.55514,0.30889
4952.69790,0.31014
4948.84066,0.31159
4944.98342,0.31320
4941.12618,0.31484
4937.26894,0.31651
4933.41169,0.31824
4929.55445,0.32003
4925.69721,0.32188
4921.83997,0.32392
4917.98273,0.32618
4914.12549,0.32858
4910.26825,0.33103
4906.41101,0.33357
4902.55376,0.33625
4898.69652,0.33908
4894.83928,0.34202
4890.98204,0.34501
4887.12480,0.34806
4883.26756,0.35117
4879.41032,0.35431
4875.55307,0.35748
4871.69583,0.36064
4867.83859,0.36367
4863.98135,0.36653
4860.12411,0.36934
4856.26687,0.37214
4852.40963,0.37500
4848.55238,0.37809
4844.69514,0.38153
4840.83790,0.38536
4836.98066,0.38948
4833.12342,0.39376
4829.26618,0.39815
4825.40894,0.40245
4821.55170,0.40647
4817.69445,0.41016
4813.83721,0.41358
4809.97997,0.41679
4806.12273,0.41978
4802.26549,0.42242
4798.40825,0.42455
4794.55101,0.42610
4790.69376,0.42715
4786.83652,0.42774
4782.97928,0.42796
4779.12204,0.42803
4775.26480,0.42814
4771.40756,0.42846
4767.55032,0.42919
4763.69307,0.43048
4759.83583,0.43246
4755.97859,0.43507
4752.12135,0.43807
4748.26411,0.44114
4744.40687,0.44411
4740.54963,0.44703
4736.69239,0.45024
4732.83514,0.45421
4728.97790,0.45912
4725.12066,0.46432
4721.26342,0.46853
4717.40618,0.47084
4713.54894,0.47173
4709.69170,0.47297
4705.83445,0.47633
4701.97721,0.48230
4698.11997,0.48966
4694.26273,0.49588
4690.40549,0.49829
4686.54825,0.49550
4682.69101,0.48791
4678.83377,0.47736
4674.97652,0.46640
4671.11928,0.45719
4667.26204,0.45071
4663.40480,0.44678
4659.54756,0.44469
4655.69032,0.44422
4651.83308,0.44590
4647.97583,0.45022
4644.11859,0.45653
4640.26135,0.46285
4636.40411,0.46642
4632.54687,0.46477
4628.68963,0.45724
4624.83239,0.44574
4620.97514,0.43349
4617.11790,0.42319
4613.26066,0.41593
4609.40342,0.41163
4605.54618,0.41005
4601.68894,0.41127
4597.83170,0.41476
4593.97446,0.41883
4590.11721,0.42213
4586.25997,0.42478
4582.40273,0.42660
4578.54549,0.42544
4574.68825,0.41954
4570.83101,0.41013
4566.97377,0.40030
4563.11652,0.39255
4559.25928,0.38770
4555.40204,0.38514
4551.54480,0.38386
4547.68756,0.38313
4543.83032,0.38258
4539.97308,0.38215
4536.11583,0.38205
4532.25859,0.38240
4528.40135,0.38324
4524.54411,0.38466
4520.68687,0.38677
4516.82963,0.38967
4512.97239,0.39361
4509.11515,0.39895
4505.25790,0.40607
4501.40066,0.41513
4497.54342,0.42578
4493.68618,0.43679
4489.82894,0.44644
4485.97170,0.45391
4482.11446,0.46013
4478.25721,0.46692
4474.39997,0.47604
4470.54273,0.48867
4466.68549,0.50478
4462.82825,0.52200
4458.97101,0.53594
4455.11377,0.54386
4451.25653,0.54769
4447.39928,0.55144
4443.54204,0.55678
4439.68480,0.56265
4435.82756,0.56716
4431.97032,0.56859
4428.11308,0.56606
4424.25584,0.56043
4420.39859,0.55419
4416.54135,0.54994
4412.68411,0.54880
4408.82687,0.54986
4404.96963,0.55082
4401.11239,0.54964
4397.25515,0.54582
4393.39790,0.54040
4389.54066,0.53483
4385.68342,0.53008
4381.82618,0.52636
4377.96894,0.52368
4374.11170,0.52207
4370.25446,0.52169
4366.39722,0.52264
4362.53997,0.52447
4358.68273,0.52640
4354.82549,0.52802
4350.96825,0.52969
4347.11101,0.53206
4343.25377,0.53528
4339.39653,0.53871
4335.53928,0.54163
4331.68204,0.54385
4327.82480,0.54575
4323.96756,0.54784
4320.11032,0.55046
4316.25308,0.55401
4312.39584,0.55885
4308.53859,0.56483
4304.68135,0.57134
4300.82411,0.57764
4296.96687,0.58298
4293.10963,0.58678
4289.25239,0.58868
4285.39515,0.58884
4281.53791,0.58789
4277.68066,0.58646
4273.82342,0.58469
4269.96618,0.58238
4266.10894,0.57960
4262.25170,0.57697
4258.39446,0.57522
4254.53722,0.57473
4250.67997,0.57524
4246.82273,0.57579
4242.96549,0.57545
4239.10825,0.57411
4235.25101,0.57250
4231.39377,0.57135
4227.53653,0.57040
4223.67929,0.56868
4219.82204,0.56574
4215.96480,0.56209
4212.10756,0.55859
4208.25032,0.55576
4204.39308,0.55361
4200.53584,0.55205
4196.67860,0.55130
4192.82135,0.55208
4188.96411,0.55511
4185.10687,0.56018
4181.24963,0.56553
4177.39239,0.56814
4173.53515,0.56591
4169.67791,0.55954
4165.82066,0.55187
4161.96342,0.54543
4158.10618,0.54116
4154.24894,0.53904
4150.39170,0.53901
4146.53446,0.54100
4142.67722,0.54479
4138.81998,0.54983
4134.96273,0.55501
4131.10549,0.55919
4127.24825,0.56231
4123.39101,0.56531
4119.53377,0.56926
4115.67653,0.57492
4111.81929,0.58282
4107.96204,0.59335
4104.10480,0.60711
4100.24756,0.62510
4096.39032,0.64619
4092.53308,0.66385
4088.67584,0.67012
4084.81860,0.66383
4080.96135,0.64996
4077.10411,0.63398
4073.24687,0.62027
4069.38963,0.61113
4065.53239,0.60614
4061.67515,0.60384
4057.81791,0.60324
4053.96067,0.60386
4050.10342,0.60501
4046.24618,0.60588
4042.38894,0.60615
4038.53170,0.60611
4034.67446,0.60607
4030.81722,0.60612
4026.95998,0.60619
4023.10273,0.60620
4019.24549,0.60613
4015.38825,0.60572
4011.53101,0.60459
4007.67377,0.60283
4003.81653,0.60083
3999.95929,0.59859
3996.10205,0.59579
3992.24480,0.59265
3988.38756,0.58986
3984.53032,0.58777
3980.67308,0.58622
3976.81584,0.58483
3972.95860,0.58336
3969.10136,0.58159
3965.24411,0.57933
3961.38687,0.57650
3957.52963,0.57345
3953.67239,0.57053
3949.81515,0.56767
3945.95791,0.56488
3942.10067,0.56224
3938.24342,0.55993
3934.38618,0.55790
3930.52894,0.55605
3926.67170,0.55444
3922.81446,0.55283
3918.95722,0.55096
3915.09998,0.54890
3911.24274,0.54676
3907.38549,0.54407
3903.52825,0.53992
3899.67101,0.53532
3895.81377,0.53199
3891.95653,0.52908
3888.09929,0.52623
3884.24205,0.52393
3880.38480,0.52233
3876.52756,0.52085
3872.67032,0.51857
3868.81308,0.51531
3864.95584,0.51213
3861.09860,0.50969
3857.24136,0.50756
3853.38411,0.50488
3849.52687,0.50275
3845.66963,0.50161
3841.81239,0.50051
3837.95515,0.49973
3834.09791,0.49974
3830.24067,0.49994
3826.38343,0.50016
3822.52618,0.50114
3818.66894,0.50429
3814.81170,0.50853
3810.95446,0.51151
3807.09722,0.51300
3803.23998,0.51290
3799.38274,0.51116
3795.52549,0.50915
3791.66825,0.50793
3787.81101,0.50759
3783.95377,0.50835
3780.09653,0.51036
3776.23929,0.51295
3772.38205,0.51568
3768.52481,0.51916
3764.66756,0.52315
3760.81032,0.52629
3756.95308,0.52753
3753.09584,0.52616
3749.23860,0.52300
3745.38136,0.52142
3741.52412,0.52251
3737.66687,0.52594
3733.80963,0.53153
3729.95239,0.53551
3726.09515,0.53694
3722.23791,0.53818
3718.38067,0.54054
3714.52343,0.54485
3710.66618,0.55355
3706.80894,0.56561
3702.95170,0.57884
3699.09446,0.59419
3695.23722,0.61107
3691.37998,0.63413
3687.52274,0.66401
3683.66550,0.68430
3679.80825,0.69682
3675.95101,0.71306
3672.09377,0.73829
3668.23653,0.76381
3664.37929,0.78411
3660.52205,0.80266
3656.66481,0.82216
3652.80756,0.84235
3648.95032,0.86432
3645.09308,0.88451
3641.23584,0.89761
3637.37860,0.90781
3633.52136,0.91664
3629.66412,0.92558
3625.80687,0.93519
3621.94963,0.93904
3618.09239,0.93893
3614.23515,0.94077
3610.37791,0.94712
3606.52067,0.95377
3602.66343,0.95747
3598.80619,0.96026
