12493.60475,0.09901
12489.74751,0.09895
12485.89027,0.09840
12482.03303,0.09646
12478.17579,0.09529
12474.31855,0.09505
12470.46130,0.09414
12466.60406,0.09330
12462.74682,0.09286
12458.88958,0.09226
12455.03234,0.09099
12451.17510,0.08864
12447.31786,0.08784
12443.46062,0.09042
12439.60337,0.09303
12435.74613,0.09343
12431.88889,0.09279
12428.03165,0.09298
12424.17441,0.09464
12420.31717,0.09571
12416.45993,0.09546
12412.60268,0.09466
12408.74544,0.09278
12404.88820,0.09116
12401.03096,0.09226
12397.17372,0.09383
12393.31648,0.09199
12389.45924,0.08969
12385.60199,0.09045
12381.74475,0.09123
12377.88751,0.09101
12374.03027,0.09194
12370.17303,0.09256
12366.31579,0.09212
12362.45855,0.09252
12358.60131,0.09295
12354.74406,0.09263
12350.88682,0.09351
12347.02958,0.09489
12343.17234,0.09380
12339.31510,0.09026
12335.45786,0.08716
12331.60062,0.08734
12327.74337,0.09083
12323.88613,0.09493
12320.02889,0.09607
12316.17165,0.09281
12312.31441,0.08915
12308.45717,0.08963
12304.59993,0.09242
12300.74268,0.09472
12296.88544,0.09521
12293.02820,0.09192
12289.17096,0.08863
12285.31372,0.08972
12281.45648,0.09162
12277.59924,0.09097
12273.74200,0.08902
12269.88475,0.08812
12266.02751,0.08937
12262.17027,0.09149
12258.31303,0.09362
12254.45579,0.09614
12250.59855,0.09803
12246.74131,0.09693
12242.88406,0.09319
12239.02682,0.09062
12235.16958,0.09107
12231.31234,0.09286
12227.45510,0.09360
12223.59786,0.09229
12219.74062,0.09036
12215.88338,0.09069
12212.02613,0.09447
12208.16889,0.09823
12204.31165,0.09780
12200.45441,0.09469
12196.59717,0.09260
12192.73993,0.09158
12188.88269,0.09094
12185.02544,0.09116
12181.16820,0.09140
12177.31096,0.09095
12173.45372,0.09009
12169.59648,0.08900
12165.73924,0.08894
12161.88200,0.09058
12158.02475,0.09189
12154.16751,0.09089
12150.31027,0.08834
12146.45303,0.08674
12142.59579,0.08741
12138.73855,0.08815
12134.88131,0.08727
12131.02407,0.08647
12127.16682,0.08660
12123.30958,0.08703
12119.45234,0.08809
12115.59510,0.08909
12111.73786,0.08844
12107.88062,0.08666
12104.02338,0.08591
12100.16613,0.08704
12096.30889,0.08848
12092.45165,0.08867
12088.59441,0.08871
12084.73717,0.08998
12080.87993,0.09154
12077.02269,0.09235
12073.16544,0.09203
12069.30820,0.08999
12065.45096,0.08671
12061.59372,0.08380
12057.73648,0.08210
12053.87924,0.08198
12050.02200,0.08337
12046.16476,0.08540
12042.30751,0.08830
12038.45027,0.09191
12034.59303,0.09391
12030.73579,0.09417
12026.87855,0.09472
12023.02131,0.09536
12019.16407,0.09482
12015.30682,0.09343
12011.44958,0.09304
12007.59234,0.09491
12003.73510,0.09699
11999.87786,0.09675
11996.02062,0.09459
11992.16338,0.09241
11988.30614,0.09176
11984.44889,0.09206
11980.59165,0.09182
11976.73441,0.09231
11972.87717,0.09423
11969.01993,0.09459
11965.16269,0.09265
11961.30545,0.09178
11957.44820,0.09330
11953.59096,0.09426
11949.73372,0.09222
11945.87648,0.08937
11942.01924,0.08867
11938.16200,0.08974
11934.30476,0.09084
11930.44751,0.09083
11926.59027,0.08990
11922.73303,0.08890
11918.87579,0.08872
11915.01855,0.09064
11911.16131,0.09405
11907.30407,0.09604
11903.44683,0.09462
11899.58958,0.09188
11895.73234,0.09204
11891.87510,0.09453
11888.01786,0.09561
11884.16062,0.09519
11880.30338,0.09484
11876.44614,0.09492
11872.58889,0.09565
11868.73165,0.09728
11864.87441,0.09932
11861.01717,0.10028
11857.15993,0.10022
11853.30269,0.10038
11849.44545,0.09990
11845.58820,0.09864
11841.73096,0.09813
11837.87372,0.09828
11834.01648,0.09806
11830.15924,0.09764
11826.30200,0.09711
11822.44476,0.09581
11818.58752,0.09516
11814.73027,0.09593
11810.87303,0.09656
11807.01579,0.09707
11803.15855,0.09687
11799.30131,0.09563
11795.44407,0.09602
11791.58683,0.09825
11787.72958,0.09939
11783.87234,0.09835
11780.01510,0.09712
11776.15786,0.09724
11772.30062,0.09819
11768.44338,0.09946
11764.58614,0.10030
11760.72890,0.10003
11756.87165,0.09926
11753.01441,0.09882
11749.15717,0.09916
11745.29993,0.09997
11741.44269,0.10038
11737.58545,0.10060
11733.72821,0.10068
11729.87096,0.10046
11726.01372,0.10073
11722.15648,0.10079
11718.29924,0.09999
11714.44200,0.10027
11710.58476,0.10191
11706.72752,0.10228
11702.87027,0.10079
11699.01303,0.09995
11695.15579,0.10067
11691.29855,0.10065
11687.44131,0.09911
11683.58407,0.09824
11679.72683,0.09833
11675.86959,0.09803
11672.01234,0.09830
11668.15510,0.10002
11664.29786,0.10180
11660.44062,0.10236
11656.58338,0.10157
11652.72614,0.10004
11648.86890,0.09915
11645.01165,0.09925
11641.15441,0.09905
11637.29717,0.09794
11633.43993,0.09607
11629.58269,0.09461
11625.72545,0.09548
11621.86821,0.09816
11618.01096,0.10013
11614.15372,0.10002
11610.29648,0.09908
11606.43924,0.09918
11602.58200,0.09893
11598.72476,0.09701
11594.86752,0.09605
11591.01028,0.09742
11587.15303,0.09903
11583.29579,0.09962
11579.43855,0.09947
11575.58131,0.09920
11571.72407,0.09967
11567.86683,0.10045
11564.00959,0.10033
11560.15234,0.09980
11556.29510,0.10031
11552.43786,0.10089
11548.58062,0.09959
11544.72338,0.09794
11540.86614,0.09812
11537.00890,0.09960
11533.15166,0.10093
11529.29441,0.10036
11525.43717,0.09876
11521.57993,0.10001
11517.72269,0.10371
11513.86545,0.10469
11510.00821,0.10137
11506.15097,0.09773
11502.29372,0.09756
11498.43648,0.09973
11494.57924,0.10086
11490.72200,0.10077
11486.86476,0.10113
11483.00752,0.10169
11479.15028,0.10066
11475.29303,0.09849
11471.43579,0.09797
11467.57855,0.09916
11463.72131,0.09899
11459.86407,0.09624
11456.00683,0.09403
11452.14959,0.09466
11448.29235,0.09552
11444.43510,0.09471
11440.57786,0.09395
11436.72062,0.09423
11432.86338,0.09522
11429.00614,0.09683
11425.14890,0.09759
11421.29166,0.09666
11417.43441,0.09637
11413.57717,0.09756
11409.71993,0.09775
11405.86269,0.09620
11402.00545,0.09462
11398.14821,0.09397
11394.29097,0.09473
11390.43372,0.09641
11386.57648,0.09703
11382.71924,0.09653
11378.86200,0.09610
11375.00476,0.09589
11371.14752,0.09622
11367.29028,0.09699
11363.43304,0.09770
11359.57579,0.09761
11355.71855,0.09550
11351.86131,0.09312
11348.00407,0.09349
11344.14683,0.09546
11340.28959,0.09691
11336.43235,0.09748
11332.57510,0.09683
11328.71786,0.09558
11324.86062,0.09528
11321.00338,0.09608
11317.14614,0.09587
11313.28890,0.09326
11309.43166,0.09068
11305.57442,0.09080
11301.71717,0.09275
11297.85993,0.09433
11294.00269,0.09470
11290.14545,0.09492
11286.28821,0.09688
11282.43097,0.09926
11278.57373,0.09947
11274.71648,0.09906
11270.85924,0.09896
11267.00200,0.09780
11263.14476,0.09628
11259.28752,0.09515
11255.43028,0.09465
11251.57304,0.09540
11247.71579,0.09658
11243.85855,0.09692
11240.00131,0.09644
11236.14407,0.09571
11232.28683,0.09515
11228.42959,0.09514
11224.57235,0.09546
11220.71511,0.09551
11216.85786,0.09568
11213.00062,0.09655
11209.14338,0.09759
11205.28614,0.09810
11201.42890,0.09814
11197.57166,0.09758
11193.71442,0.09661
11189.85717,0.09629
11185.99993,0.09635
11182.14269,0.09592
11178.28545,0.09587
11174.42821,0.09656
11170.57097,0.09727
11166.71373,0.09781
11162.85648,0.09755
11158.99924,0.09637
11155.14200,0.09612
11151.28476,0.09691
11147.42752,0.09688
11143.57028,0.09619
11139.71304,0.09600
11135.85580,0.09629
11131.99855,0.09638
11128.14131,0.09593
11124.28407,0.09526
11120.42683,0.09461
11116.56959,0.09431
11112.71235,0.09511
11108.85511,0.09661
11104.99786,0.09772
11101.14062,0.09822
11097.28338,0.09800
11093.42614,0.09700
11089.56890,0.09626
11085.71166,0.09613
11081.85442,0.09583
11077.99718,0.09595
11074.13993,0.09701
11070.28269,0.09785
11066.42545,0.09781
11062.56821,0.09709
11058.71097,0.09600
11054.85373,0.09522
11050.99649,0.09527
11047.13924,0.09576
11043.28200,0.09635
11039.42476,0.09754
11035.56752,0.09856
11031.71028,0.09792
11027.85304,0.09648
11023.99580,0.09598
11020.13855,0.09670
11016.28131,0.09805
11012.42407,0.09888
11008.56683,0.09884
11004.70959,0.09843
11000.85235,0.09758
10996.99511,0.09640
10993.13787,0.09555
10989.28062,0.09530
10985.42338,0.09564
10981.56614,0.09602
10977.70890,0.09615
10973.85166,0.09616
10969.99442,0.09598
10966.13718,0.09571
10962.27993,0.09562
10958.42269,0.09594
10954.56545,0.09623
10950.70821,0.09584
10946.85097,0.09509
10942.99373,0.09412
10939.13649,0.09343
10935.27924,0.09407
10931.42200,0.09561
10927.56476,0.09721
10923.70752,0.09804
10919.85028,0.09717
10915.99304,0.09582
10912.13580,0.09566
10908.27856,0.09616
10904.42131,0.09657
10900.56407,0.09662
10896.70683,0.09586
10892.84959,0.09469
10888.99235,0.09407
10885.13511,0.09443
10881.27787,0.09562
10877.42062,0.09670
10873.56338,0.09681
10869.70614,0.09609
10865.84890,0.09544
10861.99166,0.09556
10858.13442,0.09538
10854.27718,0.09421
10850.41993,0.09370
10846.56269,0.09422
10842.70545,0.09414
10838.84821,0.09351
10834.99097,0.09353
10831.13373,0.09417
10827.27649,0.09492
10823.41925,0.09527
10819.56200,0.09457
10815.70476,0.09343
10811.84752,0.09286
10807.99028,0.09267
10804.13304,0.09235
10800.27580,0.09222
10796.41856,0.09276
10792.56131,0.09354
10788.70407,0.09404
10784.84683,0.09444
10780.98959,0.09467
10777.13235,0.09458
10773.27511,0.09447
10769.41787,0.09436
10765.56063,0.09415
10761.70338,0.09425
10757.84614,0.09478
10753.98890,0.09513
10750.13166,0.09486
10746.27442,0.09428
10742.41718,0.09410
10738.55994,0.09429
10734.70269,0.09442
10730.84545,0.09453
10726.98821,0.09426
10723.13097,0.09360
10719.27373,0.09317
10715.41649,0.09309
10711.55925,0.09366
10707.70200,0.09480
10703.84476,0.09526
10699.98752,0.09482
10696.13028,0.09464
10692.27304,0.09490
10688.41580,0.09480
10684.55856,0.09447
10680.70132,0.09463
10676.84407,0.09477
10672.98683,0.09397
10669.12959,0.09324
10665.27235,0.09365
10661.41511,0.09434
10657.55787,0.09466
10653.70063,0.09461
10649.84338,0.09403
10645.98614,0.09326
10642.12890,0.09299
10638.27166,0.09341
10634.41442,0.09403
10630.55718,0.09404
10626.69994,0.09357
10622.84269,0.09330
10618.98545,0.09324
10615.12821,0.09333
10611.27097,0.09395
10607.41373,0.09468
10603.55649,0.09454
10599.69925,0.09358
10595.84201,0.09255
10591.98476,0.09204
10588.12752,0.09222
10584.27028,0.09263
10580.41304,0.09284
10576.55580,0.09324
10572.69856,0.09397
10568.84132,0.09396
10564.98407,0.09280
10561.12683,0.09131
10557.26959,0.09048
10553.41235,0.09073
10549.55511,0.09111
10545.69787,0.09080
10541.84063,0.09018
10537.98339,0.08977
10534.12614,0.08997
10530.26890,0.09071
10526.41166,0.09143
10522.55442,0.09152
10518.69718,0.09090
10514.83994,0.09057
10510.98270,0.09103
10507.12545,0.09142
10503.26821,0.09151
10499.41097,0.09176
10495.55373,0.09214
10491.69649,0.09228
10487.83925,0.09158
10483.98201,0.09018
10480.12476,0.08901
10476.26752,0.08858
10472.41028,0.08890
10468.55304,0.08964
10464.69580,0.09009
10460.83856,0.08992
10456.98132,0.08985
10453.12408,0.09045
10449.26683,0.09095
10445.40959,0.09072
10441.55235,0.09023
10437.69511,0.08994
10433.83787,0.08996
10429.98063,0.08991
10426.12339,0.08958
10422.26614,0.08955
10418.40890,0.09008
10414.55166,0.09054
10410.69442,0.09039
10406.83718,0.08984
10402.97994,0.08949
10399.12270,0.08979
10395.26545,0.09047
10391.40821,0.09058
10387.55097,0.08987
10383.69373,0.08909
10379.83649,0.08883
10375.97925,0.08937
10372.12201,0.09051
10368.26477,0.09119
10364.40752,0.09097
10360.55028,0.09074
10356.69304,0.09113
10352.83580,0.09170
10348.97856,0.09202
10345.12132,0.09225
10341.26408,0.09221
10337.40683,0.09161
10333.54959,0.09104
10329.69235,0.09122
10325.83511,0.09168
10321.97787,0.09171
10318.12063,0.09156
10314.26339,0.09197
10310.40615,0.09280
10306.54890,0.09303
10302.69166,0.09227
10298.83442,0.09125
10294.97718,0.09082
10291.11994,0.09117
10287.26270,0.09179
10283.40546,0.09221
10279.54821,0.09230
10275.69097,0.09220
10271.83373,0.09216
10267.97649,0.09217
10264.11925,0.09217
10260.26201,0.09221
10256.40477,0.09227
10252.54752,0.09225
10248.69028,0.09192
10244.83304,0.09140
10240.97580,0.09111
10237.11856,0.09117
10233.26132,0.09173
10229.40408,0.09251
10225.54684,0.09281
10221.68959,0.09265
10217.83235,0.09267
10213.97511,0.09313
10210.11787,0.09373
10206.26063,0.09401
10202.40339,0.09370
10198.54615,0.09327
10194.68890,0.09342
10190.83166,0.09378
10186.97442,0.09366
10183.11718,0.09328
10179.25994,0.09301
10175.40270,0.09304
10171.54546,0.09347
10167.68821,0.09392
10163.83097,0.09393
10159.97373,0.09381
10156.11649,0.09394
10152.25925,0.09413
10148.40201,0.09407
10144.54477,0.09394
10140.68753,0.09385
10136.83028,0.09374
10132.97304,0.09372
10129.11580,0.09385
10125.25856,0.09406
10121.40132,0.09426
10117.54408,0.09410
10113.68684,0.09370
10109.82959,0.09386
10105.97235,0.09444
10102.11511,0.09465
10098.25787,0.09451
10094.40063,0.09432
10090.54339,0.09396
10086.68615,0.09354
10082.82891,0.09349
10078.97166,0.09397
10075.11442,0.09466
10071.25718,0.09491
10067.39994,0.09453
10063.54270,0.09427
10059.68546,0.09457
10055.82822,0.09480
10051.97097,0.09458
10048.11373,0.09426
10044.25649,0.09419
10040.39925,0.09441
10036.54201,0.09458
10032.68477,0.09444
10028.82753,0.09425
10024.97028,0.09436
10021.11304,0.09465
10017.25580,0.09481
10013.39856,0.09488
10009.54132,0.09487
10005.68408,0.09466
10001.82684,0.09429
9997.96960,0.09410
9994.11235,0.09447
9990.25511,0.09494
9986.39787,0.09478
9982.54063,0.09433
9978.68339,0.09433
9974.82615,0.09482
9970.96891,0.09522
9967.11166,0.09516
9963.25442,0.09495
9959.39718,0.09504
9955.53994,0.09530
9951.68270,0.09541
9947.82546,0.09545
9943.96822,0.09549
9940.11097,0.09536
9936.25373,0.09526
9932.39649,0.09537
9928.53925,0.09547
9924.68201,0.09530
9920.82477,0.09510
9916.96753,0.09512
9913.11029,0.09534
9909.25304,0.09545
9905.39580,0.09514
9901.53856,0.09482
9897.68132,0.09507
9893.82408,0.09557
9889.96684,0.09564
9886.10960,0.09538
9882.25235,0.09534
9878.39511,0.09566
9874.53787,0.09592
9870.68063,0.09572
9866.82339,0.09529
9862.96615,0.09523
9859.10891,0.09548
9855.25167,0.09561
9851.39442,0.09558
9847.53718,0.09546
9843.67994,0.09533
9839.82270,0.09546
9835.96546,0.09563
9832.10822,0.09542
9828.25098,0.09523
9824.39373,0.09531
9820.53649,0.09511
9816.67925,0.09466
9812.82201,0.09470
9808.96477,0.09519
9805.10753,0.09548
9801.25029,0.09546
9797.39304,0.09534
9793.53580,0.09526
9789.67856,0.09528
9785.82132,0.09534
9781.96408,0.09552
9778.10684,0.09582
9774.24960,0.09583
9770.39236,0.09546
9766.53511,0.09523
9762.67787,0.09533
9758.82063,0.09534
9754.96339,0.09499
9751.10615,0.09460
9747.24891,0.09452
9743.39167,0.09477
9739.53442,0.09491
9735.67718,0.09460
9731.81994,0.09434
9727.96270,0.09459
9724.10546,0.09482
9720.24822,0.09452
9716.39098,0.09409
9712.53373,0.09402
9708.67649,0.09408
9704.81925,0.09425
9700.96201,0.09463
9697.10477,0.09485
9693.24753,0.09461
9689.39029,0.09439
9685.53305,0.09444
9681.67580,0.09450
9677.81856,0.09442
9673.96132,0.09435
9670.10408,0.09434
9666.24684,0.09438
9662.38960,0.09430
9658.53236,0.09401
9654.67511,0.09370
9650.81787,0.09352
9646.96063,0.09350
9643.10339,0.09350
9639.24615,0.09332
9635.38891,0.09310
9631.53167,0.09296
9627.67443,0.09281
9623.81718,0.09273
9619.95994,0.09277
9616.10270,0.09272
9612.24546,0.09251
9608.38822,0.09240
9604.53098,0.09247
9600.67374,0.09255
9596.81649,0.09255
9592.95925,0.09255
9589.10201,0.09277
9585.24477,0.09289
9581.38753,0.09251
9577.53029,0.09214
9573.67305,0.09226
9569.81580,0.09252
9565.95856,0.09259
9562.10132,0.09240
9558.24408,0.09208
9554.38684,0.09203
9550.52960,0.09224
9546.67236,0.09232
9542.81512,0.09230
9538.95787,0.09239
9535.10063,0.09257
9531.24339,0.09262
9527.38615,0.09245
9523.52891,0.09233
9519.67167,0.09230
9515.81443,0.09209
9511.95718,0.09185
9508.09994,0.09187
9504.24270,0.09211
9500.38546,0.09227
9496.52822,0.09215
9492.67098,0.09206
9488.81374,0.09225
9484.95649,0.09227
9481.09925,0.09193
9477.24201,0.09159
9473.38477,0.09143
9469.52753,0.09151
9465.67029,0.09187
9461.81305,0.09221
9457.95581,0.09211
9454.09856,0.09164
9450.24132,0.09122
9446.38408,0.09131
9442.52684,0.09177
9438.66960,0.09213
9434.81236,0.09232
9430.95512,0.09239
9427.09787,0.09207
9423.24063,0.09147
9419.38339,0.09112
9415.52615,0.09110
9411.66891,0.09123
9407.81167,0.09147
9403.95443,0.09161
9400.09719,0.09152
9396.23994,0.09126
9392.38270,0.09106
9388.52546,0.09111
9384.66822,0.09142
9380.81098,0.09175
9376.95374,0.09169
9373.09650,0.09123
9369.23925,0.09095
9365.38201,0.09108
9361.52477,0.09119
9357.66753,0.09108
9353.81029,0.09098
9349.95305,0.09099
9346.09581,0.09095
9342.23856,0.09088
9338.38132,0.09083
9334.52408,0.09078
9330.66684,0.09062
9326.80960,0.09047
9322.95236,0.09064
9319.09512,0.09097
9315.23788,0.09103
9311.38063,0.09076
9307.52339,0.09053
9303.66615,0.09061
9299.80891,0.09080
9295.95167,0.09087
9292.09443,0.09087
9288.23719,0.09079
9284.37994,0.09055
9280.52270,0.09030
9276.66546,0.09016
9272.80822,0.09017
9268.95098,0.09033
9265.09374,0.09044
9261.23650,0.09037
9257.37925,0.09034
9253.52201,0.09045
9249.66477,0.09049
9245.80753,0.09030
9241.95029,0.09016
9238.09305,0.09028
9234.23581,0.09051
9230.37857,0.09058
9226.52132,0.09046
9222.66408,0.09043
9218.80684,0.09072
9214.94960,0.09107
9211.09236,0.09113
9207.23512,0.09083
9203.37788,0.09031
9199.52063,0.08997
9195.66339,0.09019
9191.80615,0.09072
9187.94891,0.09095
9184.09167,0.09081
9180.23443,0.09059
9176.37719,0.09046
9172.51995,0.09043
9168.66270,0.09053
9164.80546,0.09067
9160.94822,0.09064
9157.09098,0.09025
9153.23374,0.08987
9149.37650,0.09005
9145.51926,0.09044
9141.66201,0.09048
9137.80477,0.09037
9133.94753,0.09051
9130.09029,0.09081
9126.23305,0.09096
9122.37581,0.09103
9118.51857,0.09113
9114.66132,0.09112
9110.80408,0.09093
9106.94684,0.09081
9103.08960,0.09086
9099.23236,0.09097
9095.37512,0.09102
9091.51788,0.09112
9087.66064,0.09152
9083.80339,0.09197
9079.94615,0.09204
9076.08891,0.09173
9072.23167,0.09140
9068.37443,0.09137
9064.51719,0.09159
9060.65995,0.09186
9056.80270,0.09222
9052.94546,0.09263
9049.08822,0.09297
9045.23098,0.09313
9041.37374,0.09306
9037.51650,0.09297
9033.65926,0.09322
9029.80201,0.09363
9025.94477,0.09372
9022.08753,0.09359
9018.23029,0.09378
9014.37305,0.09430
9010.51581,0.09476
9006.65857,0.09510
9002.80133,0.09540
8998.94408,0.09561
8995.08684,0.09586
8991.22960,0.09643
8987.37236,0.09722
8983.51512,0.09784
8979.65788,0.09826
8975.80064,0.09869
8971.94339,0.09921
8968.08615,0.09975
8964.22891,0.10027
8960.37167,0.10086
8956.51443,0.10164
8952.65719,0.10266
8948.79995,0.10378
8944.94271,0.10479
8941.08546,0.10561
8937.22822,0.10638
8933.37098,0.10721
8929.51374,0.10807
8925.65650,0.10893
8921.79926,0.10988
8917.94202,0.11090
8914.08477,0.11193
8910.22753,0.11314
8906.37029,0.11455
8902.51305,0.11602
8898.65581,0.11767
8894.79857,0.11944
8890.94133,0.12094
8887.08408,0.12205
8883.22684,0.12306
8879.36960,0.12422
8875.51236,0.12534
8871.65512,0.12616
8867.79788,0.12682
8863.94064,0.12748
8860.08340,0.12806
8856.22615,0.12836
8852.36891,0.12826
8848.51167,0.12784
8844.65443,0.12721
8840.79719,0.12644
8836.93995,0.12580
8833.08271,0.12536
8829.22546,0.12482
8825.36822,0.12397
8821.51098,0.12292
8817.65374,0.12184
8813.79650,0.12064
8809.93926,0.11921
8806.08202,0.11776
8802.22477,0.11651
8798.36753,0.11542
8794.51029,0.11419
8790.65305,0.11289
8786.79581,0.11188
8782.93857,0.11095
8779.08133,0.10994
8775.22409,0.10912
8771.36684,0.10849
8767.50960,0.10776
8763.65236,0.10697
8759.79512,0.10639
8755.93788,0.10595
8752.08064,0.10556
8748.22340,0.10537
8744.36615,0.10534
8740.50891,0.10526
8736.65167,0.10516
8732.79443,0.10507
8728.93719,0.10504
8725.07995,0.10528
8721.22271,0.10572
8717.36547,0.10594
8713.50822,0.10591
8709.65098,0.10595
8705.79374,0.10617
8701.93650,0.10651
8698.07926,0.10684
8694.22202,0.10710
8690.36478,0.10739
8686.50753,0.10764
8682.65029,0.10778
8678.79305,0.10802
8674.93581,0.10829
8671.07857,0.10841
8667.22133,0.10868
8663.36409,0.10928
8659.50684,0.10977
8655.64960,0.10987
8651.79236,0.10998
8647.93512,0.11046
8644.07788,0.11108
8640.22064,0.11146
8636.36340,0.11160
8632.50616,0.11181
8628.64891,0.11222
8624.79167,0.11266
8620.93443,0.11301
8617.07719,0.11330
8613.21995,0.11372
8609.36271,0.11419
8605.50547,0.11457
8601.64822,0.11495
8597.79098,0.11534
8593.93374,0.11561
8590.07650,0.11578
8586.21926,0.11604
8582.36202,0.11637
8578.50478,0.11673
8574.64753,0.11701
8570.79029,0.11711
8566.93305,0.11730
8563.07581,0.11779
8559.21857,0.11828
8555.36133,0.11863
8551.50409,0.11892
8547.64685,0.11916
8543.78960,0.11951
8539.93236,0.12008
8536.07512,0.12054
8532.21788,0.12065
8528.36064,0.12059
8524.50340,0.12072
8520.64616,0.12116
8516.78891,0.12170
8512.93167,0.12200
8509.07443,0.12210
8505.21719,0.12219
8501.35995,0.12217
8497.50271,0.12205
8493.64547,0.12202
8489.78822,0.12212
8485.93098,0.12228
8482.07374,0.12237
8478.21650,0.12227
8474.35926,0.12212
8470.50202,0.12215
8466.64478,0.12225
8462.78754,0.12222
8458.93029,0.12207
8455.07305,0.12189
8451.21581,0.12163
8447.35857,0.12132
8443.50133,0.12112
8439.64409,0.12109
8435.78685,0.12098
8431.92960,0.12072
8428.07236,0.12058
8424.21512,0.12062
8420.35788,0.12063
8416.50064,0.12056
8412.64340,0.12048
8408.78616,0.12034
8404.92892,0.12009
8401.07167,0.11990
8397.21443,0.11984
8393.35719,0.11964
8389.49995,0.11923
8385.64271,0.11886
8381.78547,0.11865
8377.92823,0.11858
8374.07098,0.11855
8370.21374,0.11843
8366.35650,0.11826
8362.49926,0.11821
8358.64202,0.11829
8354.78478,0.11838
8350.92754,0.11825
8347.07029,0.11802
8343.21305,0.11786
8339.35581,0.11765
8335.49857,0.11738
8331.64133,0.11728
8327.78409,0.11726
8323.92685,0.11718
8320.06961,0.11704
8316.21236,0.11696
8312.35512,0.11699
8308.49788,0.11706
8304.64064,0.11706
8300.78340,0.11704
8296.92616,0.11703
8293.06892,0.11702
8289.21167,0.11701
8285.35443,0.11702
8281.49719,0.11701
8277.63995,0.11699
8273.78271,0.11703
8269.92547,0.11707
8266.06823,0.11700
8262.21098,0.11690
8258.35374,0.11687
8254.49650,0.11691
8250.63926,0.11698
8246.78202,0.11712
8242.92478,0.11727
8239.06754,0.11729
8235.21030,0.11725
8231.35305,0.11734
8227.49581,0.11750
8223.63857,0.11744
8219.78133,0.11718
8215.92409,0.11697
8212.06685,0.11686
8208.20961,0.11685
8204.35236,0.11693
8200.49512,0.11690
8196.63788,0.11666
8192.78064,0.11638
8188.92340,0.11614
8185.06616,0.11595
8181.20892,0.11586
8177.35168,0.11583
8173.49443,0.11574
8169.63719,0.11556
8165.77995,0.11544
8161.92271,0.11538
8158.06547,0.11522
8154.20823,0.11489
8150.35099,0.11459
8146.49374,0.11450
8142.63650,0.11445
8138.77926,0.11433
8134.92202,0.11420
8131.06478,0.11406
8127.20754,0.11394
8123.35030,0.11378
8119.49305,0.11356
8115.63581,0.11333
8111.77857,0.11323
8107.92133,0.11320
8104.06409,0.11313
8100.20685,0.11288
8096.34961,0.11252
8092.49237,0.11223
8088.63512,0.11200
8084.77788,0.11173
8080.92064,0.11149
8077.06340,0.11134
8073.20616,0.11118
8069.34892,0.11096
8065.49168,0.11078
8061.63443,0.11068
8057.77719,0.11057
8053.91995,0.11045
8050.06271,0.11039
8046.20547,0.11028
8042.34823,0.11005
8038.49099,0.10979
8034.63374,0.10958
8030.77650,0.10939
8026.91926,0.10924
8023.06202,0.10916
8019.20478,0.10913
8015.34754,0.10908
8011.49030,0.10901
8007.63306,0.10894
8003.77581,0.10887
7999.91857,0.10883
7996.06133,0.10872
7992.20409,0.10853
7988.34685,0.10840
7984.48961,0.10832
7980.63237,0.10821
7976.77512,0.10809
7972.91788,0.10806
7969.06064,0.10815
7965.20340,0.10827
7961.34616,0.10826
7957.48892,0.10808
7953.63168,0.10794
7949.77444,0.10795
7945.91719,0.10803
7942.05995,0.10804
7938.20271,0.10793
7934.34547,0.10782
7930.48823,0.10781
7926.63099,0.10782
7922.77375,0.10778
7918.91650,0.10770
7915.05926,0.10767
7911.20202,0.10771
7907.34478,0.10776
7903.48754,0.10788
7899.63030,0.10804
7895.77306,0.10807
7891.91581,0.10791
7888.05857,0.10780
7884.20133,0.10794
7880.34409,0.10813
7876.48685,0.10810
7872.62961,0.10805
7868.77237,0.10808
7864.91513,0.10801
7861.05788,0.10786
7857.20064,0.10784
7853.34340,0.10789
7849.48616,0.10779
7845.62892,0.10759
7841.77168,0.10753
7837.91444,0.10748
7834.05719,0.10730
7830.19995,0.10713
7826.34271,0.10710
7822.48547,0.10700
7818.62823,0.10679
7814.77099,0.10670
7810.91375,0.10679
7807.05650,0.10687
7803.19926,0.10684
7799.34202,0.10673
7795.48478,0.10648
7791.62754,0.10621
7787.77030,0.10616
7783.91306,0.10610
7780.05582,0.10585
7776.19857,0.10572
7772.34133,0.10585
7768.48409,0.10592
7764.62685,0.10580
7760.76961,0.10559
7756.91237,0.10536
7753.05513,0.10514
7749.19788,0.10499
7745.34064,0.10492
7741.48340,0.10479
7737.62616,0.10453
7733.76892,0.10441
7729.91168,0.10450
7726.05444,0.10443
7722.19720,0.10403
7718.33995,0.10358
7714.48271,0.10340
7710.62547,0.10355
7706.76823,0.10369
7702.91099,0.10354
7699.05375,0.10325
7695.19651,0.10303
7691.33926,0.10294
7687.48202,0.10300
7683.62478,0.10323
7679.76754,0.10346
7675.91030,0.10351
7672.05306,0.10347
7668.19582,0.10348
7664.33857,0.10347
7660.48133,0.10337
7656.62409,0.10336
7652.76685,0.10352
7648.90961,0.10369
7645.05237,0.10381
7641.19513,0.10387
7637.33789,0.10394
7633.48064,0.10410
7629.62340,0.10414
7625.76616,0.10405
7621.90892,0.10409
7618.05168,0.10435
7614.19444,0.10463
7610.33720,0.10484
7606.47995,0.10506
7602.62271,0.10519
7598.76547,0.10516
7594.90823,0.10512
7591.05099,0.10506
7587.19375,0.10497
7583.33651,0.10502
7579.47926,0.10525
7575.62202,0.10553
7571.76478,0.10576
7567.90754,0.10596
7564.05030,0.10605
7560.19306,0.10615
7556.33582,0.10651
7552.47858,0.10707
7548.62133,0.10756
7544.76409,0.10800
7540.90685,0.10843
7537.04961,0.10880
7533.19237,0.10912
7529.33513,0.10932
7525.47789,0.10947
7521.62064,0.10969
7517.76340,0.10993
7513.90616,0.11013
7510.04892,0.11028
7506.19168,0.11043
7502.33444,0.11061
7498.47720,0.11087
7494.61996,0.11124
7490.76271,0.11166
7486.90547,0.11204
7483.04823,0.11244
7479.19099,0.11294
7475.33375,0.11351
7471.47651,0.11412
7467.61927,0.11470
7463.76202,0.11534
7459.90478,0.11607
7456.04754,0.11680
7452.19030,0.11755
7448.33306,0.11834
7444.47582,0.11918
7440.61858,0.12011
7436.76133,0.12116
7432.90409,0.12222
7429.04685,0.12328
7425.18961,0.12432
7421.33237,0.12533
7417.47513,0.12635
7413.61789,0.12731
7409.76065,0.12818
7405.90340,0.12909
7402.04616,0.13003
7398.18892,0.13100
7394.33168,0.13210
7390.47444,0.13329
7386.61720,0.13446
7382.75996,0.13563
7378.90271,0.13681
7375.04547,0.13791
7371.18823,0.13899
7367.33099,0.14016
7363.47375,0.14132
7359.61651,0.14235
7355.75927,0.14330
7351.90202,0.14423
7348.04478,0.14510
7344.18754,0.14596
7340.33030,0.14675
7336.47306,0.14737
7332.61582,0.14794
7328.75858,0.14854
7324.90134,0.14908
7321.04409,0.14950
7317.18685,0.14983
7313.32961,0.15012
7309.47237,0.15036
7305.61513,0.15061
7301.75789,0.15096
7297.90065,0.15130
7294.04340,0.15151
7290.18616,0.15165
7286.32892,0.15184
7282.47168,0.15219
7278.61444,0.15267
7274.75720,0.15315
7270.89996,0.15356
7267.04272,0.15388
7263.18547,0.15420
7259.32823,0.15461
7255.47099,0.15512
7251.61375,0.15559
7247.75651,0.15601
7243.89927,0.15643
7240.04203,0.15675
7236.18478,0.15691
7232.32754,0.15710
7228.47030,0.15736
7224.61306,0.15765
7220.75582,0.15799
7216.89858,0.15835
7213.04134,0.15875
7209.18409,0.15923
7205.32685,0.15965
7201.46961,0.15985
7197.61237,0.15995
7193.75513,0.16012
7189.89789,0.16040
7186.04065,0.16081
7182.18341,0.16134
7178.32616,0.16195
7174.46892,0.16266
7170.61168,0.16354
7166.75444,0.16451
7162.89720,0.16549
7159.03996,0.16651
7155.18272,0.16758
7151.32547,0.16875
7147.46823,0.17002
7143.61099,0.17136
7139.75375,0.17283
7135.89651,0.17442
7132.03927,0.17596
7128.18203,0.17736
7124.32478,0.17868
7120.46754,0.18007
7116.61030,0.18154
7112.75306,0.18287
7108.89582,0.18415
7105.03858,0.18559
7101.18134,0.18701
7097.32410,0.18837
7093.46685,0.18984
7089.60961,0.19140
7085.75237,0.19304
7081.89513,0.19475
7078.03789,0.19638
7074.18065,0.19791
7070.32341,0.19944
7066.46616,0.20105
7062.60892,0.20269
7058.75168,0.20431
7054.89444,0.20588
7051.03720,0.20739
7047.17996,0.20883
7043.32272,0.21020
7039.46548,0.21156
7035.60823,0.21299
7031.75099,0.21438
7027.89375,0.21559
7024.03651,0.21666
7020.17927,0.21766
7016.32203,0.21856
7012.46479,0.21937
7008.60754,0.22016
7004.75030,0.22097
7000.89306,0.22183
6997.03582,0.22267
6993.17858,0.22344
6989.32134,0.22418
6985.46410,0.22487
6981.60685,0.22552
6977.74961,0.22622
6973.89237,0.22690
6970.03513,0.22744
6966.17789,0.22793
6962.32065,0.22849
6958.46341,0.22910
6954.60617,0.22957
6950.74892,0.22993
6946.89168,0.23028
6943.03444,0.23067
6939.17720,0.23110
6935.31996,0.23155
6931.46272,0.23201
6927.60548,0.23246
6923.74823,0.23286
6919.89099,0.23324
6916.03375,0.23367
6912.17651,0.23405
6908.31927,0.23435
6904.46203,0.23469
6900.60479,0.23510
6896.74754,0.23552
6892.89030,0.23600
6889.03306,0.23647
6885.17582,0.23687
6881.31858,0.23723
6877.46134,0.23765
6873.60410,0.23827
6869.74686,0.23900
6865.88961,0.23970
6862.03237,0.24037
6858.17513,0.24106
6854.31789,0.24174
6850.46065,0.24242
6846.60341,0.24312
6842.74617,0.24380
6838.88892,0.24445
6835.03168,0.24508
6831.17444,0.24574
6827.31720,0.24646
6823.45996,0.24723
6819.60272,0.24798
6815.74548,0.24865
6811.88824,0.24933
6808.03099,0.25010
6804.17375,0.25093
6800.31651,0.25179
6796.45927,0.25266
6792.60203,0.25347
6788.74479,0.25424
6784.88755,0.25505
6781.03030,0.25583
6777.17306,0.25656
6773.31582,0.25727
6769.45858,0.25796
6765.60134,0.25863
6761.74410,0.25928
6757.88686,0.25985
6754.02961,0.26027
6750.17237,0.26050
6746.31513,0.26058
6742.45789,0.26068
6738.60065,0.26087
6734.74341,0.26104
6730.88617,0.26120
6727.02893,0.26135
6723.17168,0.26142
6719.31444,0.26145
6715.45720,0.26151
6711.59996,0.26160
6707.74272,0.26166
6703.88548,0.26166
6700.02824,0.26162
6696.17099,0.26154
6692.31375,0.26143
6688.45651,0.26133
6684.59927,0.26121
6680.74203,0.26106
6676.88479,0.26082
6673.02755,0.26054
6669.17030,0.26025
6665.31306,0.25990
6661.45582,0.25953
6657.59858,0.25919
6653.74134,0.25882
6649.88410,0.25840
6646.02686,0.25799
6642.16962,0.25758
6638.31237,0.25712
6634.45513,0.25659
6630.59789,0.25603
6626.74065,0.25550
6622.88341,0.25501
6619.02617,0.25452
6615.16893,0.25398
6611.31168,0.25338
6607.45444,0.25279
6603.59720,0.25228
6599.73996,0.25186
6595.88272,0.25150
6592.02548,0.25116
6588.16824,0.25081
6584.31100,0.25048
6580.45375,0.25021
6576.59651,0.25005
6572.73927,0.24997
6568.88203,0.24987
6565.02479,0.24980
6561.16755,0.24983
6557.31031,0.24992
6553.45306,0.25001
6549.59582,0.25006
6545.73858,0.25014
6541.88134,0.25034
6538.02410,0.25054
6534.16686,0.25068
6530.30962,0.25077
6526.45237,0.25088
6522.59513,0.25104
6518.73789,0.25127
6514.88065,0.25150
6511.02341,0.25165
6507.16617,0.25171
6503.30893,0.25170
6499.45169,0.25169
6495.59444,0.25173
6491.73720,0.25173
6487.87996,0.25161
6484.02272,0.25149
6480.16548,0.25144
6476.30824,0.25136
6472.45100,0.25116
6468.59375,0.25088
6464.73651,0.25062
6460.87927,0.25043
6457.02203,0.25025
6453.16479,0.24998
6449.30755,0.24964
6445.45031,0.24934
6441.59306,0.24902
6437.73582,0.24862
6433.87858,0.24821
6430.02134,0.24786
6426.16410,0.24748
6422.30686,0.24702
6418.44962,0.24658
6414.59238,0.24623
6410.73513,0.24593
6406.87789,0.24565
6403.02065,0.24539
6399.16341,0.24518
6395.30617,0.24498
6391.44893,0.24478
6387.59169,0.24463
6383.73444,0.24445
6379.87720,0.24422
6376.01996,0.24405
6372.16272,0.24391
6368.30548,0.24369
6364.44824,0.24340
6360.59100,0.24315
6356.73376,0.24298
6352.87651,0.24280
6349.01927,0.24260
6345.16203,0.24246
6341.30479,0.24245
6337.44755,0.24250
6333.59031,0.24251
6329.73307,0.24248
6325.87582,0.24250
6322.01858,0.24257
6318.16134,0.24256
6314.30410,0.24244
6310.44686,0.24223
6306.58962,0.24200
6302.73238,0.24176
6298.87513,0.24145
6295.01789,0.24110
6291.16065,0.24071
6287.30341,0.24026
6283.44617,0.23973
6279.58893,0.23917
6275.73169,0.23855
6271.87445,0.23778
6268.01720,0.23696
6264.15996,0.23617
6260.30272,0.23539
6256.44548,0.23454
6252.58824,0.23370
6248.73100,0.23292
6244.87376,0.23211
6241.01651,0.23114
6237.15927,0.23005
6233.30203,0.22894
6229.44479,0.22795
6225.58755,0.22713
6221.73031,0.22644
6217.87307,0.22589
6214.01582,0.22560
6210.15858,0.22569
6206.30134,0.22611
6202.44410,0.22662
6198.58686,0.22696
6194.72962,0.22680
6190.87238,0.22598
6187.01514,0.22467
6183.15789,0.22319
6179.30065,0.22176
6175.44341,0.22057
6171.58617,0.21973
6167.72893,0.21924
6163.87169,0.21901
6160.01445,0.21903
6156.15720,0.21943
6152.29996,0.22010
6148.44272,0.22070
6144.58548,0.22102
6140.72824,0.22108
6136.87100,0.22092
6133.01376,0.22064
6129.15652,0.22053
6125.29927,0.22091
6121.44203,0.22198
6117.58479,0.22382
6113.72755,0.22645
6109.87031,0.22988
6106.01307,0.23400
6102.15583,0.23865
6098.29858,0.24371
6094.44134,0.24900
6090.58410,0.25420
6086.72686,0.25913
6082.86962,0.26377
6079.01238,0.26825
6075.15514,0.27297
6071.29789,0.27856
6067.44065,0.28517
6063.58341,0.29231
6059.72617,0.29926
6055.86893,0.30552
6052.01169,0.31100
6048.15445,0.31593
6044.29721,0.32067
6040.43996,0.32566
6036.58272,0.33126
6032.72548,0.33731
6028.86824,0.34312
6025.01100,0.34777
6021.15376,0.35035
6017.29652,0.35024
6013.43927,0.34724
6009.58203,0.34159
6005.72479,0.33402
6001.86755,0.32552
5998.01031,0.31711
5994.15307,0.30967
5990.29583,0.30375
5986.43858,0.29947
5982.58134,0.29652
5978.72410,0.29420
5974.86686,0.29151
5971.00962,0.28789
5967.15238,0.28364
5963.29514,0.27965
5959.43790,0.27669
5955.58065,0.27496
5951.72341,0.27416
5947.86617,0.27372
5944.00893,0.27299
5940.15169,0.27143
5936.29445,0.26866
5932.43721,0.26474
5928.57996,0.26018
5924.72272,0.25554
5920.86548,0.25120
5917.00824,0.24738
5913.15100,0.24421
5909.29376,0.24184
5905.43652,0.24048
5901.57927,0.24032
5897.72203,0.24130
5893.86479,0.24318
5890.00755,0.24570
5886.15031,0.24851
5882.29307,0.25135
5878.43583,0.25394
5874.57859,0.25615
5870.72134,0.25800
5866.86410,0.25946
5863.00686,0.26033
5859.14962,0.26046
5855.29238,0.25996
5851.43514,0.25911
5847.57790,0.25824
5843.72065,0.25756
5839.86341,0.25707
5836.00617,0.25681
5832.14893,0.25679
5828.29169,0.25695
5824.43445,0.25722
5820.57721,0.25754
5816.71997,0.25785
5812.86272,0.25805
5809.00548,0.25806
5805.14824,0.25793
5801.29100,0.25768
5797.43376,0.25735
5793.57652,0.25702
5789.71928,0.25670
5785.86203,0.25632
5782.00479,0.25589
5778.14755,0.25540
5774.29031,0.25485
5770.43307,0.25415
5766.57583,0.25318
5762.71859,0.25192
5758.86134,0.25045
5755.00410,0.24885
5751.14686,0.24706
5747.28962,0.24505
5743.43238,0.24295
5739.57514,0.24097
5735.71790,0.23917
5731.86066,0.23768
5728.00341,0.23662
5724.14617,0.23604
5720.28893,0.23590
5716.43169,0.23602
5712.57445,0.23621
5708.71721,0.23637
5704.85997,0.23646
5701.00272,0.23634
5697.14548,0.23597
5693.28824,0.23547
5689.43100,0.23498
5685.57376,0.23457
5681.71652,0.23427
5677.85928,0.23415
5674.00203,0.23428
5670.14479,0.23458
5666.28755,0.23502
5662.43031,0.23556
5658.57307,0.23609
5654.71583,0.23641
5650.85859,0.23630
5647.00135,0.23574
5643.14410,0.23487
5639.28686,0.23388
5635.42962,0.23289
5631.57238,0.23195
5627.71514,0.23104
5623.85790,0.23025
5620.00066,0.22970
5616.14341,0.22941
5612.28617,0.22930
5608.42893,0.22934
5604.57169,0.22949
5600.71445,0.22978
5596.85721,0.23022
5592.99997,0.23072
5589.14273,0.23127
5585.28548,0.23194
5581.42824,0.23269
5577.57100,0.23343
5573.71376,0.23405
5569.85652,0.23451
5565.99928,0.23479
5562.14204,0.23490
5558.28479,0.23491
5554.42755,0.23486
5550.57031,0.23480
5546.71307,0.23480
5542.85583,0.23482
5538.99859,0.23481
5535.14135,0.23478
5531.28410,0.23467
5527.42686,0.23449
5523.56962,0.23423
5519.71238,0.23384
5515.85514,0.23340
5511.99790,0.23303
5508.14066,0.23277
5504.28342,0.23273
5500.42617,0.23299
5496.56893,0.23346
5492.71169,0.23412
5488.85445,0.23488
5484.99721,0.23544
5481.13997,0.23567
5477.28273,0.23562
5473.42548,0.23533
5469.56824,0.23481
5465.71100,0.23405
5461.85376,0.23307
5457.99652,0.23198
5454.13928,0.23082
5450.28204,0.22950
5446.42479,0.22787
5442.56755,0.22609
5438.71031,0.22442
5434.85307,0.22291
5430.99583,0.22147
5427.13859,0.22019
5423.28135,0.21929
5419.42411,0.21872
5415.56686,0.21828
5411.70962,0.21793
5407.85238,0.21772
5403.99514,0.21762
5400.13790,0.21754
5396.28066,0.21744
5392.42342,0.21735
5388.56617,0.21741
5384.70893,0.21762
5380.85169,0.21788
5376.99445,0.21818
5373.13721,0.21862
5369.27997,0.21923
5365.42273,0.21996
5361.56549,0.22076
5357.70824,0.22151
5353.85100,0.22221
5349.99376,0.22293
5346.13652,0.22360
5342.27928,0.22422
5338.42204,0.22485
5334.56480,0.22557
5330.70755,0.22641
5326.85031,0.22756
5322.99307,0.22908
5319.13583,0.23094
5315.27859,0.23321
5311.42135,0.23591
5307.56411,0.23905
5303.70686,0.24255
5299.84962,0.24639
5295.99238,0.25063
5292.13514,0.25543
5288.27790,0.26099
5284.42066,0.26723
5280.56342,0.27409
5276.70618,0.28137
5272.84893,0.28872
5268.99169,0.29600
5265.13445,0.30335
5261.27721,0.31041
5257.41997,0.31653
5253.56273,0.32170
5249.70549,0.32617
5245.84824,0.33024
5241.99100,0.33379
5238.13376,0.33648
5234.27652,0.33851
5230.41928,0.34011
5226.56204,0.34142
5222.70480,0.34248
5218.84755,0.34335
5214.99031,0.34406
5211.13307,0.34451
5207.27583,0.34471
5203.41859,0.34483
5199.56135,0.34494
5195.70411,0.34505
5191.84687,0.34517
5187.98962,0.34525
5184.13238,0.34529
5180.27514,0.34524
5176.41790,0.34504
5172.56066,0.34472
5168.70342,0.34437
5164.84618,0.34410
5160.98893,0.34382
5157.13169,0.34350
5153.27445,0.34312
5149.41721,0.34265
5145.55997,0.34207
5141.70273,0.34146
5137.84549,0.34091
5133.98825,0.34043
5130.13100,0.33999
5126.27376,0.33949
5122.41652,0.33874
5118.55928,0.33748
5114.70204,0.33545
5110.84480,0.33269
5106.98756,0.32952
5103.13031,0.32627
5099.27307,0.32317
5095.41583,0.32020
5091.55859,0.31739
5087.70135,0.31479
5083.84411,0.31241
5079.98687,0.31024
5076.12962,0.30818
5072.27238,0.30619
5068.41514,0.30428
5064.55790,0.30243
5060.70066,0.30069
5056.84342,0.29909
5052.98618,0.29761
5049.12894,0.29624
5045.27169,0.29497
5041.41445,0.29374
5037.55721,0.29254
5033.69997,0.29139
5029.84273,0.29035
5025.98549,0.28939
5022.12825,0.28847
5018.27100,0.28752
5014.41376,0.28664
5010.55652,0.28585
5006.69928,0.28502
5002.84204,0.28411
4998.98480,0.28319
4995.12756,0.28238
4991.27031,0.28170
4987.41307,0.28110
4983.55583,0.28060
4979.69859,0.28027
4975.84135,0.28017
4971.98411,0.28032
4968.12687,0.28068
4964.26963,0.28128
4960.41238,0.28220
4956.55514,0.28339
4952.69790,0.28469
4948.84066,0.28612
4944.98342,0.28771
4941.12618,0.28941
4937.26894,0.29119
4933.41169,0.29305
4929.55445,0.29498
4925.69721,0.29703
4921.83997,0.29927
4917.98273,0.30168
4914.12549,0.30420
4910.26825,0.30687
4906.41101,0.30974
4902.55376,0.31277
4898.69652,0.31592
4894.83928,0.31916
4890.98204,0.32249
4887.12480,0.32591
4883.26756,0.32939
4879.41032,0.33288
4875.55307,0.33637
4871.69583,0.33978
4867.83859,0.34302
4863.98135,0.34616
4860.12411,0.34925
4856.26687,0.35234
4852.40963,0.35550
4848.55238,0.35883
4844.69514,0.36244
4840.83790,0.36642
4836.98066,0.37073
4833.12342,0.37520
4829.26618,0.37967
4825.40894,0.38402
4821.55170,0.38809
4817.69445,0.39179
4813.83721,0.39523
4809.97997,0.39849
4806.12273,0.40147
4802.26549,0.40405
4798.40825,0.40615
4794.55101,0.40777
4790.69376,0.40893
4786.83652,0.40966
4782.97928,0.41006
4779.12204,0.41033
4775.26480,0.41067
4771.40756,0.41125
4767.55032,0.41220
4763.69307,0.41362
4759.83583,0.41556
4755.97859,0.41798
4752.12135,0.42069
4748.26411,0.42340
4744.40687,0.42589
4740.54963,0.42832
4736.69239,0.43111
4732.83514,0.43463
4728.97790,0.43895
4725.12066,0.44351
4721.26342,0.44716
4717.40618,0.44912
4713.54894,0.44977
4709.69170,0.45058
4705.83445,0.45324
4701.97721,0.45832
4698.11997,0.46472
4694.26273,0.47013
4690.40549,0.47209
4686.54825,0.46928
4682.69101,0.46207
4678.83377,0.45216
4674.97652,0.44188
4671.11928,0.43322
4667.26204,0.42709
4663.40480,0.42318
4659.54756,0.42096
4655.69032,0.42031
4651.83308,0.42164
4647.97583,0.42533
4644.11859,0.43097
4640.26135,0.43675
4636.40411,0.44000
4632.54687,0.43840
4628.68963,0.43136
4624.83239,0.42051
4620.97514,0.40887
4617.11790,0.39902
4613.26066,0.39200
4609.40342,0.38773
4605.54618,0.38599
4601.68894,0.38675
4597.83170,0.38951
4593.97446,0.39290
4590.11721,0.39577
4586.25997,0.39812
4582.40273,0.39963
4578.54549,0.39839
4574.68825,0.39282
4570.83101,0.38393
4566.97377,0.37447
4563.11652,0.36688
4559.25928,0.36207
4555.40204,0.35951
4551.54480,0.35817
4547.68756,0.35731
4543.83032,0.35663
4539.97308,0.35607
4536.11583,0.35575
4532.25859,0.35589
4528.40135,0.35659
4524.54411,0.35792
4520.68687,0.35990
4516.82963,0.36256
4512.97239,0.36608
4509.11515,0.37093
4505.25790,0.37752
4501.40066,0.38598
4497.54342,0.39602
4493.68618,0.40644
4489.82894,0.41557
4485.97170,0.42268
4482.11446,0.42861
4478.25721,0.43510
4474.39997,0.44380
4470.54273,0.45575
4466.68549,0.47085
4462.82825,0.48694
4458.97101,0.50024
4455.11377,0.50849
4451.25653,0.51331
4447.39928,0.51791
4443.54204,0.52362
4439.68480,0.52963
4435.82756,0.53426
4431.97032,0.53586
4428.11308,0.53374
4424.25584,0.52890
4420.39859,0.52363
4416.54135,0.52024
4412.68411,0.51972
4408.82687,0.52118
4404.96963,0.52243
4401.11239,0.52156
4397.25515,0.51819
4393.39790,0.51319
4389.54066,0.50776
4385.68342,0.50281
4381.82618,0.49891
4377.96894,0.49623
4374.11170,0.49462
4370.25446,0.49404
4366.39722,0.49464
4362.53997,0.49627
4358.68273,0.49821
4354.82549,0.50002
4350.96825,0.50187
4347.11101,0.50417
4343.25377,0.50709
4339.39653,0.51023
4335.53928,0.51306
4331.68204,0.51552
4327.82480,0.51785
4323.96756,0.52033
4320.11032,0.52325
4316.25308,0.52690
4312.39584,0.53157
4308.53859,0.53724
4304.68135,0.54344
4300.82411,0.54937
4296.96687,0.55441
4293.10963,0.55812
4289.25239,0.56022
4285.39515,0.56084
4281.53791,0.56050
4277.68066,0.55959
4273.82342,0.55811
4269.96618,0.55595
4266.10894,0.55331
4262.25170,0.55078
4258.39446,0.54910
4254.53722,0.54859
4250.67997,0.54891
4246.82273,0.54920
4242.96549,0.54868
4239.10825,0.54725
4235.25101,0.54551
4231.39377,0.54416
4227.53653,0.54312
4223.67929,0.54157
4219.82204,0.53898
4215.96480,0.53571
4212.10756,0.53250
4208.25032,0.52980
4204.39308,0.52762
4200.53584,0.52593
4196.67860,0.52514
4192.82135,0.52590
4188.96411,0.52861
4185.10687,0.53316
4181.24963,0.53807
4177.39239,0.54052
4173.53515,0.53848
4169.67791,0.53267
4165.82066,0.52569
4161.96342,0.51974
4158.10618,0.51580
4154.24894,0.51391
4150.39170,0.51382
4146.53446,0.51555
4142.67722,0.51908
4138.81998,0.52375
4134.96273,0.52846
4131.10549,0.53245
4127.24825,0.53571
4123.39101,0.53902
4119.53377,0.54325
4115.67653,0.54898
4111.81929,0.55664
4107.96204,0.56671
4104.10480,0.57984
4100.24756,0.59683
4096.39032,0.61659
4092.53308,0.63336
4088.67584,0.64003
4084.81860,0.63521
4080.96135,0.62314
4077.10411,0.60897
4073.24687,0.59682
4069.38963,0.58876
4065.53239,0.58444
4061.67515,0.58265
4057.81791,0.58266
4053.96067,0.58398
4050.10342,0.58578
4046.24618,0.58735
4042.38894,0.58848
4038.53170,0.58919
4034.67446,0.58958
4030.81722,0.58986
4026.95998,0.59013
4023.10273,0.59029
4019.24549,0.59024
4015.38825,0.58980
4011.53101,0.58873
4007.67377,0.58703
4003.81653,0.58486
3999.95929,0.58239
3996.10205,0.57960
3992.24480,0.57669
3988.38756,0.57403
3984.53032,0.57186
3980.67308,0.57019
3976.81584,0.56875
3972.95860,0.56719
3969.10136,0.56521
3965.24411,0.56278
3961.38687,0.56001
3957.52963,0.55706
3953.67239,0.55406
3949.81515,0.55102
3945.95791,0.54811
3942.10067,0.54546
3938.24342,0.54309
3934.38618,0.54078
3930.52894,0.53856
3926.67170,0.53673
3922.81446,0.53513
3918.95722,0.53343
3915.09998,0.53155
3911.24274,0.52943
3907.38549,0.52667
3903.52825,0.52275
3899.67101,0.51861
3895.81377,0.51545
3891.95653,0.51256
3888.09929,0.50971
3884.24205,0.50737
3880.38480,0.50577
3876.52756,0.50426
3872.67032,0.50189
3868.81308,0.49863
3864.95584,0.49537
3861.09860,0.49272
3857.24136,0.49035
3853.38411,0.48764
3849.52687,0.48566
3845.66963,0.48448
3841.81239,0.48312
3837.95515,0.48205
3834.09791,0.48191
3830.24067,0.48207
3826.38343,0.48238
3822.52618,0.48350
3818.66894,0.48649
3814.81170,0.49039
3810.95446,0.49317
3807.09722,0.49449
3803.23998,0.49413
3799.38274,0.49237
3795.52549,0.49063
3791.66825,0.48955
3787.81101,0.48920
3783.95377,0.48995
3780.09653,0.49199
3776.23929,0.49464
3772.38205,0.49742
3768.52481,0.50078
3764.66756,0.50462
3760.81032,0.50784
3756.95308,0.50926
3753.09584,0.50792
3749.23860,0.50477
3745.38136,0.50374
3741.52412,0.50545
3737.66687,0.50909
3733.80963,0.51470
3729.95239,0.51882
3726.09515,0.52056
3722.23791,0.52228
3718.38067,0.52512
3714.52343,0.52994
3710.66618,0.53900
3706.80894,0.55058
3702.95170,0.56298
3699.09446,0.57776
3695.23722,0.59389
3691.37998,0.61561
3687.52274,0.64469
3683.66550,0.66567
3679.80825,0.67899
3675.95101,0.69541
3672.09377,0.72104
3668.23653,0.74786
3664.37929,0.76888
3660.52205,0.78683
3656.66481,0.80466
3652.80756,0.82296
3648.95032,0.84545
3645.09308,0.86819
3641.23584,0.88272
3637.37860,0.89379
3633.52136,0.90199
3629.66412,0.90828
3625.80687,0.91675
3621.94963,0.92224
3618.09239,0.92557
3614.23515,0.93046
3610.37791,0.93732
3606.52067,0.94267
3602.66343,0.94460
3598.80619,0.94600
