3996.35288,0.03424
3994.42414,0.03419
3992.49539,0.03400
3990.56665,0.03384
3988.63791,0.03382
3986.70917,0.03384
3984.78043,0.03395
3982.85169,0.03407
3980.92294,0.03409
3978.99420,0.03419
3977.06546,0.03435
3975.13672,0.03425
3973.20798,0.03395
3971.27924,0.03375
3969.35049,0.03365
3967.42175,0.03360
3965.49301,0.03366
3963.56427,0.03377
3961.63553,0.03384
3959.70679,0.03390
3957.77804,0.03394
3955.84930,0.03400
3953.92056,0.03409
3951.99182,0.03416
3950.06308,0.03411
3948.13433,0.03402
3946.20559,0.03406
3944.27685,0.03413
3942.34811,0.03404
3940.41937,0.03394
3938.49063,0.03398
3936.56188,0.03408
3934.63314,0.03412
3932.70440,0.03401
3930.77566,0.03393
3928.84692,0.03403
3926.91818,0.03402
3924.98943,0.03381
3923.06069,0.03367
3921.13195,0.03367
3919.20321,0.03378
3917.27447,0.03398
3915.34573,0.03409
3913.41698,0.03407
3911.48824,0.03395
3909.55950,0.03388
3907.63076,0.03403
3905.70202,0.03408
3903.77327,0.03380
3901.84453,0.03353
3899.91579,0.03338
3897.98705,0.03334
3896.05831,0.03347
3894.12957,0.03361
3892.20082,0.03370
3890.27208,0.03389
3888.34334,0.03409
3886.41460,0.03387
3884.48586,0.03338
3882.55712,0.03327
3880.62837,0.03326
3878.69963,0.03336
3876.77089,0.03372
3874.84215,0.03376
3872.91341,0.03340
3870.98467,0.03300
3869.05592,0.03285
3867.12718,0.03315
3865.19844,0.03349
3863.26970,0.03361
3861.34096,0.03379
3859.41221,0.03402
3857.48347,0.03426
3855.55473,0.03445
3853.62599,0.03397
3851.69725,0.03322
3849.76851,0.03329
3847.83976,0.03365
3845.91102,0.03386
3843.98228,0.03384
3842.05354,0.03364
3840.12480,0.03327
3838.19606,0.03286
3836.26731,0.03282
3834.33857,0.03305
3832.40983,0.03315
3830.48109,0.03313
3828.55235,0.03320
3826.62361,0.03339
3824.69486,0.03365
3822.76612,0.03360
3820.83738,0.03309
3818.90864,0.03305
3816.97990,0.03335
3815.05115,0.03344
3813.12241,0.03375
3811.19367,0.03426
3809.26493,0.03460
3807.33619,0.03443
3805.40745,0.03399
3803.47870,0.03380
3801.54996,0.03359
3799.62122,0.03362
3797.69248,0.03385
3795.76374,0.03377
3793.83500,0.03360
3791.90625,0.03366
3789.97751,0.03385
3788.04877,0.03394
3786.12003,0.03379
3784.19129,0.03360
3782.26255,0.03361
3780.33380,0.03356
3778.40506,0.03346
3776.47632,0.03365
3774.54758,0.03398
3772.61884,0.03424
3770.69009,0.03421
3768.76135,0.03387
3766.83261,0.03362
3764.90387,0.03362
3762.97513,0.03379
3761.04639,0.03389
3759.11764,0.03375
3757.18890,0.03369
3755.26016,0.03385
3753.33142,0.03398
3751.40268,0.03378
3749.47394,0.03346
3747.54519,0.03347
3745.61645,0.03341
3743.68771,0.03317
3741.75897,0.03336
3739.83023,0.03378
3737.90149,0.03399
3735.97274,0.03372
3734.04400,0.03307
3732.11526,0.03292
3730.18652,0.03338
3728.25778,0.03361
3726.32904,0.03330
3724.40029,0.03305
3722.47155,0.03321
3720.54281,0.03344
3718.61407,0.03365
3716.68533,0.03385
3714.75658,0.03394
3712.82784,0.03379
3710.89910,0.03343
3708.97036,0.03338
3707.04162,0.03373
3705.11288,0.03408
3703.18413,0.03404
3701.25539,0.03372
3699.32665,0.03375
3697.39791,0.03397
3695.46917,0.03399
3693.54043,0.03396
3691.61168,0.03397
3689.68294,0.03381
3687.75420,0.03377
3685.82546,0.03397
3683.89672,0.03407
3681.96798,0.03412
3680.03923,0.03431
3678.11049,0.03439
3676.18175,0.03371
3674.25301,0.03285
3672.32427,0.03297
3670.39552,0.03326
3668.46678,0.03346
3666.53804,0.03404
3664.60930,0.03461
3662.68056,0.03489
3660.75182,0.03504
3658.82307,0.03518
3656.89433,0.03519
3654.96559,0.03520
3653.03685,0.03525
3651.10811,0.03488
3649.17937,0.03413
3647.25062,0.03419
3645.32188,0.03488
3643.39314,0.03549
3641.46440,0.03589
3639.53566,0.03612
3637.60692,0.03625
3635.67817,0.03632
3633.74943,0.03645
3631.82069,0.03677
3629.89195,0.03687
3627.96321,0.03621
3626.03446,0.03582
3624.10572,0.03602
3622.17698,0.03620
3620.24824,0.03602
3618.31950,0.03575
3616.39076,0.03572
3614.46201,0.03573
3612.53327,0.03585
3610.60453,0.03611
3608.67579,0.03605
3606.74705,0.03581
3604.81831,0.03577
3602.88956,0.03583
3600.96082,0.03577
3599.03208,0.03561
3597.10334,0.03553
3595.17460,0.03556
3593.24586,0.03561
3591.31711,0.03571
3589.38837,0.03580
3587.45963,0.03577
3585.53089,0.03581
3583.60215,0.03595
3581.67340,0.03602
3579.74466,0.03608
3577.81592,0.03621
3575.88718,0.03633
3573.95844,0.03634
3572.02970,0.03638
3570.10095,0.03654
3568.17221,0.03651
3566.24347,0.03629
3564.31473,0.03657
3562.38599,0.03711
3560.45725,0.03731
3558.52850,0.03726
3556.59976,0.03728
3554.67102,0.03733
3552.74228,0.03722
3550.81354,0.03701
3548.88480,0.03691
3546.95605,0.03698
3545.02731,0.03713
3543.09857,0.03730
3541.16983,0.03745
3539.24109,0.03751
3537.31234,0.03745
3535.38360,0.03744
3533.45486,0.03755
3531.52612,0.03768
3529.59738,0.03775
3527.66864,0.03767
3525.73989,0.03748
3523.81115,0.03736
3521.88241,0.03744
3519.95367,0.03772
3518.02493,0.03800
3516.09619,0.03808
3514.16744,0.03801
3512.23870,0.03789
3510.30996,0.03785
3508.38122,0.03797
3506.45248,0.03813
3504.52374,0.03816
3502.59499,0.03812
3500.66625,0.03816
3498.73751,0.03820
3496.80877,0.03825
3494.88003,0.03845
3492.95128,0.03871
3491.02254,0.03885
3489.09380,0.03886
3487.16506,0.03890
3485.23632,0.03901
3483.30758,0.03912
3481.37883,0.03921
3479.45009,0.03944
3477.52135,0.03967
3475.59261,0.03962
3473.66387,0.03946
3471.73513,0.03958
3469.80638,0.03996
3467.87764,0.04026
3465.94890,0.04038
3464.02016,0.04047
3462.09142,0.04064
3460.16268,0.04088
3458.23393,0.04104
3456.30519,0.04108
3454.37645,0.04116
3452.44771,0.04144
3450.51897,0.04184
3448.59022,0.04215
3446.66148,0.04237
3444.73274,0.04269
3442.80400,0.04294
3440.87526,0.04309
3438.94652,0.04333
3437.01777,0.04365
3435.08903,0.04407
3433.16029,0.04445
3431.23155,0.04462
3429.30281,0.04477
3427.37407,0.04498
3425.44532,0.04504
3423.51658,0.04500
3421.58784,0.04496
3419.65910,0.04492
3417.73036,0.04496
3415.80162,0.04497
3413.87287,0.04488
3411.94413,0.04486
3410.01539,0.04502
3408.08665,0.04512
3406.15791,0.04494
3404.22917,0.04477
3402.30042,0.04483
3400.37168,0.04494
3398.44294,0.04494
3396.51420,0.04497
3394.58546,0.04507
3392.65671,0.04518
3390.72797,0.04534
3388.79923,0.04550
3386.87049,0.04545
3384.94175,0.04526
3383.01301,0.04525
3381.08426,0.04543
3379.15552,0.04554
3377.22678,0.04558
3375.29804,0.04569
3373.36930,0.04576
3371.44056,0.04580
3369.51181,0.04593
3367.58307,0.04615
3365.65433,0.04642
3363.72559,0.04664
3361.79685,0.04683
3359.86811,0.04698
3357.93936,0.04707
3356.01062,0.04706
3354.08188,0.04705
3352.15314,0.04725
3350.22440,0.04760
3348.29565,0.04795
3346.36691,0.04834
3344.43817,0.04859
3342.50943,0.04854
3340.58069,0.04847
3338.65195,0.04864
3336.72320,0.04898
3334.79446,0.04924
3332.86572,0.04932
3330.93698,0.04928
3329.00824,0.04906
3327.07950,0.04881
3325.15075,0.04878
3323.22201,0.04890
3321.29327,0.04900
3319.36453,0.04906
3317.43579,0.04910
3315.50705,0.04915
3313.57830,0.04920
3311.64956,0.04919
3309.72082,0.04911
3307.79208,0.04902
3305.86334,0.04896
3303.93459,0.04894
3302.00585,0.04904
3300.07711,0.04920
3298.14837,0.04925
3296.21963,0.04912
3294.29089,0.04898
3292.36214,0.04901
3290.43340,0.04919
3288.50466,0.04935
3286.57592,0.04937
3284.64718,0.04927
3282.71844,0.04923
3280.78969,0.04929
3278.86095,0.04926
3276.93221,0.04912
3275.00347,0.04901
3273.07473,0.04895
3271.14599,0.04892
3269.21724,0.04898
3267.28850,0.04908
3265.35976,0.04904
3263.43102,0.04886
3261.50228,0.04874
3259.57353,0.04884
3257.64479,0.04891
3255.71605,0.04874
3253.78731,0.04857
3251.85857,0.04848
3249.92983,0.04832
3248.00108,0.04811
3246.07234,0.04796
3244.14360,0.04780
3242.21486,0.04770
3240.28612,0.04768
3238.35738,0.04761
3236.42863,0.04748
3234.49989,0.04737
3232.57115,0.04735
3230.64241,0.04741
3228.71367,0.04736
3226.78493,0.04719
3224.85618,0.04711
3222.92744,0.04718
3220.99870,0.04719
3219.06996,0.04699
3217.14122,0.04668
3215.21247,0.04649
3213.28373,0.04646
3211.35499,0.04647
3209.42625,0.04641
3207.49751,0.04635
3205.56877,0.04631
3203.64002,0.04621
3201.71128,0.04617
3199.78254,0.04621
3197.85380,0.04614
3195.92506,0.04594
3193.99632,0.04580
3192.06757,0.04576
3190.13883,0.04574
3188.21009,0.04574
3186.28135,0.04570
3184.35261,0.04551
3182.42387,0.04525
3180.49512,0.04513
3178.56638,0.04516
3176.63764,0.04513
3174.70890,0.04493
3172.78016,0.04471
3170.85141,0.04460
3168.92267,0.04459
3166.99393,0.04461
3165.06519,0.04464
3163.13645,0.04469
3161.20771,0.04469
3159.27896,0.04461
3157.35022,0.04451
3155.42148,0.04437
3153.49274,0.04422
3151.56400,0.04416
3149.63526,0.04418
3147.70651,0.04416
3145.77777,0.04407
3143.84903,0.04405
3141.92029,0.04412
3139.99155,0.04413
3138.06281,0.04404
3136.13406,0.04396
3134.20532,0.04393
3132.27658,0.04399
3130.34784,0.04410
3128.41910,0.04414
3126.49035,0.04403
3124.56161,0.04388
3122.63287,0.04382
3120.70413,0.04387
3118.77539,0.04396
3116.84665,0.04401
3114.91790,0.04402
3112.98916,0.04403
3111.06042,0.04401
3109.13168,0.04394
3107.20294,0.04393
3105.27420,0.04408
3103.34545,0.04421
3101.41671,0.04414
3099.48797,0.04397
3097.55923,0.04390
3095.63049,0.04387
3093.70175,0.04378
3091.77300,0.04376
3089.84426,0.04383
3087.91552,0.04383
3085.98678,0.04377
3084.05804,0.04375
3082.12930,0.04373
3080.20055,0.04372
3078.27181,0.04371
3076.34307,0.04371
3074.41433,0.04377
3072.48559,0.04383
3070.55684,0.04383
3068.62810,0.04386
3066.69936,0.04385
3064.77062,0.04377
3062.84188,0.04374
3060.91314,0.04388
3058.98439,0.04411
3057.05565,0.04419
3055.12691,0.04407
3053.19817,0.04386
3051.26943,0.04366
3049.34069,0.04346
3047.41194,0.04319
3045.48320,0.04290
3043.55446,0.04272
3041.62572,0.04256
3039.69698,0.04234
3037.76824,0.04214
3035.83949,0.04204
3033.91075,0.04199
3031.98201,0.04197
3030.05327,0.04199
3028.12453,0.04200
3026.19578,0.04199
3024.26704,0.04205
3022.33830,0.04217
3020.40956,0.04228
3018.48082,0.04242
3016.55208,0.04263
3014.62333,0.04284
3012.69459,0.04302
3010.76585,0.04319
3008.83711,0.04336
3006.90837,0.04351
3004.97963,0.04367
3003.05088,0.04384
3001.12214,0.04393
2999.19340,0.04395
2997.26466,0.04403
2995.33592,0.04423
2993.40718,0.04441
2991.47843,0.04451
2989.54969,0.04456
2987.62095,0.04469
2985.69221,0.04500
2983.76347,0.04542
2981.83472,0.04590
2979.90598,0.04642
2977.97724,0.04697
2976.04850,0.04760
2974.11976,0.04826
2972.19102,0.04888
2970.26227,0.04943
2968.33353,0.04980
2966.40479,0.04979
2964.47605,0.04955
2962.54731,0.04937
2960.61857,0.04932
2958.68982,0.04920
2956.76108,0.04884
2954.83234,0.04837
2952.90360,0.04803
2950.97486,0.04783
2949.04612,0.04754
2947.11737,0.04707
2945.18863,0.04653
2943.25989,0.04609
2941.33115,0.04575
2939.40241,0.04545
2937.47366,0.04518
2935.54492,0.04494
2933.61618,0.04470
2931.68744,0.04448
2929.75870,0.04435
2927.82996,0.04433
2925.90121,0.04436
2923.97247,0.04438
2922.04373,0.04448
2920.11499,0.04476
2918.18625,0.04511
2916.25751,0.04543
2914.32876,0.04591
2912.40002,0.04662
2910.47128,0.04730
2908.54254,0.04771
2906.61380,0.04790
2904.68506,0.04793
2902.75631,0.04777
2900.82757,0.04753
2898.89883,0.04730
2896.97009,0.04704
2895.04135,0.04680
2893.11260,0.04670
2891.18386,0.04673
2889.25512,0.04676
2887.32638,0.04666
2885.39764,0.04652
2883.46890,0.04645
2881.54015,0.04640
2879.61141,0.04622
2877.68267,0.04593
2875.75393,0.04576
2873.82519,0.04579
2871.89645,0.04584
2869.96770,0.04585
2868.03896,0.04585
2866.11022,0.04575
2864.18148,0.04553
2862.25274,0.04530
2860.32400,0.04517
2858.39525,0.04516
2856.46651,0.04514
2854.53777,0.04504
2852.60903,0.04488
2850.68029,0.04471
2848.75154,0.04457
2846.82280,0.04439
2844.89406,0.04419
2842.96532,0.04398
2841.03658,0.04377
2839.10784,0.04358
2837.17909,0.04347
2835.25035,0.04344
2833.32161,0.04335
2831.39287,0.04323
2829.46413,0.04314
2827.53539,0.04297
2825.60664,0.04271
2823.67790,0.04256
2821.74916,0.04257
2819.82042,0.04263
2817.89168,0.04261
2815.96294,0.04255
2814.03419,0.04257
2812.10545,0.04261
2810.17671,0.04263
2808.24797,0.04266
2806.31923,0.04265
2804.39048,0.04257
2802.46174,0.04246
2800.53300,0.04232
2798.60426,0.04219
2796.67552,0.04217
2794.74678,0.04221
2792.81803,0.04213
2790.88929,0.04201
2788.96055,0.04195
2787.03181,0.04191
2785.10307,0.04188
2783.17433,0.04183
2781.24558,0.04176
2779.31684,0.04171
2777.38810,0.04166
2775.45936,0.04157
2773.53062,0.04147
2771.60188,0.04136
2769.67313,0.04128
2767.74439,0.04130
2765.81565,0.04139
2763.88691,0.04141
2761.95817,0.04135
2760.02943,0.04132
2758.10068,0.04130
2756.17194,0.04129
2754.24320,0.04132
2752.31446,0.04134
2750.38572,0.04131
2748.45697,0.04129
2746.52823,0.04126
2744.59949,0.04120
2742.67075,0.04113
2740.74201,0.04108
2738.81327,0.04106
2736.88452,0.04112
2734.95578,0.04123
2733.02704,0.04127
2731.09830,0.04118
2729.16956,0.04100
2727.24082,0.04085
2725.31207,0.04088
2723.38333,0.04101
2721.45459,0.04112
2719.52585,0.04111
2717.59711,0.04100
2715.66837,0.04088
2713.73962,0.04076
2711.81088,0.04063
2709.88214,0.04055
2707.95340,0.04058
2706.02466,0.04069
2704.09591,0.04078
2702.16717,0.04079
2700.23843,0.04072
2698.30969,0.04064
2696.38095,0.04055
2694.45221,0.04049
2692.52346,0.04047
2690.59472,0.04047
2688.66598,0.04050
2686.73724,0.04050
2684.80850,0.04045
2682.87976,0.04038
2680.95101,0.04038
2679.02227,0.04042
2677.09353,0.04043
2675.16479,0.04037
2673.23605,0.04033
2671.30731,0.04039
2669.37856,0.04046
2667.44982,0.04045
2665.52108,0.04041
2663.59234,0.04045
2661.66360,0.04057
2659.73485,0.04065
2657.80611,0.04065
2655.87737,0.04065
2653.94863,0.04065
2652.01989,0.04071
2650.09115,0.04081
2648.16240,0.04085
2646.23366,0.04082
2644.30492,0.04080
2642.37618,0.04090
2640.44744,0.04106
2638.51870,0.04116
2636.58995,0.04121
2634.66121,0.04128
2632.73247,0.04134
2630.80373,0.04132
2628.87499,0.04121
2626.94625,0.04109
2625.01750,0.04105
2623.08876,0.04110
2621.16002,0.04123
2619.23128,0.04132
2617.30254,0.04129
2615.37379,0.04122
2613.44505,0.04121
2611.51631,0.04123
2609.58757,0.04123
2607.65883,0.04118
2605.73009,0.04114
2603.80134,0.04116
2601.87260,0.04116
2599.94386,0.04107
2598.01512,0.04102
2596.08638,0.04105
2594.15764,0.04115
2592.22889,0.04131
2590.30015,0.04143
2588.37141,0.04140
2586.44267,0.04133
2584.51393,0.04139
2582.58519,0.04163
2580.65644,0.04188
2578.72770,0.04188
2576.79896,0.04175
2574.87022,0.04173
2572.94148,0.04174
2571.01273,0.04175
2569.08399,0.04177
2567.15525,0.04171
2565.22651,0.04159
2563.29777,0.04150
2561.36903,0.04150
2559.44028,0.04162
2557.51154,0.04172
2555.58280,0.04165
2553.65406,0.04149
2551.72532,0.04146
2549.79658,0.04156
2547.86783,0.04164
2545.93909,0.04166
2544.01035,0.04157
2542.08161,0.04145
2540.15287,0.04142
2538.22413,0.04139
2536.29538,0.04126
2534.36664,0.04116
2532.43790,0.04120
2530.50916,0.04134
2528.58042,0.04153
2526.65167,0.04167
2524.72293,0.04159
2522.79419,0.04137
2520.86545,0.04135
2518.93671,0.04155
2517.00797,0.04161
2515.07922,0.04136
2513.15048,0.04111
2511.22174,0.04103
2509.29300,0.04100
2507.36426,0.04094
2505.43552,0.04099
2503.50677,0.04109
2501.57803,0.04110
2499.64929,0.04104
2497.72055,0.04099
2495.79181,0.04103
2493.86307,0.04115
2491.93432,0.04118
2490.00558,0.04108
2488.07684,0.04088
2486.14810,0.04067
2484.21936,0.04061
2482.29061,0.04060
2480.36187,0.04051
2478.43313,0.04038
2476.50439,0.04034
2474.57565,0.04036
2472.64691,0.04037
2470.71816,0.04037
2468.78942,0.04038
2466.86068,0.04038
2464.93194,0.04035
2463.00320,0.04028
2461.07446,0.04034
2459.14571,0.04050
2457.21697,0.04056
2455.28823,0.04051
2453.35949,0.04048
2451.43075,0.04044
2449.50201,0.04043
2447.57326,0.04043
2445.64452,0.04033
2443.71578,0.04023
2441.78704,0.04024
2439.85830,0.04034
2437.92956,0.04042
2436.00081,0.04040
2434.07207,0.04033
2432.14333,0.04030
2430.21459,0.04019
2428.28585,0.04009
2426.35710,0.04012
2424.42836,0.04012
2422.49962,0.04003
2420.57088,0.04000
2418.64214,0.04004
2416.71340,0.04007
2414.78465,0.04008
2412.85591,0.04004
2410.92717,0.04001
2408.99843,0.04002
2407.06969,0.04005
2405.14095,0.04008
2403.21220,0.04009
2401.28346,0.04004
2399.35472,0.03993
2397.42598,0.03988
2395.49724,0.04000
2393.56850,0.04017
2391.63975,0.04019
2389.71101,0.04012
2387.78227,0.04012
2385.85353,0.04009
2383.92479,0.03991
2381.99604,0.03975
2380.06730,0.03967
2378.13856,0.03952
2376.20982,0.03923
2374.28108,0.03901
2372.35234,0.03888
2370.42359,0.03869
2368.49485,0.03848
2366.56611,0.03837
2364.63737,0.03833
2362.70863,0.03825
2360.77989,0.03812
2358.85114,0.03807
2356.92240,0.03816
2354.99366,0.03821
2353.06492,0.03817
2351.13618,0.03829
2349.20744,0.03857
2347.27869,0.03871
2345.34995,0.03854
2343.42121,0.03838
2341.49247,0.03851
2339.56373,0.03863
2337.63498,0.03845
2335.70624,0.03810
2333.77750,0.03774
2331.84876,0.03759
2329.92002,0.03777
2327.99128,0.03818
2326.06253,0.03881
2324.13379,0.03948
2322.20505,0.03978
2320.27631,0.03964
2318.34757,0.03932
2316.41883,0.03907
2314.49008,0.03905
2312.56134,0.03927
2310.63260,0.03940
2308.70386,0.03938
2306.77512,0.03945
2304.84638,0.03955
2302.91763,0.03953
2300.98889,0.03948
2299.06015,0.03955
2297.13141,0.03973
2295.20267,0.03986
2293.27392,0.03987
2291.34518,0.03996
2289.41644,0.04028
2287.48770,0.04063
2285.55896,0.04071
2283.63022,0.04059
2281.70147,0.04052
2279.77273,0.04052
2277.84399,0.04054
2275.91525,0.04046
2273.98651,0.04026
2272.05777,0.04007
2270.12902,0.04000
2268.20028,0.04007
2266.27154,0.04022
2264.34280,0.04036
2262.41406,0.04047
2260.48532,0.04058
2258.55657,0.04070
2256.62783,0.04080
2254.69909,0.04059
2252.77035,0.03995
2250.84161,0.03947
2248.91286,0.03961
2246.98412,0.03999
2245.05538,0.04015
2243.12664,0.04007
2241.19790,0.03987
2239.26916,0.03971
2237.34041,0.03959
2235.41167,0.03944
2233.48293,0.03932
2231.55419,0.03937
2229.62545,0.03954
2227.69671,0.03942
2225.76796,0.03912
2223.83922,0.03911
2221.91048,0.03935
2219.98174,0.03952
2218.05300,0.03938
2216.12426,0.03905
2214.19551,0.03894
2212.26677,0.03903
2210.33803,0.03913
2208.40929,0.03925
2206.48055,0.03929
2204.55180,0.03930
2202.62306,0.03942
2200.69432,0.03946
2198.76558,0.03943
2196.83684,0.03958
2194.90810,0.03959
2192.97935,0.03913
2191.05061,0.03860
2189.12187,0.03846
2187.19313,0.03873
2185.26439,0.03918
2183.33565,0.03926
2181.40690,0.03868
2179.47816,0.03817
2177.54942,0.03833
2175.62068,0.03872
2173.69194,0.03878
2171.76320,0.03859
2169.83445,0.03849
2167.90571,0.03863
2165.97697,0.03883
2164.04823,0.03899
2162.11949,0.03904
2160.19074,0.03854
2158.26200,0.03715
2156.33326,0.03581
2154.40452,0.03559
2152.47578,0.03620
2150.54704,0.03695
2148.61829,0.03750
2146.68955,0.03768
2144.76081,0.03745
2142.83207,0.03719
2140.90333,0.03736
2138.97459,0.03754
2137.04584,0.03722
2135.11710,0.03671
2133.18836,0.03641
2131.25962,0.03645
2129.33088,0.03683
2127.40214,0.03735
2125.47339,0.03779
2123.54465,0.03817
2121.61591,0.03848
2119.68717,0.03856
2117.75843,0.03868
2115.82969,0.03910
2113.90094,0.03949
2111.97220,0.03944
2110.04346,0.03907
2108.11472,0.03875
2106.18598,0.03862
2104.25723,0.03862
2102.32849,0.03858
2100.39975,0.03852
2098.47101,0.03856
2096.54227,0.03847
2094.61353,0.03823
2092.68478,0.03813
2090.75604,0.03828
2088.82730,0.03857
2086.89856,0.03873
2084.96982,0.03852
2083.04108,0.03812
2081.11233,0.03805
2079.18359,0.03836
2077.25485,0.03851
2075.32611,0.03837
2073.39737,0.03821
2071.46863,0.03812
2069.53988,0.03809
2067.61114,0.03805
2065.68240,0.03787
2063.75366,0.03766
2061.82492,0.03756
2059.89617,0.03735
2057.96743,0.03688
2056.03869,0.03645
2054.10995,0.03643
2052.18121,0.03696
2050.25247,0.03750
2048.32372,0.03720
2046.39498,0.03625
2044.46624,0.03584
2042.53750,0.03617
2040.60876,0.03630
2038.68002,0.03617
2036.75127,0.03623
2034.82253,0.03625
2032.89379,0.03620
2030.96505,0.03632
2029.03631,0.03632
2027.10757,0.03611
2025.17882,0.03593
2023.25008,0.03581
2021.32134,0.03579
2019.39260,0.03574
2017.46386,0.03551
2015.53511,0.03526
2013.60637,0.03519
2011.67763,0.03526
2009.74889,0.03523
2007.82015,0.03477
2005.89141,0.03410
2003.96266,0.03402
2002.03392,0.03457
2000.10518,0.03505
1998.17644,0.03542
1996.24770,0.03581
1994.31896,0.03581
1992.39021,0.03539
1990.46147,0.03525
1988.53273,0.03568
1986.60399,0.03636
1984.67525,0.03688
1982.74651,0.03700
1980.81776,0.03669
1978.88902,0.03600
1976.96028,0.03541
1975.03154,0.03514
1973.10280,0.03493
1971.17405,0.03484
1969.24531,0.03506
1967.31657,0.03558
1965.38783,0.03594
1963.45909,0.03585
1961.53035,0.03569
1959.60160,0.03568
1957.67286,0.03562
1955.74412,0.03560
1953.81538,0.03577
1951.88664,0.03597
1949.95790,0.03604
1948.02915,0.03593
1946.10041,0.03591
1944.17167,0.03616
1942.24293,0.03606
1940.31419,0.03529
1938.38545,0.03467
1936.45670,0.03465
1934.52796,0.03476
1932.59922,0.03450
1930.67048,0.03415
1928.74174,0.03395
1926.81299,0.03369
1924.88425,0.03335
1922.95551,0.03310
1921.02677,0.03293
1919.09803,0.03273
1917.16929,0.03250
1915.24054,0.03238
1913.31180,0.03231
1911.38306,0.03215
1909.45432,0.03203
1907.52558,0.03209
1905.59684,0.03218
1903.66809,0.03209
1901.73935,0.03181
1899.81061,0.03154
1897.88187,0.03141
1895.95313,0.03126
1894.02439,0.03101
1892.09564,0.03084
1890.16690,0.03070
1888.23816,0.03059
1886.30942,0.03053
1884.38068,0.03047
1882.45193,0.03031
1880.52319,0.03005
1878.59445,0.02982
1876.66571,0.02972
1874.73697,0.02969
1872.80823,0.02959
1870.87948,0.02934
1868.95074,0.02894
1867.02200,0.02867
1865.09326,0.02863
1863.16452,0.02860
1861.23578,0.02855
1859.30703,0.02854
1857.37829,0.02857
1855.44955,0.02856
1853.52081,0.02846
1851.59207,0.02831
1849.66333,0.02825
1847.73458,0.02834
1845.80584,0.02850
1843.87710,0.02852
1841.94836,0.02839
1840.01962,0.02832
1838.09087,0.02831
1836.16213,0.02832
1834.23339,0.02842
1832.30465,0.02856
1830.37591,0.02857
1828.44717,0.02852
1826.51842,0.02848
1824.58968,0.02833
1822.66094,0.02813
1820.73220,0.02788
1818.80346,0.02751
1816.87472,0.02723
1814.94597,0.02716
1813.01723,0.02710
1811.08849,0.02692
1809.15975,0.02668
1807.23101,0.02648
1805.30227,0.02624
1803.37352,0.02593
1801.44478,0.02561
1799.51604,0.02540
1797.58730,0.02519
1795.65856,0.02491
1793.72982,0.02451
1791.80107,0.02397
1789.87233,0.02370
1787.94359,0.02368
1786.01485,0.02355
1784.08611,0.02325
1782.15736,0.02295
1780.22862,0.02274
1778.29988,0.02256
1776.37114,0.02228
1774.44240,0.02187
1772.51366,0.02146
1770.58491,0.02132
1768.65617,0.02137
1766.72743,0.02141
1764.79869,0.02138
1762.86995,0.02134
1760.94121,0.02134
1759.01246,0.02151
1757.08372,0.02197
1755.15498,0.02275
1753.22624,0.02385
1751.29750,0.02568
1749.36876,0.02905
1747.44001,0.03380
1745.51127,0.03970
1743.58253,0.04705
1741.65379,0.05598
1739.72505,0.06670
1737.79630,0.07697
1735.86756,0.08645
1733.93882,0.09958
1732.01008,0.11370
1730.08134,0.12479
1728.15260,0.13556
1726.22385,0.14619
1724.29511,0.15702
1722.36637,0.16775
1720.43763,0.17725
1718.50889,0.18750
1716.58015,0.19935
1714.65140,0.20716
1712.72266,0.20996
1710.79392,0.20908
1708.86518,0.20498
1706.93644,0.19753
1705.00770,0.18753
1703.07895,0.17861
1701.15021,0.16872
1699.22147,0.15630
1697.29273,0.14636
1695.36399,0.13766
1693.43524,0.13105
1691.50650,0.12648
1689.57776,0.12190
1687.64902,0.11796
1685.72028,0.11459
1683.79154,0.11028
1681.86279,0.10701
1679.93405,0.10505
1678.00531,0.10288
1676.07657,0.09993
1674.14783,0.09663
1672.21909,0.09417
1670.29034,0.09165
1668.36160,0.08863
1666.43286,0.08657
1664.50412,0.08480
1662.57538,0.08228
1660.64664,0.07980
1658.71789,0.07822
1656.78915,0.07718
1654.86041,0.07580
1652.93167,0.07295
1651.00293,0.07115
1649.07418,0.07064
1647.14544,0.06950
1645.21670,0.06819
1643.28796,0.06758
1641.35922,0.06707
1639.43048,0.06648
1637.50173,0.06558
1635.57299,0.06414
1633.64425,0.06323
1631.71551,0.06303
1629.78677,0.06266
1627.85803,0.06192
1625.92928,0.06117
1624.00054,0.06042
1622.07180,0.05976
1620.14306,0.05952
1618.21432,0.05946
1616.28558,0.05941
1614.35683,0.05948
1612.42809,0.05934
1610.49935,0.05865
1608.57061,0.05749
1606.64187,0.05625
1604.71312,0.05520
1602.78438,0.05431
1600.85564,0.05348
1598.92690,0.05263
1596.99816,0.05172
1595.06942,0.05092
1593.14067,0.05044
1591.21193,0.05018
1589.28319,0.04998
1587.35445,0.04999
1585.42571,0.05047
1583.49697,0.05158
1581.56822,0.05315
1579.63948,0.05454
1577.71074,0.05505
1575.78200,0.05422
1573.85326,0.05292
1571.92452,0.05169
1569.99577,0.05003
1568.06703,0.04852
1566.13829,0.04774
1564.20955,0.04719
1562.28081,0.04675
1560.35206,0.04596
1558.42332,0.04432
1556.49458,0.04369
1554.56584,0.04378
1552.63710,0.04375
1550.70836,0.04351
1548.77961,0.04308
1546.85087,0.04264
1544.92213,0.04212
1542.99339,0.04146
1541.06465,0.04062
1539.13591,0.03994
1537.20716,0.04005
1535.27842,0.04029
1533.34968,0.04042
1531.42094,0.04068
1529.49220,0.04094
1527.56346,0.04087
1525.63471,0.04051
1523.70597,0.04012
1521.77723,0.03966
1519.84849,0.03913
1517.91975,0.03857
1515.99100,0.03820
1514.06226,0.03849
1512.13352,0.03955
1510.20478,0.04151
1508.27604,0.04599
1506.34730,0.05415
1504.41855,0.05734
1502.48981,0.05506
1500.56107,0.05067
1498.63233,0.04572
1496.70359,0.04162
1494.77485,0.03935
1492.84610,0.03841
1490.91736,0.03791
1488.98862,0.03796
1487.05988,0.03894
1485.13114,0.04041
1483.20240,0.04206
1481.27365,0.04385
1479.34491,0.04564
1477.41617,0.04739
1475.48743,0.04932
1473.55869,0.05146
1471.62995,0.05299
1469.70120,0.05306
1467.77246,0.05227
1465.84372,0.05137
1463.91498,0.05100
1461.98624,0.05135
1460.05749,0.05198
1458.12875,0.05268
1456.20001,0.05345
1454.27127,0.05399
1452.34253,0.05413
1450.41379,0.05376
1448.48504,0.05289
1446.55630,0.05187
1444.62756,0.05114
1442.69882,0.05057
1440.77008,0.04996
1438.84134,0.04915
1436.91259,0.04783
1434.98385,0.04634
1433.05511,0.04511
1431.12637,0.04370
1429.19763,0.04208
1427.26889,0.04083
1425.34014,0.04004
1423.41140,0.03975
1421.48266,0.04029
1419.55392,0.04275
1417.62518,0.04882
1415.69643,0.05783
1413.76769,0.06916
1411.83895,0.08203
1409.91021,0.09264
1407.98147,0.09695
1406.05273,0.09416
1404.12398,0.08660
1402.19524,0.07858
1400.26650,0.07148
1398.33776,0.06509
1396.40902,0.06022
1394.48028,0.05672
1392.55153,0.05444
1390.62279,0.05323
1388.69405,0.05253
1386.76531,0.05222
1384.83657,0.05222
1382.90783,0.05227
1380.97908,0.05236
1379.05034,0.05263
1377.12160,0.05307
1375.19286,0.05366
1373.26412,0.05438
1371.33537,0.05483
1369.40663,0.05448
1367.47789,0.05316
1365.54915,0.05122
1363.62041,0.04895
1361.69167,0.04674
1359.76292,0.04523
1357.83418,0.04451
1355.90544,0.04448
1353.97670,0.04522
1352.04796,0.04697
1350.11922,0.05026
1348.19047,0.05600
1346.26173,0.06473
1344.33299,0.07579
1342.40425,0.08733
1340.47551,0.09707
1338.54677,0.10166
1336.61802,0.09889
1334.68928,0.09038
1332.76054,0.07902
1330.83180,0.06766
1328.90306,0.05857
1326.97431,0.05270
1325.04557,0.04961
1323.11683,0.04839
1321.18809,0.04838
1319.25935,0.04921
1317.33061,0.05048
1315.40186,0.05183
1313.47312,0.05325
1311.54438,0.05491
1309.61564,0.05675
1307.68690,0.05871
1305.75816,0.06081
1303.82941,0.06316
1301.90067,0.06606
1299.97193,0.06982
1298.04319,0.07446
1296.11445,0.07971
1294.18571,0.08515
1292.25696,0.09050
1290.32822,0.09564
1288.39948,0.10058
1286.47074,0.10539
1284.54200,0.11010
1282.61325,0.11471
1280.68451,0.11919
1278.75577,0.12363
1276.82703,0.12829
1274.89829,0.13345
1272.96955,0.13939
1271.04080,0.14624
1269.11206,0.15374
1267.18332,0.16140
1265.25458,0.16879
1263.32584,0.17549
1261.39710,0.18112
1259.46835,0.18554
1257.53961,0.18906
1255.61087,0.19230
1253.68213,0.19591
1251.75339,0.20031
1249.82465,0.20539
1247.89590,0.21066
1245.96716,0.21550
1244.03842,0.21940
1242.10968,0.22203
1240.18094,0.22305
1238.25219,0.22205
1236.32345,0.21878
1234.39471,0.21348
1232.46597,0.20684
1230.53723,0.19978
1228.60849,0.19295
1226.67974,0.18673
1224.75100,0.18120
1222.82226,0.17605
1220.89352,0.17081
1218.96478,0.16525
1217.03604,0.15952
1215.10729,0.15404
1213.17855,0.14904
1211.24981,0.14457
1209.32107,0.14054
1207.39233,0.13665
1205.46359,0.13260
1203.53484,0.12844
1201.60610,0.12423
1199.67736,0.11987
1197.74862,0.11539
1195.81988,0.11092
1193.89113,0.10662
1191.96239,0.10265
1190.03365,0.09916
1188.10491,0.09619
1186.17617,0.09381
1184.24743,0.09212
1182.31868,0.09113
1180.38994,0.09082
1178.46120,0.09101
1176.53246,0.09126
1174.60372,0.09098
1172.67498,0.08982
1170.74623,0.08777
1168.81749,0.08516
1166.88875,0.08258
1164.96001,0.08051
1163.03127,0.07903
1161.10253,0.07792
1159.17378,0.07681
1157.24504,0.07564
1155.31630,0.07470
1153.38756,0.07445
1151.45882,0.07503
1149.53007,0.07628
1147.60133,0.07807
1145.67259,0.08049
1143.74385,0.08367
1141.81511,0.08773
1139.88637,0.09276
1137.95762,0.09898
1136.02888,0.10659
1134.10014,0.11562
1132.17140,0.12570
1130.24266,0.13628
1128.31392,0.14682
1126.38517,0.15693
1124.45643,0.16622
1122.52769,0.17407
1120.59895,0.18012
1118.67021,0.18443
1116.74147,0.18730
1114.81272,0.18922
1112.88398,0.19108
1110.95524,0.19399
1109.02650,0.19857
1107.09776,0.20478
1105.16902,0.21193
1103.24027,0.21894
1101.31153,0.22501
1099.38279,0.22979
1097.45405,0.23302
1095.52531,0.23455
1093.59656,0.23460
1091.66782,0.23369
1089.73908,0.23213
1087.81034,0.22988
1085.88160,0.22713
1083.95286,0.22396
1082.02411,0.21993
1080.09537,0.21492
1078.16663,0.20919
1076.23789,0.20298
1074.30915,0.19661
1072.38041,0.19066
1070.45166,0.18554
1068.52292,0.18125
1066.59418,0.17793
1064.66544,0.17544
1062.73670,0.17334
1060.80796,0.17153
1058.87921,0.17002
1056.95047,0.16854
1055.02173,0.16696
1053.09299,0.16538
1051.16425,0.16401
1049.23550,0.16291
1047.30676,0.16179
1045.37802,0.16047
1043.44928,0.15909
1041.52054,0.15773
1039.59180,0.15619
1037.66305,0.15439
1035.73431,0.15238
1033.80557,0.15005
1031.87683,0.14726
1029.94809,0.14469
1028.01935,0.14453
1026.09060,0.14962
1024.16186,0.16050
1022.23312,0.17467
1020.30438,0.18907
1018.37564,0.20048
1016.44690,0.20495
1014.51815,0.20099
1012.58941,0.19184
1010.66067,0.18201
1008.73193,0.17377
1006.80319,0.16737
1004.87444,0.16253
1002.94570,0.15891
1001.01696,0.15597
999.08822,0.15333
997.15948,0.15088
995.23074,0.14860
993.30199,0.14666
991.37325,0.14533
989.44451,0.14465
987.51577,0.14422
985.58703,0.14387
983.65829,0.14371
981.72954,0.14376
979.80080,0.14405
977.87206,0.14482
975.94332,0.14629
974.01458,0.14821
972.08584,0.14996
970.15709,0.15081
968.22835,0.15037
966.29961,0.14878
964.37087,0.14638
962.44213,0.14360
960.51338,0.14091
958.58464,0.13845
956.65590,0.13603
954.72716,0.13360
952.79842,0.13128
950.86968,0.12920
948.94093,0.12740
947.01219,0.12582
945.08345,0.12422
943.15471,0.12253
941.22597,0.12083
939.29723,0.11929
937.36848,0.11803
935.43974,0.11689
933.51100,0.11574
931.58226,0.11458
929.65352,0.11344
927.72478,0.11234
925.79603,0.11125
923.86729,0.11013
921.93855,0.10903
920.00981,0.10808
918.08107,0.10743
916.15232,0.10717
914.22358,0.10719
912.29484,0.10723
910.36610,0.10734
908.43736,0.10788
906.50862,0.10880
904.57987,0.10973
902.65113,0.11050
900.72239,0.11110
898.79365,0.11134
896.86491,0.11115
894.93617,0.11066
893.00742,0.11000
891.07868,0.10913
889.14994,0.10836
887.22120,0.10844
885.29246,0.10976
883.36372,0.11269
881.43497,0.11753
879.50623,0.12400
877.57749,0.13224
875.64875,0.14339
873.72001,0.15638
871.79126,0.16445
869.86252,0.16172
867.93378,0.15181
866.00504,0.14209
864.07630,0.13551
862.14756,0.13154
860.21881,0.12919
858.29007,0.12816
856.36133,0.12838
854.43259,0.12946
852.50385,0.13127
850.57511,0.13396
848.64636,0.13677
846.71762,0.13824
844.78888,0.13765
842.86014,0.13547
840.93140,0.13272
839.00266,0.13005
837.07391,0.12732
835.14517,0.12444
833.21643,0.12167
831.28769,0.11914
829.35895,0.11696
827.43020,0.11528
825.50146,0.11374
823.57272,0.11211
821.64398,0.11078
819.71524,0.10978
817.78650,0.10876
815.85775,0.10786
813.92901,0.10731
812.00027,0.10678
810.07153,0.10606
808.14279,0.10551
806.21405,0.10515
804.28530,0.10460
802.35656,0.10372
800.42782,0.10293
798.49908,0.10330
796.57034,0.10587
794.64160,0.10977
792.71285,0.11246
790.78411,0.11247
788.85537,0.11044
786.92663,0.10766
784.99789,0.10478
783.06915,0.10201
781.14040,0.09952
779.21166,0.09731
777.28292,0.09535
775.35418,0.09367
773.42544,0.09187
771.49669,0.08965
769.56795,0.08736
767.63921,0.08514
765.71047,0.08285
763.78173,0.08071
761.85299,0.07887
759.92424,0.07714
757.99550,0.07525
756.06676,0.07335
754.13802,0.07156
752.20928,0.06977
750.28054,0.06810
748.35179,0.06673
746.42305,0.06597
744.49431,0.06669
742.56557,0.07020
740.63683,0.07815
738.70809,0.09188
736.77934,0.11134
734.85060,0.13507
732.92186,0.16136
730.99312,0.18915
729.06438,0.21790
727.13563,0.24612
725.20689,0.26978
723.27815,0.28357
721.34941,0.28553
719.42067,0.27902
717.49193,0.26883
715.56318,0.25780
713.63444,0.24715
711.70570,0.23756
709.77696,0.22940
707.84822,0.22233
705.91948,0.21592
703.99073,0.21008
702.06199,0.20446
700.13325,0.19845
698.20451,0.19223
696.27577,0.18661
694.34703,0.18183
692.41828,0.17741
690.48954,0.17317
688.56080,0.16958
686.63206,0.16716
684.70332,0.16576
682.77457,0.16488
680.84583,0.16416
678.91709,0.16327
676.98835,0.16206
675.05961,0.16066
673.13087,0.15926
671.20212,0.15800
669.27338,0.15683
667.34464,0.15592
665.41590,0.15529
663.48716,0.15456
661.55842,0.15388
659.62967,0.15322
657.70093,0.15233
655.77219,0.15166
653.84345,0.15134
651.91471,0.15073
649.98597,0.14935
648.05722,0.14729
646.12848,0.14582
644.19974,0.14594
642.27100,0.14625
640.34226,0.14533
638.41351,0.14441
636.48477,0.14477
634.55603,0.14672
632.62729,0.14990
630.69855,0.15235
628.76981,0.15266
626.84106,0.15072
624.91232,0.14735
622.98358,0.14569
621.05484,0.14695
619.12610,0.14812
617.19736,0.14691
615.26861,0.14503
613.33987,0.14629
611.41113,0.14971
609.48239,0.15061
607.55365,0.14904
605.62491,0.14777
603.69616,0.14769
601.76742,0.14838
599.83868,0.14917
