3996.35288,0.03017
3994.42414,0.03011
3992.49539,0.03013
3990.56665,0.03026
3988.63791,0.03037
3986.70917,0.03038
3984.78043,0.03035
3982.85169,0.03035
3980.92294,0.03035
3978.99420,0.03029
3977.06546,0.03021
3975.13672,0.03017
3973.20798,0.03014
3971.27924,0.03006
3969.35049,0.02997
3967.42175,0.02987
3965.49301,0.02983
3963.56427,0.02991
3961.63553,0.03006
3959.70679,0.03024
3957.77804,0.03045
3955.84930,0.03061
3953.92056,0.03058
3951.99182,0.03041
3950.06308,0.03013
3948.13433,0.02994
3946.20559,0.03013
3944.27685,0.03042
3942.34811,0.03032
3940.41937,0.03006
3938.49063,0.02998
3936.56188,0.03004
3934.63314,0.03024
3932.70440,0.03034
3930.77566,0.03020
3928.84692,0.03012
3926.91818,0.03014
3924.98943,0.03001
3923.06069,0.02986
3921.13195,0.02998
3919.20321,0.03012
3917.27447,0.03000
3915.34573,0.02984
3913.41698,0.02988
3911.48824,0.03007
3909.55950,0.03030
3907.63076,0.03052
3905.70202,0.03067
3903.77327,0.03058
3901.84453,0.03025
3899.91579,0.02991
3897.98705,0.02979
3896.05831,0.03004
3894.12957,0.03046
3892.20082,0.03053
3890.27208,0.03025
3888.34334,0.03024
3886.41460,0.03038
3884.48586,0.03037
3882.55712,0.03048
3880.62837,0.03039
3878.69963,0.03010
3876.77089,0.03018
3874.84215,0.03036
3872.91341,0.03037
3870.98467,0.03027
3869.05592,0.03012
3867.12718,0.03026
3865.19844,0.03034
3863.26970,0.03008
3861.34096,0.02998
3859.41221,0.03018
3857.48347,0.03064
3855.55473,0.03112
3853.62599,0.03047
3851.69725,0.02925
3849.76851,0.02920
3847.83976,0.02957
3845.91102,0.02988
3843.98228,0.03005
3842.05354,0.03022
3840.12480,0.03056
3838.19606,0.03058
3836.26731,0.03023
3834.33857,0.03002
3832.40983,0.02983
3830.48109,0.02962
3828.55235,0.02957
3826.62361,0.02966
3824.69486,0.02993
3822.76612,0.03021
3820.83738,0.03000
3818.90864,0.02962
3816.97990,0.02941
3815.05115,0.02902
3813.12241,0.02888
3811.19367,0.02919
3809.26493,0.02961
3807.33619,0.02965
3805.40745,0.02945
3803.47870,0.02954
3801.54996,0.02950
3799.62122,0.02937
3797.69248,0.02949
3795.76374,0.02946
3793.83500,0.02935
3791.90625,0.02939
3789.97751,0.02939
3788.04877,0.02935
3786.12003,0.02933
3784.19129,0.02935
3782.26255,0.02952
3780.33380,0.02961
3778.40506,0.02942
3776.47632,0.02940
3774.54758,0.02967
3772.61884,0.02986
3770.69009,0.02965
3768.76135,0.02923
3766.83261,0.02906
3764.90387,0.02921
3762.97513,0.02949
3761.04639,0.02963
3759.11764,0.02953
3757.18890,0.02949
3755.26016,0.02967
3753.33142,0.03000
3751.40268,0.03025
3749.47394,0.03001
3747.54519,0.02981
3745.61645,0.02977
3743.68771,0.02942
3741.75897,0.02929
3739.83023,0.02968
3737.90149,0.03010
3735.97274,0.03011
3734.04400,0.02974
3732.11526,0.02932
3730.18652,0.02910
3728.25778,0.02917
3726.32904,0.02935
3724.40029,0.02946
3722.47155,0.02942
3720.54281,0.02915
3718.61407,0.02890
3716.68533,0.02900
3714.75658,0.02952
3712.82784,0.03003
3710.89910,0.02971
3708.97036,0.02899
3707.04162,0.02881
3705.11288,0.02907
3703.18413,0.02932
3701.25539,0.02923
3699.32665,0.02909
3697.39791,0.02923
3695.46917,0.02957
3693.54043,0.02995
3691.61168,0.03007
3689.68294,0.02968
3687.75420,0.02920
3685.82546,0.02906
3683.89672,0.02910
3681.96798,0.02920
3680.03923,0.02934
3678.11049,0.02960
3676.18175,0.02976
3674.25301,0.02964
3672.32427,0.02962
3670.39552,0.02932
3668.46678,0.02889
3666.53804,0.02900
3664.60930,0.02925
3662.68056,0.02951
3660.75182,0.02984
3658.82307,0.03002
3656.89433,0.02999
3654.96559,0.03004
3653.03685,0.03036
3651.10811,0.03062
3649.17937,0.03028
3647.25062,0.02969
3645.32188,0.02967
3643.39314,0.02992
3641.46440,0.02993
3639.53566,0.02979
3637.60692,0.02985
3635.67817,0.03004
3633.74943,0.03026
3631.82069,0.03066
3629.89195,0.03095
3627.96321,0.03063
3626.03446,0.03038
3624.10572,0.03054
3622.17698,0.03096
3620.24824,0.03146
3618.31950,0.03150
3616.39076,0.03128
3614.46201,0.03120
3612.53327,0.03114
3610.60453,0.03108
3608.67579,0.03084
3606.74705,0.03044
3604.81831,0.03044
3602.88956,0.03089
3600.96082,0.03133
3599.03208,0.03149
3597.10334,0.03144
3595.17460,0.03148
3593.24586,0.03182
3591.31711,0.03224
3589.38837,0.03247
3587.45963,0.03233
3585.53089,0.03216
3583.60215,0.03217
3581.67340,0.03215
3579.74466,0.03212
3577.81592,0.03222
3575.88718,0.03242
3573.95844,0.03260
3572.02970,0.03273
3570.10095,0.03279
3568.17221,0.03271
3566.24347,0.03262
3564.31473,0.03291
3562.38599,0.03337
3560.45725,0.03371
3558.52850,0.03394
3556.59976,0.03417
3554.67102,0.03438
3552.74228,0.03447
3550.81354,0.03457
3548.88480,0.03478
3546.95605,0.03482
3545.02731,0.03475
3543.09857,0.03495
3541.16983,0.03535
3539.24109,0.03577
3537.31234,0.03608
3535.38360,0.03614
3533.45486,0.03596
3531.52612,0.03578
3529.59738,0.03596
3527.66864,0.03645
3525.73989,0.03687
3523.81115,0.03697
3521.88241,0.03691
3519.95367,0.03697
3518.02493,0.03711
3516.09619,0.03716
3514.16744,0.03718
3512.23870,0.03732
3510.30996,0.03746
3508.38122,0.03760
3506.45248,0.03785
3504.52374,0.03813
3502.59499,0.03837
3500.66625,0.03870
3498.73751,0.03913
3496.80877,0.03940
3494.88003,0.03942
3492.95128,0.03946
3491.02254,0.03965
3489.09380,0.03978
3487.16506,0.03991
3485.23632,0.04024
3483.30758,0.04055
3481.37883,0.04079
3479.45009,0.04111
3477.52135,0.04143
3475.59261,0.04169
3473.66387,0.04201
3471.73513,0.04233
3469.80638,0.04255
3467.87764,0.04278
3465.94890,0.04315
3464.02016,0.04358
3462.09142,0.04395
3460.16268,0.04428
3458.23393,0.04467
3456.30519,0.04520
3454.37645,0.04576
3452.44771,0.04612
3450.51897,0.04632
3448.59022,0.04662
3446.66148,0.04707
3444.73274,0.04747
3442.80400,0.04775
3440.87526,0.04801
3438.94652,0.04836
3437.01777,0.04883
3435.08903,0.04936
3433.16029,0.04977
3431.23155,0.04997
3429.30281,0.05017
3427.37407,0.05053
3425.44532,0.05096
3423.51658,0.05130
3421.58784,0.05151
3419.65910,0.05179
3417.73036,0.05227
3415.80162,0.05263
3413.87287,0.05281
3411.94413,0.05301
3410.01539,0.05325
3408.08665,0.05347
3406.15791,0.05376
3404.22917,0.05418
3402.30042,0.05455
3400.37168,0.05466
3398.44294,0.05463
3396.51420,0.05467
3394.58546,0.05485
3392.65671,0.05512
3390.72797,0.05544
3388.79923,0.05581
3386.87049,0.05615
3384.94175,0.05636
3383.01301,0.05646
3381.08426,0.05672
3379.15552,0.05713
3377.22678,0.05750
3375.29804,0.05783
3373.36930,0.05814
3371.44056,0.05831
3369.51181,0.05843
3367.58307,0.05887
3365.65433,0.05951
3363.72559,0.05982
3361.79685,0.05992
3359.86811,0.06033
3357.93936,0.06093
3356.01062,0.06142
3354.08188,0.06189
3352.15314,0.06250
3350.22440,0.06326
3348.29565,0.06400
3346.36691,0.06458
3344.43817,0.06513
3342.50943,0.06573
3340.58069,0.06617
3338.65195,0.06634
3336.72320,0.06647
3334.79446,0.06666
3332.86572,0.06686
3330.93698,0.06693
3329.00824,0.06693
3327.07950,0.06698
3325.15075,0.06699
3323.22201,0.06677
3321.29327,0.06646
3319.36453,0.06625
3317.43579,0.06608
3315.50705,0.06594
3313.57830,0.06594
3311.64956,0.06601
3309.72082,0.06602
3307.79208,0.06604
3305.86334,0.06619
3303.93459,0.06647
3302.00585,0.06674
3300.07711,0.06686
3298.14837,0.06686
3296.21963,0.06688
3294.29089,0.06706
3292.36214,0.06726
3290.43340,0.06730
3288.50466,0.06725
3286.57592,0.06728
3284.64718,0.06743
3282.71844,0.06763
3280.78969,0.06778
3278.86095,0.06790
3276.93221,0.06793
3275.00347,0.06782
3273.07473,0.06770
3271.14599,0.06764
3269.21724,0.06761
3267.28850,0.06753
3265.35976,0.06734
3263.43102,0.06715
3261.50228,0.06711
3259.57353,0.06708
3257.64479,0.06673
3255.71605,0.06610
3253.78731,0.06550
3251.85857,0.06507
3249.92983,0.06481
3248.00108,0.06455
3246.07234,0.06416
3244.14360,0.06381
3242.21486,0.06362
3240.28612,0.06345
3238.35738,0.06326
3236.42863,0.06304
3234.49989,0.06271
3232.57115,0.06241
3230.64241,0.06224
3228.71367,0.06211
3226.78493,0.06192
3224.85618,0.06166
3222.92744,0.06136
3220.99870,0.06110
3219.06996,0.06087
3217.14122,0.06066
3215.21247,0.06037
3213.28373,0.06003
3211.35499,0.05972
3209.42625,0.05946
3207.49751,0.05921
3205.56877,0.05886
3203.64002,0.05845
3201.71128,0.05819
3199.78254,0.05808
3197.85380,0.05793
3195.92506,0.05773
3193.99632,0.05752
3192.06757,0.05726
3190.13883,0.05699
3188.21009,0.05681
3186.28135,0.05663
3184.35261,0.05635
3182.42387,0.05609
3180.49512,0.05587
3178.56638,0.05558
3176.63764,0.05520
3174.70890,0.05487
3172.78016,0.05469
3170.85141,0.05458
3168.92267,0.05432
3166.99393,0.05402
3165.06519,0.05395
3163.13645,0.05403
3161.20771,0.05390
3159.27896,0.05361
3157.35022,0.05335
3155.42148,0.05308
3153.49274,0.05277
3151.56400,0.05252
3149.63526,0.05232
3147.70651,0.05211
3145.77777,0.05192
3143.84903,0.05189
3141.92029,0.05191
3139.99155,0.05175
3138.06281,0.05142
3136.13406,0.05115
3134.20532,0.05107
3132.27658,0.05103
3130.34784,0.05092
3128.41910,0.05081
3126.49035,0.05076
3124.56161,0.05070
3122.63287,0.05062
3120.70413,0.05055
3118.77539,0.05038
3116.84665,0.05002
3114.91790,0.04969
3112.98916,0.04955
3111.06042,0.04957
3109.13168,0.04968
3107.20294,0.04977
3105.27420,0.04970
3103.34545,0.04940
3101.41671,0.04903
3099.48797,0.04887
3097.55923,0.04887
3095.63049,0.04877
3093.70175,0.04860
3091.77300,0.04844
3089.84426,0.04821
3087.91552,0.04803
3085.98678,0.04802
3084.05804,0.04802
3082.12930,0.04795
3080.20055,0.04788
3078.27181,0.04773
3076.34307,0.04757
3074.41433,0.04755
3072.48559,0.04761
3070.55684,0.04754
3068.62810,0.04729
3066.69936,0.04702
3064.77062,0.04694
3062.84188,0.04699
3060.91314,0.04701
3058.98439,0.04689
3057.05565,0.04668
3055.12691,0.04655
3053.19817,0.04642
3051.26943,0.04616
3049.34069,0.04593
3047.41194,0.04578
3045.48320,0.04554
3043.55446,0.04524
3041.62572,0.04507
3039.69698,0.04501
3037.76824,0.04490
3035.83949,0.04476
3033.91075,0.04471
3031.98201,0.04468
3030.05327,0.04458
3028.12453,0.04446
3026.19578,0.04437
3024.26704,0.04431
3022.33830,0.04427
3020.40956,0.04428
3018.48082,0.04443
3016.55208,0.04463
3014.62333,0.04470
3012.69459,0.04466
3010.76585,0.04470
3008.83711,0.04490
3006.90837,0.04510
3004.97963,0.04518
3003.05088,0.04514
3001.12214,0.04508
2999.19340,0.04505
2997.26466,0.04497
2995.33592,0.04476
2993.40718,0.04456
2991.47843,0.04463
2989.54969,0.04490
2987.62095,0.04515
2985.69221,0.04539
2983.76347,0.04569
2981.83472,0.04601
2979.90598,0.04630
2977.97724,0.04656
2976.04850,0.04691
2974.11976,0.04749
2972.19102,0.04826
2970.26227,0.04892
2968.33353,0.04929
2966.40479,0.04949
2964.47605,0.04955
2962.54731,0.04936
2960.61857,0.04898
2958.68982,0.04862
2956.76108,0.04846
2954.83234,0.04844
2952.90360,0.04839
2950.97486,0.04831
2949.04612,0.04833
2947.11737,0.04842
2945.18863,0.04849
2943.25989,0.04844
2941.33115,0.04827
2939.40241,0.04818
2937.47366,0.04818
2935.54492,0.04815
2933.61618,0.04807
2931.68744,0.04801
2929.75870,0.04799
2927.82996,0.04814
2925.90121,0.04845
2923.97247,0.04878
2922.04373,0.04919
2920.11499,0.04978
2918.18625,0.05037
2916.25751,0.05086
2914.32876,0.05135
2912.40002,0.05194
2910.47128,0.05259
2908.54254,0.05321
2906.61380,0.05368
2904.68506,0.05401
2902.75631,0.05423
2900.82757,0.05434
2898.89883,0.05422
2896.97009,0.05395
2895.04135,0.05372
2893.11260,0.05356
2891.18386,0.05341
2889.25512,0.05324
2887.32638,0.05300
2885.39764,0.05270
2883.46890,0.05241
2881.54015,0.05219
2879.61141,0.05210
2877.68267,0.05211
2875.75393,0.05205
2873.82519,0.05191
2871.89645,0.05182
2869.96770,0.05185
2868.03896,0.05183
2866.11022,0.05163
2864.18148,0.05134
2862.25274,0.05116
2860.32400,0.05107
2858.39525,0.05098
2856.46651,0.05085
2854.53777,0.05076
2852.60903,0.05068
2850.68029,0.05047
2848.75154,0.05011
2846.82280,0.04971
2844.89406,0.04928
2842.96532,0.04877
2841.03658,0.04829
2839.10784,0.04794
2837.17909,0.04771
2835.25035,0.04747
2833.32161,0.04718
2831.39287,0.04693
2829.46413,0.04671
2827.53539,0.04641
2825.60664,0.04610
2823.67790,0.04594
2821.74916,0.04596
2819.82042,0.04596
2817.89168,0.04588
2815.96294,0.04579
2814.03419,0.04562
2812.10545,0.04542
2810.17671,0.04529
2808.24797,0.04515
2806.31923,0.04497
2804.39048,0.04487
2802.46174,0.04485
2800.53300,0.04479
2798.60426,0.04463
2796.67552,0.04440
2794.74678,0.04416
2792.81803,0.04405
2790.88929,0.04410
2788.96055,0.04418
2787.03181,0.04421
2785.10307,0.04416
2783.17433,0.04400
2781.24558,0.04376
2779.31684,0.04356
2777.38810,0.04348
2775.45936,0.04347
2773.53062,0.04344
2771.60188,0.04338
2769.67313,0.04332
2767.74439,0.04328
2765.81565,0.04325
2763.88691,0.04322
2761.95817,0.04318
2760.02943,0.04319
2758.10068,0.04321
2756.17194,0.04313
2754.24320,0.04301
2752.31446,0.04297
2750.38572,0.04302
2748.45697,0.04313
2746.52823,0.04319
2744.59949,0.04317
2742.67075,0.04309
2740.74201,0.04299
2738.81327,0.04288
2736.88452,0.04273
2734.95578,0.04260
2733.02704,0.04258
2731.09830,0.04262
2729.16956,0.04263
2727.24082,0.04255
2725.31207,0.04242
2723.38333,0.04240
2721.45459,0.04251
2719.52585,0.04258
2717.59711,0.04252
2715.66837,0.04249
2713.73962,0.04256
2711.81088,0.04256
2709.88214,0.04241
2707.95340,0.04232
2706.02466,0.04227
2704.09591,0.04222
2702.16717,0.04215
2700.23843,0.04204
2698.30969,0.04192
2696.38095,0.04185
2694.45221,0.04184
2692.52346,0.04181
2690.59472,0.04174
2688.66598,0.04169
2686.73724,0.04163
2684.80850,0.04160
2682.87976,0.04160
2680.95101,0.04161
2679.02227,0.04159
2677.09353,0.04150
2675.16479,0.04137
2673.23605,0.04126
2671.30731,0.04115
2669.37856,0.04113
2667.44982,0.04123
2665.52108,0.04129
2663.59234,0.04127
2661.66360,0.04132
2659.73485,0.04146
2657.80611,0.04160
2655.87737,0.04164
2653.94863,0.04163
2652.01989,0.04170
2650.09115,0.04183
2648.16240,0.04188
2646.23366,0.04182
2644.30492,0.04178
2642.37618,0.04178
2640.44744,0.04179
2638.51870,0.04182
2636.58995,0.04186
2634.66121,0.04189
2632.73247,0.04198
2630.80373,0.04203
2628.87499,0.04203
2626.94625,0.04202
2625.01750,0.04204
2623.08876,0.04205
2621.16002,0.04202
2619.23128,0.04198
2617.30254,0.04198
2615.37379,0.04198
2613.44505,0.04195
2611.51631,0.04195
2609.58757,0.04199
2607.65883,0.04194
2605.73009,0.04185
2603.80134,0.04182
2601.87260,0.04181
2599.94386,0.04174
2598.01512,0.04173
2596.08638,0.04184
2594.15764,0.04195
2592.22889,0.04202
2590.30015,0.04208
2588.37141,0.04211
2586.44267,0.04205
2584.51393,0.04208
2582.58519,0.04222
2580.65644,0.04223
2578.72770,0.04210
2576.79896,0.04194
2574.87022,0.04180
2572.94148,0.04170
2571.01273,0.04172
2569.08399,0.04176
2567.15525,0.04172
2565.22651,0.04168
2563.29777,0.04173
2561.36903,0.04183
2559.44028,0.04186
2557.51154,0.04175
2555.58280,0.04161
2553.65406,0.04161
2551.72532,0.04172
2549.79658,0.04187
2547.86783,0.04196
2545.93909,0.04195
2544.01035,0.04185
2542.08161,0.04178
2540.15287,0.04181
2538.22413,0.04190
2536.29538,0.04189
2534.36664,0.04172
2532.43790,0.04161
2530.50916,0.04161
2528.58042,0.04160
2526.65167,0.04162
2524.72293,0.04169
2522.79419,0.04175
2520.86545,0.04167
2518.93671,0.04146
2517.00797,0.04137
2515.07922,0.04144
2513.15048,0.04144
2511.22174,0.04140
2509.29300,0.04139
2507.36426,0.04142
2505.43552,0.04153
2503.50677,0.04155
2501.57803,0.04132
2499.64929,0.04109
2497.72055,0.04109
2495.79181,0.04117
2493.86307,0.04116
2491.93432,0.04102
2490.00558,0.04087
2488.07684,0.04084
2486.14810,0.04084
2484.21936,0.04073
2482.29061,0.04056
2480.36187,0.04044
2478.43313,0.04039
2476.50439,0.04031
2474.57565,0.04018
2472.64691,0.04008
2470.71816,0.04005
2468.78942,0.04015
2466.86068,0.04030
2464.93194,0.04034
2463.00320,0.04030
2461.07446,0.04022
2459.14571,0.04017
2457.21697,0.04033
2455.28823,0.04059
2453.35949,0.04068
2451.43075,0.04060
2449.50201,0.04047
2447.57326,0.04026
2445.64452,0.04004
2443.71578,0.03993
2441.78704,0.03993
2439.85830,0.04003
2437.92956,0.04013
2436.00081,0.04011
2434.07207,0.04002
2432.14333,0.03993
2430.21459,0.03983
2428.28585,0.03975
2426.35710,0.03978
2424.42836,0.03984
2422.49962,0.03978
2420.57088,0.03966
2418.64214,0.03959
2416.71340,0.03957
2414.78465,0.03966
2412.85591,0.03983
2410.92717,0.03981
2408.99843,0.03956
2407.06969,0.03936
2405.14095,0.03940
2403.21220,0.03954
2401.28346,0.03961
2399.35472,0.03957
2397.42598,0.03938
2395.49724,0.03913
2393.56850,0.03895
2391.63975,0.03893
2389.71101,0.03906
2387.78227,0.03918
2385.85353,0.03919
2383.92479,0.03915
2381.99604,0.03919
2380.06730,0.03934
2378.13856,0.03950
2376.20982,0.03960
2374.28108,0.03965
2372.35234,0.03955
2370.42359,0.03928
2368.49485,0.03915
2366.56611,0.03922
2364.63737,0.03924
2362.70863,0.03913
2360.77989,0.03890
2358.85114,0.03869
2356.92240,0.03864
2354.99366,0.03872
2353.06492,0.03870
2351.13618,0.03860
2349.20744,0.03867
2347.27869,0.03884
2345.34995,0.03878
2343.42121,0.03860
2341.49247,0.03862
2339.56373,0.03878
2337.63498,0.03894
2335.70624,0.03890
2333.77750,0.03861
2331.84876,0.03834
2329.92002,0.03828
2327.99128,0.03846
2326.06253,0.03895
2324.13379,0.03957
2322.20505,0.03988
2320.27631,0.03971
2318.34757,0.03935
2316.41883,0.03911
2314.49008,0.03908
2312.56134,0.03919
2310.63260,0.03929
2308.70386,0.03930
2306.77512,0.03924
2304.84638,0.03915
2302.91763,0.03904
2300.98889,0.03891
2299.06015,0.03880
2297.13141,0.03892
2295.20267,0.03928
2293.27392,0.03964
2291.34518,0.03987
2289.41644,0.03990
2287.48770,0.03978
2285.55896,0.03974
2283.63022,0.03990
2281.70147,0.03997
2279.77273,0.03980
2277.84399,0.03968
2275.91525,0.03972
2273.98651,0.03971
2272.05777,0.03963
2270.12902,0.03960
2268.20028,0.03969
2266.27154,0.03984
2264.34280,0.03975
2262.41406,0.03954
2260.48532,0.03973
2258.55657,0.04020
2256.62783,0.04032
2254.69909,0.04007
2252.77035,0.03985
2250.84161,0.03974
2248.91286,0.03959
2246.98412,0.03934
2245.05538,0.03912
2243.12664,0.03909
2241.19790,0.03940
2239.26916,0.03988
2237.34041,0.04009
2235.41167,0.03990
2233.48293,0.03974
2231.55419,0.03988
2229.62545,0.04008
2227.69671,0.04010
2225.76796,0.03993
2223.83922,0.03972
2221.91048,0.03975
2219.98174,0.03993
2218.05300,0.03999
2216.12426,0.03997
2214.19551,0.03987
2212.26677,0.03964
2210.33803,0.03941
2208.40929,0.03926
2206.48055,0.03916
2204.55180,0.03915
2202.62306,0.03919
2200.69432,0.03922
2198.76558,0.03923
2196.83684,0.03907
2194.90810,0.03892
2192.97935,0.03908
2191.05061,0.03938
2189.12187,0.03966
2187.19313,0.04003
2185.26439,0.04031
2183.33565,0.04030
2181.40690,0.03982
2179.47816,0.03923
2177.54942,0.03902
2175.62068,0.03902
2173.69194,0.03885
2171.76320,0.03861
2169.83445,0.03870
2167.90571,0.03913
2165.97697,0.03945
2164.04823,0.03970
2162.11949,0.04003
2160.19074,0.03946
2158.26200,0.03753
2156.33326,0.03598
2154.40452,0.03587
2152.47578,0.03635
2150.54704,0.03688
2148.61829,0.03751
2146.68955,0.03797
2144.76081,0.03790
2142.83207,0.03761
2140.90333,0.03747
2138.97459,0.03735
2137.04584,0.03711
2135.11710,0.03683
2133.18836,0.03671
2131.25962,0.03683
2129.33088,0.03709
2127.40214,0.03738
2125.47339,0.03772
2123.54465,0.03806
2121.61591,0.03818
2119.68717,0.03806
2117.75843,0.03807
2115.82969,0.03838
2113.90094,0.03869
2111.97220,0.03882
2110.04346,0.03890
2108.11472,0.03894
2106.18598,0.03884
2104.25723,0.03863
2102.32849,0.03834
2100.39975,0.03811
2098.47101,0.03811
2096.54227,0.03818
2094.61353,0.03805
2092.68478,0.03782
2090.75604,0.03775
2088.82730,0.03782
2086.89856,0.03786
2084.96982,0.03785
2083.04108,0.03790
2081.11233,0.03808
2079.18359,0.03825
2077.25485,0.03817
2075.32611,0.03796
2073.39737,0.03802
2071.46863,0.03827
2069.53988,0.03827
2067.61114,0.03811
2065.68240,0.03803
2063.75366,0.03794
2061.82492,0.03784
2059.89617,0.03780
2057.96743,0.03773
2056.03869,0.03753
2054.10995,0.03738
2052.18121,0.03761
2050.25247,0.03792
2048.32372,0.03785
2046.39498,0.03756
2044.46624,0.03734
2042.53750,0.03733
2040.60876,0.03753
2038.68002,0.03770
2036.75127,0.03785
2034.82253,0.03785
2032.89379,0.03739
2030.96505,0.03689
2029.03631,0.03681
2027.10757,0.03683
2025.17882,0.03660
2023.25008,0.03618
2021.32134,0.03584
2019.39260,0.03588
2017.46386,0.03629
2015.53511,0.03654
2013.60637,0.03628
2011.67763,0.03583
2009.74889,0.03561
2007.82015,0.03563
2005.89141,0.03565
2003.96266,0.03576
2002.03392,0.03604
2000.10518,0.03615
1998.17644,0.03605
1996.24770,0.03607
1994.31896,0.03628
1992.39021,0.03667
1990.46147,0.03713
1988.53273,0.03725
1986.60399,0.03694
1984.67525,0.03668
1982.74651,0.03676
1980.81776,0.03720
1978.88902,0.03767
1976.96028,0.03750
1975.03154,0.03682
1973.10280,0.03641
1971.17405,0.03625
1969.24531,0.03609
1967.31657,0.03619
1965.38783,0.03661
1963.45909,0.03691
1961.53035,0.03691
1959.60160,0.03681
1957.67286,0.03681
1955.74412,0.03689
1953.81538,0.03675
1951.88664,0.03635
1949.95790,0.03597
1948.02915,0.03574
1946.10041,0.03555
1944.17167,0.03542
1942.24293,0.03528
1940.31419,0.03516
1938.38545,0.03531
1936.45670,0.03554
1934.52796,0.03550
1932.59922,0.03534
1930.67048,0.03516
1928.74174,0.03482
1926.81299,0.03433
1924.88425,0.03393
1922.95551,0.03375
1921.02677,0.03376
1919.09803,0.03380
1917.16929,0.03367
1915.24054,0.03339
1913.31180,0.03312
1911.38306,0.03286
1909.45432,0.03267
1907.52558,0.03267
1905.59684,0.03281
1903.66809,0.03284
1901.73935,0.03273
1899.81061,0.03255
1897.88187,0.03246
1895.95313,0.03249
1894.02439,0.03237
1892.09564,0.03205
1890.16690,0.03180
1888.23816,0.03178
1886.30942,0.03182
1884.38068,0.03172
1882.45193,0.03162
1880.52319,0.03159
1878.59445,0.03145
1876.66571,0.03129
1874.73697,0.03131
1872.80823,0.03141
1870.87948,0.03133
1868.95074,0.03100
1867.02200,0.03068
1865.09326,0.03060
1863.16452,0.03064
1861.23578,0.03063
1859.30703,0.03049
1857.37829,0.03032
1855.44955,0.03028
1853.52081,0.03030
1851.59207,0.03029
1849.66333,0.03023
1847.73458,0.03018
1845.80584,0.03017
1843.87710,0.03014
1841.94836,0.03010
1840.01962,0.03006
1838.09087,0.02997
1836.16213,0.02998
1834.23339,0.03020
1832.30465,0.03042
1830.37591,0.03035
1828.44717,0.03008
1826.51842,0.02998
1824.58968,0.02997
1822.66094,0.02986
1820.73220,0.02966
1818.80346,0.02938
1816.87472,0.02908
1814.94597,0.02891
1813.01723,0.02891
1811.08849,0.02891
1809.15975,0.02877
1807.23101,0.02856
1805.30227,0.02837
1803.37352,0.02820
1801.44478,0.02800
1799.51604,0.02773
1797.58730,0.02748
1795.65856,0.02734
1793.72982,0.02720
1791.80107,0.02692
1789.87233,0.02666
1787.94359,0.02649
1786.01485,0.02628
1784.08611,0.02610
1782.15736,0.02602
1780.22862,0.02585
1778.29988,0.02563
1776.37114,0.02551
1774.44240,0.02540
1772.51366,0.02515
1770.58491,0.02491
1768.65617,0.02484
1766.72743,0.02483
1764.79869,0.02479
1762.86995,0.02470
1760.94121,0.02461
1759.01246,0.02475
1757.08372,0.02508
1755.15498,0.02552
1753.22624,0.02627
1751.29750,0.02757
1749.36876,0.02962
1747.44001,0.03229
1745.51127,0.03570
1743.58253,0.04010
1741.65379,0.04550
1739.72505,0.05190
1737.79630,0.05794
1735.86756,0.06359
1733.93882,0.07131
1732.01008,0.07929
1730.08134,0.08542
1728.15260,0.09138
1726.22385,0.09725
1724.29511,0.10328
1722.36637,0.10934
1720.43763,0.11474
1718.50889,0.12033
1716.58015,0.12644
1714.65140,0.13026
1712.72266,0.13166
1710.79392,0.13130
1708.86518,0.12929
1706.93644,0.12545
1705.00770,0.12007
1703.07895,0.11536
1701.15021,0.11023
1699.22147,0.10340
1697.29273,0.09781
1695.36399,0.09296
1693.43524,0.08942
1691.50650,0.08716
1689.57776,0.08492
1687.64902,0.08311
1685.72028,0.08173
1683.79154,0.07935
1681.86279,0.07706
1679.93405,0.07575
1678.00531,0.07461
1676.07657,0.07324
1674.14783,0.07170
1672.21909,0.07068
1670.29034,0.06952
1668.36160,0.06763
1666.43286,0.06633
1664.50412,0.06541
1662.57538,0.06396
1660.64664,0.06244
1658.71789,0.06166
1656.78915,0.06149
1654.86041,0.06138
1652.93167,0.06003
1651.00293,0.05869
1649.07418,0.05849
1647.14544,0.05793
1645.21670,0.05676
1643.28796,0.05612
1641.35922,0.05582
1639.43048,0.05566
1637.50173,0.05547
1635.57299,0.05458
1633.64425,0.05355
1631.71551,0.05320
1629.78677,0.05293
1627.85803,0.05240
1625.92928,0.05190
1624.00054,0.05139
1622.07180,0.05088
1620.14306,0.05074
1618.21432,0.05075
1616.28558,0.05042
1614.35683,0.05004
1612.42809,0.04979
1610.49935,0.04927
1608.57061,0.04847
1606.64187,0.04764
1604.71312,0.04688
1602.78438,0.04622
1600.85564,0.04568
1598.92690,0.04521
1596.99816,0.04474
1595.06942,0.04430
1593.14067,0.04396
1591.21193,0.04371
1589.28319,0.04348
1587.35445,0.04337
1585.42571,0.04351
1583.49697,0.04402
1581.56822,0.04490
1579.63948,0.04584
1577.71074,0.04636
1575.78200,0.04579
1573.85326,0.04479
1571.92452,0.04411
1569.99577,0.04317
1568.06703,0.04213
1566.13829,0.04154
1564.20955,0.04124
1562.28081,0.04128
1560.35206,0.04161
1558.42332,0.04098
1556.49458,0.03974
1554.56584,0.03916
1552.63710,0.03884
1550.70836,0.03866
1548.77961,0.03859
1546.85087,0.03869
1544.92213,0.03880
1542.99339,0.03882
1541.06465,0.03855
1539.13591,0.03757
1537.20716,0.03700
1535.27842,0.03699
1533.34968,0.03697
1531.42094,0.03684
1529.49220,0.03692
1527.56346,0.03706
1525.63471,0.03701
1523.70597,0.03683
1521.77723,0.03639
1519.84849,0.03581
1517.91975,0.03547
1515.99100,0.03522
1514.06226,0.03510
1512.13352,0.03548
1510.20478,0.03678
1508.27604,0.04011
1506.34730,0.04528
1504.41855,0.04652
1502.48981,0.04488
1500.56107,0.04233
1498.63233,0.03946
1496.70359,0.03688
1494.77485,0.03538
1492.84610,0.03490
1490.91736,0.03491
1488.98862,0.03531
1487.05988,0.03615
1485.13114,0.03732
1483.20240,0.03873
1481.27365,0.04024
1479.34491,0.04160
1477.41617,0.04292
1475.48743,0.04442
1473.55869,0.04601
1471.62995,0.04704
1469.70120,0.04713
1467.77246,0.04688
1465.84372,0.04675
1463.91498,0.04702
1461.98624,0.04771
1460.05749,0.04872
1458.12875,0.04996
1456.20001,0.05080
1454.27127,0.05099
1452.34253,0.05100
1450.41379,0.05079
1448.48504,0.05029
1446.55630,0.04966
1444.62756,0.04920
1442.69882,0.04890
1440.77008,0.04874
1438.84134,0.04878
1436.91259,0.04892
1434.98385,0.04893
1433.05511,0.04886
1431.12637,0.04862
1429.19763,0.04808
1427.26889,0.04747
1425.34014,0.04691
1423.41140,0.04653
1421.48266,0.04664
1419.55392,0.04762
1417.62518,0.05015
1415.69643,0.05448
1413.76769,0.06054
1411.83895,0.06761
1409.91021,0.07341
1407.98147,0.07571
1406.05273,0.07398
1404.12398,0.06940
1402.19524,0.06461
1400.26650,0.06043
1398.33776,0.05659
1396.40902,0.05363
1394.48028,0.05144
1392.55153,0.04998
1390.62279,0.04932
1388.69405,0.04911
1386.76531,0.04918
1384.83657,0.04954
1382.90783,0.05013
1380.97908,0.05095
1379.05034,0.05198
1377.12160,0.05317
1375.19286,0.05458
1373.26412,0.05617
1371.33537,0.05730
1369.40663,0.05746
1367.47789,0.05668
1365.54915,0.05555
1363.62041,0.05433
1361.69167,0.05313
1359.76292,0.05224
1357.83418,0.05169
1355.90544,0.05142
1353.97670,0.05150
1352.04796,0.05220
1350.11922,0.05399
1348.19047,0.05746
1346.26173,0.06303
1344.33299,0.07043
1342.40425,0.07844
1340.47551,0.08541
1338.54677,0.08902
1336.61802,0.08784
1334.68928,0.08288
1332.76054,0.07579
1330.83180,0.06834
1328.90306,0.06224
1326.97431,0.05834
1325.04557,0.05654
1323.11683,0.05627
1321.18809,0.05701
1319.25935,0.05849
1317.33061,0.06026
1315.40186,0.06177
1313.47312,0.06278
1311.54438,0.06333
1309.61564,0.06353
1307.68690,0.06350
1305.75816,0.06341
1303.82941,0.06348
1301.90067,0.06402
1299.97193,0.06527
1298.04319,0.06718
1296.11445,0.06964
1294.18571,0.07252
1292.25696,0.07554
1290.32822,0.07850
1288.39948,0.08145
1286.47074,0.08447
1284.54200,0.08759
1282.61325,0.09078
1280.68451,0.09386
1278.75577,0.09669
1276.82703,0.09939
1274.89829,0.10221
1272.96955,0.10526
1271.04080,0.10866
1269.11206,0.11245
1267.18332,0.11639
1265.25458,0.12025
1263.32584,0.12372
1261.39710,0.12650
1259.46835,0.12850
1257.53961,0.13002
1255.61087,0.13160
1253.68213,0.13368
1251.75339,0.13634
1249.82465,0.13930
1247.89590,0.14218
1245.96716,0.14463
1244.03842,0.14649
1242.10968,0.14766
1240.18094,0.14794
1238.25219,0.14721
1236.32345,0.14540
1234.39471,0.14247
1232.46597,0.13852
1230.53723,0.13401
1228.60849,0.12959
1226.67974,0.12560
1224.75100,0.12197
1222.82226,0.11852
1220.89352,0.11514
1218.96478,0.11173
1217.03604,0.10832
1215.10729,0.10517
1213.17855,0.10267
1211.24981,0.10108
1209.32107,0.10017
1207.39233,0.09923
1205.46359,0.09764
1203.53484,0.09538
1201.60610,0.09271
1199.67736,0.08979
1197.74862,0.08671
1195.81988,0.08356
1193.89113,0.08042
1191.96239,0.07747
1190.03365,0.07479
1188.10491,0.07248
1186.17617,0.07073
1184.24743,0.06964
1182.31868,0.06926
1180.38994,0.06960
1178.46120,0.07041
1176.53246,0.07148
1174.60372,0.07270
1172.67498,0.07391
1170.74623,0.07503
1168.81749,0.07620
1166.88875,0.07751
1164.96001,0.07888
1163.03127,0.07992
1161.10253,0.08017
1159.17378,0.07956
1157.24504,0.07846
1155.31630,0.07733
1153.38756,0.07640
1151.45882,0.07569
1149.53007,0.07532
1147.60133,0.07540
1145.67259,0.07574
1143.74385,0.07625
1141.81511,0.07727
1139.88637,0.07935
1137.95762,0.08287
1136.02888,0.08792
1134.10014,0.09414
1132.17140,0.10111
1130.24266,0.10868
1128.31392,0.11673
1126.38517,0.12474
1124.45643,0.13203
1122.52769,0.13823
1120.59895,0.14362
1118.67021,0.14862
1116.74147,0.15340
1114.81272,0.15799
1112.88398,0.16228
1110.95524,0.16608
1109.02650,0.16956
1107.09776,0.17322
1105.16902,0.17725
1103.24027,0.18109
1101.31153,0.18394
1099.38279,0.18540
1097.45405,0.18564
1095.52531,0.18492
1093.59656,0.18347
1091.66782,0.18163
1089.73908,0.17976
1087.81034,0.17802
1085.88160,0.17635
1083.95286,0.17467
1082.02411,0.17301
1080.09537,0.17144
1078.16663,0.16980
1076.23789,0.16782
1074.30915,0.16566
1072.38041,0.16387
1070.45166,0.16297
1068.52292,0.16309
1066.59418,0.16413
1064.66544,0.16611
1062.73670,0.16902
1060.80796,0.17218
1058.87921,0.17462
1056.95047,0.17589
1055.02173,0.17611
1053.09299,0.17564
1051.16425,0.17464
1049.23550,0.17292
1047.30676,0.17045
1045.37802,0.16775
1043.44928,0.16553
1041.52054,0.16424
1039.59180,0.16408
1037.66305,0.16489
1035.73431,0.16601
1033.80557,0.16651
1031.87683,0.16604
1029.94809,0.16514
1028.01935,0.16520
1026.09060,0.16786
1024.16186,0.17361
1022.23312,0.18121
1020.30438,0.18885
1018.37564,0.19491
1016.44690,0.19732
1014.51815,0.19489
1012.58941,0.18918
1010.66067,0.18303
1008.73193,0.17812
1006.80319,0.17475
1004.87444,0.17249
1002.94570,0.17083
1001.01696,0.16943
999.08822,0.16800
997.15948,0.16628
995.23074,0.16424
993.30199,0.16221
991.37325,0.16075
989.44451,0.16022
987.51577,0.16044
985.58703,0.16098
983.65829,0.16127
981.72954,0.16086
979.80080,0.15979
977.87206,0.15841
975.94332,0.15710
974.01458,0.15609
972.08584,0.15536
970.15709,0.15449
968.22835,0.15293
966.29961,0.15055
964.37087,0.14769
962.44213,0.14479
960.51338,0.14207
958.58464,0.13943
956.65590,0.13664
954.72716,0.13386
952.79842,0.13139
950.86968,0.12928
948.94093,0.12731
947.01219,0.12535
945.08345,0.12343
943.15471,0.12162
941.22597,0.11998
939.29723,0.11839
937.36848,0.11676
935.43974,0.11534
933.51100,0.11419
931.58226,0.11308
929.65352,0.11192
927.72478,0.11077
925.79603,0.10964
923.86729,0.10864
921.93855,0.10778
920.00981,0.10689
918.08107,0.10594
916.15232,0.10516
914.22358,0.10480
912.29484,0.10485
910.36610,0.10509
908.43736,0.10545
906.50862,0.10599
904.57987,0.10668
902.65113,0.10743
900.72239,0.10811
898.79365,0.10838
896.86491,0.10803
894.93617,0.10732
893.00742,0.10647
891.07868,0.10547
889.14994,0.10455
887.22120,0.10403
885.29246,0.10417
883.36372,0.10517
881.43497,0.10717
879.50623,0.11028
877.57749,0.11487
875.64875,0.12146
873.72001,0.12903
871.79126,0.13330
869.86252,0.13087
867.93378,0.12430
866.00504,0.11805
864.07630,0.11366
862.14756,0.11097
860.21881,0.10959
858.29007,0.10913
856.36133,0.10916
854.43259,0.10930
852.50385,0.10994
850.57511,0.11145
848.64636,0.11306
846.71762,0.11377
844.78888,0.11337
842.86014,0.11213
840.93140,0.11039
839.00266,0.10847
837.07391,0.10662
835.14517,0.10498
833.21643,0.10339
831.28769,0.10174
829.35895,0.10020
827.43020,0.09882
825.50146,0.09763
823.57272,0.09671
821.64398,0.09605
819.71524,0.09558
817.78650,0.09523
815.85775,0.09496
813.92901,0.09455
812.00027,0.09380
810.07153,0.09316
808.14279,0.09299
806.21405,0.09275
804.28530,0.09211
802.35656,0.09153
800.42782,0.09134
798.49908,0.09178
796.57034,0.09315
794.64160,0.09509
792.71285,0.09629
790.78411,0.09602
788.85537,0.09476
786.92663,0.09319
784.99789,0.09143
783.06915,0.08958
781.14040,0.08804
779.21166,0.08704
777.28292,0.08623
775.35418,0.08538
773.42544,0.08439
771.49669,0.08313
769.56795,0.08179
767.63921,0.08060
765.71047,0.07951
763.78173,0.07854
761.85299,0.07761
759.92424,0.07640
757.99550,0.07494
756.06676,0.07365
754.13802,0.07263
752.20928,0.07174
750.28054,0.07091
748.35179,0.07020
746.42305,0.06988
744.49431,0.07052
742.56557,0.07281
740.63683,0.07768
738.70809,0.08604
736.77934,0.09797
734.85060,0.11274
732.92186,0.12937
730.99312,0.14708
729.06438,0.16512
727.13563,0.18209
725.20689,0.19582
723.27815,0.20405
721.34941,0.20590
719.42067,0.20297
717.49193,0.19797
715.56318,0.19263
713.63444,0.18764
711.70570,0.18336
709.77696,0.17990
707.84822,0.17701
705.91948,0.17435
703.99073,0.17178
702.06199,0.16917
700.13325,0.16632
698.20451,0.16339
696.27577,0.16042
694.34703,0.15714
692.41828,0.15416
690.48954,0.15223
688.56080,0.15109
686.63206,0.15026
684.70332,0.14964
682.77457,0.14925
680.84583,0.14926
678.91709,0.14960
676.98835,0.15029
675.05961,0.15109
673.13087,0.15181
671.20212,0.15271
669.27338,0.15336
667.34464,0.15365
665.41590,0.15466
663.48716,0.15558
661.55842,0.15534
659.62967,0.15394
657.70093,0.15223
655.77219,0.15094
653.84345,0.14977
651.91471,0.14837
649.98597,0.14719
648.05722,0.14691
646.12848,0.14746
644.19974,0.14793
642.27100,0.14808
640.34226,0.14825
638.41351,0.14857
636.48477,0.14945
634.55603,0.15158
632.62729,0.15369
630.69855,0.15343
628.76981,0.15223
626.84106,0.15340
624.91232,0.15623
622.98358,0.15760
621.05484,0.15748
619.12610,0.15772
617.19736,0.15845
615.26861,0.15874
613.33987,0.15950
611.41113,0.16214
609.48239,0.16360
607.55365,0.16126
605.62491,0.15915
603.69616,0.16004
601.76742,0.16174
599.83868,0.16282
