12493.60475,0.14383
12489.74751,0.14350
12485.89027,0.14240
12482.03303,0.14112
12478.17579,0.14166
12474.31855,0.14172
12470.46130,0.14120
12466.60406,0.14365
12462.74682,0.14659
12458.88958,0.14713
12455.03234,0.14815
12451.17510,0.14886
12447.31786,0.14602
12443.46062,0.14266
12439.60337,0.14262
12435.74613,0.14327
12431.88889,0.14113
12428.03165,0.13896
12424.17441,0.14108
12420.31717,0.14598
12416.45993,0.14807
12412.60268,0.14563
12408.74544,0.14272
12404.88820,0.14254
12401.03096,0.14473
12397.17372,0.14649
12393.31648,0.14557
12389.45924,0.14392
12385.60199,0.14407
12381.74475,0.14567
12377.88751,0.14787
12374.03027,0.15054
12370.17303,0.15212
12366.31579,0.15097
12362.45855,0.14838
12358.60131,0.14522
12354.74406,0.14249
12350.88682,0.14248
12347.02958,0.14449
12343.17234,0.14661
12339.31510,0.14759
12335.45786,0.14675
12331.60062,0.14633
12327.74337,0.14730
12323.88613,0.14718
12320.02889,0.14676
12316.17165,0.14831
12312.31441,0.15018
12308.45717,0.15065
12304.59993,0.14948
12300.74268,0.14716
12296.88544,0.14583
12293.02820,0.14635
12289.17096,0.14687
12285.31372,0.14535
12281.45648,0.14366
12277.59924,0.14433
12273.74200,0.14532
12269.88475,0.14552
12266.02751,0.14645
12262.17027,0.14705
12258.31303,0.14646
12254.45579,0.14600
12250.59855,0.14621
12246.74131,0.14658
12242.88406,0.14646
12239.02682,0.14681
12235.16958,0.14816
12231.31234,0.14800
12227.45510,0.14645
12223.59786,0.14548
12219.74062,0.14430
12215.88338,0.14346
12212.02613,0.14475
12208.16889,0.14651
12204.31165,0.14624
12200.45441,0.14443
12196.59717,0.14229
12192.73993,0.14034
12188.88269,0.13980
12185.02544,0.14106
12181.16820,0.14315
12177.31096,0.14481
12173.45372,0.14555
12169.59648,0.14620
12165.73924,0.14736
12161.88200,0.14800
12158.02475,0.14670
12154.16751,0.14443
12150.31027,0.14369
12146.45303,0.14468
12142.59579,0.14601
12138.73855,0.14646
12134.88131,0.14540
12131.02407,0.14342
12127.16682,0.14126
12123.30958,0.13894
12119.45234,0.13657
12115.59510,0.13612
12111.73786,0.13955
12107.88062,0.14440
12104.02338,0.14703
12100.16613,0.14677
12096.30889,0.14429
12092.45165,0.14157
12088.59441,0.14072
12084.73717,0.14110
12080.87993,0.14116
12077.02269,0.14129
12073.16544,0.14228
12069.30820,0.14348
12065.45096,0.14441
12061.59372,0.14544
12057.73648,0.14676
12053.87924,0.14712
12050.02200,0.14506
12046.16476,0.14263
12042.30751,0.14255
12038.45027,0.14388
12034.59303,0.14509
12030.73579,0.14601
12026.87855,0.14638
12023.02131,0.14639
12019.16407,0.14730
12015.30682,0.14930
12011.44958,0.15093
12007.59234,0.15074
12003.73510,0.14822
11999.87786,0.14552
11996.02062,0.14560
11992.16338,0.14752
11988.30614,0.14888
11984.44889,0.14900
11980.59165,0.14826
11976.73441,0.14815
11972.87717,0.14849
11969.01993,0.14804
11965.16269,0.14793
11961.30545,0.14868
11957.44820,0.14935
11953.59096,0.14916
11949.73372,0.14698
11945.87648,0.14448
11942.01924,0.14543
11938.16200,0.14896
11934.30476,0.15042
11930.44751,0.14909
11926.59027,0.14850
11922.73303,0.14993
11918.87579,0.15098
11915.01855,0.14993
11911.16131,0.14858
11907.30407,0.14818
11903.44683,0.14773
11899.58958,0.14752
11895.73234,0.14765
11891.87510,0.14748
11888.01786,0.14726
11884.16062,0.14739
11880.30338,0.14827
11876.44614,0.14997
11872.58889,0.15205
11868.73165,0.15288
11864.87441,0.15175
11861.01717,0.15112
11857.15993,0.15236
11853.30269,0.15354
11849.44545,0.15322
11845.58820,0.15351
11841.73096,0.15506
11837.87372,0.15518
11834.01648,0.15418
11830.15924,0.15366
11826.30200,0.15271
11822.44476,0.15111
11818.58752,0.14966
11814.73027,0.14810
11810.87303,0.14672
11807.01579,0.14689
11803.15855,0.14800
11799.30131,0.14852
11795.44407,0.14846
11791.58683,0.14815
11787.72958,0.14785
11783.87234,0.14782
11780.01510,0.14862
11776.15786,0.15058
11772.30062,0.15237
11768.44338,0.15265
11764.58614,0.15159
11760.72890,0.15032
11756.87165,0.14949
11753.01441,0.14899
11749.15717,0.14928
11745.29993,0.15059
11741.44269,0.15141
11737.58545,0.15104
11733.72821,0.15100
11729.87096,0.15182
11726.01372,0.15245
11722.15648,0.15260
11718.29924,0.15238
11714.44200,0.15184
11710.58476,0.15160
11706.72752,0.15178
11702.87027,0.15172
11699.01303,0.15122
11695.15579,0.15051
11691.29855,0.14945
11687.44131,0.14871
11683.58407,0.14948
11679.72683,0.15050
11675.86959,0.15015
11672.01234,0.14989
11668.15510,0.15084
11664.29786,0.15180
11660.44062,0.15191
11656.58338,0.15135
11652.72614,0.15076
11648.86890,0.15009
11645.01165,0.14836
11641.15441,0.14702
11637.29717,0.14829
11633.43993,0.14980
11629.58269,0.14909
11625.72545,0.14796
11621.86821,0.14800
11618.01096,0.14845
11614.15372,0.14789
11610.29648,0.14681
11606.43924,0.14675
11602.58200,0.14715
11598.72476,0.14664
11594.86752,0.14540
11591.01028,0.14494
11587.15303,0.14575
11583.29579,0.14614
11579.43855,0.14547
11575.58131,0.14597
11571.72407,0.14807
11567.86683,0.14829
11564.00959,0.14544
11560.15234,0.14340
11556.29510,0.14531
11552.43786,0.14934
11548.58062,0.15109
11544.72338,0.14956
11540.86614,0.14784
11537.00890,0.14802
11533.15166,0.14834
11529.29441,0.14677
11525.43717,0.14507
11521.57993,0.14541
11517.72269,0.14673
11513.86545,0.14737
11510.00821,0.14721
11506.15097,0.14825
11502.29372,0.15156
11498.43648,0.15295
11494.57924,0.14990
11490.72200,0.14794
11486.86476,0.15068
11483.00752,0.15369
11479.15028,0.15293
11475.29303,0.15014
11471.43579,0.14855
11467.57855,0.14872
11463.72131,0.14899
11459.86407,0.14792
11456.00683,0.14669
11452.14959,0.14761
11448.29235,0.14922
11444.43510,0.14883
11440.57786,0.14751
11436.72062,0.14673
11432.86338,0.14665
11429.00614,0.14769
11425.14890,0.14784
11421.29166,0.14564
11417.43441,0.14460
11413.57717,0.14639
11409.71993,0.14759
11405.86269,0.14684
11402.00545,0.14602
11398.14821,0.14531
11394.29097,0.14449
11390.43372,0.14446
11386.57648,0.14464
11382.71924,0.14467
11378.86200,0.14501
11375.00476,0.14476
11371.14752,0.14340
11367.29028,0.14206
11363.43304,0.14253
11359.57579,0.14510
11355.71855,0.14642
11351.86131,0.14454
11348.00407,0.14316
11344.14683,0.14470
11340.28959,0.14663
11336.43235,0.14649
11332.57510,0.14480
11328.71786,0.14447
11324.86062,0.14687
11321.00338,0.14899
11317.14614,0.14808
11313.28890,0.14584
11309.43166,0.14474
11305.57442,0.14440
11301.71717,0.14393
11297.85993,0.14385
11294.00269,0.14442
11290.14545,0.14526
11286.28821,0.14612
11282.43097,0.14656
11278.57373,0.14615
11274.71648,0.14593
11270.85924,0.14606
11267.00200,0.14535
11263.14476,0.14524
11259.28752,0.14662
11255.43028,0.14711
11251.57304,0.14611
11247.71579,0.14500
11243.85855,0.14397
11240.00131,0.14314
11236.14407,0.14308
11232.28683,0.14361
11228.42959,0.14455
11224.57235,0.14583
11220.71511,0.14647
11216.85786,0.14593
11213.00062,0.14479
11209.14338,0.14354
11205.28614,0.14260
11201.42890,0.14268
11197.57166,0.14374
11193.71442,0.14455
11189.85717,0.14465
11185.99993,0.14456
11182.14269,0.14418
11178.28545,0.14365
11174.42821,0.14373
11170.57097,0.14397
11166.71373,0.14357
11162.85648,0.14325
11158.99924,0.14406
11155.14200,0.14538
11151.28476,0.14561
11147.42752,0.14460
11143.57028,0.14397
11139.71304,0.14463
11135.85580,0.14551
11131.99855,0.14508
11128.14131,0.14353
11124.28407,0.14261
11120.42683,0.14312
11116.56959,0.14427
11112.71235,0.14462
11108.85511,0.14355
11104.99786,0.14236
11101.14062,0.14221
11097.28338,0.14266
11093.42614,0.14264
11089.56890,0.14215
11085.71166,0.14284
11081.85442,0.14435
11077.99718,0.14432
11074.13993,0.14342
11070.28269,0.14357
11066.42545,0.14425
11062.56821,0.14444
11058.71097,0.14427
11054.85373,0.14439
11050.99649,0.14535
11047.13924,0.14620
11043.28200,0.14608
11039.42476,0.14577
11035.56752,0.14539
11031.71028,0.14471
11027.85304,0.14449
11023.99580,0.14461
11020.13855,0.14453
11016.28131,0.14464
11012.42407,0.14529
11008.56683,0.14625
11004.70959,0.14677
11000.85235,0.14611
10996.99511,0.14499
10993.13787,0.14472
10989.28062,0.14489
10985.42338,0.14467
10981.56614,0.14438
10977.70890,0.14432
10973.85166,0.14442
10969.99442,0.14456
10966.13718,0.14440
10962.27993,0.14374
10958.42269,0.14320
10954.56545,0.14347
10950.70821,0.14366
10946.85097,0.14299
10942.99373,0.14227
10939.13649,0.14207
10935.27924,0.14204
10931.42200,0.14191
10927.56476,0.14212
10923.70752,0.14304
10919.85028,0.14346
10915.99304,0.14312
10912.13580,0.14343
10908.27856,0.14387
10904.42131,0.14354
10900.56407,0.14312
10896.70683,0.14285
10892.84959,0.14270
10888.99235,0.14289
10885.13511,0.14322
10881.27787,0.14332
10877.42062,0.14321
10873.56338,0.14316
10869.70614,0.14304
10865.84890,0.14240
10861.99166,0.14144
10858.13442,0.14057
10854.27718,0.14020
10850.41993,0.14067
10846.56269,0.14115
10842.70545,0.14079
10838.84821,0.14055
10834.99097,0.14122
10831.13373,0.14149
10827.27649,0.14060
10823.41925,0.13967
10819.56200,0.13922
10815.70476,0.13929
10811.84752,0.13998
10807.99028,0.14026
10804.13304,0.13980
10800.27580,0.13943
10796.41856,0.13927
10792.56131,0.13933
10788.70407,0.13976
10784.84683,0.14001
10780.98959,0.13963
10777.13235,0.13942
10773.27511,0.14007
10769.41787,0.14098
10765.56063,0.14135
10761.70338,0.14098
10757.84614,0.14025
10753.98890,0.14002
10750.13166,0.14047
10746.27442,0.14080
10742.41718,0.14047
10738.55994,0.13973
10734.70269,0.13931
10730.84545,0.13959
10726.98821,0.14004
10723.13097,0.14025
10719.27373,0.14058
10715.41649,0.14123
10711.55925,0.14169
10707.70200,0.14177
10703.84476,0.14171
10699.98752,0.14138
10696.13028,0.14082
10692.27304,0.14073
10688.41580,0.14095
10684.55856,0.14083
10680.70132,0.14051
10676.84407,0.14053
10672.98683,0.14101
10669.12959,0.14150
10665.27235,0.14146
10661.41511,0.14102
10657.55787,0.14065
10653.70063,0.14012
10649.84338,0.13943
10645.98614,0.13913
10642.12890,0.13922
10638.27166,0.13933
10634.41442,0.13933
10630.55718,0.13927
10626.69994,0.13950
10622.84269,0.14005
10618.98545,0.14041
10615.12821,0.14031
10611.27097,0.14003
10607.41373,0.13984
10603.55649,0.14015
10599.69925,0.14082
10595.84201,0.14092
10591.98476,0.14040
10588.12752,0.13988
10584.27028,0.13943
10580.41304,0.13916
10576.55580,0.13945
10572.69856,0.13974
10568.84132,0.13935
10564.98407,0.13871
10561.12683,0.13823
10557.26959,0.13797
10553.41235,0.13795
10549.55511,0.13748
10545.69787,0.13663
10541.84063,0.13624
10537.98339,0.13633
10534.12614,0.13669
10530.26890,0.13717
10526.41166,0.13730
10522.55442,0.13672
10518.69718,0.13608
10514.83994,0.13619
10510.98270,0.13659
10507.12545,0.13686
10503.26821,0.13723
10499.41097,0.13744
10495.55373,0.13731
10491.69649,0.13718
10487.83925,0.13712
10483.98201,0.13690
10480.12476,0.13678
10476.26752,0.13727
10472.41028,0.13791
10468.55304,0.13775
10464.69580,0.13692
10460.83856,0.13621
10456.98132,0.13610
10453.12408,0.13660
10449.26683,0.13711
10445.40959,0.13722
10441.55235,0.13703
10437.69511,0.13657
10433.83787,0.13607
10429.98063,0.13595
10426.12339,0.13611
10422.26614,0.13611
10418.40890,0.13587
10414.55166,0.13561
10410.69442,0.13550
10406.83718,0.13576
10402.97994,0.13617
10399.12270,0.13633
10395.26545,0.13647
10391.40821,0.13654
10387.55097,0.13624
10383.69373,0.13585
10379.83649,0.13575
10375.97925,0.13601
10372.12201,0.13647
10368.26477,0.13672
10364.40752,0.13641
10360.55028,0.13581
10356.69304,0.13575
10352.83580,0.13621
10348.97856,0.13631
10345.12132,0.13604
10341.26408,0.13600
10337.40683,0.13594
10333.54959,0.13559
10329.69235,0.13526
10325.83511,0.13534
10321.97787,0.13575
10318.12063,0.13597
10314.26339,0.13609
10310.40615,0.13647
10306.54890,0.13677
10302.69166,0.13671
10298.83442,0.13654
10294.97718,0.13643
10291.11994,0.13641
10287.26270,0.13637
10283.40546,0.13654
10279.54821,0.13725
10275.69097,0.13774
10271.83373,0.13741
10267.97649,0.13697
10264.11925,0.13688
10260.26201,0.13679
10256.40477,0.13644
10252.54752,0.13611
10248.69028,0.13605
10244.83304,0.13634
10240.97580,0.13683
10237.11856,0.13695
10233.26132,0.13664
10229.40408,0.13668
10225.54684,0.13693
10221.68959,0.13672
10217.83235,0.13630
10213.97511,0.13615
10210.11787,0.13622
10206.26063,0.13635
10202.40339,0.13646
10198.54615,0.13671
10194.68890,0.13702
10190.83166,0.13724
10186.97442,0.13745
10183.11718,0.13743
10179.25994,0.13703
10175.40270,0.13670
10171.54546,0.13673
10167.68821,0.13700
10163.83097,0.13712
10159.97373,0.13711
10156.11649,0.13727
10152.25925,0.13751
10148.40201,0.13763
10144.54477,0.13775
10140.68753,0.13804
10136.83028,0.13823
10132.97304,0.13833
10129.11580,0.13870
10125.25856,0.13902
10121.40132,0.13905
10117.54408,0.13896
10113.68684,0.13862
10109.82959,0.13815
10105.97235,0.13782
10102.11511,0.13731
10098.25787,0.13660
10094.40063,0.13611
10090.54339,0.13624
10086.68615,0.13683
10082.82891,0.13725
10078.97166,0.13740
10075.11442,0.13755
10071.25718,0.13770
10067.39994,0.13786
10063.54270,0.13792
10059.68546,0.13782
10055.82822,0.13780
10051.97097,0.13799
10048.11373,0.13831
10044.25649,0.13846
10040.39925,0.13824
10036.54201,0.13773
10032.68477,0.13722
10028.82753,0.13701
10024.97028,0.13728
10021.11304,0.13768
10017.25580,0.13769
10013.39856,0.13756
10009.54132,0.13766
10005.68408,0.13753
10001.82684,0.13711
9997.96960,0.13711
9994.11235,0.13750
9990.25511,0.13760
9986.39787,0.13726
9982.54063,0.13699
9978.68339,0.13720
9974.82615,0.13766
9970.96891,0.13791
9967.11166,0.13793
9963.25442,0.13787
9959.39718,0.13781
9955.53994,0.13773
9951.68270,0.13781
9947.82546,0.13822
9943.96822,0.13860
9940.11097,0.13862
9936.25373,0.13835
9932.39649,0.13805
9928.53925,0.13812
9924.68201,0.13838
9920.82477,0.13819
9916.96753,0.13761
9913.11029,0.13731
9909.25304,0.13733
9905.39580,0.13732
9901.53856,0.13747
9897.68132,0.13783
9893.82408,0.13784
9889.96684,0.13743
9886.10960,0.13729
9882.25235,0.13762
9878.39511,0.13780
9874.53787,0.13752
9870.68063,0.13712
9866.82339,0.13673
9862.96615,0.13630
9859.10891,0.13617
9855.25167,0.13663
9851.39442,0.13735
9847.53718,0.13787
9843.67994,0.13812
9839.82270,0.13817
9835.96546,0.13818
9832.10822,0.13808
9828.25098,0.13765
9824.39373,0.13717
9820.53649,0.13708
9816.67925,0.13708
9812.82201,0.13678
9808.96477,0.13652
9805.10753,0.13683
9801.25029,0.13739
9797.39304,0.13746
9793.53580,0.13721
9789.67856,0.13727
9785.82132,0.13764
9781.96408,0.13786
9778.10684,0.13764
9774.24960,0.13705
9770.39236,0.13643
9766.53511,0.13620
9762.67787,0.13643
9758.82063,0.13674
9754.96339,0.13681
9751.10615,0.13688
9747.24891,0.13714
9743.39167,0.13719
9739.53442,0.13682
9735.67718,0.13633
9731.81994,0.13583
9727.96270,0.13525
9724.10546,0.13496
9720.24822,0.13529
9716.39098,0.13588
9712.53373,0.13626
9708.67649,0.13647
9704.81925,0.13655
9700.96201,0.13640
9697.10477,0.13611
9693.24753,0.13596
9689.39029,0.13613
9685.53305,0.13650
9681.67580,0.13650
9677.81856,0.13593
9673.96132,0.13542
9670.10408,0.13523
9666.24684,0.13514
9662.38960,0.13507
9658.53236,0.13510
9654.67511,0.13521
9650.81787,0.13518
9646.96063,0.13505
9643.10339,0.13498
9639.24615,0.13490
9635.38891,0.13480
9631.53167,0.13477
9627.67443,0.13481
9623.81718,0.13494
9619.95994,0.13521
9616.10270,0.13535
9612.24546,0.13498
9608.38822,0.13436
9604.53098,0.13414
9600.67374,0.13454
9596.81649,0.13514
9592.95925,0.13536
9589.10201,0.13517
9585.24477,0.13493
9581.38753,0.13461
9577.53029,0.13416
9573.67305,0.13394
9569.81580,0.13412
9565.95856,0.13431
9562.10132,0.13427
9558.24408,0.13420
9554.38684,0.13433
9550.52960,0.13471
9546.67236,0.13501
9542.81512,0.13498
9538.95787,0.13497
9535.10063,0.13520
9531.24339,0.13527
9527.38615,0.13504
9523.52891,0.13477
9519.67167,0.13450
9515.81443,0.13425
9511.95718,0.13407
9508.09994,0.13386
9504.24270,0.13382
9500.38546,0.13404
9496.52822,0.13425
9492.67098,0.13432
9488.81374,0.13425
9484.95649,0.13398
9481.09925,0.13364
9477.24201,0.13347
9473.38477,0.13343
9469.52753,0.13352
9465.67029,0.13390
9461.81305,0.13430
9457.95581,0.13433
9454.09856,0.13404
9450.24132,0.13370
9446.38408,0.13353
9442.52684,0.13377
9438.66960,0.13416
9434.81236,0.13410
9430.95512,0.13366
9427.09787,0.13356
9423.24063,0.13390
9419.38339,0.13403
9415.52615,0.13364
9411.66891,0.13328
9407.81167,0.13338
9403.95443,0.13372
9400.09719,0.13399
9396.23994,0.13418
9392.38270,0.13441
9388.52546,0.13457
9384.66822,0.13449
9380.81098,0.13416
9376.95374,0.13372
9373.09650,0.13331
9369.23925,0.13310
9365.38201,0.13322
9361.52477,0.13347
9357.66753,0.13352
9353.81029,0.13351
9349.95305,0.13350
9346.09581,0.13329
9342.23856,0.13316
9338.38132,0.13342
9334.52408,0.13365
9330.66684,0.13353
9326.80960,0.13328
9322.95236,0.13312
9319.09512,0.13325
9315.23788,0.13351
9311.38063,0.13353
9307.52339,0.13348
9303.66615,0.13359
9299.80891,0.13363
9295.95167,0.13339
9292.09443,0.13299
9288.23719,0.13278
9284.37994,0.13290
9280.52270,0.13310
9276.66546,0.13318
9272.80822,0.13313
9268.95098,0.13302
9265.09374,0.13292
9261.23650,0.13285
9257.37925,0.13287
9253.52201,0.13298
9249.66477,0.13299
9245.80753,0.13281
9241.95029,0.13264
9238.09305,0.13273
9234.23581,0.13304
9230.37857,0.13317
9226.52132,0.13301
9222.66408,0.13288
9218.80684,0.13308
9214.94960,0.13327
9211.09236,0.13315
9207.23512,0.13294
9203.37788,0.13290
9199.52063,0.13297
9195.66339,0.13295
9191.80615,0.13271
9187.94891,0.13241
9184.09167,0.13240
9180.23443,0.13274
9176.37719,0.13309
9172.51995,0.13324
9168.66270,0.13320
9164.80546,0.13308
9160.94822,0.13293
9157.09098,0.13279
9153.23374,0.13278
9149.37650,0.13290
9145.51926,0.13296
9141.66201,0.13300
9137.80477,0.13300
9133.94753,0.13292
9130.09029,0.13282
9126.23305,0.13270
9122.37581,0.13267
9118.51857,0.13281
9114.66132,0.13286
9110.80408,0.13285
9106.94684,0.13297
9103.08960,0.13320
9099.23236,0.13339
9095.37512,0.13344
9091.51788,0.13334
9087.66064,0.13313
9083.80339,0.13294
9079.94615,0.13306
9076.08891,0.13340
9072.23167,0.13345
9068.37443,0.13321
9064.51719,0.13306
9060.65995,0.13305
9056.80270,0.13314
9052.94546,0.13330
9049.08822,0.13348
9045.23098,0.13361
9041.37374,0.13356
9037.51650,0.13335
9033.65926,0.13308
9029.80201,0.13284
9025.94477,0.13285
9022.08753,0.13317
9018.23029,0.13361
9014.37305,0.13392
9010.51581,0.13400
9006.65857,0.13394
9002.80133,0.13392
8998.94408,0.13400
8995.08684,0.13424
8991.22960,0.13456
8987.37236,0.13481
8983.51512,0.13486
8979.65788,0.13483
8975.80064,0.13492
8971.94339,0.13521
8968.08615,0.13565
8964.22891,0.13613
8960.37167,0.13648
8956.51443,0.13675
8952.65719,0.13710
8948.79995,0.13732
8944.94271,0.13737
8941.08546,0.13758
8937.22822,0.13798
8933.37098,0.13838
8929.51374,0.13880
8925.65650,0.13921
8921.79926,0.13957
8917.94202,0.14014
8914.08477,0.14097
8910.22753,0.14171
8906.37029,0.14225
8902.51305,0.14278
8898.65581,0.14332
8894.79857,0.14379
8890.94133,0.14432
8887.08408,0.14498
8883.22684,0.14566
8879.36960,0.14623
8875.51236,0.14670
8871.65512,0.14709
8867.79788,0.14750
8863.94064,0.14800
8860.08340,0.14845
8856.22615,0.14855
8852.36891,0.14828
8848.51167,0.14801
8844.65443,0.14791
8840.79719,0.14771
8836.93995,0.14742
8833.08271,0.14716
8829.22546,0.14687
8825.36822,0.14639
8821.51098,0.14572
8817.65374,0.14502
8813.79650,0.14430
8809.93926,0.14350
8806.08202,0.14282
8802.22477,0.14245
8798.36753,0.14209
8794.51029,0.14149
8790.65305,0.14082
8786.79581,0.14034
8782.93857,0.13989
8779.08133,0.13929
8775.22409,0.13873
8771.36684,0.13840
8767.50960,0.13820
8763.65236,0.13798
8759.79512,0.13769
8755.93788,0.13737
8752.08064,0.13723
8748.22340,0.13736
8744.36615,0.13751
8740.50891,0.13742
8736.65167,0.13718
8732.79443,0.13698
8728.93719,0.13684
8725.07995,0.13689
8721.22271,0.13717
8717.36547,0.13734
8713.50822,0.13733
8709.65098,0.13741
8705.79374,0.13762
8701.93650,0.13784
8698.07926,0.13795
8694.22202,0.13789
8690.36478,0.13786
8686.50753,0.13808
8682.65029,0.13830
8678.79305,0.13834
8674.93581,0.13829
8671.07857,0.13826
8667.22133,0.13847
8663.36409,0.13886
8659.50684,0.13901
8655.64960,0.13887
8651.79236,0.13893
8647.93512,0.13938
8644.07788,0.13980
8640.22064,0.13989
8636.36340,0.13985
8632.50616,0.14001
8628.64891,0.14037
8624.79167,0.14069
8620.93443,0.14090
8617.07719,0.14109
8613.21995,0.14123
8609.36271,0.14137
8605.50547,0.14164
8601.64822,0.14188
8597.79098,0.14189
8593.93374,0.14187
8590.07650,0.14206
8586.21926,0.14247
8582.36202,0.14293
8578.50478,0.14311
8574.64753,0.14302
8570.79029,0.14306
8566.93305,0.14332
8563.07581,0.14357
8559.21857,0.14373
8555.36133,0.14387
8551.50409,0.14403
8547.64685,0.14421
8543.78960,0.14432
8539.93236,0.14442
8536.07512,0.14457
8532.21788,0.14471
8528.36064,0.14491
8524.50340,0.14523
8520.64616,0.14554
8516.78891,0.14575
8512.93167,0.14588
8509.07443,0.14593
8505.21719,0.14596
8501.35995,0.14603
8497.50271,0.14620
8493.64547,0.14642
8489.78822,0.14658
8485.93098,0.14664
8482.07374,0.14667
8478.21650,0.14678
8474.35926,0.14698
8470.50202,0.14705
8466.64478,0.14688
8462.78754,0.14669
8458.93029,0.14664
8455.07305,0.14666
8451.21581,0.14663
8447.35857,0.14649
8443.50133,0.14625
8439.64409,0.14609
8435.78685,0.14614
8431.92960,0.14629
8428.07236,0.14643
8424.21512,0.14643
8420.35788,0.14630
8416.50064,0.14633
8412.64340,0.14663
8408.78616,0.14683
8404.92892,0.14669
8401.07167,0.14641
8397.21443,0.14625
8393.35719,0.14620
8389.49995,0.14598
8385.64271,0.14559
8381.78547,0.14531
8377.92823,0.14539
8374.07098,0.14573
8370.21374,0.14601
8366.35650,0.14606
8362.49926,0.14607
8358.64202,0.14621
8354.78478,0.14633
8350.92754,0.14625
8347.07029,0.14607
8343.21305,0.14587
8339.35581,0.14571
8335.49857,0.14562
8331.64133,0.14564
8327.78409,0.14561
8323.92685,0.14546
8320.06961,0.14540
8316.21236,0.14547
8312.35512,0.14558
8308.49788,0.14572
8304.64064,0.14581
8300.78340,0.14579
8296.92616,0.14571
8293.06892,0.14568
8289.21167,0.14579
8285.35443,0.14591
8281.49719,0.14592
8277.63995,0.14589
8273.78271,0.14592
8269.92547,0.14600
8266.06823,0.14609
8262.21098,0.14612
8258.35374,0.14611
8254.49650,0.14616
8250.63926,0.14626
8246.78202,0.14624
8242.92478,0.14611
8239.06754,0.14609
8235.21030,0.14622
8231.35305,0.14636
8227.49581,0.14641
8223.63857,0.14642
8219.78133,0.14638
8215.92409,0.14631
8212.06685,0.14627
8208.20961,0.14630
8204.35236,0.14635
8200.49512,0.14630
8196.63788,0.14613
8192.78064,0.14583
8188.92340,0.14556
8185.06616,0.14549
8181.20892,0.14551
8177.35168,0.14547
8173.49443,0.14541
8169.63719,0.14537
8165.77995,0.14540
8161.92271,0.14550
8158.06547,0.14545
8154.20823,0.14520
8150.35099,0.14490
8146.49374,0.14465
8142.63650,0.14448
8138.77926,0.14437
8134.92202,0.14423
8131.06478,0.14409
8127.20754,0.14405
8123.35030,0.14404
8119.49305,0.14391
8115.63581,0.14371
8111.77857,0.14356
8107.92133,0.14340
8104.06409,0.14316
8100.20685,0.14297
8096.34961,0.14288
8092.49237,0.14285
8088.63512,0.14281
8084.77788,0.14272
8080.92064,0.14257
8077.06340,0.14237
8073.20616,0.14217
8069.34892,0.14205
8065.49168,0.14193
8061.63443,0.14175
8057.77719,0.14161
8053.91995,0.14152
8050.06271,0.14139
8046.20547,0.14122
8042.34823,0.14117
8038.49099,0.14123
8034.63374,0.14127
8030.77650,0.14118
8026.91926,0.14106
8023.06202,0.14102
8019.20478,0.14101
8015.34754,0.14090
8011.49030,0.14071
8007.63306,0.14050
8003.77581,0.14041
7999.91857,0.14044
7996.06133,0.14042
7992.20409,0.14037
7988.34685,0.14026
7984.48961,0.14008
7980.63237,0.13993
7976.77512,0.13995
7972.91788,0.14012
7969.06064,0.14021
7965.20340,0.14008
7961.34616,0.13991
7957.48892,0.13980
7953.63168,0.13968
7949.77444,0.13964
7945.91719,0.13976
7942.05995,0.13986
7938.20271,0.13978
7934.34547,0.13956
7930.48823,0.13933
7926.63099,0.13927
7922.77375,0.13937
7918.91650,0.13946
7915.05926,0.13947
7911.20202,0.13945
7907.34478,0.13949
7903.48754,0.13963
7899.63030,0.13979
7895.77306,0.13979
7891.91581,0.13964
7888.05857,0.13952
7884.20133,0.13957
7880.34409,0.13971
7876.48685,0.13972
7872.62961,0.13964
7868.77237,0.13963
7864.91513,0.13965
7861.05788,0.13957
7857.20064,0.13951
7853.34340,0.13956
7849.48616,0.13945
7845.62892,0.13912
7841.77168,0.13891
7837.91444,0.13893
7834.05719,0.13896
7830.19995,0.13889
7826.34271,0.13880
7822.48547,0.13871
7818.62823,0.13865
7814.77099,0.13864
7810.91375,0.13861
7807.05650,0.13853
7803.19926,0.13851
7799.34202,0.13848
7795.48478,0.13828
7791.62754,0.13802
7787.77030,0.13798
7783.91306,0.13800
7780.05582,0.13785
7776.19857,0.13771
7772.34133,0.13771
7768.48409,0.13767
7764.62685,0.13751
7760.76961,0.13733
7756.91237,0.13720
7753.05513,0.13717
7749.19788,0.13722
7745.34064,0.13717
7741.48340,0.13694
7737.62616,0.13673
7733.76892,0.13672
7729.91168,0.13678
7726.05444,0.13666
7722.19720,0.13641
7718.33995,0.13623
7714.48271,0.13615
7710.62547,0.13622
7706.76823,0.13631
7702.91099,0.13625
7699.05375,0.13599
7695.19651,0.13563
7691.33926,0.13543
7687.48202,0.13552
7683.62478,0.13580
7679.76754,0.13602
7675.91030,0.13595
7672.05306,0.13574
7668.19582,0.13568
7664.33857,0.13569
7660.48133,0.13558
7656.62409,0.13554
7652.76685,0.13569
7648.90961,0.13582
7645.05237,0.13587
7641.19513,0.13587
7637.33789,0.13584
7633.48064,0.13581
7629.62340,0.13569
7625.76616,0.13554
7621.90892,0.13552
7618.05168,0.13562
7614.19444,0.13574
7610.33720,0.13587
7606.47995,0.13608
7602.62271,0.13622
7598.76547,0.13618
7594.90823,0.13611
7591.05099,0.13612
7587.19375,0.13614
7583.33651,0.13615
7579.47926,0.13621
7575.62202,0.13627
7571.76478,0.13628
7567.90754,0.13633
7564.05030,0.13647
7560.19306,0.13664
7556.33582,0.13685
7552.47858,0.13707
7548.62133,0.13725
7544.76409,0.13741
7540.90685,0.13758
7537.04961,0.13774
7533.19237,0.13790
7529.33513,0.13804
7525.47789,0.13807
7521.62064,0.13811
7517.76340,0.13823
7513.90616,0.13836
7510.04892,0.13850
7506.19168,0.13869
7502.33444,0.13890
7498.47720,0.13903
7494.61996,0.13921
7490.76271,0.13954
7486.90547,0.13983
7483.04823,0.13999
7479.19099,0.14015
7475.33375,0.14043
7471.47651,0.14073
7467.61927,0.14099
7463.76202,0.14127
7459.90478,0.14164
7456.04754,0.14206
7452.19030,0.14252
7448.33306,0.14297
7444.47582,0.14342
7440.61858,0.14394
7436.76133,0.14449
7432.90409,0.14504
7429.04685,0.14569
7425.18961,0.14641
7421.33237,0.14714
7417.47513,0.14782
7413.61789,0.14838
7409.76065,0.14883
7405.90340,0.14927
7402.04616,0.14984
7398.18892,0.15058
7394.33168,0.15137
7390.47444,0.15210
7386.61720,0.15285
7382.75996,0.15368
7378.90271,0.15449
7375.04547,0.15521
7371.18823,0.15588
7367.33099,0.15661
7363.47375,0.15741
7359.61651,0.15823
7355.75927,0.15901
7351.90202,0.15971
7348.04478,0.16034
7344.18754,0.16100
7340.33030,0.16166
7336.47306,0.16220
7332.61582,0.16263
7328.75858,0.16306
7324.90134,0.16346
7321.04409,0.16380
7317.18685,0.16412
7313.32961,0.16446
7309.47237,0.16477
7305.61513,0.16496
7301.75789,0.16515
7297.90065,0.16536
7294.04340,0.16552
7290.18616,0.16559
7286.32892,0.16570
7282.47168,0.16588
7278.61444,0.16604
7274.75720,0.16622
7270.89996,0.16659
7267.04272,0.16701
7263.18547,0.16729
7259.32823,0.16753
7255.47099,0.16779
7251.61375,0.16800
7247.75651,0.16813
7243.89927,0.16823
7240.04203,0.16839
7236.18478,0.16859
7232.32754,0.16876
7228.47030,0.16893
7224.61306,0.16907
7220.75582,0.16916
7216.89858,0.16924
7213.04134,0.16938
7209.18409,0.16954
7205.32685,0.16971
7201.46961,0.16987
7197.61237,0.16999
7193.75513,0.17013
7189.89789,0.17036
7186.04065,0.17065
7182.18341,0.17097
7178.32616,0.17136
7174.46892,0.17176
7170.61168,0.17214
7166.75444,0.17255
7162.89720,0.17308
7159.03996,0.17379
7155.18272,0.17451
7151.32547,0.17525
7147.46823,0.17614
7143.61099,0.17712
7139.75375,0.17803
7135.89651,0.17887
7132.03927,0.17980
7128.18203,0.18083
7124.32478,0.18186
7120.46754,0.18284
7116.61030,0.18385
7112.75306,0.18491
7108.89582,0.18602
7105.03858,0.18715
7101.18134,0.18832
7097.32410,0.18958
7093.46685,0.19094
7089.60961,0.19232
7085.75237,0.19372
7081.89513,0.19522
7078.03789,0.19679
7074.18065,0.19842
7070.32341,0.20015
7066.46616,0.20189
7062.60892,0.20352
7058.75168,0.20512
7054.89444,0.20677
7051.03720,0.20847
7047.17996,0.21015
7043.32272,0.21179
7039.46548,0.21340
7035.60823,0.21492
7031.75099,0.21633
7027.89375,0.21775
7024.03651,0.21915
7020.17927,0.22045
7016.32203,0.22172
7012.46479,0.22295
7008.60754,0.22407
7004.75030,0.22511
7000.89306,0.22617
6997.03582,0.22722
6993.17858,0.22820
6989.32134,0.22920
6985.46410,0.23017
6981.60685,0.23103
6977.74961,0.23188
6973.89237,0.23277
6970.03513,0.23355
6966.17789,0.23423
6962.32065,0.23494
6958.46341,0.23563
6954.60617,0.23620
6950.74892,0.23676
6946.89168,0.23734
6943.03444,0.23785
6939.17720,0.23832
6935.31996,0.23882
6931.46272,0.23935
6927.60548,0.23990
6923.74823,0.24040
6919.89099,0.24088
6916.03375,0.24137
6912.17651,0.24182
6908.31927,0.24224
6904.46203,0.24269
6900.60479,0.24322
6896.74754,0.24380
6892.89030,0.24433
6889.03306,0.24479
6885.17582,0.24532
6881.31858,0.24595
6877.46134,0.24659
6873.60410,0.24718
6869.74686,0.24774
6865.88961,0.24835
6862.03237,0.24903
6858.17513,0.24975
6854.31789,0.25052
6850.46065,0.25132
6846.60341,0.25209
6842.74617,0.25288
6838.88892,0.25364
6835.03168,0.25437
6831.17444,0.25516
6827.31720,0.25599
6823.45996,0.25679
6819.60272,0.25766
6815.74548,0.25854
6811.88824,0.25940
6808.03099,0.26033
6804.17375,0.26134
6800.31651,0.26230
6796.45927,0.26313
6792.60203,0.26392
6788.74479,0.26481
6784.88755,0.26574
6781.03030,0.26660
6777.17306,0.26743
6773.31582,0.26827
6769.45858,0.26905
6765.60134,0.26975
6761.74410,0.27040
6757.88686,0.27098
6754.02961,0.27150
6750.17237,0.27196
6746.31513,0.27238
6742.45789,0.27272
6738.60065,0.27298
6734.74341,0.27314
6730.88617,0.27324
6727.02893,0.27336
6723.17168,0.27351
6719.31444,0.27366
6715.45720,0.27377
6711.59996,0.27384
6707.74272,0.27388
6703.88548,0.27389
6700.02824,0.27385
6696.17099,0.27379
6692.31375,0.27373
6688.45651,0.27365
6684.59927,0.27355
6680.74203,0.27335
6676.88479,0.27301
6673.02755,0.27265
6669.17030,0.27239
6665.31306,0.27216
6661.45582,0.27185
6657.59858,0.27144
6653.74134,0.27100
6649.88410,0.27059
6646.02686,0.27019
6642.16962,0.26975
6638.31237,0.26929
6634.45513,0.26883
6630.59789,0.26835
6626.74065,0.26782
6622.88341,0.26726
6619.02617,0.26663
6615.16893,0.26599
6611.31168,0.26543
6607.45444,0.26495
6603.59720,0.26452
6599.73996,0.26410
6595.88272,0.26361
6592.02548,0.26309
6588.16824,0.26264
6584.31100,0.26232
6580.45375,0.26207
6576.59651,0.26184
6572.73927,0.26172
6568.88203,0.26175
6565.02479,0.26179
6561.16755,0.26180
6557.31031,0.26186
6553.45306,0.26196
6549.59582,0.26202
6545.73858,0.26205
6541.88134,0.26210
6538.02410,0.26222
6534.16686,0.26240
6530.30962,0.26257
6526.45237,0.26275
6522.59513,0.26291
6518.73789,0.26306
6514.88065,0.26319
6511.02341,0.26330
6507.16617,0.26339
6503.30893,0.26349
6499.45169,0.26359
6495.59444,0.26365
6491.73720,0.26364
6487.87996,0.26354
6484.02272,0.26345
6480.16548,0.26344
6476.30824,0.26342
6472.45100,0.26330
6468.59375,0.26315
6464.73651,0.26298
6460.87927,0.26273
6457.02203,0.26246
6453.16479,0.26223
6449.30755,0.26197
6445.45031,0.26160
6441.59306,0.26118
6437.73582,0.26079
6433.87858,0.26044
6430.02134,0.26009
6426.16410,0.25972
6422.30686,0.25936
6418.44962,0.25905
6414.59238,0.25878
6410.73513,0.25851
6406.87789,0.25821
6403.02065,0.25792
6399.16341,0.25769
6395.30617,0.25752
6391.44893,0.25739
6387.59169,0.25722
6383.73444,0.25700
6379.87720,0.25678
6376.01996,0.25655
6372.16272,0.25624
6368.30548,0.25594
6364.44824,0.25574
6360.59100,0.25561
6356.73376,0.25544
6352.87651,0.25521
6349.01927,0.25495
6345.16203,0.25472
6341.30479,0.25461
6337.44755,0.25463
6333.59031,0.25470
6329.73307,0.25472
6325.87582,0.25470
6322.01858,0.25466
6318.16134,0.25456
6314.30410,0.25438
6310.44686,0.25415
6306.58962,0.25392
6302.73238,0.25374
6298.87513,0.25355
6295.01789,0.25322
6291.16065,0.25273
6287.30341,0.25218
6283.44617,0.25158
6279.58893,0.25089
6275.73169,0.25013
6271.87445,0.24931
6268.01720,0.24842
6264.15996,0.24755
6260.30272,0.24674
6256.44548,0.24584
6252.58824,0.24482
6248.73100,0.24384
6244.87376,0.24291
6241.01651,0.24193
6237.15927,0.24084
6233.30203,0.23971
6229.44479,0.23858
6225.58755,0.23754
6221.73031,0.23664
6217.87307,0.23581
6214.01582,0.23516
6210.15858,0.23483
6206.30134,0.23477
6202.44410,0.23476
6198.58686,0.23460
6194.72962,0.23414
6190.87238,0.23330
6187.01514,0.23206
6183.15789,0.23066
6179.30065,0.22938
6175.44341,0.22826
6171.58617,0.22730
6167.72893,0.22659
6163.87169,0.22610
6160.01445,0.22581
6156.15720,0.22576
6152.29996,0.22591
6148.44272,0.22607
6144.58548,0.22604
6140.72824,0.22576
6136.87100,0.22532
6133.01376,0.22493
6129.15652,0.22468
6125.29927,0.22469
6121.44203,0.22518
6117.58479,0.22627
6113.72755,0.22794
6109.87031,0.23019
6106.01307,0.23299
6102.15583,0.23623
6098.29858,0.23982
6094.44134,0.24366
6090.58410,0.24750
6086.72686,0.25110
6082.86962,0.25448
6079.01238,0.25779
6075.15514,0.26136
6071.29789,0.26563
6067.44065,0.27077
6063.58341,0.27645
6059.72617,0.28205
6055.86893,0.28704
6052.01169,0.29135
6048.15445,0.29524
6044.29721,0.29908
6040.43996,0.30319
6036.58272,0.30778
6032.72548,0.31273
6028.86824,0.31752
6025.01100,0.32133
6021.15376,0.32343
6017.29652,0.32327
6013.43927,0.32067
6009.58203,0.31582
6005.72479,0.30933
6001.86755,0.30215
5998.01031,0.29512
5994.15307,0.28886
5990.29583,0.28384
5986.43858,0.28024
5982.58134,0.27777
5978.72410,0.27578
5974.86686,0.27347
5971.00962,0.27043
5967.15238,0.26693
5963.29514,0.26370
5959.43790,0.26129
5955.58065,0.25988
5951.72341,0.25929
5947.86617,0.25909
5944.00893,0.25870
5940.15169,0.25761
5936.29445,0.25549
5932.43721,0.25244
5928.57996,0.24889
5924.72272,0.24532
5920.86548,0.24201
5917.00824,0.23909
5913.15100,0.23671
5909.29376,0.23503
5905.43652,0.23416
5901.57927,0.23423
5897.72203,0.23525
5893.86479,0.23696
5890.00755,0.23914
5886.15031,0.24160
5882.29307,0.24410
5878.43583,0.24632
5874.57859,0.24824
5870.72134,0.24997
5866.86410,0.25136
5863.00686,0.25209
5859.14962,0.25210
5855.29238,0.25162
5851.43514,0.25090
5847.57790,0.25012
5843.72065,0.24946
5839.86341,0.24902
5836.00617,0.24883
5832.14893,0.24891
5828.29169,0.24915
5824.43445,0.24936
5820.57721,0.24954
5816.71997,0.24977
5812.86272,0.24999
5809.00548,0.25011
5805.14824,0.25006
5801.29100,0.24990
5797.43376,0.24968
5793.57652,0.24944
5789.71928,0.24926
5785.86203,0.24915
5782.00479,0.24902
5778.14755,0.24875
5774.29031,0.24833
5770.43307,0.24777
5766.57583,0.24703
5762.71859,0.24612
5758.86134,0.24499
5755.00410,0.24369
5751.14686,0.24232
5747.28962,0.24089
5743.43238,0.23942
5739.57514,0.23801
5735.71790,0.23672
5731.86066,0.23558
5728.00341,0.23474
5724.14617,0.23430
5720.28893,0.23417
5716.43169,0.23423
5712.57445,0.23443
5708.71721,0.23464
5704.85997,0.23473
5701.00272,0.23468
5697.14548,0.23453
5693.28824,0.23435
5689.43100,0.23417
5685.57376,0.23400
5681.71652,0.23388
5677.85928,0.23385
5674.00203,0.23394
5670.14479,0.23416
5666.28755,0.23457
5662.43031,0.23507
5658.57307,0.23550
5654.71583,0.23574
5650.85859,0.23572
5647.00135,0.23540
5643.14410,0.23480
5639.28686,0.23405
5635.42962,0.23325
5631.57238,0.23249
5627.71514,0.23185
5623.85790,0.23134
5620.00066,0.23092
5616.14341,0.23064
5612.28617,0.23045
5608.42893,0.23038
5604.57169,0.23047
5600.71445,0.23067
5596.85721,0.23094
5592.99997,0.23129
5589.14273,0.23166
5585.28548,0.23201
5581.42824,0.23242
5577.57100,0.23292
5573.71376,0.23338
5569.85652,0.23371
5565.99928,0.23389
5562.14204,0.23397
5558.28479,0.23397
5554.42755,0.23387
5550.57031,0.23374
5546.71307,0.23366
5542.85583,0.23364
5538.99859,0.23367
5535.14135,0.23368
5531.28410,0.23362
5527.42686,0.23348
5523.56962,0.23329
5519.71238,0.23305
5515.85514,0.23277
5511.99790,0.23252
5508.14066,0.23238
5504.28342,0.23239
5500.42617,0.23257
5496.56893,0.23286
5492.71169,0.23325
5488.85445,0.23371
5484.99721,0.23414
5481.13997,0.23436
5477.28273,0.23430
5473.42548,0.23400
5469.56824,0.23349
5465.71100,0.23282
5461.85376,0.23202
5457.99652,0.23108
5454.13928,0.23002
5450.28204,0.22883
5446.42479,0.22750
5442.56755,0.22611
5438.71031,0.22471
5434.85307,0.22334
5430.99583,0.22206
5427.13859,0.22094
5423.28135,0.22005
5419.42411,0.21936
5415.56686,0.21876
5411.70962,0.21824
5407.85238,0.21790
5403.99514,0.21764
5400.13790,0.21743
5396.28066,0.21726
5392.42342,0.21707
5388.56617,0.21692
5384.70893,0.21688
5380.85169,0.21693
5376.99445,0.21705
5373.13721,0.21724
5369.27997,0.21753
5365.42273,0.21791
5361.56549,0.21835
5357.70824,0.21884
5353.85100,0.21933
5349.99376,0.21973
5346.13652,0.22005
5342.27928,0.22036
5338.42204,0.22076
5334.56480,0.22124
5330.70755,0.22181
5326.85031,0.22257
5322.99307,0.22359
5319.13583,0.22486
5315.27859,0.22645
5311.42135,0.22836
5307.56411,0.23055
5303.70686,0.23301
5299.84962,0.23568
5295.99238,0.23860
5292.13514,0.24195
5288.27790,0.24593
5284.42066,0.25046
5280.56342,0.25543
5276.70618,0.26078
5272.84893,0.26634
5268.99169,0.27205
5265.13445,0.27790
5261.27721,0.28362
5257.41997,0.28886
5253.56273,0.29369
5249.70549,0.29821
5245.84824,0.30244
5241.99100,0.30634
5238.13376,0.30983
5234.27652,0.31292
5230.41928,0.31566
5226.56204,0.31818
5222.70480,0.32053
5218.84755,0.32262
5214.99031,0.32439
5211.13307,0.32594
5207.27583,0.32736
5203.41859,0.32859
5199.56135,0.32961
5195.70411,0.33045
5191.84687,0.33109
5187.98962,0.33159
5184.13238,0.33198
5180.27514,0.33221
5176.41790,0.33229
5172.56066,0.33222
5168.70342,0.33198
5164.84618,0.33165
5160.98893,0.33127
5157.13169,0.33091
5153.27445,0.33061
5149.41721,0.33025
5145.55997,0.32966
5141.70273,0.32895
5137.84549,0.32831
5133.98825,0.32774
5130.13100,0.32716
5126.27376,0.32649
5122.41652,0.32555
5118.55928,0.32412
5114.70204,0.32213
5110.84480,0.31969
5106.98756,0.31695
5103.13031,0.31408
5099.27307,0.31123
5095.41583,0.30855
5091.55859,0.30607
5087.70135,0.30383
5083.84411,0.30180
5079.98687,0.29986
5076.12962,0.29796
5072.27238,0.29617
5068.41514,0.29446
5064.55790,0.29277
5060.70066,0.29115
5056.84342,0.28967
5052.98618,0.28836
5049.12894,0.28714
5045.27169,0.28594
5041.41445,0.28475
5037.55721,0.28366
5033.69997,0.28270
5029.84273,0.28180
5025.98549,0.28093
5022.12825,0.28009
5018.27100,0.27931
5014.41376,0.27862
5010.55652,0.27798
5006.69928,0.27738
5002.84204,0.27676
4998.98480,0.27608
4995.12756,0.27549
4991.27031,0.27513
4987.41307,0.27494
4983.55583,0.27486
4979.69859,0.27494
4975.84135,0.27517
4971.98411,0.27561
4968.12687,0.27636
4964.26963,0.27742
4960.41238,0.27870
4956.55514,0.28020
4952.69790,0.28190
4948.84066,0.28376
4944.98342,0.28581
4941.12618,0.28802
4937.26894,0.29035
4933.41169,0.29278
4929.55445,0.29533
4925.69721,0.29807
4921.83997,0.30097
4917.98273,0.30400
4914.12549,0.30717
4910.26825,0.31052
4906.41101,0.31402
4902.55376,0.31768
4898.69652,0.32152
4894.83928,0.32550
4890.98204,0.32951
4887.12480,0.33355
4883.26756,0.33770
4879.41032,0.34193
4875.55307,0.34611
4871.69583,0.35012
4867.83859,0.35396
4863.98135,0.35764
4860.12411,0.36116
4856.26687,0.36462
4852.40963,0.36818
4848.55238,0.37197
4844.69514,0.37600
4840.83790,0.38024
4836.98066,0.38460
4833.12342,0.38903
4829.26618,0.39350
4825.40894,0.39790
4821.55170,0.40211
4817.69445,0.40602
4813.83721,0.40957
4809.97997,0.41280
4806.12273,0.41577
4802.26549,0.41841
4798.40825,0.42063
4794.55101,0.42241
4790.69376,0.42385
4786.83652,0.42499
4782.97928,0.42588
4779.12204,0.42657
4775.26480,0.42720
4771.40756,0.42795
4767.55032,0.42898
4763.69307,0.43035
4759.83583,0.43202
4755.97859,0.43393
4752.12135,0.43598
4748.26411,0.43794
4744.40687,0.43967
4740.54963,0.44121
4736.69239,0.44282
4732.83514,0.44482
4728.97790,0.44737
4725.12066,0.45011
4721.26342,0.45221
4717.40618,0.45305
4713.54894,0.45290
4709.69170,0.45296
4705.83445,0.45445
4701.97721,0.45766
4698.11997,0.46177
4694.26273,0.46501
4690.40549,0.46559
4686.54825,0.46272
4682.69101,0.45676
4678.83377,0.44884
4674.97652,0.44056
4671.11928,0.43347
4667.26204,0.42836
4663.40480,0.42500
4659.54756,0.42283
4655.69032,0.42176
4651.83308,0.42220
4647.97583,0.42442
4644.11859,0.42801
4640.26135,0.43167
4636.40411,0.43348
4632.54687,0.43171
4628.68963,0.42581
4624.83239,0.41709
4620.97514,0.40792
4617.11790,0.40006
4613.26066,0.39416
4609.40342,0.39027
4605.54618,0.38835
4601.68894,0.38834
4597.83170,0.38980
4593.97446,0.39175
4590.11721,0.39338
4586.25997,0.39461
4582.40273,0.39516
4578.54549,0.39363
4574.68825,0.38884
4570.83101,0.38152
4566.97377,0.37376
4563.11652,0.36742
4559.25928,0.36315
4555.40204,0.36059
4551.54480,0.35907
4547.68756,0.35800
4543.83032,0.35706
4539.97308,0.35619
4536.11583,0.35552
4532.25859,0.35521
4528.40135,0.35538
4524.54411,0.35606
4520.68687,0.35723
4516.82963,0.35902
4512.97239,0.36161
4509.11515,0.36523
4505.25790,0.37019
4501.40066,0.37670
4497.54342,0.38448
4493.68618,0.39260
4489.82894,0.39981
4485.97170,0.40546
4482.11446,0.41019
4478.25721,0.41548
4474.39997,0.42268
4470.54273,0.43254
4466.68549,0.44491
4462.82825,0.45805
4458.97101,0.46896
4455.11377,0.47592
4451.25653,0.48027
4447.39928,0.48461
4443.54204,0.49000
4439.68480,0.49581
4435.82756,0.50067
4431.97032,0.50329
4428.11308,0.50316
4424.25584,0.50108
4420.39859,0.49884
4416.54135,0.49812
4412.68411,0.49957
4408.82687,0.50244
4404.96963,0.50493
4401.11239,0.50538
4397.25515,0.50331
4393.39790,0.49942
4389.54066,0.49483
4385.68342,0.49045
4381.82618,0.48676
4377.96894,0.48397
4374.11170,0.48215
4370.25446,0.48133
4366.39722,0.48158
4362.53997,0.48267
4358.68273,0.48418
4354.82549,0.48586
4350.96825,0.48775
4347.11101,0.49008
4343.25377,0.49292
4339.39653,0.49591
4335.53928,0.49866
4331.68204,0.50122
4327.82480,0.50385
4323.96756,0.50665
4320.11032,0.50963
4316.25308,0.51302
4312.39584,0.51717
4308.53859,0.52208
4304.68135,0.52739
4300.82411,0.53249
4296.96687,0.53686
4293.10963,0.54022
4289.25239,0.54234
4285.39515,0.54324
4281.53791,0.54336
4277.68066,0.54304
4273.82342,0.54221
4269.96618,0.54071
4266.10894,0.53873
4262.25170,0.53682
4258.39446,0.53547
4254.53722,0.53496
4250.67997,0.53506
4246.82273,0.53505
4242.96549,0.53436
4239.10825,0.53294
4235.25101,0.53124
4231.39377,0.52983
4227.53653,0.52876
4223.67929,0.52746
4219.82204,0.52549
4215.96480,0.52293
4212.10756,0.52020
4208.25032,0.51760
4204.39308,0.51531
4200.53584,0.51348
4196.67860,0.51244
4192.82135,0.51267
4188.96411,0.51461
4185.10687,0.51815
4181.24963,0.52191
4177.39239,0.52360
4173.53515,0.52176
4169.67791,0.51703
4165.82066,0.51141
4161.96342,0.50670
4158.10618,0.50372
4154.24894,0.50251
4150.39170,0.50289
4146.53446,0.50467
4142.67722,0.50763
4138.81998,0.51134
4134.96273,0.51516
4131.10549,0.51856
4127.24825,0.52150
4123.39101,0.52463
4119.53377,0.52868
4115.67653,0.53403
4111.81929,0.54087
4107.96204,0.54957
4104.10480,0.56067
4100.24756,0.57479
4096.39032,0.59098
4092.53308,0.60482
4088.67584,0.61117
4084.81860,0.60917
4080.96135,0.60191
4077.10411,0.59327
4073.24687,0.58630
4069.38963,0.58247
4065.53239,0.58158
4061.67515,0.58273
4057.81791,0.58520
4053.96067,0.58857
4050.10342,0.59234
4046.24618,0.59597
4042.38894,0.59899
4038.53170,0.60124
4034.67446,0.60296
4030.81722,0.60433
4026.95998,0.60531
4023.10273,0.60569
4019.24549,0.60540
4015.38825,0.60444
4011.53101,0.60289
4007.67377,0.60083
4003.81653,0.59830
3999.95929,0.59544
3996.10205,0.59230
3992.24480,0.58904
3988.38756,0.58609
3984.53032,0.58373
3980.67308,0.58175
3976.81584,0.57986
3972.95860,0.57797
3969.10136,0.57588
3965.24411,0.57336
3961.38687,0.57048
3957.52963,0.56753
3953.67239,0.56451
3949.81515,0.56131
3945.95791,0.55815
3942.10067,0.55517
3938.24342,0.55229
3934.38618,0.54946
3930.52894,0.54681
3926.67170,0.54454
3922.81446,0.54244
3918.95722,0.54030
3915.09998,0.53814
3911.24274,0.53587
3907.38549,0.53313
3903.52825,0.52961
3899.67101,0.52591
3895.81377,0.52273
3891.95653,0.51987
3888.09929,0.51732
3884.24205,0.51527
3880.38480,0.51360
3876.52756,0.51189
3872.67032,0.50944
3868.81308,0.50603
3864.95584,0.50233
3861.09860,0.49906
3857.24136,0.49609
3853.38411,0.49287
3849.52687,0.49032
3845.66963,0.48868
3841.81239,0.48704
3837.95515,0.48549
3834.09791,0.48459
3830.24067,0.48424
3826.38343,0.48423
3822.52618,0.48485
3818.66894,0.48681
3814.81170,0.48967
3810.95446,0.49194
3807.09722,0.49298
3803.23998,0.49258
3799.38274,0.49104
3795.52549,0.48931
3791.66825,0.48807
3787.81101,0.48752
3783.95377,0.48776
3780.09653,0.48891
3776.23929,0.49078
3772.38205,0.49301
3768.52481,0.49568
3764.66756,0.49872
3760.81032,0.50130
3756.95308,0.50232
3753.09584,0.50130
3749.23860,0.49937
3745.38136,0.49906
3741.52412,0.50090
3737.66687,0.50420
3733.80963,0.50858
3729.95239,0.51206
3726.09515,0.51392
3722.23791,0.51581
3718.38067,0.51887
3714.52343,0.52354
3710.66618,0.53095
3706.80894,0.54030
3702.95170,0.55064
3699.09446,0.56304
3695.23722,0.57735
3691.37998,0.59536
3687.52274,0.61644
3683.66550,0.63230
3679.80825,0.64357
3675.95101,0.65703
3672.09377,0.67616
3668.23653,0.69775
3664.37929,0.71844
3660.52205,0.73857
3656.66481,0.75897
3652.80756,0.77971
3648.95032,0.80324
3645.09308,0.82795
3641.23584,0.84785
3637.37860,0.86427
3633.52136,0.87888
3629.66412,0.89579
3625.80687,0.91632
3621.94963,0.93323
3618.09239,0.94904
3614.23515,0.96483
3610.37791,0.97874
3606.52067,0.99159
3602.66343,1.00275
3598.80619,1.01421
