12493.60475,0.10911
12489.74751,0.10902
12485.89027,0.10680
12482.03303,0.10556
12478.17579,0.10631
12474.31855,0.10726
12470.46130,0.10645
12466.60406,0.10528
12462.74682,0.10421
12458.88958,0.10215
12455.03234,0.10286
12451.17510,0.10780
12447.31786,0.11048
12443.46062,0.10978
12439.60337,0.11088
12435.74613,0.11140
12431.88889,0.10715
12428.03165,0.10232
12424.17441,0.10141
12420.31717,0.10371
12416.45993,0.10644
12412.60268,0.10754
12408.74544,0.10685
12404.88820,0.10641
12401.03096,0.10868
12397.17372,0.11058
12393.31648,0.10880
12389.45924,0.10703
12385.60199,0.10769
12381.74475,0.10893
12377.88751,0.10899
12374.03027,0.10741
12370.17303,0.10524
12366.31579,0.10410
12362.45855,0.10592
12358.60131,0.10896
12354.74406,0.10957
12350.88682,0.10974
12347.02958,0.11090
12343.17234,0.10944
12339.31510,0.10664
12335.45786,0.10709
12331.60062,0.10880
12327.74337,0.10888
12323.88613,0.10815
12320.02889,0.10701
12316.17165,0.10667
12312.31441,0.10808
12308.45717,0.10867
12304.59993,0.10779
12300.74268,0.10869
12296.88544,0.11120
12293.02820,0.11152
12289.17096,0.10956
12285.31372,0.10754
12281.45648,0.10580
12277.59924,0.10533
12273.74200,0.10616
12269.88475,0.10615
12266.02751,0.10591
12262.17027,0.10655
12258.31303,0.10779
12254.45579,0.10994
12250.59855,0.11094
12246.74131,0.10959
12242.88406,0.10864
12239.02682,0.10851
12235.16958,0.10826
12231.31234,0.10967
12227.45510,0.11116
12223.59786,0.10932
12219.74062,0.10724
12215.88338,0.10831
12212.02613,0.10994
12208.16889,0.10944
12204.31165,0.10722
12200.45441,0.10542
12196.59717,0.10452
12192.73993,0.10333
12188.88269,0.10282
12185.02544,0.10449
12181.16820,0.10653
12177.31096,0.10633
12173.45372,0.10551
12169.59648,0.10654
12165.73924,0.10743
12161.88200,0.10626
12158.02475,0.10477
12154.16751,0.10501
12150.31027,0.10679
12146.45303,0.10822
12142.59579,0.10764
12138.73855,0.10595
12134.88131,0.10531
12131.02407,0.10502
12127.16682,0.10361
12123.30958,0.10220
12119.45234,0.10201
12115.59510,0.10283
12111.73786,0.10288
12107.88062,0.10094
12104.02338,0.09925
12100.16613,0.09943
12096.30889,0.10017
12092.45165,0.10116
12088.59441,0.10297
12084.73717,0.10423
12080.87993,0.10438
12077.02269,0.10453
12073.16544,0.10451
12069.30820,0.10437
12065.45096,0.10463
12061.59372,0.10433
12057.73648,0.10381
12053.87924,0.10446
12050.02200,0.10582
12046.16476,0.10665
12042.30751,0.10589
12038.45027,0.10359
12034.59303,0.10289
12030.73579,0.10598
12026.87855,0.10957
12023.02131,0.10960
12019.16407,0.10675
12015.30682,0.10485
12011.44958,0.10529
12007.59234,0.10604
12003.73510,0.10626
11999.87786,0.10649
11996.02062,0.10659
11992.16338,0.10682
11988.30614,0.10739
11984.44889,0.10713
11980.59165,0.10604
11976.73441,0.10629
11972.87717,0.10775
11969.01993,0.10860
11965.16269,0.10883
11961.30545,0.10868
11957.44820,0.10817
11953.59096,0.10771
11949.73372,0.10723
11945.87648,0.10676
11942.01924,0.10741
11938.16200,0.10921
11934.30476,0.11016
11930.44751,0.10943
11926.59027,0.10837
11922.73303,0.10848
11918.87579,0.11000
11915.01855,0.11135
11911.16131,0.11139
11907.30407,0.11112
11903.44683,0.11085
11899.58958,0.10980
11895.73234,0.10861
11891.87510,0.10868
11888.01786,0.11004
11884.16062,0.11118
11880.30338,0.11124
11876.44614,0.11078
11872.58889,0.11084
11868.73165,0.11148
11864.87441,0.11132
11861.01717,0.11109
11857.15993,0.11272
11853.30269,0.11422
11849.44545,0.11310
11845.58820,0.11128
11841.73096,0.11164
11837.87372,0.11351
11834.01648,0.11414
11830.15924,0.11290
11826.30200,0.11164
11822.44476,0.11075
11818.58752,0.10944
11814.73027,0.10891
11810.87303,0.10968
11807.01579,0.11034
11803.15855,0.11060
11799.30131,0.11070
11795.44407,0.11103
11791.58683,0.11217
11787.72958,0.11303
11783.87234,0.11216
11780.01510,0.11062
11776.15786,0.11039
11772.30062,0.11122
11768.44338,0.11169
11764.58614,0.11163
11760.72890,0.11105
11756.87165,0.10983
11753.01441,0.10859
11749.15717,0.10858
11745.29993,0.11016
11741.44269,0.11144
11737.58545,0.11082
11733.72821,0.10989
11729.87096,0.11059
11726.01372,0.11222
11722.15648,0.11360
11718.29924,0.11434
11714.44200,0.11431
11710.58476,0.11378
11706.72752,0.11273
11702.87027,0.11176
11699.01303,0.11235
11695.15579,0.11372
11691.29855,0.11346
11687.44131,0.11207
11683.58407,0.11187
11679.72683,0.11239
11675.86959,0.11202
11672.01234,0.11101
11668.15510,0.11047
11664.29786,0.11096
11660.44062,0.11160
11656.58338,0.11189
11652.72614,0.11192
11648.86890,0.11046
11645.01165,0.10768
11641.15441,0.10661
11637.29717,0.10821
11633.43993,0.10950
11629.58269,0.10954
11625.72545,0.11012
11621.86821,0.11054
11618.01096,0.10978
11614.15372,0.10885
11610.29648,0.10848
11606.43924,0.10918
11602.58200,0.11021
11598.72476,0.11016
11594.86752,0.10945
11591.01028,0.10941
11587.15303,0.11043
11583.29579,0.11098
11579.43855,0.10959
11575.58131,0.10822
11571.72407,0.10856
11567.86683,0.10839
11564.00959,0.10675
11560.15234,0.10608
11556.29510,0.10789
11552.43786,0.11092
11548.58062,0.11229
11544.72338,0.11040
11540.86614,0.10822
11537.00890,0.11004
11533.15166,0.11381
11529.29441,0.11379
11525.43717,0.11086
11521.57993,0.11043
11517.72269,0.11236
11513.86545,0.11276
11510.00821,0.11149
11506.15097,0.11155
11502.29372,0.11358
11498.43648,0.11435
11494.57924,0.11263
11490.72200,0.11191
11486.86476,0.11350
11483.00752,0.11425
11479.15028,0.11287
11475.29303,0.11134
11471.43579,0.11106
11467.57855,0.11139
11463.72131,0.11157
11459.86407,0.11113
11456.00683,0.11012
11452.14959,0.11020
11448.29235,0.11156
11444.43510,0.11115
11440.57786,0.10905
11436.72062,0.10883
11432.86338,0.11026
11429.00614,0.11043
11425.14890,0.10905
11421.29166,0.10767
11417.43441,0.10739
11413.57717,0.10757
11409.71993,0.10706
11405.86269,0.10679
11402.00545,0.10769
11398.14821,0.10852
11394.29097,0.10862
11390.43372,0.10826
11386.57648,0.10787
11382.71924,0.10868
11378.86200,0.10968
11375.00476,0.10864
11371.14752,0.10709
11367.29028,0.10694
11363.43304,0.10765
11359.57579,0.10916
11355.71855,0.11066
11351.86131,0.11010
11348.00407,0.10889
11344.14683,0.10952
11340.28959,0.11057
11336.43235,0.11020
11332.57510,0.10907
11328.71786,0.10865
11324.86062,0.10944
11321.00338,0.11006
11317.14614,0.10892
11313.28890,0.10695
11309.43166,0.10667
11305.57442,0.10819
11301.71717,0.10913
11297.85993,0.10867
11294.00269,0.10777
11290.14545,0.10754
11286.28821,0.10896
11282.43097,0.11062
11278.57373,0.11048
11274.71648,0.10973
11270.85924,0.10969
11267.00200,0.10986
11263.14476,0.11052
11259.28752,0.11111
11255.43028,0.11019
11251.57304,0.10912
11247.71579,0.10899
11243.85855,0.10817
11240.00131,0.10685
11236.14407,0.10673
11232.28683,0.10696
11228.42959,0.10612
11224.57235,0.10525
11220.71511,0.10566
11216.85786,0.10682
11213.00062,0.10772
11209.14338,0.10832
11205.28614,0.10873
11201.42890,0.10889
11197.57166,0.10902
11193.71442,0.10888
11189.85717,0.10815
11185.99993,0.10737
11182.14269,0.10694
11178.28545,0.10639
11174.42821,0.10585
11170.57097,0.10644
11166.71373,0.10765
11162.85648,0.10754
11158.99924,0.10617
11155.14200,0.10542
11151.28476,0.10584
11147.42752,0.10656
11143.57028,0.10743
11139.71304,0.10834
11135.85580,0.10842
11131.99855,0.10785
11128.14131,0.10753
11124.28407,0.10780
11120.42683,0.10821
11116.56959,0.10783
11112.71235,0.10738
11108.85511,0.10800
11104.99786,0.10824
11101.14062,0.10742
11097.28338,0.10739
11093.42614,0.10819
11089.56890,0.10833
11085.71166,0.10828
11081.85442,0.10882
11077.99718,0.10928
11074.13993,0.10904
11070.28269,0.10839
11066.42545,0.10789
11062.56821,0.10767
11058.71097,0.10756
11054.85373,0.10765
11050.99649,0.10813
11047.13924,0.10869
11043.28200,0.10873
11039.42476,0.10860
11035.56752,0.10857
11031.71028,0.10821
11027.85304,0.10782
11023.99580,0.10769
11020.13855,0.10757
11016.28131,0.10758
11012.42407,0.10760
11008.56683,0.10760
11004.70959,0.10799
11000.85235,0.10851
10996.99511,0.10884
10993.13787,0.10910
10989.28062,0.10916
10985.42338,0.10895
10981.56614,0.10890
10977.70890,0.10897
10973.85166,0.10859
10969.99442,0.10789
10966.13718,0.10753
10962.27993,0.10759
10958.42269,0.10781
10954.56545,0.10786
10950.70821,0.10774
10946.85097,0.10790
10942.99373,0.10801
10939.13649,0.10765
10935.27924,0.10735
10931.42200,0.10783
10927.56476,0.10861
10923.70752,0.10838
10919.85028,0.10692
10915.99304,0.10567
10912.13580,0.10584
10908.27856,0.10664
10904.42131,0.10666
10900.56407,0.10622
10896.70683,0.10648
10892.84959,0.10752
10888.99235,0.10815
10885.13511,0.10772
10881.27787,0.10708
10877.42062,0.10675
10873.56338,0.10638
10869.70614,0.10595
10865.84890,0.10582
10861.99166,0.10566
10858.13442,0.10496
10854.27718,0.10462
10850.41993,0.10540
10846.56269,0.10610
10842.70545,0.10558
10838.84821,0.10472
10834.99097,0.10461
10831.13373,0.10481
10827.27649,0.10440
10823.41925,0.10352
10819.56200,0.10307
10815.70476,0.10332
10811.84752,0.10384
10807.99028,0.10435
10804.13304,0.10472
10800.27580,0.10472
10796.41856,0.10429
10792.56131,0.10409
10788.70407,0.10462
10784.84683,0.10522
10780.98959,0.10491
10777.13235,0.10379
10773.27511,0.10316
10769.41787,0.10387
10765.56063,0.10498
10761.70338,0.10526
10757.84614,0.10481
10753.98890,0.10453
10750.13166,0.10484
10746.27442,0.10518
10742.41718,0.10491
10738.55994,0.10429
10734.70269,0.10400
10730.84545,0.10421
10726.98821,0.10447
10723.13097,0.10454
10719.27373,0.10443
10715.41649,0.10417
10711.55925,0.10427
10707.70200,0.10480
10703.84476,0.10522
10699.98752,0.10524
10696.13028,0.10500
10692.27304,0.10488
10688.41580,0.10486
10684.55856,0.10485
10680.70132,0.10504
10676.84407,0.10508
10672.98683,0.10469
10669.12959,0.10431
10665.27235,0.10414
10661.41511,0.10418
10657.55787,0.10460
10653.70063,0.10483
10649.84338,0.10432
10645.98614,0.10331
10642.12890,0.10242
10638.27166,0.10231
10634.41442,0.10279
10630.55718,0.10300
10626.69994,0.10294
10622.84269,0.10324
10618.98545,0.10379
10615.12821,0.10396
10611.27097,0.10378
10607.41373,0.10384
10603.55649,0.10425
10599.69925,0.10434
10595.84201,0.10397
10591.98476,0.10376
10588.12752,0.10376
10584.27028,0.10340
10580.41304,0.10266
10576.55580,0.10243
10572.69856,0.10276
10568.84132,0.10286
10564.98407,0.10283
10561.12683,0.10259
10557.26959,0.10168
10553.41235,0.10084
10549.55511,0.10073
10545.69787,0.10113
10541.84063,0.10143
10537.98339,0.10114
10534.12614,0.10084
10530.26890,0.10113
10526.41166,0.10138
10522.55442,0.10099
10518.69718,0.10058
10514.83994,0.10091
10510.98270,0.10150
10507.12545,0.10151
10503.26821,0.10098
10499.41097,0.10041
10495.55373,0.10015
10491.69649,0.10035
10487.83925,0.10058
10483.98201,0.10049
10480.12476,0.10062
10476.26752,0.10102
10472.41028,0.10114
10468.55304,0.10100
10464.69580,0.10050
10460.83856,0.09990
10456.98132,0.10022
10453.12408,0.10118
10449.26683,0.10141
10445.40959,0.10090
10441.55235,0.10064
10437.69511,0.10076
10433.83787,0.10082
10429.98063,0.10081
10426.12339,0.10076
10422.26614,0.10047
10418.40890,0.09997
10414.55166,0.09933
10410.69442,0.09899
10406.83718,0.09932
10402.97994,0.09979
10399.12270,0.10007
10395.26545,0.10025
10391.40821,0.10021
10387.55097,0.10007
10383.69373,0.10036
10379.83649,0.10088
10375.97925,0.10084
10372.12201,0.10039
10368.26477,0.10003
10364.40752,0.09971
10360.55028,0.09969
10356.69304,0.10013
10352.83580,0.10038
10348.97856,0.10013
10345.12132,0.10000
10341.26408,0.10056
10337.40683,0.10130
10333.54959,0.10152
10329.69235,0.10140
10325.83511,0.10127
10321.97787,0.10097
10318.12063,0.10076
10314.26339,0.10098
10310.40615,0.10121
10306.54890,0.10121
10302.69166,0.10137
10298.83442,0.10157
10294.97718,0.10134
10291.11994,0.10099
10287.26270,0.10101
10283.40546,0.10133
10279.54821,0.10188
10275.69097,0.10241
10271.83373,0.10236
10267.97649,0.10180
10264.11925,0.10146
10260.26201,0.10134
10256.40477,0.10106
10252.54752,0.10078
10248.69028,0.10070
10244.83304,0.10086
10240.97580,0.10131
10237.11856,0.10179
10233.26132,0.10183
10229.40408,0.10139
10225.54684,0.10102
10221.68959,0.10098
10217.83235,0.10114
10213.97511,0.10154
10210.11787,0.10209
10206.26063,0.10239
10202.40339,0.10214
10198.54615,0.10174
10194.68890,0.10169
10190.83166,0.10200
10186.97442,0.10260
10183.11718,0.10298
10179.25994,0.10267
10175.40270,0.10217
10171.54546,0.10203
10167.68821,0.10220
10163.83097,0.10241
10159.97373,0.10268
10156.11649,0.10304
10152.25925,0.10307
10148.40201,0.10263
10144.54477,0.10237
10140.68753,0.10266
10136.83028,0.10312
10132.97304,0.10348
10129.11580,0.10362
10125.25856,0.10329
10121.40132,0.10272
10117.54408,0.10242
10113.68684,0.10252
10109.82959,0.10278
10105.97235,0.10296
10102.11511,0.10307
10098.25787,0.10309
10094.40063,0.10293
10090.54339,0.10267
10086.68615,0.10236
10082.82891,0.10201
10078.97166,0.10195
10075.11442,0.10241
10071.25718,0.10312
10067.39994,0.10344
10063.54270,0.10294
10059.68546,0.10202
10055.82822,0.10178
10051.97097,0.10249
10048.11373,0.10316
10044.25649,0.10324
10040.39925,0.10319
10036.54201,0.10320
10032.68477,0.10329
10028.82753,0.10344
10024.97028,0.10343
10021.11304,0.10315
10017.25580,0.10269
10013.39856,0.10240
10009.54132,0.10241
10005.68408,0.10263
10001.82684,0.10299
9997.96960,0.10328
9994.11235,0.10342
9990.25511,0.10348
9986.39787,0.10345
9982.54063,0.10334
9978.68339,0.10315
9974.82615,0.10286
9970.96891,0.10271
9967.11166,0.10293
9963.25442,0.10345
9959.39718,0.10383
9955.53994,0.10372
9951.68270,0.10338
9947.82546,0.10351
9943.96822,0.10403
9940.11097,0.10419
9936.25373,0.10404
9932.39649,0.10416
9928.53925,0.10430
9924.68201,0.10383
9920.82477,0.10304
9916.96753,0.10283
9913.11029,0.10328
9909.25304,0.10357
9905.39580,0.10329
9901.53856,0.10306
9897.68132,0.10319
9893.82408,0.10345
9889.96684,0.10359
9886.10960,0.10335
9882.25235,0.10297
9878.39511,0.10291
9874.53787,0.10304
9870.68063,0.10312
9866.82339,0.10310
9862.96615,0.10291
9859.10891,0.10275
9855.25167,0.10273
9851.39442,0.10276
9847.53718,0.10293
9843.67994,0.10323
9839.82270,0.10328
9835.96546,0.10293
9832.10822,0.10270
9828.25098,0.10285
9824.39373,0.10292
9820.53649,0.10270
9816.67925,0.10269
9812.82201,0.10327
9808.96477,0.10395
9805.10753,0.10405
9801.25029,0.10375
9797.39304,0.10357
9793.53580,0.10359
9789.67856,0.10374
9785.82132,0.10372
9781.96408,0.10341
9778.10684,0.10299
9774.24960,0.10262
9770.39236,0.10242
9766.53511,0.10241
9762.67787,0.10246
9758.82063,0.10259
9754.96339,0.10284
9751.10615,0.10307
9747.24891,0.10319
9743.39167,0.10312
9739.53442,0.10280
9735.67718,0.10235
9731.81994,0.10185
9727.96270,0.10161
9724.10546,0.10176
9720.24822,0.10196
9716.39098,0.10208
9712.53373,0.10207
9708.67649,0.10179
9704.81925,0.10146
9700.96201,0.10152
9697.10477,0.10198
9693.24753,0.10221
9689.39029,0.10192
9685.53305,0.10156
9681.67580,0.10121
9677.81856,0.10072
9673.96132,0.10043
9670.10408,0.10071
9666.24684,0.10108
9662.38960,0.10115
9658.53236,0.10121
9654.67511,0.10141
9650.81787,0.10135
9646.96063,0.10085
9643.10339,0.10024
9639.24615,0.10000
9635.38891,0.10041
9631.53167,0.10106
9627.67443,0.10134
9623.81718,0.10129
9619.95994,0.10114
9616.10270,0.10086
9612.24546,0.10053
9608.38822,0.10043
9604.53098,0.10057
9600.67374,0.10070
9596.81649,0.10076
9592.95925,0.10082
9589.10201,0.10073
9585.24477,0.10034
9581.38753,0.09990
9577.53029,0.09967
9573.67305,0.09959
9569.81580,0.09980
9565.95856,0.10019
9562.10132,0.10039
9558.24408,0.10028
9554.38684,0.10001
9550.52960,0.09993
9546.67236,0.10018
9542.81512,0.10054
9538.95787,0.10075
9535.10063,0.10079
9531.24339,0.10091
9527.38615,0.10115
9523.52891,0.10107
9519.67167,0.10046
9515.81443,0.09975
9511.95718,0.09921
9508.09994,0.09897
9504.24270,0.09917
9500.38546,0.09958
9496.52822,0.09972
9492.67098,0.09951
9488.81374,0.09933
9484.95649,0.09942
9481.09925,0.09962
9477.24201,0.09972
9473.38477,0.09967
9469.52753,0.09964
9465.67029,0.09975
9461.81305,0.09983
9457.95581,0.09972
9454.09856,0.09961
9450.24132,0.09971
9446.38408,0.09989
9442.52684,0.10003
9438.66960,0.10009
9434.81236,0.10011
9430.95512,0.10003
9427.09787,0.09966
9423.24063,0.09913
9419.38339,0.09883
9415.52615,0.09877
9411.66891,0.09889
9407.81167,0.09915
9403.95443,0.09937
9400.09719,0.09934
9396.23994,0.09912
9392.38270,0.09905
9388.52546,0.09915
9384.66822,0.09923
9380.81098,0.09922
9376.95374,0.09912
9373.09650,0.09889
9369.23925,0.09869
9365.38201,0.09873
9361.52477,0.09897
9357.66753,0.09910
9353.81029,0.09911
9349.95305,0.09921
9346.09581,0.09934
9342.23856,0.09932
9338.38132,0.09910
9334.52408,0.09882
9330.66684,0.09870
9326.80960,0.09880
9322.95236,0.09886
9319.09512,0.09878
9315.23788,0.09883
9311.38063,0.09904
9307.52339,0.09926
9303.66615,0.09955
9299.80891,0.09969
9295.95167,0.09948
9292.09443,0.09914
9288.23719,0.09880
9284.37994,0.09845
9280.52270,0.09819
9276.66546,0.09815
9272.80822,0.09827
9268.95098,0.09844
9265.09374,0.09863
9261.23650,0.09887
9257.37925,0.09914
9253.52201,0.09934
9249.66477,0.09929
9245.80753,0.09897
9241.95029,0.09867
9238.09305,0.09869
9234.23581,0.09888
9230.37857,0.09893
9226.52132,0.09896
9222.66408,0.09925
9218.80684,0.09964
9214.94960,0.09971
9211.09236,0.09942
9207.23512,0.09925
9203.37788,0.09914
9199.52063,0.09882
9195.66339,0.09861
9191.80615,0.09866
9187.94891,0.09870
9184.09167,0.09866
9180.23443,0.09857
9176.37719,0.09857
9172.51995,0.09867
9168.66270,0.09870
9164.80546,0.09877
9160.94822,0.09885
9157.09098,0.09875
9153.23374,0.09876
9149.37650,0.09898
9145.51926,0.09907
9141.66201,0.09911
9137.80477,0.09928
9133.94753,0.09939
9130.09029,0.09928
9126.23305,0.09914
9122.37581,0.09909
9118.51857,0.09924
9114.66132,0.09947
9110.80408,0.09962
9106.94684,0.09974
9103.08960,0.09987
9099.23236,0.09986
9095.37512,0.09972
9091.51788,0.09965
9087.66064,0.09969
9083.80339,0.09968
9079.94615,0.09964
9076.08891,0.09967
9072.23167,0.09978
9068.37443,0.09990
9064.51719,0.09994
9060.65995,0.09988
9056.80270,0.09981
9052.94546,0.09982
9049.08822,0.09993
9045.23098,0.10010
9041.37374,0.10034
9037.51650,0.10052
9033.65926,0.10043
9029.80201,0.10042
9025.94477,0.10081
9022.08753,0.10122
9018.23029,0.10136
9014.37305,0.10137
9010.51581,0.10141
9006.65857,0.10163
9002.80133,0.10203
8998.94408,0.10239
8995.08684,0.10264
8991.22960,0.10293
8987.37236,0.10323
8983.51512,0.10356
8979.65788,0.10399
8975.80064,0.10440
8971.94339,0.10473
8968.08615,0.10512
8964.22891,0.10561
8960.37167,0.10610
8956.51443,0.10667
8952.65719,0.10734
8948.79995,0.10795
8944.94271,0.10847
8941.08546,0.10904
8937.22822,0.10972
8933.37098,0.11054
8929.51374,0.11127
8925.65650,0.11175
8921.79926,0.11233
8917.94202,0.11322
8914.08477,0.11428
8910.22753,0.11534
8906.37029,0.11635
8902.51305,0.11735
8898.65581,0.11841
8894.79857,0.11956
8890.94133,0.12073
8887.08408,0.12183
8883.22684,0.12289
8879.36960,0.12393
8875.51236,0.12476
8871.65512,0.12540
8867.79788,0.12618
8863.94064,0.12696
8860.08340,0.12737
8856.22615,0.12731
8852.36891,0.12704
8848.51167,0.12680
8844.65443,0.12650
8840.79719,0.12605
8836.93995,0.12554
8833.08271,0.12498
8829.22546,0.12421
8825.36822,0.12322
8821.51098,0.12227
8817.65374,0.12153
8813.79650,0.12075
8809.93926,0.11980
8806.08202,0.11893
8802.22477,0.11820
8798.36753,0.11734
8794.51029,0.11628
8790.65305,0.11514
8786.79581,0.11404
8782.93857,0.11299
8779.08133,0.11198
8775.22409,0.11122
8771.36684,0.11081
8767.50960,0.11060
8763.65236,0.11038
8759.79512,0.10994
8755.93788,0.10948
8752.08064,0.10929
8748.22340,0.10929
8744.36615,0.10915
8740.50891,0.10890
8736.65167,0.10870
8732.79443,0.10859
8728.93719,0.10851
8725.07995,0.10843
8721.22271,0.10849
8717.36547,0.10868
8713.50822,0.10875
8709.65098,0.10871
8705.79374,0.10878
8701.93650,0.10906
8698.07926,0.10930
8694.22202,0.10929
8690.36478,0.10920
8686.50753,0.10929
8682.65029,0.10953
8678.79305,0.10965
8674.93581,0.10971
8671.07857,0.10989
8667.22133,0.11020
8663.36409,0.11056
8659.50684,0.11087
8655.64960,0.11105
8651.79236,0.11112
8647.93512,0.11116
8644.07788,0.11138
8640.22064,0.11189
8636.36340,0.11243
8632.50616,0.11267
8628.64891,0.11278
8624.79167,0.11303
8620.93443,0.11339
8617.07719,0.11377
8613.21995,0.11414
8609.36271,0.11440
8605.50547,0.11453
8601.64822,0.11465
8597.79098,0.11485
8593.93374,0.11509
8590.07650,0.11535
8586.21926,0.11567
8582.36202,0.11602
8578.50478,0.11628
8574.64753,0.11640
8570.79029,0.11657
8566.93305,0.11689
8563.07581,0.11725
8559.21857,0.11755
8555.36133,0.11772
8551.50409,0.11775
8547.64685,0.11782
8543.78960,0.11802
8539.93236,0.11836
8536.07512,0.11877
8532.21788,0.11911
8528.36064,0.11936
8524.50340,0.11961
8520.64616,0.11984
8516.78891,0.11999
8512.93167,0.12010
8509.07443,0.12014
8505.21719,0.12010
8501.35995,0.11999
8497.50271,0.11989
8493.64547,0.11993
8489.78822,0.12010
8485.93098,0.12021
8482.07374,0.12016
8478.21650,0.12011
8474.35926,0.12015
8470.50202,0.12017
8466.64478,0.12008
8462.78754,0.11988
8458.93029,0.11963
8455.07305,0.11947
8451.21581,0.11943
8447.35857,0.11944
8443.50133,0.11933
8439.64409,0.11907
8435.78685,0.11883
8431.92960,0.11872
8428.07236,0.11864
8424.21512,0.11847
8420.35788,0.11833
8416.50064,0.11835
8412.64340,0.11843
8408.78616,0.11837
8404.92892,0.11813
8401.07167,0.11776
8397.21443,0.11737
8393.35719,0.11711
8389.49995,0.11693
8385.64271,0.11675
8381.78547,0.11663
8377.92823,0.11656
8374.07098,0.11645
8370.21374,0.11632
8366.35650,0.11629
8362.49926,0.11632
8358.64202,0.11629
8354.78478,0.11615
8350.92754,0.11595
8347.07029,0.11569
8343.21305,0.11541
8339.35581,0.11519
8335.49857,0.11502
8331.64133,0.11492
8327.78409,0.11492
8323.92685,0.11493
8320.06961,0.11490
8316.21236,0.11489
8312.35512,0.11497
8308.49788,0.11507
8304.64064,0.11506
8300.78340,0.11493
8296.92616,0.11477
8293.06892,0.11460
8289.21167,0.11448
8285.35443,0.11450
8281.49719,0.11459
8277.63995,0.11467
8273.78271,0.11473
8269.92547,0.11478
8266.06823,0.11481
8262.21098,0.11482
8258.35374,0.11483
8254.49650,0.11488
8250.63926,0.11491
8246.78202,0.11490
8242.92478,0.11500
8239.06754,0.11516
8235.21030,0.11517
8231.35305,0.11509
8227.49581,0.11505
8223.63857,0.11503
8219.78133,0.11494
8215.92409,0.11481
8212.06685,0.11473
8208.20961,0.11471
8204.35236,0.11462
8200.49512,0.11445
8196.63788,0.11433
8192.78064,0.11433
8188.92340,0.11428
8185.06616,0.11412
8181.20892,0.11400
8177.35168,0.11393
8173.49443,0.11381
8169.63719,0.11360
8165.77995,0.11349
8161.92271,0.11353
8158.06547,0.11349
8154.20823,0.11339
8150.35099,0.11330
8146.49374,0.11316
8142.63650,0.11304
8138.77926,0.11292
8134.92202,0.11274
8131.06478,0.11255
8127.20754,0.11231
8123.35030,0.11205
8119.49305,0.11195
8115.63581,0.11198
8111.77857,0.11192
8107.92133,0.11174
8104.06409,0.11162
8100.20685,0.11159
8096.34961,0.11148
8092.49237,0.11125
8088.63512,0.11106
8084.77788,0.11094
8080.92064,0.11080
8077.06340,0.11058
8073.20616,0.11047
8069.34892,0.11053
8065.49168,0.11049
8061.63443,0.11026
8057.77719,0.11000
8053.91995,0.10979
8050.06271,0.10969
8046.20547,0.10969
8042.34823,0.10963
8038.49099,0.10948
8034.63374,0.10934
8030.77650,0.10914
8026.91926,0.10899
8023.06202,0.10905
8019.20478,0.10921
8015.34754,0.10922
8011.49030,0.10906
8007.63306,0.10888
8003.77581,0.10876
7999.91857,0.10873
7996.06133,0.10876
7992.20409,0.10876
7988.34685,0.10870
7984.48961,0.10856
7980.63237,0.10831
7976.77512,0.10813
7972.91788,0.10814
7969.06064,0.10818
7965.20340,0.10822
7961.34616,0.10830
7957.48892,0.10828
7953.63168,0.10813
7949.77444,0.10801
7945.91719,0.10796
7942.05995,0.10789
7938.20271,0.10774
7934.34547,0.10755
7930.48823,0.10748
7926.63099,0.10767
7922.77375,0.10792
7918.91650,0.10787
7915.05926,0.10769
7911.20202,0.10770
7907.34478,0.10779
7903.48754,0.10790
7899.63030,0.10805
7895.77306,0.10813
7891.91581,0.10801
7888.05857,0.10787
7884.20133,0.10795
7880.34409,0.10816
7876.48685,0.10822
7872.62961,0.10811
7868.77237,0.10807
7864.91513,0.10815
7861.05788,0.10815
7857.20064,0.10802
7853.34340,0.10795
7849.48616,0.10793
7845.62892,0.10783
7841.77168,0.10764
7837.91444,0.10749
7834.05719,0.10738
7830.19995,0.10717
7826.34271,0.10693
7822.48547,0.10683
7818.62823,0.10691
7814.77099,0.10710
7810.91375,0.10729
7807.05650,0.10737
7803.19926,0.10728
7799.34202,0.10710
7795.48478,0.10682
7791.62754,0.10657
7787.77030,0.10656
7783.91306,0.10660
7780.05582,0.10651
7776.19857,0.10651
7772.34133,0.10661
7768.48409,0.10655
7764.62685,0.10630
7760.76961,0.10612
7756.91237,0.10608
7753.05513,0.10606
7749.19788,0.10593
7745.34064,0.10577
7741.48340,0.10566
7737.62616,0.10556
7733.76892,0.10549
7729.91168,0.10543
7726.05444,0.10531
7722.19720,0.10510
7718.33995,0.10483
7714.48271,0.10470
7710.62547,0.10486
7706.76823,0.10505
7702.91099,0.10494
7699.05375,0.10468
7695.19651,0.10450
7691.33926,0.10436
7687.48202,0.10427
7683.62478,0.10436
7679.76754,0.10460
7675.91030,0.10473
7672.05306,0.10469
7668.19582,0.10465
7664.33857,0.10463
7660.48133,0.10457
7656.62409,0.10460
7652.76685,0.10479
7648.90961,0.10500
7645.05237,0.10516
7641.19513,0.10511
7637.33789,0.10490
7633.48064,0.10489
7629.62340,0.10501
7625.76616,0.10502
7621.90892,0.10502
7618.05168,0.10514
7614.19444,0.10534
7610.33720,0.10560
7606.47995,0.10584
7602.62271,0.10594
7598.76547,0.10584
7594.90823,0.10566
7591.05099,0.10558
7587.19375,0.10562
7583.33651,0.10568
7579.47926,0.10581
7575.62202,0.10599
7571.76478,0.10611
7567.90754,0.10616
7564.05030,0.10619
7560.19306,0.10630
7556.33582,0.10668
7552.47858,0.10714
7548.62133,0.10748
7544.76409,0.10770
7540.90685,0.10786
7537.04961,0.10796
7533.19237,0.10802
7529.33513,0.10809
7525.47789,0.10821
7521.62064,0.10841
7517.76340,0.10858
7513.90616,0.10864
7510.04892,0.10871
7506.19168,0.10892
7502.33444,0.10921
7498.47720,0.10945
7494.61996,0.10967
7490.76271,0.10990
7486.90547,0.11006
7483.04823,0.11026
7479.19099,0.11057
7475.33375,0.11095
7471.47651,0.11134
7467.61927,0.11170
7463.76202,0.11209
7459.90478,0.11262
7456.04754,0.11324
7452.19030,0.11392
7448.33306,0.11460
7444.47582,0.11520
7440.61858,0.11580
7436.76133,0.11654
7432.90409,0.11728
7429.04685,0.11805
7425.18961,0.11899
7421.33237,0.11996
7417.47513,0.12083
7413.61789,0.12157
7409.76065,0.12225
7405.90340,0.12301
7402.04616,0.12382
7398.18892,0.12456
7394.33168,0.12533
7390.47444,0.12625
7386.61720,0.12725
7382.75996,0.12828
7378.90271,0.12923
7375.04547,0.13012
7371.18823,0.13108
7367.33099,0.13213
7363.47375,0.13313
7359.61651,0.13399
7355.75927,0.13472
7351.90202,0.13542
7348.04478,0.13618
7344.18754,0.13688
7340.33030,0.13739
7336.47306,0.13779
7332.61582,0.13826
7328.75858,0.13872
7324.90134,0.13908
7321.04409,0.13936
7317.18685,0.13962
7313.32961,0.13990
7309.47237,0.14015
7305.61513,0.14028
7301.75789,0.14035
7297.90065,0.14048
7294.04340,0.14066
7290.18616,0.14086
7286.32892,0.14108
7282.47168,0.14135
7278.61444,0.14161
7274.75720,0.14191
7270.89996,0.14224
7267.04272,0.14255
7263.18547,0.14290
7259.32823,0.14336
7255.47099,0.14379
7251.61375,0.14401
7247.75651,0.14412
7243.89927,0.14424
7240.04203,0.14434
7236.18478,0.14450
7232.32754,0.14478
7228.47030,0.14505
7224.61306,0.14523
7220.75582,0.14539
7216.89858,0.14553
7213.04134,0.14560
7209.18409,0.14571
7205.32685,0.14588
7201.46961,0.14601
7197.61237,0.14605
7193.75513,0.14609
7189.89789,0.14625
7186.04065,0.14661
7182.18341,0.14709
7178.32616,0.14749
7174.46892,0.14787
7170.61168,0.14834
7166.75444,0.14891
7162.89720,0.14952
7159.03996,0.15011
7155.18272,0.15069
7151.32547,0.15137
7147.46823,0.15226
7143.61099,0.15331
7139.75375,0.15442
7135.89651,0.15551
7132.03927,0.15655
7128.18203,0.15750
7124.32478,0.15841
7120.46754,0.15933
7116.61030,0.16023
7112.75306,0.16117
7108.89582,0.16226
7105.03858,0.16343
7101.18134,0.16455
7097.32410,0.16573
7093.46685,0.16699
7089.60961,0.16821
7085.75237,0.16944
7081.89513,0.17079
7078.03789,0.17226
7074.18065,0.17376
7070.32341,0.17525
7066.46616,0.17673
7062.60892,0.17817
7058.75168,0.17959
7054.89444,0.18097
7051.03720,0.18226
7047.17996,0.18354
7043.32272,0.18487
7039.46548,0.18622
7035.60823,0.18752
7031.75099,0.18870
7027.89375,0.18977
7024.03651,0.19081
7020.17927,0.19180
7016.32203,0.19275
7012.46479,0.19364
7008.60754,0.19444
7004.75030,0.19518
7000.89306,0.19590
6997.03582,0.19661
6993.17858,0.19735
6989.32134,0.19815
6985.46410,0.19888
6981.60685,0.19947
6977.74961,0.20008
6973.89237,0.20073
6970.03513,0.20130
6966.17789,0.20176
6962.32065,0.20215
6958.46341,0.20252
6954.60617,0.20289
6950.74892,0.20328
6946.89168,0.20365
6943.03444,0.20396
6939.17720,0.20428
6935.31996,0.20468
6931.46272,0.20509
6927.60548,0.20552
6923.74823,0.20596
6919.89099,0.20630
6916.03375,0.20659
6912.17651,0.20686
6908.31927,0.20713
6904.46203,0.20744
6900.60479,0.20780
6896.74754,0.20814
6892.89030,0.20844
6889.03306,0.20876
6885.17582,0.20912
6881.31858,0.20956
6877.46134,0.21007
6873.60410,0.21060
6869.74686,0.21115
6865.88961,0.21170
6862.03237,0.21232
6858.17513,0.21302
6854.31789,0.21373
6850.46065,0.21438
6846.60341,0.21499
6842.74617,0.21561
6838.88892,0.21624
6835.03168,0.21686
6831.17444,0.21750
6827.31720,0.21815
6823.45996,0.21884
6819.60272,0.21957
6815.74548,0.22027
6811.88824,0.22093
6808.03099,0.22159
6804.17375,0.22237
6800.31651,0.22328
6796.45927,0.22417
6792.60203,0.22498
6788.74479,0.22576
6784.88755,0.22650
6781.03030,0.22726
6777.17306,0.22806
6773.31582,0.22880
6769.45858,0.22946
6765.60134,0.23011
6761.74410,0.23074
6757.88686,0.23123
6754.02961,0.23156
6750.17237,0.23183
6746.31513,0.23212
6742.45789,0.23244
6738.60065,0.23270
6734.74341,0.23288
6730.88617,0.23302
6727.02893,0.23311
6723.17168,0.23312
6719.31444,0.23318
6715.45720,0.23335
6711.59996,0.23352
6707.74272,0.23358
6703.88548,0.23358
6700.02824,0.23356
6696.17099,0.23353
6692.31375,0.23346
6688.45651,0.23333
6684.59927,0.23318
6680.74203,0.23304
6676.88479,0.23286
6673.02755,0.23261
6669.17030,0.23236
6665.31306,0.23208
6661.45582,0.23170
6657.59858,0.23130
6653.74134,0.23098
6649.88410,0.23069
6646.02686,0.23032
6642.16962,0.22986
6638.31237,0.22939
6634.45513,0.22899
6630.59789,0.22862
6626.74065,0.22817
6622.88341,0.22765
6619.02617,0.22714
6615.16893,0.22669
6611.31168,0.22623
6607.45444,0.22572
6603.59720,0.22518
6599.73996,0.22474
6595.88272,0.22441
6592.02548,0.22409
6588.16824,0.22375
6584.31100,0.22346
6580.45375,0.22324
6576.59651,0.22310
6572.73927,0.22308
6568.88203,0.22309
6565.02479,0.22307
6561.16755,0.22306
6557.31031,0.22311
6553.45306,0.22316
6549.59582,0.22319
6545.73858,0.22327
6541.88134,0.22346
6538.02410,0.22367
6534.16686,0.22381
6530.30962,0.22391
6526.45237,0.22401
6522.59513,0.22420
6518.73789,0.22444
6514.88065,0.22461
6511.02341,0.22471
6507.16617,0.22477
6503.30893,0.22480
6499.45169,0.22478
6495.59444,0.22476
6491.73720,0.22481
6487.87996,0.22488
6484.02272,0.22491
6480.16548,0.22488
6476.30824,0.22476
6472.45100,0.22460
6468.59375,0.22440
6464.73651,0.22419
6460.87927,0.22401
6457.02203,0.22389
6453.16479,0.22378
6449.30755,0.22359
6445.45031,0.22335
6441.59306,0.22307
6437.73582,0.22274
6433.87858,0.22236
6430.02134,0.22201
6426.16410,0.22170
6422.30686,0.22136
6418.44962,0.22100
6414.59238,0.22064
6410.73513,0.22024
6406.87789,0.21987
6403.02065,0.21965
6399.16341,0.21954
6395.30617,0.21942
6391.44893,0.21926
6387.59169,0.21908
6383.73444,0.21888
6379.87720,0.21869
6376.01996,0.21852
6372.16272,0.21838
6368.30548,0.21825
6364.44824,0.21809
6360.59100,0.21792
6356.73376,0.21777
6352.87651,0.21763
6349.01927,0.21748
6345.16203,0.21737
6341.30479,0.21732
6337.44755,0.21733
6333.59031,0.21736
6329.73307,0.21740
6325.87582,0.21743
6322.01858,0.21743
6318.16134,0.21739
6314.30410,0.21728
6310.44686,0.21717
6306.58962,0.21709
6302.73238,0.21692
6298.87513,0.21661
6295.01789,0.21627
6291.16065,0.21597
6287.30341,0.21559
6283.44617,0.21508
6279.58893,0.21449
6275.73169,0.21386
6271.87445,0.21324
6268.01720,0.21265
6264.15996,0.21202
6260.30272,0.21132
6256.44548,0.21059
6252.58824,0.20985
6248.73100,0.20903
6244.87376,0.20816
6241.01651,0.20732
6237.15927,0.20649
6233.30203,0.20566
6229.44479,0.20483
6225.58755,0.20408
6221.73031,0.20347
6217.87307,0.20303
6214.01582,0.20289
6210.15858,0.20312
6206.30134,0.20367
6202.44410,0.20434
6198.58686,0.20481
6194.72962,0.20478
6190.87238,0.20415
6187.01514,0.20300
6183.15789,0.20152
6179.30065,0.20008
6175.44341,0.19901
6171.58617,0.19838
6167.72893,0.19809
6163.87169,0.19803
6160.01445,0.19823
6156.15720,0.19877
6152.29996,0.19960
6148.44272,0.20041
6144.58548,0.20092
6140.72824,0.20101
6136.87100,0.20077
6133.01376,0.20050
6129.15652,0.20053
6125.29927,0.20108
6121.44203,0.20229
6117.58479,0.20426
6113.72755,0.20706
6109.87031,0.21071
6106.01307,0.21502
6102.15583,0.21988
6098.29858,0.22517
6094.44134,0.23074
6090.58410,0.23632
6086.72686,0.24155
6082.86962,0.24628
6079.01238,0.25083
6075.15514,0.25583
6071.29789,0.26167
6067.44065,0.26838
6063.58341,0.27560
6059.72617,0.28273
6055.86893,0.28925
6052.01169,0.29495
6048.15445,0.29999
6044.29721,0.30492
6040.43996,0.31027
6036.58272,0.31618
6032.72548,0.32236
6028.86824,0.32813
6025.01100,0.33260
6021.15376,0.33505
6017.29652,0.33490
6013.43927,0.33189
6009.58203,0.32625
6005.72479,0.31871
6001.86755,0.31023
5998.01031,0.30182
5994.15307,0.29437
5990.29583,0.28850
5986.43858,0.28430
5982.58134,0.28142
5978.72410,0.27912
5974.86686,0.27642
5971.00962,0.27275
5967.15238,0.26843
5963.29514,0.26438
5959.43790,0.26131
5955.58065,0.25938
5951.72341,0.25843
5947.86617,0.25799
5944.00893,0.25733
5940.15169,0.25575
5936.29445,0.25287
5932.43721,0.24881
5928.57996,0.24413
5924.72272,0.23938
5920.86548,0.23493
5917.00824,0.23100
5913.15100,0.22769
5909.29376,0.22522
5905.43652,0.22385
5901.57927,0.22369
5897.72203,0.22464
5893.86479,0.22649
5890.00755,0.22899
5886.15031,0.23183
5882.29307,0.23465
5878.43583,0.23717
5874.57859,0.23936
5870.72134,0.24124
5866.86410,0.24271
5863.00686,0.24358
5859.14962,0.24365
5855.29238,0.24303
5851.43514,0.24204
5847.57790,0.24102
5843.72065,0.24025
5839.86341,0.23983
5836.00617,0.23964
5832.14893,0.23962
5828.29169,0.23976
5824.43445,0.24001
5820.57721,0.24038
5816.71997,0.24074
5812.86272,0.24095
5809.00548,0.24095
5805.14824,0.24074
5801.29100,0.24037
5797.43376,0.23995
5793.57652,0.23961
5789.71928,0.23934
5785.86203,0.23902
5782.00479,0.23863
5778.14755,0.23809
5774.29031,0.23738
5770.43307,0.23654
5766.57583,0.23551
5762.71859,0.23421
5758.86134,0.23263
5755.00410,0.23088
5751.14686,0.22899
5747.28962,0.22695
5743.43238,0.22482
5739.57514,0.22273
5735.71790,0.22078
5731.86066,0.21910
5728.00341,0.21783
5724.14617,0.21709
5720.28893,0.21686
5716.43169,0.21696
5712.57445,0.21715
5708.71721,0.21726
5704.85997,0.21723
5701.00272,0.21708
5697.14548,0.21675
5693.28824,0.21627
5689.43100,0.21573
5685.57376,0.21521
5681.71652,0.21478
5677.85928,0.21453
5674.00203,0.21454
5670.14479,0.21478
5666.28755,0.21519
5662.43031,0.21569
5658.57307,0.21612
5654.71583,0.21634
5650.85859,0.21621
5647.00135,0.21565
5643.14410,0.21472
5639.28686,0.21359
5635.42962,0.21243
5631.57238,0.21132
5627.71514,0.21034
5623.85790,0.20957
5620.00066,0.20900
5616.14341,0.20863
5612.28617,0.20842
5608.42893,0.20839
5604.57169,0.20856
5600.71445,0.20888
5596.85721,0.20932
5592.99997,0.20984
5589.14273,0.21043
5585.28548,0.21111
5581.42824,0.21187
5577.57100,0.21269
5573.71376,0.21345
5569.85652,0.21406
5565.99928,0.21443
5562.14204,0.21459
5558.28479,0.21462
5554.42755,0.21457
5550.57031,0.21451
5546.71307,0.21447
5542.85583,0.21445
5538.99859,0.21447
5535.14135,0.21450
5531.28410,0.21448
5527.42686,0.21428
5523.56962,0.21391
5519.71238,0.21349
5515.85514,0.21308
5511.99790,0.21267
5508.14066,0.21236
5504.28342,0.21234
5500.42617,0.21261
5496.56893,0.21311
5492.71169,0.21385
5488.85445,0.21466
5484.99721,0.21527
5481.13997,0.21554
5477.28273,0.21547
5473.42548,0.21512
5469.56824,0.21457
5465.71100,0.21382
5461.85376,0.21287
5457.99652,0.21181
5454.13928,0.21065
5450.28204,0.20929
5446.42479,0.20770
5442.56755,0.20597
5438.71031,0.20425
5434.85307,0.20264
5430.99583,0.20120
5427.13859,0.20001
5423.28135,0.19906
5419.42411,0.19831
5415.56686,0.19776
5411.70962,0.19744
5407.85238,0.19723
5403.99514,0.19707
5400.13790,0.19693
5396.28066,0.19680
5392.42342,0.19669
5388.56617,0.19664
5384.70893,0.19664
5380.85169,0.19668
5376.99445,0.19681
5373.13721,0.19708
5369.27997,0.19748
5365.42273,0.19795
5361.56549,0.19846
5357.70824,0.19904
5353.85100,0.19962
5349.99376,0.20006
5346.13652,0.20036
5342.27928,0.20055
5338.42204,0.20069
5334.56480,0.20088
5330.70755,0.20118
5326.85031,0.20165
5322.99307,0.20241
5319.13583,0.20356
5315.27859,0.20503
5311.42135,0.20675
5307.56411,0.20879
5303.70686,0.21119
5299.84962,0.21385
5295.99238,0.21677
5292.13514,0.22017
5288.27790,0.22415
5284.42066,0.22865
5280.56342,0.23364
5276.70618,0.23906
5272.84893,0.24468
5268.99169,0.25033
5265.13445,0.25595
5261.27721,0.26127
5257.41997,0.26599
5253.56273,0.27010
5249.70549,0.27373
5245.84824,0.27697
5241.99100,0.27974
5238.13376,0.28198
5234.27652,0.28382
5230.41928,0.28535
5226.56204,0.28662
5222.70480,0.28775
5218.84755,0.28875
5214.99031,0.28949
5211.13307,0.28995
5207.27583,0.29032
5203.41859,0.29073
5199.56135,0.29111
5195.70411,0.29139
5191.84687,0.29161
5187.98962,0.29175
5184.13238,0.29186
5180.27514,0.29195
5176.41790,0.29199
5172.56066,0.29198
5168.70342,0.29194
5164.84618,0.29190
5160.98893,0.29183
5157.13169,0.29176
5153.27445,0.29169
5149.41721,0.29162
5145.55997,0.29156
5141.70273,0.29152
5137.84549,0.29154
5133.98825,0.29163
5130.13100,0.29178
5126.27376,0.29187
5122.41652,0.29161
5118.55928,0.29062
5114.70204,0.28873
5110.84480,0.28608
5106.98756,0.28299
5103.13031,0.27978
5099.27307,0.27663
5095.41583,0.27368
5091.55859,0.27100
5087.70135,0.26857
5083.84411,0.26633
5079.98687,0.26429
5076.12962,0.26248
5072.27238,0.26083
5068.41514,0.25929
5064.55790,0.25784
5060.70066,0.25645
5056.84342,0.25515
5052.98618,0.25398
5049.12894,0.25297
5045.27169,0.25207
5041.41445,0.25126
5037.55721,0.25054
5033.69997,0.24986
5029.84273,0.24917
5025.98549,0.24848
5022.12825,0.24781
5018.27100,0.24721
5014.41376,0.24671
5010.55652,0.24626
5006.69928,0.24579
5002.84204,0.24522
4998.98480,0.24459
4995.12756,0.24402
4991.27031,0.24361
4987.41307,0.24334
4983.55583,0.24318
4979.69859,0.24317
4975.84135,0.24342
4971.98411,0.24395
4968.12687,0.24471
4964.26963,0.24569
4960.41238,0.24691
4956.55514,0.24837
4952.69790,0.25005
4948.84066,0.25186
4944.98342,0.25378
4941.12618,0.25581
4937.26894,0.25795
4933.41169,0.26012
4929.55445,0.26234
4925.69721,0.26470
4921.83997,0.26725
4917.98273,0.26992
4914.12549,0.27266
4910.26825,0.27548
4906.41101,0.27848
4902.55376,0.28163
4898.69652,0.28486
4894.83928,0.28813
4890.98204,0.29148
4887.12480,0.29493
4883.26756,0.29845
4879.41032,0.30197
4875.55307,0.30541
4871.69583,0.30873
4867.83859,0.31192
4863.98135,0.31498
4860.12411,0.31797
4856.26687,0.32100
4852.40963,0.32415
4848.55238,0.32751
4844.69514,0.33116
4840.83790,0.33515
4836.98066,0.33944
4833.12342,0.34391
4829.26618,0.34838
4825.40894,0.35272
4821.55170,0.35680
4817.69445,0.36052
4813.83721,0.36391
4809.97997,0.36705
4806.12273,0.36994
4802.26549,0.37251
4798.40825,0.37463
4794.55101,0.37620
4790.69376,0.37726
4786.83652,0.37791
4782.97928,0.37824
4779.12204,0.37842
4775.26480,0.37864
4771.40756,0.37904
4767.55032,0.37981
4763.69307,0.38110
4759.83583,0.38297
4755.97859,0.38540
4752.12135,0.38819
4748.26411,0.39108
4744.40687,0.39388
4740.54963,0.39658
4736.69239,0.39955
4732.83514,0.40330
4728.97790,0.40800
4725.12066,0.41297
4721.26342,0.41692
4717.40618,0.41904
4713.54894,0.41988
4709.69170,0.42104
4705.83445,0.42408
4701.97721,0.42951
4698.11997,0.43630
4694.26273,0.44210
4690.40549,0.44431
4686.54825,0.44157
4682.69101,0.43431
4678.83377,0.42425
4674.97652,0.41373
4671.11928,0.40487
4667.26204,0.39869
4663.40480,0.39491
4659.54756,0.39282
4655.69032,0.39225
4651.83308,0.39374
4647.97583,0.39782
4644.11859,0.40386
4640.26135,0.40988
4636.40411,0.41323
4632.54687,0.41164
4628.68963,0.40443
4624.83239,0.39328
4620.97514,0.38137
4617.11790,0.37137
4613.26066,0.36427
4609.40342,0.36000
4605.54618,0.35840
4601.68894,0.35939
4597.83170,0.36249
4593.97446,0.36628
4590.11721,0.36951
4586.25997,0.37209
4582.40273,0.37374
4578.54549,0.37255
4574.68825,0.36688
4570.83101,0.35773
4566.97377,0.34803
4563.11652,0.34036
4559.25928,0.33559
4555.40204,0.33310
4551.54480,0.33180
4547.68756,0.33101
4543.83032,0.33041
4539.97308,0.32992
4536.11583,0.32970
4532.25859,0.32992
4528.40135,0.33072
4524.54411,0.33212
4520.68687,0.33419
4516.82963,0.33705
4512.97239,0.34091
4509.11515,0.34609
4505.25790,0.35300
4501.40066,0.36184
4497.54342,0.37225
4493.68618,0.38293
4489.82894,0.39223
4485.97170,0.39953
4482.11446,0.40565
4478.25721,0.41226
4474.39997,0.42112
4470.54273,0.43331
4466.68549,0.44866
4462.82825,0.46498
4458.97101,0.47824
4455.11377,0.48599
4451.25653,0.49011
4447.39928,0.49417
4443.54204,0.49954
4439.68480,0.50521
4435.82756,0.50942
4431.97032,0.51063
4428.11308,0.50810
4424.25584,0.50273
4420.39859,0.49696
4416.54135,0.49319
4412.68411,0.49234
4408.82687,0.49344
4404.96963,0.49443
4401.11239,0.49348
4397.25515,0.49007
4393.39790,0.48508
4389.54066,0.47981
4385.68342,0.47514
4381.82618,0.47144
4377.96894,0.46882
4374.11170,0.46733
4370.25446,0.46705
4366.39722,0.46805
4362.53997,0.46992
4358.68273,0.47177
4354.82549,0.47322
4350.96825,0.47479
4347.11101,0.47709
4343.25377,0.48003
4339.39653,0.48303
4335.53928,0.48565
4331.68204,0.48783
4327.82480,0.48981
4323.96756,0.49193
4320.11032,0.49458
4316.25308,0.49816
4312.39584,0.50283
4308.53859,0.50843
4304.68135,0.51452
4300.82411,0.52044
4296.96687,0.52546
4293.10963,0.52901
4289.25239,0.53079
4285.39515,0.53107
4281.53791,0.53048
4277.68066,0.52940
4273.82342,0.52774
4269.96618,0.52543
4266.10894,0.52273
4262.25170,0.52022
4258.39446,0.51862
4254.53722,0.51819
4250.67997,0.51860
4246.82273,0.51899
4242.96549,0.51853
4239.10825,0.51713
4235.25101,0.51556
4231.39377,0.51447
4227.53653,0.51354
4223.67929,0.51190
4219.82204,0.50911
4215.96480,0.50566
4212.10756,0.50240
4208.25032,0.49972
4204.39308,0.49759
4200.53584,0.49595
4196.67860,0.49511
4192.82135,0.49577
4188.96411,0.49858
4185.10687,0.50341
4181.24963,0.50858
4177.39239,0.51115
4173.53515,0.50904
4169.67791,0.50297
4165.82066,0.49552
4161.96342,0.48910
4158.10618,0.48485
4154.24894,0.48275
4150.39170,0.48258
4146.53446,0.48434
4142.67722,0.48787
4138.81998,0.49257
4134.96273,0.49734
4131.10549,0.50124
4127.24825,0.50425
4123.39101,0.50720
4119.53377,0.51112
4115.67653,0.51676
4111.81929,0.52444
4107.96204,0.53447
4104.10480,0.54752
4100.24756,0.56463
4096.39032,0.58469
4092.53308,0.60150
4088.67584,0.60768
4084.81860,0.60206
4080.96135,0.58914
4077.10411,0.57423
4073.24687,0.56152
4069.38963,0.55301
4065.53239,0.54828
4061.67515,0.54610
4057.81791,0.54567
4053.96067,0.54646
4050.10342,0.54778
4046.24618,0.54885
4042.38894,0.54934
4038.53170,0.54943
4034.67446,0.54946
4030.81722,0.54957
4026.95998,0.54965
4023.10273,0.54955
4019.24549,0.54930
4015.38825,0.54875
4011.53101,0.54763
4007.67377,0.54592
4003.81653,0.54379
3999.95929,0.54132
3996.10205,0.53849
3992.24480,0.53551
3988.38756,0.53275
3984.53032,0.53051
3980.67308,0.52888
3976.81584,0.52758
3972.95860,0.52610
3969.10136,0.52418
3965.24411,0.52177
3961.38687,0.51898
3957.52963,0.51607
3953.67239,0.51311
3949.81515,0.51002
3945.95791,0.50696
3942.10067,0.50422
3938.24342,0.50191
3934.38618,0.49983
3930.52894,0.49793
3926.67170,0.49625
3922.81446,0.49458
3918.95722,0.49273
3915.09998,0.49072
3911.24274,0.48855
3907.38549,0.48584
3903.52825,0.48205
3899.67101,0.47779
3895.81377,0.47418
3891.95653,0.47097
3888.09929,0.46805
3884.24205,0.46575
3880.38480,0.46402
3876.52756,0.46233
3872.67032,0.46003
3868.81308,0.45696
3864.95584,0.45373
3861.09860,0.45095
3857.24136,0.44839
3853.38411,0.44549
3849.52687,0.44330
3845.66963,0.44213
3841.81239,0.44113
3837.95515,0.44035
3834.09791,0.43999
3830.24067,0.43980
3826.38343,0.43986
3822.52618,0.44079
3818.66894,0.44351
3814.81170,0.44723
3810.95446,0.45013
3807.09722,0.45152
3803.23998,0.45102
3799.38274,0.44878
3795.52549,0.44624
3791.66825,0.44449
3787.81101,0.44376
3783.95377,0.44408
3780.09653,0.44546
3776.23929,0.44763
3772.38205,0.45028
3768.52481,0.45353
3764.66756,0.45712
3760.81032,0.46005
3756.95308,0.46096
3753.09584,0.45882
3749.23860,0.45469
3745.38136,0.45221
3741.52412,0.45305
3737.66687,0.45639
3733.80963,0.46090
3729.95239,0.46364
3726.09515,0.46402
3722.23791,0.46416
3718.38067,0.46564
3714.52343,0.46903
3710.66618,0.47546
3706.80894,0.48455
3702.95170,0.49540
3699.09446,0.50856
3695.23722,0.52369
3691.37998,0.54324
3687.52274,0.56596
3683.66550,0.58135
3679.80825,0.58992
3675.95101,0.59949
3672.09377,0.61469
3668.23653,0.63287
3664.37929,0.65058
3660.52205,0.66788
3656.66481,0.68520
3652.80756,0.70246
3648.95032,0.72170
3645.09308,0.74075
3641.23584,0.75418
3637.37860,0.76446
3633.52136,0.77356
3629.66412,0.78137
3625.80687,0.78781
3621.94963,0.79277
3618.09239,0.79918
3614.23515,0.80710
3610.37791,0.81482
3606.52067,0.82091
3602.66343,0.82527
3598.80619,0.83202
