12493.60475,0.15872
12489.74751,0.15836
12485.89027,0.16048
12482.03303,0.16358
12478.17579,0.16388
12474.31855,0.16257
12470.46130,0.16336
12466.60406,0.16609
12462.74682,0.16633
12458.88958,0.16293
12455.03234,0.16021
12451.17510,0.16046
12447.31786,0.16293
12443.46062,0.16552
12439.60337,0.16587
12435.74613,0.16477
12431.88889,0.16429
12428.03165,0.16598
12424.17441,0.16876
12420.31717,0.16869
12416.45993,0.16600
12412.60268,0.16432
12408.74544,0.16443
12404.88820,0.16608
12401.03096,0.16840
12397.17372,0.16890
12393.31648,0.16598
12389.45924,0.16147
12385.60199,0.15961
12381.74475,0.16116
12377.88751,0.16260
12374.03027,0.16220
12370.17303,0.16131
12366.31579,0.16174
12362.45855,0.16360
12358.60131,0.16361
12354.74406,0.16148
12350.88682,0.16287
12347.02958,0.16622
12343.17234,0.16498
12339.31510,0.16240
12335.45786,0.16354
12331.60062,0.16593
12327.74337,0.16615
12323.88613,0.16417
12320.02889,0.16307
12316.17165,0.16489
12312.31441,0.16616
12308.45717,0.16380
12304.59993,0.16128
12300.74268,0.16181
12296.88544,0.16294
12293.02820,0.16239
12289.17096,0.16143
12285.31372,0.16153
12281.45648,0.16267
12277.59924,0.16360
12273.74200,0.16311
12269.88475,0.16168
12266.02751,0.16072
12262.17027,0.16169
12258.31303,0.16439
12254.45579,0.16615
12250.59855,0.16617
12246.74131,0.16631
12242.88406,0.16677
12239.02682,0.16665
12235.16958,0.16673
12231.31234,0.16759
12227.45510,0.16802
12223.59786,0.16687
12219.74062,0.16486
12215.88338,0.16355
12212.02613,0.16274
12208.16889,0.16235
12204.31165,0.16373
12200.45441,0.16570
12196.59717,0.16665
12192.73993,0.16692
12188.88269,0.16632
12185.02544,0.16596
12181.16820,0.16738
12177.31096,0.16824
12173.45372,0.16567
12169.59648,0.16233
12165.73924,0.16241
12161.88200,0.16392
12158.02475,0.16337
12154.16751,0.16171
12150.31027,0.16045
12146.45303,0.15925
12142.59579,0.15895
12138.73855,0.15988
12134.88131,0.15909
12131.02407,0.15662
12127.16682,0.15664
12123.30958,0.15956
12119.45234,0.16127
12115.59510,0.15969
12111.73786,0.15695
12107.88062,0.15541
12104.02338,0.15573
12100.16613,0.15701
12096.30889,0.15824
12092.45165,0.16006
12088.59441,0.16179
12084.73717,0.16182
12080.87993,0.16069
12077.02269,0.15977
12073.16544,0.15952
12069.30820,0.15831
12065.45096,0.15534
12061.59372,0.15393
12057.73648,0.15637
12053.87924,0.16013
12050.02200,0.16178
12046.16476,0.16137
12042.30751,0.16116
12038.45027,0.16139
12034.59303,0.16134
12030.73579,0.16131
12026.87855,0.16071
12023.02131,0.15924
12019.16407,0.15898
12015.30682,0.16081
12011.44958,0.16207
12007.59234,0.16062
12003.73510,0.15847
11999.87786,0.15882
11996.02062,0.16218
11992.16338,0.16578
11988.30614,0.16622
11984.44889,0.16389
11980.59165,0.16155
11976.73441,0.16073
11972.87717,0.16185
11969.01993,0.16366
11965.16269,0.16428
11961.30545,0.16420
11957.44820,0.16481
11953.59096,0.16501
11949.73372,0.16364
11945.87648,0.16288
11942.01924,0.16377
11938.16200,0.16352
11934.30476,0.16136
11930.44751,0.15984
11926.59027,0.16057
11922.73303,0.16262
11918.87579,0.16377
11915.01855,0.16327
11911.16131,0.16270
11907.30407,0.16338
11903.44683,0.16449
11899.58958,0.16460
11895.73234,0.16373
11891.87510,0.16303
11888.01786,0.16318
11884.16062,0.16350
11880.30338,0.16382
11876.44614,0.16541
11872.58889,0.16764
11868.73165,0.16823
11864.87441,0.16783
11861.01717,0.16811
11857.15993,0.16866
11853.30269,0.16861
11849.44545,0.16802
11845.58820,0.16799
11841.73096,0.16896
11837.87372,0.16943
11834.01648,0.16822
11830.15924,0.16554
11826.30200,0.16305
11822.44476,0.16247
11818.58752,0.16287
11814.73027,0.16270
11810.87303,0.16233
11807.01579,0.16233
11803.15855,0.16237
11799.30131,0.16246
11795.44407,0.16313
11791.58683,0.16430
11787.72958,0.16520
11783.87234,0.16534
11780.01510,0.16549
11776.15786,0.16621
11772.30062,0.16583
11768.44338,0.16438
11764.58614,0.16484
11760.72890,0.16691
11756.87165,0.16727
11753.01441,0.16673
11749.15717,0.16836
11745.29993,0.17042
11741.44269,0.16992
11737.58545,0.16795
11733.72821,0.16616
11729.87096,0.16445
11726.01372,0.16382
11722.15648,0.16518
11718.29924,0.16689
11714.44200,0.16767
11710.58476,0.16790
11706.72752,0.16829
11702.87027,0.16943
11699.01303,0.17076
11695.15579,0.17094
11691.29855,0.16930
11687.44131,0.16688
11683.58407,0.16577
11679.72683,0.16592
11675.86959,0.16584
11672.01234,0.16518
11668.15510,0.16442
11664.29786,0.16414
11660.44062,0.16411
11656.58338,0.16399
11652.72614,0.16448
11648.86890,0.16522
11645.01165,0.16504
11641.15441,0.16454
11637.29717,0.16491
11633.43993,0.16510
11629.58269,0.16348
11625.72545,0.16165
11621.86821,0.16235
11618.01096,0.16449
11614.15372,0.16480
11610.29648,0.16367
11606.43924,0.16405
11602.58200,0.16520
11598.72476,0.16425
11594.86752,0.16201
11591.01028,0.16121
11587.15303,0.16257
11583.29579,0.16416
11579.43855,0.16386
11575.58131,0.16303
11571.72407,0.16379
11567.86683,0.16463
11564.00959,0.16376
11560.15234,0.16225
11556.29510,0.16232
11552.43786,0.16522
11548.58062,0.16816
11544.72338,0.16734
11540.86614,0.16532
11537.00890,0.16626
11533.15166,0.16766
11529.29441,0.16550
11525.43717,0.16251
11521.57993,0.16420
11517.72269,0.16900
11513.86545,0.17078
11510.00821,0.16849
11506.15097,0.16596
11502.29372,0.16579
11498.43648,0.16634
11494.57924,0.16526
11490.72200,0.16472
11486.86476,0.16714
11483.00752,0.16875
11479.15028,0.16658
11475.29303,0.16399
11471.43579,0.16407
11467.57855,0.16575
11463.72131,0.16615
11459.86407,0.16388
11456.00683,0.16188
11452.14959,0.16297
11448.29235,0.16467
11444.43510,0.16399
11440.57786,0.16204
11436.72062,0.16148
11432.86338,0.16266
11429.00614,0.16370
11425.14890,0.16363
11421.29166,0.16311
11417.43441,0.16311
11413.57717,0.16398
11409.71993,0.16467
11405.86269,0.16393
11402.00545,0.16222
11398.14821,0.16094
11394.29097,0.16069
11390.43372,0.16089
11386.57648,0.16116
11382.71924,0.16193
11378.86200,0.16247
11375.00476,0.16123
11371.14752,0.15917
11367.29028,0.15901
11363.43304,0.16117
11359.57579,0.16349
11355.71855,0.16461
11351.86131,0.16513
11348.00407,0.16530
11344.14683,0.16438
11340.28959,0.16284
11336.43235,0.16180
11332.57510,0.16102
11328.71786,0.16040
11324.86062,0.16062
11321.00338,0.16115
11317.14614,0.16116
11313.28890,0.16029
11309.43166,0.15920
11305.57442,0.15967
11301.71717,0.16124
11297.85993,0.16171
11294.00269,0.16113
11290.14545,0.16177
11286.28821,0.16401
11282.43097,0.16539
11278.57373,0.16487
11274.71648,0.16380
11270.85924,0.16277
11267.00200,0.16161
11263.14476,0.16098
11259.28752,0.16105
11255.43028,0.16072
11251.57304,0.16014
11247.71579,0.16037
11243.85855,0.16069
11240.00131,0.16036
11236.14407,0.16045
11232.28683,0.16126
11228.42959,0.16166
11224.57235,0.16168
11220.71511,0.16187
11216.85786,0.16189
11213.00062,0.16190
11209.14338,0.16197
11205.28614,0.16168
11201.42890,0.16152
11197.57166,0.16170
11193.71442,0.16097
11189.85717,0.15904
11185.99993,0.15739
11182.14269,0.15707
11178.28545,0.15837
11174.42821,0.16034
11170.57097,0.16114
11166.71373,0.16077
11162.85648,0.15979
11158.99924,0.15823
11155.14200,0.15707
11151.28476,0.15684
11147.42752,0.15720
11143.57028,0.15824
11139.71304,0.15979
11135.85580,0.16116
11131.99855,0.16165
11128.14131,0.16123
11124.28407,0.16062
11120.42683,0.16033
11116.56959,0.16034
11112.71235,0.16074
11108.85511,0.16151
11104.99786,0.16175
11101.14062,0.16112
11097.28338,0.16074
11093.42614,0.16101
11089.56890,0.16112
11085.71166,0.16080
11081.85442,0.16043
11077.99718,0.16052
11074.13993,0.16147
11070.28269,0.16255
11066.42545,0.16246
11062.56821,0.16148
11058.71097,0.16072
11054.85373,0.16056
11050.99649,0.16107
11047.13924,0.16147
11043.28200,0.16122
11039.42476,0.16122
11035.56752,0.16160
11031.71028,0.16153
11027.85304,0.16102
11023.99580,0.16038
11020.13855,0.16009
11016.28131,0.16060
11012.42407,0.16112
11008.56683,0.16074
11004.70959,0.16012
11000.85235,0.16023
10996.99511,0.16068
10993.13787,0.16080
10989.28062,0.16056
10985.42338,0.15995
10981.56614,0.15916
10977.70890,0.15880
10973.85166,0.15896
10969.99442,0.15933
10966.13718,0.15953
10962.27993,0.15961
10958.42269,0.15993
10954.56545,0.16006
10950.70821,0.15968
10946.85097,0.15962
10942.99373,0.15975
10939.13649,0.15933
10935.27924,0.15899
10931.42200,0.15915
10927.56476,0.15938
10923.70752,0.15966
10919.85028,0.15985
10915.99304,0.15952
10912.13580,0.15911
10908.27856,0.15926
10904.42131,0.15929
10900.56407,0.15868
10896.70683,0.15856
10892.84959,0.15881
10888.99235,0.15831
10885.13511,0.15751
10881.27787,0.15699
10877.42062,0.15655
10873.56338,0.15598
10869.70614,0.15526
10865.84890,0.15438
10861.99166,0.15358
10858.13442,0.15379
10854.27718,0.15506
10850.41993,0.15619
10846.56269,0.15649
10842.70545,0.15605
10838.84821,0.15565
10834.99097,0.15642
10831.13373,0.15764
10827.27649,0.15757
10823.41925,0.15642
10819.56200,0.15563
10815.70476,0.15552
10811.84752,0.15530
10807.99028,0.15472
10804.13304,0.15450
10800.27580,0.15472
10796.41856,0.15480
10792.56131,0.15505
10788.70407,0.15603
10784.84683,0.15693
10780.98959,0.15664
10777.13235,0.15577
10773.27511,0.15555
10769.41787,0.15605
10765.56063,0.15617
10761.70338,0.15536
10757.84614,0.15464
10753.98890,0.15488
10750.13166,0.15543
10746.27442,0.15554
10742.41718,0.15536
10738.55994,0.15491
10734.70269,0.15422
10730.84545,0.15391
10726.98821,0.15411
10723.13097,0.15453
10719.27373,0.15505
10715.41649,0.15558
10711.55925,0.15597
10707.70200,0.15612
10703.84476,0.15629
10699.98752,0.15645
10696.13028,0.15613
10692.27304,0.15523
10688.41580,0.15415
10684.55856,0.15401
10680.70132,0.15527
10676.84407,0.15653
10672.98683,0.15666
10669.12959,0.15608
10665.27235,0.15545
10661.41511,0.15530
10657.55787,0.15565
10653.70063,0.15567
10649.84338,0.15515
10645.98614,0.15472
10642.12890,0.15449
10638.27166,0.15443
10634.41442,0.15438
10630.55718,0.15435
10626.69994,0.15476
10622.84269,0.15544
10618.98545,0.15569
10615.12821,0.15535
10611.27097,0.15506
10607.41373,0.15507
10603.55649,0.15494
10599.69925,0.15462
10595.84201,0.15445
10591.98476,0.15438
10588.12752,0.15443
10584.27028,0.15467
10580.41304,0.15463
10576.55580,0.15406
10572.69856,0.15344
10568.84132,0.15325
10564.98407,0.15369
10561.12683,0.15403
10557.26959,0.15368
10553.41235,0.15344
10549.55511,0.15364
10545.69787,0.15336
10541.84063,0.15233
10537.98339,0.15167
10534.12614,0.15199
10530.26890,0.15256
10526.41166,0.15276
10522.55442,0.15241
10518.69718,0.15203
10514.83994,0.15227
10510.98270,0.15255
10507.12545,0.15231
10503.26821,0.15218
10499.41097,0.15246
10495.55373,0.15271
10491.69649,0.15290
10487.83925,0.15310
10483.98201,0.15273
10480.12476,0.15167
10476.26752,0.15085
10472.41028,0.15107
10468.55304,0.15172
10464.69580,0.15185
10460.83856,0.15182
10456.98132,0.15226
10453.12408,0.15274
10449.26683,0.15255
10445.40959,0.15203
10441.55235,0.15182
10437.69511,0.15200
10433.83787,0.15223
10429.98063,0.15211
10426.12339,0.15172
10422.26614,0.15159
10418.40890,0.15174
10414.55166,0.15178
10410.69442,0.15160
10406.83718,0.15115
10402.97994,0.15048
10399.12270,0.14988
10395.26545,0.14972
10391.40821,0.15009
10387.55097,0.15040
10383.69373,0.15036
10379.83649,0.15030
10375.97925,0.15018
10372.12201,0.15008
10368.26477,0.15037
10364.40752,0.15076
10360.55028,0.15097
10356.69304,0.15115
10352.83580,0.15139
10348.97856,0.15165
10345.12132,0.15173
10341.26408,0.15147
10337.40683,0.15106
10333.54959,0.15088
10329.69235,0.15090
10325.83511,0.15076
10321.97787,0.15070
10318.12063,0.15099
10314.26339,0.15146
10310.40615,0.15180
10306.54890,0.15182
10302.69166,0.15179
10298.83442,0.15181
10294.97718,0.15174
10291.11994,0.15158
10287.26270,0.15125
10283.40546,0.15104
10279.54821,0.15123
10275.69097,0.15154
10271.83373,0.15178
10267.97649,0.15193
10264.11925,0.15199
10260.26201,0.15195
10256.40477,0.15170
10252.54752,0.15149
10248.69028,0.15147
10244.83304,0.15133
10240.97580,0.15122
10237.11856,0.15154
10233.26132,0.15186
10229.40408,0.15156
10225.54684,0.15119
10221.68959,0.15156
10217.83235,0.15213
10213.97511,0.15207
10210.11787,0.15182
10206.26063,0.15197
10202.40339,0.15225
10198.54615,0.15247
10194.68890,0.15270
10190.83166,0.15270
10186.97442,0.15231
10183.11718,0.15183
10179.25994,0.15153
10175.40270,0.15138
10171.54546,0.15148
10167.68821,0.15185
10163.83097,0.15223
10159.97373,0.15272
10156.11649,0.15312
10152.25925,0.15294
10148.40201,0.15268
10144.54477,0.15278
10140.68753,0.15285
10136.83028,0.15291
10132.97304,0.15309
10129.11580,0.15320
10125.25856,0.15319
10121.40132,0.15294
10117.54408,0.15241
10113.68684,0.15201
10109.82959,0.15202
10105.97235,0.15221
10102.11511,0.15226
10098.25787,0.15228
10094.40063,0.15228
10090.54339,0.15177
10086.68615,0.15094
10082.82891,0.15072
10078.97166,0.15117
10075.11442,0.15159
10071.25718,0.15182
10067.39994,0.15189
10063.54270,0.15164
10059.68546,0.15123
10055.82822,0.15092
10051.97097,0.15088
10048.11373,0.15133
10044.25649,0.15218
10040.39925,0.15299
10036.54201,0.15314
10032.68477,0.15279
10028.82753,0.15284
10024.97028,0.15296
10021.11304,0.15230
10017.25580,0.15154
10013.39856,0.15155
10009.54132,0.15184
10005.68408,0.15174
10001.82684,0.15123
9997.96960,0.15078
9994.11235,0.15089
9990.25511,0.15129
9986.39787,0.15164
9982.54063,0.15193
9978.68339,0.15203
9974.82615,0.15190
9970.96891,0.15184
9967.11166,0.15222
9963.25442,0.15271
9959.39718,0.15272
9955.53994,0.15231
9951.68270,0.15201
9947.82546,0.15223
9943.96822,0.15261
9940.11097,0.15264
9936.25373,0.15242
9932.39649,0.15230
9928.53925,0.15230
9924.68201,0.15213
9920.82477,0.15179
9916.96753,0.15159
9913.11029,0.15157
9909.25304,0.15152
9905.39580,0.15151
9901.53856,0.15181
9897.68132,0.15224
9893.82408,0.15238
9889.96684,0.15211
9886.10960,0.15169
9882.25235,0.15138
9878.39511,0.15105
9874.53787,0.15058
9870.68063,0.15029
9866.82339,0.15057
9862.96615,0.15121
9859.10891,0.15143
9855.25167,0.15105
9851.39442,0.15077
9847.53718,0.15115
9843.67994,0.15205
9839.82270,0.15287
9835.96546,0.15311
9832.10822,0.15296
9828.25098,0.15264
9824.39373,0.15226
9820.53649,0.15181
9816.67925,0.15119
9812.82201,0.15064
9808.96477,0.15040
9805.10753,0.15051
9801.25029,0.15084
9797.39304,0.15096
9793.53580,0.15080
9789.67856,0.15087
9785.82132,0.15136
9781.96408,0.15175
9778.10684,0.15172
9774.24960,0.15140
9770.39236,0.15109
9766.53511,0.15090
9762.67787,0.15082
9758.82063,0.15085
9754.96339,0.15084
9751.10615,0.15079
9747.24891,0.15097
9743.39167,0.15106
9739.53442,0.15066
9735.67718,0.15011
9731.81994,0.14986
9727.96270,0.14985
9724.10546,0.14989
9720.24822,0.14999
9716.39098,0.15017
9712.53373,0.15025
9708.67649,0.15020
9704.81925,0.15013
9700.96201,0.15001
9697.10477,0.14997
9693.24753,0.15016
9689.39029,0.15044
9685.53305,0.15060
9681.67580,0.15033
9677.81856,0.14971
9673.96132,0.14935
9670.10408,0.14958
9666.24684,0.15006
9662.38960,0.15014
9658.53236,0.14963
9654.67511,0.14914
9650.81787,0.14890
9646.96063,0.14864
9643.10339,0.14840
9639.24615,0.14839
9635.38891,0.14838
9631.53167,0.14817
9627.67443,0.14814
9623.81718,0.14850
9619.95994,0.14871
9616.10270,0.14836
9612.24546,0.14793
9608.38822,0.14807
9604.53098,0.14848
9600.67374,0.14840
9596.81649,0.14810
9592.95925,0.14830
9589.10201,0.14880
9585.24477,0.14888
9581.38753,0.14849
9577.53029,0.14819
9573.67305,0.14820
9569.81580,0.14838
9565.95856,0.14859
9562.10132,0.14873
9558.24408,0.14869
9554.38684,0.14854
9550.52960,0.14835
9546.67236,0.14803
9542.81512,0.14786
9538.95787,0.14813
9535.10063,0.14850
9531.24339,0.14851
9527.38615,0.14834
9523.52891,0.14819
9519.67167,0.14799
9515.81443,0.14800
9511.95718,0.14823
9508.09994,0.14818
9504.24270,0.14789
9500.38546,0.14778
9496.52822,0.14783
9492.67098,0.14780
9488.81374,0.14773
9484.95649,0.14765
9481.09925,0.14741
9477.24201,0.14714
9473.38477,0.14715
9469.52753,0.14727
9465.67029,0.14723
9461.81305,0.14726
9457.95581,0.14736
9454.09856,0.14731
9450.24132,0.14716
9446.38408,0.14708
9442.52684,0.14716
9438.66960,0.14734
9434.81236,0.14750
9430.95512,0.14754
9427.09787,0.14733
9423.24063,0.14697
9419.38339,0.14670
9415.52615,0.14662
9411.66891,0.14674
9407.81167,0.14700
9403.95443,0.14723
9400.09719,0.14736
9396.23994,0.14746
9392.38270,0.14753
9388.52546,0.14749
9384.66822,0.14739
9380.81098,0.14732
9376.95374,0.14720
9373.09650,0.14699
9369.23925,0.14682
9365.38201,0.14688
9361.52477,0.14703
9357.66753,0.14693
9353.81029,0.14685
9349.95305,0.14707
9346.09581,0.14726
9342.23856,0.14728
9338.38132,0.14724
9334.52408,0.14721
9330.66684,0.14722
9326.80960,0.14712
9322.95236,0.14683
9319.09512,0.14673
9315.23788,0.14687
9311.38063,0.14687
9307.52339,0.14681
9303.66615,0.14686
9299.80891,0.14684
9295.95167,0.14658
9292.09443,0.14627
9288.23719,0.14615
9284.37994,0.14619
9280.52270,0.14626
9276.66546,0.14631
9272.80822,0.14647
9268.95098,0.14673
9265.09374,0.14687
9261.23650,0.14681
9257.37925,0.14680
9253.52201,0.14687
9249.66477,0.14680
9245.80753,0.14657
9241.95029,0.14657
9238.09305,0.14685
9234.23581,0.14691
9230.37857,0.14658
9226.52132,0.14627
9222.66408,0.14636
9218.80684,0.14678
9214.94960,0.14709
9211.09236,0.14710
9207.23512,0.14695
9203.37788,0.14670
9199.52063,0.14652
9195.66339,0.14645
9191.80615,0.14630
9187.94891,0.14621
9184.09167,0.14641
9180.23443,0.14668
9176.37719,0.14674
9172.51995,0.14661
9168.66270,0.14642
9164.80546,0.14632
9160.94822,0.14639
9157.09098,0.14654
9153.23374,0.14669
9149.37650,0.14676
9145.51926,0.14671
9141.66201,0.14655
9137.80477,0.14644
9133.94753,0.14645
9130.09029,0.14647
9126.23305,0.14643
9122.37581,0.14646
9118.51857,0.14672
9114.66132,0.14700
9110.80408,0.14700
9106.94684,0.14705
9103.08960,0.14739
9099.23236,0.14753
9095.37512,0.14721
9091.51788,0.14691
9087.66064,0.14700
9083.80339,0.14734
9079.94615,0.14761
9076.08891,0.14764
9072.23167,0.14742
9068.37443,0.14716
9064.51719,0.14709
9060.65995,0.14718
9056.80270,0.14728
9052.94546,0.14729
9049.08822,0.14732
9045.23098,0.14736
9041.37374,0.14738
9037.51650,0.14742
9033.65926,0.14747
9029.80201,0.14761
9025.94477,0.14788
9022.08753,0.14804
9018.23029,0.14792
9014.37305,0.14780
9010.51581,0.14809
9006.65857,0.14856
9002.80133,0.14871
8998.94408,0.14856
8995.08684,0.14847
8991.22960,0.14856
8987.37236,0.14873
8983.51512,0.14892
8979.65788,0.14917
8975.80064,0.14952
8971.94339,0.14993
8968.08615,0.15028
8964.22891,0.15045
8960.37167,0.15051
8956.51443,0.15074
8952.65719,0.15128
8948.79995,0.15184
8944.94271,0.15207
8941.08546,0.15211
8937.22822,0.15237
8933.37098,0.15286
8929.51374,0.15337
8925.65650,0.15379
8921.79926,0.15410
8917.94202,0.15457
8914.08477,0.15553
8910.22753,0.15665
8906.37029,0.15744
8902.51305,0.15802
8898.65581,0.15866
8894.79857,0.15927
8890.94133,0.15982
8887.08408,0.16050
8883.22684,0.16129
8879.36960,0.16203
8875.51236,0.16279
8871.65512,0.16344
8867.79788,0.16369
8863.94064,0.16376
8860.08340,0.16394
8856.22615,0.16414
8852.36891,0.16418
8848.51167,0.16392
8844.65443,0.16350
8840.79719,0.16317
8836.93995,0.16294
8833.08271,0.16261
8829.22546,0.16210
8825.36822,0.16153
8821.51098,0.16108
8817.65374,0.16065
8813.79650,0.15991
8809.93926,0.15898
8806.08202,0.15826
8802.22477,0.15768
8798.36753,0.15695
8794.51029,0.15607
8790.65305,0.15536
8786.79581,0.15481
8782.93857,0.15422
8779.08133,0.15364
8775.22409,0.15319
8771.36684,0.15293
8767.50960,0.15275
8763.65236,0.15247
8759.79512,0.15218
8755.93788,0.15201
8752.08064,0.15196
8748.22340,0.15194
8744.36615,0.15187
8740.50891,0.15176
8736.65167,0.15156
8732.79443,0.15122
8728.93719,0.15096
8725.07995,0.15099
8721.22271,0.15113
8717.36547,0.15115
8713.50822,0.15111
8709.65098,0.15124
8705.79374,0.15154
8701.93650,0.15182
8698.07926,0.15197
8694.22202,0.15192
8690.36478,0.15177
8686.50753,0.15172
8682.65029,0.15181
8678.79305,0.15198
8674.93581,0.15219
8671.07857,0.15241
8667.22133,0.15250
8663.36409,0.15244
8659.50684,0.15254
8655.64960,0.15280
8651.79236,0.15303
8647.93512,0.15327
8644.07788,0.15360
8640.22064,0.15384
8636.36340,0.15386
8632.50616,0.15378
8628.64891,0.15382
8624.79167,0.15407
8620.93443,0.15437
8617.07719,0.15456
8613.21995,0.15464
8609.36271,0.15469
8605.50547,0.15483
8601.64822,0.15506
8597.79098,0.15528
8593.93374,0.15540
8590.07650,0.15547
8586.21926,0.15563
8582.36202,0.15593
8578.50478,0.15617
8574.64753,0.15627
8570.79029,0.15634
8566.93305,0.15647
8563.07581,0.15659
8559.21857,0.15666
8555.36133,0.15671
8551.50409,0.15679
8547.64685,0.15691
8543.78960,0.15707
8539.93236,0.15730
8536.07512,0.15751
8532.21788,0.15765
8528.36064,0.15771
8524.50340,0.15775
8520.64616,0.15792
8516.78891,0.15814
8512.93167,0.15816
8509.07443,0.15815
8505.21719,0.15823
8501.35995,0.15822
8497.50271,0.15813
8493.64547,0.15807
8489.78822,0.15809
8485.93098,0.15820
8482.07374,0.15831
8478.21650,0.15841
8474.35926,0.15847
8470.50202,0.15841
8466.64478,0.15820
8462.78754,0.15793
8458.93029,0.15776
8455.07305,0.15769
8451.21581,0.15760
8447.35857,0.15746
8443.50133,0.15723
8439.64409,0.15698
8435.78685,0.15681
8431.92960,0.15675
8428.07236,0.15679
8424.21512,0.15683
8420.35788,0.15690
8416.50064,0.15694
8412.64340,0.15678
8408.78616,0.15656
8404.92892,0.15650
8401.07167,0.15642
8397.21443,0.15618
8393.35719,0.15589
8389.49995,0.15563
8385.64271,0.15534
8381.78547,0.15509
8377.92823,0.15502
8374.07098,0.15507
8370.21374,0.15504
8366.35650,0.15497
8362.49926,0.15499
8358.64202,0.15500
8354.78478,0.15502
8350.92754,0.15513
8347.07029,0.15520
8343.21305,0.15505
8339.35581,0.15472
8335.49857,0.15445
8331.64133,0.15426
8327.78409,0.15407
8323.92685,0.15393
8320.06961,0.15387
8316.21236,0.15385
8312.35512,0.15380
8308.49788,0.15374
8304.64064,0.15379
8300.78340,0.15401
8296.92616,0.15423
8293.06892,0.15417
8289.21167,0.15397
8285.35443,0.15395
8281.49719,0.15401
8277.63995,0.15383
8273.78271,0.15355
8269.92547,0.15346
8266.06823,0.15353
8262.21098,0.15354
8258.35374,0.15345
8254.49650,0.15343
8250.63926,0.15353
8246.78202,0.15365
8242.92478,0.15374
8239.06754,0.15388
8235.21030,0.15396
8231.35305,0.15389
8227.49581,0.15372
8223.63857,0.15360
8219.78133,0.15367
8215.92409,0.15378
8212.06685,0.15372
8208.20961,0.15344
8204.35236,0.15318
8200.49512,0.15319
8196.63788,0.15332
8192.78064,0.15334
8188.92340,0.15325
8185.06616,0.15313
8181.20892,0.15295
8177.35168,0.15271
8173.49443,0.15250
8169.63719,0.15238
8165.77995,0.15238
8161.92271,0.15251
8158.06547,0.15264
8154.20823,0.15255
8150.35099,0.15230
8146.49374,0.15215
8142.63650,0.15213
8138.77926,0.15209
8134.92202,0.15203
8131.06478,0.15195
8127.20754,0.15174
8123.35030,0.15150
8119.49305,0.15144
8115.63581,0.15153
8111.77857,0.15155
8107.92133,0.15135
8104.06409,0.15109
8100.20685,0.15096
8096.34961,0.15091
8092.49237,0.15084
8088.63512,0.15078
8084.77788,0.15061
8080.92064,0.15038
8077.06340,0.15026
8073.20616,0.15029
8069.34892,0.15032
8065.49168,0.15032
8061.63443,0.15030
8057.77719,0.15020
8053.91995,0.15003
8050.06271,0.14990
8046.20547,0.14981
8042.34823,0.14972
8038.49099,0.14967
8034.63374,0.14962
8030.77650,0.14946
8026.91926,0.14935
8023.06202,0.14941
8019.20478,0.14951
8015.34754,0.14942
8011.49030,0.14914
8007.63306,0.14898
8003.77581,0.14907
7999.91857,0.14920
7996.06133,0.14922
7992.20409,0.14911
7988.34685,0.14899
7984.48961,0.14886
7980.63237,0.14869
7976.77512,0.14862
7972.91788,0.14874
7969.06064,0.14889
7965.20340,0.14891
7961.34616,0.14890
7957.48892,0.14886
7953.63168,0.14878
7949.77444,0.14885
7945.91719,0.14899
7942.05995,0.14899
7938.20271,0.14876
7934.34547,0.14842
7930.48823,0.14823
7926.63099,0.14826
7922.77375,0.14835
7918.91650,0.14841
7915.05926,0.14840
7911.20202,0.14829
7907.34478,0.14821
7903.48754,0.14828
7899.63030,0.14844
7895.77306,0.14854
7891.91581,0.14855
7888.05857,0.14856
7884.20133,0.14868
7880.34409,0.14878
7876.48685,0.14877
7872.62961,0.14875
7868.77237,0.14872
7864.91513,0.14859
7861.05788,0.14838
7857.20064,0.14821
7853.34340,0.14821
7849.48616,0.14829
7845.62892,0.14815
7841.77168,0.14792
7837.91444,0.14787
7834.05719,0.14793
7830.19995,0.14790
7826.34271,0.14778
7822.48547,0.14766
7818.62823,0.14760
7814.77099,0.14769
7810.91375,0.14785
7807.05650,0.14787
7803.19926,0.14782
7799.34202,0.14783
7795.48478,0.14771
7791.62754,0.14746
7787.77030,0.14738
7783.91306,0.14738
7780.05582,0.14729
7776.19857,0.14729
7772.34133,0.14739
7768.48409,0.14734
7764.62685,0.14724
7760.76961,0.14727
7756.91237,0.14726
7753.05513,0.14716
7749.19788,0.14716
7745.34064,0.14716
7741.48340,0.14699
7737.62616,0.14675
7733.76892,0.14666
7729.91168,0.14667
7726.05444,0.14664
7722.19720,0.14651
7718.33995,0.14626
7714.48271,0.14607
7710.62547,0.14623
7706.76823,0.14647
7702.91099,0.14641
7699.05375,0.14616
7695.19651,0.14599
7691.33926,0.14584
7687.48202,0.14577
7683.62478,0.14589
7679.76754,0.14608
7675.91030,0.14615
7672.05306,0.14614
7668.19582,0.14615
7664.33857,0.14613
7660.48133,0.14606
7656.62409,0.14605
7652.76685,0.14613
7648.90961,0.14627
7645.05237,0.14635
7641.19513,0.14620
7637.33789,0.14599
7633.48064,0.14599
7629.62340,0.14608
7625.76616,0.14610
7621.90892,0.14611
7618.05168,0.14623
7614.19444,0.14642
7610.33720,0.14652
7606.47995,0.14653
7602.62271,0.14655
7598.76547,0.14651
7594.90823,0.14646
7591.05099,0.14646
7587.19375,0.14645
7583.33651,0.14652
7579.47926,0.14665
7575.62202,0.14671
7571.76478,0.14675
7567.90754,0.14680
7564.05030,0.14682
7560.19306,0.14694
7556.33582,0.14719
7552.47858,0.14737
7548.62133,0.14748
7544.76409,0.14760
7540.90685,0.14769
7537.04961,0.14779
7533.19237,0.14798
7529.33513,0.14809
7525.47789,0.14813
7521.62064,0.14819
7517.76340,0.14817
7513.90616,0.14806
7510.04892,0.14808
7506.19168,0.14830
7502.33444,0.14854
7498.47720,0.14868
7494.61996,0.14880
7490.76271,0.14896
7486.90547,0.14911
7483.04823,0.14927
7479.19099,0.14947
7475.33375,0.14970
7471.47651,0.14996
7467.61927,0.15020
7463.76202,0.15044
7459.90478,0.15080
7456.04754,0.15118
7452.19030,0.15148
7448.33306,0.15182
7444.47582,0.15232
7440.61858,0.15286
7436.76133,0.15329
7432.90409,0.15372
7429.04685,0.15427
7425.18961,0.15487
7421.33237,0.15548
7417.47513,0.15603
7413.61789,0.15646
7409.76065,0.15690
7405.90340,0.15746
7402.04616,0.15804
7398.18892,0.15861
7394.33168,0.15921
7390.47444,0.15984
7386.61720,0.16046
7382.75996,0.16105
7378.90271,0.16161
7375.04547,0.16223
7371.18823,0.16290
7367.33099,0.16354
7363.47375,0.16418
7359.61651,0.16484
7355.75927,0.16542
7351.90202,0.16589
7348.04478,0.16632
7344.18754,0.16679
7340.33030,0.16727
7336.47306,0.16770
7332.61582,0.16808
7328.75858,0.16839
7324.90134,0.16858
7321.04409,0.16868
7317.18685,0.16875
7313.32961,0.16880
7309.47237,0.16888
7305.61513,0.16901
7301.75789,0.16918
7297.90065,0.16932
7294.04340,0.16941
7290.18616,0.16951
7286.32892,0.16968
7282.47168,0.16989
7278.61444,0.17011
7274.75720,0.17032
7270.89996,0.17048
7267.04272,0.17058
7263.18547,0.17072
7259.32823,0.17097
7255.47099,0.17130
7251.61375,0.17162
7247.75651,0.17182
7243.89927,0.17193
7240.04203,0.17206
7236.18478,0.17224
7232.32754,0.17232
7228.47030,0.17233
7224.61306,0.17247
7220.75582,0.17267
7216.89858,0.17277
7213.04134,0.17282
7209.18409,0.17298
7205.32685,0.17313
7201.46961,0.17317
7197.61237,0.17318
7193.75513,0.17325
7189.89789,0.17334
7186.04065,0.17342
7182.18341,0.17353
7178.32616,0.17381
7174.46892,0.17428
7170.61168,0.17477
7166.75444,0.17515
7162.89720,0.17543
7159.03996,0.17578
7155.18272,0.17635
7151.32547,0.17706
7147.46823,0.17776
7143.61099,0.17846
7139.75375,0.17921
7135.89651,0.17994
7132.03927,0.18063
7128.18203,0.18133
7124.32478,0.18204
7120.46754,0.18268
7116.61030,0.18332
7112.75306,0.18408
7108.89582,0.18491
7105.03858,0.18575
7101.18134,0.18665
7097.32410,0.18756
7093.46685,0.18845
7089.60961,0.18939
7085.75237,0.19039
7081.89513,0.19137
7078.03789,0.19233
7074.18065,0.19339
7070.32341,0.19455
7066.46616,0.19567
7062.60892,0.19671
7058.75168,0.19773
7054.89444,0.19879
7051.03720,0.19988
7047.17996,0.20092
7043.32272,0.20188
7039.46548,0.20285
7035.60823,0.20391
7031.75099,0.20489
7027.89375,0.20570
7024.03651,0.20649
7020.17927,0.20728
7016.32203,0.20795
7012.46479,0.20855
7008.60754,0.20918
7004.75030,0.20980
7000.89306,0.21038
6997.03582,0.21097
6993.17858,0.21156
6989.32134,0.21212
6985.46410,0.21262
6981.60685,0.21310
6977.74961,0.21355
6973.89237,0.21394
6970.03513,0.21433
6966.17789,0.21472
6962.32065,0.21507
6958.46341,0.21539
6954.60617,0.21572
6950.74892,0.21599
6946.89168,0.21621
6943.03444,0.21651
6939.17720,0.21686
6935.31996,0.21714
6931.46272,0.21732
6927.60548,0.21753
6923.74823,0.21782
6919.89099,0.21814
6916.03375,0.21847
6912.17651,0.21875
6908.31927,0.21891
6904.46203,0.21903
6900.60479,0.21926
6896.74754,0.21960
6892.89030,0.21991
6889.03306,0.22012
6885.17582,0.22035
6881.31858,0.22072
6877.46134,0.22116
6873.60410,0.22158
6869.74686,0.22198
6865.88961,0.22241
6862.03237,0.22286
6858.17513,0.22336
6854.31789,0.22398
6850.46065,0.22460
6846.60341,0.22507
6842.74617,0.22548
6838.88892,0.22601
6835.03168,0.22663
6831.17444,0.22725
6827.31720,0.22785
6823.45996,0.22840
6819.60272,0.22891
6815.74548,0.22941
6811.88824,0.22997
6808.03099,0.23058
6804.17375,0.23117
6800.31651,0.23183
6796.45927,0.23254
6792.60203,0.23324
6788.74479,0.23397
6784.88755,0.23472
6781.03030,0.23544
6777.17306,0.23610
6773.31582,0.23665
6769.45858,0.23717
6765.60134,0.23770
6761.74410,0.23821
6757.88686,0.23865
6754.02961,0.23901
6750.17237,0.23931
6746.31513,0.23953
6742.45789,0.23967
6738.60065,0.23978
6734.74341,0.23992
6730.88617,0.24011
6727.02893,0.24029
6723.17168,0.24039
6719.31444,0.24045
6715.45720,0.24052
6711.59996,0.24055
6707.74272,0.24053
6703.88548,0.24047
6700.02824,0.24042
6696.17099,0.24040
6692.31375,0.24043
6688.45651,0.24043
6684.59927,0.24032
6680.74203,0.24011
6676.88479,0.23983
6673.02755,0.23949
6669.17030,0.23919
6665.31306,0.23897
6661.45582,0.23877
6657.59858,0.23855
6653.74134,0.23832
6649.88410,0.23808
6646.02686,0.23779
6642.16962,0.23742
6638.31237,0.23705
6634.45513,0.23671
6630.59789,0.23625
6626.74065,0.23568
6622.88341,0.23516
6619.02617,0.23472
6615.16893,0.23431
6611.31168,0.23390
6607.45444,0.23348
6603.59720,0.23305
6599.73996,0.23267
6595.88272,0.23233
6592.02548,0.23199
6588.16824,0.23170
6584.31100,0.23148
6580.45375,0.23128
6576.59651,0.23111
6572.73927,0.23102
6568.88203,0.23103
6565.02479,0.23106
6561.16755,0.23103
6557.31031,0.23102
6553.45306,0.23111
6549.59582,0.23127
6545.73858,0.23139
6541.88134,0.23147
6538.02410,0.23156
6534.16686,0.23170
6530.30962,0.23182
6526.45237,0.23193
6522.59513,0.23202
6518.73789,0.23209
6514.88065,0.23218
6511.02341,0.23229
6507.16617,0.23237
6503.30893,0.23239
6499.45169,0.23240
6495.59444,0.23245
6491.73720,0.23252
6487.87996,0.23254
6484.02272,0.23248
6480.16548,0.23239
6476.30824,0.23232
6472.45100,0.23224
6468.59375,0.23211
6464.73651,0.23198
6460.87927,0.23186
6457.02203,0.23172
6453.16479,0.23149
6449.30755,0.23123
6445.45031,0.23098
6441.59306,0.23070
6437.73582,0.23039
6433.87858,0.23012
6430.02134,0.22991
6426.16410,0.22969
6422.30686,0.22942
6418.44962,0.22912
6414.59238,0.22883
6410.73513,0.22851
6406.87789,0.22818
6403.02065,0.22792
6399.16341,0.22776
6395.30617,0.22764
6391.44893,0.22757
6387.59169,0.22749
6383.73444,0.22736
6379.87720,0.22717
6376.01996,0.22693
6372.16272,0.22670
6368.30548,0.22651
6364.44824,0.22633
6360.59100,0.22619
6356.73376,0.22611
6352.87651,0.22600
6349.01927,0.22580
6345.16203,0.22566
6341.30479,0.22564
6337.44755,0.22567
6333.59031,0.22568
6329.73307,0.22565
6325.87582,0.22563
6322.01858,0.22565
6318.16134,0.22568
6314.30410,0.22566
6310.44686,0.22557
6306.58962,0.22542
6302.73238,0.22526
6298.87513,0.22512
6295.01789,0.22494
6291.16065,0.22465
6287.30341,0.22420
6283.44617,0.22365
6279.58893,0.22312
6275.73169,0.22263
6271.87445,0.22215
6268.01720,0.22166
6264.15996,0.22111
6260.30272,0.22051
6256.44548,0.21989
6252.58824,0.21924
6248.73100,0.21860
6244.87376,0.21799
6241.01651,0.21729
6237.15927,0.21647
6233.30203,0.21569
6229.44479,0.21502
6225.58755,0.21445
6221.73031,0.21399
6217.87307,0.21369
6214.01582,0.21364
6210.15858,0.21386
6206.30134,0.21435
6202.44410,0.21500
6198.58686,0.21549
6194.72962,0.21553
6190.87238,0.21498
6187.01514,0.21397
6183.15789,0.21282
6179.30065,0.21177
6175.44341,0.21092
6171.58617,0.21030
6167.72893,0.20996
6163.87169,0.20993
6160.01445,0.21025
6156.15720,0.21089
6152.29996,0.21168
6148.44272,0.21239
6144.58548,0.21284
6140.72824,0.21297
6136.87100,0.21282
6133.01376,0.21256
6129.15652,0.21252
6125.29927,0.21296
6121.44203,0.21396
6117.58479,0.21566
6113.72755,0.21819
6109.87031,0.22152
6106.01307,0.22554
6102.15583,0.23008
6098.29858,0.23498
6094.44134,0.24011
6090.58410,0.24525
6086.72686,0.25015
6082.86962,0.25468
6079.01238,0.25898
6075.15514,0.26364
6071.29789,0.26921
6067.44065,0.27580
6063.58341,0.28303
6059.72617,0.29023
6055.86893,0.29678
6052.01169,0.30247
6048.15445,0.30757
6044.29721,0.31257
6040.43996,0.31791
6036.58272,0.32380
6032.72548,0.33004
6028.86824,0.33600
6025.01100,0.34074
6021.15376,0.34336
6017.29652,0.34319
6013.43927,0.34000
6009.58203,0.33409
6005.72479,0.32632
6001.86755,0.31773
5998.01031,0.30929
5994.15307,0.30184
5990.29583,0.29603
5986.43858,0.29201
5982.58134,0.28934
5978.72410,0.28719
5974.86686,0.28457
5971.00962,0.28091
5967.15238,0.27657
5963.29514,0.27253
5959.43790,0.26955
5955.58065,0.26773
5951.72341,0.26681
5947.86617,0.26635
5944.00893,0.26573
5940.15169,0.26427
5936.29445,0.26150
5932.43721,0.25756
5928.57996,0.25303
5924.72272,0.24850
5920.86548,0.24430
5917.00824,0.24062
5913.15100,0.23756
5909.29376,0.23525
5905.43652,0.23392
5901.57927,0.23373
5897.72203,0.23461
5893.86479,0.23635
5890.00755,0.23867
5886.15031,0.24127
5882.29307,0.24382
5878.43583,0.24611
5874.57859,0.24813
5870.72134,0.24995
5866.86410,0.25138
5863.00686,0.25219
5859.14962,0.25225
5855.29238,0.25165
5851.43514,0.25070
5847.57790,0.24973
5843.72065,0.24893
5839.86341,0.24836
5836.00617,0.24806
5832.14893,0.24805
5828.29169,0.24827
5824.43445,0.24861
5820.57721,0.24896
5816.71997,0.24924
5812.86272,0.24941
5809.00548,0.24943
5805.14824,0.24927
5801.29100,0.24896
5797.43376,0.24858
5793.57652,0.24819
5789.71928,0.24781
5785.86203,0.24744
5782.00479,0.24705
5778.14755,0.24655
5774.29031,0.24590
5770.43307,0.24508
5766.57583,0.24409
5762.71859,0.24293
5758.86134,0.24153
5755.00410,0.23986
5751.14686,0.23796
5747.28962,0.23594
5743.43238,0.23392
5739.57514,0.23201
5735.71790,0.23028
5731.86066,0.22875
5728.00341,0.22758
5724.14617,0.22685
5720.28893,0.22657
5716.43169,0.22661
5712.57445,0.22677
5708.71721,0.22690
5704.85997,0.22687
5701.00272,0.22666
5697.14548,0.22635
5693.28824,0.22597
5689.43100,0.22550
5685.57376,0.22497
5681.71652,0.22451
5677.85928,0.22427
5674.00203,0.22429
5670.14479,0.22451
5666.28755,0.22487
5662.43031,0.22528
5658.57307,0.22562
5654.71583,0.22576
5650.85859,0.22557
5647.00135,0.22501
5643.14410,0.22416
5639.28686,0.22317
5635.42962,0.22213
5631.57238,0.22114
5627.71514,0.22024
5623.85790,0.21947
5620.00066,0.21888
5616.14341,0.21849
5612.28617,0.21831
5608.42893,0.21832
5604.57169,0.21852
5600.71445,0.21882
5596.85721,0.21919
5592.99997,0.21967
5589.14273,0.22024
5585.28548,0.22086
5581.42824,0.22151
5577.57100,0.22220
5573.71376,0.22289
5569.85652,0.22345
5565.99928,0.22377
5562.14204,0.22387
5558.28479,0.22388
5554.42755,0.22386
5550.57031,0.22382
5546.71307,0.22381
5542.85583,0.22381
5538.99859,0.22383
5535.14135,0.22382
5531.28410,0.22370
5527.42686,0.22348
5523.56962,0.22322
5519.71238,0.22287
5515.85514,0.22246
5511.99790,0.22205
5508.14066,0.22179
5504.28342,0.22178
5500.42617,0.22206
5496.56893,0.22255
5492.71169,0.22320
5488.85445,0.22388
5484.99721,0.22443
5481.13997,0.22464
5477.28273,0.22453
5473.42548,0.22422
5469.56824,0.22376
5465.71100,0.22310
5461.85376,0.22226
5457.99652,0.22131
5454.13928,0.22027
5450.28204,0.21905
5446.42479,0.21760
5442.56755,0.21606
5438.71031,0.21461
5434.85307,0.21322
5430.99583,0.21189
5427.13859,0.21075
5423.28135,0.20992
5419.42411,0.20932
5415.56686,0.20888
5411.70962,0.20858
5407.85238,0.20843
5403.99514,0.20836
5400.13790,0.20827
5396.28066,0.20815
5392.42342,0.20800
5388.56617,0.20793
5384.70893,0.20797
5380.85169,0.20804
5376.99445,0.20815
5373.13721,0.20842
5369.27997,0.20879
5365.42273,0.20918
5361.56549,0.20960
5357.70824,0.21005
5353.85100,0.21048
5349.99376,0.21085
5346.13652,0.21111
5342.27928,0.21127
5338.42204,0.21135
5334.56480,0.21144
5330.70755,0.21164
5326.85031,0.21205
5322.99307,0.21275
5319.13583,0.21371
5315.27859,0.21492
5311.42135,0.21639
5307.56411,0.21816
5303.70686,0.22025
5299.84962,0.22258
5295.99238,0.22520
5292.13514,0.22828
5288.27790,0.23189
5284.42066,0.23593
5280.56342,0.24050
5276.70618,0.24561
5272.84893,0.25099
5268.99169,0.25637
5265.13445,0.26170
5261.27721,0.26679
5257.41997,0.27129
5253.56273,0.27520
5249.70549,0.27866
5245.84824,0.28169
5241.99100,0.28423
5238.13376,0.28627
5234.27652,0.28793
5230.41928,0.28929
5226.56204,0.29042
5222.70480,0.29137
5218.84755,0.29207
5214.99031,0.29255
5211.13307,0.29289
5207.27583,0.29318
5203.41859,0.29341
5199.56135,0.29357
5195.70411,0.29371
5191.84687,0.29386
5187.98962,0.29400
5184.13238,0.29410
5180.27514,0.29411
5176.41790,0.29406
5172.56066,0.29402
5168.70342,0.29398
5164.84618,0.29390
5160.98893,0.29381
5157.13169,0.29377
5153.27445,0.29380
5149.41721,0.29385
5145.55997,0.29388
5141.70273,0.29387
5137.84549,0.29387
5133.98825,0.29398
5130.13100,0.29422
5126.27376,0.29438
5122.41652,0.29417
5118.55928,0.29328
5114.70204,0.29150
5110.84480,0.28888
5106.98756,0.28573
5103.13031,0.28242
5099.27307,0.27924
5095.41583,0.27628
5091.55859,0.27359
5087.70135,0.27116
5083.84411,0.26899
5079.98687,0.26708
5076.12962,0.26535
5072.27238,0.26373
5068.41514,0.26223
5064.55790,0.26086
5060.70066,0.25958
5056.84342,0.25838
5052.98618,0.25729
5049.12894,0.25635
5045.27169,0.25553
5041.41445,0.25476
5037.55721,0.25403
5033.69997,0.25333
5029.84273,0.25266
5025.98549,0.25204
5022.12825,0.25150
5018.27100,0.25104
5014.41376,0.25065
5010.55652,0.25023
5006.69928,0.24970
5002.84204,0.24912
4998.98480,0.24857
4995.12756,0.24810
4991.27031,0.24775
4987.41307,0.24748
4983.55583,0.24728
4979.69859,0.24723
4975.84135,0.24740
4971.98411,0.24783
4968.12687,0.24848
4964.26963,0.24938
4960.41238,0.25055
4956.55514,0.25194
4952.69790,0.25349
4948.84066,0.25521
4944.98342,0.25704
4941.12618,0.25896
4937.26894,0.26093
4933.41169,0.26295
4929.55445,0.26506
4925.69721,0.26730
4921.83997,0.26968
4917.98273,0.27221
4914.12549,0.27485
4910.26825,0.27755
4906.41101,0.28034
4902.55376,0.28328
4898.69652,0.28634
4894.83928,0.28951
4890.98204,0.29281
4887.12480,0.29617
4883.26756,0.29954
4879.41032,0.30293
4875.55307,0.30637
4871.69583,0.30969
4867.83859,0.31280
4863.98135,0.31579
4860.12411,0.31881
4856.26687,0.32191
4852.40963,0.32511
4848.55238,0.32850
4844.69514,0.33223
4840.83790,0.33636
4836.98066,0.34076
4833.12342,0.34526
4829.26618,0.34978
4825.40894,0.35419
4821.55170,0.35835
4817.69445,0.36224
4813.83721,0.36589
4809.97997,0.36931
4806.12273,0.37243
4802.26549,0.37516
4798.40825,0.37738
4794.55101,0.37899
4790.69376,0.38003
4786.83652,0.38061
4782.97928,0.38089
4779.12204,0.38100
4775.26480,0.38111
4771.40756,0.38141
4767.55032,0.38213
4763.69307,0.38350
4759.83583,0.38560
4755.97859,0.38833
4752.12135,0.39143
4748.26411,0.39459
4744.40687,0.39758
4740.54963,0.40049
4736.69239,0.40378
4732.83514,0.40799
4728.97790,0.41321
4725.12066,0.41870
4721.26342,0.42306
4717.40618,0.42532
4713.54894,0.42610
4709.69170,0.42733
4705.83445,0.43077
4701.97721,0.43689
4698.11997,0.44444
4694.26273,0.45073
4690.40549,0.45312
4686.54825,0.45027
4682.69101,0.44255
4678.83377,0.43173
4674.97652,0.42039
4671.11928,0.41086
4667.26204,0.40419
4663.40480,0.40014
4659.54756,0.39795
4655.69032,0.39741
4651.83308,0.39911
4647.97583,0.40361
4644.11859,0.41024
4640.26135,0.41680
4636.40411,0.42043
4632.54687,0.41869
4628.68963,0.41088
4624.83239,0.39888
4620.97514,0.38612
4617.11790,0.37538
4613.26066,0.36777
4609.40342,0.36330
4605.54618,0.36172
4601.68894,0.36293
4597.83170,0.36642
4593.97446,0.37065
4590.11721,0.37419
4586.25997,0.37701
4582.40273,0.37888
4578.54549,0.37769
4574.68825,0.37164
4570.83101,0.36184
4566.97377,0.35148
4563.11652,0.34329
4559.25928,0.33816
4555.40204,0.33549
4551.54480,0.33424
4547.68756,0.33356
4543.83032,0.33303
4539.97308,0.33258
4536.11583,0.33234
4532.25859,0.33257
4528.40135,0.33341
4524.54411,0.33491
4520.68687,0.33712
4516.82963,0.34020
4512.97239,0.34435
4509.11515,0.34986
4505.25790,0.35719
4501.40066,0.36666
4497.54342,0.37781
4493.68618,0.38921
4489.82894,0.39914
4485.97170,0.40685
4482.11446,0.41329
4478.25721,0.42036
4474.39997,0.42984
4470.54273,0.44291
4466.68549,0.45947
4462.82825,0.47704
4458.97101,0.49114
4455.11377,0.49920
4451.25653,0.50326
4447.39928,0.50722
4443.54204,0.51268
4439.68480,0.51877
4435.82756,0.52363
4431.97032,0.52533
4428.11308,0.52279
4424.25584,0.51692
4420.39859,0.51049
4416.54135,0.50624
4412.68411,0.50513
4408.82687,0.50613
4404.96963,0.50703
4401.11239,0.50588
4397.25515,0.50220
4393.39790,0.49691
4389.54066,0.49132
4385.68342,0.48632
4381.82618,0.48239
4377.96894,0.47965
4374.11170,0.47801
4370.25446,0.47759
4366.39722,0.47851
4362.53997,0.48029
4358.68273,0.48213
4354.82549,0.48382
4350.96825,0.48570
4347.11101,0.48821
4343.25377,0.49144
4339.39653,0.49484
4335.53928,0.49768
4331.68204,0.49984
4327.82480,0.50178
4323.96756,0.50398
4320.11032,0.50674
4316.25308,0.51041
4312.39584,0.51525
4308.53859,0.52126
4304.68135,0.52794
4300.82411,0.53445
4296.96687,0.53990
4293.10963,0.54366
4289.25239,0.54555
4285.39515,0.54582
4281.53791,0.54494
4277.68066,0.54344
4273.82342,0.54153
4269.96618,0.53908
4266.10894,0.53625
4262.25170,0.53371
4258.39446,0.53206
4254.53722,0.53158
4250.67997,0.53199
4246.82273,0.53240
4242.96549,0.53189
4239.10825,0.53040
4235.25101,0.52869
4231.39377,0.52745
4227.53653,0.52647
4223.67929,0.52479
4219.82204,0.52184
4215.96480,0.51814
4212.10756,0.51460
4208.25032,0.51166
4204.39308,0.50931
4200.53584,0.50747
4196.67860,0.50650
4192.82135,0.50725
4188.96411,0.51039
4185.10687,0.51564
4181.24963,0.52119
4177.39239,0.52391
4173.53515,0.52153
4169.67791,0.51495
4165.82066,0.50708
4161.96342,0.50036
4158.10618,0.49577
4154.24894,0.49339
4150.39170,0.49315
4146.53446,0.49511
4142.67722,0.49911
4138.81998,0.50438
4134.96273,0.50961
4131.10549,0.51372
4127.24825,0.51675
4123.39101,0.51975
4119.53377,0.52385
4115.67653,0.52979
4111.81929,0.53792
4107.96204,0.54859
4104.10480,0.56253
4100.24756,0.58080
4096.39032,0.60218
4092.53308,0.61990
4088.67584,0.62615
4084.81860,0.61983
4080.96135,0.60583
4077.10411,0.58983
4073.24687,0.57621
4069.38963,0.56699
4065.53239,0.56174
4061.67515,0.55920
4057.81791,0.55852
4053.96067,0.55916
4050.10342,0.56037
4046.24618,0.56134
4042.38894,0.56171
4038.53170,0.56162
4034.67446,0.56142
4030.81722,0.56134
4026.95998,0.56137
4023.10273,0.56140
4019.24549,0.56137
4015.38825,0.56097
4011.53101,0.55979
4007.67377,0.55790
4003.81653,0.55561
3999.95929,0.55295
3996.10205,0.54982
3992.24480,0.54656
3988.38756,0.54369
3984.53032,0.54155
3980.67308,0.54006
3976.81584,0.53883
3972.95860,0.53738
3969.10136,0.53535
3965.24411,0.53266
3961.38687,0.52955
3957.52963,0.52636
3953.67239,0.52322
3949.81515,0.52012
3945.95791,0.51708
3942.10067,0.51419
3938.24342,0.51168
3934.38618,0.50952
3930.52894,0.50752
3926.67170,0.50564
3922.81446,0.50392
3918.95722,0.50218
3915.09998,0.50013
3911.24274,0.49775
3907.38549,0.49481
3903.52825,0.49078
3899.67101,0.48629
3895.81377,0.48243
3891.95653,0.47895
3888.09929,0.47582
3884.24205,0.47330
3880.38480,0.47134
3876.52756,0.46956
3872.67032,0.46720
3868.81308,0.46400
3864.95584,0.46063
3861.09860,0.45771
3857.24136,0.45502
3853.38411,0.45210
3849.52687,0.45000
3845.66963,0.44889
3841.81239,0.44779
3837.95515,0.44682
3834.09791,0.44650
3830.24067,0.44645
3826.38343,0.44653
3822.52618,0.44748
3818.66894,0.45043
3814.81170,0.45449
3810.95446,0.45760
3807.09722,0.45907
3803.23998,0.45855
3799.38274,0.45616
3795.52549,0.45338
3791.66825,0.45144
3787.81101,0.45065
3783.95377,0.45109
3780.09653,0.45267
3776.23929,0.45498
3772.38205,0.45779
3768.52481,0.46134
3764.66756,0.46539
3760.81032,0.46874
3756.95308,0.46983
3753.09584,0.46747
3749.23860,0.46283
3745.38136,0.45995
3741.52412,0.46064
3737.66687,0.46412
3733.80963,0.46915
3729.95239,0.47230
3726.09515,0.47254
3722.23791,0.47220
3718.38067,0.47342
3714.52343,0.47716
3710.66618,0.48435
3706.80894,0.49417
3702.95170,0.50574
3699.09446,0.51978
3695.23722,0.53625
3691.37998,0.55769
3687.52274,0.58212
3683.66550,0.59838
3679.80825,0.60750
3675.95101,0.61763
3672.09377,0.63390
3668.23653,0.65368
3664.37929,0.67222
3660.52205,0.68930
3656.66481,0.70636
3652.80756,0.72434
3648.95032,0.74497
3645.09308,0.76486
3641.23584,0.77875
3637.37860,0.78948
3633.52136,0.79908
3629.66412,0.80849
3625.80687,0.81726
3621.94963,0.82346
3618.09239,0.82955
3614.23515,0.83506
3610.37791,0.84034
3606.52067,0.84718
3602.66343,0.85488
3598.80619,0.86291
