12493.60475,0.10978
12489.74751,0.10810
12485.89027,0.11180
12482.03303,0.11450
12478.17579,0.11225
12474.31855,0.10899
12470.46130,0.10877
12466.60406,0.11016
12462.74682,0.11043
12458.88958,0.10993
12455.03234,0.11008
12451.17510,0.11058
12447.31786,0.11110
12443.46062,0.11250
12439.60337,0.11423
12435.74613,0.11422
12431.88889,0.11223
12428.03165,0.11076
12424.17441,0.11107
12420.31717,0.11236
12416.45993,0.11478
12412.60268,0.11651
12408.74544,0.11402
12404.88820,0.10974
12401.03096,0.10903
12397.17372,0.11135
12393.31648,0.11293
12389.45924,0.11227
12385.60199,0.10945
12381.74475,0.10600
12377.88751,0.10541
12374.03027,0.10785
12370.17303,0.10995
12366.31579,0.11121
12362.45855,0.11260
12358.60131,0.11315
12354.74406,0.11308
12350.88682,0.11354
12347.02958,0.11320
12343.17234,0.11150
12339.31510,0.11053
12335.45786,0.11043
12331.60062,0.11161
12327.74337,0.11518
12323.88613,0.11741
12320.02889,0.11626
12316.17165,0.11538
12312.31441,0.11616
12308.45717,0.11575
12304.59993,0.11257
12300.74268,0.11000
12296.88544,0.11088
12293.02820,0.11246
12289.17096,0.11194
12285.31372,0.11107
12281.45648,0.11310
12277.59924,0.11710
12273.74200,0.11863
12269.88475,0.11612
12266.02751,0.11270
12262.17027,0.11038
12258.31303,0.10784
12254.45579,0.10669
12250.59855,0.10962
12246.74131,0.11324
12242.88406,0.11324
12239.02682,0.11188
12235.16958,0.11385
12231.31234,0.11742
12227.45510,0.11793
12223.59786,0.11586
12219.74062,0.11360
12215.88338,0.11190
12212.02613,0.11097
12208.16889,0.11120
12204.31165,0.11218
12200.45441,0.11252
12196.59717,0.11192
12192.73993,0.11066
12188.88269,0.10894
12185.02544,0.10810
12181.16820,0.10915
12177.31096,0.11134
12173.45372,0.11239
12169.59648,0.11145
12165.73924,0.11100
12161.88200,0.11203
12158.02475,0.11241
12154.16751,0.11246
12150.31027,0.11391
12146.45303,0.11524
12142.59579,0.11453
12138.73855,0.11190
12134.88131,0.10787
12131.02407,0.10365
12127.16682,0.10257
12123.30958,0.10630
12119.45234,0.11037
12115.59510,0.11039
12111.73786,0.10847
12107.88062,0.10767
12104.02338,0.10848
12100.16613,0.11050
12096.30889,0.11220
12092.45165,0.11251
12088.59441,0.11228
12084.73717,0.11244
12080.87993,0.11344
12077.02269,0.11450
12073.16544,0.11342
12069.30820,0.11031
12065.45096,0.10794
12061.59372,0.10789
12057.73648,0.10884
12053.87924,0.10862
12050.02200,0.10716
12046.16476,0.10669
12042.30751,0.10828
12038.45027,0.11047
12034.59303,0.11249
12030.73579,0.11370
12026.87855,0.11316
12023.02131,0.11289
12019.16407,0.11387
12015.30682,0.11394
12011.44958,0.11301
12007.59234,0.11241
12003.73510,0.11231
11999.87786,0.11249
11996.02062,0.11315
11992.16338,0.11491
11988.30614,0.11694
11984.44889,0.11689
11980.59165,0.11452
11976.73441,0.11294
11972.87717,0.11374
11969.01993,0.11487
11965.16269,0.11493
11961.30545,0.11484
11957.44820,0.11534
11953.59096,0.11535
11949.73372,0.11377
11945.87648,0.11188
11942.01924,0.11129
11938.16200,0.11154
11934.30476,0.11195
11930.44751,0.11220
11926.59027,0.11247
11922.73303,0.11355
11918.87579,0.11534
11915.01855,0.11687
11911.16131,0.11711
11907.30407,0.11529
11903.44683,0.11263
11899.58958,0.11139
11895.73234,0.11264
11891.87510,0.11554
11888.01786,0.11708
11884.16062,0.11621
11880.30338,0.11543
11876.44614,0.11565
11872.58889,0.11619
11868.73165,0.11682
11864.87441,0.11690
11861.01717,0.11671
11857.15993,0.11751
11853.30269,0.11897
11849.44545,0.11923
11845.58820,0.11870
11841.73096,0.11934
11837.87372,0.11966
11834.01648,0.11778
11830.15924,0.11617
11826.30200,0.11727
11822.44476,0.11856
11818.58752,0.11713
11814.73027,0.11532
11810.87303,0.11530
11807.01579,0.11558
11803.15855,0.11618
11799.30131,0.11831
11795.44407,0.12087
11791.58683,0.12221
11787.72958,0.12203
11783.87234,0.12063
11780.01510,0.11962
11776.15786,0.12041
11772.30062,0.12132
11768.44338,0.12097
11764.58614,0.12041
11760.72890,0.11961
11756.87165,0.11784
11753.01441,0.11611
11749.15717,0.11625
11745.29993,0.11819
11741.44269,0.11969
11737.58545,0.11954
11733.72821,0.11861
11729.87096,0.11778
11726.01372,0.11734
11722.15648,0.11673
11718.29924,0.11548
11714.44200,0.11528
11710.58476,0.11723
11706.72752,0.11941
11702.87027,0.12009
11699.01303,0.12009
11695.15579,0.12003
11691.29855,0.11897
11687.44131,0.11752
11683.58407,0.11728
11679.72683,0.11778
11675.86959,0.11794
11672.01234,0.11800
11668.15510,0.11855
11664.29786,0.11918
11660.44062,0.11913
11656.58338,0.11862
11652.72614,0.11816
11648.86890,0.11771
11645.01165,0.11679
11641.15441,0.11566
11637.29717,0.11520
11633.43993,0.11495
11629.58269,0.11478
11625.72545,0.11591
11621.86821,0.11742
11618.01096,0.11708
11614.15372,0.11533
11610.29648,0.11385
11606.43924,0.11363
11602.58200,0.11477
11598.72476,0.11538
11594.86752,0.11446
11591.01028,0.11415
11587.15303,0.11538
11583.29579,0.11669
11579.43855,0.11724
11575.58131,0.11719
11571.72407,0.11737
11567.86683,0.11766
11564.00959,0.11644
11560.15234,0.11465
11556.29510,0.11548
11552.43786,0.11868
11548.58062,0.12062
11544.72338,0.11946
11540.86614,0.11715
11537.00890,0.11681
11533.15166,0.11794
11529.29441,0.11777
11525.43717,0.11705
11521.57993,0.11812
11517.72269,0.11971
11513.86545,0.11969
11510.00821,0.11885
11506.15097,0.11916
11502.29372,0.12059
11498.43648,0.12099
11494.57924,0.11948
11490.72200,0.11835
11486.86476,0.11904
11483.00752,0.11988
11479.15028,0.11931
11475.29303,0.11807
11471.43579,0.11730
11467.57855,0.11730
11463.72131,0.11759
11459.86407,0.11652
11456.00683,0.11444
11452.14959,0.11444
11448.29235,0.11648
11444.43510,0.11675
11440.57786,0.11406
11436.72062,0.11226
11432.86338,0.11361
11429.00614,0.11494
11425.14890,0.11389
11421.29166,0.11260
11417.43441,0.11308
11413.57717,0.11464
11409.71993,0.11570
11405.86269,0.11548
11402.00545,0.11477
11398.14821,0.11442
11394.29097,0.11375
11390.43372,0.11226
11386.57648,0.11105
11382.71924,0.11144
11378.86200,0.11269
11375.00476,0.11320
11371.14752,0.11303
11367.29028,0.11255
11363.43304,0.11239
11359.57579,0.11383
11355.71855,0.11578
11351.86131,0.11596
11348.00407,0.11498
11344.14683,0.11485
11340.28959,0.11531
11336.43235,0.11521
11332.57510,0.11435
11328.71786,0.11356
11324.86062,0.11379
11321.00338,0.11413
11317.14614,0.11343
11313.28890,0.11246
11309.43166,0.11239
11305.57442,0.11319
11301.71717,0.11383
11297.85993,0.11395
11294.00269,0.11383
11290.14545,0.11388
11286.28821,0.11504
11282.43097,0.11671
11278.57373,0.11723
11274.71648,0.11660
11270.85924,0.11498
11267.00200,0.11302
11263.14476,0.11262
11259.28752,0.11341
11255.43028,0.11370
11251.57304,0.11429
11247.71579,0.11573
11243.85855,0.11603
11240.00131,0.11470
11236.14407,0.11357
11232.28683,0.11346
11228.42959,0.11384
11224.57235,0.11423
11220.71511,0.11455
11216.85786,0.11457
11213.00062,0.11399
11209.14338,0.11316
11205.28614,0.11258
11201.42890,0.11262
11197.57166,0.11319
11193.71442,0.11378
11189.85717,0.11407
11185.99993,0.11359
11182.14269,0.11240
11178.28545,0.11149
11174.42821,0.11127
11170.57097,0.11180
11166.71373,0.11317
11162.85648,0.11425
11158.99924,0.11386
11155.14200,0.11283
11151.28476,0.11246
11147.42752,0.11232
11143.57028,0.11222
11139.71304,0.11270
11135.85580,0.11319
11131.99855,0.11326
11128.14131,0.11331
11124.28407,0.11354
11120.42683,0.11402
11116.56959,0.11404
11112.71235,0.11321
11108.85511,0.11293
11104.99786,0.11359
11101.14062,0.11417
11097.28338,0.11458
11093.42614,0.11501
11089.56890,0.11485
11085.71166,0.11407
11081.85442,0.11342
11077.99718,0.11300
11074.13993,0.11241
11070.28269,0.11195
11066.42545,0.11209
11062.56821,0.11240
11058.71097,0.11231
11054.85373,0.11234
11050.99649,0.11310
11047.13924,0.11397
11043.28200,0.11427
11039.42476,0.11422
11035.56752,0.11370
11031.71028,0.11251
11027.85304,0.11171
11023.99580,0.11244
11020.13855,0.11401
11016.28131,0.11489
11012.42407,0.11480
11008.56683,0.11449
11004.70959,0.11415
11000.85235,0.11374
10996.99511,0.11370
10993.13787,0.11429
10989.28062,0.11463
10985.42338,0.11379
10981.56614,0.11266
10977.70890,0.11237
10973.85166,0.11257
10969.99442,0.11259
10966.13718,0.11264
10962.27993,0.11327
10958.42269,0.11432
10954.56545,0.11523
10950.70821,0.11548
10946.85097,0.11470
10942.99373,0.11321
10939.13649,0.11220
10935.27924,0.11248
10931.42200,0.11285
10927.56476,0.11214
10923.70752,0.11110
10919.85028,0.11086
10915.99304,0.11136
10912.13580,0.11153
10908.27856,0.11103
10904.42131,0.11110
10900.56407,0.11218
10896.70683,0.11282
10892.84959,0.11216
10888.99235,0.11117
10885.13511,0.11092
10881.27787,0.11131
10877.42062,0.11171
10873.56338,0.11147
10869.70614,0.11044
10865.84890,0.10961
10861.99166,0.10947
10858.13442,0.10964
10854.27718,0.10994
10850.41993,0.11027
10846.56269,0.11050
10842.70545,0.11033
10838.84821,0.10980
10834.99097,0.10980
10831.13373,0.11014
10827.27649,0.10989
10823.41925,0.10919
10819.56200,0.10879
10815.70476,0.10910
10811.84752,0.10963
10807.99028,0.10950
10804.13304,0.10872
10800.27580,0.10810
10796.41856,0.10812
10792.56131,0.10832
10788.70407,0.10836
10784.84683,0.10841
10780.98959,0.10861
10777.13235,0.10909
10773.27511,0.10942
10769.41787,0.10916
10765.56063,0.10877
10761.70338,0.10878
10757.84614,0.10949
10753.98890,0.11058
10750.13166,0.11082
10746.27442,0.11008
10742.41718,0.10931
10738.55994,0.10873
10734.70269,0.10850
10730.84545,0.10904
10726.98821,0.10993
10723.13097,0.11020
10719.27373,0.10960
10715.41649,0.10904
10711.55925,0.10929
10707.70200,0.11015
10703.84476,0.11111
10699.98752,0.11149
10696.13028,0.11136
10692.27304,0.11139
10688.41580,0.11124
10684.55856,0.11036
10680.70132,0.10952
10676.84407,0.10957
10672.98683,0.11021
10669.12959,0.11092
10665.27235,0.11151
10661.41511,0.11165
10657.55787,0.11138
10653.70063,0.11099
10649.84338,0.11056
10645.98614,0.11030
10642.12890,0.11012
10638.27166,0.10970
10634.41442,0.10952
10630.55718,0.10975
10626.69994,0.10987
10622.84269,0.10977
10618.98545,0.10975
10615.12821,0.11001
10611.27097,0.11039
10607.41373,0.11048
10603.55649,0.11011
10599.69925,0.10948
10595.84201,0.10900
10591.98476,0.10886
10588.12752,0.10892
10584.27028,0.10897
10580.41304,0.10881
10576.55580,0.10863
10572.69856,0.10853
10568.84132,0.10819
10564.98407,0.10779
10561.12683,0.10744
10557.26959,0.10703
10553.41235,0.10705
10549.55511,0.10748
10545.69787,0.10778
10541.84063,0.10779
10537.98339,0.10767
10534.12614,0.10771
10530.26890,0.10786
10526.41166,0.10751
10522.55442,0.10660
10518.69718,0.10606
10514.83994,0.10638
10510.98270,0.10699
10507.12545,0.10747
10503.26821,0.10771
10499.41097,0.10754
10495.55373,0.10711
10491.69649,0.10687
10487.83925,0.10687
10483.98201,0.10690
10480.12476,0.10679
10476.26752,0.10656
10472.41028,0.10659
10468.55304,0.10709
10464.69580,0.10753
10460.83856,0.10721
10456.98132,0.10627
10453.12408,0.10585
10449.26683,0.10605
10445.40959,0.10608
10441.55235,0.10583
10437.69511,0.10574
10433.83787,0.10601
10429.98063,0.10633
10426.12339,0.10614
10422.26614,0.10558
10418.40890,0.10531
10414.55166,0.10552
10410.69442,0.10578
10406.83718,0.10584
10402.97994,0.10588
10399.12270,0.10598
10395.26545,0.10593
10391.40821,0.10567
10387.55097,0.10526
10383.69373,0.10489
10379.83649,0.10495
10375.97925,0.10544
10372.12201,0.10617
10368.26477,0.10674
10364.40752,0.10650
10360.55028,0.10572
10356.69304,0.10550
10352.83580,0.10563
10348.97856,0.10548
10345.12132,0.10568
10341.26408,0.10640
10337.40683,0.10678
10333.54959,0.10667
10329.69235,0.10630
10325.83511,0.10568
10321.97787,0.10523
10318.12063,0.10527
10314.26339,0.10565
10310.40615,0.10630
10306.54890,0.10692
10302.69166,0.10700
10298.83442,0.10665
10294.97718,0.10628
10291.11994,0.10605
10287.26270,0.10601
10283.40546,0.10618
10279.54821,0.10646
10275.69097,0.10667
10271.83373,0.10684
10267.97649,0.10684
10264.11925,0.10642
10260.26201,0.10602
10256.40477,0.10618
10252.54752,0.10663
10248.69028,0.10691
10244.83304,0.10681
10240.97580,0.10655
10237.11856,0.10664
10233.26132,0.10707
10229.40408,0.10751
10225.54684,0.10778
10221.68959,0.10776
10217.83235,0.10734
10213.97511,0.10695
10210.11787,0.10725
10206.26063,0.10787
10202.40339,0.10788
10198.54615,0.10733
10194.68890,0.10689
10190.83166,0.10694
10186.97442,0.10727
10183.11718,0.10755
10179.25994,0.10768
10175.40270,0.10782
10171.54546,0.10792
10167.68821,0.10768
10163.83097,0.10733
10159.97373,0.10737
10156.11649,0.10762
10152.25925,0.10768
10148.40201,0.10773
10144.54477,0.10799
10140.68753,0.10828
10136.83028,0.10836
10132.97304,0.10812
10129.11580,0.10792
10125.25856,0.10834
10121.40132,0.10905
10117.54408,0.10914
10113.68684,0.10872
10109.82959,0.10853
10105.97235,0.10858
10102.11511,0.10837
10098.25787,0.10785
10094.40063,0.10753
10090.54339,0.10769
10086.68615,0.10800
10082.82891,0.10805
10078.97166,0.10791
10075.11442,0.10782
10071.25718,0.10797
10067.39994,0.10851
10063.54270,0.10916
10059.68546,0.10933
10055.82822,0.10888
10051.97097,0.10845
10048.11373,0.10850
10044.25649,0.10878
10040.39925,0.10894
10036.54201,0.10890
10032.68477,0.10875
10028.82753,0.10870
10024.97028,0.10866
10021.11304,0.10833
10017.25580,0.10807
10013.39856,0.10820
10009.54132,0.10826
10005.68408,0.10787
10001.82684,0.10740
9997.96960,0.10725
9994.11235,0.10751
9990.25511,0.10811
9986.39787,0.10867
9982.54063,0.10881
9978.68339,0.10867
9974.82615,0.10847
9970.96891,0.10828
9967.11166,0.10815
9963.25442,0.10823
9959.39718,0.10860
9955.53994,0.10868
9951.68270,0.10841
9947.82546,0.10890
9943.96822,0.11004
9940.11097,0.11051
9936.25373,0.11023
9932.39649,0.10990
9928.53925,0.10946
9924.68201,0.10882
9920.82477,0.10838
9916.96753,0.10847
9913.11029,0.10867
9909.25304,0.10831
9905.39580,0.10766
9901.53856,0.10751
9897.68132,0.10788
9893.82408,0.10836
9889.96684,0.10860
9886.10960,0.10857
9882.25235,0.10865
9878.39511,0.10891
9874.53787,0.10901
9870.68063,0.10884
9866.82339,0.10851
9862.96615,0.10834
9859.10891,0.10852
9855.25167,0.10878
9851.39442,0.10903
9847.53718,0.10930
9843.67994,0.10957
9839.82270,0.10970
9835.96546,0.10954
9832.10822,0.10933
9828.25098,0.10906
9824.39373,0.10861
9820.53649,0.10836
9816.67925,0.10839
9812.82201,0.10832
9808.96477,0.10824
9805.10753,0.10854
9801.25029,0.10901
9797.39304,0.10903
9793.53580,0.10856
9789.67856,0.10815
9785.82132,0.10824
9781.96408,0.10873
9778.10684,0.10902
9774.24960,0.10871
9770.39236,0.10827
9766.53511,0.10814
9762.67787,0.10808
9758.82063,0.10787
9754.96339,0.10780
9751.10615,0.10799
9747.24891,0.10814
9743.39167,0.10799
9739.53442,0.10777
9735.67718,0.10774
9731.81994,0.10771
9727.96270,0.10751
9724.10546,0.10732
9720.24822,0.10729
9716.39098,0.10743
9712.53373,0.10762
9708.67649,0.10767
9704.81925,0.10758
9700.96201,0.10743
9697.10477,0.10741
9693.24753,0.10775
9689.39029,0.10811
9685.53305,0.10805
9681.67580,0.10760
9677.81856,0.10695
9673.96132,0.10649
9670.10408,0.10649
9666.24684,0.10667
9662.38960,0.10658
9658.53236,0.10631
9654.67511,0.10632
9650.81787,0.10666
9646.96063,0.10690
9643.10339,0.10685
9639.24615,0.10672
9635.38891,0.10648
9631.53167,0.10610
9627.67443,0.10604
9623.81718,0.10618
9619.95994,0.10609
9616.10270,0.10602
9612.24546,0.10611
9608.38822,0.10609
9604.53098,0.10599
9600.67374,0.10599
9596.81649,0.10611
9592.95925,0.10633
9589.10201,0.10657
9585.24477,0.10659
9581.38753,0.10623
9577.53029,0.10571
9573.67305,0.10541
9569.81580,0.10559
9565.95856,0.10611
9562.10132,0.10635
9558.24408,0.10596
9554.38684,0.10541
9550.52960,0.10521
9546.67236,0.10524
9542.81512,0.10539
9538.95787,0.10568
9535.10063,0.10593
9531.24339,0.10604
9527.38615,0.10607
9523.52891,0.10598
9519.67167,0.10568
9515.81443,0.10538
9511.95718,0.10527
9508.09994,0.10524
9504.24270,0.10517
9500.38546,0.10510
9496.52822,0.10506
9492.67098,0.10517
9488.81374,0.10542
9484.95649,0.10537
9481.09925,0.10495
9477.24201,0.10460
9473.38477,0.10451
9469.52753,0.10460
9465.67029,0.10489
9461.81305,0.10514
9457.95581,0.10501
9454.09856,0.10464
9450.24132,0.10442
9446.38408,0.10463
9442.52684,0.10501
9438.66960,0.10512
9434.81236,0.10487
9430.95512,0.10452
9427.09787,0.10426
9423.24063,0.10418
9419.38339,0.10429
9415.52615,0.10438
9411.66891,0.10433
9407.81167,0.10426
9403.95443,0.10426
9400.09719,0.10428
9396.23994,0.10420
9392.38270,0.10410
9388.52546,0.10409
9384.66822,0.10408
9380.81098,0.10398
9376.95374,0.10371
9373.09650,0.10335
9369.23925,0.10331
9365.38201,0.10377
9361.52477,0.10420
9357.66753,0.10424
9353.81029,0.10430
9349.95305,0.10448
9346.09581,0.10449
9342.23856,0.10434
9338.38132,0.10412
9334.52408,0.10395
9330.66684,0.10401
9326.80960,0.10424
9322.95236,0.10440
9319.09512,0.10442
9315.23788,0.10451
9311.38063,0.10470
9307.52339,0.10477
9303.66615,0.10473
9299.80891,0.10464
9295.95167,0.10443
9292.09443,0.10410
9288.23719,0.10393
9284.37994,0.10391
9280.52270,0.10384
9276.66546,0.10379
9272.80822,0.10389
9268.95098,0.10405
9265.09374,0.10413
9261.23650,0.10416
9257.37925,0.10420
9253.52201,0.10418
9249.66477,0.10405
9245.80753,0.10391
9241.95029,0.10383
9238.09305,0.10394
9234.23581,0.10421
9230.37857,0.10445
9226.52132,0.10451
9222.66408,0.10441
9218.80684,0.10432
9214.94960,0.10421
9211.09236,0.10411
9207.23512,0.10412
9203.37788,0.10408
9199.52063,0.10399
9195.66339,0.10401
9191.80615,0.10408
9187.94891,0.10412
9184.09167,0.10416
9180.23443,0.10432
9176.37719,0.10439
9172.51995,0.10411
9168.66270,0.10381
9164.80546,0.10388
9160.94822,0.10403
9157.09098,0.10389
9153.23374,0.10380
9149.37650,0.10406
9145.51926,0.10438
9141.66201,0.10442
9137.80477,0.10428
9133.94753,0.10433
9130.09029,0.10450
9126.23305,0.10455
9122.37581,0.10456
9118.51857,0.10456
9114.66132,0.10443
9110.80408,0.10433
9106.94684,0.10447
9103.08960,0.10463
9099.23236,0.10460
9095.37512,0.10446
9091.51788,0.10449
9087.66064,0.10472
9083.80339,0.10488
9079.94615,0.10493
9076.08891,0.10501
9072.23167,0.10508
9068.37443,0.10512
9064.51719,0.10513
9060.65995,0.10512
9056.80270,0.10513
9052.94546,0.10517
9049.08822,0.10519
9045.23098,0.10526
9041.37374,0.10540
9037.51650,0.10540
9033.65926,0.10534
9029.80201,0.10532
9025.94477,0.10535
9022.08753,0.10565
9018.23029,0.10629
9014.37305,0.10690
9010.51581,0.10713
9006.65857,0.10715
9002.80133,0.10733
8998.94408,0.10764
8995.08684,0.10782
8991.22960,0.10792
8987.37236,0.10814
8983.51512,0.10843
8979.65788,0.10871
8975.80064,0.10907
8971.94339,0.10956
8968.08615,0.11013
8964.22891,0.11067
8960.37167,0.11112
8956.51443,0.11153
8952.65719,0.11199
8948.79995,0.11258
8944.94271,0.11324
8941.08546,0.11384
8937.22822,0.11440
8933.37098,0.11515
8929.51374,0.11616
8925.65650,0.11706
8921.79926,0.11751
8917.94202,0.11789
8914.08477,0.11862
8910.22753,0.11972
8906.37029,0.12093
8902.51305,0.12205
8898.65581,0.12309
8894.79857,0.12420
8890.94133,0.12543
8887.08408,0.12655
8883.22684,0.12743
8879.36960,0.12824
8875.51236,0.12922
8871.65512,0.13025
8867.79788,0.13099
8863.94064,0.13127
8860.08340,0.13134
8856.22615,0.13142
8852.36891,0.13135
8848.51167,0.13091
8844.65443,0.13026
8840.79719,0.12978
8836.93995,0.12949
8833.08271,0.12907
8829.22546,0.12845
8825.36822,0.12784
8821.51098,0.12720
8817.65374,0.12624
8813.79650,0.12502
8809.93926,0.12401
8806.08202,0.12330
8802.22477,0.12242
8798.36753,0.12127
8794.51029,0.12025
8790.65305,0.11944
8786.79581,0.11865
8782.93857,0.11773
8779.08133,0.11674
8775.22409,0.11595
8771.36684,0.11544
8767.50960,0.11503
8763.65236,0.11462
8759.79512,0.11423
8755.93788,0.11390
8752.08064,0.11376
8748.22340,0.11376
8744.36615,0.11359
8740.50891,0.11330
8736.65167,0.11323
8732.79443,0.11334
8728.93719,0.11337
8725.07995,0.11326
8721.22271,0.11313
8717.36547,0.11302
8713.50822,0.11310
8709.65098,0.11342
8705.79374,0.11380
8701.93650,0.11408
8698.07926,0.11417
8694.22202,0.11416
8690.36478,0.11423
8686.50753,0.11441
8682.65029,0.11474
8678.79305,0.11509
8674.93581,0.11519
8671.07857,0.11517
8667.22133,0.11532
8663.36409,0.11558
8659.50684,0.11574
8655.64960,0.11593
8651.79236,0.11633
8647.93512,0.11678
8644.07788,0.11702
8640.22064,0.11718
8636.36340,0.11729
8632.50616,0.11734
8628.64891,0.11759
8624.79167,0.11807
8620.93443,0.11848
8617.07719,0.11875
8613.21995,0.11897
8609.36271,0.11920
8605.50547,0.11943
8601.64822,0.11969
8597.79098,0.12001
8593.93374,0.12037
8590.07650,0.12077
8586.21926,0.12105
8582.36202,0.12119
8578.50478,0.12143
8574.64753,0.12177
8570.79029,0.12197
8566.93305,0.12202
8563.07581,0.12205
8559.21857,0.12219
8555.36133,0.12250
8551.50409,0.12284
8547.64685,0.12314
8543.78960,0.12344
8539.93236,0.12372
8536.07512,0.12391
8532.21788,0.12406
8528.36064,0.12433
8524.50340,0.12474
8520.64616,0.12516
8516.78891,0.12543
8512.93167,0.12555
8509.07443,0.12560
8505.21719,0.12561
8501.35995,0.12553
8497.50271,0.12548
8493.64547,0.12556
8489.78822,0.12573
8485.93098,0.12587
8482.07374,0.12583
8478.21650,0.12568
8474.35926,0.12562
8470.50202,0.12571
8466.64478,0.12574
8462.78754,0.12563
8458.93029,0.12550
8455.07305,0.12538
8451.21581,0.12517
8447.35857,0.12488
8443.50133,0.12464
8439.64409,0.12447
8435.78685,0.12438
8431.92960,0.12437
8428.07236,0.12437
8424.21512,0.12439
8420.35788,0.12437
8416.50064,0.12413
8412.64340,0.12386
8408.78616,0.12375
8404.92892,0.12362
8401.07167,0.12342
8397.21443,0.12324
8393.35719,0.12307
8389.49995,0.12294
8385.64271,0.12283
8381.78547,0.12268
8377.92823,0.12252
8374.07098,0.12246
8370.21374,0.12241
8366.35650,0.12231
8362.49926,0.12221
8358.64202,0.12213
8354.78478,0.12211
8350.92754,0.12214
8347.07029,0.12214
8343.21305,0.12209
8339.35581,0.12199
8335.49857,0.12185
8331.64133,0.12173
8327.78409,0.12156
8323.92685,0.12136
8320.06961,0.12126
8316.21236,0.12124
8312.35512,0.12129
8308.49788,0.12149
8304.64064,0.12163
8300.78340,0.12157
8296.92616,0.12149
8293.06892,0.12148
8289.21167,0.12142
8285.35443,0.12135
8281.49719,0.12136
8277.63995,0.12137
8273.78271,0.12127
8269.92547,0.12116
8266.06823,0.12105
8262.21098,0.12099
8258.35374,0.12107
8254.49650,0.12122
8250.63926,0.12139
8246.78202,0.12152
8242.92478,0.12154
8239.06754,0.12144
8235.21030,0.12142
8231.35305,0.12154
8227.49581,0.12160
8223.63857,0.12155
8219.78133,0.12151
8215.92409,0.12152
8212.06685,0.12149
8208.20961,0.12134
8204.35236,0.12106
8200.49512,0.12088
8196.63788,0.12095
8192.78064,0.12103
8188.92340,0.12093
8185.06616,0.12069
8181.20892,0.12044
8177.35168,0.12026
8173.49443,0.12016
8169.63719,0.12007
8165.77995,0.11998
8161.92271,0.11999
8158.06547,0.12000
8154.20823,0.11980
8150.35099,0.11947
8146.49374,0.11927
8142.63650,0.11926
8138.77926,0.11934
8134.92202,0.11935
8131.06478,0.11922
8127.20754,0.11898
8123.35030,0.11869
8119.49305,0.11844
8115.63581,0.11834
8111.77857,0.11832
8107.92133,0.11816
8104.06409,0.11790
8100.20685,0.11773
8096.34961,0.11769
8092.49237,0.11762
8088.63512,0.11745
8084.77788,0.11726
8080.92064,0.11710
8077.06340,0.11692
8073.20616,0.11669
8069.34892,0.11649
8065.49168,0.11638
8061.63443,0.11626
8057.77719,0.11608
8053.91995,0.11592
8050.06271,0.11584
8046.20547,0.11574
8042.34823,0.11560
8038.49099,0.11553
8034.63374,0.11554
8030.77650,0.11545
8026.91926,0.11526
8023.06202,0.11521
8019.20478,0.11531
8015.34754,0.11531
8011.49030,0.11511
8007.63306,0.11489
8003.77581,0.11477
7999.91857,0.11470
7996.06133,0.11461
7992.20409,0.11446
7988.34685,0.11438
7984.48961,0.11430
7980.63237,0.11415
7976.77512,0.11411
7972.91788,0.11423
7969.06064,0.11431
7965.20340,0.11436
7961.34616,0.11439
7957.48892,0.11429
7953.63168,0.11416
7949.77444,0.11414
7945.91719,0.11413
7942.05995,0.11403
7938.20271,0.11392
7934.34547,0.11386
7930.48823,0.11378
7926.63099,0.11373
7922.77375,0.11375
7918.91650,0.11378
7915.05926,0.11380
7911.20202,0.11379
7907.34478,0.11378
7903.48754,0.11382
7899.63030,0.11387
7895.77306,0.11392
7891.91581,0.11397
7888.05857,0.11403
7884.20133,0.11419
7880.34409,0.11433
7876.48685,0.11428
7872.62961,0.11422
7868.77237,0.11429
7864.91513,0.11432
7861.05788,0.11414
7857.20064,0.11395
7853.34340,0.11398
7849.48616,0.11403
7845.62892,0.11389
7841.77168,0.11370
7837.91444,0.11361
7834.05719,0.11348
7830.19995,0.11324
7826.34271,0.11310
7822.48547,0.11304
7818.62823,0.11290
7814.77099,0.11283
7810.91375,0.11297
7807.05650,0.11320
7803.19926,0.11332
7799.34202,0.11326
7795.48478,0.11301
7791.62754,0.11267
7787.77030,0.11256
7783.91306,0.11258
7780.05582,0.11242
7776.19857,0.11231
7772.34133,0.11239
7768.48409,0.11235
7764.62685,0.11219
7760.76961,0.11216
7756.91237,0.11213
7753.05513,0.11194
7749.19788,0.11174
7745.34064,0.11161
7741.48340,0.11144
7737.62616,0.11125
7733.76892,0.11117
7729.91168,0.11115
7726.05444,0.11102
7722.19720,0.11079
7718.33995,0.11060
7714.48271,0.11053
7710.62547,0.11061
7706.76823,0.11068
7702.91099,0.11053
7699.05375,0.11027
7695.19651,0.11009
7691.33926,0.10998
7687.48202,0.10992
7683.62478,0.11005
7679.76754,0.11032
7675.91030,0.11049
7672.05306,0.11044
7668.19582,0.11032
7664.33857,0.11029
7660.48133,0.11028
7656.62409,0.11026
7652.76685,0.11031
7648.90961,0.11042
7645.05237,0.11055
7641.19513,0.11060
7637.33789,0.11060
7633.48064,0.11063
7629.62340,0.11061
7625.76616,0.11053
7621.90892,0.11056
7618.05168,0.11074
7614.19444,0.11094
7610.33720,0.11109
7606.47995,0.11130
7602.62271,0.11150
7598.76547,0.11149
7594.90823,0.11138
7591.05099,0.11128
7587.19375,0.11117
7583.33651,0.11115
7579.47926,0.11133
7575.62202,0.11159
7571.76478,0.11172
7567.90754,0.11183
7564.05030,0.11206
7560.19306,0.11231
7556.33582,0.11254
7552.47858,0.11277
7548.62133,0.11295
7544.76409,0.11309
7540.90685,0.11326
7537.04961,0.11346
7533.19237,0.11368
7529.33513,0.11383
7525.47789,0.11387
7521.62064,0.11397
7517.76340,0.11421
7513.90616,0.11445
7510.04892,0.11462
7506.19168,0.11483
7502.33444,0.11505
7498.47720,0.11521
7494.61996,0.11541
7490.76271,0.11568
7486.90547,0.11588
7483.04823,0.11609
7479.19099,0.11645
7475.33375,0.11691
7471.47651,0.11735
7467.61927,0.11770
7463.76202,0.11807
7459.90478,0.11863
7456.04754,0.11931
7452.19030,0.11993
7448.33306,0.12053
7444.47582,0.12120
7440.61858,0.12192
7436.76133,0.12267
7432.90409,0.12346
7429.04685,0.12433
7425.18961,0.12525
7421.33237,0.12616
7417.47513,0.12699
7413.61789,0.12771
7409.76065,0.12842
7405.90340,0.12925
7402.04616,0.13010
7398.18892,0.13090
7394.33168,0.13171
7390.47444,0.13265
7386.61720,0.13368
7382.75996,0.13474
7378.90271,0.13576
7375.04547,0.13674
7371.18823,0.13772
7367.33099,0.13872
7363.47375,0.13966
7359.61651,0.14047
7355.75927,0.14124
7351.90202,0.14208
7348.04478,0.14299
7344.18754,0.14376
7340.33030,0.14426
7336.47306,0.14467
7332.61582,0.14522
7328.75858,0.14585
7324.90134,0.14633
7321.04409,0.14658
7317.18685,0.14676
7313.32961,0.14697
7309.47237,0.14715
7305.61513,0.14729
7301.75789,0.14748
7297.90065,0.14774
7294.04340,0.14798
7290.18616,0.14817
7286.32892,0.14838
7282.47168,0.14867
7278.61444,0.14898
7274.75720,0.14926
7270.89996,0.14956
7267.04272,0.14995
7263.18547,0.15038
7259.32823,0.15076
7255.47099,0.15106
7251.61375,0.15132
7247.75651,0.15157
7243.89927,0.15187
7240.04203,0.15219
7236.18478,0.15243
7232.32754,0.15258
7228.47030,0.15269
7224.61306,0.15284
7220.75582,0.15300
7216.89858,0.15316
7213.04134,0.15336
7209.18409,0.15353
7205.32685,0.15360
7201.46961,0.15367
7197.61237,0.15381
7193.75513,0.15400
7189.89789,0.15427
7186.04065,0.15461
7182.18341,0.15497
7178.32616,0.15532
7174.46892,0.15576
7170.61168,0.15635
7166.75444,0.15695
7162.89720,0.15754
7159.03996,0.15822
7155.18272,0.15900
7151.32547,0.15990
7147.46823,0.16094
7143.61099,0.16211
7139.75375,0.16329
7135.89651,0.16434
7132.03927,0.16533
7128.18203,0.16637
7124.32478,0.16752
7120.46754,0.16873
7116.61030,0.16988
7112.75306,0.17095
7108.89582,0.17208
7105.03858,0.17334
7101.18134,0.17459
7097.32410,0.17577
7093.46685,0.17697
7089.60961,0.17826
7085.75237,0.17965
7081.89513,0.18119
7078.03789,0.18282
7074.18065,0.18443
7070.32341,0.18600
7066.46616,0.18758
7062.60892,0.18919
7058.75168,0.19081
7054.89444,0.19235
7051.03720,0.19382
7047.17996,0.19528
7043.32272,0.19668
7039.46548,0.19796
7035.60823,0.19928
7031.75099,0.20070
7027.89375,0.20203
7024.03651,0.20313
7020.17927,0.20406
7016.32203,0.20500
7012.46479,0.20604
7008.60754,0.20708
7004.75030,0.20803
7000.89306,0.20892
6997.03582,0.20981
6993.17858,0.21065
6989.32134,0.21142
6985.46410,0.21217
6981.60685,0.21292
6977.74961,0.21365
6973.89237,0.21433
6970.03513,0.21495
6966.17789,0.21548
6962.32065,0.21598
6958.46341,0.21652
6954.60617,0.21699
6950.74892,0.21731
6946.89168,0.21763
6943.03444,0.21806
6939.17720,0.21850
6935.31996,0.21896
6931.46272,0.21949
6927.60548,0.22003
6923.74823,0.22039
6919.89099,0.22066
6916.03375,0.22106
6912.17651,0.22150
6908.31927,0.22179
6904.46203,0.22206
6900.60479,0.22241
6896.74754,0.22275
6892.89030,0.22316
6889.03306,0.22370
6885.17582,0.22426
6881.31858,0.22479
6877.46134,0.22535
6873.60410,0.22600
6869.74686,0.22670
6865.88961,0.22738
6862.03237,0.22799
6858.17513,0.22855
6854.31789,0.22916
6850.46065,0.22989
6846.60341,0.23065
6842.74617,0.23135
6838.88892,0.23206
6835.03168,0.23283
6831.17444,0.23357
6827.31720,0.23426
6823.45996,0.23500
6819.60272,0.23580
6815.74548,0.23655
6811.88824,0.23727
6808.03099,0.23803
6804.17375,0.23887
6800.31651,0.23976
6796.45927,0.24066
6792.60203,0.24155
6788.74479,0.24242
6784.88755,0.24329
6781.03030,0.24413
6777.17306,0.24495
6773.31582,0.24577
6769.45858,0.24658
6765.60134,0.24726
6761.74410,0.24780
6757.88686,0.24828
6754.02961,0.24868
6750.17237,0.24903
6746.31513,0.24939
6742.45789,0.24972
6738.60065,0.24992
6734.74341,0.25002
6730.88617,0.25016
6727.02893,0.25037
6723.17168,0.25058
6719.31444,0.25074
6715.45720,0.25085
6711.59996,0.25089
6707.74272,0.25086
6703.88548,0.25086
6700.02824,0.25091
6696.17099,0.25095
6692.31375,0.25092
6688.45651,0.25078
6684.59927,0.25057
6680.74203,0.25034
6676.88479,0.25008
6673.02755,0.24986
6669.17030,0.24970
6665.31306,0.24949
6661.45582,0.24913
6657.59858,0.24871
6653.74134,0.24827
6649.88410,0.24781
6646.02686,0.24745
6642.16962,0.24714
6638.31237,0.24671
6634.45513,0.24617
6630.59789,0.24564
6626.74065,0.24513
6622.88341,0.24461
6619.02617,0.24408
6615.16893,0.24354
6611.31168,0.24301
6607.45444,0.24251
6603.59720,0.24201
6599.73996,0.24150
6595.88272,0.24107
6592.02548,0.24074
6588.16824,0.24047
6584.31100,0.24020
6580.45375,0.23993
6576.59651,0.23974
6572.73927,0.23965
6568.88203,0.23960
6565.02479,0.23957
6561.16755,0.23957
6557.31031,0.23962
6553.45306,0.23970
6549.59582,0.23977
6545.73858,0.23983
6541.88134,0.23997
6538.02410,0.24012
6534.16686,0.24025
6530.30962,0.24044
6526.45237,0.24065
6522.59513,0.24078
6518.73789,0.24087
6514.88065,0.24096
6511.02341,0.24109
6507.16617,0.24121
6503.30893,0.24134
6499.45169,0.24143
6495.59444,0.24143
6491.73720,0.24142
6487.87996,0.24146
6484.02272,0.24150
6480.16548,0.24149
6476.30824,0.24139
6472.45100,0.24125
6468.59375,0.24113
6464.73651,0.24100
6460.87927,0.24083
6457.02203,0.24063
6453.16479,0.24036
6449.30755,0.24005
6445.45031,0.23979
6441.59306,0.23952
6437.73582,0.23914
6433.87858,0.23871
6430.02134,0.23834
6426.16410,0.23800
6422.30686,0.23762
6418.44962,0.23723
6414.59238,0.23686
6410.73513,0.23651
6406.87789,0.23617
6403.02065,0.23590
6399.16341,0.23571
6395.30617,0.23559
6391.44893,0.23550
6387.59169,0.23541
6383.73444,0.23526
6379.87720,0.23504
6376.01996,0.23479
6372.16272,0.23455
6368.30548,0.23429
6364.44824,0.23402
6360.59100,0.23380
6356.73376,0.23364
6352.87651,0.23352
6349.01927,0.23346
6345.16203,0.23346
6341.30479,0.23347
6337.44755,0.23345
6333.59031,0.23340
6329.73307,0.23336
6325.87582,0.23334
6322.01858,0.23330
6318.16134,0.23327
6314.30410,0.23322
6310.44686,0.23312
6306.58962,0.23298
6302.73238,0.23276
6298.87513,0.23244
6295.01789,0.23211
6291.16065,0.23180
6287.30341,0.23136
6283.44617,0.23073
6279.58893,0.23003
6275.73169,0.22935
6271.87445,0.22866
6268.01720,0.22791
6264.15996,0.22717
6260.30272,0.22644
6256.44548,0.22564
6252.58824,0.22474
6248.73100,0.22380
6244.87376,0.22292
6241.01651,0.22208
6237.15927,0.22114
6233.30203,0.22011
6229.44479,0.21916
6225.58755,0.21834
6221.73031,0.21759
6217.87307,0.21705
6214.01582,0.21684
6210.15858,0.21690
6206.30134,0.21719
6202.44410,0.21769
6198.58686,0.21809
6194.72962,0.21795
6190.87238,0.21717
6187.01514,0.21593
6183.15789,0.21447
6179.30065,0.21307
6175.44341,0.21193
6171.58617,0.21110
6167.72893,0.21058
6163.87169,0.21042
6160.01445,0.21055
6156.15720,0.21096
6152.29996,0.21157
6148.44272,0.21215
6144.58548,0.21250
6140.72824,0.21258
6136.87100,0.21240
6133.01376,0.21208
6129.15652,0.21198
6125.29927,0.21240
6121.44203,0.21352
6117.58479,0.21541
6113.72755,0.21812
6109.87031,0.22160
6106.01307,0.22571
6102.15583,0.23037
6098.29858,0.23546
6094.44134,0.24079
6090.58410,0.24611
6086.72686,0.25121
6082.86962,0.25594
6079.01238,0.26041
6075.15514,0.26510
6071.29789,0.27059
6067.44065,0.27711
6063.58341,0.28431
6059.72617,0.29144
6055.86893,0.29783
6052.01169,0.30327
6048.15445,0.30810
6044.29721,0.31285
6040.43996,0.31795
6036.58272,0.32362
6032.72548,0.32971
6028.86824,0.33566
6025.01100,0.34046
6021.15376,0.34308
6017.29652,0.34284
6013.43927,0.33970
6009.58203,0.33400
6005.72479,0.32640
6001.86755,0.31790
5998.01031,0.30954
5994.15307,0.30213
5990.29583,0.29615
5986.43858,0.29184
5982.58134,0.28890
5978.72410,0.28652
5974.86686,0.28374
5971.00962,0.28004
5967.15238,0.27580
5963.29514,0.27190
5959.43790,0.26899
5955.58065,0.26718
5951.72341,0.26627
5947.86617,0.26586
5944.00893,0.26528
5940.15169,0.26378
5936.29445,0.26093
5932.43721,0.25694
5928.57996,0.25233
5924.72272,0.24764
5920.86548,0.24324
5917.00824,0.23936
5913.15100,0.23614
5909.29376,0.23380
5905.43652,0.23249
5901.57927,0.23239
5897.72203,0.23342
5893.86479,0.23531
5890.00755,0.23780
5886.15031,0.24059
5882.29307,0.24337
5878.43583,0.24593
5874.57859,0.24818
5870.72134,0.25007
5866.86410,0.25151
5863.00686,0.25231
5859.14962,0.25239
5855.29238,0.25189
5851.43514,0.25107
5847.57790,0.25020
5843.72065,0.24945
5839.86341,0.24894
5836.00617,0.24870
5832.14893,0.24872
5828.29169,0.24894
5824.43445,0.24923
5820.57721,0.24952
5816.71997,0.24984
5812.86272,0.25009
5809.00548,0.25013
5805.14824,0.24998
5801.29100,0.24970
5797.43376,0.24933
5793.57652,0.24895
5789.71928,0.24864
5785.86203,0.24834
5782.00479,0.24797
5778.14755,0.24745
5774.29031,0.24673
5770.43307,0.24583
5766.57583,0.24481
5762.71859,0.24363
5758.86134,0.24222
5755.00410,0.24054
5751.14686,0.23864
5747.28962,0.23661
5743.43238,0.23453
5739.57514,0.23253
5735.71790,0.23069
5731.86066,0.22916
5728.00341,0.22802
5724.14617,0.22730
5720.28893,0.22702
5716.43169,0.22711
5712.57445,0.22737
5708.71721,0.22759
5704.85997,0.22763
5701.00272,0.22742
5697.14548,0.22705
5693.28824,0.22664
5689.43100,0.22621
5685.57376,0.22577
5681.71652,0.22544
5677.85928,0.22526
5674.00203,0.22527
5670.14479,0.22551
5666.28755,0.22597
5662.43031,0.22653
5658.57307,0.22698
5654.71583,0.22715
5650.85859,0.22698
5647.00135,0.22647
5643.14410,0.22564
5639.28686,0.22457
5635.42962,0.22342
5631.57238,0.22233
5627.71514,0.22138
5623.85790,0.22063
5620.00066,0.22007
5616.14341,0.21969
5612.28617,0.21952
5608.42893,0.21955
5604.57169,0.21976
5600.71445,0.22009
5596.85721,0.22048
5592.99997,0.22096
5589.14273,0.22152
5585.28548,0.22210
5581.42824,0.22273
5577.57100,0.22347
5573.71376,0.22419
5569.85652,0.22473
5565.99928,0.22504
5562.14204,0.22516
5558.28479,0.22519
5554.42755,0.22513
5550.57031,0.22502
5546.71307,0.22496
5542.85583,0.22501
5538.99859,0.22509
5535.14135,0.22507
5531.28410,0.22495
5527.42686,0.22476
5523.56962,0.22448
5519.71238,0.22413
5515.85514,0.22378
5511.99790,0.22346
5508.14066,0.22323
5504.28342,0.22320
5500.42617,0.22342
5496.56893,0.22386
5492.71169,0.22452
5488.85445,0.22525
5484.99721,0.22581
5481.13997,0.22607
5477.28273,0.22600
5473.42548,0.22567
5469.56824,0.22515
5465.71100,0.22442
5461.85376,0.22345
5457.99652,0.22234
5454.13928,0.22112
5450.28204,0.21970
5446.42479,0.21805
5442.56755,0.21630
5438.71031,0.21466
5434.85307,0.21313
5430.99583,0.21169
5427.13859,0.21046
5423.28135,0.20954
5419.42411,0.20884
5415.56686,0.20827
5411.70962,0.20784
5407.85238,0.20760
5403.99514,0.20747
5400.13790,0.20735
5396.28066,0.20720
5392.42342,0.20701
5388.56617,0.20689
5384.70893,0.20690
5380.85169,0.20700
5376.99445,0.20724
5373.13721,0.20758
5369.27997,0.20799
5365.42273,0.20847
5361.56549,0.20905
5357.70824,0.20966
5353.85100,0.21026
5349.99376,0.21074
5346.13652,0.21106
5342.27928,0.21132
5338.42204,0.21159
5334.56480,0.21196
5330.70755,0.21246
5326.85031,0.21317
5322.99307,0.21416
5319.13583,0.21546
5315.27859,0.21706
5311.42135,0.21894
5307.56411,0.22124
5303.70686,0.22397
5299.84962,0.22696
5295.99238,0.23021
5292.13514,0.23396
5288.27790,0.23838
5284.42066,0.24338
5280.56342,0.24888
5276.70618,0.25481
5272.84893,0.26095
5268.99169,0.26717
5265.13445,0.27339
5261.27721,0.27934
5257.41997,0.28464
5253.56273,0.28929
5249.70549,0.29341
5245.84824,0.29706
5241.99100,0.30021
5238.13376,0.30279
5234.27652,0.30492
5230.41928,0.30673
5226.56204,0.30833
5222.70480,0.30969
5218.84755,0.31076
5214.99031,0.31159
5211.13307,0.31224
5207.27583,0.31276
5203.41859,0.31319
5199.56135,0.31360
5195.70411,0.31396
5191.84687,0.31426
5187.98962,0.31451
5184.13238,0.31470
5180.27514,0.31477
5176.41790,0.31475
5172.56066,0.31467
5168.70342,0.31452
5164.84618,0.31434
5160.98893,0.31418
5157.13169,0.31404
5153.27445,0.31391
5149.41721,0.31377
5145.55997,0.31355
5141.70273,0.31329
5137.84549,0.31306
5133.98825,0.31287
5130.13100,0.31272
5126.27376,0.31251
5122.41652,0.31196
5118.55928,0.31081
5114.70204,0.30889
5110.84480,0.30626
5106.98756,0.30321
5103.13031,0.29999
5099.27307,0.29678
5095.41583,0.29371
5091.55859,0.29090
5087.70135,0.28837
5083.84411,0.28609
5079.98687,0.28398
5076.12962,0.28205
5072.27238,0.28028
5068.41514,0.27860
5064.55790,0.27699
5060.70066,0.27548
5056.84342,0.27407
5052.98618,0.27280
5049.12894,0.27167
5045.27169,0.27063
5041.41445,0.26963
5037.55721,0.26870
5033.69997,0.26782
5029.84273,0.26698
5025.98549,0.26620
5022.12825,0.26547
5018.27100,0.26479
5014.41376,0.26415
5010.55652,0.26354
5006.69928,0.26292
5002.84204,0.26225
4998.98480,0.26159
4995.12756,0.26101
4991.27031,0.26054
4987.41307,0.26019
4983.55583,0.25996
4979.69859,0.25993
4975.84135,0.26013
4971.98411,0.26056
4968.12687,0.26129
4964.26963,0.26228
4960.41238,0.26350
4956.55514,0.26489
4952.69790,0.26649
4948.84066,0.26830
4944.98342,0.27027
4941.12618,0.27234
4937.26894,0.27445
4933.41169,0.27664
4929.55445,0.27893
4925.69721,0.28135
4921.83997,0.28396
4917.98273,0.28676
4914.12549,0.28971
4910.26825,0.29277
4906.41101,0.29593
4902.55376,0.29917
4898.69652,0.30253
4894.83928,0.30607
4890.98204,0.30974
4887.12480,0.31347
4883.26756,0.31718
4879.41032,0.32089
4875.55307,0.32461
4871.69583,0.32825
4867.83859,0.33175
4863.98135,0.33510
4860.12411,0.33829
4856.26687,0.34141
4852.40963,0.34466
4848.55238,0.34823
4844.69514,0.35207
4840.83790,0.35611
4836.98066,0.36041
4833.12342,0.36493
4829.26618,0.36947
4825.40894,0.37386
4821.55170,0.37801
4817.69445,0.38190
4813.83721,0.38552
4809.97997,0.38888
4806.12273,0.39192
4802.26549,0.39454
4798.40825,0.39671
4794.55101,0.39839
4790.69376,0.39955
4786.83652,0.40026
4782.97928,0.40067
4779.12204,0.40095
4775.26480,0.40129
4771.40756,0.40179
4767.55032,0.40266
4763.69307,0.40410
4759.83583,0.40614
4755.97859,0.40862
4752.12135,0.41132
4748.26411,0.41408
4744.40687,0.41675
4740.54963,0.41929
4736.69239,0.42204
4732.83514,0.42550
4728.97790,0.42985
4725.12066,0.43443
4721.26342,0.43798
4717.40618,0.43974
4713.54894,0.44028
4709.69170,0.44122
4705.83445,0.44403
4701.97721,0.44911
4698.11997,0.45545
4694.26273,0.46079
4690.40549,0.46271
4686.54825,0.45990
4682.69101,0.45275
4678.83377,0.44295
4674.97652,0.43269
4671.11928,0.42392
4667.26204,0.41764
4663.40480,0.41376
4659.54756,0.41160
4655.69032,0.41090
4651.83308,0.41217
4647.97583,0.41592
4644.11859,0.42160
4640.26135,0.42732
4636.40411,0.43051
4632.54687,0.42888
4628.68963,0.42176
4624.83239,0.41088
4620.97514,0.39931
4617.11790,0.38950
4613.26066,0.38241
4609.40342,0.37805
4605.54618,0.37631
4601.68894,0.37712
4597.83170,0.37990
4593.97446,0.38329
4590.11721,0.38612
4586.25997,0.38840
4582.40273,0.38992
4578.54549,0.38880
4574.68825,0.38333
4570.83101,0.37440
4566.97377,0.36490
4563.11652,0.35727
4559.25928,0.35232
4555.40204,0.34960
4551.54480,0.34823
4547.68756,0.34744
4543.83032,0.34681
4539.97308,0.34624
4536.11583,0.34589
4532.25859,0.34596
4528.40135,0.34659
4524.54411,0.34785
4520.68687,0.34983
4516.82963,0.35259
4512.97239,0.35624
4509.11515,0.36116
4505.25790,0.36781
4501.40066,0.37636
4497.54342,0.38637
4493.68618,0.39673
4489.82894,0.40591
4485.97170,0.41309
4482.11446,0.41909
4478.25721,0.42569
4474.39997,0.43449
4470.54273,0.44648
4466.68549,0.46153
4462.82825,0.47748
4458.97101,0.49058
4455.11377,0.49865
4451.25653,0.50336
4447.39928,0.50791
4443.54204,0.51361
4439.68480,0.51961
4435.82756,0.52424
4431.97032,0.52595
4428.11308,0.52399
4424.25584,0.51922
4420.39859,0.51394
4416.54135,0.51055
4412.68411,0.51008
4408.82687,0.51158
4404.96963,0.51285
4401.11239,0.51206
4397.25515,0.50875
4393.39790,0.50374
4389.54066,0.49827
4385.68342,0.49333
4381.82618,0.48940
4377.96894,0.48667
4374.11170,0.48508
4370.25446,0.48464
4366.39722,0.48540
4362.53997,0.48706
4358.68273,0.48890
4354.82549,0.49048
4350.96825,0.49212
4347.11101,0.49445
4343.25377,0.49758
4339.39653,0.50091
4335.53928,0.50374
4331.68204,0.50596
4327.82480,0.50807
4323.96756,0.51047
4320.11032,0.51342
4316.25308,0.51714
4312.39584,0.52181
4308.53859,0.52738
4304.68135,0.53350
4300.82411,0.53949
4296.96687,0.54457
4293.10963,0.54817
4289.25239,0.55004
4285.39515,0.55047
4281.53791,0.55012
4277.68066,0.54938
4273.82342,0.54809
4269.96618,0.54599
4266.10894,0.54334
4262.25170,0.54089
4258.39446,0.53933
4254.53722,0.53882
4250.67997,0.53901
4246.82273,0.53916
4242.96549,0.53853
4239.10825,0.53704
4235.25101,0.53533
4231.39377,0.53404
4227.53653,0.53297
4223.67929,0.53132
4219.82204,0.52865
4215.96480,0.52533
4212.10756,0.52214
4208.25032,0.51946
4204.39308,0.51717
4200.53584,0.51524
4196.67860,0.51428
4192.82135,0.51505
4188.96411,0.51793
4185.10687,0.52259
4181.24963,0.52746
4177.39239,0.52985
4173.53515,0.52778
4169.67791,0.52187
4165.82066,0.51464
4161.96342,0.50846
4158.10618,0.50433
4154.24894,0.50231
4150.39170,0.50227
4146.53446,0.50417
4142.67722,0.50776
4138.81998,0.51241
4134.96273,0.51713
4131.10549,0.52100
4127.24825,0.52407
4123.39101,0.52724
4119.53377,0.53140
4115.67653,0.53714
4111.81929,0.54492
4107.96204,0.55509
4104.10480,0.56825
4100.24756,0.58529
4096.39032,0.60508
4092.53308,0.62175
4088.67584,0.62833
4084.81860,0.62357
4080.96135,0.61158
4077.10411,0.59739
4073.24687,0.58518
4069.38963,0.57707
4065.53239,0.57280
4061.67515,0.57112
4057.81791,0.57117
4053.96067,0.57238
4050.10342,0.57410
4046.24618,0.57569
4042.38894,0.57675
4038.53170,0.57725
4034.67446,0.57753
4030.81722,0.57784
4026.95998,0.57817
4023.10273,0.57831
4019.24549,0.57818
4015.38825,0.57761
4011.53101,0.57633
4007.67377,0.57449
4003.81653,0.57233
3999.95929,0.56975
3996.10205,0.56669
3992.24480,0.56357
3988.38756,0.56088
3984.53032,0.55877
3980.67308,0.55709
3976.81584,0.55564
3972.95860,0.55407
3969.10136,0.55196
3965.24411,0.54928
3961.38687,0.54635
3957.52963,0.54348
3953.67239,0.54062
3949.81515,0.53761
3945.95791,0.53455
3942.10067,0.53165
3938.24342,0.52911
3934.38618,0.52687
3930.52894,0.52482
3926.67170,0.52299
3922.81446,0.52129
3918.95722,0.51941
3915.09998,0.51726
3911.24274,0.51492
3907.38549,0.51206
3903.52825,0.50821
3899.67101,0.50403
3895.81377,0.50045
3891.95653,0.49725
3888.09929,0.49449
3884.24205,0.49233
3880.38480,0.49061
3876.52756,0.48889
3872.67032,0.48658
3868.81308,0.48349
3864.95584,0.48017
3861.09860,0.47720
3857.24136,0.47442
3853.38411,0.47139
3849.52687,0.46912
3845.66963,0.46782
3841.81239,0.46663
3837.95515,0.46559
3834.09791,0.46514
3830.24067,0.46507
3826.38343,0.46521
3822.52618,0.46610
3818.66894,0.46863
3814.81170,0.47215
3810.95446,0.47490
3807.09722,0.47620
3803.23998,0.47573
3799.38274,0.47368
3795.52549,0.47130
3791.66825,0.46968
3787.81101,0.46905
3783.95377,0.46943
3780.09653,0.47095
3776.23929,0.47326
3772.38205,0.47590
3768.52481,0.47913
3764.66756,0.48286
3760.81032,0.48600
3756.95308,0.48712
3753.09584,0.48525
3749.23860,0.48154
3745.38136,0.47957
3741.52412,0.48075
3737.66687,0.48429
3733.80963,0.48903
3729.95239,0.49202
3726.09515,0.49273
3722.23791,0.49341
3718.38067,0.49560
3714.52343,0.49975
3710.66618,0.50687
3706.80894,0.51648
3702.95170,0.52785
3699.09446,0.54145
3695.23722,0.55687
3691.37998,0.57684
3687.52274,0.60050
3683.66550,0.61739
3679.80825,0.62809
3675.95101,0.64047
3672.09377,0.65903
3668.23653,0.68017
3664.37929,0.69931
3660.52205,0.71720
3656.66481,0.73540
3652.80756,0.75352
3648.95032,0.77272
3645.09308,0.79158
3641.23584,0.80614
3637.37860,0.81869
3633.52136,0.82967
3629.66412,0.83814
3625.80687,0.84570
3621.94963,0.85178
3618.09239,0.85683
3614.23515,0.86281
3610.37791,0.87216
3606.52067,0.88146
3602.66343,0.88690
3598.80619,0.89151
